0 0.010286 0.363194 0.016406 0.012500
0 0.092318 0.373380 0.018490 0.014352
0 0.096484 0.305556 0.016406 0.014815
2 0.105078 0.329398 0.042969 0.021759
0 0.212109 0.316667 0.017969 0.013889
0 0.262500 0.297454 0.017188 0.014352
0 0.255859 0.342824 0.015885 0.012500
0 0.313802 0.325000 0.016146 0.013889
0 0.319531 0.350231 0.016667 0.014352
0 0.286198 0.389120 0.017188 0.011574
0 0.376953 0.360417 0.017969 0.015278
2 0.422266 0.301852 0.017448 0.012037
0 0.428906 0.328704 0.017188 0.012963
0 0.437500 0.396991 0.016667 0.014352
0 0.481250 0.378241 0.015625 0.013889
0 0.539062 0.312500 0.015625 0.013889
0 0.592969 0.315509 0.018750 0.014352
0 0.573828 0.373380 0.016406 0.014352
0 0.649740 0.324306 0.018750 0.014352
0 0.712500 0.311343 0.017188 0.014352
0 0.736849 0.332639 0.018490 0.014352
0 0.785156 0.358565 0.019271 0.018056
0 0.792578 0.337500 0.020052 0.015741
0 0.855859 0.357639 0.021615 0.014352
0 0.870052 0.381713 0.015625 0.012500
0 0.823568 0.404861 0.017969 0.012500
0 0.927734 0.301620 0.017969 0.016204
0 0.955859 0.351389 0.018490 0.013889
0 0.963932 0.377315 0.021094 0.014815
0 0.961198 0.487963 0.020313 0.014815
0 0.917188 0.442361 0.017708 0.013426
0 0.940365 0.537037 0.018229 0.012037
0 0.850521 0.492361 0.016146 0.015278
0 0.722005 0.513426 0.016927 0.018519
0 0.698438 0.542130 0.017188 0.015741
0 0.667708 0.490046 0.018750 0.015278
0 0.660417 0.511111 0.018229 0.013889
0 0.637630 0.542593 0.015365 0.012963
0 0.558073 0.535648 0.017188 0.012963
0 0.522005 0.465972 0.017969 0.013426
0 0.362630 0.433796 0.017448 0.013889
0 0.396094 0.481250 0.014063 0.015278
0 0.401042 0.524769 0.014063 0.012500
0 0.315234 0.494676 0.015885 0.014352
0 0.270703 0.472222 0.017969 0.013889
0 0.211328 0.422222 0.015365 0.014815
0 0.235937 0.490509 0.013542 0.012500
0 0.192578 0.510417 0.017969 0.012500
0 0.164974 0.482870 0.016406 0.012963
0 0.122656 0.435880 0.017708 0.011574
0 0.028776 0.496759 0.020052 0.013889
0 0.091797 0.483565 0.017969 0.012500
0 0.009115 0.137269 0.009896 0.030093
0 0.041927 0.102083 0.014063 0.029167
0 0.049219 0.093981 0.009896 0.025000
0 0.059896 0.084722 0.015104 0.030556
0 0.068880 0.066435 0.016406 0.022685
0 0.071875 0.050694 0.018229 0.021759
0 0.005469 0.466898 0.010417 0.013426
2 0.538802 0.155324 0.026562 0.021759
2 0.489714 0.126157 0.030990 0.017130
2 0.539844 0.079398 0.022396 0.019907
