2 0.050000 0.493056 0.018750 0.011111
0 0.087891 0.437963 0.019531 0.015741
0 0.092578 0.349537 0.016406 0.015741
0 0.097266 0.288889 0.017969 0.016667
0 0.099219 0.311806 0.017188 0.015278
0 0.116146 0.275926 0.017708 0.016667
0 0.173958 0.316667 0.016667 0.013889
0 0.175781 0.359028 0.015625 0.015278
0 0.236589 0.386806 0.016927 0.015278
0 0.241406 0.365972 0.017188 0.015278
0 0.269401 0.295370 0.016927 0.015741
0 0.319531 0.370139 0.015625 0.015278
0 0.331901 0.392361 0.016927 0.015278
0 0.349219 0.351389 0.015625 0.016667
2 0.393359 0.349306 0.016406 0.012500
0 0.441406 0.354861 0.017188 0.015278
0 0.445833 0.375463 0.015104 0.015741
0 0.431250 0.400463 0.012500 0.013889
2 0.528125 0.380556 0.018750 0.013889
0 0.534375 0.360417 0.017188 0.015278
2 0.558984 0.321528 0.019531 0.015278
0 0.601562 0.357176 0.017188 0.016204
0 0.615234 0.382639 0.019531 0.012500
0 0.656641 0.311806 0.014844 0.015278
0 0.684766 0.358333 0.016406 0.011111
0 0.740625 0.359028 0.017188 0.015278
0 0.777344 0.338194 0.014063 0.015278
0 0.754948 0.314120 0.014583 0.014352
0 0.912630 0.303704 0.020052 0.014815
0 0.829036 0.444676 0.019010 0.014352
0 0.910156 0.534028 0.018750 0.015278
0 0.798438 0.537500 0.014063 0.013889
0 0.799349 0.493287 0.019010 0.014352
0 0.752474 0.446759 0.019010 0.013889
0 0.710286 0.510185 0.019010 0.015741
0 0.626302 0.537037 0.018229 0.015741
0 0.543229 0.443981 0.019271 0.015741
0 0.489193 0.531250 0.017448 0.014352
0 0.416406 0.485417 0.018750 0.015278
0 0.414453 0.528241 0.016406 0.015741
0 0.339583 0.520602 0.016667 0.017130
0 0.217839 0.423148 0.016927 0.015741
0 0.238542 0.492361 0.018750 0.016204
0 0.224349 0.512500 0.019010 0.013889
0 0.008464 0.138889 0.010677 0.026852
0 0.042578 0.102778 0.014844 0.029630
0 0.050130 0.095139 0.013802 0.025463
0 0.059505 0.085880 0.017448 0.028241
0 0.068229 0.066435 0.017708 0.019907
0 0.070703 0.050926 0.016406 0.020370
0 0.955990 0.353009 0.020833 0.017130
2 0.486198 0.123611 0.028125 0.015741
2 0.537370 0.155787 0.027344 0.021759
2 0.538151 0.080787 0.021615 0.019907
