0 0.054688 0.286574 0.018750 0.014815
0 0.051042 0.310880 0.018229 0.016204
0 0.044271 0.349074 0.016667 0.015741
0 0.100130 0.338889 0.016927 0.015741
0 0.174219 0.322917 0.015104 0.015278
0 0.227734 0.342824 0.015365 0.014352
0 0.237760 0.301157 0.016667 0.010648
0 0.255990 0.329861 0.015104 0.016204
0 0.324349 0.334722 0.017448 0.014815
0 0.322266 0.366435 0.015885 0.014352
0 0.405729 0.401389 0.016667 0.013889
0 0.475391 0.310880 0.017969 0.013426
0 0.585677 0.361343 0.016667 0.015278
0 0.596484 0.327315 0.017969 0.014815
0 0.681510 0.405324 0.018750 0.014352
0 0.712240 0.350694 0.018750 0.015278
0 0.809505 0.322222 0.017448 0.015741
0 0.933333 0.322685 0.016667 0.012963
0 0.881641 0.437731 0.021094 0.017130
0 0.981250 0.529398 0.019792 0.015278
2 0.927214 0.503241 0.068490 0.023148
2 0.793880 0.536806 0.041927 0.020833
0 0.664974 0.542824 0.015885 0.013426
0 0.606510 0.489815 0.016667 0.015741
0 0.485807 0.455787 0.016406 0.015278
0 0.547005 0.539120 0.017448 0.016204
0 0.473307 0.532176 0.017969 0.014352
0 0.428255 0.509259 0.015885 0.013889
0 0.355990 0.531019 0.012500 0.012037
0 0.345182 0.509028 0.015885 0.013426
0 0.302083 0.459491 0.016667 0.015278
0 0.298568 0.477546 0.017969 0.013426
0 0.262760 0.500000 0.016146 0.014815
2 0.482031 0.123843 0.031250 0.018981
2 0.534115 0.155787 0.030729 0.026389
2 0.533854 0.078472 0.024479 0.019907
0 0.034115 0.111574 0.015104 0.031481
0 0.002734 0.147222 0.004948 0.028704
0 0.042318 0.104167 0.012760 0.029630
0 0.050911 0.091435 0.016406 0.029167
0 0.059896 0.073148 0.017708 0.022222
0 0.063151 0.058102 0.016406 0.020833
