0 0.019922 0.469676 0.016406 0.014352
0 0.032031 0.429167 0.015625 0.016667
0 0.061719 0.372222 0.015625 0.011111
0 0.093490 0.456944 0.018750 0.014815
0 0.111719 0.334722 0.017188 0.016667
0 0.143750 0.420833 0.020313 0.016667
0 0.116927 0.502546 0.017708 0.016204
0 0.221875 0.313194 0.015625 0.015278
0 0.276953 0.368750 0.016406 0.015278
0 0.287891 0.391667 0.016406 0.016667
0 0.261719 0.430093 0.017188 0.014815
0 0.245703 0.513889 0.017969 0.013889
0 0.266667 0.492824 0.016667 0.013426
0 0.287109 0.471759 0.018490 0.012963
0 0.315234 0.517130 0.017969 0.014815
0 0.330078 0.348611 0.017969 0.016667
0 0.365234 0.456481 0.016406 0.014815
0 0.423307 0.351389 0.017448 0.013889
2 0.383724 0.498843 0.046615 0.020833
0 0.397656 0.527083 0.017188 0.015278
0 0.462500 0.399769 0.019271 0.014352
0 0.514714 0.357870 0.018490 0.016667
0 0.561198 0.353704 0.019271 0.015741
2 0.579688 0.380093 0.017188 0.012037
0 0.612370 0.324769 0.017448 0.013426
0 0.682552 0.360185 0.017188 0.014815
0 0.620703 0.444213 0.017969 0.014352
0 0.577604 0.489352 0.016667 0.015741
0 0.714844 0.488194 0.019792 0.012500
0 0.727474 0.466898 0.018490 0.012500
0 0.734505 0.511574 0.019010 0.015741
0 0.769531 0.485185 0.018229 0.012963
0 0.809766 0.352315 0.019531 0.014815
0 0.847266 0.302083 0.019531 0.015278
0 0.827865 0.487963 0.018750 0.015741
0 0.874089 0.445370 0.017448 0.015741
0 0.873828 0.531019 0.017969 0.015741
0 0.960417 0.536111 0.018229 0.012963
2 0.224219 0.467361 0.018750 0.015278
0 0.008854 0.141435 0.012500 0.030093
0 0.043099 0.107407 0.013281 0.034259
0 0.050521 0.098843 0.011458 0.029167
0 0.061068 0.089583 0.021094 0.030093
0 0.069141 0.069213 0.019010 0.020833
0 0.072786 0.054167 0.022135 0.022222
0 0.399479 0.309722 0.018229 0.012963
0 0.990625 0.362269 0.018750 0.015278
2 0.486849 0.125000 0.027865 0.016667
2 0.538411 0.156713 0.026823 0.018981
2 0.539453 0.080787 0.024740 0.020833
