0 0.032682 0.350694 0.015885 0.012500
0 0.086719 0.343287 0.014063 0.014352
0 0.152474 0.335880 0.016927 0.014352
0 0.195312 0.364120 0.016667 0.013426
0 0.214062 0.316204 0.016667 0.013889
0 0.243229 0.331250 0.016667 0.015278
0 0.242839 0.387731 0.017448 0.013426
0 0.296615 0.323611 0.016146 0.013889
0 0.293620 0.369444 0.016927 0.013889
2 0.077214 0.479167 0.062240 0.019444
2 0.083854 0.506019 0.042188 0.020370
0 0.155599 0.465509 0.016406 0.013426
0 0.292448 0.452315 0.017188 0.015741
0 0.314974 0.495833 0.015885 0.014815
0 0.306250 0.518750 0.018750 0.015278
0 0.380469 0.523148 0.016667 0.014815
0 0.373958 0.324306 0.013021 0.015278
0 0.386068 0.351852 0.015365 0.014815
0 0.440495 0.475694 0.018490 0.015278
0 0.439453 0.331250 0.017969 0.015278
0 0.477865 0.443287 0.018229 0.016204
0 0.491667 0.332639 0.013542 0.012500
0 0.536719 0.332639 0.017188 0.013426
0 0.527604 0.464583 0.014583 0.014352
0 0.557943 0.537269 0.017448 0.014352
0 0.576172 0.381250 0.017969 0.012500
0 0.580078 0.403704 0.017969 0.012963
0 0.599479 0.358565 0.018229 0.013426
0 0.601693 0.454167 0.019531 0.016667
0 0.702474 0.537500 0.017448 0.013889
0 0.609245 0.505093 0.018490 0.015741
0 0.732943 0.507870 0.017448 0.015741
0 0.706120 0.313194 0.016927 0.015278
0 0.741016 0.334722 0.019531 0.016667
0 0.783594 0.359028 0.018750 0.015278
0 0.815365 0.332870 0.017708 0.014815
0 0.882161 0.328472 0.018490 0.015278
0 0.894401 0.352315 0.019010 0.017593
0 0.878646 0.376620 0.019271 0.014352
0 0.947656 0.336574 0.020833 0.016667
0 0.980599 0.391204 0.018490 0.014815
0 0.983984 0.456944 0.019531 0.016667
0 0.927734 0.528472 0.021094 0.020833
0 0.848958 0.440741 0.017708 0.013889
0 0.006380 0.139583 0.009115 0.028241
0 0.040104 0.105787 0.013542 0.030093
0 0.047266 0.097454 0.009115 0.028241
0 0.057031 0.086806 0.015625 0.028241
0 0.065365 0.067593 0.015625 0.023148
0 0.069531 0.053472 0.018229 0.021759
2 0.485026 0.124537 0.028385 0.016667
2 0.537500 0.078009 0.023958 0.020833
2 0.536198 0.154630 0.028125 0.021296
