0 0.023828 0.302778 0.017969 0.013889
0 0.087891 0.328472 0.019531 0.018056
0 0.095443 0.374769 0.019010 0.013426
0 0.041406 0.476620 0.017708 0.017130
0 0.018359 0.515972 0.019531 0.015278
2 0.073047 0.461111 0.021094 0.019444
0 0.147656 0.357639 0.017188 0.018056
0 0.140495 0.397685 0.012760 0.014815
0 0.178516 0.452778 0.019531 0.019444
0 0.197526 0.332870 0.013802 0.012963
0 0.281250 0.356713 0.018750 0.016204
0 0.374219 0.361111 0.017188 0.013889
0 0.382812 0.384954 0.015625 0.011574
0 0.327995 0.514583 0.018490 0.015278
0 0.410938 0.369907 0.018750 0.012963
0 0.460156 0.383796 0.015625 0.014815
0 0.454297 0.407639 0.019531 0.015278
0 0.522786 0.331944 0.019010 0.013889
0 0.552344 0.358333 0.015625 0.016667
0 0.569792 0.444213 0.018229 0.016204
0 0.523307 0.533333 0.018490 0.013889
0 0.618229 0.335417 0.019271 0.018056
0 0.650000 0.322685 0.020313 0.014815
0 0.678516 0.358333 0.017969 0.013889
0 0.737240 0.326852 0.017708 0.014815
0 0.742969 0.400000 0.018750 0.016667
0 0.724219 0.441667 0.018750 0.019444
0 0.633203 0.465046 0.017969 0.016204
0 0.789062 0.327083 0.018750 0.015278
2 0.869141 0.455093 0.019531 0.016667
0 0.876693 0.478241 0.015365 0.013889
0 0.920964 0.343056 0.020573 0.017593
0 0.927344 0.317361 0.021875 0.015278
0 0.918490 0.284954 0.019792 0.017130
0 0.955599 0.442593 0.021615 0.015741
0 0.070443 0.075694 0.014323 0.012500
0 0.068099 0.091435 0.016406 0.013426
0 0.057552 0.109491 0.013542 0.021759
0 0.050521 0.119213 0.011458 0.020833
0 0.041016 0.128472 0.011719 0.025463
0 0.008333 0.165509 0.007292 0.028241
0 0.003125 0.454167 0.005729 0.012037
0 0.989193 0.380787 0.020052 0.013426
2 0.993359 0.272917 0.011719 0.017130
2 0.486719 0.130787 0.031771 0.015278
2 0.537370 0.158796 0.027344 0.021296
2 0.537240 0.081250 0.023958 0.018981
