0 0.026693 0.301852 0.016927 0.014815
0 0.047786 0.283333 0.018490 0.013889
0 0.071354 0.349769 0.017708 0.016204
0 0.115104 0.328472 0.016667 0.014352
0 0.137630 0.374769 0.018490 0.013426
0 0.191797 0.315741 0.017969 0.013889
0 0.213802 0.361806 0.018229 0.015278
0 0.262891 0.385648 0.017969 0.015741
0 0.299219 0.318056 0.012500 0.013889
2 0.297526 0.341435 0.016927 0.014352
0 0.332422 0.391204 0.017969 0.014815
0 0.352865 0.327083 0.016146 0.012500
0 0.378906 0.299306 0.015625 0.018056
0 0.384896 0.386343 0.017188 0.014352
0 0.412109 0.328472 0.017448 0.014352
0 0.428776 0.304630 0.013802 0.012963
0 0.435677 0.350463 0.016146 0.014815
0 0.476953 0.330093 0.019010 0.014815
0 0.497526 0.305556 0.012760 0.011111
0 0.553385 0.329398 0.017708 0.014352
0 0.521354 0.402083 0.013021 0.012500
0 0.576562 0.358333 0.017188 0.016667
0 0.612630 0.380556 0.015365 0.015741
0 0.648438 0.405787 0.017188 0.014352
0 0.690234 0.315278 0.018490 0.015741
0 0.715365 0.336343 0.016667 0.013426
0 0.748437 0.404398 0.019271 0.014352
2 0.781380 0.355324 0.046094 0.018056
0 0.802344 0.312269 0.018750 0.014352
0 0.857292 0.333796 0.018229 0.015741
0 0.888802 0.302083 0.020833 0.012500
0 0.973958 0.295139 0.022396 0.015278
0 0.911328 0.400694 0.021094 0.015278
0 0.836849 0.401852 0.019010 0.014815
0 0.773958 0.466898 0.018229 0.014352
0 0.898828 0.488194 0.017969 0.015278
0 0.888281 0.511806 0.018750 0.014352
2 0.853906 0.538889 0.018750 0.013889
0 0.701953 0.541667 0.016406 0.013889
0 0.579297 0.509491 0.017969 0.014352
0 0.588932 0.534028 0.017969 0.014352
0 0.467187 0.506944 0.018750 0.013889
0 0.344010 0.433565 0.018229 0.014352
0 0.362109 0.523611 0.019010 0.014815
0 0.263021 0.513657 0.016667 0.014352
0 0.204427 0.464815 0.019271 0.015741
0 0.068490 0.489583 0.017708 0.015278
0 0.026953 0.449074 0.017969 0.014815
0 0.019401 0.489583 0.014844 0.013426
0 0.009245 0.134491 0.010156 0.026389
0 0.042448 0.100926 0.014063 0.029630
0 0.050391 0.090046 0.009635 0.023611
0 0.059635 0.082407 0.015104 0.028704
0 0.068490 0.063426 0.016667 0.021296
0 0.072135 0.048380 0.016146 0.020833
0 0.992578 0.348148 0.014844 0.014815
2 0.487370 0.123148 0.027344 0.016667
2 0.539323 0.154630 0.027604 0.022222
2 0.539844 0.077315 0.021875 0.019444
0 0.017578 0.406944 0.017969 0.014815
