0 0.092969 0.347222 0.015625 0.016667
0 0.084245 0.371296 0.016927 0.012963
0 0.078516 0.431944 0.016927 0.015741
0 0.086589 0.455787 0.016927 0.014352
0 0.086719 0.495370 0.017188 0.012963
0 0.120443 0.329167 0.017448 0.013889
0 0.159766 0.351852 0.016406 0.013889
0 0.150391 0.397222 0.015365 0.013889
0 0.186328 0.466204 0.015885 0.013889
0 0.171354 0.524769 0.015625 0.013426
0 0.195443 0.378009 0.017448 0.014352
0 0.201172 0.307639 0.016406 0.015278
0 0.218880 0.353472 0.017448 0.013426
0 0.288151 0.334954 0.016927 0.013426
0 0.321484 0.401620 0.016927 0.017130
0 0.315104 0.443287 0.017708 0.014352
0 0.340495 0.361111 0.015885 0.016667
0 0.373177 0.317593 0.016667 0.015741
0 0.380729 0.384028 0.016667 0.014352
0 0.419010 0.360648 0.019792 0.015741
0 0.434635 0.405556 0.016146 0.013889
0 0.445833 0.384028 0.014063 0.015278
0 0.499219 0.362500 0.017188 0.016667
0 0.510547 0.313889 0.017969 0.016667
0 0.513281 0.339583 0.018750 0.018056
0 0.522266 0.407639 0.019531 0.015278
0 0.579688 0.357639 0.014063 0.012500
0 0.589453 0.322222 0.016406 0.013889
2 0.632292 0.362500 0.017708 0.014815
0 0.626302 0.404861 0.015104 0.018056
0 0.679948 0.383102 0.018750 0.016204
0 0.740625 0.310185 0.022396 0.014815
0 0.760286 0.330556 0.019010 0.013889
0 0.753906 0.359028 0.018750 0.013426
0 0.806380 0.329167 0.016927 0.016667
0 0.819010 0.396528 0.016146 0.015278
0 0.854557 0.296759 0.017448 0.014815
0 0.878255 0.324074 0.017448 0.012037
0 0.930208 0.364120 0.018229 0.014352
0 0.957161 0.320370 0.019010 0.014815
0 0.905078 0.528472 0.017448 0.012500
0 0.773047 0.533565 0.012760 0.014352
0 0.745964 0.442130 0.018490 0.012037
0 0.742448 0.467130 0.017708 0.014815
0 0.621094 0.541204 0.017188 0.015741
0 0.528516 0.470833 0.014844 0.013889
2 0.532422 0.540972 0.019531 0.015278
0 0.359505 0.530556 0.019010 0.013889
0 0.069401 0.071528 0.015365 0.015278
0 0.066276 0.087731 0.016927 0.016204
0 0.058594 0.106481 0.017188 0.026852
0 0.048828 0.116435 0.010677 0.026389
0 0.040885 0.125000 0.017188 0.028704
0 0.007682 0.162500 0.009115 0.026852
2 0.485938 0.129398 0.029167 0.020833
2 0.536979 0.159722 0.027083 0.024074
2 0.537109 0.084722 0.024219 0.022222
