0 0.011328 0.348611 0.016406 0.013889
0 0.018359 0.370602 0.017969 0.016204
0 0.065234 0.365972 0.019531 0.015278
0 0.114453 0.335417 0.014844 0.018056
0 0.245703 0.304167 0.017969 0.013889
0 0.243490 0.368750 0.018229 0.015278
0 0.284635 0.323148 0.019792 0.015741
0 0.310417 0.374306 0.017708 0.015278
0 0.401562 0.377778 0.018750 0.016667
0 0.521875 0.358333 0.020313 0.016667
0 0.362109 0.324306 0.017969 0.018056
0 0.623307 0.335417 0.018490 0.015278
0 0.649479 0.380093 0.020833 0.013889
0 0.693359 0.404861 0.019531 0.015278
0 0.737370 0.360417 0.020052 0.018056
0 0.800130 0.357639 0.017448 0.018056
0 0.798438 0.306250 0.020313 0.018056
0 0.863672 0.330556 0.019531 0.019444
0 0.915495 0.350000 0.018490 0.016667
0 0.884115 0.399074 0.016667 0.014815
0 0.973828 0.392361 0.021094 0.015278
0 0.986719 0.436111 0.018750 0.019444
0 0.966406 0.480556 0.018750 0.016667
0 0.963411 0.500694 0.019010 0.015278
0 0.901302 0.460185 0.019792 0.014815
0 0.823047 0.440278 0.017969 0.013889
0 0.848698 0.484259 0.017708 0.013889
0 0.838542 0.511111 0.017708 0.016667
0 0.779687 0.538194 0.018750 0.015278
0 0.677734 0.490972 0.017969 0.018056
0 0.582161 0.445370 0.017448 0.015741
0 0.621094 0.531944 0.018750 0.016667
0 0.545312 0.465278 0.023438 0.016667
0 0.560937 0.487500 0.020313 0.016667
0 0.543750 0.533333 0.020313 0.013889
0 0.512109 0.507639 0.019531 0.018056
0 0.498828 0.445833 0.016406 0.016667
0 0.489453 0.533333 0.017969 0.013889
0 0.450130 0.486806 0.017448 0.015278
0 0.405078 0.438194 0.019531 0.018056
0 0.400651 0.464120 0.018490 0.016204
0 0.406250 0.525463 0.018750 0.012963
0 0.349740 0.497454 0.017188 0.017130
0 0.324349 0.521528 0.017448 0.018056
0 0.279948 0.474074 0.018229 0.014815
0 0.188281 0.468287 0.020313 0.017130
0 0.134896 0.441667 0.016667 0.013889
0 0.154688 0.481944 0.015625 0.016667
0 0.155469 0.510417 0.017188 0.018056
0 0.094010 0.460185 0.016146 0.012963
0 0.056250 0.477778 0.015625 0.013889
0 0.073307 0.504398 0.018490 0.015278
0 0.008854 0.145370 0.011979 0.029630
0 0.041927 0.110185 0.015104 0.033333
0 0.049219 0.101157 0.012500 0.024537
0 0.059505 0.091435 0.016927 0.029167
0 0.068229 0.072222 0.019271 0.021296
0 0.071354 0.056944 0.017708 0.020370
0 0.991276 0.527778 0.016927 0.014815
2 0.485807 0.125463 0.028906 0.019444
2 0.538151 0.156250 0.029948 0.022685
2 0.539323 0.081481 0.025521 0.022222
