0 0.030729 0.314815 0.017708 0.014815
0 0.080990 0.325463 0.015625 0.016667
0 0.038411 0.422222 0.019010 0.015741
0 0.066276 0.511111 0.018490 0.014815
0 0.130990 0.515046 0.018229 0.014352
0 0.181901 0.491898 0.018490 0.016204
0 0.149870 0.428935 0.016927 0.012500
0 0.159245 0.298843 0.017448 0.015278
0 0.210156 0.346065 0.018750 0.017130
0 0.224740 0.520833 0.017708 0.014815
0 0.287370 0.303935 0.017448 0.017130
0 0.315495 0.396991 0.018490 0.016204
0 0.371354 0.354630 0.018229 0.017593
0 0.466927 0.309259 0.017708 0.015741
0 0.529167 0.512963 0.018229 0.015741
0 0.630469 0.515741 0.016146 0.017593
0 0.661198 0.540509 0.013021 0.016204
0 0.666927 0.487963 0.019792 0.014815
0 0.642057 0.311574 0.015885 0.014815
0 0.740625 0.322917 0.018750 0.015278
0 0.778125 0.354861 0.020313 0.015278
0 0.892188 0.364120 0.018750 0.016204
0 0.979167 0.476620 0.018229 0.016204
0 0.935807 0.531019 0.020052 0.016667
0 0.808333 0.535648 0.018229 0.020370
0 0.755859 0.509259 0.017969 0.015741
0 0.741276 0.468056 0.017969 0.017593
0 0.728385 0.538194 0.017188 0.017130
0 0.033333 0.113426 0.015104 0.030556
0 0.040755 0.104167 0.010677 0.027778
0 0.050000 0.095370 0.017188 0.028704
0 0.058594 0.076620 0.016146 0.020833
0 0.061979 0.059491 0.016667 0.018981
2 0.481641 0.126157 0.030990 0.019907
2 0.532552 0.078241 0.023438 0.023148
2 0.532292 0.154630 0.028125 0.023148
