0 0.017578 0.362731 0.016406 0.014352
0 0.081380 0.299769 0.021615 0.016204
0 0.089844 0.387963 0.015625 0.015741
2 0.138281 0.343056 0.057813 0.022222
0 0.055078 0.511574 0.019531 0.012963
0 0.168359 0.374306 0.017969 0.012500
0 0.171094 0.391667 0.017188 0.013889
0 0.191016 0.296528 0.016406 0.015278
0 0.346484 0.324537 0.016406 0.012037
0 0.354557 0.405324 0.018490 0.014352
0 0.301953 0.441667 0.016406 0.013889
0 0.238021 0.463657 0.018229 0.017130
0 0.223438 0.500463 0.017188 0.013889
0 0.334245 0.509722 0.019531 0.013889
0 0.399740 0.509028 0.018229 0.015278
0 0.412891 0.333565 0.017969 0.014352
0 0.436849 0.405324 0.020573 0.014352
0 0.533203 0.405556 0.017969 0.014815
0 0.548828 0.339583 0.013281 0.012500
0 0.560547 0.362731 0.012760 0.013426
0 0.582812 0.384722 0.015625 0.013889
0 0.614453 0.315972 0.017969 0.015278
0 0.654687 0.407639 0.020313 0.015278
0 0.706250 0.384028 0.017188 0.015278
0 0.705729 0.310880 0.019271 0.013426
0 0.764583 0.331944 0.018229 0.013889
0 0.840234 0.334028 0.019531 0.018056
0 0.901953 0.376852 0.017969 0.015741
0 0.969792 0.393287 0.016146 0.014352
0 0.006641 0.153704 0.009115 0.025926
0 0.039193 0.119213 0.012760 0.029167
0 0.046875 0.110185 0.010937 0.023148
0 0.056380 0.101389 0.015365 0.026852
0 0.064974 0.082407 0.017448 0.023148
0 0.068750 0.065972 0.016146 0.018981
2 0.483594 0.130093 0.028646 0.018519
2 0.534896 0.161574 0.027604 0.024074
2 0.534766 0.085185 0.022135 0.021296
