0 0.062760 0.356481 0.017708 0.012963
0 0.078906 0.442361 0.017188 0.015278
0 0.083984 0.485417 0.021094 0.015278
0 0.084766 0.508796 0.016406 0.013889
0 0.131380 0.423380 0.017448 0.014352
0 0.182422 0.322454 0.017969 0.014352
0 0.221875 0.356944 0.017188 0.013889
0 0.220443 0.392824 0.015885 0.013426
0 0.190234 0.491667 0.018490 0.013889
0 0.220703 0.483565 0.017969 0.014352
0 0.237109 0.430556 0.016406 0.013889
0 0.237109 0.515972 0.019531 0.015278
0 0.263021 0.454630 0.016667 0.015741
0 0.279687 0.350000 0.018750 0.016667
0 0.314323 0.478472 0.019271 0.015278
0 0.341536 0.356019 0.015885 0.015741
0 0.350911 0.398843 0.015885 0.013426
0 0.400391 0.334028 0.016406 0.015278
0 0.408464 0.312731 0.016927 0.013426
0 0.435156 0.358102 0.017188 0.016204
0 0.436458 0.401852 0.019792 0.012963
0 0.432943 0.485880 0.015885 0.017130
0 0.398438 0.533102 0.017708 0.017130
0 0.444792 0.509028 0.017708 0.015278
0 0.480078 0.533333 0.019531 0.016667
0 0.500521 0.489352 0.016146 0.011111
0 0.513672 0.383333 0.017969 0.016667
0 0.579036 0.312963 0.019010 0.015741
0 0.614062 0.379630 0.018750 0.014815
0 0.601172 0.493981 0.019531 0.013889
0 0.664062 0.470139 0.017188 0.015278
0 0.661328 0.539352 0.019531 0.015741
0 0.690104 0.491898 0.019271 0.014352
0 0.699609 0.383333 0.019531 0.016667
0 0.741927 0.536111 0.019792 0.013889
0 0.761068 0.510417 0.019010 0.015278
0 0.750000 0.338889 0.018750 0.013889
0 0.755729 0.362731 0.019271 0.014352
0 0.842708 0.379398 0.018229 0.014352
0 0.854557 0.305324 0.017448 0.014352
0 0.986328 0.395833 0.021094 0.016667
0 0.888932 0.442130 0.018490 0.014815
0 0.835677 0.538426 0.018229 0.014815
0 0.909766 0.533796 0.017969 0.014815
0 0.947786 0.460880 0.018490 0.014352
0 0.964453 0.483565 0.021094 0.015278
0 0.958984 0.504167 0.017969 0.014815
0 0.008073 0.147222 0.008333 0.025000
0 0.040495 0.112269 0.013281 0.029167
0 0.048568 0.104398 0.010677 0.025463
0 0.058073 0.094444 0.015104 0.026852
0 0.067708 0.076389 0.017708 0.021296
0 0.070703 0.060185 0.016927 0.021296
0 0.995443 0.348843 0.009115 0.016204
0 0.992708 0.518981 0.014583 0.013889
2 0.484505 0.128935 0.028906 0.018981
2 0.535937 0.161111 0.027083 0.024074
2 0.537630 0.085185 0.026823 0.017593
