2 0.039844 0.296528 0.020833 0.012500
0 0.054427 0.368287 0.015104 0.011574
0 0.113542 0.299537 0.016667 0.014815
0 0.198437 0.331713 0.014583 0.014352
0 0.234635 0.398611 0.017188 0.013889
0 0.263672 0.353935 0.017969 0.015278
0 0.211068 0.476389 0.016927 0.013889
0 0.423307 0.381713 0.018490 0.014352
0 0.434245 0.359028 0.016927 0.014352
0 0.514323 0.513657 0.015625 0.012500
0 0.558984 0.541435 0.019010 0.015278
0 0.542448 0.378009 0.019792 0.014352
0 0.566146 0.404630 0.013021 0.012037
0 0.573958 0.443750 0.018229 0.014352
0 0.602344 0.376389 0.017708 0.013889
0 0.664193 0.354630 0.017448 0.016667
0 0.650651 0.404398 0.019010 0.014352
0 0.720052 0.377315 0.016667 0.012963
0 0.717578 0.400694 0.016406 0.015278
0 0.707552 0.463194 0.017708 0.015278
0 0.689063 0.507176 0.017188 0.014352
0 0.720313 0.538657 0.017708 0.015278
0 0.802995 0.534259 0.015365 0.017593
0 0.799870 0.437500 0.018490 0.013889
0 0.756771 0.303704 0.016667 0.014815
0 0.759505 0.349537 0.020052 0.015741
0 0.806901 0.397917 0.020573 0.015278
0 0.847266 0.297454 0.017969 0.016204
0 0.929427 0.361806 0.023958 0.015278
0 0.927734 0.429861 0.019531 0.015278
0 0.941797 0.522685 0.017969 0.015741
0 0.030990 0.120370 0.014063 0.030556
0 0.039193 0.111574 0.010156 0.025926
0 0.048047 0.101852 0.015365 0.027778
0 0.057422 0.083333 0.016406 0.021296
0 0.060547 0.065972 0.019010 0.021759
2 0.478646 0.126620 0.028646 0.017130
2 0.530990 0.079398 0.024479 0.022685
2 0.531120 0.155787 0.027865 0.018981
