0 0.027604 0.392361 0.016667 0.015278
0 0.083594 0.394213 0.015625 0.013426
0 0.089844 0.373380 0.017188 0.013426
0 0.113672 0.350694 0.016406 0.015278
0 0.193490 0.355787 0.017708 0.013426
0 0.224089 0.377778 0.016406 0.013889
0 0.204297 0.400231 0.017969 0.014352
0 0.251823 0.334722 0.016146 0.013889
0 0.328516 0.334259 0.017969 0.012963
0 0.355208 0.322222 0.016667 0.013889
0 0.340495 0.381481 0.018490 0.014815
0 0.366667 0.402778 0.016146 0.011111
0 0.445052 0.403472 0.019271 0.015278
0 0.489453 0.331250 0.019531 0.015278
0 0.589323 0.314815 0.017188 0.015741
0 0.685417 0.354630 0.014583 0.014815
0 0.770052 0.300000 0.019271 0.016667
0 0.799219 0.322917 0.018750 0.013426
0 0.803255 0.346528 0.020052 0.015278
0 0.883333 0.364583 0.018750 0.015278
0 0.934245 0.311343 0.017448 0.016204
0 0.955339 0.332407 0.019010 0.014815
0 0.929688 0.381944 0.020313 0.013889
0 0.886328 0.448380 0.016927 0.013426
0 0.636719 0.442361 0.018750 0.015278
0 0.548047 0.452546 0.016406 0.014352
0 0.583854 0.488194 0.017708 0.016204
0 0.462760 0.469444 0.016146 0.015741
0 0.417708 0.531250 0.016667 0.015278
0 0.273698 0.505556 0.016146 0.013889
0 0.236068 0.442824 0.017969 0.013426
0 0.030469 0.125926 0.015104 0.030556
0 0.039193 0.117593 0.011198 0.025926
0 0.048307 0.107870 0.014844 0.029630
0 0.056510 0.088426 0.016667 0.018519
0 0.059766 0.072454 0.017969 0.019907
2 0.479427 0.128704 0.031771 0.020370
2 0.530599 0.078472 0.023177 0.020833
2 0.530859 0.155556 0.028385 0.023148
