0 0.072526 0.305093 0.017448 0.015741
2 0.075781 0.330556 0.020313 0.016667
0 0.101042 0.374074 0.015104 0.014815
0 0.088021 0.395139 0.013542 0.012500
0 0.113932 0.436111 0.019010 0.013889
2 0.132422 0.521528 0.016406 0.013426
0 0.207813 0.527546 0.015625 0.013426
0 0.233203 0.466435 0.019531 0.015278
0 0.219531 0.401389 0.017188 0.016667
0 0.208073 0.382407 0.017708 0.017593
0 0.292448 0.381713 0.018229 0.016204
0 0.319792 0.360417 0.019792 0.015278
0 0.319531 0.402778 0.014063 0.013889
0 0.330729 0.442593 0.018229 0.012963
0 0.348568 0.337037 0.016406 0.015741
0 0.402865 0.360880 0.018750 0.016204
0 0.478125 0.347222 0.015625 0.011111
0 0.496875 0.383333 0.018750 0.016667
0 0.523438 0.359028 0.017188 0.015278
0 0.545703 0.338194 0.017969 0.018056
0 0.604688 0.310417 0.017188 0.017130
0 0.597786 0.356944 0.019010 0.016667
0 0.354427 0.534028 0.016146 0.015278
0 0.456120 0.533102 0.015885 0.014352
0 0.524740 0.488889 0.017708 0.015741
0 0.613151 0.382407 0.018490 0.017593
0 0.661719 0.404167 0.018750 0.016667
0 0.631641 0.488889 0.017969 0.016667
0 0.633724 0.539352 0.018490 0.017593
0 0.746875 0.438194 0.014063 0.015278
0 0.808594 0.531250 0.017188 0.018056
0 0.965495 0.492361 0.017448 0.018056
2 0.979688 0.447222 0.020313 0.019444
0 0.982161 0.468056 0.015885 0.016667
2 0.986719 0.338194 0.023438 0.018056
0 0.906250 0.290509 0.020313 0.013426
0 0.923828 0.338889 0.017969 0.013889
0 0.929688 0.385417 0.020313 0.015278
0 0.881250 0.320833 0.020313 0.016667
0 0.878125 0.366667 0.017188 0.016667
0 0.840625 0.348611 0.018750 0.019444
0 0.789062 0.354861 0.020313 0.018056
0 0.825391 0.372222 0.019531 0.016667
0 0.820312 0.397222 0.020313 0.016667
0 0.746875 0.323611 0.017188 0.016667
0 0.739453 0.356250 0.016406 0.015278
0 0.701172 0.309722 0.017969 0.016667
0 0.068880 0.075694 0.016406 0.018981
0 0.066146 0.091898 0.016146 0.018056
0 0.057031 0.110185 0.013542 0.023148
0 0.047526 0.119676 0.011719 0.024537
0 0.039974 0.129398 0.014844 0.028241
0 0.006641 0.165741 0.007031 0.026852
0 0.005859 0.389815 0.011198 0.012963
2 0.483724 0.131250 0.027344 0.017130
2 0.536068 0.159028 0.026823 0.021759
2 0.533594 0.083333 0.019271 0.022222
