0 0.018099 0.433565 0.017448 0.017130
0 0.041797 0.352083 0.018490 0.014352
0 0.082031 0.378009 0.020313 0.014352
0 0.142187 0.318519 0.015625 0.012963
0 0.209766 0.384722 0.017969 0.016667
0 0.231641 0.346528 0.016927 0.013426
0 0.236328 0.303704 0.017969 0.015741
0 0.289844 0.325926 0.018750 0.014815
0 0.300651 0.346991 0.016927 0.012500
2 0.280469 0.371065 0.030729 0.017130
0 0.343880 0.304630 0.018490 0.014815
0 0.440234 0.378935 0.017969 0.014352
0 0.461198 0.403472 0.016146 0.015278
2 0.467578 0.313194 0.019531 0.015278
0 0.476953 0.353009 0.017969 0.014352
0 0.588932 0.358796 0.018490 0.013889
0 0.588281 0.405324 0.016146 0.014352
0 0.695312 0.338889 0.018229 0.014815
0 0.732812 0.381944 0.020313 0.016667
0 0.759115 0.358565 0.015625 0.015278
0 0.762240 0.307176 0.018229 0.013426
0 0.800521 0.307176 0.019271 0.013426
0 0.867839 0.306250 0.020052 0.015278
0 0.959766 0.293056 0.021094 0.016667
0 0.920443 0.325926 0.022135 0.018519
0 0.910937 0.352083 0.020313 0.018056
0 0.697135 0.478472 0.017708 0.013426
0 0.634766 0.466898 0.014844 0.013426
0 0.548958 0.442361 0.013542 0.015278
0 0.498307 0.464815 0.017448 0.014815
0 0.367839 0.437269 0.018490 0.014352
0 0.433203 0.486343 0.017969 0.014352
0 0.352344 0.519444 0.020313 0.016667
0 0.225911 0.507870 0.017448 0.015741
0 0.189193 0.490046 0.019010 0.016204
0 0.156901 0.466204 0.020052 0.015741
0 0.192318 0.429167 0.019010 0.013889
0 0.011979 0.146296 0.008854 0.028704
0 0.045443 0.110880 0.014323 0.031944
0 0.052474 0.101157 0.011198 0.023611
0 0.062109 0.091898 0.014323 0.028241
0 0.070312 0.073843 0.015104 0.021759
0 0.074609 0.059028 0.015885 0.021759
2 0.488672 0.126852 0.026823 0.016667
2 0.539453 0.157176 0.026823 0.020833
2 0.539323 0.081019 0.020833 0.023148
