0 0.009115 0.368981 0.017708 0.012963
0 0.010417 0.390278 0.014583 0.011111
0 0.031380 0.324769 0.018490 0.013426
0 0.035156 0.435417 0.020313 0.018056
0 0.080078 0.309722 0.017969 0.013889
0 0.098437 0.372222 0.015625 0.013889
0 0.092839 0.393750 0.016927 0.015278
0 0.126172 0.348843 0.016406 0.014352
0 0.147656 0.330556 0.018750 0.016667
0 0.160156 0.396759 0.017188 0.015741
0 0.126172 0.461111 0.019531 0.016667
0 0.130339 0.524769 0.017969 0.016204
0 0.229687 0.334722 0.015625 0.016667
0 0.250781 0.381250 0.017188 0.018056
0 0.232552 0.440972 0.019271 0.012500
0 0.363281 0.383333 0.017188 0.013889
0 0.389844 0.318056 0.017188 0.013889
0 0.448828 0.323611 0.019531 0.016667
0 0.462109 0.404167 0.021094 0.013889
0 0.514453 0.363194 0.021094 0.015278
0 0.549609 0.334028 0.013281 0.015278
0 0.475000 0.460417 0.018750 0.015278
0 0.489453 0.490972 0.016406 0.015278
0 0.522656 0.444444 0.018750 0.013889
0 0.601953 0.542361 0.019531 0.015278
0 0.585156 0.403472 0.018750 0.015278
0 0.659115 0.487731 0.017708 0.014352
0 0.666797 0.352778 0.019531 0.019444
0 0.728646 0.438889 0.019792 0.013889
0 0.765495 0.347685 0.017969 0.017593
0 0.830078 0.338194 0.021094 0.015278
0 0.806771 0.372917 0.017188 0.015278
0 0.850781 0.366667 0.020313 0.019444
0 0.963281 0.336111 0.018750 0.019444
0 0.952344 0.385417 0.018750 0.015278
0 0.959375 0.423611 0.021875 0.013889
0 0.949219 0.450000 0.018750 0.013889
0 0.893620 0.475694 0.020052 0.015278
2 0.462109 0.384028 0.021094 0.018056
2 0.514583 0.469444 0.018229 0.013889
0 0.071224 0.075000 0.015365 0.016667
0 0.068099 0.089583 0.016927 0.016204
0 0.059375 0.110417 0.014583 0.023611
0 0.049740 0.117593 0.011979 0.022222
0 0.042318 0.128472 0.011719 0.029167
0 0.008724 0.163426 0.010156 0.030556
0 0.885677 0.293750 0.020833 0.010648
0 0.978516 0.275926 0.021094 0.015741
0 0.994401 0.309259 0.009635 0.016667
2 0.486068 0.128935 0.028385 0.013426
2 0.537109 0.157176 0.028385 0.018981
2 0.538411 0.081713 0.024219 0.016204
