0 0.039323 0.279398 0.015625 0.011574
0 0.012630 0.320370 0.017448 0.014815
0 0.137760 0.356944 0.012500 0.011111
0 0.148438 0.335880 0.016667 0.015278
0 0.214453 0.325694 0.016406 0.015278
0 0.201302 0.384028 0.013021 0.012500
0 0.256250 0.367593 0.016667 0.012963
0 0.265755 0.319676 0.015365 0.012500
0 0.336979 0.344907 0.015625 0.011111
0 0.338281 0.370139 0.017188 0.015278
0 0.382292 0.348843 0.016667 0.014352
0 0.436458 0.375926 0.016667 0.012963
0 0.450651 0.327083 0.018490 0.015278
0 0.468490 0.353935 0.018229 0.013426
0 0.516276 0.331481 0.015885 0.015741
0 0.506771 0.380324 0.018229 0.015278
0 0.588542 0.331019 0.013542 0.014815
0 0.630078 0.404861 0.017448 0.014352
0 0.672786 0.333796 0.017448 0.014815
0 0.707292 0.357870 0.017188 0.013889
0 0.747135 0.332870 0.012500 0.012037
0 0.801693 0.331481 0.018490 0.015741
0 0.894401 0.352546 0.017448 0.015278
0 0.915625 0.377083 0.021875 0.014352
0 0.924870 0.398148 0.019531 0.013889
0 0.906120 0.507176 0.013802 0.012500
0 0.827865 0.510417 0.017708 0.012500
0 0.812240 0.467130 0.017708 0.013889
0 0.801953 0.541204 0.017448 0.013889
0 0.716146 0.538889 0.020313 0.015741
0 0.650781 0.532407 0.018229 0.016667
0 0.574740 0.463194 0.018229 0.014352
0 0.469010 0.504398 0.016667 0.018056
0 0.419401 0.436806 0.016927 0.015278
0 0.438281 0.526852 0.019271 0.012037
0 0.332422 0.497917 0.017448 0.014352
0 0.319010 0.520602 0.017188 0.014352
0 0.219010 0.445602 0.013021 0.012500
0 0.193229 0.422454 0.019271 0.014352
0 0.077995 0.410880 0.019010 0.013426
0 0.068229 0.436574 0.019271 0.014815
0 0.114193 0.498148 0.017969 0.014815
0 0.035156 0.488889 0.017188 0.016667
0 0.006901 0.137731 0.010156 0.031019
0 0.039844 0.102083 0.014583 0.031019
0 0.048047 0.093287 0.012760 0.027315
0 0.058073 0.084259 0.016146 0.029630
0 0.066927 0.065972 0.018229 0.019907
0 0.069401 0.050000 0.017969 0.021296
2 0.485938 0.123148 0.029167 0.019444
2 0.537370 0.078241 0.021615 0.016667
2 0.536198 0.153935 0.026562 0.025463
0 0.989193 0.284491 0.019010 0.014352
