0 0.034635 0.316667 0.014063 0.011111
0 0.043229 0.359491 0.014583 0.014352
0 0.058984 0.295139 0.016406 0.015278
0 0.097786 0.318519 0.016927 0.014815
0 0.188411 0.393056 0.017448 0.013889
0 0.210156 0.372222 0.017188 0.013889
0 0.143359 0.471528 0.017448 0.015278
0 0.333724 0.311574 0.013802 0.015741
0 0.331771 0.366898 0.017708 0.013426
0 0.375000 0.334722 0.015625 0.016667
0 0.412500 0.359491 0.017188 0.014352
0 0.406901 0.382176 0.017969 0.014352
0 0.451042 0.315278 0.018229 0.016667
0 0.464453 0.337037 0.017969 0.016667
0 0.468229 0.388426 0.016146 0.015741
0 0.415104 0.443287 0.018229 0.016204
0 0.504687 0.534954 0.015625 0.016204
0 0.530469 0.357639 0.015625 0.015278
0 0.533594 0.407407 0.017708 0.014815
0 0.567318 0.312963 0.017448 0.012963
0 0.639062 0.406250 0.017188 0.018056
0 0.612630 0.447685 0.017448 0.015741
0 0.581641 0.493287 0.017969 0.015278
0 0.612760 0.473380 0.019271 0.017130
0 0.654687 0.513426 0.019271 0.013889
0 0.677344 0.541667 0.015625 0.016667
0 0.666667 0.341667 0.016667 0.016667
0 0.730078 0.329167 0.017969 0.016667
0 0.718359 0.482870 0.018490 0.012037
0 0.733464 0.544213 0.015365 0.014352
0 0.820573 0.531019 0.017188 0.015741
0 0.891276 0.488657 0.018490 0.013426
0 0.890234 0.512500 0.017969 0.016667
0 0.986328 0.480093 0.019531 0.015741
0 0.974089 0.439352 0.018490 0.015741
0 0.978516 0.373611 0.017969 0.014815
0 0.967839 0.295139 0.020573 0.015278
0 0.854297 0.355556 0.021094 0.016667
0 0.836328 0.310648 0.019531 0.012963
0 0.788281 0.306481 0.018750 0.015741
0 0.007292 0.151620 0.008333 0.024537
0 0.041276 0.116435 0.012240 0.023611
0 0.048958 0.107176 0.007812 0.020833
0 0.058854 0.098148 0.015104 0.025926
0 0.067187 0.080556 0.016146 0.018519
0 0.069661 0.063426 0.015885 0.017593
2 0.485807 0.130324 0.029427 0.016204
2 0.536458 0.160185 0.027083 0.021296
2 0.536068 0.084954 0.021094 0.019907
0 0.990234 0.327546 0.018490 0.013426
