0 0.041016 0.339815 0.014844 0.015741
0 0.028385 0.449306 0.019271 0.018056
0 0.056250 0.516667 0.018750 0.016667
0 0.079687 0.347222 0.017188 0.016667
0 0.170182 0.438889 0.018490 0.016667
0 0.244792 0.527546 0.019271 0.014352
0 0.202734 0.348843 0.014844 0.017130
0 0.203255 0.376852 0.016927 0.017593
0 0.250781 0.334028 0.017188 0.015278
0 0.264193 0.357639 0.017448 0.018056
0 0.318750 0.310417 0.015625 0.018056
0 0.295703 0.404167 0.016406 0.016667
0 0.313932 0.382407 0.016927 0.012963
0 0.329167 0.357407 0.017708 0.015741
0 0.369531 0.468056 0.012500 0.016667
0 0.408594 0.336111 0.017188 0.016667
0 0.455599 0.361806 0.015885 0.016204
0 0.464062 0.405556 0.018750 0.016667
2 0.418750 0.537500 0.020313 0.019444
0 0.503646 0.540046 0.016667 0.017130
0 0.492188 0.318287 0.017188 0.017130
0 0.512500 0.385880 0.018750 0.014352
0 0.532161 0.360880 0.020052 0.016204
0 0.557161 0.446759 0.017969 0.014815
0 0.576172 0.383796 0.016406 0.014815
0 0.575391 0.408333 0.017969 0.016667
0 0.596094 0.470833 0.018750 0.016667
0 0.600781 0.362037 0.017188 0.017593
0 0.622656 0.336111 0.018750 0.016667
0 0.632292 0.311806 0.019271 0.015278
0 0.673828 0.356250 0.014844 0.015278
0 0.662109 0.404630 0.019531 0.016667
0 0.703125 0.328472 0.018750 0.015278
2 0.735286 0.357639 0.019010 0.018056
0 0.777344 0.399306 0.018750 0.018056
0 0.810547 0.375694 0.019531 0.018056
0 0.861328 0.325694 0.017969 0.018056
0 0.847396 0.298843 0.021354 0.013426
0 0.861328 0.350694 0.021615 0.017130
0 0.911849 0.323148 0.018490 0.015741
0 0.957552 0.282870 0.018229 0.014815
0 0.985156 0.314583 0.018750 0.015278
0 0.983594 0.385185 0.021875 0.015741
0 0.969661 0.471991 0.019010 0.018981
0 0.965104 0.522685 0.020833 0.015741
0 0.809896 0.436343 0.018750 0.014352
0 0.774870 0.534028 0.018490 0.014352
0 0.654557 0.536806 0.017448 0.015278
0 0.070182 0.073148 0.019531 0.017593
0 0.068620 0.089583 0.016927 0.018981
0 0.057422 0.106944 0.013802 0.025926
0 0.048047 0.115741 0.010156 0.021296
0 0.039583 0.125926 0.012500 0.028704
0 0.007161 0.162963 0.007031 0.029630
2 0.484766 0.129167 0.028906 0.016667
2 0.536849 0.158796 0.026823 0.021296
2 0.535937 0.084028 0.021354 0.018056
