0 0.011849 0.436806 0.017448 0.015278
0 0.023177 0.502315 0.016667 0.012963
0 0.035286 0.479861 0.019010 0.012500
0 0.054818 0.419444 0.019010 0.013889
0 0.128646 0.361574 0.015104 0.015741
0 0.136458 0.488194 0.018229 0.015278
0 0.156510 0.471528 0.016146 0.012500
0 0.166016 0.425000 0.016406 0.013889
0 0.176172 0.511111 0.017969 0.013889
0 0.203385 0.450694 0.019271 0.015278
0 0.247005 0.326620 0.017448 0.014352
0 0.263151 0.474537 0.017969 0.013889
0 0.288672 0.363194 0.017969 0.015278
0 0.289062 0.395833 0.015625 0.013889
0 0.342578 0.352083 0.017969 0.015278
0 0.402344 0.358333 0.017188 0.016667
0 0.425000 0.401389 0.015625 0.013889
0 0.466406 0.315278 0.015625 0.013889
0 0.466406 0.335417 0.015625 0.014352
0 0.350000 0.529630 0.016667 0.015741
0 0.384635 0.481250 0.016146 0.015278
0 0.384245 0.506481 0.015365 0.013889
0 0.435026 0.530787 0.016927 0.016204
0 0.447396 0.487269 0.016146 0.014352
0 0.502083 0.359491 0.019271 0.013426
0 0.509375 0.403472 0.017188 0.015278
0 0.539844 0.490741 0.020313 0.014815
0 0.587500 0.384722 0.017188 0.016667
0 0.583854 0.468056 0.016146 0.016667
0 0.611068 0.539352 0.017448 0.015741
0 0.631641 0.491204 0.017969 0.014815
0 0.641016 0.312731 0.021094 0.014352
0 0.685156 0.377315 0.018750 0.015741
0 0.703125 0.512500 0.020313 0.016667
0 0.696484 0.535417 0.019531 0.015278
0 0.784375 0.538889 0.017188 0.013889
0 0.765625 0.381944 0.020313 0.016667
0 0.819401 0.335185 0.018490 0.012963
0 0.830078 0.357870 0.017969 0.014815
0 0.912109 0.300000 0.019531 0.013889
0 0.922656 0.376389 0.021875 0.019444
0 0.818359 0.444444 0.021094 0.013889
0 0.853516 0.535417 0.021094 0.015278
0 0.873828 0.465278 0.017969 0.016667
0 0.891667 0.487037 0.017708 0.017593
0 0.895182 0.506944 0.017969 0.012963
0 0.951562 0.457639 0.018750 0.018056
0 0.975781 0.480556 0.021875 0.016667
0 0.937500 0.524074 0.020313 0.015741
0 0.007943 0.146528 0.009115 0.026389
0 0.041406 0.113194 0.013542 0.031019
0 0.048438 0.103241 0.010417 0.023148
0 0.057682 0.093750 0.014323 0.025463
0 0.067187 0.076157 0.016667 0.022685
0 0.069922 0.060185 0.015365 0.020370
0 0.007422 0.367361 0.014323 0.012500
0 0.994922 0.457639 0.010156 0.016204
2 0.485156 0.128472 0.030729 0.017130
2 0.536458 0.157407 0.027083 0.022222
2 0.537630 0.084028 0.023698 0.018056
