0 0.053906 0.324769 0.015104 0.013426
0 0.053776 0.371528 0.017448 0.015278
0 0.079297 0.477778 0.019531 0.015741
0 0.176042 0.377778 0.016667 0.016667
0 0.206510 0.313194 0.018229 0.018056
0 0.215495 0.400231 0.017448 0.016204
0 0.268490 0.331250 0.018229 0.015278
2 0.274870 0.380093 0.019010 0.013889
0 0.330859 0.362500 0.017969 0.016667
0 0.372396 0.334259 0.013542 0.012037
0 0.366016 0.403472 0.014844 0.015278
0 0.306120 0.441667 0.019010 0.011111
0 0.330078 0.530556 0.019531 0.016667
0 0.386979 0.468287 0.017708 0.015278
0 0.474349 0.356019 0.020052 0.014815
0 0.474609 0.445833 0.021094 0.016667
0 0.567187 0.358102 0.017188 0.013426
0 0.593880 0.381713 0.016927 0.013426
0 0.619792 0.359722 0.019271 0.012963
0 0.654557 0.378935 0.017448 0.010648
0 0.715625 0.310185 0.020313 0.015741
0 0.703906 0.402778 0.021875 0.016667
0 0.704427 0.444213 0.018229 0.012500
2 0.690104 0.464815 0.018229 0.012963
0 0.683724 0.487500 0.014323 0.013889
0 0.762240 0.437500 0.020833 0.013889
0 0.757552 0.350926 0.016146 0.014815
0 0.799219 0.326157 0.020313 0.014352
0 0.889453 0.346528 0.019531 0.018056
0 0.926823 0.313194 0.017708 0.012500
0 0.988542 0.325000 0.019792 0.012963
0 0.984635 0.380093 0.019792 0.015741
0 0.950911 0.422685 0.020052 0.015741
0 0.893490 0.473843 0.017708 0.016204
0 0.798438 0.537963 0.018750 0.015741
0 0.071354 0.074074 0.015104 0.017593
0 0.067839 0.091435 0.016927 0.012500
0 0.058724 0.110648 0.013281 0.023148
0 0.050000 0.118750 0.008333 0.019907
0 0.040885 0.126852 0.013542 0.027778
0 0.008854 0.163657 0.009896 0.030093
0 0.816536 0.301852 0.015885 0.012037
2 0.486458 0.129630 0.029167 0.017593
2 0.537891 0.157870 0.028385 0.020370
2 0.537500 0.081250 0.022917 0.019907
