0 0.012370 0.459259 0.021615 0.015741
0 0.012630 0.351389 0.014844 0.019444
0 0.083984 0.293750 0.014844 0.015278
0 0.120573 0.318750 0.016146 0.015278
0 0.099089 0.380093 0.016927 0.015741
2 0.129297 0.487500 0.019531 0.016667
0 0.174740 0.342130 0.018229 0.015741
0 0.191406 0.390972 0.017188 0.015278
0 0.201172 0.474306 0.017969 0.015278
0 0.242188 0.432870 0.018750 0.015741
0 0.247656 0.370139 0.020313 0.015278
0 0.271484 0.395370 0.016406 0.015741
0 0.287109 0.521528 0.017969 0.018056
0 0.311719 0.338889 0.015625 0.016667
0 0.366016 0.325000 0.019531 0.016667
0 0.386719 0.378935 0.016667 0.013426
0 0.373177 0.461111 0.014583 0.011111
0 0.467187 0.525694 0.018750 0.015278
0 0.502734 0.511111 0.016406 0.013889
0 0.498437 0.488889 0.014063 0.013889
0 0.504687 0.444907 0.018750 0.014815
0 0.501302 0.405556 0.018229 0.016667
0 0.521875 0.356944 0.015625 0.016667
0 0.604297 0.334722 0.016406 0.016667
0 0.782813 0.336574 0.018750 0.014815
0 0.910677 0.332176 0.019792 0.017130
0 0.978385 0.371759 0.016667 0.015741
0 0.986979 0.457639 0.021354 0.012500
0 0.972786 0.534491 0.019010 0.017130
0 0.899349 0.482639 0.019531 0.013426
0 0.911849 0.509028 0.019010 0.015278
0 0.835026 0.510648 0.019010 0.014815
0 0.842839 0.465509 0.018490 0.016204
0 0.754687 0.543519 0.017188 0.018519
0 0.745313 0.468056 0.020313 0.016667
0 0.719010 0.445833 0.019271 0.016667
0 0.672266 0.465972 0.017969 0.015278
0 0.671094 0.490046 0.018750 0.016204
0 0.701823 0.512731 0.020833 0.017130
0 0.624740 0.514815 0.018229 0.012963
0 0.569141 0.535417 0.017969 0.015278
1 0.658594 0.356944 0.046875 0.016667
2 0.433203 0.338657 0.019531 0.012500
0 0.008333 0.146991 0.009375 0.025463
0 0.040495 0.112731 0.013281 0.030093
0 0.048568 0.103472 0.012240 0.023611
0 0.057422 0.094213 0.015885 0.029167
0 0.066927 0.075926 0.015625 0.022222
0 0.069661 0.059259 0.015365 0.020370
0 0.993359 0.396528 0.013281 0.016204
2 0.484766 0.129630 0.027865 0.019444
2 0.535156 0.158565 0.025521 0.019907
2 0.537240 0.084954 0.025000 0.021759
0 0.836198 0.304861 0.018750 0.012500
