0 0.033984 0.341898 0.016406 0.016204
0 0.099479 0.353704 0.017708 0.014815
0 0.168880 0.358102 0.012760 0.013426
0 0.188672 0.293750 0.017969 0.015278
0 0.186849 0.380787 0.017448 0.013426
0 0.230339 0.340741 0.017448 0.014815
0 0.258464 0.299537 0.016927 0.012963
0 0.293490 0.328704 0.016667 0.012963
0 0.329688 0.296759 0.015625 0.015741
0 0.380339 0.344444 0.016927 0.014815
0 0.398828 0.326852 0.015885 0.013889
2 0.371615 0.383102 0.019271 0.013426
0 0.453646 0.307639 0.016667 0.015278
0 0.505729 0.332639 0.017708 0.015278
0 0.551693 0.380556 0.015885 0.013889
0 0.603646 0.336343 0.018750 0.014352
0 0.628906 0.363889 0.021875 0.019444
0 0.686849 0.334954 0.012760 0.013426
0 0.720313 0.315046 0.018750 0.014352
0 0.712891 0.382407 0.019531 0.014815
0 0.719401 0.406250 0.018490 0.015278
2 0.756641 0.356250 0.022656 0.015278
0 0.762370 0.333565 0.018490 0.014352
0 0.784375 0.307870 0.017188 0.014815
0 0.815755 0.331713 0.016927 0.016204
0 0.864844 0.329861 0.018750 0.020833
0 0.886458 0.300231 0.015625 0.013426
0 0.971875 0.290972 0.020313 0.018056
0 0.886068 0.379167 0.017448 0.012963
0 0.942708 0.400694 0.019271 0.014352
0 0.857422 0.403472 0.019531 0.012500
0 0.946484 0.540972 0.017969 0.018056
2 0.852474 0.540509 0.019531 0.013426
0 0.838281 0.444676 0.018750 0.014352
0 0.766406 0.493750 0.020313 0.018056
0 0.759375 0.540972 0.017188 0.018056
0 0.709245 0.507870 0.017448 0.015741
0 0.604557 0.509028 0.016927 0.014352
0 0.523438 0.473148 0.019271 0.013889
2 0.500651 0.506944 0.016406 0.014815
0 0.470573 0.459259 0.018229 0.015741
0 0.423177 0.482407 0.013542 0.014815
0 0.319401 0.472917 0.015885 0.014352
0 0.326953 0.497222 0.016406 0.013889
2 0.285807 0.516435 0.017448 0.012500
0 0.178776 0.509954 0.016927 0.014352
0 0.136068 0.494213 0.017969 0.018981
0 0.109375 0.438194 0.018750 0.015278
0 0.090365 0.479398 0.017708 0.017130
0 0.009245 0.137500 0.011198 0.028704
0 0.041406 0.102083 0.013542 0.029167
0 0.050130 0.093750 0.011198 0.023611
0 0.058724 0.085185 0.014844 0.028704
0 0.068229 0.065509 0.016667 0.021759
0 0.070964 0.050000 0.017448 0.024074
2 0.486589 0.122454 0.027344 0.016204
2 0.538802 0.154167 0.030208 0.022222
2 0.539844 0.080324 0.024479 0.018981
