0 0.033333 0.350694 0.015104 0.014352
0 0.025911 0.371528 0.016927 0.015278
0 0.044792 0.413426 0.019792 0.012963
0 0.053646 0.481713 0.019271 0.016204
0 0.109115 0.312269 0.017708 0.014352
0 0.153125 0.384491 0.017188 0.016204
0 0.146745 0.422454 0.017969 0.012500
0 0.168490 0.444907 0.015104 0.015741
0 0.175781 0.515509 0.020313 0.014352
0 0.225130 0.365972 0.017448 0.017130
0 0.273698 0.302546 0.017708 0.017130
0 0.316536 0.349306 0.017969 0.016204
0 0.294922 0.432407 0.017969 0.012963
0 0.279557 0.462731 0.018490 0.015278
0 0.292318 0.507639 0.017448 0.018056
0 0.344922 0.503241 0.019531 0.015741
0 0.374479 0.332407 0.016667 0.015741
0 0.394271 0.397917 0.019792 0.015278
0 0.410547 0.459028 0.017969 0.020833
0 0.425130 0.503009 0.017448 0.016204
0 0.485156 0.358333 0.017188 0.016667
0 0.492057 0.533796 0.017969 0.016667
0 0.541667 0.472222 0.017708 0.014815
0 0.524870 0.319676 0.017448 0.016204
0 0.597266 0.311343 0.017969 0.014352
0 0.668490 0.339120 0.017708 0.017130
0 0.569661 0.541204 0.017969 0.014815
0 0.635156 0.540046 0.018750 0.017130
0 0.678776 0.517361 0.017448 0.015278
0 0.702734 0.545833 0.019531 0.016667
0 0.737500 0.340046 0.018750 0.017130
0 0.772526 0.314815 0.018490 0.014815
0 0.790234 0.406944 0.019010 0.013889
0 0.832943 0.484954 0.015365 0.017130
0 0.834896 0.545139 0.016667 0.017130
0 0.951693 0.513657 0.021615 0.018981
0 0.885938 0.400926 0.018750 0.018519
0 0.900781 0.359722 0.021875 0.016667
0 0.904818 0.307176 0.017448 0.013426
0 0.836458 0.308102 0.018750 0.016204
0 0.009245 0.143981 0.008594 0.028704
0 0.042318 0.107407 0.015885 0.026852
0 0.050521 0.099074 0.011458 0.025000
0 0.060026 0.089815 0.015365 0.027778
0 0.069141 0.072454 0.016406 0.019907
0 0.072005 0.056481 0.014844 0.018519
0 0.006641 0.275463 0.012760 0.014815
2 0.486979 0.127315 0.026042 0.016667
2 0.539062 0.158565 0.028125 0.022685
2 0.539062 0.084954 0.021875 0.020833
