0 0.057813 0.349769 0.017188 0.011574
0 0.066406 0.370833 0.017188 0.013889
0 0.084375 0.277778 0.018750 0.016667
0 0.133854 0.354861 0.015104 0.015278
0 0.176432 0.353935 0.015365 0.014352
0 0.195964 0.382639 0.013802 0.012500
2 0.226042 0.340278 0.019792 0.013889
0 0.276172 0.345833 0.016406 0.014815
0 0.297786 0.365741 0.014323 0.012037
2 0.351302 0.306481 0.018229 0.015741
2 0.372005 0.374306 0.020052 0.012500
0 0.366797 0.353472 0.021094 0.015278
0 0.443750 0.345833 0.018229 0.015741
0 0.460286 0.378472 0.017448 0.014352
0 0.499349 0.309259 0.015885 0.012963
0 0.517057 0.355787 0.016927 0.016204
0 0.575781 0.361111 0.015625 0.013889
0 0.587370 0.338194 0.012760 0.010648
0 0.612370 0.321065 0.015365 0.011574
0 0.752474 0.312269 0.019531 0.013426
0 0.788151 0.362037 0.020052 0.016667
0 0.805859 0.384028 0.013802 0.013426
0 0.827734 0.332176 0.019010 0.016204
0 0.891016 0.333333 0.016406 0.016667
0 0.903906 0.400000 0.020313 0.016667
0 0.950391 0.293287 0.021094 0.013426
0 0.984896 0.530787 0.016146 0.013426
0 0.961198 0.330324 0.016667 0.013426
0 0.945964 0.506944 0.020052 0.016667
0 0.824479 0.537731 0.019271 0.015278
0 0.812109 0.444444 0.017969 0.016667
0 0.685026 0.498148 0.016927 0.014815
0 0.670443 0.538657 0.017448 0.016204
0 0.596484 0.537963 0.013281 0.014815
0 0.511198 0.535880 0.017708 0.014352
0 0.473568 0.440741 0.016406 0.013889
0 0.452604 0.514583 0.017708 0.014352
0 0.401432 0.528472 0.018490 0.013426
0 0.359245 0.471296 0.017969 0.016667
0 0.253385 0.428241 0.017708 0.014815
2 0.229297 0.509491 0.016927 0.013426
0 0.141276 0.505324 0.015365 0.014352
0 0.096875 0.478009 0.017188 0.016204
0 0.007292 0.136574 0.009375 0.024074
0 0.041016 0.103472 0.012760 0.031019
0 0.048698 0.093056 0.010937 0.026852
0 0.057943 0.085648 0.015365 0.028704
0 0.066797 0.066898 0.017448 0.020833
0 0.070312 0.048843 0.015625 0.020833
0 0.896615 0.371296 0.018229 0.015741
2 0.486979 0.124537 0.029687 0.021296
2 0.537500 0.154398 0.028125 0.022685
2 0.538021 0.081481 0.022396 0.019444
