0 0.016016 0.275694 0.014844 0.015278
0 0.018750 0.448843 0.019271 0.014352
0 0.041536 0.493981 0.019010 0.015741
0 0.064714 0.474306 0.016927 0.015278
0 0.057813 0.412037 0.018750 0.012963
0 0.054297 0.370139 0.022656 0.015278
0 0.100391 0.327546 0.016406 0.016204
0 0.128125 0.437500 0.018750 0.013889
0 0.140885 0.476157 0.018750 0.015278
0 0.191797 0.339583 0.017969 0.018056
0 0.185156 0.438426 0.014583 0.013889
0 0.168750 0.506019 0.017188 0.012037
0 0.198958 0.465972 0.016667 0.014352
0 0.215625 0.423148 0.019271 0.013889
2 0.244010 0.364352 0.017708 0.014815
0 0.250781 0.338426 0.015625 0.012037
0 0.248047 0.299537 0.017969 0.013889
0 0.292708 0.493750 0.016667 0.015278
0 0.353125 0.347454 0.017188 0.014352
0 0.335286 0.480324 0.015885 0.015278
0 0.363672 0.522685 0.016406 0.015741
0 0.400781 0.479167 0.020313 0.013889
0 0.427344 0.326389 0.017188 0.013889
0 0.477344 0.439815 0.017188 0.013889
0 0.488932 0.505324 0.016927 0.014352
0 0.502344 0.531250 0.018750 0.014352
0 0.559635 0.308796 0.017708 0.015741
0 0.632682 0.403009 0.016927 0.014352
0 0.650911 0.355556 0.017448 0.013889
0 0.610286 0.447685 0.019010 0.014815
0 0.631250 0.487269 0.018750 0.017130
2 0.613281 0.509028 0.046875 0.023611
0 0.603516 0.534028 0.017969 0.015278
0 0.693099 0.465972 0.019010 0.012500
0 0.749089 0.541435 0.016927 0.016204
0 0.823047 0.378009 0.019531 0.014352
0 0.879948 0.486806 0.019792 0.015278
0 0.896875 0.350463 0.017188 0.012963
0 0.963932 0.369444 0.021094 0.014815
0 0.984896 0.395139 0.021875 0.017130
2 0.530208 0.483565 0.018229 0.014352
0 0.010156 0.138657 0.010417 0.033796
0 0.043880 0.103935 0.015885 0.032870
0 0.051823 0.095370 0.011458 0.026852
0 0.062500 0.087037 0.016146 0.029630
0 0.071224 0.068519 0.017969 0.022222
0 0.073307 0.051620 0.018490 0.021759
0 0.004167 0.470370 0.007812 0.016667
0 0.908333 0.298148 0.018229 0.012963
2 0.488281 0.124074 0.030208 0.016667
2 0.539974 0.154398 0.029948 0.022685
2 0.540885 0.077778 0.022917 0.022222
