0 0.025260 0.368056 0.017188 0.015741
0 0.034635 0.342824 0.015104 0.014352
0 0.053646 0.326389 0.016146 0.013889
0 0.077995 0.392130 0.016406 0.014815
0 0.053776 0.430093 0.016927 0.015741
0 0.048177 0.515972 0.017708 0.014352
0 0.157031 0.499769 0.018229 0.013426
0 0.157031 0.458333 0.018750 0.013889
0 0.154688 0.432639 0.018750 0.015278
0 0.106120 0.343981 0.016406 0.015741
0 0.138542 0.375000 0.017708 0.013889
0 0.143359 0.304167 0.016406 0.013889
0 0.165365 0.350000 0.018229 0.016667
0 0.228125 0.334259 0.017188 0.015741
0 0.251432 0.399074 0.016927 0.014815
0 0.267188 0.471296 0.016667 0.014815
0 0.228906 0.526389 0.016667 0.013889
0 0.285417 0.359491 0.017708 0.014352
0 0.311328 0.316667 0.016406 0.016667
0 0.315104 0.381944 0.018229 0.016667
0 0.361458 0.359722 0.018229 0.015741
0 0.379557 0.382870 0.015885 0.012963
0 0.366406 0.403009 0.017188 0.019907
0 0.389323 0.445370 0.016667 0.015741
0 0.416146 0.531481 0.018229 0.013889
0 0.447656 0.315741 0.017188 0.017593
0 0.457422 0.337731 0.017969 0.014352
0 0.444922 0.361806 0.016406 0.015278
0 0.453125 0.405556 0.018750 0.016667
0 0.531510 0.318287 0.014583 0.016204
0 0.533594 0.357639 0.015625 0.015278
0 0.552344 0.405556 0.015625 0.016667
2 0.583464 0.363194 0.019010 0.015278
0 0.616797 0.384491 0.017969 0.013426
0 0.682161 0.311343 0.020573 0.015278
0 0.701042 0.360185 0.019792 0.015741
0 0.715104 0.330093 0.017708 0.015741
0 0.759375 0.330093 0.015625 0.015741
0 0.737760 0.401157 0.019271 0.013426
0 0.803906 0.300694 0.015625 0.015278
0 0.827734 0.328472 0.016406 0.015278
0 0.864193 0.370833 0.019010 0.013889
0 0.906250 0.322222 0.020313 0.019444
0 0.975911 0.341898 0.021615 0.016204
0 0.982031 0.386111 0.021875 0.016667
0 0.970833 0.522222 0.018229 0.013889
0 0.842969 0.437731 0.018750 0.016204
0 0.814714 0.463657 0.019010 0.013426
0 0.835677 0.530787 0.017708 0.017130
0 0.677734 0.540509 0.015885 0.013426
0 0.607552 0.470370 0.013542 0.013889
2 0.589714 0.540741 0.016927 0.013889
0 0.008073 0.160648 0.006250 0.027778
0 0.041406 0.122917 0.016146 0.027315
0 0.048958 0.116204 0.012500 0.026852
0 0.058984 0.106713 0.017448 0.028241
0 0.066797 0.086806 0.017448 0.016204
0 0.069922 0.070370 0.016406 0.020370
0 0.009115 0.494907 0.017708 0.015741
2 0.485938 0.130093 0.030208 0.016667
2 0.536719 0.157870 0.028125 0.021296
2 0.537500 0.083796 0.024479 0.023148
