0 0.021094 0.341204 0.017188 0.015741
0 0.098568 0.303704 0.017448 0.015741
0 0.102604 0.366204 0.016667 0.014815
0 0.058724 0.427083 0.017448 0.015278
0 0.157682 0.448380 0.017448 0.013426
0 0.102344 0.497222 0.021875 0.016667
0 0.177214 0.501389 0.019010 0.015741
0 0.253646 0.395370 0.017708 0.015741
0 0.275911 0.437731 0.016927 0.014352
0 0.345703 0.527778 0.017969 0.016667
0 0.378255 0.446065 0.018490 0.016204
0 0.391406 0.531944 0.016667 0.015741
0 0.415104 0.468056 0.020313 0.015741
0 0.439323 0.334491 0.018229 0.014352
2 0.447526 0.310648 0.021615 0.014815
0 0.537500 0.309028 0.017188 0.018056
0 0.575781 0.381019 0.017188 0.014815
0 0.525130 0.534722 0.016927 0.014815
0 0.619401 0.540741 0.019010 0.014815
0 0.618359 0.510417 0.019531 0.015278
0 0.730859 0.533796 0.019531 0.012963
0 0.840625 0.531713 0.019792 0.018056
0 0.762760 0.464120 0.015104 0.014352
0 0.680208 0.335417 0.016667 0.015278
0 0.773958 0.440046 0.018229 0.016204
0 0.787109 0.398843 0.017969 0.014352
0 0.803646 0.347917 0.019271 0.015278
0 0.852344 0.371759 0.018750 0.018519
0 0.846745 0.455787 0.016927 0.017130
0 0.926432 0.340278 0.017448 0.016667
0 0.973047 0.358796 0.021094 0.017593
0 0.988021 0.493981 0.020833 0.016667
0 0.031250 0.118519 0.014063 0.031481
0 0.039714 0.108796 0.011719 0.025926
0 0.049870 0.099074 0.016927 0.028704
0 0.057682 0.080324 0.017448 0.019907
0 0.060937 0.064815 0.016146 0.020370
0 0.007161 0.295602 0.013802 0.011574
0 0.990104 0.328935 0.019271 0.018981
