0 0.024349 0.372917 0.018490 0.015278
0 0.053906 0.435880 0.016667 0.016204
0 0.081250 0.394444 0.014063 0.011111
0 0.117969 0.351389 0.018229 0.014815
0 0.108333 0.499074 0.018229 0.015741
0 0.165885 0.397685 0.018229 0.014815
0 0.215234 0.378704 0.016406 0.015741
0 0.235937 0.353472 0.017188 0.015278
0 0.231250 0.401389 0.015625 0.016667
0 0.243359 0.523148 0.016406 0.015741
0 0.318880 0.467361 0.015885 0.015278
0 0.319141 0.356481 0.017969 0.014815
0 0.337891 0.380556 0.016406 0.016667
0 0.344401 0.404861 0.019010 0.015278
0 0.366667 0.336111 0.017708 0.012963
0 0.443620 0.331713 0.016927 0.013426
0 0.467578 0.381250 0.019010 0.015278
0 0.489063 0.334259 0.015625 0.012037
0 0.512370 0.403009 0.015365 0.012500
0 0.627344 0.320833 0.018750 0.013889
0 0.722005 0.315509 0.019010 0.011574
0 0.833854 0.346528 0.016667 0.015278
0 0.893620 0.285880 0.020573 0.014352
0 0.916536 0.312269 0.018490 0.014352
0 0.948047 0.335185 0.020573 0.017593
0 0.733464 0.458796 0.015885 0.015741
2 0.475651 0.444676 0.017448 0.014352
0 0.420312 0.488889 0.018750 0.013889
0 0.384375 0.444213 0.015625 0.016204
0 0.030078 0.125231 0.013802 0.031019
0 0.038411 0.116435 0.011198 0.025463
0 0.048438 0.107176 0.015625 0.029167
0 0.056510 0.087269 0.016667 0.021759
0 0.059375 0.070833 0.017708 0.020370
2 0.478646 0.127546 0.028646 0.017130
2 0.530469 0.155093 0.028125 0.022222
2 0.530990 0.079861 0.025000 0.020833
0 0.592969 0.402778 0.016146 0.014815
0 0.947526 0.525694 0.024740 0.016204
