0 0.027474 0.350463 0.015885 0.012963
0 0.067187 0.438194 0.018750 0.012500
0 0.050391 0.497454 0.021094 0.013426
2 0.107552 0.457870 0.018229 0.015741
0 0.082812 0.327083 0.018750 0.012500
0 0.153516 0.352315 0.018490 0.015741
2 0.185417 0.462731 0.017708 0.014352
0 0.190104 0.484722 0.016667 0.013889
0 0.164193 0.525000 0.017448 0.013889
0 0.248828 0.360185 0.016406 0.012963
0 0.244531 0.381944 0.014063 0.011111
0 0.273438 0.378241 0.018750 0.011111
0 0.283073 0.405093 0.018229 0.015741
0 0.326562 0.382639 0.015104 0.014352
0 0.346484 0.464120 0.018490 0.013426
0 0.388932 0.336343 0.017969 0.015278
0 0.427474 0.360417 0.017448 0.015278
0 0.497005 0.337500 0.016927 0.013889
0 0.494141 0.527083 0.017969 0.018056
0 0.541016 0.337037 0.017969 0.012963
0 0.540234 0.361111 0.019010 0.012963
0 0.621354 0.330787 0.016146 0.017130
0 0.584766 0.404398 0.017448 0.013426
0 0.668750 0.332176 0.017188 0.014352
0 0.791016 0.350694 0.019531 0.018056
0 0.802344 0.326389 0.018750 0.013889
2 0.894531 0.290972 0.021875 0.015278
0 0.911719 0.318056 0.018750 0.016667
0 0.979297 0.270139 0.019531 0.018056
0 0.975651 0.379167 0.023177 0.016667
2 0.989062 0.443056 0.020313 0.016667
0 0.903385 0.363889 0.020833 0.017593
0 0.833854 0.391667 0.018229 0.016667
0 0.897135 0.426620 0.019271 0.014352
0 0.786979 0.457176 0.018229 0.014352
0 0.744010 0.436806 0.017708 0.013426
0 0.650781 0.532870 0.018229 0.012037
0 0.006901 0.164815 0.005990 0.025000
0 0.041146 0.128009 0.013542 0.027315
0 0.069792 0.074769 0.013021 0.015278
0 0.066536 0.089583 0.014323 0.014352
0 0.058464 0.109722 0.015885 0.028704
0 0.048828 0.119907 0.011719 0.025000
0 0.994271 0.330556 0.010937 0.016667
0 0.807031 0.301389 0.018750 0.014815
2 0.486328 0.128704 0.030990 0.015741
2 0.536198 0.157176 0.027604 0.022685
2 0.536719 0.082176 0.024479 0.020833
