0 0.013932 0.372222 0.015885 0.013889
0 0.053906 0.354167 0.017188 0.016667
0 0.066797 0.311111 0.016406 0.013889
0 0.078255 0.287963 0.012760 0.012963
0 0.138021 0.339583 0.016146 0.012500
0 0.141667 0.317361 0.016667 0.015278
0 0.054948 0.503704 0.016667 0.012037
0 0.078385 0.484954 0.017708 0.014352
0 0.130078 0.488889 0.016406 0.013889
0 0.190755 0.495370 0.017969 0.012963
0 0.257943 0.350694 0.015365 0.015278
0 0.270052 0.327778 0.016667 0.016667
0 0.291276 0.375231 0.016927 0.016204
0 0.260547 0.483102 0.017969 0.014352
0 0.299870 0.523380 0.016927 0.017130
0 0.321484 0.327083 0.019531 0.018056
0 0.337630 0.352778 0.015885 0.013889
0 0.351693 0.393056 0.015365 0.013889
0 0.395443 0.307407 0.018490 0.014815
0 0.417318 0.332407 0.015885 0.012963
0 0.415755 0.355787 0.016927 0.011574
0 0.445833 0.440509 0.017708 0.014352
0 0.539062 0.352778 0.017188 0.013889
0 0.393750 0.531019 0.016146 0.014815
2 0.522656 0.538889 0.040625 0.025000
2 0.600000 0.513889 0.062500 0.022222
0 0.553646 0.385185 0.015104 0.014815
0 0.566146 0.316204 0.015104 0.014815
0 0.585417 0.356250 0.016146 0.015278
0 0.660547 0.353472 0.017969 0.015278
0 0.713151 0.540741 0.016927 0.012963
0 0.758464 0.488194 0.017448 0.013426
0 0.798568 0.534722 0.017969 0.015741
0 0.787630 0.400231 0.017448 0.014352
0 0.798177 0.327546 0.018229 0.014352
0 0.901693 0.324306 0.019531 0.013426
0 0.862240 0.461806 0.018229 0.014352
0 0.926693 0.528704 0.017448 0.014815
0 0.004036 0.145139 0.007552 0.026389
0 0.036589 0.109722 0.013281 0.029630
0 0.043359 0.100463 0.010677 0.025000
0 0.053255 0.090741 0.015885 0.029630
0 0.062500 0.071528 0.018229 0.021759
0 0.065495 0.056019 0.016406 0.020370
2 0.482812 0.124074 0.029687 0.018519
2 0.535937 0.078704 0.022917 0.022222
2 0.533594 0.156019 0.027083 0.025000
0 0.005729 0.473148 0.010937 0.013889
0 0.990885 0.527315 0.018229 0.012963
