0 0.024609 0.326389 0.017969 0.019444
0 0.061068 0.302315 0.015365 0.015741
0 0.072396 0.435880 0.016667 0.016204
0 0.102344 0.394444 0.017188 0.013889
0 0.153516 0.331944 0.016406 0.013889
0 0.156641 0.376852 0.019531 0.014815
0 0.160026 0.400694 0.016927 0.015278
0 0.204297 0.318750 0.017969 0.015278
0 0.251172 0.402778 0.016406 0.013889
0 0.266406 0.379167 0.017188 0.016667
0 0.262500 0.357407 0.017188 0.012963
0 0.270703 0.334722 0.019531 0.013889
0 0.339062 0.338657 0.016146 0.014352
0 0.317969 0.403472 0.018750 0.014352
0 0.382031 0.378472 0.020313 0.015278
0 0.328385 0.465278 0.019271 0.013889
0 0.366016 0.445139 0.019531 0.015278
0 0.359375 0.488889 0.015625 0.013889
2 0.400000 0.469444 0.018750 0.019444
0 0.513672 0.322454 0.017969 0.016204
0 0.490495 0.381944 0.017448 0.016667
0 0.503385 0.491898 0.016667 0.013426
0 0.474089 0.541898 0.020052 0.014352
0 0.576693 0.445602 0.020052 0.014352
2 0.589453 0.381944 0.022656 0.019444
0 0.566667 0.315741 0.018229 0.014815
0 0.614453 0.403241 0.017969 0.015741
0 0.636589 0.359954 0.019010 0.013426
0 0.667708 0.332639 0.015625 0.013426
0 0.728125 0.400000 0.014063 0.016667
0 0.796224 0.346065 0.019010 0.019907
0 0.753906 0.484259 0.021875 0.018519
0 0.827995 0.459491 0.020052 0.016204
0 0.831120 0.436111 0.020573 0.013889
0 0.913021 0.450694 0.017708 0.018056
0 0.931901 0.499074 0.018490 0.015741
0 0.948958 0.362731 0.018229 0.017130
0 0.970573 0.318981 0.019792 0.014815
0 0.981380 0.347917 0.023177 0.015278
0 0.897656 0.337500 0.018750 0.019444
0 0.071224 0.075231 0.014323 0.015278
0 0.068359 0.090741 0.016406 0.016667
0 0.058854 0.109491 0.011979 0.024537
0 0.050391 0.121759 0.008073 0.025000
0 0.041406 0.128935 0.010937 0.027315
0 0.009115 0.164120 0.007812 0.026389
0 0.005990 0.369213 0.011458 0.015278
0 0.990104 0.272685 0.017708 0.012963
2 0.486719 0.130093 0.029687 0.018519
2 0.537760 0.158565 0.027604 0.018981
2 0.537630 0.082407 0.022656 0.017593
