0 0.034635 0.288657 0.015104 0.013426
0 0.008854 0.311806 0.014583 0.015278
0 0.054036 0.339583 0.019010 0.012500
0 0.111719 0.323611 0.017188 0.016667
0 0.115885 0.369213 0.015625 0.014352
0 0.125391 0.301620 0.017969 0.012500
0 0.190365 0.305556 0.018229 0.014815
0 0.271094 0.306944 0.017188 0.016667
0 0.282031 0.332639 0.014063 0.015278
0 0.367708 0.314352 0.018229 0.012963
0 0.015495 0.423380 0.016927 0.014352
0 0.185156 0.476620 0.017188 0.013426
0 0.186068 0.503704 0.015885 0.014815
0 0.199609 0.434491 0.016406 0.015278
0 0.251953 0.458565 0.019010 0.013426
2 0.294922 0.397222 0.016406 0.016667
0 0.286589 0.503935 0.018490 0.013426
0 0.326302 0.463889 0.017708 0.016667
0 0.348828 0.518056 0.011719 0.013889
0 0.400260 0.381481 0.015625 0.012963
0 0.405990 0.335880 0.017708 0.014352
0 0.421354 0.534954 0.014583 0.013426
0 0.477083 0.484028 0.016667 0.015278
0 0.480859 0.510417 0.017969 0.015278
0 0.544010 0.468519 0.018229 0.012963
0 0.553906 0.386343 0.018750 0.015278
0 0.561068 0.449537 0.019010 0.015741
0 0.606380 0.514815 0.015365 0.013889
0 0.623958 0.491435 0.018229 0.014352
0 0.595703 0.346528 0.016406 0.018056
0 0.614323 0.312269 0.015625 0.017130
0 0.651563 0.338194 0.017188 0.018056
0 0.631641 0.408102 0.021094 0.014352
0 0.672917 0.445833 0.019271 0.013889
0 0.724740 0.515741 0.019271 0.012037
0 0.703125 0.359028 0.017188 0.015278
0 0.708594 0.384028 0.018750 0.015278
0 0.714063 0.328472 0.017188 0.015278
0 0.857812 0.298148 0.019792 0.018519
0 0.835156 0.356944 0.018750 0.016667
0 0.842187 0.381250 0.017188 0.018056
0 0.777995 0.315741 0.020573 0.020370
0 0.941927 0.326157 0.016146 0.017130
0 0.905208 0.395602 0.018229 0.016204
0 0.933073 0.528704 0.019792 0.015741
0 0.880990 0.531250 0.018229 0.018056
0 0.820833 0.536806 0.018229 0.018056
0 0.805469 0.489583 0.015625 0.014352
0 0.007943 0.153935 0.009115 0.026389
0 0.040885 0.118981 0.012500 0.026852
0 0.050130 0.110417 0.009115 0.020833
0 0.058073 0.098843 0.013021 0.025463
0 0.067969 0.083333 0.015104 0.017593
0 0.070964 0.066667 0.017969 0.013889
0 0.995052 0.387037 0.009896 0.016667
2 0.484896 0.129861 0.027083 0.018056
2 0.536979 0.160648 0.026562 0.022222
2 0.537760 0.085185 0.021875 0.020370
