0 0.060417 0.290509 0.013542 0.014352
0 0.067969 0.338426 0.017188 0.017593
0 0.086458 0.361343 0.018229 0.014352
0 0.205208 0.298611 0.019792 0.016667
0 0.198047 0.370139 0.016406 0.015278
0 0.119792 0.431713 0.017708 0.017130
0 0.106771 0.507176 0.018229 0.015278
0 0.154167 0.491667 0.017708 0.016667
0 0.178906 0.470833 0.014063 0.013889
0 0.212760 0.516204 0.017708 0.014815
0 0.214974 0.432639 0.017448 0.012500
0 0.264062 0.429861 0.018750 0.015278
0 0.268490 0.453009 0.016667 0.013426
0 0.308203 0.332639 0.017969 0.015278
0 0.306250 0.376389 0.018750 0.016667
0 0.335156 0.356250 0.017188 0.015278
0 0.336719 0.480324 0.019271 0.014352
0 0.314844 0.517361 0.014063 0.018056
0 0.407813 0.378009 0.015625 0.016204
0 0.383073 0.505324 0.019271 0.016204
0 0.438802 0.533565 0.018229 0.013426
0 0.473568 0.468750 0.015885 0.016204
0 0.494141 0.334028 0.016406 0.015278
0 0.522266 0.511343 0.017969 0.016204
0 0.542578 0.406250 0.017969 0.012500
0 0.564844 0.447917 0.017188 0.015278
0 0.580599 0.531019 0.019010 0.014815
0 0.607422 0.511806 0.017969 0.015278
0 0.614062 0.493056 0.020313 0.013889
0 0.627865 0.470602 0.018229 0.016204
0 0.585156 0.359028 0.018750 0.015278
0 0.596094 0.311806 0.012500 0.012500
0 0.617448 0.409028 0.019792 0.015278
0 0.674740 0.542361 0.018229 0.015278
0 0.685156 0.451389 0.018750 0.016667
0 0.682292 0.385185 0.019271 0.014815
0 0.694141 0.342361 0.017969 0.015278
0 0.706250 0.407639 0.017188 0.015278
0 0.733984 0.353472 0.022656 0.015278
0 0.741797 0.490972 0.016406 0.018056
0 0.778516 0.540278 0.017969 0.016667
0 0.821094 0.514583 0.018750 0.018056
0 0.836719 0.487500 0.018750 0.016667
0 0.972266 0.486111 0.019010 0.016667
0 0.947526 0.529861 0.018490 0.015278
0 0.893359 0.378472 0.019531 0.015278
2 0.801693 0.340278 0.020573 0.013889
0 0.811068 0.312500 0.017448 0.013889
0 0.934505 0.332176 0.019010 0.017130
0 0.969922 0.395139 0.021094 0.018056
0 0.008854 0.148148 0.009896 0.029630
0 0.041927 0.113194 0.013542 0.029167
0 0.050391 0.104630 0.012240 0.023148
0 0.059245 0.094444 0.015365 0.027778
0 0.067969 0.076157 0.017708 0.021759
0 0.071354 0.061343 0.015104 0.021759
2 0.486328 0.128935 0.030469 0.016204
2 0.536719 0.160417 0.028125 0.022685
2 0.537500 0.084259 0.022917 0.020370
