0 0.039453 0.312500 0.017969 0.016667
0 0.103516 0.287500 0.016406 0.013889
0 0.136589 0.315972 0.014844 0.012500
0 0.083984 0.441667 0.017969 0.013889
2 0.123438 0.466667 0.018750 0.013889
0 0.157422 0.489815 0.014844 0.012037
0 0.191797 0.470139 0.019531 0.015278
0 0.219271 0.319213 0.015104 0.014352
0 0.237500 0.298148 0.017188 0.014815
0 0.293490 0.333102 0.017708 0.016204
0 0.365625 0.379861 0.015625 0.018056
0 0.361198 0.495139 0.018229 0.015278
0 0.416536 0.310880 0.017448 0.016204
0 0.442578 0.378472 0.017969 0.015278
0 0.490495 0.442824 0.017448 0.015278
0 0.497917 0.467361 0.019271 0.013426
0 0.549740 0.470370 0.019792 0.013889
0 0.515625 0.358796 0.017188 0.017593
0 0.520312 0.385417 0.017188 0.015278
0 0.552083 0.335880 0.016667 0.015278
0 0.594661 0.321296 0.014323 0.015741
0 0.571094 0.407407 0.017188 0.015741
0 0.644141 0.313657 0.017969 0.016204
0 0.640365 0.361574 0.018750 0.014815
0 0.705469 0.337731 0.018229 0.014352
0 0.715755 0.308102 0.017448 0.013426
0 0.799609 0.320139 0.017969 0.018056
0 0.764974 0.359722 0.019531 0.014815
0 0.832682 0.378935 0.018490 0.016204
0 0.861589 0.326852 0.018490 0.015741
0 0.885417 0.299537 0.019792 0.014815
0 0.940104 0.329398 0.016146 0.017130
0 0.895703 0.487500 0.017969 0.016667
0 0.004818 0.145833 0.006510 0.030556
0 0.038281 0.107639 0.011458 0.027315
0 0.045703 0.099537 0.008073 0.023148
0 0.055339 0.090972 0.012760 0.028241
0 0.064193 0.072685 0.014323 0.017593
0 0.067448 0.056481 0.016146 0.019444
0 0.010677 0.369213 0.016146 0.015278
2 0.485156 0.126389 0.030208 0.014815
2 0.535417 0.156944 0.027604 0.020370
2 0.536719 0.081713 0.021875 0.021759
