0 0.102865 0.294676 0.016146 0.015278
0 0.090365 0.384491 0.016146 0.015278
0 0.068880 0.487731 0.017969 0.014352
0 0.046224 0.511806 0.017448 0.012500
0 0.143229 0.514352 0.016667 0.012037
0 0.167057 0.453009 0.015365 0.012500
0 0.170052 0.345139 0.018229 0.013426
0 0.260417 0.300926 0.016146 0.012963
0 0.251563 0.434491 0.017188 0.013426
0 0.220964 0.522454 0.018490 0.016204
0 0.304427 0.523843 0.016667 0.013426
0 0.362630 0.447454 0.015885 0.016204
0 0.420052 0.506250 0.017188 0.015278
0 0.414714 0.531019 0.017448 0.014815
0 0.463542 0.310648 0.013542 0.012963
0 0.536719 0.316898 0.018750 0.013426
0 0.554036 0.359954 0.015885 0.016204
0 0.663151 0.377315 0.017448 0.013889
0 0.773177 0.399306 0.017708 0.015278
0 0.699479 0.513194 0.019271 0.015278
0 0.793229 0.525000 0.016146 0.013889
0 0.828906 0.530324 0.012500 0.013426
0 0.898047 0.478241 0.019531 0.014815
0 0.879557 0.530556 0.016927 0.013889
2 0.838281 0.323611 0.022917 0.014815
0 0.966797 0.496759 0.017448 0.014815
0 0.964844 0.523148 0.017708 0.014815
0 0.930208 0.320139 0.018229 0.015278
0 0.033333 0.115509 0.014063 0.031019
0 0.040625 0.106250 0.009896 0.025463
0 0.051042 0.097454 0.014063 0.029167
0 0.060417 0.078009 0.017188 0.023611
0 0.061979 0.061806 0.018750 0.023611
2 0.478516 0.125926 0.025781 0.016667
2 0.532682 0.080324 0.024740 0.018056
2 0.530729 0.153935 0.027604 0.018981
