0 0.143490 0.295833 0.014583 0.013889
0 0.159635 0.362731 0.017188 0.015278
0 0.186198 0.324769 0.016146 0.014352
0 0.239844 0.312500 0.017188 0.013889
0 0.225391 0.349537 0.015365 0.015741
0 0.226693 0.373380 0.016927 0.012500
0 0.242188 0.391667 0.015625 0.016667
0 0.298828 0.331481 0.014844 0.015741
0 0.315104 0.399074 0.016146 0.014815
0 0.368620 0.346065 0.015885 0.015278
0 0.374609 0.310417 0.016406 0.018056
0 0.425781 0.401620 0.017188 0.016204
0 0.492969 0.337731 0.015625 0.012500
0 0.534245 0.317593 0.017448 0.015741
0 0.614323 0.311574 0.017708 0.015741
0 0.630990 0.331713 0.016667 0.013426
0 0.656250 0.361111 0.019271 0.013889
0 0.772917 0.384028 0.017708 0.015278
0 0.794401 0.312500 0.020573 0.013889
0 0.851042 0.334028 0.018229 0.015278
0 0.921875 0.328241 0.018750 0.015741
0 0.954688 0.335185 0.017188 0.015741
0 0.956120 0.352778 0.020052 0.013889
0 0.953646 0.374537 0.019271 0.015741
0 0.872786 0.377778 0.020573 0.013889
0 0.869531 0.443056 0.017188 0.012037
0 0.874740 0.508333 0.019271 0.016667
0 0.942708 0.499074 0.019271 0.014815
0 0.918359 0.536111 0.017969 0.019444
0 0.858594 0.538889 0.015625 0.013889
0 0.838672 0.466667 0.019531 0.013889
0 0.835547 0.488889 0.017969 0.016667
0 0.700781 0.540278 0.017188 0.016667
0 0.659245 0.448380 0.018490 0.015278
0 0.392057 0.485417 0.016927 0.015278
0 0.025260 0.418287 0.016146 0.015278
0 0.012370 0.438194 0.016927 0.014352
0 0.007031 0.151157 0.008333 0.031019
0 0.039062 0.113889 0.012500 0.026852
0 0.047526 0.106250 0.009635 0.025463
0 0.057031 0.097454 0.014063 0.030093
0 0.066406 0.076852 0.018229 0.020370
0 0.068490 0.061111 0.018229 0.020370
0 0.008073 0.354861 0.015625 0.014352
2 0.484115 0.130093 0.028125 0.018519
2 0.537240 0.159954 0.030208 0.023611
2 0.536589 0.084259 0.022135 0.019444
0 0.891667 0.299769 0.017708 0.017130
