0 0.048438 0.351389 0.016146 0.013889
0 0.076042 0.326620 0.021354 0.017130
0 0.133984 0.356250 0.019531 0.012500
0 0.151823 0.395833 0.012500 0.013889
0 0.215104 0.501157 0.020313 0.016204
0 0.257422 0.441204 0.019010 0.012963
0 0.314323 0.488657 0.019271 0.014352
0 0.284505 0.359722 0.018490 0.013889
0 0.335938 0.383333 0.017708 0.012963
0 0.406641 0.308333 0.016406 0.016667
0 0.456901 0.362269 0.016927 0.016204
0 0.427214 0.468750 0.015365 0.015278
0 0.481771 0.525926 0.016146 0.012963
0 0.515234 0.311111 0.017969 0.016667
0 0.556641 0.356250 0.017969 0.015278
0 0.533724 0.406713 0.016927 0.016204
0 0.551562 0.383333 0.017188 0.013889
0 0.539062 0.446296 0.017188 0.012037
0 0.576432 0.495370 0.020052 0.018519
0 0.589844 0.405324 0.017188 0.012500
0 0.641016 0.334722 0.017969 0.013889
0 0.693750 0.314583 0.017188 0.015278
0 0.625781 0.446528 0.020313 0.015278
0 0.626042 0.467130 0.017708 0.012037
0 0.661589 0.509491 0.019010 0.013426
0 0.679688 0.352083 0.017188 0.015278
0 0.680599 0.444444 0.016406 0.016667
0 0.715625 0.400694 0.017188 0.015278
0 0.741667 0.356944 0.017708 0.012963
0 0.767188 0.379861 0.017708 0.016204
0 0.784505 0.397222 0.017448 0.013889
0 0.796224 0.350231 0.017448 0.011574
0 0.834375 0.327778 0.020313 0.016667
0 0.882552 0.366204 0.021354 0.015741
0 0.876042 0.391204 0.019792 0.018519
0 0.935937 0.385417 0.020313 0.015278
0 0.986198 0.312269 0.021354 0.016204
0 0.940885 0.428935 0.019271 0.016204
0 0.955078 0.470139 0.017969 0.018056
0 0.749609 0.438889 0.016406 0.016667
0 0.840234 0.433565 0.018490 0.012500
0 0.844141 0.506019 0.016927 0.012963
2 0.751172 0.463889 0.025781 0.016667
0 0.770182 0.506250 0.018490 0.018056
0 0.823568 0.532407 0.017969 0.013889
2 0.889193 0.529167 0.019010 0.016667
2 0.294141 0.313657 0.016406 0.011574
0 0.069271 0.074074 0.015104 0.017593
0 0.068229 0.093056 0.016146 0.018519
0 0.060156 0.109028 0.016667 0.027315
0 0.049479 0.115278 0.008854 0.018519
0 0.040625 0.126852 0.011458 0.023148
0 0.008854 0.163657 0.007292 0.023611
2 0.485417 0.131019 0.028125 0.016667
2 0.537240 0.159491 0.028125 0.019907
2 0.537630 0.083796 0.022135 0.019444
