0 0.047135 0.445602 0.016667 0.013426
0 0.060286 0.366898 0.017448 0.015278
0 0.096875 0.321528 0.015625 0.012500
0 0.114714 0.347454 0.013802 0.014352
0 0.179948 0.317130 0.013021 0.015741
0 0.181120 0.393519 0.018490 0.012963
0 0.218750 0.373611 0.012500 0.016667
0 0.279036 0.321065 0.015885 0.015278
0 0.304818 0.376389 0.016406 0.014815
0 0.341667 0.309491 0.016667 0.014352
0 0.443880 0.316204 0.017969 0.015741
0 0.491406 0.339583 0.017188 0.018056
0 0.248828 0.437037 0.017969 0.012963
0 0.411458 0.499769 0.019271 0.013426
0 0.500260 0.450463 0.016146 0.014815
0 0.487760 0.387500 0.017708 0.012037
0 0.518620 0.409954 0.013802 0.014352
0 0.559635 0.514583 0.017708 0.015278
0 0.538672 0.541667 0.019531 0.013889
0 0.671745 0.515509 0.018490 0.016204
0 0.692839 0.473843 0.019010 0.017130
0 0.813281 0.513194 0.018750 0.015278
0 0.855208 0.445139 0.018229 0.015278
0 0.855859 0.402083 0.019531 0.018056
2 0.876693 0.376389 0.035156 0.018519
0 0.904297 0.321759 0.019531 0.015741
0 0.919010 0.357176 0.017708 0.013426
0 0.967969 0.325694 0.018750 0.018056
0 0.693359 0.340972 0.017969 0.015278
0 0.759375 0.335185 0.017188 0.014815
0 0.779036 0.361111 0.016927 0.016667
0 0.700000 0.386111 0.020313 0.016667
0 0.683333 0.409491 0.018229 0.014352
0 0.742318 0.406481 0.019010 0.012963
0 0.010677 0.154167 0.009375 0.027778
0 0.042839 0.119213 0.013802 0.030093
0 0.051042 0.109259 0.010937 0.023148
0 0.060547 0.101852 0.013802 0.027778
0 0.069401 0.082639 0.014844 0.021759
0 0.072786 0.067593 0.016406 0.019444
0 0.993490 0.341435 0.013021 0.014352
2 0.487500 0.131250 0.030729 0.017130
2 0.537109 0.162269 0.027865 0.023611
2 0.538802 0.087500 0.024479 0.015741
