0 0.019922 0.434722 0.019531 0.013889
0 0.052734 0.415972 0.016406 0.015278
0 0.063021 0.365741 0.019792 0.014815
0 0.177995 0.352778 0.016927 0.014815
0 0.248828 0.311806 0.016406 0.014352
0 0.214844 0.430324 0.018750 0.016204
0 0.204948 0.515046 0.017708 0.013426
0 0.111198 0.505556 0.019271 0.015741
0 0.310547 0.462037 0.017969 0.014815
0 0.363672 0.438889 0.017969 0.016667
0 0.401953 0.312500 0.017969 0.016667
0 0.388672 0.485417 0.017969 0.015278
2 0.496745 0.509954 0.017969 0.017130
0 0.527083 0.403472 0.018229 0.013426
0 0.518099 0.317130 0.019010 0.012963
0 0.554557 0.381944 0.014844 0.013889
0 0.584505 0.315741 0.017448 0.015741
0 0.614844 0.357870 0.018750 0.015741
0 0.620052 0.491204 0.019271 0.012963
0 0.647396 0.535880 0.018229 0.013426
0 0.676823 0.321296 0.017708 0.017593
0 0.738151 0.333333 0.019010 0.016667
0 0.756901 0.443519 0.020052 0.015741
0 0.777083 0.512269 0.018750 0.015278
0 0.804297 0.465046 0.014844 0.014352
0 0.840755 0.486806 0.013281 0.012500
0 0.841797 0.509028 0.019531 0.015278
0 0.939063 0.533333 0.017188 0.016667
0 0.955208 0.503935 0.018229 0.016204
0 0.939063 0.437963 0.020313 0.015741
0 0.908854 0.400926 0.019271 0.014815
0 0.953255 0.326852 0.014323 0.014815
2 0.027865 0.309028 0.018229 0.015278
1 0.303906 0.346528 0.042188 0.020833
0 0.007292 0.144213 0.009375 0.025463
0 0.040234 0.110648 0.012240 0.030556
0 0.048307 0.101620 0.011198 0.024537
0 0.058594 0.092361 0.017188 0.026389
0 0.066797 0.073843 0.016406 0.023611
0 0.069922 0.058102 0.015885 0.021759
2 0.485938 0.126852 0.030729 0.016667
2 0.535547 0.157176 0.030469 0.021759
2 0.537370 0.080787 0.023177 0.020833
