0 0.025781 0.418287 0.020313 0.014352
0 0.087891 0.479398 0.019531 0.018056
0 0.111979 0.438889 0.018229 0.013889
0 0.127214 0.386343 0.012760 0.012500
0 0.147396 0.367130 0.016667 0.014815
0 0.166667 0.301157 0.019792 0.016204
0 0.181901 0.324537 0.016927 0.015741
0 0.204687 0.430556 0.012500 0.012037
0 0.226823 0.453704 0.016146 0.015741
0 0.303776 0.396296 0.016406 0.014815
0 0.329297 0.377778 0.017969 0.013889
0 0.364583 0.483565 0.017188 0.014352
0 0.371354 0.463194 0.014583 0.012500
0 0.382031 0.401157 0.020313 0.016204
0 0.390365 0.335185 0.013542 0.015741
0 0.473828 0.360880 0.017969 0.013426
0 0.475521 0.327546 0.018229 0.016204
0 0.494271 0.402546 0.019271 0.014352
2 0.539323 0.380324 0.030208 0.017130
0 0.570573 0.360185 0.017708 0.014815
0 0.591276 0.314815 0.018490 0.018519
0 0.593229 0.340972 0.019271 0.015278
0 0.670182 0.465972 0.020052 0.015278
2 0.712500 0.331944 0.020313 0.013889
0 0.726172 0.384722 0.017448 0.012963
0 0.769922 0.403935 0.015365 0.012500
0 0.782292 0.361343 0.019271 0.013426
0 0.863672 0.353704 0.016927 0.018519
0 0.942969 0.293519 0.018750 0.015741
0 0.982031 0.286806 0.021875 0.017130
0 0.952734 0.332639 0.019531 0.018056
0 0.899870 0.398843 0.019531 0.013426
0 0.933984 0.440741 0.017969 0.012963
0 0.957943 0.503704 0.021094 0.014815
0 0.928125 0.532870 0.020313 0.017593
0 0.891797 0.484028 0.017969 0.013426
0 0.843490 0.511343 0.018229 0.015278
0 0.012370 0.151620 0.010677 0.027315
0 0.044401 0.116667 0.013281 0.030556
0 0.053385 0.108102 0.014063 0.027315
0 0.061719 0.097454 0.015625 0.025463
0 0.070703 0.078472 0.015365 0.018981
0 0.073828 0.062500 0.017448 0.020370
2 0.487630 0.130787 0.029427 0.017130
2 0.538542 0.159954 0.027604 0.020833
2 0.539453 0.084722 0.023698 0.020370
