0 0.056250 0.490741 0.019792 0.013889
0 0.115495 0.413657 0.020573 0.017130
0 0.073047 0.324074 0.017969 0.014815
0 0.093750 0.282639 0.017188 0.015278
0 0.203516 0.339583 0.016406 0.015278
0 0.201953 0.361343 0.014844 0.013426
0 0.272526 0.333333 0.017448 0.013889
0 0.277344 0.389120 0.014063 0.016204
0 0.315495 0.368750 0.015885 0.013426
0 0.323437 0.324769 0.015625 0.013426
0 0.382943 0.343056 0.015365 0.013889
0 0.391406 0.372222 0.017188 0.013889
0 0.426432 0.351620 0.017448 0.013426
0 0.478125 0.377546 0.017188 0.013426
0 0.496484 0.327083 0.017969 0.015278
0 0.517969 0.355556 0.018750 0.016667
0 0.541797 0.380556 0.017969 0.016667
0 0.560156 0.333333 0.015625 0.016667
0 0.632552 0.331944 0.013542 0.012963
0 0.710938 0.403472 0.017188 0.013426
0 0.723437 0.331944 0.020313 0.019444
0 0.772917 0.355787 0.018750 0.012500
0 0.802995 0.331019 0.014323 0.012963
0 0.856380 0.329630 0.017969 0.015741
0 0.955208 0.350000 0.020313 0.019444
0 0.984375 0.374074 0.023438 0.015741
0 0.949609 0.503009 0.016406 0.016204
0 0.973177 0.531944 0.016667 0.013889
0 0.850781 0.510648 0.015625 0.012963
0 0.776302 0.513426 0.017708 0.015741
0 0.748437 0.541667 0.018229 0.012963
0 0.727344 0.468056 0.015625 0.014815
0 0.658984 0.538194 0.017969 0.013426
0 0.596745 0.529167 0.018490 0.013889
0 0.496875 0.459722 0.018229 0.015741
0 0.416536 0.502083 0.017448 0.015278
0 0.385417 0.523611 0.017188 0.015741
0 0.335807 0.429861 0.016927 0.013426
0 0.275391 0.492593 0.018490 0.014815
0 0.270313 0.515972 0.016146 0.012500
0 0.158854 0.440509 0.013542 0.014352
0 0.007031 0.135880 0.009375 0.028241
0 0.039844 0.101157 0.013021 0.028241
0 0.047917 0.093750 0.009896 0.022685
0 0.057422 0.083333 0.016927 0.025926
0 0.066406 0.065509 0.016667 0.021759
0 0.069010 0.048843 0.018229 0.023611
0 0.992057 0.394907 0.015885 0.014815
2 0.536979 0.153704 0.028646 0.017593
2 0.488411 0.123843 0.032552 0.017130
2 0.538281 0.078935 0.023438 0.019907
0 0.005339 0.406250 0.010156 0.013426
