0 0.050260 0.348843 0.019271 0.013426
0 0.126953 0.290972 0.016406 0.018056
0 0.118490 0.355093 0.014583 0.012963
0 0.121875 0.375463 0.019271 0.015741
0 0.173307 0.337037 0.015365 0.015741
0 0.199740 0.296528 0.016667 0.015278
0 0.235156 0.321065 0.017188 0.014352
0 0.273698 0.292824 0.016146 0.016204
2 0.293750 0.384028 0.018750 0.018056
0 0.319531 0.341667 0.018750 0.016667
0 0.341146 0.323611 0.016667 0.012037
0 0.403516 0.307407 0.016406 0.012963
0 0.454297 0.331944 0.017969 0.016667
0 0.493229 0.378704 0.018229 0.015741
0 0.554688 0.336343 0.019271 0.016204
0 0.566406 0.361111 0.018750 0.013889
0 0.638802 0.335417 0.013542 0.013426
0 0.674219 0.320833 0.020313 0.013889
0 0.653646 0.382639 0.018229 0.015278
0 0.644922 0.405556 0.017969 0.016667
2 0.702344 0.356250 0.020313 0.018056
0 0.716016 0.335417 0.019531 0.018056
0 0.735547 0.308333 0.016406 0.013889
0 0.766797 0.328472 0.016406 0.015278
0 0.778385 0.406713 0.019271 0.016204
0 0.823047 0.381944 0.017969 0.016667
0 0.815625 0.330556 0.018750 0.016667
0 0.837109 0.302778 0.016406 0.016667
0 0.921484 0.301389 0.019531 0.016667
0 0.938542 0.350231 0.017708 0.017130
0 0.863672 0.403704 0.021094 0.014815
0 0.939714 0.442130 0.018490 0.012037
2 0.911458 0.539120 0.019792 0.016204
0 0.860938 0.496528 0.020313 0.015278
0 0.823568 0.540741 0.017448 0.015741
0 0.770443 0.499306 0.017448 0.018056
0 0.672396 0.510417 0.018229 0.016204
0 0.596745 0.471296 0.019010 0.015741
0 0.541016 0.464120 0.019531 0.014352
2 0.566016 0.509028 0.017969 0.015278
0 0.492578 0.485185 0.016406 0.012963
0 0.390885 0.480556 0.017708 0.016667
0 0.392708 0.503241 0.016667 0.017593
2 0.355208 0.523611 0.018229 0.016667
0 0.237891 0.516667 0.016406 0.017593
0 0.190625 0.443750 0.018750 0.015278
0 0.192578 0.506944 0.017969 0.016667
0 0.147656 0.482407 0.017188 0.015741
0 0.048177 0.473148 0.018229 0.015741
0 0.008594 0.137963 0.010937 0.028704
0 0.041927 0.103241 0.013542 0.030556
0 0.049349 0.094444 0.010156 0.025000
0 0.059115 0.085880 0.014063 0.029167
0 0.068490 0.067130 0.017188 0.023148
0 0.071875 0.050463 0.016667 0.021296
0 0.990885 0.537037 0.016667 0.015741
2 0.486979 0.125000 0.030729 0.016667
2 0.538151 0.155787 0.029427 0.025463
2 0.539453 0.079167 0.023177 0.018519
