0 0.044661 0.344907 0.013802 0.012037
0 0.039974 0.366898 0.018490 0.016204
0 0.045703 0.386806 0.019531 0.018056
0 0.063151 0.451620 0.017448 0.014352
0 0.100651 0.430787 0.020573 0.015278
2 0.110677 0.349074 0.018229 0.017593
0 0.148698 0.326389 0.017708 0.013889
0 0.114323 0.494444 0.016146 0.013889
0 0.192188 0.434722 0.018750 0.016667
0 0.205729 0.477546 0.017708 0.012500
0 0.230990 0.355324 0.017708 0.016204
0 0.234375 0.307639 0.018750 0.015278
0 0.262109 0.323611 0.014844 0.013889
0 0.275781 0.378472 0.017188 0.015278
0 0.288672 0.401389 0.019531 0.016667
0 0.266406 0.505556 0.015625 0.016667
0 0.327734 0.487037 0.015365 0.013889
0 0.339062 0.306713 0.015625 0.013426
0 0.367318 0.320833 0.015885 0.013889
0 0.407813 0.362500 0.018750 0.016667
0 0.439063 0.312731 0.015625 0.014352
0 0.442578 0.404167 0.017969 0.013889
0 0.376693 0.512037 0.015885 0.013889
0 0.528516 0.316204 0.017969 0.012963
0 0.526042 0.360880 0.016667 0.013426
0 0.509505 0.451389 0.016927 0.015741
0 0.531250 0.519907 0.016146 0.016667
0 0.562630 0.536806 0.019010 0.017130
0 0.601302 0.536111 0.018229 0.016667
0 0.564323 0.385185 0.015104 0.015741
0 0.574219 0.337963 0.014063 0.012963
0 0.622396 0.315509 0.017708 0.019907
0 0.635677 0.447917 0.016667 0.014352
2 0.706771 0.402315 0.020833 0.014815
0 0.696875 0.539583 0.017188 0.012500
0 0.748307 0.442824 0.018490 0.016204
0 0.734635 0.325694 0.018750 0.015278
0 0.829167 0.330556 0.019271 0.015741
0 0.866927 0.304861 0.019271 0.015278
0 0.912760 0.291898 0.017708 0.014352
0 0.964323 0.367361 0.019792 0.018056
0 0.856510 0.374306 0.020313 0.016204
0 0.844141 0.439583 0.019531 0.018056
0 0.813802 0.465046 0.018229 0.015278
0 0.904036 0.525463 0.020573 0.016667
0 0.809115 0.509491 0.019792 0.016204
0 0.008333 0.159491 0.007292 0.029167
0 0.040625 0.121296 0.013542 0.025926
0 0.049870 0.116435 0.010156 0.022685
0 0.059635 0.104861 0.013542 0.020833
0 0.068229 0.085880 0.015104 0.017130
0 0.070964 0.070370 0.014844 0.016667
0 0.011979 0.431250 0.016667 0.016204
0 0.006641 0.511806 0.012760 0.014352
0 0.989062 0.320139 0.017708 0.016204
2 0.485807 0.130093 0.027865 0.016667
2 0.536719 0.160185 0.028646 0.022222
2 0.536719 0.084722 0.022396 0.020370
0 0.992188 0.280787 0.015625 0.016204
