0 0.025000 0.324306 0.018750 0.018056
0 0.113542 0.329398 0.015104 0.017130
0 0.120443 0.374074 0.018490 0.014815
0 0.238281 0.381250 0.018750 0.018056
0 0.267188 0.315972 0.018750 0.015278
0 0.329688 0.332639 0.021875 0.015278
2 0.337500 0.381250 0.021875 0.015278
0 0.300781 0.401389 0.017188 0.016667
0 0.216016 0.440509 0.019531 0.011574
0 0.301172 0.465972 0.021094 0.013426
0 0.264062 0.526620 0.018750 0.014352
0 0.393750 0.445139 0.018750 0.015278
0 0.392969 0.363194 0.017188 0.015278
0 0.431250 0.334028 0.014063 0.015278
0 0.439063 0.403472 0.015625 0.012500
0 0.537891 0.356250 0.019531 0.018056
0 0.625521 0.448380 0.021354 0.014352
2 0.632031 0.465972 0.018750 0.015278
0 0.619271 0.488889 0.015104 0.013889
0 0.633203 0.356944 0.016406 0.016667
0 0.664062 0.379861 0.020313 0.015278
0 0.690625 0.355556 0.020313 0.013889
0 0.719531 0.376389 0.020313 0.019444
0 0.786979 0.398843 0.021354 0.014352
0 0.825260 0.345833 0.017188 0.015741
0 0.864974 0.322454 0.022135 0.016204
0 0.871875 0.296528 0.020313 0.015278
0 0.964844 0.341667 0.018750 0.016667
0 0.877865 0.428472 0.019792 0.015278
0 0.816146 0.481250 0.020833 0.015278
0 0.733464 0.539815 0.019010 0.018519
0 0.682552 0.441898 0.022917 0.015278
0 0.775130 0.304167 0.020573 0.013889
0 0.070573 0.074306 0.013021 0.012500
0 0.066927 0.090046 0.015625 0.013426
0 0.058333 0.108333 0.013021 0.023148
0 0.050521 0.118519 0.008854 0.023148
0 0.041797 0.128009 0.012240 0.027315
0 0.008724 0.164352 0.005469 0.028704
0 0.004818 0.466204 0.009115 0.018519
0 0.005469 0.388426 0.010417 0.011111
0 0.990755 0.307870 0.016927 0.010185
2 0.486979 0.128704 0.029687 0.016667
2 0.537630 0.157176 0.027865 0.019907
2 0.538151 0.081250 0.023177 0.018981
