2 0.062109 0.338889 0.057031 0.022222
0 0.014583 0.380787 0.016667 0.014352
0 0.094922 0.368056 0.019531 0.013889
0 0.093359 0.386111 0.017969 0.013889
0 0.075781 0.429167 0.018750 0.013889
0 0.114844 0.292361 0.017188 0.015278
0 0.287109 0.326389 0.016406 0.013889
0 0.281250 0.402315 0.018750 0.014815
0 0.361979 0.333102 0.017708 0.016204
0 0.360938 0.402083 0.018750 0.017130
0 0.459115 0.401852 0.018229 0.012963
0 0.484766 0.362500 0.014844 0.013889
0 0.487630 0.340741 0.012760 0.012963
0 0.522917 0.385648 0.016146 0.014815
0 0.558724 0.316667 0.016927 0.013889
0 0.576042 0.408565 0.016667 0.013426
0 0.636719 0.386111 0.018750 0.016667
0 0.648568 0.314120 0.019010 0.016204
0 0.712240 0.327083 0.018229 0.015278
0 0.786719 0.335417 0.018750 0.015278
0 0.830859 0.380556 0.013281 0.013889
0 0.893359 0.397917 0.014844 0.015278
0 0.468880 0.514815 0.019010 0.014815
0 0.390755 0.446296 0.017448 0.012963
0 0.391276 0.511806 0.020052 0.015278
0 0.319141 0.467593 0.017969 0.014815
0 0.277865 0.504861 0.016667 0.014352
0 0.136719 0.518750 0.020313 0.015278
0 0.007031 0.155093 0.010417 0.026852
0 0.040365 0.120602 0.014583 0.030093
0 0.047266 0.111343 0.010156 0.025463
0 0.056771 0.101620 0.016667 0.028241
0 0.065104 0.081944 0.016667 0.020370
0 0.068880 0.066898 0.016406 0.019907
0 0.008984 0.294907 0.017448 0.015741
2 0.484896 0.132639 0.030208 0.018981
2 0.534766 0.162037 0.026823 0.025926
2 0.534896 0.087037 0.022396 0.021296
