0 0.024219 0.499306 0.017188 0.012500
0 0.033984 0.353704 0.017969 0.012963
0 0.062760 0.378935 0.015104 0.014352
0 0.093750 0.418056 0.018750 0.016667
0 0.117969 0.336111 0.017188 0.016667
0 0.119661 0.448611 0.016927 0.016667
0 0.146875 0.365972 0.018750 0.015278
0 0.154818 0.298148 0.017448 0.015741
0 0.198958 0.471759 0.019792 0.015741
0 0.282031 0.392361 0.017188 0.018056
0 0.354687 0.370833 0.017188 0.014815
2 0.314193 0.500926 0.017448 0.012963
0 0.436198 0.332176 0.017708 0.016204
0 0.409766 0.487500 0.018490 0.016667
0 0.467057 0.531481 0.016927 0.017593
0 0.501302 0.445139 0.019792 0.016204
0 0.585286 0.467824 0.012760 0.012500
0 0.593229 0.328935 0.017708 0.014352
0 0.620052 0.516898 0.019271 0.017130
0 0.680859 0.314120 0.019531 0.017130
0 0.670312 0.490741 0.014063 0.012037
0 0.670182 0.513889 0.018490 0.013889
0 0.718229 0.448148 0.017708 0.014815
0 0.755729 0.536574 0.017708 0.014815
0 0.747526 0.324537 0.018490 0.015741
0 0.765625 0.381944 0.014063 0.016667
0 0.758333 0.405093 0.018229 0.015741
0 0.789193 0.511111 0.018490 0.013889
0 0.843359 0.487500 0.019531 0.016667
0 0.833203 0.355324 0.019531 0.016204
0 0.853646 0.306481 0.019271 0.017593
0 0.935937 0.327778 0.020313 0.015741
0 0.948047 0.458565 0.017969 0.018981
0 0.863281 0.460417 0.018750 0.018056
0 0.863021 0.510185 0.020833 0.014815
0 0.914453 0.535417 0.016927 0.017130
2 0.239323 0.328241 0.020313 0.013889
1 0.480859 0.354167 0.042969 0.016667
0 0.008203 0.146991 0.009115 0.028241
0 0.040495 0.111806 0.014844 0.031019
0 0.047396 0.103009 0.010937 0.023611
0 0.058073 0.093750 0.014583 0.029167
0 0.066797 0.075463 0.015365 0.025000
0 0.070052 0.058796 0.016667 0.021296
0 0.995052 0.504167 0.009896 0.016667
2 0.485938 0.129861 0.031771 0.015278
2 0.535286 0.157407 0.028906 0.020370
2 0.536979 0.082407 0.024479 0.022222
