0 0.016276 0.431713 0.016406 0.012500
0 0.034505 0.496296 0.017969 0.014815
0 0.136328 0.429630 0.018490 0.012963
0 0.145573 0.301620 0.011979 0.014352
0 0.175260 0.351852 0.016146 0.012963
0 0.221615 0.308796 0.016146 0.014815
0 0.272526 0.371759 0.015885 0.014815
0 0.235156 0.440046 0.017188 0.014352
0 0.238021 0.462037 0.017188 0.014815
0 0.249479 0.516435 0.016667 0.013426
0 0.287760 0.524306 0.015104 0.012500
0 0.400911 0.400463 0.016927 0.014815
0 0.409635 0.531713 0.016667 0.013426
0 0.455859 0.509722 0.017448 0.014815
0 0.500521 0.538194 0.018229 0.012500
2 0.560286 0.314352 0.020573 0.012963
0 0.590234 0.335417 0.016406 0.015278
0 0.587500 0.462500 0.014063 0.013889
0 0.611719 0.534954 0.017708 0.015278
0 0.619922 0.443981 0.016927 0.013889
0 0.668359 0.311806 0.017969 0.015278
0 0.719531 0.378472 0.018750 0.015278
0 0.710026 0.462731 0.017969 0.014352
0 0.718750 0.535880 0.017708 0.016204
0 0.829427 0.504630 0.018750 0.014815
0 0.812760 0.328472 0.018750 0.016204
0 0.943359 0.387269 0.017969 0.016204
0 0.961849 0.337037 0.019010 0.014815
0 0.979167 0.364120 0.021354 0.016204
0 0.031641 0.116898 0.013802 0.031019
0 0.039453 0.108333 0.011198 0.028704
0 0.050000 0.098843 0.016146 0.030093
0 0.057943 0.080787 0.017448 0.020833
0 0.061328 0.065046 0.018490 0.021759
2 0.480208 0.125926 0.029167 0.018519
2 0.531250 0.155324 0.027083 0.020833
2 0.531771 0.078241 0.022917 0.019444
0 0.994531 0.496296 0.010937 0.018519
