0 0.024219 0.312500 0.017188 0.016667
0 0.055469 0.385185 0.017188 0.014815
0 0.096484 0.367824 0.016406 0.013426
0 0.152995 0.304398 0.018490 0.014352
0 0.164844 0.391667 0.017188 0.013889
2 0.213281 0.348843 0.059375 0.021759
0 0.264844 0.300694 0.017188 0.012500
0 0.243359 0.376157 0.016406 0.014352
0 0.250000 0.398611 0.017188 0.013889
0 0.407031 0.323611 0.017188 0.013889
0 0.465104 0.336806 0.018750 0.012500
0 0.428125 0.408102 0.018750 0.016204
0 0.511328 0.406019 0.017969 0.013889
0 0.606380 0.406944 0.020052 0.014815
0 0.609245 0.339120 0.014323 0.015278
0 0.636589 0.360880 0.015885 0.012500
0 0.643490 0.383796 0.016667 0.012963
0 0.668620 0.313889 0.016927 0.016667
0 0.730729 0.404630 0.017708 0.014815
0 0.761719 0.307639 0.020313 0.012500
0 0.775260 0.383102 0.020833 0.017130
0 0.815885 0.333565 0.019271 0.015278
0 0.894141 0.331481 0.019531 0.015741
0 0.973307 0.370602 0.018490 0.015278
0 0.936328 0.506944 0.014844 0.013889
0 0.331641 0.498611 0.017969 0.013889
0 0.276693 0.506481 0.019010 0.014815
0 0.215495 0.436343 0.018490 0.014352
0 0.156510 0.457870 0.018229 0.015741
0 0.169792 0.497917 0.017708 0.018056
0 0.006510 0.153472 0.010417 0.029167
0 0.038802 0.118287 0.013542 0.030093
0 0.047266 0.109722 0.011719 0.025000
0 0.055859 0.099537 0.015365 0.028704
0 0.065234 0.081019 0.017969 0.021296
0 0.067708 0.064815 0.016667 0.018519
2 0.483854 0.130324 0.029167 0.015278
2 0.535026 0.160417 0.028906 0.020833
2 0.534375 0.085417 0.020313 0.018056
