0 0.025391 0.375231 0.017969 0.010648
0 0.030339 0.481944 0.016927 0.013889
0 0.082031 0.467130 0.018229 0.012037
0 0.069141 0.310417 0.014844 0.018056
0 0.116406 0.292593 0.017188 0.012037
0 0.150521 0.325463 0.017708 0.014815
0 0.149870 0.382407 0.016927 0.014815
0 0.211068 0.479398 0.016927 0.016204
0 0.252604 0.298611 0.018229 0.013889
0 0.257161 0.325463 0.015885 0.015741
0 0.315625 0.458333 0.018750 0.016667
0 0.331250 0.437500 0.016667 0.014815
0 0.356250 0.327778 0.017188 0.016667
0 0.366797 0.303472 0.019531 0.015278
0 0.410677 0.347685 0.018229 0.015741
0 0.363672 0.461111 0.016406 0.014815
0 0.500260 0.384491 0.017708 0.013426
0 0.544141 0.315278 0.016406 0.016667
0 0.585938 0.385417 0.018750 0.015278
0 0.662500 0.339583 0.017188 0.015278
0 0.657813 0.363194 0.018750 0.018056
0 0.664453 0.387500 0.017969 0.016667
0 0.690234 0.309491 0.016406 0.016204
0 0.741797 0.316435 0.021094 0.013426
0 0.743099 0.407870 0.019010 0.015741
0 0.723177 0.493750 0.016667 0.015278
0 0.788281 0.359722 0.018750 0.016667
0 0.801172 0.336806 0.017969 0.020833
0 0.872786 0.322917 0.018490 0.015278
0 0.882812 0.354167 0.020313 0.013889
0 0.956641 0.370370 0.021094 0.018519
0 0.980339 0.286574 0.018490 0.014815
0 0.944531 0.326389 0.018750 0.016667
0 0.816797 0.305556 0.016406 0.016667
0 0.005078 0.146759 0.009635 0.027778
0 0.038411 0.111111 0.013802 0.028704
0 0.048307 0.101852 0.014323 0.019444
0 0.056510 0.093287 0.014583 0.023611
0 0.064714 0.073843 0.016406 0.017130
0 0.067448 0.058796 0.016146 0.015741
0 0.005599 0.352315 0.010677 0.012037
0 0.952344 0.534722 0.017708 0.013889
0 0.993099 0.435880 0.013802 0.013426
2 0.483464 0.127778 0.026823 0.016667
2 0.535417 0.157870 0.028125 0.021296
2 0.536458 0.083333 0.023438 0.021296
