0 0.024740 0.518287 0.018229 0.014352
0 0.052734 0.391898 0.016406 0.014352
0 0.065104 0.433102 0.019271 0.011574
0 0.028255 0.456481 0.019010 0.012037
0 0.101172 0.373380 0.017969 0.017130
0 0.109115 0.398148 0.016146 0.014815
0 0.116797 0.334259 0.016406 0.014815
0 0.137760 0.310648 0.016667 0.012963
0 0.160547 0.354398 0.014844 0.014352
0 0.228516 0.400694 0.017969 0.015278
2 0.240625 0.336111 0.020313 0.016667
0 0.267969 0.313194 0.017188 0.015278
0 0.284375 0.381713 0.015625 0.013426
0 0.324740 0.402778 0.016667 0.013889
0 0.386719 0.385417 0.018750 0.015278
0 0.432943 0.403241 0.018490 0.015741
0 0.472135 0.382407 0.018229 0.012963
0 0.510547 0.388426 0.014323 0.012963
0 0.521224 0.336343 0.015365 0.016204
0 0.537240 0.359722 0.017708 0.022222
0 0.572266 0.374074 0.017969 0.013889
0 0.647266 0.338194 0.016406 0.015278
0 0.663151 0.378704 0.019010 0.015741
0 0.683203 0.355556 0.019531 0.016667
0 0.711328 0.333333 0.019531 0.013889
0 0.764193 0.299306 0.016927 0.015278
0 0.768620 0.348843 0.019010 0.014352
0 0.786068 0.374306 0.018490 0.018056
0 0.858203 0.294907 0.016406 0.015741
0 0.891276 0.321528 0.019010 0.015278
0 0.905599 0.342130 0.018490 0.014815
0 0.939193 0.352546 0.021615 0.018981
0 0.889062 0.389583 0.017188 0.015278
2 0.886328 0.455093 0.019531 0.014815
0 0.853776 0.499769 0.019010 0.016204
2 0.802865 0.459954 0.020313 0.014352
0 0.751172 0.483102 0.016406 0.016204
0 0.743229 0.506713 0.017188 0.013426
0 0.592448 0.536574 0.016146 0.017593
0 0.512500 0.443750 0.014063 0.015278
0 0.434635 0.533565 0.019271 0.014352
0 0.382943 0.489352 0.019010 0.012963
0 0.258854 0.487269 0.019271 0.017130
0 0.266016 0.525231 0.016406 0.015278
0 0.174089 0.528009 0.015885 0.016204
0 0.005729 0.164120 0.008854 0.023611
0 0.038932 0.128935 0.012240 0.030093
0 0.046224 0.119444 0.012240 0.021296
0 0.055339 0.109722 0.016927 0.028704
0 0.065104 0.090741 0.017708 0.013889
0 0.067578 0.075463 0.017448 0.015741
0 0.006380 0.301852 0.012240 0.015741
0 0.005859 0.325000 0.011198 0.012037
0 0.009245 0.349537 0.017969 0.012963
0 0.990365 0.357639 0.019271 0.013426
0 0.992057 0.335185 0.015885 0.015741
2 0.484896 0.130787 0.031771 0.017130
2 0.534896 0.158333 0.027083 0.020370
2 0.534896 0.084491 0.022917 0.019907
