0 0.040365 0.333796 0.016667 0.015741
0 0.126302 0.319907 0.014583 0.014815
0 0.173568 0.296528 0.015885 0.015278
0 0.170313 0.339815 0.014063 0.013889
0 0.194010 0.324074 0.015625 0.014815
0 0.261328 0.330324 0.017448 0.014352
0 0.277474 0.359954 0.018490 0.014352
0 0.328255 0.398380 0.019010 0.013426
0 0.414844 0.309722 0.018229 0.014815
0 0.510938 0.359259 0.018750 0.015741
0 0.537109 0.322917 0.016406 0.015278
0 0.607943 0.404861 0.018490 0.014352
0 0.645182 0.353009 0.017969 0.015278
0 0.744401 0.319907 0.019010 0.015741
0 0.876563 0.324306 0.016146 0.013426
0 0.968490 0.431713 0.022396 0.014352
2 0.845313 0.536111 0.042188 0.022222
0 0.718620 0.542824 0.016927 0.015278
0 0.676823 0.489583 0.017188 0.016204
0 0.597135 0.540509 0.018229 0.014352
0 0.585677 0.463194 0.016667 0.015278
0 0.524740 0.535880 0.018750 0.016204
0 0.489583 0.511343 0.017708 0.016204
0 0.418880 0.535648 0.012760 0.012963
0 0.398828 0.511111 0.015365 0.016667
0 0.383203 0.462269 0.017448 0.015278
0 0.367448 0.481944 0.014583 0.013889
0 0.311849 0.503935 0.017448 0.017130
0 0.032943 0.111111 0.014844 0.031481
0 0.041146 0.101620 0.011458 0.024537
0 0.050391 0.092130 0.016406 0.028704
0 0.059505 0.072917 0.016927 0.021759
0 0.062891 0.058333 0.017448 0.020370
2 0.481380 0.124537 0.029948 0.017593
2 0.534245 0.078009 0.022656 0.020833
2 0.533073 0.155093 0.029687 0.024074
2 0.978906 0.498843 0.042188 0.018981
