2 0.255469 0.443056 0.007812 0.027778
0 0.268750 0.436806 0.007812 0.029167
0 0.269531 0.381250 0.007812 0.031944
0 0.277734 0.381250 0.007031 0.029167
0 0.285547 0.382639 0.007031 0.026389
0 0.298828 0.440278 0.008594 0.027778
0 0.283594 0.475000 0.015625 0.013889
0 0.283984 0.492361 0.014844 0.012500
0 0.278906 0.508333 0.014063 0.013889
0 0.282813 0.526389 0.015625 0.013889
0 0.298438 0.528935 0.013021 0.011574
0 0.282422 0.543750 0.014844 0.012500
0 0.278906 0.560417 0.017188 0.015278
0 0.290755 0.596065 0.015365 0.011574
1 0.282813 0.613194 0.032813 0.018056
0 0.281250 0.627778 0.014063 0.011111
0 0.278125 0.662269 0.014063 0.011574
0 0.277344 0.694444 0.015625 0.011111
0 0.283073 0.714352 0.013021 0.012963
0 0.288542 0.766435 0.013542 0.011574
1 0.356250 0.732639 0.034375 0.020833
1 0.390625 0.753472 0.028125 0.020833
1 0.357812 0.677778 0.034375 0.022222
1 0.393359 0.700000 0.033594 0.022222
1 0.428516 0.710417 0.033594 0.023611
1 0.404297 0.667361 0.033594 0.018056
1 0.398438 0.632639 0.031250 0.020833
1 0.435156 0.636806 0.032813 0.023611
1 0.362891 0.588889 0.033594 0.022222
1 0.397656 0.592361 0.032813 0.015278
1 0.395313 0.518056 0.034375 0.019444
1 0.441016 0.526389 0.030469 0.022222
1 0.360938 0.459722 0.032813 0.019444
1 0.361328 0.439583 0.033594 0.020833
1 0.395313 0.444444 0.034375 0.022222
1 0.396484 0.463889 0.032031 0.019444
1 0.431250 0.449306 0.031250 0.020833
1 0.466536 0.400694 0.033594 0.018056
0 0.485156 0.419444 0.014063 0.016667
0 0.482812 0.367361 0.015625 0.018056
0 0.467448 0.363426 0.014583 0.012037
0 0.451042 0.360417 0.011458 0.009722
0 0.432422 0.376852 0.014844 0.012037
0 0.414453 0.375000 0.013281 0.008333
0 0.413411 0.356713 0.012760 0.010648
0 0.394922 0.356713 0.014844 0.013426
0 0.375781 0.352083 0.014063 0.012500
0 0.358464 0.364583 0.012760 0.012500
1 0.544792 0.284954 0.033854 0.017130
1 0.546745 0.396528 0.032031 0.015278
0 0.546354 0.465509 0.014583 0.013426
1 0.546094 0.500694 0.031250 0.018056
1 0.546094 0.518056 0.032813 0.016667
1 0.544531 0.534722 0.031250 0.016667
1 0.545312 0.552083 0.032813 0.018056
1 0.544922 0.569444 0.032031 0.016667
1 0.542969 0.586111 0.032813 0.016667
1 0.542188 0.604861 0.032813 0.018056
1 0.542188 0.624306 0.032813 0.018056
1 0.541406 0.640278 0.034375 0.016667
1 0.586328 0.537731 0.031510 0.018056
1 0.589844 0.451389 0.034375 0.019444
1 0.590625 0.434028 0.034375 0.018056
1 0.657031 0.509722 0.009375 0.058333
1 0.662240 0.431250 0.008854 0.059722
1 0.621875 0.659722 0.023438 0.061111
1 0.250000 0.916667 0.031250 0.041667
0 0.452214 0.925231 0.011198 0.018981
0 0.464714 0.906250 0.011198 0.020833
0 0.476823 0.884491 0.011458 0.021759
0 0.921484 0.880556 0.019531 0.016667
2 0.844661 0.576389 0.019531 0.017593
0 0.807813 0.590741 0.017188 0.017593
0 0.786719 0.603472 0.015625 0.018056
0 0.771875 0.613889 0.014063 0.016667
0 0.736458 0.637037 0.013021 0.014815
0 0.715104 0.649769 0.014583 0.016204
0 0.698568 0.665278 0.012760 0.014815
0 0.684766 0.678009 0.014323 0.018981
0 0.656901 0.701389 0.013281 0.018519
0 0.638542 0.720139 0.013021 0.020833
0 0.624740 0.734028 0.013542 0.018981
0 0.610026 0.751620 0.012240 0.018056
0 0.593229 0.769676 0.009896 0.019907
0 0.579688 0.790972 0.014063 0.023611
0 0.562500 0.811111 0.012500 0.019444
0 0.535156 0.847222 0.012500 0.025000
1 0.739844 0.498611 0.034375 0.019444
0 0.768750 0.475000 0.015625 0.013889
0 0.767839 0.459954 0.013281 0.011574
0 0.767578 0.445602 0.014844 0.011574
0 0.493750 0.855556 0.012500 0.022222
0 0.506641 0.835417 0.011719 0.023611
0 0.520312 0.813889 0.014063 0.027778
0 0.534766 0.787500 0.013281 0.022222
0 0.523047 0.764583 0.014844 0.026389
0 0.504687 0.796528 0.010937 0.018056
0 0.549219 0.764583 0.014063 0.020833
0 0.563281 0.745139 0.012500 0.020833
0 0.564453 0.718056 0.013281 0.025000
0 0.580469 0.700694 0.014063 0.020833
0 0.597656 0.684722 0.012500 0.022222
0 0.595313 0.709722 0.010937 0.019444
0 0.579297 0.725694 0.014844 0.018056
0 0.642969 0.637500 0.015625 0.025000
0 0.658203 0.625000 0.014844 0.022222
0 0.675260 0.608102 0.013021 0.016204
0 0.683984 0.634722 0.014844 0.019444
0 0.693620 0.596528 0.013802 0.018981
0 0.709896 0.585648 0.011979 0.015741
0 0.844401 0.445370 0.008594 0.024074
2 0.899219 0.455324 0.010937 0.010648
0 0.844922 0.387500 0.008594 0.025000
0 0.831250 0.390741 0.007812 0.025926
0 0.444922 0.293750 0.007031 0.023611
0 0.418359 0.293056 0.008594 0.027778
0 0.372656 0.291667 0.007812 0.030556
0 0.364453 0.289583 0.008594 0.029167
0 0.777604 0.422685 0.006250 0.025926
2 0.773828 0.362500 0.017969 0.016667
0 0.520703 0.867361 0.014844 0.029167
0 0.507812 0.888889 0.014063 0.022222
0 0.493359 0.913889 0.014844 0.025000
2 0.459375 0.288194 0.009375 0.026389
0 0.076823 0.771759 0.013542 0.017593
0 0.205729 0.430324 0.008854 0.021759
0 0.198828 0.181713 0.009635 0.021759
2 0.035026 0.845833 0.014844 0.023148
0 0.179167 0.516435 0.008854 0.024537
1 0.242578 0.944213 0.031510 0.040278
1 0.234375 0.959028 0.032292 0.042130
1 0.232161 0.975463 0.032552 0.039815
1 0.225781 0.984259 0.029167 0.028704
0 0.439323 0.950000 0.011458 0.022222
0 0.424870 0.974537 0.010156 0.020370
0 0.416276 0.993056 0.009115 0.013889
0 0.452604 0.988889 0.011458 0.021296
0 0.464583 0.966667 0.010937 0.025000
0 0.481120 0.935648 0.010156 0.025926
0 0.548177 0.827778 0.011979 0.020370
0 0.647786 0.654861 0.012760 0.016204
0 0.652344 0.665278 0.013542 0.016667
0 0.859635 0.496759 0.006250 0.019444
0 0.846484 0.501852 0.008073 0.025000
0 0.839323 0.503704 0.007292 0.023148
0 0.832943 0.506250 0.007031 0.024537
0 0.826042 0.508333 0.007812 0.025000
0 0.823828 0.393519 0.006510 0.025926
0 0.649219 0.063426 0.005729 0.024074
0 0.600521 0.067824 0.014583 0.012500
0 0.591536 0.285648 0.033594 0.015741
0 0.267057 0.828935 0.010677 0.018981
1 0.280469 0.823611 0.031250 0.039815
3 0.636458 0.665741 0.003646 0.008333
0 0.902734 0.465509 0.013281 0.011574
2 0.109115 0.469676 0.010417 0.027315
0 0.080208 0.760880 0.013542 0.018056
