1 0.091406 0.363889 0.010937 0.063889
1 0.101953 0.365972 0.010156 0.065278
1 0.112891 0.365278 0.011719 0.066667
0 0.124609 0.363657 0.007031 0.027315
0 0.133073 0.374306 0.005729 0.026389
1 0.141406 0.370139 0.014063 0.068056
0 0.154688 0.372222 0.006250 0.033333
0 0.170443 0.367130 0.009115 0.031481
0 0.179688 0.368056 0.007812 0.030556
0 0.189062 0.369444 0.009375 0.033333
0 0.198437 0.367361 0.009375 0.029167
0 0.209115 0.376389 0.008333 0.027778
0 0.208203 0.403472 0.008594 0.026389
0 0.218880 0.369907 0.008073 0.026852
0 0.218750 0.395833 0.009375 0.030556
0 0.227344 0.372222 0.007812 0.025000
0 0.228906 0.395139 0.007812 0.029167
0 0.238281 0.368750 0.007812 0.026389
0 0.237891 0.395833 0.008594 0.027778
0 0.247656 0.369444 0.007812 0.027778
0 0.247656 0.396528 0.007812 0.026389
0 0.257422 0.368056 0.008594 0.027778
0 0.257552 0.398148 0.008854 0.029630
0 0.266406 0.368750 0.007812 0.029167
0 0.277344 0.369444 0.007812 0.033333
0 0.277344 0.397917 0.007812 0.026389
0 0.286719 0.369444 0.007812 0.027778
0 0.296875 0.370139 0.007812 0.026389
0 0.305859 0.367361 0.008594 0.026389
0 0.315625 0.395833 0.006250 0.027778
0 0.326042 0.367824 0.007292 0.025463
0 0.323437 0.401389 0.007812 0.025000
1 0.335417 0.384028 0.010417 0.062500
1 0.409766 0.357639 0.017969 0.059722
1 0.467057 0.331481 0.015365 0.062037
1 0.394271 0.490046 0.030208 0.043981
0 0.093359 0.434491 0.017969 0.015278
0 0.220182 0.540278 0.009115 0.024074
0 0.208594 0.539120 0.007292 0.023611
1 0.235156 0.539583 0.014063 0.065278
0 0.300911 0.577083 0.007031 0.027315
0 0.282813 0.565741 0.006250 0.020370
0 0.285938 0.540278 0.009375 0.030556
0 0.276432 0.533102 0.008073 0.025463
0 0.275000 0.558102 0.009375 0.027315
0 0.267188 0.528009 0.007812 0.024537
0 0.263672 0.554861 0.010156 0.029167
1 0.327865 0.567824 0.009896 0.057870
1 0.367188 0.563426 0.009375 0.055556
0 0.060547 0.720139 0.017969 0.020833
0 0.092578 0.781250 0.016406 0.023611
0 0.076693 0.792824 0.016927 0.022685
0 0.137760 0.846991 0.019271 0.018981
0 0.340625 0.932639 0.012500 0.023611
0 0.635938 0.915972 0.017188 0.018056
0 0.339453 0.754398 0.015365 0.011574
0 0.479427 0.746065 0.014583 0.014352
0 0.867578 0.870833 0.013281 0.016667
0 0.412109 0.668519 0.015885 0.012963
0 0.433854 0.669444 0.010417 0.011111
0 0.448437 0.669676 0.013542 0.011574
2 0.466146 0.668750 0.017708 0.012500
0 0.484896 0.667593 0.014583 0.008333
0 0.462630 0.622917 0.013802 0.009722
0 0.491927 0.621296 0.014063 0.012037
0 0.508333 0.620139 0.013021 0.009722
0 0.503776 0.666898 0.012760 0.009722
0 0.527995 0.619676 0.013802 0.010648
0 0.521875 0.665278 0.014063 0.011111
0 0.539062 0.663194 0.015625 0.009722
0 0.548047 0.620833 0.013281 0.010185
0 0.564583 0.621528 0.014583 0.011574
0 0.580729 0.623380 0.015104 0.011574
0 0.563802 0.664120 0.014583 0.010648
0 0.581120 0.663657 0.013802 0.011574
0 0.600781 0.664352 0.015625 0.011111
0 0.603385 0.623380 0.013542 0.009722
0 0.621615 0.625231 0.012500 0.010648
0 0.617969 0.665972 0.015625 0.018056
0 0.636719 0.668750 0.015625 0.018056
0 0.653385 0.674769 0.014583 0.011574
0 0.671354 0.678704 0.011979 0.012037
0 0.691797 0.685185 0.013802 0.011111
0 0.708594 0.692130 0.012500 0.015741
0 0.727214 0.698611 0.013802 0.013889
0 0.744141 0.704861 0.011719 0.018056
0 0.759375 0.713889 0.014063 0.013889
0 0.778906 0.720833 0.012500 0.016667
0 0.808333 0.741898 0.014583 0.016204
0 0.823438 0.749306 0.010937 0.018056
0 0.840234 0.761343 0.013802 0.014352
0 0.860938 0.775694 0.014063 0.018056
0 0.893359 0.804167 0.013802 0.015741
0 0.908594 0.818287 0.013542 0.015278
0 0.927344 0.835417 0.015625 0.023611
2 0.959245 0.871759 0.017969 0.024074
0 0.825130 0.709259 0.014323 0.018519
0 0.862240 0.706713 0.010417 0.016204
0 0.846875 0.695833 0.012500 0.014815
0 0.830208 0.680787 0.012500 0.016204
0 0.812109 0.671065 0.014323 0.016204
0 0.795052 0.659954 0.013542 0.014352
1 0.697005 0.663194 0.035156 0.023611
0 0.639844 0.625000 0.015625 0.013889
0 0.660156 0.628009 0.015104 0.010648
0 0.679818 0.628241 0.015365 0.012037
0 0.698568 0.632639 0.013802 0.011574
0 0.708594 0.614583 0.012500 0.015278
0 0.716406 0.640741 0.014063 0.014815
0 0.726953 0.623611 0.013281 0.013889
0 0.746354 0.635417 0.013021 0.018056
0 0.733333 0.648611 0.013542 0.015741
1 0.830859 0.609028 0.036719 0.029167
1 0.891016 0.540278 0.033594 0.047222
1 0.797656 0.515972 0.031250 0.051389
1 0.825781 0.370139 0.031250 0.051389
0 0.798438 0.418750 0.015625 0.031944
0 0.773177 0.307870 0.014583 0.023148
0 0.790625 0.281250 0.010937 0.023611
0 0.783203 0.243750 0.010156 0.026389
0 0.773438 0.220139 0.010937 0.023611
0 0.753516 0.208796 0.013281 0.023148
0 0.741797 0.184722 0.011198 0.022222
0 0.735938 0.145833 0.012500 0.023148
0 0.723437 0.119213 0.010937 0.028241
0 0.706771 0.106250 0.011979 0.023611
0 0.777734 0.130556 0.013281 0.022222
0 0.795573 0.167824 0.010417 0.018981
1 0.725000 0.260417 0.025000 0.051389
1 0.700781 0.325000 0.026562 0.055556
1 0.671094 0.261111 0.026562 0.055556
1 0.620833 0.268981 0.026042 0.050926
1 0.644141 0.318056 0.025781 0.050000
1 0.653906 0.394444 0.025000 0.058333
1 0.619922 0.438194 0.027344 0.051389
1 0.646224 0.543287 0.032552 0.021759
0 0.588672 0.460417 0.011719 0.023611
1 0.575000 0.420833 0.023438 0.041667
1 0.557422 0.361806 0.027344 0.056944
1 0.580859 0.325000 0.025781 0.052778
1 0.597266 0.386806 0.027344 0.054167
0 0.611719 0.040972 0.012500 0.020833
0 0.628646 0.081481 0.013542 0.020370
0 0.598047 0.141667 0.011719 0.022222
0 0.529297 0.213889 0.011719 0.025000
0 0.493750 0.300694 0.010937 0.023611
0 0.511719 0.257639 0.012500 0.026389
1 0.198437 0.599306 0.037500 0.031944
0 0.198437 0.540972 0.010937 0.029167
0 0.181250 0.522454 0.010937 0.028241
2 0.993880 0.631713 0.012240 0.027315
0 0.184766 0.243287 0.012760 0.008796
0 0.202214 0.243981 0.013802 0.011111
0 0.339583 0.032639 0.007812 0.026389
0 0.346094 0.028472 0.009375 0.031019
2 0.600000 0.029167 0.010937 0.021296
0 0.644010 0.026620 0.013542 0.025463
0 0.639714 0.016435 0.013281 0.023611
0 0.635286 0.007407 0.013281 0.013889
0 0.347005 0.994444 0.014323 0.011111
1 0.920703 0.685880 0.024219 0.049537
0 0.948568 0.706019 0.016406 0.023148
0 0.954557 0.693981 0.013281 0.021296
0 0.958724 0.683102 0.010677 0.020833
0 0.974219 0.678241 0.013021 0.023148
0 0.973958 0.799074 0.012500 0.028704
0 0.980078 0.808565 0.009115 0.023611
0 0.986328 0.813657 0.009115 0.024537
0 0.991276 0.820833 0.010677 0.021296
1 0.725391 0.532870 0.026823 0.049074
1 0.733464 0.521528 0.028385 0.053241
1 0.740885 0.508796 0.027604 0.050926
1 0.748047 0.497685 0.026823 0.051852
1 0.755339 0.486111 0.027344 0.051852
1 0.762630 0.474074 0.028906 0.048148
1 0.770703 0.462500 0.028385 0.050000
1 0.777083 0.449537 0.028125 0.051852
1 0.785677 0.439352 0.027083 0.052778
1 0.679948 0.160648 0.026562 0.049074
1 0.671615 0.173843 0.026562 0.056019
1 0.702604 0.208565 0.026562 0.051389
1 0.694792 0.223843 0.025521 0.052315
1 0.770182 0.268287 0.026823 0.049537
1 0.173958 0.503241 0.017708 0.057407
1 0.362240 0.379167 0.015104 0.058333
1 0.372005 0.372454 0.014323 0.060648
1 0.380599 0.365278 0.014844 0.058333
1 0.391927 0.365278 0.015104 0.059259
1 0.554557 0.184491 0.025781 0.049537
0 0.546224 0.194676 0.012240 0.020833
0 0.566016 0.181481 0.011719 0.023148
0 0.572396 0.143287 0.013542 0.024537
0 0.581250 0.132407 0.012500 0.024074
0 0.587630 0.123148 0.013281 0.021296
0 0.592708 0.104861 0.011979 0.023611
0 0.602083 0.101620 0.010417 0.020833
0 0.609635 0.087963 0.011979 0.021296
1 0.784245 0.650231 0.030469 0.039352
1 0.835156 0.460880 0.027604 0.053241
1 0.842448 0.448380 0.028646 0.049537
0 0.636328 0.596528 0.010156 0.009722
0 0.660286 0.597454 0.014844 0.011574
0 0.790885 0.690046 0.014063 0.015278
0 0.792188 0.678241 0.013542 0.011111
3 0.832161 0.654861 0.004948 0.005093
1 0.291927 0.558796 0.010417 0.055556
0 0.254557 0.549306 0.008073 0.027315
0 0.257943 0.523148 0.006510 0.024074
0 0.246094 0.541204 0.005729 0.024074
0 0.192318 0.524769 0.010156 0.023611
0 0.315755 0.368519 0.006510 0.019444
0 0.455729 0.315741 0.005729 0.027778
0 0.741146 0.059028 0.010417 0.019907
0 0.746354 0.068287 0.011979 0.022685
2 0.808203 0.179630 0.013802 0.025926
0 0.794010 0.267824 0.010937 0.022685
2 0.280339 0.030787 0.006510 0.027315
