0 0.199219 0.048843 0.010937 0.027315
0 0.205599 0.116898 0.011198 0.026389
0 0.183594 0.262963 0.008854 0.026852
0 0.194401 0.459028 0.009115 0.028241
0 0.146094 0.329861 0.010937 0.029167
2 0.126562 0.357639 0.012500 0.029167
0 0.144922 0.425694 0.013281 0.029167
0 0.099609 0.630324 0.011719 0.024537
0 0.076432 0.654398 0.009115 0.025463
0 0.065625 0.748148 0.010937 0.026852
0 0.016406 0.928472 0.014063 0.023611
1 0.338281 0.332639 0.012500 0.059722
0 0.327214 0.483796 0.007552 0.028704
0 0.326302 0.522454 0.005208 0.020833
0 0.326953 0.551389 0.007031 0.022222
2 0.326693 0.578241 0.008073 0.028704
0 0.327344 0.614352 0.007812 0.025926
0 0.326953 0.648380 0.007031 0.023611
0 0.327734 0.679167 0.007031 0.022222
0 0.328385 0.711343 0.005729 0.023611
0 0.327604 0.753241 0.006771 0.026852
0 0.327083 0.782870 0.006771 0.025926
0 0.326302 0.815972 0.007292 0.026389
0 0.325000 0.848611 0.009375 0.027778
0 0.322917 0.880324 0.008333 0.030093
0 0.321094 0.913889 0.009375 0.030556
0 0.317708 0.943287 0.009375 0.022685
0 0.313802 0.977315 0.007812 0.023148
0 0.344792 0.962037 0.008333 0.030556
0 0.345964 0.925000 0.005990 0.028704
0 0.347656 0.886806 0.007812 0.026389
0 0.348438 0.856944 0.006250 0.027778
0 0.350000 0.825694 0.006250 0.026389
1 0.338802 0.772685 0.009896 0.059259
0 0.350130 0.783102 0.006510 0.024537
0 0.351172 0.756250 0.007031 0.026389
0 0.352865 0.726620 0.006771 0.024537
0 0.353125 0.691667 0.006250 0.025000
0 0.354297 0.655324 0.007031 0.024537
0 0.352734 0.626389 0.007031 0.025000
0 0.352995 0.575926 0.005990 0.025000
1 0.343359 0.557639 0.013281 0.056944
1 0.386719 0.407639 0.034375 0.015278
1 0.386719 0.334722 0.035937 0.016667
0 0.381250 0.288194 0.015625 0.018056
0 0.402344 0.188889 0.014063 0.016667
0 0.397266 0.203472 0.014844 0.018056
0 0.412891 0.209722 0.013281 0.019444
0 0.394531 0.219444 0.014063 0.016667
0 0.408984 0.227778 0.014844 0.016667
0 0.391406 0.239583 0.014063 0.018056
0 0.407031 0.243056 0.014063 0.016667
0 0.387500 0.253472 0.012500 0.012500
0 0.402344 0.259028 0.014063 0.015278
1 0.402734 0.165972 0.033594 0.031944
0 0.403385 0.142824 0.015625 0.013426
0 0.403516 0.122917 0.013802 0.017130
0 0.403776 0.103704 0.014323 0.020370
0 0.500000 0.027083 0.017188 0.015278
0 0.502083 0.056944 0.016667 0.013889
0 0.501563 0.071528 0.017188 0.015278
0 0.501042 0.089815 0.016146 0.012963
0 0.501823 0.107639 0.016667 0.012500
0 0.480859 0.123380 0.014323 0.012500
0 0.497786 0.124537 0.014323 0.012037
0 0.484766 0.143750 0.016406 0.015278
0 0.500130 0.143750 0.015885 0.012500
0 0.483594 0.160417 0.014063 0.018056
0 0.498047 0.159722 0.014844 0.013889
0 0.485156 0.177083 0.014063 0.015278
0 0.500391 0.179167 0.014844 0.016667
0 0.483984 0.193750 0.016406 0.012500
0 0.499609 0.195833 0.014844 0.011111
0 0.484375 0.213194 0.015625 0.012500
0 0.500000 0.211806 0.015625 0.015278
0 0.498958 0.229861 0.013542 0.012500
0 0.483984 0.247917 0.013281 0.015278
0 0.498177 0.248611 0.013542 0.013889
0 0.499609 0.265278 0.014844 0.011111
0 0.497396 0.283796 0.016146 0.012037
0 0.497656 0.302778 0.015625 0.013889
0 0.483203 0.316667 0.014844 0.013889
2 0.480078 0.334722 0.016406 0.016667
0 0.499219 0.337500 0.015625 0.013889
1 0.487500 0.352083 0.032813 0.020833
1 0.502995 0.487037 0.032552 0.029630
1 0.517969 0.592361 0.034375 0.031944
0 0.557422 0.670833 0.010156 0.022222
0 0.570443 0.676852 0.011719 0.022222
0 0.581510 0.704398 0.011458 0.021759
1 0.463151 0.779630 0.023698 0.040741
1 0.497266 0.748843 0.031510 0.043056
1 0.517708 0.793287 0.029167 0.044907
1 0.481380 0.817824 0.028385 0.043981
1 0.452734 0.852778 0.028906 0.047222
1 0.452344 0.906250 0.029687 0.045833
1 0.506250 0.878472 0.031250 0.045833
1 0.477344 0.918750 0.027604 0.043981
1 0.547266 0.864583 0.028906 0.045833
1 0.530859 0.891667 0.000781 0.038889
1 0.554297 0.950694 0.035156 0.045833
0 0.592187 0.735417 0.014063 0.026389
0 0.676693 0.849074 0.010677 0.023148
0 0.879818 0.047685 0.014844 0.023148
0 0.904167 0.050000 0.017708 0.019444
0 0.929167 0.095139 0.016667 0.022685
0 0.976953 0.128472 0.015885 0.021759
0 0.690365 0.365972 0.016146 0.014352
0 0.692057 0.379630 0.016406 0.014815
0 0.574219 0.083796 0.008333 0.026852
0 0.573958 0.113194 0.006771 0.023611
0 0.007812 0.012731 0.012500 0.018056
0 0.301693 0.015509 0.007552 0.028241
0 0.413542 0.072222 0.015104 0.015741
0 0.410938 0.091667 0.014583 0.015741
0 0.534766 0.638889 0.012760 0.025000
0 0.598698 0.766435 0.011458 0.020833
0 0.620182 0.778472 0.013281 0.022685
0 0.625781 0.797222 0.011979 0.025000
0 0.631120 0.807870 0.012760 0.021296
0 0.619271 0.825231 0.010417 0.017130
0 0.650391 0.848380 0.012240 0.025463
0 0.643880 0.835648 0.012240 0.019444
2 0.684115 0.830556 0.013021 0.021296
0 0.726042 0.776620 0.007812 0.025463
0 0.696615 0.890741 0.010937 0.021296
0 0.690495 0.898611 0.012240 0.024074
0 0.685026 0.906944 0.012760 0.025926
0 0.826823 0.948611 0.005729 0.023148
0 0.711979 0.680787 0.013021 0.018981
0 0.754036 0.152315 0.011198 0.024074
0 0.735547 0.201157 0.012760 0.014352
2 0.692057 0.260648 0.016406 0.013889
0 0.342318 0.989120 0.007031 0.020833
0 0.364453 0.882639 0.004948 0.017130
0 0.363542 0.923611 0.006771 0.027778
1 0.492969 0.399769 0.032292 0.028241
1 0.494661 0.419213 0.032031 0.026389
1 0.499609 0.434028 0.034115 0.019907
1 0.498958 0.455093 0.034375 0.023148
1 0.426302 0.063194 0.030729 0.035648
0 0.527083 0.569676 0.016146 0.010648
1 0.599479 0.953935 0.027604 0.046759
1 0.606510 0.968981 0.027083 0.042593
1 0.571224 0.987037 0.028385 0.025926
1 0.517057 0.988889 0.026823 0.022222
1 0.487370 0.857176 0.029948 0.043056
1 0.597526 0.750694 0.025781 0.052315
0 0.640234 0.817593 0.012760 0.020370
2 0.803385 0.170139 0.014583 0.014352
0 0.944661 0.246991 0.012240 0.020833
