0 0.014453 0.554861 0.014844 0.026389
0 0.064844 0.536111 0.014063 0.027778
0 0.114062 0.334722 0.012500 0.025000
0 0.159896 0.323843 0.013542 0.022685
0 0.153906 0.248611 0.010937 0.025000
0 0.175000 0.161111 0.009375 0.025000
0 0.227734 0.172917 0.013281 0.031944
0 0.273828 0.071528 0.016406 0.023611
0 0.235417 0.960648 0.008333 0.021296
0 0.243229 0.933796 0.009375 0.022222
0 0.250781 0.900694 0.007812 0.023611
0 0.257031 0.870833 0.007812 0.025000
0 0.264062 0.842361 0.009375 0.026389
0 0.269531 0.811806 0.007812 0.029167
0 0.274479 0.782176 0.008333 0.028241
0 0.280208 0.749306 0.008854 0.025463
0 0.284375 0.719444 0.007812 0.025000
0 0.289453 0.676157 0.007031 0.024537
0 0.292578 0.648611 0.007031 0.022222
0 0.296484 0.616667 0.007031 0.025000
0 0.300391 0.584028 0.007031 0.029167
0 0.304427 0.550231 0.009896 0.028241
0 0.307682 0.521065 0.008073 0.025463
0 0.310937 0.494676 0.006250 0.018981
0 0.316667 0.457870 0.006771 0.029630
1 0.381250 0.489583 0.037500 0.031944
1 0.314063 0.578472 0.015625 0.059722
0 0.330599 0.557407 0.008073 0.025000
0 0.320964 0.636574 0.005990 0.023148
0 0.316406 0.669907 0.007812 0.025926
0 0.311589 0.704167 0.007552 0.021296
0 0.306641 0.731019 0.008594 0.024074
0 0.302214 0.760185 0.007552 0.023148
0 0.296745 0.798148 0.007552 0.024074
0 0.292057 0.828935 0.009115 0.023611
0 0.287240 0.859028 0.009375 0.023611
0 0.281120 0.893750 0.010156 0.026389
1 0.383203 0.406250 0.033594 0.031944
1 0.390625 0.336111 0.034375 0.030556
0 0.392969 0.286111 0.014063 0.022222
0 0.416797 0.268750 0.011719 0.018056
0 0.403125 0.257176 0.010417 0.015278
0 0.407813 0.238889 0.012500 0.019444
0 0.423568 0.253241 0.014323 0.020370
0 0.433203 0.222222 0.013281 0.019444
0 0.418750 0.209028 0.012500 0.020833
0 0.432812 0.150694 0.014063 0.023611
0 0.437630 0.113426 0.012760 0.021296
0 0.446875 0.104398 0.012500 0.022685
1 0.544531 0.054861 0.034375 0.031944
0 0.539974 0.105787 0.015885 0.013426
0 0.536979 0.121759 0.015625 0.014815
0 0.534635 0.139815 0.016146 0.013889
0 0.532943 0.156944 0.014844 0.019444
0 0.510938 0.164815 0.013542 0.014815
0 0.528125 0.170833 0.014063 0.019444
0 0.512500 0.184028 0.015625 0.020833
0 0.527734 0.190278 0.013281 0.019444
0 0.508984 0.201389 0.013281 0.016667
0 0.524219 0.205556 0.015625 0.013889
0 0.507422 0.219444 0.014844 0.019444
0 0.522917 0.227083 0.015625 0.015278
0 0.505078 0.237500 0.014844 0.013889
0 0.520312 0.243750 0.014063 0.012500
0 0.502734 0.252778 0.014844 0.016667
0 0.517188 0.259028 0.014063 0.018056
0 0.515625 0.276389 0.014063 0.013889
0 0.498437 0.285417 0.012500 0.015278
0 0.513281 0.293981 0.014063 0.014815
0 0.511198 0.311806 0.013542 0.016204
0 0.507552 0.329630 0.015625 0.014815
0 0.505859 0.345833 0.015885 0.016667
1 0.488672 0.394444 0.033594 0.030556
1 0.487109 0.442361 0.033594 0.018056
1 0.488672 0.461111 0.033594 0.016667
1 0.489844 0.479861 0.034375 0.015278
1 0.487500 0.497222 0.034375 0.019444
1 0.488281 0.531250 0.032813 0.018056
1 0.489453 0.636806 0.032031 0.018056
0 0.500260 0.617593 0.016146 0.012037
1 0.411849 0.796296 0.028385 0.029630
1 0.450781 0.783333 0.029687 0.036111
1 0.464583 0.831944 0.031250 0.033333
1 0.426172 0.842361 0.032031 0.040278
1 0.392578 0.866667 0.030469 0.038889
1 0.394141 0.911111 0.030469 0.036111
1 0.426953 0.882639 0.032031 0.043056
1 0.484766 0.912500 0.032031 0.044444
1 0.451953 0.936111 0.030469 0.044444
0 0.498958 0.691204 0.013021 0.017593
0 0.516797 0.730556 0.011719 0.016667
0 0.530469 0.740972 0.013542 0.018981
0 0.537500 0.770602 0.015104 0.018981
0 0.544922 0.803241 0.013281 0.017593
0 0.566406 0.858333 0.015625 0.022222
0 0.612370 0.947685 0.010677 0.025926
0 0.585547 0.937500 0.014844 0.019444
1 0.372266 0.188194 0.024219 0.059722
0 0.005729 0.510185 0.010937 0.018519
0 0.275911 0.927546 0.008594 0.026389
0 0.269531 0.957639 0.008333 0.022685
0 0.261068 0.986111 0.010677 0.025000
0 0.227344 0.989583 0.010417 0.020833
0 0.303906 0.859954 0.005729 0.015278
0 0.298307 0.900694 0.006510 0.021759
0 0.323047 0.607407 0.007552 0.025000
0 0.546224 0.839120 0.013802 0.018056
0 0.667448 0.798380 0.010937 0.019907
0 0.685026 0.483796 0.013281 0.011111
0 0.685417 0.496528 0.014583 0.012500
0 0.607161 0.160185 0.007552 0.025926
0 0.603516 0.189815 0.008073 0.025000
0 0.786458 0.046991 0.013021 0.022685
0 0.805990 0.052546 0.015625 0.023611
0 0.827734 0.112963 0.015365 0.025000
0 0.877474 0.173148 0.013281 0.025926
0 0.927474 0.053241 0.014323 0.018519
0 0.933984 0.037269 0.013802 0.015278
0 0.938672 0.270833 0.014323 0.025926
0 0.966406 0.342130 0.014063 0.024074
0 0.987240 0.352083 0.011458 0.022685
0 0.774479 0.301389 0.008333 0.027778
2 0.700260 0.379398 0.016667 0.014352
0 0.626432 0.991667 0.010677 0.016667
0 0.581641 0.921991 0.011719 0.012500
0 0.581120 0.902083 0.014323 0.016204
0 0.572786 0.890741 0.013802 0.017593
0 0.559115 0.902083 0.013021 0.014352
0 0.569922 0.876852 0.015365 0.016667
0 0.483464 0.370833 0.016406 0.017593
0 0.502865 0.380787 0.014063 0.014352
0 0.488932 0.356944 0.015365 0.016667
0 0.503776 0.363194 0.012760 0.012500
0 0.540885 0.076620 0.014583 0.018056
0 0.544010 0.039120 0.013021 0.013426
0 0.552734 0.025231 0.013802 0.018981
1 0.554557 0.011574 0.033594 0.022222
1 0.464714 0.080787 0.028906 0.044907
0 0.450000 0.088426 0.013542 0.022222
0 0.435417 0.133102 0.011979 0.018981
1 0.429036 0.180093 0.032031 0.038889
0 0.425521 0.198148 0.014063 0.014815
0 0.414323 0.227083 0.013021 0.017130
0 0.428646 0.238426 0.015104 0.020370
1 0.403385 0.276852 0.031250 0.032407
1 0.267448 0.883565 0.018229 0.057870
3 0.259896 0.948148 0.004167 0.008333
1 0.442969 0.909259 0.031250 0.034259
1 0.410286 0.937731 0.030990 0.036574
0 0.388542 0.812731 0.013021 0.016204
1 0.547135 0.821528 0.031250 0.038426
2 0.820182 0.336806 0.013802 0.022685
0 0.751042 0.340278 0.013021 0.015741
0 0.947786 0.469213 0.009635 0.021759
2 0.622396 0.932407 0.011979 0.024074
0 0.669661 0.896065 0.004948 0.023611
0 0.932292 0.008333 0.012500 0.012037
