0 0.009375 0.386111 0.009375 0.030556
0 0.018750 0.385417 0.007812 0.029167
0 0.028516 0.388889 0.008594 0.027778
0 0.028906 0.418056 0.007812 0.033333
0 0.039062 0.385417 0.009375 0.026389
0 0.038672 0.412500 0.007031 0.027778
0 0.048047 0.386111 0.007031 0.027778
0 0.048828 0.415278 0.010156 0.030556
0 0.057422 0.383333 0.007031 0.025000
0 0.058984 0.408333 0.008594 0.027778
0 0.067969 0.383333 0.007812 0.030556
0 0.067578 0.409722 0.007031 0.027778
0 0.077734 0.382639 0.007031 0.029167
0 0.078516 0.409722 0.007031 0.027778
0 0.087891 0.383333 0.008594 0.025000
1 0.251172 0.635417 0.035156 0.018056
1 0.152734 0.572222 0.014844 0.058333
1 0.192969 0.565278 0.014063 0.063889
1 0.160156 0.467361 0.035937 0.018056
1 0.155078 0.389583 0.011719 0.059722
1 0.227734 0.354861 0.017969 0.062500
1 0.283594 0.323611 0.015625 0.063889
1 0.374609 0.341667 0.027344 0.058333
1 0.391016 0.401389 0.025781 0.047222
1 0.438672 0.413889 0.027344 0.052778
1 0.413281 0.363889 0.026562 0.052778
1 0.395313 0.303472 0.028125 0.054167
1 0.436719 0.352778 0.026562 0.050000
1 0.470313 0.366667 0.028125 0.055556
1 0.514453 0.291667 0.027344 0.052778
1 0.484766 0.233333 0.027344 0.055556
1 0.459766 0.290972 0.025781 0.056944
1 0.433203 0.242361 0.027344 0.054167
0 0.311719 0.288194 0.010937 0.023611
0 0.343359 0.199306 0.013281 0.026389
0 0.241016 0.660880 0.016406 0.013426
0 0.017969 0.541667 0.007812 0.027778
0 0.034766 0.554167 0.010156 0.027778
0 0.046875 0.554167 0.009375 0.027778
1 0.058594 0.553472 0.014063 0.062500
0 0.072266 0.552083 0.008594 0.026389
0 0.082812 0.534028 0.007812 0.026389
0 0.080859 0.560417 0.007031 0.026389
0 0.091797 0.535417 0.008594 0.031944
0 0.089844 0.565278 0.007812 0.030556
0 0.101562 0.540278 0.007812 0.030556
0 0.101172 0.567361 0.008594 0.031944
0 0.110156 0.548611 0.007812 0.027778
0 0.108984 0.576389 0.008594 0.027778
0 0.117969 0.566667 0.010937 0.066667
0 0.127734 0.584722 0.007031 0.027778
0 0.096875 0.380556 0.007812 0.030556
0 0.097526 0.407407 0.005990 0.023148
0 0.105859 0.378472 0.007031 0.029167
0 0.117188 0.379861 0.009375 0.029167
0 0.125781 0.376389 0.007812 0.027778
0 0.135937 0.375694 0.007812 0.023611
0 0.144922 0.373611 0.007031 0.027778
0 0.136068 0.401852 0.007552 0.023148
0 0.145313 0.407639 0.007812 0.029167
0 0.262760 0.661806 0.013542 0.010648
0 0.276953 0.659722 0.014844 0.013889
2 0.292969 0.659028 0.017188 0.015278
0 0.289844 0.611111 0.014063 0.012037
0 0.319010 0.608796 0.015104 0.012963
0 0.333854 0.603472 0.013021 0.009722
0 0.313672 0.653472 0.014844 0.012500
0 0.332031 0.650000 0.014063 0.013889
0 0.353906 0.602778 0.014063 0.011111
0 0.350000 0.648611 0.012500 0.013889
0 0.366797 0.646528 0.014844 0.012500
0 0.374609 0.602083 0.013281 0.012500
0 0.390755 0.601389 0.012760 0.012963
0 0.390495 0.644213 0.013802 0.010648
0 0.408984 0.642130 0.016406 0.012963
0 0.408464 0.600463 0.015365 0.009259
0 0.429557 0.599769 0.014323 0.011574
0 0.427995 0.640046 0.014323 0.014352
0 0.448177 0.599306 0.014583 0.009722
0 0.445703 0.640278 0.016406 0.013889
0 0.465234 0.599306 0.014844 0.015278
0 0.464583 0.642130 0.013542 0.014815
0 0.487109 0.597222 0.016406 0.013889
0 0.481901 0.643981 0.014323 0.012963
0 0.506380 0.596296 0.015365 0.014815
0 0.499219 0.647685 0.014063 0.012963
0 0.524219 0.599306 0.012500 0.018056
0 0.520312 0.651389 0.017188 0.012963
0 0.542188 0.603472 0.014063 0.018056
0 0.536589 0.656019 0.012240 0.010185
0 0.555990 0.660648 0.012500 0.013889
0 0.573307 0.667361 0.014323 0.015278
0 0.588151 0.673611 0.015365 0.013889
0 0.608203 0.679861 0.014844 0.018056
0 0.638542 0.693519 0.013542 0.015741
0 0.653255 0.702546 0.009635 0.013426
0 0.670573 0.712731 0.014583 0.016204
0 0.691276 0.726389 0.012760 0.013889
0 0.724219 0.751389 0.015625 0.022222
0 0.742188 0.761806 0.014063 0.020833
0 0.760547 0.775694 0.017969 0.020833
2 0.792839 0.811343 0.017969 0.026389
0 0.842187 0.714120 0.010937 0.023611
2 0.821224 0.569907 0.017448 0.028704
0 0.833594 0.770139 0.009375 0.029167
1 0.632812 0.564583 0.029687 0.048611
1 0.689063 0.468056 0.031250 0.055556
1 0.682161 0.538194 0.028906 0.051389
1 0.619141 0.471528 0.030469 0.054167
0 0.617578 0.373611 0.016406 0.027778
1 0.643359 0.323611 0.030469 0.052778
1 0.580859 0.229861 0.030469 0.059722
0 0.566016 0.173148 0.012760 0.021296
0 0.553255 0.149769 0.012760 0.022685
0 0.545312 0.110880 0.012500 0.022685
0 0.533724 0.084259 0.012760 0.024074
0 0.515495 0.074306 0.010677 0.023611
0 0.587240 0.093287 0.012500 0.021759
0 0.606641 0.124306 0.013281 0.026389
1 0.538281 0.222917 0.028125 0.048611
0 0.419922 0.018056 0.013281 0.025000
0 0.439844 0.055556 0.014063 0.022222
0 0.536719 0.581944 0.012500 0.016667
0 0.553125 0.587500 0.014063 0.016667
0 0.572656 0.596528 0.014063 0.020833
0 0.019531 0.747222 0.017188 0.019444
0 0.625260 0.776157 0.014583 0.016204
0 0.695182 0.819676 0.015365 0.016204
0 0.652734 0.663194 0.016406 0.020833
0 0.690885 0.659028 0.011458 0.012500
0 0.674740 0.646991 0.013542 0.013426
0 0.657682 0.634028 0.012760 0.013426
0 0.638932 0.626389 0.015365 0.014815
0 0.621224 0.616667 0.012760 0.014815
0 0.586198 0.182407 0.010937 0.014815
0 0.408984 0.120833 0.013281 0.027778
0 0.149349 0.036806 0.011719 0.027315
0 0.157161 0.034028 0.007552 0.025463
0 0.846094 0.198611 0.011458 0.018519
0 0.807682 0.143981 0.011719 0.024074
0 0.973828 0.073148 0.011198 0.020370
0 0.952083 0.013194 0.009896 0.016204
0 0.776172 0.646759 0.013802 0.023148
0 0.781771 0.633102 0.013021 0.019907
0 0.786328 0.622454 0.011719 0.019907
0 0.848177 0.652083 0.008854 0.018056
0 0.802474 0.616898 0.012240 0.018056
0 0.853776 0.657639 0.010677 0.022685
0 0.877995 0.783333 0.012240 0.018519
0 0.805339 0.737731 0.010156 0.024537
0 0.811068 0.744907 0.009115 0.024074
0 0.817057 0.750231 0.008073 0.021759
0 0.822396 0.756713 0.008854 0.023611
2 0.408333 0.009954 0.011979 0.018981
1 0.392188 0.453935 0.026042 0.047685
1 0.547656 0.498843 0.025000 0.046759
1 0.554688 0.484954 0.028646 0.048611
1 0.561458 0.470833 0.028125 0.050000
1 0.569401 0.459259 0.028385 0.045370
1 0.576562 0.449074 0.027083 0.048148
1 0.583594 0.436806 0.030208 0.047685
1 0.589063 0.424074 0.028646 0.047222
1 0.597005 0.412731 0.026302 0.046759
1 0.602995 0.399537 0.027865 0.050926
1 0.653385 0.415046 0.027083 0.051389
1 0.661719 0.403009 0.028646 0.048611
1 0.181120 0.380093 0.018490 0.058333
1 0.191276 0.375231 0.017969 0.057870
1 0.198437 0.364120 0.017708 0.062500
1 0.211458 0.363426 0.017188 0.065741
1 0.366276 0.168750 0.026302 0.044907
0 0.358333 0.178241 0.011979 0.021296
0 0.377734 0.164120 0.013281 0.020833
0 0.382422 0.123611 0.011719 0.023148
0 0.390625 0.113889 0.011458 0.020370
0 0.397135 0.101620 0.014063 0.021759
0 0.401693 0.085417 0.013802 0.022685
0 0.411458 0.078472 0.009896 0.021759
0 0.417969 0.066898 0.013542 0.022685
0 0.449870 0.005787 0.010156 0.010648
0 0.548958 0.021991 0.009375 0.018056
0 0.553255 0.033102 0.012760 0.022685
2 0.618490 0.136806 0.010937 0.023611
0 0.597005 0.203009 0.011198 0.021759
0 0.607943 0.225231 0.010677 0.023611
0 0.602995 0.241204 0.012240 0.022222
0 0.589323 0.268519 0.012500 0.019444
2 0.205339 0.962037 0.051823 0.043519
0 0.119271 0.974537 0.016146 0.012963
0 0.618229 0.647917 0.014583 0.013426
0 0.620182 0.633333 0.014844 0.012963
1 0.746484 0.629167 0.027344 0.049074
0 0.329036 0.221296 0.010677 0.022222
0 0.327344 0.243056 0.012500 0.019444
0 0.273047 0.308102 0.009635 0.024537
0 0.876823 0.797222 0.012500 0.017593
0 0.021745 0.260648 0.013281 0.011111
0 0.006250 0.263426 0.011979 0.012037
2 0.089844 0.041898 0.006771 0.027315
