0 0.376953 0.770833 0.014844 0.013889
0 0.369141 0.718750 0.016406 0.015278
0 0.365234 0.701389 0.017969 0.013889
0 0.365234 0.668750 0.013281 0.015278
0 0.367578 0.636111 0.013281 0.013889
1 0.369531 0.620833 0.032813 0.019444
0 0.375260 0.603009 0.014583 0.011574
0 0.364063 0.568056 0.015625 0.019444
0 0.366406 0.550694 0.017188 0.018056
0 0.367578 0.534028 0.016406 0.012500
0 0.363281 0.515972 0.017188 0.020833
0 0.367969 0.500000 0.017188 0.016667
0 0.368359 0.481250 0.016406 0.015278
0 0.351562 0.444444 0.007812 0.027778
0 0.380469 0.447222 0.007812 0.030556
0 0.351953 0.390278 0.008594 0.027778
0 0.359766 0.390278 0.007031 0.025000
0 0.367188 0.393056 0.006250 0.030556
0 0.445703 0.293750 0.008594 0.031944
0 0.453125 0.293056 0.006250 0.030556
0 0.500130 0.294907 0.007552 0.028704
0 0.526563 0.296528 0.007812 0.020833
2 0.539974 0.287500 0.008073 0.027778
0 0.440755 0.367824 0.012760 0.016204
0 0.456901 0.354861 0.015365 0.015278
0 0.476432 0.360185 0.015365 0.012963
0 0.495443 0.358796 0.013802 0.012963
0 0.497266 0.376389 0.013281 0.013889
0 0.515625 0.378472 0.014063 0.015278
0 0.533594 0.359259 0.010937 0.012037
0 0.548698 0.363426 0.014583 0.012037
0 0.566016 0.366204 0.016406 0.014815
0 0.569010 0.384259 0.014583 0.012037
0 0.567969 0.418519 0.015625 0.012963
1 0.549609 0.399306 0.035156 0.018056
1 0.444922 0.444444 0.033594 0.022222
1 0.444922 0.463889 0.033594 0.016667
1 0.480469 0.447222 0.032813 0.019444
1 0.480469 0.468750 0.032813 0.018056
1 0.516797 0.451389 0.033594 0.019444
1 0.480078 0.520139 0.033594 0.018056
1 0.526172 0.527546 0.032031 0.017130
1 0.449609 0.592361 0.033594 0.018056
1 0.483203 0.595139 0.032031 0.020833
1 0.484766 0.630556 0.032031 0.022222
1 0.521484 0.637500 0.033594 0.022222
1 0.444531 0.683333 0.032813 0.019444
1 0.491797 0.668056 0.033594 0.019444
1 0.480469 0.704167 0.035937 0.019444
1 0.516406 0.709028 0.032813 0.023611
1 0.442188 0.736111 0.032813 0.022222
1 0.479297 0.759028 0.027344 0.020833
0 0.505078 0.760417 0.016406 0.018056
1 0.628125 0.638889 0.032813 0.019444
1 0.628516 0.620139 0.033594 0.018056
1 0.628906 0.602083 0.034375 0.018056
1 0.629297 0.584028 0.033594 0.018056
1 0.629687 0.565972 0.035937 0.018056
1 0.629687 0.549306 0.035937 0.018056
1 0.630078 0.532639 0.033594 0.020833
1 0.630859 0.515278 0.033594 0.016667
1 0.631250 0.498611 0.032813 0.019444
0 0.630859 0.461574 0.014323 0.009259
1 0.631641 0.392361 0.035156 0.018056
1 0.673828 0.426389 0.033594 0.019444
1 0.673047 0.445139 0.033594 0.018056
1 0.671484 0.529167 0.035156 0.019444
1 0.746875 0.425694 0.010937 0.056944
1 0.741406 0.500694 0.010937 0.062500
1 0.674219 0.616667 0.034375 0.019444
0 0.541406 0.922917 0.012500 0.023611
0 0.555078 0.906250 0.011719 0.023611
0 0.567187 0.881944 0.012500 0.027778
0 0.581641 0.854167 0.013281 0.025000
0 0.595703 0.831250 0.011719 0.029167
0 0.608203 0.811111 0.013281 0.022222
0 0.622656 0.781250 0.014063 0.023611
0 0.636328 0.760417 0.013281 0.026389
0 0.650781 0.738889 0.012500 0.022222
0 0.666797 0.720833 0.013281 0.022222
0 0.680859 0.704861 0.013281 0.020833
0 0.652344 0.713194 0.012500 0.020833
0 0.667578 0.694444 0.011719 0.019444
0 0.685026 0.677083 0.012240 0.020833
0 0.583724 0.911343 0.013281 0.022685
0 0.597005 0.885880 0.013281 0.024537
0 0.609766 0.865278 0.014844 0.027778
0 0.623828 0.842361 0.013281 0.023611
0 0.637891 0.824306 0.011719 0.023611
0 0.651172 0.803472 0.013281 0.020833
0 0.667578 0.780556 0.014844 0.022222
0 0.681901 0.765741 0.010677 0.016667
0 0.697135 0.745370 0.013021 0.018519
0 0.711719 0.728241 0.013021 0.016667
0 0.725391 0.715278 0.013281 0.019444
0 0.744531 0.693750 0.014063 0.023611
0 0.770312 0.668056 0.015625 0.019444
0 0.784766 0.656250 0.010156 0.020833
0 0.802344 0.640972 0.015625 0.023611
0 0.823828 0.625000 0.013281 0.019444
0 0.856250 0.600694 0.014063 0.015278
0 0.874219 0.588889 0.015625 0.022222
0 0.893359 0.577083 0.016406 0.018056
2 0.930469 0.563194 0.018750 0.018056
0 0.729297 0.627778 0.014844 0.025000
0 0.744531 0.616667 0.017188 0.019444
0 0.761719 0.599306 0.012500 0.018056
0 0.778906 0.587500 0.015625 0.019444
0 0.796875 0.575000 0.014063 0.016667
0 0.770182 0.627546 0.013802 0.019907
0 0.944922 0.481250 0.010156 0.029167
0 0.928776 0.429861 0.008073 0.025463
0 0.984766 0.434028 0.014844 0.018056
0 0.928906 0.370833 0.009375 0.027778
2 0.855729 0.350926 0.017708 0.012037
0 0.851693 0.433796 0.014323 0.010185
0 0.860677 0.409722 0.007292 0.025000
0 0.852604 0.446991 0.016146 0.014352
0 0.854297 0.463657 0.016406 0.011574
1 0.825781 0.487500 0.031250 0.013889
1 0.627344 0.283102 0.034375 0.016204
1 0.672396 0.279861 0.035417 0.015278
0 0.164453 0.785880 0.015365 0.018981
2 0.124349 0.862500 0.014844 0.020370
0 0.069792 0.855324 0.013542 0.013426
0 0.040234 0.869213 0.007031 0.026389
1 0.369661 0.831944 0.031510 0.041667
1 0.342187 0.921991 0.031771 0.039352
1 0.332161 0.952083 0.033073 0.043056
1 0.325130 0.968981 0.030990 0.039815
1 0.322656 0.982639 0.033854 0.034722
0 0.529557 0.950000 0.011198 0.022222
0 0.515495 0.975231 0.009635 0.019907
0 0.506120 0.993056 0.011198 0.013889
0 0.543359 0.988657 0.011198 0.021759
0 0.554688 0.965278 0.010417 0.025000
0 0.571615 0.934491 0.009896 0.021759
0 0.734245 0.645833 0.013281 0.016667
0 0.738932 0.656481 0.014323 0.016667
0 0.910547 0.492824 0.009115 0.026389
0 0.917839 0.491435 0.008594 0.025463
0 0.924870 0.488889 0.007552 0.024074
0 0.932031 0.487731 0.008854 0.027315
0 0.908464 0.378935 0.008073 0.023611
0 0.916146 0.376389 0.006771 0.025000
0 0.728906 0.055324 0.006250 0.024537
0 0.680469 0.062037 0.015625 0.012963
0 0.988021 0.449074 0.014583 0.014815
2 0.010677 0.800926 0.010417 0.025926
0 0.288411 0.441898 0.009115 0.024537
0 0.263802 0.527083 0.007812 0.022685
2 0.192448 0.484491 0.009375 0.027315
2 0.338542 0.450000 0.006771 0.025000
0 0.278125 0.194213 0.009896 0.023611
0 0.167708 0.776157 0.013542 0.015278
