0 0.138281 0.207639 0.014063 0.023611
0 0.146745 0.261343 0.012240 0.028241
0 0.146484 0.321528 0.011719 0.023611
0 0.153125 0.345833 0.012500 0.027778
0 0.109375 0.452083 0.015625 0.026389
0 0.069922 0.459722 0.013281 0.022222
2 0.046484 0.478472 0.013281 0.029167
0 0.044922 0.580556 0.014844 0.027778
0 0.045703 0.615509 0.012760 0.022685
0 0.193750 0.159722 0.009375 0.027778
0 0.237109 0.099306 0.013281 0.031944
1 0.349870 0.248843 0.017448 0.060648
1 0.391016 0.318056 0.035156 0.025000
1 0.384375 0.388657 0.032813 0.019907
1 0.347786 0.492361 0.032031 0.041204
0 0.319531 0.448380 0.007812 0.025463
0 0.314714 0.484722 0.006510 0.018519
0 0.313151 0.510417 0.008073 0.023611
2 0.310156 0.540046 0.007812 0.027315
0 0.307943 0.576389 0.007552 0.027778
0 0.304948 0.607639 0.007292 0.023611
0 0.302604 0.637963 0.007292 0.023148
0 0.300391 0.669907 0.007031 0.028704
0 0.296354 0.712269 0.008854 0.022685
0 0.293490 0.743056 0.008333 0.025000
0 0.289062 0.775694 0.008333 0.027315
0 0.285286 0.806250 0.008073 0.023611
0 0.279948 0.835417 0.008333 0.029167
0 0.275391 0.866204 0.008594 0.025926
0 0.269792 0.897454 0.007292 0.024537
0 0.262760 0.930093 0.008854 0.025000
0 0.255859 0.957176 0.008594 0.025463
0 0.283333 0.981250 0.010417 0.022685
0 0.290234 0.950694 0.008594 0.023611
0 0.294922 0.920139 0.010156 0.026389
0 0.300130 0.885648 0.008073 0.025926
0 0.303906 0.850694 0.007812 0.023611
0 0.307812 0.822222 0.006250 0.025000
0 0.312891 0.790972 0.008594 0.026389
0 0.319141 0.723611 0.008594 0.027778
0 0.317188 0.749306 0.009375 0.026389
1 0.313281 0.659722 0.014063 0.058333
0 0.323307 0.693750 0.007552 0.023611
0 0.326953 0.658333 0.007031 0.025000
0 0.330078 0.623611 0.007031 0.025000
0 0.332422 0.595602 0.006510 0.024537
0 0.336719 0.544907 0.005729 0.025000
1 0.427734 0.771296 0.025781 0.037037
1 0.464453 0.756019 0.030469 0.038889
1 0.480469 0.800000 0.031250 0.044444
1 0.441797 0.819444 0.032031 0.044444
1 0.410156 0.847222 0.029687 0.044444
1 0.410807 0.894444 0.029948 0.041667
1 0.460547 0.886111 0.032031 0.038889
1 0.503516 0.883333 0.032031 0.047222
1 0.499609 0.968750 0.033594 0.040278
1 0.498047 0.605556 0.033594 0.016667
0 0.508984 0.586111 0.016406 0.013889
1 0.492578 0.500000 0.035156 0.019444
1 0.491797 0.465972 0.033594 0.015278
1 0.494141 0.447222 0.035156 0.013889
1 0.490625 0.429861 0.034375 0.015278
1 0.490625 0.412500 0.034375 0.013889
0 0.389844 0.267824 0.015625 0.018981
0 0.398047 0.236111 0.011719 0.016667
0 0.413281 0.247222 0.014063 0.019444
0 0.420703 0.231944 0.013281 0.016667
0 0.403516 0.219444 0.014844 0.019444
0 0.413672 0.190741 0.014844 0.016667
0 0.428516 0.200694 0.013281 0.018056
1 0.422656 0.153472 0.035937 0.031944
1 0.531641 0.019444 0.033594 0.033333
0 0.530208 0.043056 0.015104 0.016667
0 0.529167 0.071065 0.015104 0.013426
0 0.527734 0.088194 0.016406 0.010648
0 0.525781 0.104167 0.015625 0.011111
0 0.524609 0.120833 0.014844 0.019444
0 0.503646 0.133102 0.016146 0.014352
0 0.519531 0.138194 0.015625 0.018056
0 0.506250 0.152778 0.015625 0.014815
0 0.520312 0.156944 0.014063 0.016667
0 0.502474 0.170602 0.013281 0.013426
0 0.517578 0.172917 0.014844 0.015278
0 0.501823 0.188657 0.015104 0.014352
0 0.517188 0.193750 0.017188 0.018056
0 0.500521 0.202546 0.015625 0.014352
0 0.515234 0.209028 0.014844 0.015278
0 0.497396 0.222222 0.013021 0.013889
0 0.512891 0.227083 0.013281 0.015278
0 0.510547 0.243750 0.014844 0.012500
0 0.495312 0.255556 0.012500 0.016667
0 0.509766 0.261111 0.013281 0.016667
0 0.509375 0.277778 0.014063 0.016667
0 0.505729 0.296528 0.015625 0.012500
0 0.505599 0.312731 0.016406 0.018056
0 0.488281 0.327083 0.015625 0.015278
2 0.483594 0.341204 0.017188 0.018519
0 0.502734 0.347685 0.014844 0.016667
1 0.489974 0.364120 0.033073 0.024537
0 0.510547 0.659028 0.013281 0.020833
0 0.529557 0.696065 0.012760 0.018981
0 0.542578 0.705556 0.014844 0.019444
0 0.551432 0.735417 0.013802 0.020833
0 0.559375 0.767593 0.012500 0.020370
0 0.582422 0.819907 0.015365 0.021296
0 0.632422 0.903472 0.011719 0.026389
0 0.419271 0.175463 0.015625 0.015741
0 0.424349 0.128935 0.014844 0.020833
0 0.426302 0.108796 0.013542 0.016667
0 0.428516 0.091667 0.015365 0.017593
0 0.438411 0.082176 0.013802 0.018056
0 0.440495 0.063194 0.014844 0.018056
1 0.454036 0.054398 0.031510 0.040278
0 0.562370 0.802546 0.013281 0.018056
0 0.586589 0.837037 0.013281 0.019444
0 0.591016 0.850694 0.013281 0.018056
0 0.599740 0.861574 0.015104 0.019444
0 0.577474 0.866435 0.012760 0.018056
0 0.600911 0.882870 0.012240 0.015741
0 0.606641 0.895602 0.012760 0.018981
2 0.641146 0.887500 0.013542 0.024074
0 0.635026 0.962963 0.010677 0.025926
0 0.641406 0.957639 0.012500 0.023611
0 0.647917 0.950694 0.010417 0.025463
0 0.687370 0.845370 0.006510 0.025000
0 0.682943 0.749769 0.011719 0.021759
0 0.688151 0.431713 0.015885 0.010648
0 0.689063 0.445370 0.015625 0.011111
0 0.599089 0.119907 0.007031 0.026852
0 0.596484 0.148380 0.007552 0.024537
0 0.854167 0.100463 0.015625 0.023148
0 0.876953 0.106944 0.015885 0.024074
0 0.899479 0.161111 0.016146 0.025000
0 0.945312 0.207870 0.014063 0.024074
0 0.817057 0.020370 0.012760 0.021296
0 0.832422 0.022454 0.014323 0.021759
0 0.770703 0.239120 0.009115 0.025463
0 0.748568 0.281713 0.014844 0.011574
0 0.249870 0.988889 0.008594 0.020370
0 0.408984 0.205093 0.014323 0.018519
0 0.423438 0.216204 0.014063 0.016667
1 0.271615 0.945370 0.017188 0.058333
0 0.317578 0.888889 0.005469 0.022222
0 0.321354 0.850231 0.005208 0.015278
1 0.563411 0.782870 0.029948 0.040741
1 0.545964 0.983333 0.031510 0.033333
1 0.473438 0.912963 0.029167 0.040741
1 0.445182 0.860648 0.030990 0.038889
1 0.429427 0.915278 0.032292 0.041667
0 0.403255 0.793750 0.012760 0.019907
2 0.700391 0.326852 0.015885 0.010185
2 0.818099 0.269676 0.012760 0.017130
0 0.949740 0.385417 0.010417 0.019907
