0 0.025000 0.609722 0.014063 0.027778
0 0.060547 0.440972 0.011719 0.023611
0 0.051562 0.393056 0.012500 0.025000
0 0.118359 0.398611 0.014844 0.027778
0 0.135286 0.330093 0.012760 0.026852
0 0.165234 0.202083 0.011719 0.023611
0 0.233594 0.145139 0.014063 0.026389
0 0.244922 0.079167 0.013281 0.022222
1 0.363672 0.195602 0.017969 0.060648
0 0.316797 0.440972 0.007031 0.026389
0 0.310677 0.478241 0.005729 0.020370
0 0.308203 0.504167 0.007031 0.023148
2 0.304948 0.533796 0.008333 0.028704
0 0.300781 0.565972 0.009375 0.026389
0 0.297266 0.600000 0.007031 0.027778
0 0.294141 0.631481 0.007031 0.024074
0 0.291016 0.661806 0.007031 0.023611
0 0.284635 0.702546 0.008333 0.024537
0 0.280990 0.734491 0.007292 0.024537
0 0.276823 0.767130 0.008854 0.025926
0 0.271224 0.794676 0.009115 0.028241
0 0.259245 0.855556 0.007552 0.022222
0 0.252604 0.885417 0.008333 0.022685
0 0.245312 0.917593 0.009375 0.024074
0 0.238021 0.946296 0.008333 0.019444
0 0.230078 0.976389 0.008594 0.021296
0 0.263802 0.970833 0.009896 0.024074
0 0.272656 0.940972 0.007812 0.026389
0 0.278646 0.913194 0.008333 0.028241
0 0.283203 0.878704 0.007031 0.026852
0 0.289062 0.843056 0.009375 0.027778
0 0.293620 0.812963 0.009115 0.024074
0 0.298828 0.781944 0.008594 0.023148
0 0.303906 0.741667 0.007812 0.025000
0 0.307812 0.714120 0.006250 0.022685
0 0.312760 0.687963 0.008333 0.024074
0 0.317578 0.652083 0.008594 0.026389
0 0.322266 0.618750 0.005469 0.023611
0 0.324609 0.590741 0.007031 0.024074
1 0.312500 0.588889 0.015625 0.055556
1 0.367969 0.477546 0.035417 0.026389
1 0.382812 0.386806 0.034375 0.023611
1 0.390625 0.315278 0.034375 0.027778
0 0.392578 0.268056 0.014844 0.016667
0 0.402344 0.238194 0.010937 0.018056
0 0.415625 0.250694 0.015625 0.020833
1 0.428516 0.157639 0.030469 0.034722
0 0.446484 0.085417 0.011719 0.023611
1 0.490625 0.616667 0.034375 0.016667
0 0.501693 0.599074 0.015885 0.012037
1 0.489193 0.512500 0.034115 0.013889
1 0.488411 0.476389 0.032031 0.016667
1 0.491797 0.459722 0.032031 0.019444
1 0.488802 0.440046 0.033333 0.016204
1 0.488021 0.423380 0.031771 0.016204
0 0.502734 0.360417 0.014844 0.015278
1 0.414844 0.779167 0.028125 0.027778
1 0.454688 0.764583 0.032813 0.037500
1 0.466536 0.811806 0.029948 0.037500
1 0.429297 0.822222 0.036719 0.041667
1 0.394531 0.846528 0.029687 0.045833
1 0.394141 0.894444 0.033594 0.036111
1 0.430078 0.867361 0.036719 0.037500
1 0.488672 0.895833 0.033594 0.041667
1 0.455469 0.916667 0.029687 0.044444
0 0.614453 0.925694 0.011719 0.026389
0 0.561328 0.884028 0.013281 0.020833
0 0.568750 0.838889 0.014063 0.022222
0 0.539844 0.750000 0.012500 0.019444
0 0.532031 0.720833 0.014063 0.016667
0 0.500391 0.668981 0.013802 0.019444
0 0.497656 0.268056 0.012500 0.019444
0 0.501953 0.232407 0.014323 0.014815
0 0.513672 0.257639 0.014844 0.015278
0 0.522266 0.205556 0.014844 0.016667
0 0.504687 0.215972 0.014063 0.012500
0 0.520312 0.224306 0.014063 0.018056
0 0.510677 0.145833 0.013542 0.014815
0 0.539583 0.058102 0.015104 0.018981
0 0.539583 0.084954 0.016667 0.015278
0 0.536328 0.102778 0.016406 0.016667
0 0.534245 0.120370 0.015885 0.014815
0 0.531641 0.137269 0.014844 0.016204
0 0.508203 0.181713 0.013281 0.013426
0 0.511849 0.165741 0.015365 0.015741
0 0.526172 0.168750 0.014844 0.018056
0 0.523438 0.187500 0.014063 0.016667
0 0.449479 0.069444 0.014063 0.020370
1 0.464062 0.062269 0.027604 0.043056
0 0.437109 0.096991 0.014844 0.020833
0 0.434635 0.113426 0.014063 0.019444
0 0.432031 0.134259 0.013542 0.022222
0 0.425260 0.180556 0.014063 0.015741
0 0.418490 0.194444 0.014063 0.017593
0 0.432422 0.205093 0.013802 0.019444
0 0.414583 0.209028 0.011458 0.018056
0 0.428255 0.220370 0.015365 0.018519
0 0.408594 0.224537 0.013021 0.018519
0 0.423177 0.235648 0.015104 0.017593
2 0.484375 0.351157 0.016667 0.018056
0 0.490104 0.338426 0.015104 0.013889
0 0.505990 0.326852 0.015625 0.012963
0 0.507161 0.309954 0.014844 0.016204
0 0.510938 0.293056 0.015104 0.013889
0 0.517578 0.241204 0.016406 0.015741
0 0.526693 0.153241 0.015885 0.014815
0 0.543359 0.020602 0.012240 0.016204
0 0.552083 0.008333 0.014583 0.014815
0 0.607161 0.140972 0.007031 0.027315
0 0.603255 0.170370 0.005469 0.025000
0 0.685547 0.462500 0.013802 0.009259
0 0.686328 0.476852 0.015365 0.011111
0 0.670182 0.777083 0.010156 0.019907
0 0.571224 0.857176 0.012240 0.017130
0 0.576042 0.871528 0.013542 0.016204
0 0.583984 0.883333 0.013802 0.015741
0 0.584896 0.901620 0.015104 0.013426
0 0.589193 0.916204 0.012240 0.016667
0 0.629036 0.974306 0.009635 0.024537
0 0.622135 0.981019 0.009896 0.025000
0 0.615625 0.984954 0.009896 0.024537
0 0.671615 0.875231 0.006771 0.024537
2 0.624609 0.909954 0.012240 0.022685
0 0.548438 0.818750 0.013542 0.017130
0 0.546615 0.784259 0.012500 0.016667
0 0.520703 0.711343 0.014844 0.017130
0 0.811849 0.065972 0.014323 0.027315
0 0.925521 0.027315 0.014063 0.014815
0 0.931120 0.011343 0.015365 0.012500
0 0.832422 0.073380 0.015885 0.023611
0 0.854036 0.131713 0.015885 0.028241
0 0.902344 0.188889 0.013021 0.023148
0 0.962240 0.287037 0.013542 0.021296
0 0.995052 0.366898 0.008333 0.021759
0 0.948438 0.443056 0.009375 0.018519
0 0.773177 0.278241 0.009375 0.025926
0 0.751042 0.318519 0.014583 0.014815
2 0.700130 0.359028 0.016406 0.013426
0 0.276823 0.965741 0.007292 0.022222
0 0.269922 0.990046 0.008073 0.019907
0 0.330990 0.540278 0.006250 0.025000
0 0.305729 0.844444 0.004687 0.015741
0 0.300911 0.883796 0.007552 0.025926
1 0.264453 0.893056 0.017969 0.061111
0 0.265755 0.827546 0.010156 0.027315
1 0.490755 0.376157 0.033073 0.026389
1 0.480859 0.980787 0.029427 0.034722
1 0.444401 0.893287 0.030990 0.038426
1 0.412370 0.920370 0.032552 0.037037
1 0.429297 0.867130 0.032031 0.034259
0 0.390625 0.795833 0.016146 0.016667
1 0.549870 0.799537 0.030469 0.036111
0 0.513411 0.276620 0.014844 0.013426
0 0.507422 0.201157 0.014844 0.013426
1 0.543359 0.037269 0.031510 0.036574
1 0.403516 0.262037 0.030469 0.037963
2 0.819661 0.314815 0.012240 0.018519
