0 0.050781 0.815278 0.014063 0.025000
0 0.066406 0.713194 0.015625 0.029167
0 0.053125 0.086806 0.014063 0.029167
0 0.079687 0.072917 0.012500 0.026389
0 0.110677 0.677778 0.011979 0.022222
0 0.137109 0.718750 0.013281 0.029167
0 0.186849 0.466435 0.014323 0.030093
0 0.180859 0.589583 0.011719 0.023611
0 0.259375 0.368750 0.012500 0.026389
0 0.340625 0.136806 0.012500 0.034722
1 0.485156 0.065972 0.023438 0.059722
1 0.427214 0.253704 0.024219 0.055556
0 0.531250 0.089583 0.012500 0.029167
1 0.389974 0.669907 0.029948 0.046296
1 0.423047 0.563889 0.035156 0.019444
1 0.425000 0.495833 0.034375 0.022222
1 0.452344 0.592361 0.017188 0.062500
0 0.359635 0.630556 0.006771 0.030556
0 0.355990 0.667361 0.005729 0.018056
0 0.355339 0.692824 0.006510 0.021759
2 0.353646 0.722917 0.007292 0.028241
0 0.351693 0.757639 0.005990 0.025463
0 0.350521 0.790741 0.006250 0.023148
0 0.349219 0.821759 0.006771 0.023148
0 0.348047 0.852083 0.006510 0.026389
0 0.345313 0.893981 0.006250 0.025926
0 0.368620 0.903472 0.008073 0.025463
0 0.371224 0.873611 0.006510 0.025000
0 0.374089 0.838889 0.006510 0.025926
0 0.376432 0.803935 0.005990 0.024537
0 0.377083 0.775000 0.005729 0.022222
0 0.555729 0.819676 0.013021 0.018981
0 0.599609 0.890046 0.013281 0.021759
0 0.576693 0.855556 0.010677 0.020370
1 0.515625 0.921528 0.034375 0.037500
1 0.543750 0.768056 0.032813 0.022222
0 0.552734 0.750000 0.016406 0.013889
1 0.533203 0.666667 0.033594 0.022222
1 0.532161 0.634259 0.031510 0.024074
1 0.529557 0.578704 0.033594 0.021296
0 0.425260 0.444444 0.016667 0.016667
0 0.454557 0.304398 0.015365 0.019907
0 0.558464 0.235417 0.016927 0.011574
0 0.557552 0.253704 0.015625 0.012037
0 0.556120 0.271065 0.015365 0.013426
0 0.555078 0.288657 0.014844 0.014352
0 0.533854 0.300231 0.014583 0.011574
0 0.550260 0.304167 0.014583 0.012963
0 0.536458 0.319444 0.015104 0.013889
0 0.552083 0.323843 0.015104 0.013426
0 0.534245 0.335880 0.014323 0.010648
0 0.548698 0.338889 0.013021 0.012963
0 0.534635 0.356019 0.013021 0.012037
0 0.549609 0.359954 0.014844 0.013426
0 0.532943 0.371759 0.014844 0.012037
0 0.548698 0.376157 0.014583 0.011574
0 0.530990 0.388657 0.014583 0.011574
0 0.547005 0.391898 0.014323 0.013426
0 0.545312 0.410417 0.014063 0.012500
0 0.528906 0.423148 0.012500 0.012037
0 0.543750 0.444213 0.013542 0.013426
0 0.540625 0.462500 0.014583 0.011111
0 0.539974 0.479398 0.015885 0.010648
0 0.524479 0.493981 0.014583 0.012963
0 0.539583 0.515972 0.015104 0.012500
1 0.529297 0.530556 0.033594 0.019444
0 0.005339 0.197454 0.010156 0.024537
2 0.344141 0.010185 0.014323 0.019444
0 0.726042 0.037731 0.013021 0.020833
0 0.777995 0.082176 0.014844 0.024537
0 0.812370 0.020602 0.009115 0.025463
0 0.821094 0.024769 0.007812 0.023611
0 0.838151 0.036806 0.008594 0.026389
0 0.868359 0.046528 0.009115 0.025463
0 0.916016 0.020602 0.008594 0.027315
0 0.940365 0.047454 0.017708 0.016204
0 0.945182 0.090046 0.013281 0.011574
0 0.940755 0.107870 0.016406 0.014815
0 0.849740 0.171991 0.016667 0.023611
0 0.873828 0.211111 0.013802 0.022222
0 0.912630 0.253241 0.014844 0.021296
0 0.937500 0.304398 0.013021 0.023611
0 0.958203 0.312269 0.016406 0.030093
0 0.985677 0.511111 0.011458 0.025000
0 0.802734 0.379630 0.010156 0.025000
0 0.782943 0.423148 0.012240 0.013889
2 0.734505 0.472685 0.016927 0.012037
0 0.726562 0.576157 0.015104 0.009722
0 0.727214 0.590046 0.016406 0.011574
0 0.729948 0.889120 0.010937 0.019907
0 0.608464 0.921759 0.013281 0.018519
0 0.613411 0.957176 0.014323 0.021759
0 0.633984 0.972454 0.014844 0.021759
0 0.638281 0.988426 0.013542 0.018519
0 0.737760 0.983333 0.008854 0.021296
0 0.589974 0.863426 0.014323 0.018519
1 0.477734 0.945370 0.023698 0.031481
0 0.454557 0.965509 0.014844 0.018981
1 0.493750 0.983565 0.032292 0.032870
1 0.531250 0.965509 0.028125 0.041204
0 0.343229 0.924537 0.005729 0.024074
0 0.340234 0.958333 0.006510 0.025926
0 0.363021 0.970139 0.006771 0.025463
0 0.366016 0.931713 0.007031 0.022685
2 0.519922 0.508102 0.015885 0.013426
0 0.628385 0.274537 0.006250 0.025926
0 0.626302 0.303704 0.005729 0.023148
0 0.380208 0.723843 0.005729 0.023611
0 0.336849 0.987731 0.008073 0.024537
0 0.558464 0.208102 0.015365 0.015278
0 0.559505 0.170602 0.013281 0.015278
0 0.566797 0.154167 0.014323 0.014815
1 0.571354 0.099537 0.032813 0.027778
1 0.568880 0.116898 0.032031 0.026389
1 0.567708 0.134028 0.032813 0.028241
0 0.456641 0.285185 0.012760 0.016667
0 0.457943 0.265972 0.013802 0.018056
0 0.467057 0.255093 0.013802 0.017593
0 0.469010 0.237500 0.015625 0.017593
1 0.482943 0.228241 0.032031 0.037037
0 0.544141 0.428241 0.013281 0.012037
1 0.453255 0.332870 0.033073 0.028704
0 0.451562 0.350463 0.015104 0.014815
0 0.446094 0.365741 0.014583 0.015741
0 0.460156 0.374306 0.015104 0.014352
0 0.442448 0.380787 0.012500 0.012500
0 0.456380 0.389352 0.013802 0.016667
0 0.437760 0.396065 0.014063 0.018981
0 0.452995 0.406944 0.014844 0.013889
0 0.433333 0.412500 0.010417 0.012037
0 0.447005 0.421528 0.014323 0.015278
1 0.434766 0.434028 0.030469 0.028241
0 0.014974 0.953935 0.008594 0.023611
1 0.534115 0.613194 0.033333 0.017130
1 0.531771 0.598611 0.033854 0.016667
1 0.351562 0.949074 0.010417 0.062037
1 0.560026 0.187963 0.032552 0.028704
2 0.851172 0.406481 0.013281 0.016667
0 0.848568 0.039352 0.008073 0.021296
