0 0.008594 0.333333 0.014063 0.027778
0 0.034375 0.325694 0.014063 0.026389
2 0.029687 0.427083 0.012500 0.026389
0 0.057813 0.870139 0.012500 0.023611
0 0.096875 0.849306 0.012500 0.026389
0 0.171094 0.629861 0.010937 0.029167
0 0.195312 0.670833 0.014063 0.025000
0 0.206641 0.479167 0.013281 0.025000
0 0.240495 0.528009 0.010677 0.028241
0 0.297656 0.310417 0.014063 0.029167
0 0.316797 0.298611 0.013281 0.030556
2 0.327344 0.140278 0.023438 0.058333
0 0.392188 0.064352 0.011979 0.025926
1 0.502734 0.085417 0.024219 0.065278
1 0.456641 0.254861 0.027344 0.062500
0 0.385026 0.658333 0.007552 0.030556
0 0.382552 0.694676 0.006771 0.019907
0 0.381641 0.720139 0.007031 0.026389
2 0.381120 0.750231 0.007552 0.028241
0 0.379818 0.785417 0.006510 0.029167
0 0.378516 0.819444 0.005990 0.021296
0 0.378125 0.848611 0.006250 0.022222
0 0.407813 0.750926 0.005729 0.024074
0 0.405208 0.802546 0.006771 0.022685
0 0.405339 0.831019 0.005990 0.023148
0 0.403385 0.865046 0.007812 0.025463
0 0.402344 0.898611 0.007812 0.025000
1 0.427214 0.686343 0.032552 0.036574
1 0.477474 0.600926 0.011198 0.058333
1 0.448177 0.589352 0.033333 0.017593
1 0.449349 0.518981 0.033073 0.018519
1 0.570703 0.786806 0.033594 0.020833
0 0.580469 0.766667 0.015625 0.011111
0 0.585156 0.837269 0.014063 0.016204
0 0.628776 0.903935 0.013802 0.019907
1 0.559766 0.682870 0.035156 0.024074
1 0.558594 0.649537 0.033854 0.021296
1 0.551823 0.550000 0.033333 0.019444
0 0.563411 0.533102 0.014323 0.012500
2 0.543229 0.527315 0.016146 0.014815
0 0.548177 0.512269 0.016146 0.011574
0 0.563542 0.516667 0.009896 0.013889
0 0.563932 0.497917 0.015365 0.013426
0 0.564323 0.480093 0.014583 0.012037
0 0.566406 0.462731 0.014063 0.011574
0 0.551172 0.442361 0.011719 0.012500
0 0.565755 0.444907 0.013281 0.010185
0 0.567318 0.427546 0.014844 0.012500
0 0.553516 0.407176 0.015885 0.012500
0 0.568880 0.411111 0.014323 0.012037
0 0.554297 0.390278 0.014844 0.011111
0 0.570443 0.393750 0.014323 0.011574
0 0.556250 0.374306 0.014063 0.012500
0 0.570964 0.377083 0.014844 0.012500
0 0.556120 0.355093 0.015885 0.012037
0 0.557292 0.337037 0.015104 0.012963
0 0.554167 0.318750 0.015104 0.012500
0 0.570573 0.321991 0.015625 0.012500
0 0.575000 0.305324 0.015625 0.013426
0 0.575260 0.287963 0.016146 0.012963
0 0.576562 0.271065 0.016667 0.012500
0 0.576953 0.252778 0.014323 0.012963
0 0.576302 0.225694 0.015625 0.013426
0 0.548438 0.106250 0.010937 0.029167
0 0.094141 0.926620 0.012240 0.025463
0 0.046094 0.970139 0.010937 0.021759
0 0.087240 0.992824 0.008854 0.014352
1 0.502083 0.249074 0.030208 0.036111
0 0.488542 0.259491 0.014063 0.018981
0 0.486719 0.277315 0.014063 0.016667
0 0.477734 0.289352 0.013802 0.017593
0 0.477344 0.307176 0.013021 0.017130
0 0.474740 0.326389 0.015625 0.020370
0 0.472005 0.371991 0.015365 0.016204
0 0.467187 0.389815 0.014583 0.016667
0 0.482161 0.397454 0.014844 0.014352
0 0.464323 0.405324 0.013542 0.014352
0 0.478906 0.415278 0.014063 0.013889
0 0.459766 0.422685 0.014323 0.015741
0 0.475130 0.429861 0.014844 0.015278
0 0.454818 0.438426 0.010677 0.012037
0 0.469792 0.444907 0.014063 0.013889
0 0.448177 0.468981 0.016146 0.012963
0 0.584115 0.171991 0.014063 0.013426
0 0.577083 0.187963 0.013021 0.012037
1 0.578125 0.205324 0.033333 0.028241
1 0.587891 0.115741 0.033073 0.025926
1 0.585286 0.134259 0.033073 0.025000
1 0.584766 0.151620 0.034115 0.028241
0 0.647526 0.285648 0.006510 0.025926
0 0.645573 0.316898 0.006250 0.022685
0 0.751172 0.584028 0.015885 0.014352
0 0.752083 0.597454 0.015625 0.012500
0 0.607292 0.868981 0.011458 0.017593
0 0.619792 0.877083 0.011458 0.018056
0 0.639583 0.934259 0.010937 0.015741
0 0.643750 0.969907 0.013021 0.018519
0 0.665365 0.982407 0.014583 0.021296
1 0.544661 0.940972 0.029948 0.037500
1 0.562109 0.980787 0.030469 0.038426
1 0.509375 0.965278 0.023958 0.033333
0 0.485677 0.985880 0.013542 0.018056
1 0.558984 0.631944 0.034115 0.020370
1 0.555990 0.615046 0.033854 0.018056
1 0.554427 0.596296 0.033333 0.019444
2 0.757812 0.478472 0.014583 0.013426
0 0.824219 0.380556 0.009896 0.025926
0 0.759245 0.896991 0.011719 0.018056
0 0.710156 0.016204 0.016146 0.020370
0 0.762109 0.053009 0.014844 0.021759
0 0.836328 0.133796 0.013802 0.022222
0 0.862760 0.170602 0.013542 0.023611
0 0.902344 0.214815 0.013542 0.022222
0 0.922786 0.258565 0.015365 0.026389
0 0.949740 0.271528 0.017188 0.024537
0 0.957422 0.101620 0.014844 0.015278
0 0.961458 0.084954 0.014583 0.012500
0 0.955729 0.041667 0.015104 0.015741
0 0.931510 0.017130 0.007812 0.028704
0 0.883984 0.044907 0.011198 0.028704
0 0.853516 0.038194 0.008594 0.025463
0 0.836068 0.025926 0.008594 0.025926
0 0.828125 0.023611 0.008854 0.025926
0 0.376823 0.879167 0.006250 0.024074
0 0.375521 0.922685 0.007292 0.020370
0 0.373828 0.953472 0.006510 0.024537
0 0.371484 0.986806 0.006510 0.025463
0 0.395182 0.992593 0.007031 0.014815
1 0.384505 0.948148 0.008594 0.059259
1 0.458203 0.460417 0.032552 0.030093
1 0.643490 0.953472 0.029687 0.044907
0 0.398177 0.928935 0.006250 0.023611
0 0.397005 0.957639 0.005990 0.021759
1 0.473698 0.355556 0.032292 0.026852
0 0.572917 0.340509 0.014583 0.015278
1 0.569010 0.357639 0.012500 0.011574
0 0.670312 0.995833 0.010417 0.008333
2 0.873047 0.406481 0.013281 0.014815
0 0.805078 0.427546 0.013802 0.015278
0 0.769401 0.989352 0.006510 0.021296
0 0.958333 0.056713 0.012500 0.015278
2 0.924609 0.013194 0.009115 0.025463
0 0.864193 0.039352 0.008073 0.021296
