0 0.027344 0.099306 0.017188 0.018056
2 0.026172 0.120833 0.017969 0.016667
0 0.077734 0.110417 0.017969 0.018056
0 0.097266 0.096528 0.016406 0.015278
0 0.115625 0.117361 0.018750 0.015278
0 0.109375 0.176389 0.014063 0.022222
0 0.147656 0.196528 0.010937 0.034722
0 0.148438 0.271528 0.009375 0.031944
0 0.107031 0.753472 0.009375 0.031944
0 0.118750 0.769444 0.009375 0.030556
0 0.240234 0.209028 0.013281 0.026389
2 0.190234 0.298611 0.013281 0.033333
0 0.409635 0.285185 0.009896 0.025926
0 0.382812 0.502778 0.009375 0.027778
0 0.355078 0.593056 0.010156 0.027778
0 0.295443 0.817361 0.012760 0.029167
0 0.312500 0.923611 0.012500 0.030556
0 0.291016 0.928472 0.010156 0.023611
0 0.482552 0.055787 0.016667 0.011574
0 0.480469 0.070833 0.014063 0.011111
0 0.488281 0.124074 0.014063 0.012037
0 0.513542 0.104861 0.014063 0.011574
0 0.523177 0.076852 0.016667 0.012037
0 0.579036 0.068750 0.015365 0.014352
0 0.561328 0.140278 0.014323 0.013889
0 0.634115 0.120602 0.013021 0.012500
0 0.640625 0.142361 0.015625 0.015278
0 0.809766 0.054861 0.007031 0.026389
0 0.819010 0.055093 0.007292 0.022222
0 0.837370 0.056713 0.007552 0.024537
0 0.846875 0.047917 0.007812 0.023611
0 0.867708 0.046065 0.007292 0.031019
0 0.948438 0.061111 0.018750 0.016667
0 0.948568 0.043750 0.012240 0.014352
0 0.965234 0.225000 0.021094 0.022222
0 0.802474 0.139120 0.015365 0.014352
0 0.768750 0.172222 0.012500 0.016667
0 0.725521 0.172222 0.016667 0.013889
0 0.728385 0.124306 0.015104 0.015278
0 0.744141 0.113194 0.016406 0.015278
0 0.699609 0.096528 0.014844 0.015278
0 0.668359 0.085417 0.017969 0.015278
1 0.508594 0.289583 0.014063 0.062500
1 0.499609 0.377778 0.014844 0.058333
0 0.554427 0.282407 0.005729 0.023148
1 0.595182 0.269676 0.033594 0.014352
1 0.595052 0.287500 0.033854 0.016667
1 0.597005 0.304861 0.033073 0.015278
0 0.599740 0.323843 0.014583 0.009722
0 0.594271 0.341667 0.013021 0.011111
1 0.599609 0.358333 0.033594 0.016667
0 0.600781 0.378241 0.015625 0.012037
0 0.607031 0.403472 0.015625 0.015278
0 0.608594 0.421065 0.016146 0.014352
0 0.610417 0.438194 0.015104 0.014352
0 0.594922 0.477315 0.014844 0.013889
0 0.600781 0.493519 0.015625 0.012037
0 0.615885 0.488657 0.015104 0.011574
0 0.601172 0.512731 0.014323 0.015278
0 0.605339 0.530787 0.013802 0.011574
0 0.612891 0.597222 0.013281 0.013889
0 0.621875 0.665972 0.017188 0.012500
2 0.619922 0.681250 0.015885 0.011574
0 0.638672 0.677083 0.014323 0.016204
1 0.572656 0.720139 0.023438 0.059722
1 0.601562 0.852778 0.032813 0.034259
1 0.689063 0.914583 0.032813 0.037500
1 0.533854 0.440972 0.032292 0.018981
0 0.523698 0.473611 0.015104 0.014815
0 0.517188 0.489583 0.014063 0.015278
0 0.519922 0.508796 0.013281 0.013889
0 0.520964 0.527546 0.015365 0.012500
1 0.525781 0.556250 0.032813 0.018056
0 0.523698 0.590509 0.014583 0.009722
0 0.538542 0.589583 0.013021 0.012500
0 0.537760 0.625000 0.014063 0.011111
0 0.519792 0.641898 0.010417 0.008796
0 0.534635 0.642130 0.012500 0.009259
1 0.525781 0.659722 0.032813 0.016667
0 0.517839 0.675463 0.015365 0.012037
1 0.527734 0.725694 0.035156 0.029167
1 0.540234 0.790972 0.033594 0.031944
0 0.489714 0.886343 0.007552 0.023611
0 0.632812 0.642361 0.015625 0.015278
0 0.037109 0.034722 0.013802 0.012037
2 0.325781 0.124537 0.018229 0.011111
0 0.317318 0.975463 0.007031 0.021296
0 0.326693 0.806481 0.007031 0.026852
0 0.356641 0.060417 0.012240 0.010648
0 0.447917 0.010880 0.008854 0.020833
2 0.813932 0.520833 0.016406 0.015741
1 0.904818 0.175463 0.036719 0.032407
0 0.492969 0.923148 0.005729 0.017593
0 0.497266 0.948380 0.008073 0.022685
2 0.500911 0.976389 0.008594 0.026852
0 0.526042 0.964583 0.007292 0.023611
1 0.660937 0.820139 0.030208 0.038426
1 0.652995 0.791204 0.031510 0.032407
1 0.651563 0.770370 0.032292 0.026852
1 0.645052 0.759028 0.033333 0.032870
1 0.640885 0.742130 0.034375 0.035185
1 0.631641 0.700000 0.034635 0.025000
0 0.678255 0.395602 0.008594 0.026389
0 0.680990 0.423380 0.009896 0.027315
0 0.825260 0.623843 0.014583 0.018056
0 0.828906 0.637037 0.013542 0.018519
0 0.885417 0.916898 0.011979 0.015278
0 0.853125 0.450000 0.011458 0.017593
0 0.863021 0.394213 0.010937 0.026389
0 0.708594 0.952546 0.010417 0.021759
0 0.735286 0.973148 0.009635 0.022222
0 0.748047 0.974306 0.011198 0.022685
0 0.935547 0.009028 0.017448 0.017130
0 0.523047 0.456481 0.015885 0.013889
0 0.692448 0.887963 0.016146 0.014815
0 0.763151 0.990972 0.010677 0.018056
0 0.630469 0.625463 0.015625 0.013889
0 0.630078 0.608796 0.014844 0.012037
0 0.627865 0.591898 0.013542 0.012500
0 0.625391 0.573611 0.013802 0.012037
0 0.623698 0.557407 0.014583 0.012037
0 0.607422 0.561574 0.014844 0.012963
0 0.606641 0.544907 0.014323 0.013889
0 0.622917 0.541204 0.015104 0.012037
0 0.620182 0.524074 0.014844 0.012963
0 0.615365 0.506250 0.014063 0.011574
0 0.611068 0.471759 0.014323 0.012963
0 0.612370 0.454630 0.015885 0.012037
0 0.526172 0.571759 0.014323 0.009259
0 0.538672 0.607870 0.013802 0.009259
0 0.522786 0.606944 0.012760 0.009259
0 0.522005 0.624537 0.014323 0.010185
2 0.914844 0.394444 0.015104 0.009259
0 0.941146 0.021065 0.013542 0.016204
