0 0.043750 0.236574 0.017188 0.015741
0 0.088021 0.247222 0.015104 0.016667
0 0.057161 0.174537 0.018490 0.012037
0 0.163411 0.231019 0.009635 0.024074
0 0.166276 0.329398 0.008073 0.027315
0 0.123307 0.618750 0.009635 0.026389
0 0.119792 0.745833 0.008854 0.027778
0 0.143880 0.914120 0.009635 0.025463
0 0.162240 0.658102 0.009375 0.025463
0 0.161979 0.543519 0.008854 0.026852
2 0.222786 0.194676 0.009635 0.027315
0 0.312370 0.166204 0.014323 0.012963
0 0.412891 0.075463 0.008594 0.029630
0 0.445052 0.163194 0.009375 0.028241
0 0.418750 0.414583 0.009375 0.029167
0 0.402344 0.420139 0.010937 0.026389
0 0.376563 0.646991 0.008333 0.027315
0 0.382292 0.702778 0.008333 0.027778
0 0.363932 0.763426 0.009115 0.028704
0 0.248438 0.334722 0.012500 0.025000
0 0.328776 0.245370 0.016927 0.014815
0 0.342187 0.262269 0.016667 0.013426
0 0.509115 0.169907 0.016667 0.014815
0 0.513411 0.249537 0.012760 0.011111
0 0.538802 0.211111 0.016146 0.013889
0 0.568490 0.231481 0.016667 0.012037
0 0.595182 0.214352 0.014844 0.011111
0 0.593359 0.170139 0.014844 0.012500
0 0.636328 0.179861 0.014844 0.018056
0 0.650781 0.199537 0.015625 0.015741
0 0.680990 0.185880 0.016146 0.013426
0 0.733594 0.201620 0.017188 0.013426
0 0.810547 0.141667 0.008594 0.027778
0 0.818620 0.140972 0.007552 0.023611
0 0.838542 0.142593 0.006771 0.026852
0 0.846875 0.134028 0.007812 0.023611
0 0.867708 0.130787 0.008854 0.030093
0 0.907031 0.076620 0.007812 0.027315
0 0.948958 0.141435 0.019792 0.014352
0 0.870964 0.306713 0.012240 0.013426
0 0.829948 0.303704 0.016146 0.013889
1 0.851172 0.226620 0.038281 0.026389
0 0.910286 0.273380 0.017448 0.014352
0 0.943620 0.272454 0.016927 0.017130
0 0.968359 0.302778 0.016406 0.014815
0 0.726693 0.242361 0.013281 0.011574
0 0.731510 0.262963 0.014583 0.014815
0 0.639193 0.254861 0.014323 0.015278
1 0.516276 0.394213 0.011198 0.061574
1 0.509505 0.469676 0.012760 0.058796
0 0.561328 0.381481 0.007031 0.026852
1 0.600781 0.369444 0.034375 0.019444
1 0.604427 0.402315 0.033854 0.018519
0 0.602214 0.439352 0.012760 0.012037
1 0.607552 0.456481 0.034896 0.018519
0 0.608984 0.475694 0.015365 0.010648
0 0.615495 0.500231 0.014323 0.015278
0 0.620182 0.533333 0.015885 0.015741
0 0.622005 0.550463 0.015365 0.013889
0 0.604948 0.575231 0.014583 0.014352
0 0.622266 0.568056 0.014844 0.013889
0 0.624609 0.691204 0.013281 0.012963
1 0.544531 0.543287 0.032813 0.018056
0 0.533984 0.575231 0.014844 0.011574
0 0.527865 0.591898 0.014583 0.011574
0 0.530599 0.609954 0.012760 0.009722
0 0.533073 0.628935 0.014063 0.011574
1 0.537240 0.657639 0.032292 0.015278
0 0.538021 0.672917 0.013542 0.009722
0 0.536458 0.690741 0.015104 0.011111
0 0.551302 0.689120 0.013542 0.011574
0 0.535937 0.706250 0.014063 0.012500
0 0.550911 0.706713 0.014323 0.010648
0 0.535026 0.725231 0.013802 0.012500
0 0.550391 0.723611 0.014844 0.011111
0 0.532682 0.742361 0.011198 0.009722
0 0.548307 0.740509 0.013802 0.011574
1 0.540234 0.761343 0.033594 0.016204
0 0.532292 0.775694 0.016146 0.012500
1 0.543750 0.822454 0.030729 0.027315
1 0.599219 0.804861 0.031250 0.048611
1 0.554818 0.887731 0.030990 0.031019
1 0.679557 0.912037 0.033073 0.039815
0 0.610938 0.607639 0.014063 0.015278
0 0.616016 0.624306 0.014844 0.018056
0 0.618359 0.642361 0.014844 0.018056
2 0.105208 0.268287 0.016667 0.013426
0 0.137500 0.177083 0.008854 0.010648
0 0.356901 0.222917 0.014844 0.011574
0 0.476432 0.231019 0.014323 0.010185
0 0.948438 0.122454 0.013021 0.014352
0 0.870443 0.474769 0.012760 0.024537
0 0.860417 0.529861 0.011458 0.016204
2 0.824740 0.602083 0.014583 0.012500
0 0.685417 0.485185 0.008854 0.025926
0 0.689974 0.513889 0.009635 0.025926
0 0.617708 0.517593 0.016667 0.013889
0 0.625130 0.602315 0.012240 0.011111
0 0.631641 0.618287 0.014323 0.012500
0 0.633724 0.634954 0.016406 0.012500
0 0.635417 0.651852 0.015625 0.012963
0 0.637500 0.668750 0.014063 0.011574
0 0.640104 0.684491 0.014063 0.012500
0 0.642578 0.702315 0.013802 0.011111
0 0.644141 0.719213 0.014844 0.013426
0 0.646224 0.735185 0.015365 0.013889
0 0.634635 0.759028 0.016146 0.012500
0 0.649219 0.753009 0.011979 0.009722
2 0.632682 0.775463 0.016406 0.010185
2 0.651953 0.768750 0.014844 0.013426
0 0.294531 0.990046 0.007292 0.019907
0 0.340755 0.974769 0.008073 0.028241
0 0.376302 0.976852 0.010937 0.027778
0 0.533203 0.558565 0.014844 0.012500
0 0.607031 0.420833 0.014583 0.011111
0 0.611328 0.590741 0.015365 0.012037
0 0.626172 0.584954 0.014323 0.013426
1 0.644141 0.923843 0.034115 0.037500
1 0.645573 0.790278 0.034375 0.025926
1 0.655599 0.834259 0.032031 0.039815
1 0.660547 0.849769 0.029948 0.033796
1 0.667578 0.865278 0.030469 0.036111
1 0.669010 0.880787 0.032813 0.032870
0 0.837370 0.703935 0.013802 0.020833
0 0.841016 0.716204 0.012760 0.018519
0 0.710156 0.975231 0.015104 0.016204
0 0.568229 0.031481 0.006771 0.023148
0 0.117188 0.311111 0.012500 0.019444
1 0.601823 0.386111 0.034375 0.012037
0 0.508203 0.984491 0.007031 0.020833
2 0.921875 0.471991 0.014583 0.008796
0 0.934635 0.087731 0.014063 0.021759
0 0.938932 0.101389 0.011198 0.018519
