0 0.308984 0.386343 0.008594 0.031019
0 0.316797 0.387731 0.007031 0.027315
0 0.324089 0.388194 0.007552 0.026389
0 0.307292 0.441667 0.008333 0.025000
0 0.335938 0.445833 0.006771 0.025926
0 0.323437 0.479167 0.015625 0.013889
0 0.323828 0.495139 0.013281 0.012500
0 0.319010 0.512269 0.014583 0.011574
0 0.322786 0.531019 0.013802 0.012963
0 0.338542 0.533102 0.009375 0.010648
0 0.321875 0.545833 0.014063 0.011111
0 0.319401 0.565741 0.015365 0.012963
0 0.330469 0.600463 0.014063 0.009259
1 0.323177 0.618519 0.033854 0.013889
0 0.318490 0.663657 0.012500 0.013426
0 0.317188 0.698148 0.014063 0.013889
0 0.322786 0.717361 0.012760 0.013426
0 0.328906 0.768750 0.012500 0.012500
1 0.293229 0.916898 0.032292 0.042130
0 0.402734 0.294676 0.007031 0.018981
0 0.410026 0.293981 0.007552 0.026852
0 0.456510 0.295602 0.008333 0.025463
0 0.483594 0.297917 0.007812 0.020833
2 0.497135 0.289815 0.008333 0.028704
0 0.398177 0.368056 0.013021 0.013889
0 0.414974 0.354167 0.015365 0.012037
0 0.433203 0.359259 0.013281 0.009259
0 0.451302 0.359259 0.013542 0.012037
0 0.489974 0.362269 0.010156 0.010648
0 0.505339 0.366667 0.013802 0.012037
0 0.522135 0.367130 0.014583 0.011111
0 0.524349 0.383565 0.012760 0.013426
0 0.524089 0.420370 0.015365 0.014815
0 0.453906 0.379167 0.014063 0.013889
0 0.471875 0.379167 0.014063 0.013889
1 0.505469 0.402315 0.032813 0.014815
1 0.400911 0.444444 0.030469 0.018519
1 0.400391 0.462731 0.033594 0.020833
1 0.436719 0.445139 0.032813 0.023611
1 0.436328 0.466667 0.033594 0.022222
1 0.471484 0.450694 0.032031 0.023611
1 0.434766 0.521528 0.033594 0.020833
1 0.480599 0.529630 0.032031 0.017593
1 0.401953 0.590278 0.033594 0.022222
1 0.437891 0.595139 0.033594 0.020833
1 0.438672 0.631944 0.032031 0.022222
1 0.475521 0.636574 0.032292 0.016667
1 0.444922 0.669444 0.032031 0.019444
1 0.397266 0.680556 0.033594 0.022222
1 0.433594 0.705556 0.032813 0.022222
1 0.468750 0.710648 0.034375 0.017593
1 0.396224 0.737269 0.031510 0.019907
1 0.430729 0.755324 0.025521 0.014352
1 0.581250 0.640972 0.032813 0.015278
1 0.582422 0.624306 0.033594 0.020833
1 0.583203 0.605556 0.033594 0.019444
1 0.583594 0.586111 0.034375 0.016667
1 0.584375 0.569444 0.032813 0.016667
1 0.583594 0.552778 0.035937 0.016667
1 0.583594 0.535417 0.034375 0.020833
1 0.585938 0.518750 0.032813 0.015278
1 0.584766 0.500694 0.033594 0.018056
0 0.586328 0.465972 0.014844 0.015278
1 0.585156 0.395833 0.034375 0.019444
1 0.584766 0.286111 0.032031 0.013889
1 0.631250 0.286111 0.032813 0.013889
1 0.628516 0.433333 0.033594 0.016667
1 0.628906 0.452778 0.034375 0.016667
1 0.624609 0.534722 0.033594 0.016667
1 0.647266 0.630556 0.033594 0.030556
1 0.701562 0.429861 0.010937 0.059722
1 0.696484 0.507639 0.008594 0.062500
2 0.811198 0.361111 0.016146 0.013889
0 0.883203 0.385417 0.011719 0.029167
0 0.882422 0.442593 0.008073 0.025000
0 0.897396 0.494213 0.005729 0.018056
2 0.882812 0.574306 0.020313 0.020833
0 0.845703 0.588889 0.016406 0.022222
0 0.826172 0.602083 0.014844 0.018056
0 0.809375 0.611806 0.015625 0.020833
0 0.776172 0.634028 0.014844 0.018056
0 0.755078 0.648611 0.014844 0.022222
0 0.737500 0.663194 0.014063 0.018056
0 0.724219 0.675694 0.014063 0.023611
0 0.696484 0.700694 0.014844 0.023611
0 0.493750 0.924306 0.012500 0.026389
0 0.505469 0.901389 0.014063 0.022222
0 0.518750 0.885417 0.014063 0.023611
0 0.533203 0.855556 0.011719 0.022222
0 0.547656 0.834722 0.010937 0.025000
0 0.560156 0.813889 0.014063 0.019444
0 0.574609 0.786111 0.014844 0.027778
0 0.589453 0.764583 0.011719 0.023611
0 0.604688 0.744444 0.014063 0.022222
0 0.620313 0.725694 0.014063 0.023611
0 0.634375 0.707639 0.014063 0.018056
0 0.544922 0.795139 0.011719 0.020833
0 0.562109 0.764583 0.014844 0.026389
0 0.603906 0.716667 0.012500 0.022222
0 0.619922 0.700000 0.013281 0.022222
0 0.637891 0.682639 0.014844 0.020833
0 0.683203 0.636111 0.014844 0.019444
0 0.697526 0.623611 0.015365 0.018519
0 0.714974 0.606250 0.012760 0.019907
0 0.732943 0.594907 0.014323 0.018519
0 0.749479 0.583565 0.008333 0.021759
0 0.723047 0.634028 0.014844 0.020833
0 0.815234 0.421528 0.007031 0.026389
0 0.806250 0.456250 0.017188 0.015278
0 0.807813 0.472454 0.015625 0.014352
0 0.805859 0.440972 0.016406 0.012500
1 0.779167 0.496991 0.031771 0.016204
0 0.678906 0.720139 0.012500 0.023611
0 0.664844 0.730556 0.015625 0.027778
0 0.650000 0.748611 0.014063 0.027778
0 0.634766 0.768056 0.014844 0.025000
0 0.619141 0.788194 0.014844 0.023611
0 0.602344 0.807639 0.012500 0.020833
0 0.589063 0.828472 0.014063 0.020833
0 0.576172 0.845139 0.013281 0.023611
0 0.561328 0.868750 0.014844 0.020833
0 0.547656 0.886111 0.014063 0.025000
0 0.534375 0.915278 0.014063 0.025000
0 0.118359 0.777083 0.015885 0.019907
0 0.308203 0.832407 0.012760 0.019444
1 0.322526 0.827315 0.032031 0.040741
1 0.284115 0.947917 0.033854 0.042130
1 0.276172 0.962500 0.032031 0.039815
1 0.274479 0.979861 0.034896 0.038426
1 0.267188 0.987963 0.028125 0.024074
2 0.075781 0.851852 0.016146 0.022222
0 0.021745 0.844907 0.014323 0.013889
2 0.148438 0.474537 0.009896 0.025926
0 0.237630 0.187269 0.009635 0.022685
0 0.479948 0.949074 0.012500 0.022222
0 0.466406 0.974306 0.010937 0.019907
0 0.457552 0.992130 0.012500 0.015741
0 0.494141 0.989352 0.011719 0.020370
0 0.505729 0.965741 0.010937 0.023148
0 0.522135 0.935417 0.010417 0.020833
0 0.687891 0.653704 0.012760 0.016667
0 0.691667 0.663889 0.012500 0.018519
0 0.863672 0.504630 0.008073 0.026852
0 0.871224 0.502083 0.007031 0.025463
0 0.878125 0.500694 0.008854 0.026389
0 0.884766 0.497685 0.007552 0.025926
0 0.936719 0.450463 0.011979 0.008333
0 0.870573 0.387037 0.006771 0.025926
0 0.687109 0.063889 0.005990 0.024074
0 0.638542 0.068750 0.014063 0.012500
0 0.321484 0.632870 0.013802 0.009259
0 0.941016 0.462269 0.014323 0.010648
0 0.245703 0.435417 0.009115 0.021759
0 0.218750 0.520602 0.009375 0.022685
2 0.294922 0.446065 0.006510 0.027315
0 0.120964 0.766667 0.013281 0.016667
