0 0.010286 0.306019 0.016927 0.008333
0 0.061458 0.389352 0.013021 0.010185
0 0.009375 0.351389 0.014583 0.013889
0 0.078385 0.429167 0.013542 0.009259
0 0.169531 0.338657 0.011979 0.013426
0 0.177474 0.375926 0.015365 0.012963
0 0.164974 0.450000 0.015365 0.012037
0 0.211068 0.397917 0.010156 0.009722
0 0.250521 0.316204 0.014583 0.009259
0 0.331380 0.319444 0.015365 0.009259
0 0.322656 0.360185 0.012500 0.012037
0 0.314453 0.379861 0.014844 0.010648
0 0.316797 0.398843 0.014323 0.010648
0 0.292969 0.470370 0.014583 0.011111
0 0.439583 0.476620 0.014583 0.013426
0 0.384766 0.337731 0.011719 0.010648
0 0.431641 0.356481 0.016406 0.013889
0 0.433724 0.398843 0.013802 0.011574
0 0.475521 0.347685 0.011979 0.009259
0 0.500911 0.315972 0.011719 0.009722
0 0.500911 0.361806 0.013802 0.011574
0 0.521745 0.375000 0.014323 0.012037
0 0.582812 0.359259 0.014583 0.012963
0 0.590625 0.397917 0.013542 0.011574
0 0.609505 0.377778 0.013802 0.012037
0 0.622656 0.323843 0.014583 0.011574
0 0.655599 0.336111 0.012760 0.012037
0 0.678255 0.373148 0.016406 0.012963
0 0.731380 0.370602 0.015365 0.011574
0 0.743750 0.315741 0.016667 0.012963
0 0.752995 0.388194 0.014844 0.012500
0 0.818750 0.299074 0.016667 0.012963
0 0.830208 0.382639 0.016146 0.011574
0 0.881771 0.317824 0.017708 0.013426
0 0.907552 0.337037 0.017708 0.013889
0 0.917188 0.353241 0.018229 0.012963
0 0.959505 0.309259 0.018490 0.012963
0 0.973177 0.246296 0.016667 0.021296
0 0.966406 0.423611 0.016667 0.011111
0 0.965234 0.441667 0.016927 0.012037
2 0.108724 0.312731 0.014323 0.011574
2 0.866667 0.433333 0.016667 0.014815
2 0.871484 0.475000 0.019531 0.019444
2 0.091146 0.373148 0.015104 0.012037
0 0.022917 0.191204 0.005729 0.023148
0 0.065755 0.147222 0.013281 0.016667
0 0.078255 0.131713 0.014844 0.017130
0 0.083854 0.118519 0.013542 0.012963
0 0.091797 0.082639 0.012240 0.016204
0 0.068880 0.081019 0.013802 0.015741
0 0.069922 0.063426 0.015365 0.017593
0 0.068490 0.050463 0.011979 0.012963
0 0.068099 0.035880 0.013281 0.012500
0 0.041536 0.074306 0.008073 0.026389
0 0.027865 0.054398 0.014583 0.017130
0 0.271875 0.025231 0.014583 0.016204
0 0.290495 0.030787 0.008073 0.027315
0 0.269010 0.043981 0.015625 0.016667
0 0.440365 0.091435 0.014583 0.009722
2 0.443229 0.103935 0.014583 0.010648
2 0.458333 0.155324 0.028125 0.016204
2 0.501302 0.116204 0.019271 0.022222
2 0.501302 0.181019 0.026562 0.024074
0 0.003646 0.329167 0.006771 0.010185
