2 0.019271 0.483796 0.026042 0.013889
0 0.011979 0.331944 0.016146 0.013889
0 0.094010 0.348611 0.015625 0.010185
0 0.118880 0.431481 0.014844 0.013889
0 0.101953 0.450694 0.017448 0.012500
0 0.099089 0.497917 0.012760 0.011574
0 0.133724 0.485648 0.015885 0.013889
0 0.164323 0.449537 0.014583 0.012037
0 0.158984 0.366898 0.015885 0.010648
0 0.228906 0.430556 0.016146 0.011111
0 0.239583 0.453472 0.014583 0.011574
0 0.312370 0.363657 0.014323 0.013426
0 0.297396 0.320139 0.012500 0.008796
0 0.928385 0.493056 0.011458 0.011111
0 0.336719 0.457639 0.012500 0.012500
0 0.314714 0.435417 0.013802 0.011574
0 0.317448 0.478704 0.014583 0.012963
0 0.384766 0.455093 0.014323 0.012037
0 0.384375 0.381713 0.013542 0.012500
0 0.416536 0.361111 0.015885 0.014815
0 0.470182 0.318981 0.016406 0.013889
0 0.505859 0.453704 0.015885 0.014815
0 0.452734 0.495370 0.017448 0.015741
0 0.413802 0.472917 0.015104 0.012500
0 0.549609 0.499537 0.015885 0.012963
2 0.608854 0.515972 0.016667 0.013426
0 0.602995 0.452315 0.014323 0.013889
0 0.594661 0.432407 0.013802 0.012037
0 0.608333 0.340509 0.015625 0.013426
0 0.565625 0.321528 0.015625 0.013426
0 0.549609 0.341435 0.011719 0.012500
0 0.711979 0.326157 0.016667 0.012500
0 0.783203 0.324074 0.016406 0.013889
0 0.755859 0.443981 0.016406 0.013889
0 0.926693 0.329167 0.016406 0.012963
0 0.924219 0.371296 0.017708 0.016667
0 0.849349 0.381713 0.016406 0.013426
0 0.032813 0.464815 0.013542 0.011111
2 0.820182 0.363426 0.020052 0.015741
2 0.080208 0.317130 0.015625 0.011111
2 0.286068 0.342593 0.016927 0.012037
0 0.022786 0.194444 0.005990 0.024074
0 0.066016 0.150926 0.012760 0.020370
0 0.078255 0.134954 0.016927 0.018981
0 0.089844 0.100926 0.011979 0.012963
0 0.093229 0.088889 0.010937 0.014815
0 0.067969 0.085648 0.011979 0.017593
0 0.068620 0.066667 0.013802 0.016667
0 0.068099 0.054861 0.012760 0.013426
0 0.041667 0.079861 0.007292 0.025463
0 0.028125 0.059028 0.013021 0.012500
0 0.069010 0.039583 0.010937 0.014352
0 0.271745 0.027315 0.014844 0.018519
0 0.269010 0.045602 0.014583 0.015278
0 0.439844 0.093287 0.014583 0.008796
2 0.443750 0.106944 0.014583 0.012037
2 0.458203 0.158565 0.028385 0.016204
2 0.500130 0.119444 0.017448 0.021296
2 0.501172 0.182407 0.025260 0.023148
