2 0.369661 0.385880 0.051823 0.022685
2 0.800000 0.478009 0.022917 0.016204
2 0.082812 0.454167 0.034375 0.016667
1 0.262500 0.456944 0.023438 0.013889
2 0.911198 0.271528 0.021875 0.020833
0 0.016406 0.356713 0.015625 0.010648
0 0.069531 0.337500 0.015104 0.012037
0 0.045182 0.468287 0.014844 0.014352
0 0.117839 0.433565 0.016406 0.011574
0 0.135156 0.490509 0.016146 0.014352
0 0.163542 0.473843 0.016667 0.012500
0 0.168229 0.510880 0.015104 0.010648
0 0.195312 0.492593 0.015625 0.010185
0 0.247917 0.492824 0.014583 0.012500
0 0.247396 0.515509 0.012500 0.010648
0 0.289714 0.513426 0.012760 0.011111
0 0.305208 0.493750 0.015104 0.011574
2 0.352734 0.518519 0.015885 0.012037
0 0.394531 0.495370 0.016667 0.012037
0 0.371745 0.435185 0.015885 0.011111
0 0.460677 0.372685 0.015104 0.012037
0 0.433333 0.459491 0.013542 0.014352
0 0.452734 0.476157 0.015365 0.013426
0 0.536328 0.433333 0.015885 0.012037
0 0.534505 0.513889 0.014323 0.012037
0 0.554948 0.452778 0.014583 0.012037
0 0.628255 0.428472 0.015365 0.014352
0 0.625781 0.514120 0.014063 0.012500
0 0.678385 0.503472 0.015104 0.014352
0 0.700781 0.484954 0.014063 0.010648
0 0.699219 0.425000 0.015625 0.016667
0 0.689583 0.368519 0.016146 0.012037
0 0.697135 0.392593 0.016667 0.010185
0 0.801432 0.295139 0.015885 0.016204
0 0.858333 0.430324 0.016146 0.011574
0 0.932943 0.400231 0.015885 0.013426
0 0.955208 0.418287 0.017188 0.015278
0 0.947266 0.460417 0.013281 0.014352
0 0.950391 0.484028 0.016406 0.012500
0 0.969792 0.300694 0.017708 0.015278
0 0.980339 0.236111 0.017969 0.017593
2 0.834245 0.412500 0.017969 0.013889
2 0.793229 0.457407 0.016667 0.014815
2 0.538542 0.472222 0.015104 0.010185
2 0.388542 0.403009 0.015104 0.011574
2 0.230859 0.362731 0.016406 0.015278
2 0.213151 0.381250 0.014844 0.010648
2 0.207682 0.464352 0.016927 0.012037
2 0.071094 0.488889 0.017188 0.012963
2 0.053125 0.394907 0.014063 0.011111
2 0.509245 0.383333 0.016406 0.012037
0 0.017969 0.196759 0.006250 0.024074
0 0.061198 0.153009 0.014063 0.019907
0 0.073698 0.137037 0.015104 0.020370
0 0.079036 0.124537 0.014323 0.015741
0 0.085547 0.101852 0.012760 0.015741
0 0.087891 0.088426 0.010677 0.012037
0 0.063542 0.086111 0.012500 0.017593
0 0.064062 0.068056 0.015625 0.019444
0 0.063281 0.054861 0.010417 0.015278
0 0.036068 0.080093 0.007031 0.024074
0 0.023177 0.059259 0.014583 0.014815
0 0.063411 0.041435 0.012760 0.016204
0 0.063281 0.010417 0.015625 0.018056
0 0.267708 0.028009 0.013542 0.018056
0 0.264323 0.044907 0.014583 0.015741
0 0.436328 0.091898 0.014323 0.007870
2 0.440885 0.104861 0.013021 0.009722
2 0.455469 0.157176 0.027604 0.018056
2 0.496875 0.118519 0.017708 0.019444
2 0.498828 0.181481 0.025781 0.022222
0 0.005729 0.488889 0.010937 0.010185
0 0.107813 0.472917 0.016667 0.009722
