1 0.600000 0.450000 0.022396 0.014815
2 0.854948 0.327778 0.022917 0.018519
2 0.626432 0.306713 0.020052 0.013426
2 0.340625 0.454861 0.032813 0.015278
2 0.168620 0.451157 0.025781 0.016204
0 0.054818 0.391435 0.015365 0.012500
0 0.031380 0.447917 0.016406 0.011574
0 0.052604 0.476157 0.013021 0.010648
0 0.111849 0.508333 0.016927 0.012963
0 0.137109 0.429630 0.014844 0.012037
0 0.179688 0.470370 0.015625 0.012963
0 0.234635 0.490046 0.015625 0.012500
0 0.227995 0.508333 0.014844 0.011111
0 0.271484 0.432870 0.015885 0.012037
0 0.287891 0.401157 0.014323 0.011574
0 0.307031 0.378241 0.014063 0.012037
0 0.294922 0.454630 0.014323 0.012963
0 0.321745 0.511574 0.016406 0.011111
0 0.375130 0.492593 0.015365 0.012037
0 0.385417 0.473611 0.015625 0.011111
0 0.500130 0.334954 0.014323 0.011574
0 0.438281 0.491435 0.016146 0.013426
0 0.454948 0.470602 0.014583 0.011574
0 0.465625 0.434028 0.015104 0.012500
0 0.593229 0.355324 0.015625 0.012500
0 0.622135 0.331944 0.016146 0.013889
0 0.480208 0.512500 0.014063 0.010185
0 0.493099 0.490278 0.012760 0.011111
0 0.536589 0.513194 0.011198 0.010648
0 0.567578 0.499537 0.011719 0.012037
0 0.593620 0.485880 0.014323 0.012500
0 0.671615 0.506481 0.015104 0.012037
0 0.693099 0.481019 0.015885 0.013889
0 0.739714 0.439120 0.014844 0.012500
0 0.761068 0.415046 0.016927 0.011574
0 0.771094 0.358102 0.015625 0.013426
0 0.703385 0.302315 0.015625 0.012963
0 0.830729 0.291667 0.018229 0.016667
0 0.896875 0.269444 0.017708 0.015741
0 0.951562 0.247222 0.014063 0.019444
0 0.970443 0.456019 0.016927 0.012037
0 0.971615 0.476157 0.014063 0.012500
0 0.897526 0.399769 0.017448 0.014352
0 0.876432 0.423148 0.015365 0.012037
0 0.822786 0.448148 0.016927 0.013889
0 0.832552 0.491898 0.014583 0.011574
2 0.135286 0.380324 0.016927 0.012500
2 0.544271 0.472222 0.016146 0.010185
2 0.936589 0.423843 0.015885 0.012500
2 0.781901 0.315278 0.016927 0.012037
2 0.305208 0.491898 0.016146 0.014352
0 0.017057 0.194676 0.007552 0.024537
0 0.059896 0.150694 0.013542 0.018981
0 0.072396 0.134259 0.014063 0.015741
0 0.078255 0.122222 0.013802 0.013889
0 0.083724 0.100231 0.012240 0.014352
0 0.086458 0.086343 0.010937 0.013426
0 0.062370 0.083796 0.011719 0.015741
0 0.034766 0.077315 0.006510 0.026852
0 0.062370 0.065509 0.012760 0.019907
0 0.061328 0.052778 0.010156 0.014815
0 0.062240 0.038657 0.010417 0.015278
0 0.021224 0.057870 0.013281 0.013889
0 0.266536 0.024074 0.013802 0.016667
0 0.263542 0.042824 0.013542 0.014352
0 0.435677 0.088426 0.015104 0.007407
2 0.438932 0.100926 0.014844 0.009259
2 0.452734 0.153935 0.025781 0.016204
2 0.495573 0.115046 0.018229 0.023611
2 0.496484 0.178009 0.024219 0.020833
0 0.005469 0.477315 0.010417 0.010185
0 0.995052 0.385417 0.009896 0.011574
