0 0.083594 0.315046 0.015625 0.010648
0 0.101953 0.339120 0.014323 0.012500
0 0.014193 0.337500 0.015885 0.012037
0 0.071875 0.394444 0.015104 0.012037
2 0.196615 0.358333 0.050521 0.015741
2 0.802865 0.356944 0.057813 0.024074
2 0.775391 0.475694 0.039844 0.021759
0 0.031771 0.462963 0.017708 0.013889
2 0.020833 0.505324 0.021354 0.011574
0 0.065104 0.506944 0.016667 0.012963
0 0.136979 0.362731 0.013021 0.010648
0 0.164062 0.381944 0.014583 0.012037
0 0.160938 0.434028 0.018750 0.018056
0 0.134766 0.455324 0.014323 0.011574
0 0.175000 0.509259 0.014583 0.011111
0 0.228646 0.513657 0.016667 0.011574
0 0.229818 0.473380 0.016927 0.010648
0 0.255208 0.434028 0.016667 0.012500
0 0.258464 0.453935 0.015365 0.012500
0 0.290234 0.362037 0.014844 0.010185
0 0.335156 0.359259 0.015625 0.013889
0 0.418229 0.320602 0.014063 0.012500
0 0.483073 0.337269 0.014063 0.013426
0 0.508854 0.357870 0.015625 0.012037
0 0.486589 0.397685 0.016406 0.012037
0 0.433203 0.434491 0.015885 0.013426
0 0.405990 0.472454 0.016667 0.014352
1 0.420443 0.493519 0.014323 0.012037
0 0.365104 0.456019 0.013021 0.010185
2 0.356380 0.512963 0.017448 0.013889
0 0.311068 0.473148 0.015885 0.011111
0 0.312370 0.493287 0.014844 0.012500
0 0.525260 0.445370 0.015104 0.012963
0 0.481250 0.472685 0.014583 0.012037
0 0.493099 0.492130 0.015885 0.014815
2 0.492188 0.513194 0.017188 0.012500
0 0.579688 0.509028 0.014063 0.010648
0 0.552474 0.487500 0.015365 0.012037
0 0.574609 0.469213 0.015365 0.012500
0 0.583333 0.438657 0.014063 0.012500
0 0.652995 0.426620 0.013802 0.017130
0 0.588151 0.332639 0.015885 0.014352
0 0.643490 0.324537 0.010937 0.011111
0 0.640625 0.393519 0.014063 0.017593
0 0.732812 0.300694 0.017188 0.011574
0 0.759766 0.342361 0.015885 0.012500
0 0.813281 0.290972 0.018750 0.014352
0 0.863411 0.283102 0.016927 0.013426
0 0.821094 0.319444 0.014063 0.013889
0 0.886458 0.311111 0.013021 0.010185
0 0.957031 0.325694 0.017188 0.018981
0 0.941276 0.362731 0.018490 0.017130
0 0.992708 0.389352 0.014583 0.014815
0 0.929167 0.419213 0.016146 0.014352
0 0.901823 0.402083 0.016667 0.012500
0 0.860156 0.429630 0.015104 0.012963
0 0.920182 0.481019 0.018490 0.016667
2 0.859766 0.491898 0.016927 0.014352
0 0.781641 0.451620 0.015365 0.015278
0 0.792969 0.498148 0.015104 0.015741
0 0.796354 0.413657 0.016667 0.015278
0 0.730729 0.438889 0.015625 0.014815
0 0.697526 0.481019 0.013281 0.012037
0 0.712760 0.506713 0.016146 0.014352
0 0.653255 0.463657 0.014323 0.010648
0 0.645703 0.446759 0.015365 0.012963
0 0.634896 0.483565 0.016667 0.013426
0 0.633984 0.509028 0.015885 0.013426
0 0.020182 0.197454 0.007552 0.026389
0 0.062500 0.152315 0.014063 0.017593
0 0.074089 0.135185 0.015885 0.021296
0 0.080859 0.125231 0.013802 0.015278
0 0.086328 0.100463 0.011719 0.012963
0 0.088802 0.088657 0.011458 0.013426
0 0.064453 0.086111 0.013281 0.017593
0 0.065885 0.067361 0.015104 0.019907
0 0.064062 0.054861 0.012500 0.014352
0 0.064323 0.041204 0.013542 0.015741
0 0.037630 0.080324 0.007031 0.025463
0 0.024089 0.060417 0.013281 0.014352
0 0.268620 0.026620 0.014323 0.018056
0 0.265625 0.044444 0.014063 0.013889
0 0.437240 0.089583 0.015625 0.007870
2 0.441536 0.103009 0.014844 0.010648
2 0.456380 0.155787 0.029427 0.015278
2 0.497786 0.115972 0.018490 0.021759
2 0.498828 0.179167 0.026302 0.022222
0 0.821094 0.335648 0.015104 0.013889
