0 0.341276 0.344676 0.011719 0.012500
2 0.443750 0.381250 0.051562 0.015278
2 0.983203 0.453935 0.033594 0.019907
0 0.052344 0.397685 0.015625 0.013889
0 0.088542 0.321528 0.013542 0.009722
0 0.153125 0.342130 0.014063 0.012037
0 0.142708 0.363426 0.014583 0.012963
0 0.050260 0.437269 0.017188 0.014352
0 0.053385 0.490741 0.017188 0.012963
0 0.087500 0.512963 0.014583 0.011111
0 0.154036 0.433333 0.015365 0.012963
0 0.156380 0.494676 0.016927 0.016204
0 0.204948 0.512269 0.016667 0.013426
0 0.217057 0.476157 0.013802 0.013426
0 0.231771 0.403935 0.017188 0.016204
2 0.245703 0.516898 0.019010 0.011574
0 0.270964 0.455787 0.016406 0.013426
0 0.279557 0.476620 0.014844 0.014352
0 0.299349 0.515972 0.014844 0.012500
0 0.305208 0.439352 0.015625 0.011111
0 0.307943 0.368750 0.015365 0.012500
0 0.398568 0.364352 0.014323 0.012963
0 0.433464 0.363657 0.013802 0.010648
0 0.426172 0.324769 0.016927 0.011574
0 0.445182 0.436343 0.015365 0.010648
0 0.440755 0.459722 0.014323 0.012963
0 0.426953 0.516435 0.013802 0.011574
0 0.508073 0.473611 0.016667 0.010185
0 0.515755 0.519444 0.015365 0.012037
0 0.534766 0.492824 0.014844 0.012500
0 0.560156 0.399306 0.016667 0.013426
0 0.541146 0.340046 0.015104 0.013426
0 0.573438 0.330093 0.014063 0.014815
0 0.593490 0.376620 0.015625 0.010648
0 0.608984 0.336574 0.011719 0.011111
0 0.635807 0.328935 0.015365 0.014352
0 0.631641 0.390741 0.015365 0.017593
0 0.692057 0.389815 0.016406 0.014815
0 0.719922 0.304630 0.015885 0.011111
0 0.764323 0.385417 0.016667 0.015278
2 0.819141 0.360185 0.021615 0.012037
0 0.829297 0.377315 0.017448 0.015741
0 0.864323 0.315046 0.015625 0.012500
0 0.873568 0.373611 0.018490 0.012037
0 0.901563 0.330093 0.016667 0.015741
0 0.933073 0.342361 0.016667 0.015278
0 0.954297 0.323611 0.017969 0.016667
0 0.981120 0.360648 0.017448 0.011111
0 0.983073 0.393750 0.018229 0.015278
0 0.985938 0.430556 0.015625 0.014815
0 0.930078 0.485648 0.016406 0.013889
0 0.930990 0.421759 0.017708 0.013889
0 0.907422 0.463889 0.013281 0.013889
0 0.897005 0.445370 0.015365 0.012963
0 0.872135 0.429167 0.015104 0.014815
0 0.865625 0.491435 0.017708 0.016204
0 0.831510 0.469213 0.016146 0.014352
0 0.789453 0.496296 0.013802 0.012963
0 0.767188 0.458333 0.016146 0.013889
0 0.725911 0.462500 0.014844 0.012037
0 0.708594 0.444444 0.011458 0.011111
0 0.676042 0.424537 0.015625 0.012963
0 0.675000 0.465278 0.015104 0.012037
0 0.702995 0.483333 0.015365 0.012037
2 0.727083 0.504398 0.016667 0.011574
2 0.624349 0.514583 0.015885 0.014352
0 0.610938 0.487731 0.015104 0.011574
0 0.608724 0.469907 0.015365 0.012963
0 0.622656 0.448843 0.014063 0.011574
0 0.583073 0.431944 0.014583 0.014815
0 0.812760 0.416435 0.015625 0.013426
0 0.021745 0.200926 0.006510 0.023148
0 0.064453 0.155324 0.013281 0.018056
0 0.076823 0.140972 0.014583 0.017130
0 0.082031 0.128704 0.013542 0.013889
0 0.091016 0.093750 0.010156 0.011574
0 0.088802 0.104630 0.011979 0.013889
0 0.026302 0.064583 0.014063 0.014352
0 0.039323 0.084259 0.006771 0.025926
0 0.066406 0.045139 0.011458 0.019907
0 0.066276 0.058796 0.010677 0.012963
0 0.067708 0.072222 0.014063 0.017593
0 0.066276 0.089120 0.013281 0.016204
0 0.307031 0.008102 0.015104 0.015278
0 0.270052 0.029398 0.014063 0.016204
0 0.266276 0.047454 0.015365 0.016204
0 0.437891 0.093750 0.014844 0.008796
2 0.442448 0.106250 0.013542 0.009722
2 0.457292 0.157407 0.027604 0.016667
2 0.498568 0.118750 0.018490 0.020833
2 0.499349 0.182407 0.024740 0.020370
