2 0.548307 0.493519 0.030990 0.017593
2 0.764714 0.315509 0.037760 0.018981
1 0.649479 0.390046 0.023958 0.014352
1 0.648438 0.448843 0.023958 0.013426
0 0.020703 0.342593 0.014323 0.011111
0 0.017188 0.378472 0.015625 0.008796
0 0.015885 0.434491 0.014063 0.011574
0 0.034115 0.510417 0.015104 0.009722
0 0.047396 0.490046 0.016146 0.012500
0 0.062500 0.458565 0.017188 0.012500
0 0.066927 0.399306 0.015625 0.010648
0 0.156120 0.514583 0.017969 0.011574
0 0.170573 0.490972 0.015625 0.012500
0 0.163672 0.400694 0.013802 0.010648
0 0.176432 0.364583 0.014844 0.011574
0 0.177734 0.343519 0.015365 0.010185
0 0.186458 0.384722 0.014583 0.012037
0 0.226953 0.402546 0.012240 0.015278
0 0.229427 0.363426 0.010417 0.010185
0 0.236849 0.320370 0.015365 0.012037
0 0.272005 0.345370 0.014844 0.010185
0 0.289714 0.383796 0.015885 0.011111
2 0.387500 0.316667 0.022917 0.014815
0 0.395573 0.364120 0.015104 0.010648
0 0.409505 0.402778 0.014844 0.010185
0 0.432552 0.371296 0.013021 0.012037
0 0.480078 0.359722 0.014844 0.013889
2 0.478516 0.326620 0.017448 0.010648
2 0.548568 0.314120 0.015885 0.011574
0 0.324870 0.440046 0.014323 0.010648
2 0.314714 0.475000 0.017969 0.010185
0 0.333724 0.514583 0.013802 0.013426
0 0.453906 0.475231 0.014583 0.012500
2 0.623177 0.430556 0.016146 0.012037
2 0.604427 0.375000 0.016146 0.011111
0 0.596745 0.335880 0.014323 0.010648
0 0.631250 0.323611 0.013542 0.014815
0 0.679688 0.327778 0.015625 0.012963
0 0.795312 0.292593 0.013542 0.012963
2 0.791406 0.338889 0.017188 0.013889
0 0.866016 0.329861 0.016406 0.012500
0 0.871224 0.369444 0.017448 0.012963
0 0.925000 0.363194 0.016667 0.011574
0 0.944661 0.322222 0.017969 0.012037
0 0.960417 0.244213 0.020313 0.020833
0 0.960156 0.453472 0.013021 0.013426
2 0.900781 0.422222 0.016667 0.014815
0 0.892448 0.453241 0.015625 0.015741
2 0.807161 0.454167 0.014844 0.012037
0 0.793750 0.475000 0.017188 0.012963
0 0.738672 0.480556 0.014323 0.012037
0 0.694661 0.506019 0.013281 0.012037
0 0.017057 0.200926 0.008073 0.025000
0 0.059635 0.156944 0.014063 0.020370
0 0.072005 0.140046 0.014844 0.018981
0 0.079557 0.128241 0.016927 0.014815
0 0.085547 0.104861 0.011198 0.016204
0 0.087240 0.091667 0.012500 0.012963
0 0.064193 0.089120 0.012760 0.017130
0 0.063281 0.071296 0.014583 0.018519
0 0.062500 0.058102 0.011458 0.014352
0 0.063411 0.044213 0.012240 0.018981
0 0.035156 0.084028 0.007812 0.026389
0 0.021745 0.064120 0.015885 0.012500
0 0.266016 0.029861 0.015365 0.018981
0 0.263411 0.047685 0.015365 0.016667
0 0.434766 0.092824 0.014844 0.009722
2 0.439453 0.106481 0.015365 0.011111
2 0.453385 0.157639 0.028125 0.018056
2 0.495312 0.119444 0.019271 0.022222
2 0.497005 0.181944 0.025260 0.022222
0 0.992839 0.388426 0.013281 0.014815
