2 0.044401 0.321528 0.036198 0.015278
2 0.321875 0.364815 0.033333 0.016667
0 0.062891 0.342361 0.011198 0.009722
0 0.063802 0.365741 0.015104 0.012037
0 0.047396 0.401620 0.015104 0.011574
0 0.046094 0.438889 0.009375 0.009259
0 0.035937 0.459028 0.015104 0.012500
0 0.103125 0.467361 0.016146 0.011574
0 0.136719 0.438889 0.015104 0.011111
0 0.155990 0.504861 0.014063 0.011574
0 0.227995 0.476389 0.014844 0.012037
0 0.238932 0.439120 0.015885 0.013426
0 0.253776 0.461574 0.013281 0.012037
0 0.266146 0.497685 0.015625 0.012037
0 0.255729 0.405093 0.014583 0.013889
0 0.188281 0.357176 0.015104 0.011574
0 0.286328 0.346528 0.017969 0.018056
0 0.296875 0.325694 0.021875 0.015278
0 0.404297 0.362500 0.012760 0.010185
0 0.471354 0.339352 0.015625 0.012037
0 0.473698 0.361806 0.013542 0.014352
0 0.493229 0.382176 0.014063 0.011574
0 0.511198 0.319676 0.014583 0.011574
0 0.559766 0.358333 0.015885 0.012037
0 0.698698 0.365509 0.017708 0.010648
0 0.688411 0.389815 0.014323 0.012037
0 0.759635 0.299074 0.011458 0.010185
0 0.818620 0.372685 0.015885 0.014815
0 0.847917 0.284491 0.018229 0.016204
0 0.855990 0.351157 0.017188 0.013426
2 0.930990 0.255093 0.017188 0.017593
0 0.978646 0.231019 0.018229 0.021296
0 0.975000 0.303472 0.016146 0.014352
0 0.923828 0.300694 0.016406 0.015278
0 0.900391 0.342130 0.015365 0.014815
0 0.912891 0.361343 0.017969 0.013426
0 0.952344 0.477546 0.014583 0.014352
2 0.375000 0.519676 0.052604 0.015278
2 0.334505 0.478704 0.026302 0.016667
0 0.336849 0.439815 0.015365 0.012037
0 0.339974 0.456944 0.012240 0.011111
0 0.383854 0.493056 0.014063 0.011111
0 0.436589 0.494213 0.014844 0.011574
2 0.493490 0.516667 0.025521 0.014815
0 0.489583 0.435648 0.016146 0.012963
2 0.572917 0.506019 0.011458 0.012037
0 0.588281 0.450463 0.011458 0.011111
0 0.675130 0.485648 0.014323 0.011111
0 0.678255 0.505787 0.015365 0.014352
0 0.726172 0.472454 0.013802 0.011574
0 0.758724 0.501157 0.016927 0.012500
0 0.777995 0.434954 0.015365 0.012500
0 0.841797 0.418519 0.014844 0.011111
0 0.862370 0.486806 0.015365 0.013426
0 0.020052 0.204861 0.005729 0.023611
0 0.063021 0.159491 0.014063 0.021759
0 0.074870 0.142824 0.015885 0.018981
0 0.064583 0.092593 0.012500 0.018519
0 0.065495 0.074537 0.014323 0.019444
0 0.064323 0.061343 0.011458 0.016204
0 0.064714 0.048843 0.013802 0.016204
0 0.037760 0.086343 0.008333 0.025463
0 0.025260 0.067824 0.015104 0.012500
0 0.268880 0.031250 0.014844 0.016204
0 0.265885 0.049769 0.012500 0.017130
0 0.437109 0.092593 0.015365 0.009259
2 0.441927 0.105324 0.015104 0.011574
2 0.456901 0.157176 0.026302 0.015278
2 0.499349 0.118287 0.019531 0.019907
2 0.499740 0.181944 0.025521 0.024074
0 0.086589 0.108565 0.011198 0.016204
0 0.088802 0.095602 0.010417 0.013426
