1 0.113932 0.474537 0.036719 0.015741
2 0.198698 0.497222 0.036458 0.015741
2 0.297005 0.457407 0.026823 0.012963
2 0.814844 0.471065 0.026042 0.018056
0 0.020443 0.361111 0.016406 0.012037
0 0.009115 0.443519 0.015104 0.012037
0 0.048438 0.463194 0.018229 0.010648
0 0.046745 0.494676 0.016406 0.011574
0 0.050911 0.516667 0.016406 0.012037
0 0.077995 0.434722 0.015365 0.010185
0 0.065885 0.399537 0.017188 0.013889
0 0.055078 0.366204 0.013802 0.011111
0 0.077604 0.346065 0.014583 0.015278
0 0.121484 0.364120 0.015365 0.013426
0 0.135417 0.325694 0.013542 0.011574
0 0.172135 0.403472 0.018229 0.011574
0 0.177995 0.476620 0.013802 0.010648
0 0.213802 0.458102 0.014583 0.010648
0 0.254297 0.437963 0.015885 0.011111
2 0.242969 0.519213 0.016146 0.010648
2 0.269922 0.498380 0.016927 0.011574
0 0.313021 0.503009 0.013542 0.012500
0 0.310417 0.479167 0.014063 0.012963
0 0.337760 0.518056 0.014063 0.010185
2 0.354036 0.496296 0.015885 0.011111
0 0.413151 0.495139 0.016406 0.012500
0 0.422656 0.434259 0.015625 0.011111
0 0.453516 0.475463 0.013281 0.012963
0 0.505859 0.492130 0.014844 0.014815
0 0.555599 0.490741 0.015885 0.015741
0 0.562500 0.469907 0.014063 0.010185
0 0.664453 0.462500 0.014323 0.013889
0 0.720703 0.495833 0.014323 0.012037
0 0.798177 0.451852 0.014583 0.010185
0 0.800521 0.493750 0.016667 0.012500
0 0.871615 0.419213 0.015625 0.011574
0 0.886328 0.441435 0.016927 0.010648
0 0.902474 0.400000 0.015885 0.014815
0 0.925651 0.359954 0.014323 0.012500
0 0.936328 0.338426 0.012760 0.010185
0 0.967057 0.312731 0.017969 0.015278
0 0.936328 0.298380 0.017969 0.012500
0 0.849740 0.309491 0.016146 0.011574
0 0.875260 0.366898 0.016667 0.012500
0 0.804557 0.315741 0.016927 0.012963
0 0.734635 0.342130 0.015104 0.014815
0 0.596224 0.332870 0.015365 0.012037
0 0.505078 0.313657 0.013281 0.011574
2 0.504167 0.372222 0.016146 0.012037
0 0.451172 0.343750 0.016406 0.013426
2 0.407161 0.332176 0.015365 0.011574
0 0.351172 0.360417 0.015885 0.012500
0 0.304036 0.337963 0.014844 0.012037
0 0.246484 0.334954 0.016406 0.009722
0 0.217578 0.367130 0.010677 0.008333
0 0.220182 0.387963 0.015885 0.012963
0 0.202474 0.343750 0.015365 0.011574
0 0.037500 0.088657 0.007812 0.026389
0 0.023958 0.068287 0.014583 0.015278
0 0.064323 0.048843 0.012500 0.016204
0 0.064974 0.062269 0.012760 0.011574
0 0.065625 0.074537 0.014063 0.018519
0 0.064193 0.092593 0.014323 0.015741
0 0.074870 0.143287 0.015885 0.018981
0 0.019531 0.204630 0.006250 0.023148
0 0.268099 0.030787 0.016927 0.019907
0 0.265365 0.049306 0.016146 0.015278
0 0.436589 0.093287 0.015885 0.007870
2 0.441146 0.105093 0.017188 0.012037
2 0.456250 0.158102 0.028125 0.016204
2 0.497656 0.118287 0.017708 0.019907
2 0.499870 0.181250 0.028385 0.023611
2 0.004818 0.330324 0.009115 0.008796
