1 0.554688 0.453241 0.035937 0.018519
2 0.575000 0.493750 0.033854 0.017130
2 0.732161 0.443056 0.026302 0.020370
2 0.027083 0.514120 0.050521 0.017130
0 0.138151 0.341667 0.014844 0.012037
0 0.127734 0.364120 0.015885 0.011574
0 0.179818 0.403241 0.014844 0.012037
0 0.034635 0.434491 0.016667 0.010648
0 0.008984 0.454398 0.013281 0.011574
0 0.051693 0.453935 0.016406 0.009722
0 0.105208 0.456250 0.018229 0.012500
0 0.103385 0.490972 0.014063 0.010648
0 0.161458 0.457407 0.016146 0.011111
0 0.163281 0.495602 0.014583 0.012500
0 0.166016 0.478472 0.017969 0.020833
0 0.205469 0.465972 0.015625 0.012500
2 0.228906 0.495602 0.015625 0.013426
2 0.256771 0.476852 0.016146 0.009259
2 0.262630 0.493981 0.011198 0.010185
0 0.281380 0.461111 0.016927 0.014815
0 0.300260 0.515509 0.016667 0.009722
0 0.320703 0.497685 0.015365 0.012963
0 0.337109 0.441667 0.021094 0.025000
0 0.344531 0.479167 0.017188 0.019444
0 0.354948 0.495833 0.013542 0.009259
2 0.401693 0.496528 0.017448 0.012500
0 0.454688 0.493750 0.017188 0.012500
0 0.468359 0.453935 0.014323 0.012500
0 0.484766 0.517130 0.015885 0.012037
0 0.575781 0.431481 0.016667 0.014815
0 0.601042 0.469676 0.013542 0.012500
0 0.561328 0.515509 0.015885 0.004167
0 0.643099 0.450694 0.017969 0.011574
0 0.671875 0.488194 0.014583 0.012500
0 0.678776 0.423380 0.015885 0.012500
2 0.723047 0.506481 0.015365 0.013889
2 0.759245 0.461343 0.015365 0.015278
2 0.786589 0.473380 0.016406 0.009722
0 0.786068 0.497685 0.014844 0.012037
0 0.832552 0.496296 0.016667 0.012963
0 0.872917 0.467593 0.017188 0.013889
0 0.963281 0.434028 0.013542 0.011574
0 0.959245 0.394676 0.014323 0.015278
0 0.865234 0.351852 0.016927 0.012963
0 0.820443 0.335417 0.012240 0.008796
0 0.782292 0.340972 0.015625 0.012500
0 0.762500 0.321065 0.011458 0.014352
0 0.716536 0.349306 0.016927 0.014352
0 0.725521 0.384259 0.014583 0.013889
0 0.625130 0.309028 0.015885 0.013426
0 0.605208 0.355787 0.016146 0.018981
0 0.499870 0.339583 0.014323 0.013426
0 0.456510 0.362269 0.015104 0.012500
0 0.429036 0.384722 0.013281 0.013889
0 0.366797 0.361111 0.013802 0.012963
0 0.344010 0.405093 0.015104 0.010185
0 0.304818 0.386343 0.017448 0.009722
0 0.280990 0.327083 0.013542 0.013426
0 0.251953 0.405556 0.017969 0.016667
0 0.026953 0.066898 0.013802 0.013426
0 0.067839 0.047222 0.013281 0.014815
0 0.067057 0.061806 0.011198 0.015278
0 0.071094 0.072222 0.011979 0.020370
0 0.067318 0.091435 0.015365 0.012500
0 0.040234 0.085417 0.007552 0.025463
0 0.023307 0.201620 0.008594 0.026389
0 0.270703 0.031481 0.015885 0.018519
0 0.268750 0.050000 0.015104 0.012963
0 0.439583 0.093981 0.014583 0.009259
2 0.443620 0.106250 0.015365 0.011574
2 0.457292 0.159491 0.026562 0.017130
2 0.501823 0.183333 0.027083 0.022222
2 0.499349 0.118750 0.017969 0.021759
0 0.993750 0.221296 0.012500 0.020370
0 0.995833 0.450463 0.008333 0.009259
