2 0.826823 0.498148 0.055208 0.023148
2 0.579036 0.336574 0.019531 0.015741
2 0.474740 0.512037 0.027604 0.017593
0 0.297526 0.385648 0.014323 0.012963
0 0.286849 0.362037 0.015885 0.013889
0 0.181510 0.358796 0.014063 0.011111
2 0.118359 0.362963 0.012760 0.009259
2 0.047917 0.381481 0.017188 0.012037
0 0.042969 0.402315 0.016146 0.011111
0 0.076042 0.435185 0.011979 0.010185
2 0.030469 0.456250 0.020313 0.012500
0 0.061458 0.513889 0.015625 0.012037
0 0.116927 0.513657 0.013021 0.011574
0 0.198177 0.501852 0.017188 0.012963
0 0.272786 0.438889 0.012240 0.012037
0 0.281380 0.517593 0.013802 0.011111
0 0.309766 0.498380 0.014844 0.013426
0 0.386589 0.512731 0.015885 0.011574
0 0.378906 0.438426 0.015625 0.012963
0 0.410026 0.477546 0.016406 0.014352
0 0.428385 0.439120 0.017188 0.015278
0 0.450521 0.493750 0.015104 0.012500
0 0.466146 0.456944 0.016146 0.012037
2 0.548698 0.515509 0.011458 0.009722
0 0.558724 0.473611 0.013802 0.010185
0 0.584505 0.431481 0.012760 0.009259
0 0.588281 0.449306 0.015104 0.010648
0 0.609505 0.503704 0.015365 0.012037
0 0.635156 0.429861 0.014583 0.011574
0 0.658464 0.444907 0.011719 0.010185
0 0.662891 0.466435 0.012240 0.009722
0 0.651693 0.486111 0.015885 0.013889
0 0.701302 0.481944 0.014063 0.012037
0 0.714063 0.504167 0.014583 0.012037
0 0.719531 0.420833 0.014583 0.011111
0 0.736719 0.442824 0.015625 0.011574
2 0.769922 0.479398 0.016927 0.016204
0 0.795312 0.434028 0.014583 0.014352
0 0.826693 0.450463 0.014844 0.012037
0 0.834635 0.468519 0.010937 0.011111
0 0.836068 0.430324 0.016927 0.016204
0 0.867448 0.405093 0.017188 0.011111
0 0.910156 0.477315 0.017708 0.011111
0 0.947917 0.456713 0.016667 0.011574
0 0.977604 0.431481 0.015625 0.012037
2 0.976562 0.411574 0.017188 0.014815
2 0.915625 0.420370 0.017188 0.017593
0 0.892578 0.368287 0.018490 0.013426
2 0.979297 0.312731 0.021094 0.017130
0 0.984896 0.290972 0.017188 0.016204
0 0.988281 0.229630 0.018229 0.020370
0 0.862240 0.328935 0.014583 0.011574
0 0.844661 0.353472 0.017969 0.013426
2 0.714844 0.315972 0.018750 0.013426
0 0.684766 0.331019 0.014844 0.012037
0 0.672266 0.351852 0.011198 0.012963
0 0.551953 0.354861 0.015365 0.013426
0 0.437891 0.362963 0.014844 0.013889
0 0.436068 0.385185 0.015885 0.009259
0 0.419531 0.339352 0.014583 0.011111
0 0.026562 0.204630 0.006250 0.024074
0 0.069010 0.160185 0.013542 0.016667
0 0.080729 0.144676 0.015104 0.018981
0 0.070964 0.093056 0.013281 0.015741
0 0.076432 0.070370 0.011719 0.021296
0 0.070443 0.063889 0.011719 0.013889
0 0.071745 0.048380 0.011719 0.015278
0 0.045182 0.088194 0.007552 0.024537
0 0.031510 0.068287 0.015625 0.011574
0 0.273307 0.032176 0.015365 0.018056
0 0.271094 0.048843 0.016146 0.018981
0 0.442188 0.093981 0.015104 0.010185
2 0.446224 0.106944 0.014844 0.010185
2 0.460156 0.159028 0.028125 0.018981
2 0.504036 0.183333 0.026302 0.023148
2 0.502083 0.120139 0.018750 0.022685
0 0.996094 0.449769 0.007812 0.016204
