2 0.420312 0.343056 0.017708 0.012963
2 0.679818 0.492824 0.027865 0.020833
0 0.108333 0.342593 0.015625 0.012963
0 0.076953 0.371528 0.015885 0.011574
0 0.017188 0.381944 0.018750 0.019444
0 0.130469 0.436111 0.014583 0.011111
0 0.131250 0.514583 0.011458 0.011574
0 0.204427 0.480093 0.014583 0.012963
0 0.214714 0.516435 0.015885 0.011574
0 0.148568 0.387037 0.015885 0.012037
0 0.234505 0.366204 0.016927 0.012963
0 0.269792 0.348843 0.015625 0.012500
0 0.233073 0.459491 0.016667 0.009722
0 0.283984 0.438426 0.011198 0.010185
0 0.289714 0.514352 0.012760 0.012963
0 0.397917 0.515509 0.015625 0.015278
0 0.461719 0.436111 0.014063 0.011111
0 0.504948 0.498380 0.016146 0.006944
0 0.509505 0.517361 0.013802 0.016204
0 0.549219 0.432870 0.016146 0.012963
0 0.576823 0.509491 0.016667 0.012500
0 0.601693 0.481481 0.015885 0.012037
0 0.631510 0.490046 0.015104 0.012500
0 0.636458 0.429861 0.016667 0.016204
0 0.678646 0.446296 0.015104 0.012037
2 0.747917 0.506713 0.011458 0.011574
0 0.781901 0.456019 0.016927 0.014815
0 0.795833 0.431250 0.016146 0.014352
0 0.828385 0.412037 0.014063 0.012963
0 0.820703 0.471991 0.015365 0.012500
0 0.841927 0.494213 0.017188 0.014352
0 0.857031 0.446528 0.015104 0.013426
0 0.866146 0.427546 0.011458 0.011574
0 0.880208 0.406944 0.016146 0.011111
0 0.877865 0.465278 0.016146 0.014815
0 0.934115 0.423148 0.016146 0.012037
0 0.945182 0.480093 0.016406 0.014815
2 0.955599 0.455093 0.017448 0.012963
0 0.961979 0.393287 0.014583 0.012500
2 0.928646 0.324537 0.020833 0.013889
0 0.977344 0.241667 0.021875 0.033333
0 0.875651 0.340046 0.015885 0.012500
0 0.828385 0.334259 0.015104 0.011111
0 0.794661 0.294676 0.016927 0.014352
2 0.767839 0.339583 0.019010 0.013426
0 0.748698 0.321991 0.017188 0.016204
0 0.628385 0.354861 0.014063 0.012500
0 0.596354 0.396296 0.017188 0.013889
0 0.521224 0.382639 0.015365 0.012500
0 0.529427 0.341667 0.015104 0.011111
2 0.445833 0.320602 0.015625 0.012500
0 0.419792 0.367361 0.010937 0.007870
0 0.032161 0.068981 0.014844 0.013889
0 0.072005 0.047917 0.012760 0.018056
0 0.072005 0.064120 0.012240 0.015278
0 0.078125 0.072685 0.011979 0.018519
0 0.045443 0.088194 0.008073 0.024537
0 0.072526 0.092130 0.014323 0.015741
0 0.087891 0.130787 0.014323 0.012500
0 0.082161 0.144213 0.016406 0.019907
0 0.069922 0.159259 0.014323 0.020370
0 0.029297 0.204398 0.009115 0.026389
0 0.274089 0.031944 0.015885 0.019444
0 0.272396 0.051389 0.014583 0.015741
0 0.442318 0.094907 0.015365 0.009259
2 0.446745 0.108333 0.015365 0.010185
2 0.461198 0.160185 0.028125 0.015741
2 0.502734 0.120370 0.016927 0.023148
2 0.504557 0.182870 0.025260 0.021296
