0 0.054948 0.361343 0.014583 0.012500
0 0.128125 0.344444 0.012500 0.010185
2 0.155990 0.493981 0.019271 0.014815
0 0.134766 0.510648 0.011719 0.009259
0 0.235807 0.515741 0.017448 0.012963
2 0.232552 0.363657 0.014583 0.012500
0 0.208594 0.343056 0.016667 0.012037
0 0.256641 0.328704 0.014844 0.012963
0 0.285677 0.362037 0.014063 0.010185
0 0.331901 0.364815 0.013281 0.011111
0 0.389453 0.345139 0.013281 0.010648
2 0.404036 0.365278 0.015365 0.012037
0 0.415234 0.382870 0.014844 0.012963
2 0.387891 0.402778 0.015885 0.012037
0 0.404557 0.454630 0.014844 0.013889
0 0.383854 0.494213 0.016667 0.014352
0 0.588932 0.514583 0.010156 0.009722
0 0.604036 0.377546 0.015365 0.010648
0 0.605990 0.334722 0.014583 0.013889
0 0.673177 0.348380 0.016146 0.013426
0 0.692839 0.304630 0.014323 0.013889
0 0.456250 0.318287 0.015625 0.009722
0 0.465104 0.358796 0.012500 0.007407
0 0.735286 0.349074 0.015365 0.015741
0 0.731120 0.327083 0.016406 0.013426
0 0.782813 0.338657 0.016667 0.012500
0 0.767057 0.383796 0.018490 0.013889
0 0.748698 0.420370 0.011458 0.011111
0 0.758854 0.440278 0.016146 0.015741
0 0.776042 0.500694 0.015104 0.017130
0 0.704557 0.508565 0.014323 0.012500
0 0.667318 0.423843 0.014844 0.014352
0 0.833854 0.478241 0.015104 0.013889
0 0.852865 0.449769 0.016667 0.014352
0 0.911719 0.463657 0.015625 0.015278
0 0.923307 0.479630 0.014844 0.013889
0 0.972266 0.473611 0.016406 0.018519
0 0.935807 0.400694 0.014323 0.013426
0 0.970443 0.359491 0.019010 0.014352
0 0.948438 0.325463 0.016667 0.012037
0 0.947526 0.303241 0.015365 0.012963
0 0.979297 0.236574 0.016406 0.020370
0 0.889323 0.369676 0.016146 0.013426
0 0.862240 0.332639 0.017708 0.011574
0 0.863672 0.310648 0.015365 0.012963
0 0.848568 0.358102 0.015365 0.011574
0 0.815495 0.317361 0.015885 0.013426
0 0.028255 0.201157 0.007552 0.023611
0 0.070833 0.157870 0.011979 0.019444
0 0.083333 0.140509 0.014583 0.017130
0 0.073438 0.089815 0.012500 0.017593
0 0.073438 0.075000 0.013542 0.015741
0 0.073568 0.061343 0.012240 0.012500
0 0.073307 0.046296 0.012240 0.016667
0 0.046745 0.084722 0.006510 0.027778
0 0.033724 0.064583 0.013802 0.015278
0 0.275911 0.031250 0.014323 0.019907
0 0.272396 0.048843 0.015104 0.015278
0 0.444010 0.093056 0.015104 0.009259
2 0.447526 0.107176 0.016406 0.013426
2 0.461068 0.160417 0.025260 0.018056
2 0.503646 0.118519 0.017708 0.020370
2 0.505469 0.181713 0.026042 0.023611
