2 0.387630 0.494676 0.022135 0.016204
1 0.697917 0.386343 0.040625 0.019907
2 0.875391 0.495139 0.025781 0.019907
1 0.225000 0.454167 0.046875 0.025000
2 0.264062 0.384491 0.024479 0.013426
2 0.031380 0.336806 0.015885 0.009722
0 0.013672 0.375694 0.014844 0.014352
0 0.056380 0.397685 0.016406 0.011111
2 0.088672 0.360185 0.014844 0.010185
0 0.120443 0.381481 0.014844 0.010185
0 0.156250 0.389583 0.014583 0.012500
0 0.170833 0.342824 0.016146 0.009722
2 0.202995 0.382176 0.017969 0.013426
0 0.215885 0.358796 0.015104 0.011111
0 0.242969 0.401389 0.014583 0.012963
0 0.325000 0.401157 0.015625 0.016204
0 0.358203 0.364120 0.015885 0.013426
0 0.380859 0.343287 0.015885 0.012500
0 0.387109 0.401620 0.013802 0.011574
0 0.438411 0.402778 0.014844 0.014815
0 0.468880 0.340972 0.015365 0.010648
0 0.515365 0.359954 0.013542 0.012500
0 0.517448 0.379630 0.013542 0.012963
0 0.537500 0.393981 0.012500 0.012963
0 0.572917 0.398611 0.014063 0.012963
0 0.619792 0.342824 0.012500 0.011574
0 0.639453 0.393750 0.015365 0.014352
0 0.664974 0.333102 0.015885 0.011574
0 0.697135 0.348843 0.014583 0.016204
0 0.714323 0.311806 0.013542 0.012500
2 0.728125 0.367130 0.017708 0.012963
0 0.785026 0.324306 0.016406 0.012500
0 0.781120 0.381944 0.014323 0.012963
0 0.850521 0.333333 0.016146 0.015741
0 0.863281 0.375463 0.015104 0.018519
0 0.889583 0.351157 0.017188 0.011574
0 0.936458 0.307870 0.015625 0.012963
0 0.949479 0.324769 0.017188 0.010648
0 0.943359 0.363194 0.017969 0.014352
0 0.980599 0.340509 0.018490 0.014352
0 0.905469 0.465972 0.014583 0.012500
0 0.766146 0.505324 0.013021 0.011574
2 0.744661 0.479861 0.015885 0.013426
0 0.719010 0.431250 0.015625 0.010648
0 0.649870 0.469444 0.014844 0.011111
0 0.648958 0.511574 0.016146 0.012037
0 0.602734 0.490509 0.015885 0.013426
0 0.587500 0.452546 0.016667 0.012500
0 0.556250 0.496296 0.016146 0.013889
0 0.516797 0.457407 0.013802 0.013889
0 0.473828 0.477083 0.014844 0.011574
0 0.490755 0.513426 0.014323 0.013889
0 0.432943 0.493981 0.015365 0.015741
0 0.397266 0.515509 0.014844 0.011574
0 0.368880 0.436111 0.015885 0.014815
0 0.350000 0.475000 0.014583 0.012037
0 0.340104 0.491898 0.010417 0.011574
0 0.306120 0.459491 0.013802 0.014352
0 0.266146 0.515741 0.014583 0.010185
0 0.255990 0.494213 0.013542 0.011574
0 0.227604 0.475694 0.014583 0.012500
0 0.218490 0.434491 0.012500 0.010648
0 0.162240 0.445602 0.015104 0.012500
0 0.146094 0.472222 0.015625 0.013889
0 0.168750 0.493519 0.011979 0.010185
0 0.202865 0.511806 0.015625 0.013426
0 0.151432 0.511806 0.016927 0.012500
0 0.033724 0.486343 0.014844 0.014352
0 0.049609 0.450231 0.015365 0.010648
0 0.009635 0.503935 0.018750 0.014352
0 0.027865 0.060417 0.016146 0.016204
0 0.041406 0.081019 0.007292 0.025926
0 0.068620 0.043287 0.013281 0.018981
0 0.068750 0.057870 0.011458 0.012037
0 0.068620 0.071991 0.013281 0.017130
0 0.068620 0.086574 0.012760 0.017593
0 0.078906 0.139120 0.013542 0.016204
0 0.065885 0.155787 0.015625 0.018981
0 0.023438 0.197917 0.007812 0.024537
0 0.272786 0.028704 0.014844 0.018519
0 0.269922 0.046528 0.016406 0.018981
0 0.441276 0.092593 0.014844 0.010185
2 0.445573 0.105324 0.014063 0.010648
2 0.459896 0.157407 0.028646 0.018519
2 0.502604 0.180324 0.025000 0.021759
2 0.502734 0.118750 0.021094 0.021759
0 0.825000 0.413889 0.011979 0.011111
