1 0.209505 0.398380 0.039323 0.014352
1 0.747526 0.440972 0.040885 0.018981
2 0.869141 0.352778 0.034635 0.018519
0 0.136328 0.340278 0.015885 0.013889
2 0.172005 0.382176 0.016406 0.013426
0 0.195703 0.366898 0.011719 0.011574
0 0.239974 0.365046 0.013802 0.012500
0 0.305859 0.367824 0.015885 0.013426
0 0.359505 0.343750 0.015885 0.011574
0 0.378125 0.365278 0.013542 0.011111
0 0.362240 0.384028 0.015625 0.012500
0 0.377083 0.403704 0.013021 0.010185
0 0.302734 0.401852 0.013281 0.011111
0 0.142969 0.396991 0.013542 0.013426
0 0.063151 0.369213 0.011198 0.010648
0 0.052734 0.398611 0.014323 0.012963
0 0.041667 0.432870 0.014063 0.012037
0 0.015104 0.486806 0.014583 0.010648
0 0.072786 0.475694 0.016406 0.010648
2 0.148568 0.500000 0.019010 0.015741
0 0.127214 0.436806 0.014323 0.011574
2 0.190495 0.514120 0.017448 0.014352
0 0.212891 0.475463 0.012760 0.010185
2 0.288802 0.475463 0.015104 0.011111
0 0.289323 0.494676 0.014583 0.010648
0 0.318359 0.515509 0.014323 0.011574
2 0.327865 0.456250 0.017708 0.011574
2 0.329818 0.435648 0.015365 0.009259
2 0.361589 0.475000 0.015885 0.013889
0 0.360677 0.495833 0.016146 0.012037
0 0.453906 0.362269 0.015625 0.011574
0 0.459375 0.401389 0.015625 0.014815
0 0.480729 0.381481 0.013021 0.011111
0 0.485547 0.339583 0.014323 0.011574
0 0.518359 0.359722 0.014323 0.012963
0 0.550781 0.381250 0.013542 0.012500
0 0.549479 0.399769 0.014063 0.011574
0 0.562370 0.316898 0.016406 0.010648
0 0.577474 0.358565 0.015365 0.011574
0 0.596354 0.396759 0.013021 0.012963
0 0.627734 0.334491 0.013281 0.007870
0 0.646615 0.375926 0.011458 0.010185
0 0.683724 0.390046 0.016927 0.013426
0 0.708333 0.328009 0.013542 0.011574
0 0.727474 0.303935 0.015885 0.011574
2 0.738932 0.366204 0.016406 0.012037
0 0.753385 0.384491 0.014583 0.012500
2 0.775911 0.319213 0.016406 0.010648
0 0.844401 0.334028 0.012240 0.011574
0 0.901432 0.368287 0.017448 0.014352
0 0.919792 0.337037 0.015104 0.012037
0 0.983984 0.317593 0.017448 0.018519
0 0.979818 0.454630 0.012240 0.012963
0 0.982812 0.480556 0.017188 0.019444
0 0.942839 0.419676 0.013802 0.014352
0 0.854557 0.457870 0.015885 0.011111
2 0.924349 0.463426 0.022135 0.018519
2 0.239714 0.457407 0.019010 0.012963
0 0.849870 0.410648 0.015365 0.012037
0 0.810807 0.474306 0.012240 0.013426
0 0.742057 0.482870 0.016927 0.012963
0 0.731771 0.504398 0.013542 0.010648
0 0.678646 0.506713 0.015625 0.010648
0 0.659375 0.491667 0.013542 0.011111
0 0.671354 0.448148 0.013542 0.011111
0 0.651953 0.428472 0.013802 0.011574
0 0.604818 0.515509 0.014323 0.012500
0 0.592839 0.469907 0.012760 0.010185
2 0.542318 0.513657 0.014844 0.011574
0 0.547135 0.481481 0.012500 0.011111
0 0.532292 0.453935 0.015104 0.011574
2 0.511979 0.434259 0.016146 0.011111
0 0.471745 0.475000 0.016406 0.014815
0 0.434766 0.495602 0.014323 0.013426
2 0.413802 0.436574 0.016146 0.012037
0 0.859245 0.491435 0.015885 0.015278
0 0.031901 0.063889 0.014323 0.012037
0 0.072396 0.044907 0.011979 0.014815
0 0.072005 0.059259 0.010677 0.012037
0 0.072266 0.074306 0.013281 0.018056
0 0.071875 0.089352 0.013542 0.014815
0 0.045182 0.084259 0.007552 0.025926
0 0.082422 0.138889 0.015885 0.018519
0 0.069792 0.155093 0.013542 0.015741
0 0.027214 0.199769 0.006510 0.023611
0 0.275260 0.028704 0.015104 0.017593
0 0.272135 0.047685 0.013542 0.014815
0 0.443490 0.093287 0.016146 0.008796
2 0.447526 0.105556 0.015365 0.010185
2 0.462370 0.158565 0.027865 0.016204
2 0.503906 0.118056 0.018750 0.021296
2 0.504036 0.181250 0.026302 0.022685
