2 0.424219 0.513426 0.027083 0.019444
2 0.474219 0.476852 0.036458 0.015741
2 0.271354 0.454167 0.021875 0.016667
2 0.176432 0.377778 0.030990 0.017593
2 0.871094 0.431250 0.040625 0.023611
2 0.082292 0.378009 0.016146 0.014352
0 0.123438 0.328704 0.014583 0.012963
2 0.889974 0.310880 0.037760 0.019907
2 0.832161 0.503009 0.018490 0.018981
0 0.060156 0.395139 0.017188 0.018056
0 0.054036 0.428935 0.016927 0.013426
2 0.043750 0.467593 0.019792 0.013889
2 0.019271 0.311343 0.014583 0.012500
0 0.203646 0.362731 0.011458 0.012500
0 0.180859 0.397685 0.017448 0.012963
0 0.265885 0.399769 0.014583 0.011574
0 0.264583 0.381481 0.013021 0.011111
0 0.299349 0.361343 0.015885 0.011574
0 0.334505 0.383796 0.015365 0.010185
0 0.352604 0.363889 0.015104 0.014815
0 0.402474 0.400463 0.013281 0.012037
0 0.410156 0.362963 0.011458 0.013889
0 0.444401 0.336343 0.014844 0.013426
0 0.451172 0.402083 0.014844 0.012500
0 0.510938 0.333333 0.013542 0.009259
0 0.573307 0.359028 0.015885 0.010648
0 0.608594 0.321296 0.016146 0.011111
0 0.627734 0.358333 0.014323 0.014815
0 0.630599 0.396759 0.014323 0.008333
0 0.691667 0.329398 0.016667 0.015278
0 0.697396 0.351620 0.015625 0.011574
0 0.751302 0.345602 0.016146 0.009722
0 0.775781 0.319907 0.014063 0.012963
0 0.765365 0.367361 0.017708 0.007870
0 0.788151 0.382870 0.013281 0.012037
0 0.810937 0.340509 0.015104 0.014352
0 0.849740 0.379861 0.012500 0.011574
0 0.856901 0.358102 0.015365 0.010648
0 0.883073 0.335185 0.017708 0.014815
0 0.940365 0.326620 0.015625 0.013426
0 0.922005 0.405787 0.014323 0.014352
0 0.937500 0.442130 0.013542 0.012037
0 0.962240 0.458796 0.015625 0.012963
0 0.932292 0.489120 0.015104 0.012500
2 0.889714 0.496991 0.016927 0.012500
0 0.858594 0.454630 0.017708 0.013889
0 0.746484 0.423843 0.016406 0.014352
0 0.748047 0.504167 0.014323 0.013889
0 0.709505 0.464352 0.015885 0.013889
0 0.696224 0.438194 0.014844 0.012500
0 0.634635 0.469444 0.015104 0.013889
0 0.613411 0.431019 0.013802 0.012037
0 0.587109 0.455556 0.016406 0.013889
0 0.504427 0.454630 0.012500 0.013889
0 0.410286 0.475926 0.013802 0.012963
0 0.374870 0.493519 0.014323 0.009259
2 0.370833 0.512269 0.018229 0.010648
0 0.321875 0.434722 0.014063 0.014815
0 0.242578 0.512037 0.015365 0.012963
0 0.188932 0.506481 0.016406 0.011111
0 0.143620 0.434028 0.014323 0.009722
0 0.006380 0.434259 0.012240 0.013889
0 0.377995 0.457639 0.015885 0.013426
0 0.034635 0.060648 0.011979 0.013889
0 0.048047 0.080324 0.007031 0.022685
0 0.029818 0.196991 0.006510 0.024537
0 0.073047 0.153704 0.013281 0.018519
0 0.085547 0.137269 0.016927 0.019907
0 0.074479 0.086806 0.010937 0.018056
0 0.075260 0.069676 0.013542 0.016204
0 0.074740 0.057407 0.013021 0.013889
0 0.075130 0.040741 0.011198 0.018519
0 0.277083 0.028704 0.015625 0.018519
0 0.274349 0.047685 0.014844 0.014815
0 0.445052 0.093750 0.015104 0.008796
2 0.449349 0.105324 0.015365 0.009722
2 0.462891 0.159722 0.024219 0.014815
2 0.504948 0.119907 0.018229 0.021296
2 0.505339 0.182870 0.024219 0.022222
2 0.994531 0.417130 0.010417 0.014815
