2 0.557552 0.452083 0.019792 0.017130
2 0.738932 0.461343 0.036719 0.018981
2 0.703646 0.503704 0.028125 0.017593
2 0.788932 0.295602 0.025781 0.016204
0 0.033073 0.351157 0.016146 0.009722
0 0.065104 0.436111 0.014583 0.012963
0 0.064974 0.465278 0.018490 0.012963
0 0.095703 0.448148 0.011198 0.012037
0 0.086979 0.374306 0.014583 0.013426
0 0.089063 0.354398 0.014583 0.012500
0 0.122917 0.392824 0.011458 0.012500
0 0.152083 0.358333 0.012500 0.011111
0 0.169271 0.395370 0.013021 0.011111
0 0.199609 0.339583 0.014323 0.012500
0 0.272917 0.322222 0.014583 0.009259
0 0.346094 0.320602 0.016667 0.010648
0 0.307943 0.360417 0.015885 0.012500
0 0.361458 0.361343 0.014063 0.011574
0 0.372135 0.399537 0.015104 0.010185
0 0.446484 0.338657 0.015365 0.011574
0 0.449349 0.361574 0.015365 0.013889
0 0.492708 0.377778 0.015625 0.010185
0 0.507031 0.395602 0.014063 0.012500
0 0.527344 0.335185 0.015104 0.012037
2 0.527214 0.358102 0.015885 0.011574
0 0.537500 0.398843 0.013542 0.011574
2 0.623177 0.321296 0.033333 0.016667
0 0.585026 0.355556 0.014323 0.012963
0 0.583073 0.377083 0.016146 0.011574
0 0.635547 0.350694 0.015365 0.011574
0 0.702083 0.347917 0.015625 0.013426
0 0.750521 0.365741 0.016146 0.012963
0 0.741927 0.389815 0.013021 0.010185
0 0.829948 0.337963 0.015104 0.014815
0 0.873958 0.374537 0.017188 0.012963
0 0.860547 0.315046 0.010156 0.009722
0 0.862500 0.286343 0.015104 0.013426
0 0.914453 0.272685 0.017448 0.013889
0 0.931771 0.308796 0.018229 0.012037
0 0.888021 0.331481 0.016146 0.014815
0 0.914844 0.345139 0.017188 0.015278
0 0.951953 0.343519 0.015365 0.018519
0 0.971484 0.302778 0.015365 0.015741
0 0.940495 0.404167 0.019531 0.017593
0 0.963932 0.439120 0.016927 0.013426
0 0.937891 0.484491 0.015365 0.014352
0 0.887109 0.428935 0.015885 0.013426
0 0.872917 0.449306 0.017188 0.014352
0 0.810156 0.435185 0.017188 0.014815
0 0.772656 0.478935 0.015104 0.014352
0 0.696745 0.424306 0.013281 0.012500
0 0.676302 0.447685 0.013542 0.015741
0 0.669531 0.464352 0.015625 0.008333
0 0.635938 0.508333 0.020313 0.019444
0 0.507422 0.515972 0.016406 0.012500
0 0.488542 0.435648 0.014583 0.012037
0 0.435417 0.514352 0.015625 0.012963
0 0.385156 0.454630 0.015625 0.008333
0 0.358594 0.435417 0.018750 0.020833
0 0.328125 0.456481 0.015104 0.012037
2 0.314063 0.472222 0.016146 0.010185
0 0.284766 0.507176 0.016406 0.015278
0 0.255339 0.433565 0.016927 0.010648
0 0.232161 0.473148 0.013802 0.012963
0 0.214583 0.507176 0.013021 0.012500
2 0.170703 0.489120 0.016406 0.014352
0 0.150651 0.467361 0.011198 0.012500
0 0.033854 0.057407 0.014063 0.014815
0 0.073438 0.038889 0.014063 0.017593
0 0.046224 0.076157 0.008073 0.023611
0 0.074089 0.053241 0.012240 0.012963
0 0.073568 0.066204 0.014844 0.021296
0 0.073568 0.081713 0.015365 0.018056
0 0.029687 0.192593 0.008333 0.023148
0 0.070573 0.150463 0.014063 0.018519
0 0.084766 0.134028 0.015365 0.014352
0 0.090234 0.122222 0.015885 0.017593
0 0.277474 0.025463 0.015365 0.018519
0 0.274219 0.043750 0.014063 0.017130
0 0.444010 0.090741 0.015625 0.011111
2 0.449089 0.103935 0.015365 0.011574
2 0.462891 0.155324 0.026823 0.018056
2 0.504036 0.118056 0.018490 0.021296
2 0.505339 0.180324 0.024740 0.022685
0 0.013021 0.369444 0.012500 0.007407
0 0.991797 0.234028 0.015365 0.018056
