2 0.486719 0.380093 0.022396 0.015741
2 0.542057 0.340046 0.053906 0.018056
2 0.961979 0.443981 0.031771 0.018519
2 0.421484 0.455093 0.024219 0.015741
2 0.421615 0.515046 0.026042 0.014352
1 0.650391 0.516667 0.037240 0.017593
1 0.694531 0.354398 0.035417 0.017130
1 0.187760 0.395139 0.034896 0.016204
0 0.076042 0.353241 0.016667 0.012037
0 0.088021 0.311574 0.013021 0.012037
0 0.117578 0.336574 0.015885 0.012037
0 0.147656 0.313657 0.012500 0.012500
0 0.201823 0.337269 0.013542 0.014352
0 0.182161 0.376852 0.014323 0.008333
0 0.076563 0.373611 0.013542 0.013889
2 0.035286 0.460880 0.021094 0.011574
0 0.053646 0.479861 0.015104 0.011574
0 0.086198 0.503935 0.015625 0.013426
0 0.118359 0.466204 0.014844 0.012963
0 0.145443 0.505787 0.015365 0.011574
0 0.206250 0.506713 0.017188 0.011574
0 0.280339 0.488426 0.014323 0.012963
0 0.289453 0.511343 0.014323 0.014352
0 0.302214 0.452546 0.011198 0.010648
0 0.307031 0.436343 0.017188 0.009722
0 0.350521 0.435417 0.015625 0.011574
0 0.353255 0.453935 0.014844 0.011574
0 0.359375 0.475231 0.013021 0.009722
0 0.366667 0.513657 0.015625 0.013426
0 0.488281 0.497222 0.014583 0.012037
0 0.567839 0.432639 0.016406 0.014352
0 0.718880 0.489120 0.016927 0.013426
0 0.740234 0.507407 0.013802 0.013889
0 0.802865 0.505556 0.014063 0.012037
0 0.847526 0.496065 0.016406 0.013426
0 0.899089 0.431019 0.014323 0.012963
0 0.951432 0.482639 0.016406 0.015278
0 0.964714 0.404398 0.017969 0.011574
0 0.980990 0.367361 0.016667 0.009722
0 0.950651 0.312500 0.017448 0.010185
0 0.926823 0.270139 0.016146 0.016204
0 0.928776 0.335648 0.017969 0.011111
0 0.906771 0.319907 0.015104 0.013889
0 0.905859 0.363194 0.017448 0.013426
0 0.866797 0.379861 0.013802 0.012500
0 0.862240 0.319676 0.013021 0.011574
0 0.876172 0.287731 0.017448 0.017130
2 0.833333 0.362269 0.020833 0.013426
0 0.810286 0.303009 0.015885 0.014352
0 0.679948 0.312500 0.015625 0.011111
0 0.720182 0.331944 0.016927 0.012037
0 0.764453 0.329861 0.012240 0.014352
0 0.750130 0.305787 0.015885 0.012500
0 0.659766 0.392593 0.015885 0.012037
0 0.657552 0.331481 0.016667 0.016667
0 0.623307 0.314120 0.013802 0.015278
2 0.597656 0.358796 0.016146 0.015741
0 0.567318 0.380324 0.016406 0.010648
0 0.567318 0.398148 0.016406 0.012963
0 0.498698 0.322222 0.015625 0.014815
2 0.555469 0.317824 0.016146 0.013426
2 0.437370 0.400463 0.016927 0.012037
0 0.444141 0.342593 0.012240 0.014815
0 0.422786 0.359028 0.013281 0.013426
0 0.404427 0.318056 0.014063 0.013889
2 0.389323 0.378704 0.016146 0.012037
2 0.319401 0.312731 0.016927 0.012500
0 0.280469 0.324537 0.015104 0.011111
0 0.281641 0.345602 0.013802 0.013426
0 0.264714 0.379861 0.015885 0.012500
0 0.030339 0.055324 0.015885 0.016204
2 0.069010 0.037963 0.013021 0.016667
2 0.070573 0.051389 0.013542 0.012963
2 0.070052 0.064815 0.014583 0.019444
2 0.070182 0.081713 0.013802 0.015278
2 0.042708 0.075694 0.006250 0.029167
2 0.078255 0.131944 0.016927 0.018519
2 0.066536 0.147222 0.014844 0.019444
2 0.023698 0.190509 0.007812 0.022685
2 0.273698 0.026157 0.015104 0.017130
2 0.270182 0.043519 0.014323 0.015741
2 0.440104 0.092593 0.015625 0.010185
2 0.444661 0.105787 0.015365 0.013426
2 0.459896 0.157639 0.027083 0.017130
2 0.500391 0.120602 0.018490 0.020833
2 0.501302 0.182176 0.023958 0.021759
2 0.012240 0.305324 0.018229 0.010648
