2 0.154818 0.502546 0.030469 0.016204
0 0.032292 0.416435 0.017188 0.015278
0 0.051693 0.382870 0.015885 0.014815
2 0.022266 0.345833 0.013802 0.011111
0 0.108984 0.350000 0.014323 0.010185
0 0.103516 0.370370 0.014844 0.013889
0 0.065104 0.328009 0.010417 0.008796
0 0.064062 0.305787 0.016146 0.010648
0 0.147266 0.324306 0.015885 0.012500
0 0.177474 0.312037 0.013802 0.009259
0 0.179297 0.352546 0.014323 0.011574
0 0.210938 0.370833 0.015104 0.013889
0 0.236068 0.392593 0.016927 0.011111
0 0.242448 0.312500 0.015625 0.009259
0 0.250391 0.335417 0.013281 0.010648
0 0.316927 0.337963 0.013542 0.011111
0 0.324609 0.315972 0.016406 0.012500
0 0.335417 0.360185 0.015625 0.012037
0 0.315755 0.376620 0.012760 0.011574
0 0.399089 0.374769 0.012240 0.013426
0 0.411979 0.318056 0.015104 0.009259
0 0.414323 0.336343 0.014063 0.014352
0 0.424870 0.358102 0.016406 0.014352
0 0.441276 0.397454 0.016406 0.013426
0 0.482031 0.358102 0.016146 0.015278
0 0.495703 0.340046 0.014323 0.011574
0 0.522266 0.321065 0.016406 0.013426
0 0.519792 0.377083 0.014063 0.014352
0 0.592578 0.337269 0.017969 0.014352
0 0.627865 0.375926 0.014063 0.011111
0 0.666406 0.334954 0.014583 0.014352
0 0.727995 0.308796 0.017448 0.013889
0 0.757552 0.327778 0.014583 0.010185
0 0.744661 0.370139 0.016406 0.014352
0 0.793099 0.385880 0.016927 0.015278
0 0.812370 0.297917 0.015885 0.013426
0 0.822266 0.364352 0.017969 0.016667
0 0.836719 0.320602 0.013542 0.015278
0 0.872917 0.327315 0.014583 0.011111
2 0.893359 0.355324 0.018490 0.014352
0 0.926042 0.313426 0.017708 0.014815
0 0.909245 0.429861 0.012760 0.010648
2 0.956510 0.369213 0.023438 0.015278
0 0.903776 0.336574 0.016927 0.014815
0 0.961849 0.404630 0.016406 0.015741
0 0.987500 0.442130 0.017188 0.012037
0 0.916667 0.487731 0.016146 0.016204
0 0.892839 0.452083 0.014844 0.012500
0 0.858854 0.496065 0.016146 0.012500
0 0.842187 0.470833 0.015104 0.012037
0 0.796224 0.458796 0.014844 0.009259
0 0.804427 0.503935 0.016146 0.013426
0 0.727474 0.507407 0.014844 0.012037
2 0.682292 0.508565 0.015625 0.011574
0 0.658464 0.485417 0.016406 0.012500
0 0.613932 0.506713 0.013281 0.013426
0 0.551693 0.513194 0.014844 0.012500
0 0.511849 0.450926 0.013802 0.011111
0 0.482552 0.431481 0.013021 0.011111
2 0.477865 0.493519 0.010937 0.015741
0 0.139323 0.423380 0.013021 0.012500
0 0.035547 0.050231 0.013802 0.011574
0 0.075781 0.033333 0.014583 0.013889
0 0.075391 0.045370 0.013802 0.013889
0 0.074609 0.059954 0.014844 0.014352
0 0.075130 0.076389 0.014323 0.017593
0 0.048047 0.069213 0.007031 0.029167
0 0.072005 0.142361 0.013281 0.017130
0 0.084375 0.126852 0.015104 0.017593
0 0.029818 0.185417 0.006510 0.023611
0 0.278385 0.021759 0.016146 0.019444
0 0.274740 0.039120 0.018229 0.017130
0 0.445443 0.088889 0.015885 0.010185
2 0.449479 0.102778 0.015104 0.012037
2 0.463281 0.156481 0.026562 0.021296
2 0.505078 0.116667 0.017448 0.022222
2 0.505729 0.180093 0.026562 0.024074
2 0.011719 0.297685 0.014063 0.012037
2 0.988542 0.487731 0.022917 0.021759
