0 0.404557 0.329630 0.015885 0.012037
2 0.516927 0.316435 0.021354 0.018056
2 0.829818 0.503241 0.031510 0.023148
0 0.849870 0.421759 0.015885 0.012037
0 0.922396 0.485880 0.015104 0.014352
0 0.948307 0.411111 0.020052 0.011111
0 0.946094 0.356019 0.015625 0.012963
0 0.932161 0.373843 0.014844 0.012500
0 0.971484 0.330324 0.017969 0.015278
2 0.906641 0.320602 0.017969 0.012500
2 0.859245 0.295370 0.016927 0.015741
0 0.858333 0.364815 0.019271 0.012963
0 0.779427 0.347222 0.014063 0.011111
0 0.759635 0.378935 0.016667 0.010648
0 0.707812 0.349769 0.015625 0.011574
0 0.653906 0.337731 0.016667 0.015278
0 0.654557 0.357639 0.016927 0.014352
2 0.590755 0.381019 0.014844 0.012963
0 0.528125 0.400231 0.014583 0.013426
0 0.454167 0.359722 0.011458 0.010185
0 0.453385 0.321296 0.014583 0.011111
0 0.418750 0.382407 0.015625 0.006481
0 0.319661 0.341204 0.016927 0.012963
0 0.311979 0.317593 0.011458 0.008333
0 0.231510 0.313889 0.014063 0.011111
0 0.246224 0.395370 0.014323 0.012963
0 0.201563 0.334491 0.014063 0.011574
0 0.143880 0.338889 0.014323 0.011111
2 0.118880 0.325694 0.013802 0.009722
0 0.087630 0.308796 0.016406 0.009259
0 0.048698 0.345602 0.015104 0.013426
0 0.043359 0.362500 0.015365 0.011111
0 0.032422 0.383102 0.013802 0.013426
2 0.137240 0.390972 0.016146 0.009722
0 0.075260 0.478472 0.013542 0.013426
0 0.030729 0.459028 0.011458 0.011574
0 0.240365 0.486574 0.015625 0.015741
0 0.319271 0.427083 0.015104 0.014352
0 0.405599 0.472917 0.015885 0.014352
0 0.522396 0.501157 0.016146 0.011574
0 0.538672 0.453704 0.015885 0.011111
0 0.630078 0.452315 0.012760 0.012963
0 0.711458 0.467361 0.015625 0.013426
0 0.721745 0.429861 0.015365 0.010648
0 0.032943 0.050463 0.014844 0.014815
0 0.073307 0.032407 0.013281 0.014815
0 0.072917 0.045833 0.011458 0.012963
0 0.045703 0.069444 0.006510 0.025000
0 0.072656 0.059028 0.015625 0.018981
0 0.072786 0.076620 0.013281 0.016204
0 0.069010 0.144444 0.014063 0.017593
0 0.027214 0.184954 0.005990 0.023611
0 0.082682 0.126852 0.014323 0.015741
0 0.089844 0.115972 0.017188 0.018056
0 0.092578 0.104398 0.014844 0.015278
0 0.094141 0.093519 0.012760 0.015741
0 0.097266 0.079398 0.010677 0.012500
0 0.276302 0.023380 0.016146 0.018981
0 0.273047 0.040278 0.016927 0.017593
0 0.444401 0.090972 0.014844 0.007870
2 0.448047 0.103472 0.015365 0.009722
2 0.461849 0.155787 0.026823 0.019907
2 0.503516 0.118750 0.017969 0.020833
2 0.504167 0.180787 0.025000 0.022685
0 0.009245 0.321991 0.012240 0.010648
2 0.990755 0.425000 0.014844 0.014815
