2 0.279948 0.311343 0.020833 0.015278
0 0.023958 0.301620 0.014583 0.011574
0 0.050130 0.364583 0.014844 0.014352
0 0.107813 0.386111 0.015625 0.008333
0 0.123047 0.349769 0.011198 0.010648
0 0.126953 0.324306 0.015885 0.013426
0 0.181120 0.310880 0.015885 0.012500
2 0.266406 0.376852 0.014583 0.013889
0 0.316016 0.357870 0.015365 0.012963
0 0.345964 0.335880 0.016406 0.013426
0 0.372656 0.359028 0.014583 0.011574
0 0.371615 0.391667 0.015104 0.012037
0 0.462760 0.341667 0.013542 0.012037
0 0.497135 0.379398 0.015625 0.013426
0 0.518229 0.396759 0.014583 0.014815
2 0.556641 0.338889 0.016927 0.011111
0 0.565495 0.318056 0.016406 0.012037
0 0.573828 0.358333 0.015365 0.012963
0 0.580859 0.380324 0.013802 0.012500
0 0.721745 0.392824 0.016406 0.012500
0 0.763151 0.325231 0.017448 0.014352
0 0.896094 0.315741 0.017188 0.012963
0 0.900000 0.284722 0.015104 0.012037
0 0.967578 0.256713 0.017448 0.017130
0 0.955990 0.330787 0.018750 0.013426
0 0.947005 0.353009 0.018490 0.012500
0 0.889714 0.369907 0.013281 0.011111
0 0.850000 0.362731 0.016146 0.012500
0 0.984505 0.424537 0.016927 0.012963
0 0.955729 0.489120 0.016146 0.013426
0 0.873828 0.454861 0.015885 0.012500
0 0.807031 0.421528 0.016146 0.012500
0 0.741016 0.487269 0.017448 0.011574
0 0.535286 0.491667 0.015365 0.012963
0 0.393750 0.486111 0.013021 0.011111
0 0.316667 0.467593 0.015625 0.012037
0 0.278516 0.446065 0.013281 0.014352
2 0.235807 0.430093 0.016406 0.010185
0 0.188151 0.494213 0.015365 0.011574
0 0.127734 0.459722 0.013802 0.011111
0 0.103646 0.487500 0.016146 0.012037
0 0.033203 0.050694 0.013281 0.017130
0 0.074870 0.032176 0.012760 0.018056
0 0.074479 0.044444 0.011458 0.012037
0 0.074219 0.060185 0.012500 0.016667
0 0.074219 0.075000 0.014583 0.017593
0 0.046875 0.068981 0.006771 0.027778
0 0.082292 0.126852 0.016146 0.021296
0 0.070443 0.143519 0.013281 0.018519
0 0.027995 0.185417 0.009115 0.024537
0 0.277214 0.023148 0.014844 0.017593
0 0.274089 0.041667 0.012760 0.015741
0 0.444531 0.090046 0.013021 0.008796
2 0.448437 0.103935 0.017708 0.014352
2 0.463021 0.155324 0.027604 0.017130
2 0.504167 0.118287 0.018229 0.020833
2 0.504427 0.181019 0.023958 0.024074
