2 0.115495 0.304167 0.022656 0.014815
2 0.370833 0.319444 0.016667 0.012037
2 0.329818 0.335417 0.016406 0.011574
0 0.319401 0.357639 0.015885 0.012500
0 0.333073 0.386806 0.012500 0.012500
0 0.267318 0.376852 0.015365 0.012037
0 0.255339 0.394213 0.014844 0.012500
0 0.253516 0.335417 0.013802 0.009722
0 0.153125 0.351389 0.013021 0.010185
0 0.138932 0.329861 0.015885 0.012500
0 0.126693 0.386343 0.015365 0.011574
0 0.094010 0.345602 0.014583 0.012500
2 0.047917 0.365278 0.014063 0.013889
0 0.098828 0.476620 0.013802 0.011574
0 0.140234 0.422454 0.015885 0.011574
0 0.189714 0.444213 0.015885 0.013426
0 0.323828 0.489583 0.014844 0.014352
0 0.357812 0.470602 0.013542 0.012500
0 0.415755 0.513426 0.015365 0.012037
2 0.492969 0.435648 0.015104 0.011111
0 0.539714 0.449769 0.014323 0.013426
0 0.579036 0.470139 0.015365 0.012500
0 0.643490 0.490278 0.011458 0.011111
0 0.840104 0.480556 0.015625 0.012963
0 0.881250 0.352315 0.016667 0.016667
0 0.891536 0.320833 0.016406 0.012963
0 0.873047 0.292361 0.016927 0.012500
0 0.834766 0.342593 0.015885 0.012037
0 0.813281 0.365972 0.017708 0.012500
0 0.785286 0.305787 0.014323 0.012500
0 0.760286 0.349306 0.014844 0.013426
0 0.710938 0.312269 0.015104 0.011574
0 0.709245 0.367130 0.015885 0.011111
0 0.681641 0.329398 0.016406 0.011574
0 0.654687 0.375231 0.012500 0.011574
0 0.604167 0.378935 0.014063 0.012500
2 0.557943 0.324074 0.015365 0.012963
0 0.475911 0.400463 0.014844 0.011111
0 0.041016 0.030787 0.013802 0.018056
0 0.046875 0.069907 0.007812 0.025000
0 0.034375 0.050000 0.015625 0.012963
0 0.074609 0.031944 0.012760 0.015741
0 0.074349 0.046759 0.012240 0.013889
0 0.073047 0.061806 0.013281 0.015278
0 0.074479 0.075926 0.014583 0.013889
0 0.083984 0.127083 0.015365 0.019907
0 0.071745 0.143981 0.015365 0.020370
0 0.028516 0.185417 0.007031 0.025463
0 0.277604 0.022685 0.015625 0.020370
0 0.274740 0.040509 0.016146 0.015278
0 0.444922 0.091435 0.014844 0.010648
2 0.448307 0.104398 0.014323 0.010648
2 0.461458 0.155787 0.025521 0.018056
2 0.504427 0.119676 0.018750 0.022685
2 0.505208 0.181019 0.026042 0.024074
