2 0.788542 0.348843 0.018750 0.013426
0 0.800130 0.367593 0.015885 0.013889
0 0.823828 0.324769 0.015885 0.013426
0 0.849870 0.299306 0.017448 0.015278
0 0.867708 0.341667 0.014063 0.012037
2 0.873958 0.378704 0.018750 0.014815
0 0.936979 0.356019 0.014583 0.012037
0 0.933333 0.378241 0.016146 0.013889
0 0.986589 0.370139 0.015365 0.014352
0 0.942578 0.469444 0.016406 0.019444
0 0.743490 0.506713 0.016667 0.014352
0 0.695573 0.470139 0.014063 0.010648
0 0.971875 0.256019 0.015625 0.018519
0 0.730339 0.307407 0.014323 0.012037
0 0.621484 0.400000 0.010156 0.012037
2 0.694792 0.376852 0.029687 0.019444
0 0.610677 0.493750 0.015104 0.013426
0 0.598047 0.454861 0.014323 0.013426
0 0.540625 0.436111 0.009896 0.010185
0 0.544401 0.360880 0.014844 0.013426
0 0.478906 0.362731 0.014583 0.013426
0 0.450651 0.341204 0.014323 0.012037
0 0.380729 0.436806 0.015625 0.012500
0 0.383203 0.473611 0.013281 0.010185
0 0.351562 0.338889 0.015625 0.016667
0 0.300521 0.361343 0.014063 0.013426
0 0.258073 0.476852 0.015625 0.011111
0 0.249609 0.430787 0.014844 0.010648
0 0.238802 0.450926 0.016667 0.012037
0 0.221745 0.489120 0.015365 0.011574
2 0.219792 0.359722 0.015104 0.013889
0 0.189583 0.338426 0.015104 0.011111
0 0.143620 0.356713 0.015365 0.010648
0 0.103125 0.316898 0.016146 0.011574
0 0.051172 0.330787 0.014323 0.012500
2 0.086458 0.442824 0.016667 0.010648
0 0.076042 0.037500 0.012500 0.016667
0 0.048177 0.075926 0.006250 0.025000
0 0.036068 0.056713 0.016927 0.016204
0 0.076042 0.051852 0.011979 0.012963
0 0.075391 0.066898 0.013802 0.018056
0 0.075781 0.081944 0.014583 0.016667
0 0.086458 0.133796 0.016667 0.020370
0 0.072786 0.148380 0.014323 0.018981
0 0.030339 0.191435 0.007031 0.024537
0 0.278776 0.027778 0.015885 0.016667
0 0.275000 0.046296 0.015104 0.015741
0 0.445573 0.093519 0.015625 0.010185
2 0.449870 0.106944 0.015885 0.011111
2 0.464062 0.159491 0.028646 0.018056
2 0.505990 0.120833 0.018229 0.025000
2 0.506771 0.185648 0.026562 0.028704
0 0.013021 0.386574 0.014583 0.013889
0 0.496224 0.455787 0.016406 0.012500
0 0.508464 0.493981 0.014844 0.010185
