2 0.296875 0.487731 0.043229 0.018981
2 0.777474 0.360185 0.021094 0.015741
0 0.211198 0.393981 0.016146 0.013889
0 0.052474 0.375000 0.014323 0.013889
2 0.050391 0.412963 0.016406 0.013889
0 0.076953 0.393056 0.012240 0.011111
0 0.108333 0.355324 0.011979 0.014352
0 0.030208 0.486574 0.013542 0.012963
0 0.143750 0.413426 0.013542 0.011111
0 0.222266 0.505324 0.017969 0.013426
0 0.216536 0.526620 0.014323 0.011574
0 0.321875 0.524306 0.015625 0.015278
0 0.400781 0.521528 0.015104 0.012500
0 0.294010 0.392593 0.015625 0.012963
0 0.263672 0.413889 0.014844 0.013889
0 0.369531 0.390509 0.015104 0.012500
0 0.385156 0.409491 0.016146 0.011574
0 0.399349 0.371296 0.016406 0.013889
0 0.398958 0.329861 0.016146 0.018056
0 0.446615 0.388194 0.013542 0.012500
0 0.462500 0.409491 0.016146 0.011574
0 0.515625 0.364352 0.011979 0.012037
0 0.513021 0.323843 0.015104 0.013426
0 0.533984 0.405787 0.016927 0.013426
0 0.602214 0.400694 0.013802 0.013426
0 0.596484 0.378935 0.014844 0.013426
2 0.616667 0.358565 0.022396 0.018981
0 0.594531 0.322685 0.016667 0.014815
2 0.639323 0.321296 0.017188 0.013889
2 0.664193 0.334954 0.016927 0.013426
0 0.687109 0.309722 0.016927 0.015741
0 0.752734 0.303704 0.013802 0.012963
0 0.800260 0.315741 0.015625 0.012037
0 0.821745 0.376852 0.016927 0.014815
2 0.839063 0.354167 0.017708 0.012963
0 0.855469 0.321528 0.016667 0.013426
0 0.929167 0.342130 0.017708 0.013889
0 0.919792 0.364583 0.011458 0.012500
0 0.968490 0.314352 0.014583 0.012963
0 0.979818 0.450463 0.016406 0.014815
0 0.908203 0.421065 0.015885 0.013426
0 0.878516 0.405324 0.017969 0.013426
0 0.772005 0.479630 0.015885 0.013889
0 0.469401 0.441667 0.015365 0.011111
0 0.508464 0.490972 0.015885 0.013426
0 0.570182 0.519676 0.015885 0.012500
0 0.579557 0.476620 0.016406 0.013426
0 0.653385 0.489352 0.016146 0.014815
0 0.694141 0.466898 0.015885 0.015278
0 0.675521 0.394676 0.015625 0.014352
2 0.728776 0.501852 0.017448 0.013889
0 0.026172 0.215046 0.007031 0.024537
0 0.068229 0.170139 0.014583 0.019907
0 0.079557 0.153704 0.015885 0.021296
0 0.085677 0.141435 0.015104 0.017130
0 0.089193 0.131713 0.016406 0.019907
0 0.090885 0.118750 0.013542 0.018056
0 0.093620 0.104861 0.011719 0.013426
0 0.042708 0.098611 0.006771 0.027778
0 0.069792 0.103241 0.012500 0.018519
0 0.069010 0.058565 0.011979 0.018981
0 0.070182 0.086111 0.014844 0.021296
0 0.068750 0.072917 0.011979 0.014352
0 0.029427 0.078241 0.013542 0.013889
0 0.271745 0.039120 0.014844 0.019907
0 0.268750 0.057176 0.015625 0.017130
0 0.307943 0.015741 0.014844 0.018519
0 0.312500 0.067824 0.015625 0.017130
0 0.439714 0.099074 0.015885 0.009259
2 0.445312 0.111343 0.017188 0.012500
2 0.459896 0.163194 0.028646 0.016204
2 0.501823 0.123380 0.020833 0.024537
2 0.502734 0.188194 0.026302 0.025463
0 0.768490 0.386806 0.016146 0.013426
