2 0.099740 0.334954 0.036979 0.016204
2 0.349870 0.494213 0.026823 0.015278
2 0.650130 0.378704 0.051823 0.018519
2 0.498698 0.493287 0.017708 0.013426
2 0.512630 0.475231 0.015885 0.010648
0 0.455078 0.457176 0.015365 0.010648
0 0.390885 0.456481 0.011979 0.012037
2 0.334505 0.472917 0.014844 0.010648
0 0.201953 0.434259 0.015885 0.012037
0 0.158724 0.460648 0.012760 0.011111
0 0.129297 0.488194 0.016406 0.013426
0 0.077995 0.487731 0.014844 0.010648
0 0.041016 0.427778 0.015885 0.011111
0 0.022786 0.373611 0.013802 0.013889
0 0.042448 0.308796 0.011979 0.012037
0 0.108073 0.309028 0.015625 0.010648
0 0.127604 0.395139 0.010937 0.013426
0 0.100260 0.358565 0.015625 0.010648
0 0.192708 0.341204 0.016146 0.009259
2 0.242448 0.317824 0.014583 0.013426
0 0.241276 0.376852 0.012240 0.010185
0 0.252474 0.401157 0.013281 0.010648
0 0.207031 0.398380 0.015104 0.011574
0 0.317448 0.384491 0.015104 0.012500
0 0.339844 0.403472 0.014063 0.011574
0 0.341667 0.365741 0.013542 0.013889
0 0.325781 0.346065 0.015625 0.010648
0 0.324870 0.318287 0.012760 0.011574
0 0.429297 0.324074 0.016927 0.011111
0 0.499089 0.320833 0.014844 0.012963
0 0.469401 0.403704 0.014844 0.014815
0 0.624089 0.325231 0.015885 0.012500
0 0.795964 0.365278 0.018490 0.013889
0 0.627474 0.402546 0.016406 0.017130
0 0.771615 0.317130 0.015104 0.012037
0 0.832031 0.298148 0.015625 0.016667
0 0.870313 0.321065 0.015625 0.012500
0 0.925260 0.277315 0.013021 0.012963
0 0.945312 0.333102 0.015625 0.013426
0 0.858203 0.352546 0.016406 0.016204
0 0.829688 0.343519 0.016146 0.012963
0 0.839974 0.385185 0.016406 0.013889
0 0.882161 0.434259 0.015365 0.012037
0 0.857422 0.419907 0.014323 0.013889
0 0.854427 0.458102 0.013542 0.016204
0 0.736458 0.466204 0.015104 0.013889
0 0.739062 0.486343 0.016146 0.012500
0 0.605859 0.435880 0.015365 0.010648
0 0.032552 0.057870 0.014063 0.016667
2 0.072786 0.040741 0.013802 0.017593
2 0.071745 0.055093 0.012760 0.012963
2 0.071484 0.068519 0.014844 0.019444
2 0.072526 0.084722 0.014844 0.019444
2 0.045443 0.078704 0.008594 0.026852
2 0.081771 0.135417 0.013542 0.019907
2 0.068750 0.150926 0.014583 0.019444
2 0.026953 0.194444 0.008594 0.026852
2 0.276172 0.028472 0.015885 0.018981
2 0.273047 0.046065 0.015365 0.017130
2 0.443229 0.094444 0.015625 0.010185
2 0.447786 0.106713 0.016406 0.012500
2 0.461458 0.158333 0.027604 0.018519
2 0.502995 0.121759 0.017969 0.024074
2 0.504818 0.184259 0.024740 0.021296
