2 0.304688 0.377778 0.052604 0.018519
2 0.695312 0.470139 0.026042 0.017130
2 0.792448 0.481481 0.019792 0.015741
0 0.236328 0.484954 0.016406 0.011574
0 0.204948 0.509259 0.015625 0.010185
0 0.141797 0.464583 0.015365 0.012500
0 0.132031 0.503241 0.013021 0.011111
0 0.109115 0.484954 0.013542 0.013426
0 0.019271 0.386806 0.015625 0.011574
0 0.039844 0.371528 0.015625 0.013426
0 0.065755 0.349074 0.016406 0.011111
0 0.097786 0.391435 0.012240 0.011574
0 0.126693 0.331481 0.015365 0.011111
0 0.143750 0.376389 0.014583 0.012037
0 0.010026 0.460880 0.014323 0.012500
0 0.202474 0.394907 0.015365 0.012963
2 0.206250 0.333565 0.016146 0.010648
2 0.261458 0.360417 0.016146 0.010648
0 0.258594 0.397222 0.016667 0.012963
0 0.326302 0.318750 0.014063 0.011574
0 0.379818 0.396296 0.015365 0.012963
0 0.393880 0.360880 0.015885 0.009722
0 0.432682 0.399769 0.015365 0.011574
0 0.469010 0.379861 0.012500 0.010648
0 0.468099 0.361806 0.014323 0.012500
0 0.505469 0.322222 0.013021 0.011111
0 0.536589 0.400000 0.015885 0.011111
0 0.664714 0.397222 0.014844 0.011111
0 0.725521 0.371065 0.016146 0.013426
0 0.720052 0.311574 0.013542 0.012963
0 0.765104 0.305093 0.014583 0.011111
0 0.866406 0.322917 0.016146 0.012500
0 0.879167 0.361574 0.016667 0.011111
2 0.901953 0.337731 0.013802 0.009722
0 0.937370 0.271065 0.014844 0.016204
2 0.945703 0.309954 0.020052 0.013426
0 0.979688 0.310417 0.013542 0.011574
0 0.933724 0.369444 0.016927 0.012963
0 0.973177 0.468287 0.015625 0.013426
0 0.908073 0.496065 0.014583 0.011574
0 0.781771 0.422685 0.015625 0.011111
0 0.776042 0.444213 0.017708 0.014352
0 0.756901 0.508796 0.015885 0.013889
2 0.697656 0.447222 0.016146 0.012037
0 0.596094 0.515278 0.015625 0.012963
0 0.576562 0.472454 0.015625 0.011574
0 0.532422 0.469907 0.015365 0.013889
0 0.518229 0.450926 0.014583 0.013889
0 0.451953 0.474769 0.014323 0.014352
0 0.395833 0.513194 0.010937 0.010648
0 0.318229 0.452083 0.015104 0.013426
0 0.033594 0.056019 0.014583 0.015741
0 0.073828 0.037963 0.012760 0.016667
0 0.073698 0.051852 0.011458 0.012963
0 0.072526 0.066204 0.012240 0.019444
0 0.073177 0.082639 0.014063 0.017130
0 0.046484 0.075694 0.006510 0.029167
0 0.082943 0.132176 0.014323 0.021759
0 0.071094 0.148380 0.014063 0.019907
0 0.028516 0.190046 0.008073 0.026389
0 0.277083 0.025926 0.014063 0.016667
0 0.273568 0.044907 0.015885 0.014815
0 0.444401 0.093056 0.015885 0.009259
2 0.448047 0.105556 0.015885 0.011111
2 0.462891 0.158565 0.026823 0.018981
2 0.503516 0.120139 0.017969 0.024537
2 0.505859 0.183796 0.024740 0.023148
0 0.004036 0.480093 0.007552 0.012037
0 0.329557 0.400000 0.015365 0.012963
