2 0.879557 0.347685 0.062240 0.024074
2 0.703385 0.525694 0.039062 0.019907
2 0.553906 0.461343 0.020833 0.016204
2 0.890365 0.291667 0.030208 0.021296
0 0.027865 0.336111 0.018229 0.012963
0 0.091276 0.351389 0.013802 0.011111
2 0.095833 0.446759 0.019792 0.013889
0 0.138542 0.354398 0.011458 0.012500
0 0.150391 0.333796 0.011719 0.013889
0 0.191406 0.339583 0.015625 0.012500
0 0.182161 0.378241 0.014323 0.011111
0 0.183594 0.397454 0.016667 0.010648
0 0.189193 0.449074 0.016927 0.013889
0 0.235807 0.468519 0.016927 0.012963
0 0.244141 0.433102 0.014844 0.012500
2 0.268229 0.402315 0.015104 0.012963
0 0.265885 0.361574 0.016146 0.012963
0 0.266927 0.341898 0.016667 0.010648
0 0.333073 0.354167 0.016146 0.011111
0 0.329948 0.401620 0.016146 0.013426
0 0.368490 0.340741 0.015625 0.012963
0 0.388932 0.403704 0.014844 0.015741
0 0.393490 0.325463 0.014583 0.013889
0 0.467057 0.383565 0.015365 0.012500
0 0.465234 0.406019 0.015885 0.012963
2 0.488802 0.330556 0.018750 0.015741
0 0.541927 0.385648 0.015104 0.016667
2 0.586458 0.403935 0.017708 0.014352
2 0.610417 0.346991 0.016667 0.014352
0 0.593099 0.322917 0.013281 0.010648
0 0.642448 0.382639 0.016146 0.012500
0 0.667578 0.356944 0.016406 0.012037
0 0.700391 0.329167 0.016406 0.014815
0 0.666276 0.403009 0.015365 0.013426
0 0.774740 0.310648 0.016667 0.013889
0 0.775521 0.355787 0.016667 0.013426
0 0.790755 0.336574 0.013281 0.013889
0 0.779948 0.396296 0.015625 0.014815
0 0.836719 0.331481 0.016146 0.015741
0 0.867969 0.390046 0.016667 0.014352
0 0.961458 0.381713 0.018229 0.017130
0 0.947135 0.341898 0.017188 0.018981
0 0.977474 0.501157 0.012760 0.013426
0 0.933854 0.462500 0.018229 0.016667
0 0.926302 0.504630 0.017188 0.012963
2 0.876302 0.486574 0.018229 0.012963
0 0.887109 0.444676 0.014323 0.012500
0 0.874479 0.423380 0.019271 0.012500
0 0.798047 0.451157 0.017448 0.012500
0 0.759896 0.432639 0.015625 0.015278
0 0.760286 0.494444 0.017448 0.016667
0 0.741797 0.475694 0.017448 0.015278
0 0.662109 0.437037 0.016927 0.012037
0 0.633203 0.522454 0.016927 0.012500
0 0.538151 0.440046 0.015885 0.014352
0 0.461458 0.511343 0.016667 0.014352
0 0.401172 0.437963 0.015365 0.014815
0 0.377734 0.457870 0.013281 0.013889
2 0.342187 0.500694 0.016146 0.013426
0 0.324740 0.435880 0.018229 0.011574
0 0.300130 0.474074 0.016927 0.010185
0 0.374219 0.365046 0.014583 0.014352
0 0.977344 0.262500 0.021875 0.030556
0 0.028255 0.189815 0.007552 0.025000
0 0.071354 0.146528 0.013542 0.021759
0 0.084635 0.131944 0.016146 0.019444
0 0.090495 0.120139 0.014323 0.015278
0 0.096094 0.097685 0.013542 0.015741
0 0.098568 0.084491 0.011198 0.015278
0 0.074609 0.079861 0.011719 0.015278
0 0.075911 0.062963 0.013281 0.017593
0 0.074609 0.048843 0.009635 0.010648
0 0.075781 0.034954 0.010417 0.014352
0 0.047396 0.073611 0.007292 0.025000
0 0.034375 0.052315 0.013021 0.012963
0 0.277865 0.028009 0.013542 0.018056
0 0.275130 0.044907 0.013281 0.015741
0 0.314323 0.007870 0.014063 0.014815
0 0.317708 0.056713 0.015625 0.017130
0 0.445703 0.095602 0.015365 0.009722
2 0.449089 0.108565 0.014323 0.014352
2 0.463411 0.161574 0.026823 0.018519
2 0.505078 0.123380 0.017448 0.019907
2 0.506510 0.186343 0.027083 0.025463
0 0.004687 0.440741 0.008854 0.010185
