1 0.288672 0.493056 0.042969 0.025000
2 0.215495 0.399306 0.020052 0.014352
0 0.014974 0.345139 0.015365 0.018056
0 0.026823 0.367593 0.016146 0.014815
2 0.068099 0.364120 0.016406 0.014352
2 0.067448 0.384722 0.016146 0.010185
0 0.078906 0.404861 0.015625 0.012500
0 0.072135 0.423843 0.013021 0.013426
2 0.121615 0.344444 0.016146 0.012963
0 0.167057 0.420602 0.015365 0.013426
0 0.177995 0.365741 0.015365 0.012963
0 0.267969 0.421065 0.017188 0.014352
0 0.297005 0.362731 0.013281 0.014352
0 0.322396 0.334259 0.014583 0.012963
0 0.379427 0.356250 0.015625 0.014352
0 0.403906 0.393056 0.014063 0.012963
0 0.428516 0.373148 0.014844 0.012963
0 0.506120 0.365972 0.016927 0.015278
0 0.541797 0.384259 0.015365 0.013889
0 0.572526 0.402315 0.015365 0.012963
0 0.658464 0.393519 0.017448 0.014815
0 0.690365 0.331019 0.016146 0.012037
0 0.725911 0.346528 0.017969 0.012500
0 0.736458 0.363657 0.011979 0.011574
0 0.753255 0.297685 0.015885 0.014815
0 0.841797 0.326389 0.017969 0.019444
0 0.831120 0.350000 0.013802 0.013889
0 0.899219 0.319444 0.019271 0.015741
0 0.958724 0.466204 0.018490 0.015741
0 0.862500 0.485417 0.013542 0.011574
0 0.799870 0.472454 0.016927 0.015278
0 0.713802 0.421065 0.017708 0.014352
0 0.537891 0.496528 0.012240 0.008796
0 0.486589 0.485185 0.013802 0.013889
2 0.378646 0.448611 0.018229 0.012963
2 0.383594 0.414583 0.012500 0.009722
0 0.314844 0.418056 0.017708 0.012963
2 0.294141 0.398380 0.015365 0.012500
0 0.373698 0.506019 0.016146 0.012963
0 0.323568 0.528472 0.016406 0.013426
0 0.214844 0.490741 0.016667 0.013889
0 0.183984 0.514583 0.019531 0.015278
0 0.103516 0.512963 0.015885 0.012963
2 0.087240 0.479861 0.011458 0.011574
0 0.033073 0.460648 0.016667 0.015741
0 0.030208 0.518056 0.016667 0.014815
0 0.026693 0.228009 0.007031 0.024537
0 0.068099 0.181713 0.013802 0.018981
0 0.079297 0.165741 0.015365 0.020370
0 0.091016 0.131481 0.014323 0.019444
0 0.093490 0.117824 0.013021 0.017130
0 0.085677 0.152083 0.015104 0.016204
0 0.088802 0.141898 0.014583 0.014352
0 0.069661 0.115046 0.013281 0.018981
0 0.069792 0.097685 0.014063 0.020370
0 0.068750 0.085880 0.011458 0.016204
0 0.068750 0.071296 0.012500 0.019444
0 0.042969 0.110417 0.006771 0.025463
0 0.029167 0.092361 0.013021 0.016204
0 0.271224 0.046759 0.015885 0.018519
0 0.268490 0.064120 0.014583 0.018056
0 0.306771 0.021991 0.014583 0.018981
0 0.312109 0.075000 0.016406 0.017593
0 0.439974 0.102546 0.016927 0.009722
2 0.444010 0.115972 0.017708 0.012500
2 0.459505 0.165278 0.028385 0.018519
2 0.501042 0.123843 0.020313 0.024537
2 0.502995 0.188194 0.027344 0.023611
0 0.127995 0.020370 0.012240 0.030556
0 0.113151 0.008565 0.014323 0.016204
