2 0.420182 0.495370 0.028385 0.015741
2 0.293359 0.393287 0.019010 0.012500
2 0.667708 0.337963 0.031771 0.018519
2 0.203125 0.497917 0.020833 0.014352
0 0.027083 0.424769 0.014063 0.012500
0 0.013281 0.376620 0.015104 0.011574
0 0.043880 0.310417 0.016406 0.011574
0 0.101042 0.303241 0.012500 0.009259
0 0.120573 0.382870 0.014063 0.012037
0 0.141016 0.362731 0.014844 0.011574
2 0.171484 0.356481 0.016927 0.011111
0 0.167057 0.332407 0.014323 0.012037
0 0.208333 0.308102 0.011979 0.008796
0 0.277083 0.314815 0.014583 0.011111
0 0.283073 0.336343 0.017188 0.012500
0 0.355859 0.358565 0.015885 0.010648
2 0.377474 0.344213 0.015885 0.011574
0 0.398307 0.400231 0.015365 0.011574
0 0.406901 0.378935 0.015365 0.014352
0 0.416797 0.325694 0.014323 0.011574
0 0.484896 0.381019 0.015625 0.014815
0 0.512891 0.400463 0.013802 0.012963
0 0.522005 0.347222 0.014323 0.013889
0 0.501693 0.324537 0.016927 0.010185
0 0.584635 0.381713 0.010937 0.014352
0 0.598698 0.338657 0.013021 0.010648
0 0.638151 0.402315 0.016927 0.012037
0 0.714583 0.327546 0.015625 0.013426
0 0.734896 0.400231 0.016146 0.016204
0 0.754557 0.337500 0.016406 0.013889
0 0.809115 0.355324 0.016146 0.013426
0 0.812891 0.332407 0.013281 0.012037
0 0.857031 0.331019 0.017188 0.012037
0 0.856510 0.391435 0.016667 0.014352
0 0.879687 0.348611 0.016667 0.012037
0 0.883464 0.296528 0.014844 0.013426
2 0.932031 0.328241 0.020313 0.011111
0 0.931120 0.346065 0.017969 0.013426
0 0.951823 0.386111 0.018750 0.011111
0 0.964323 0.363889 0.014583 0.012963
0 0.979167 0.321991 0.018229 0.013426
0 0.433594 0.452546 0.014063 0.012500
0 0.382552 0.512037 0.015104 0.011111
0 0.366146 0.467593 0.015625 0.011111
0 0.359375 0.431481 0.015104 0.012963
0 0.295573 0.437269 0.013542 0.011574
2 0.241667 0.501157 0.016146 0.010648
0 0.189323 0.462269 0.016146 0.012500
0 0.148828 0.493981 0.015885 0.010185
0 0.111849 0.455787 0.015365 0.013426
0 0.087630 0.434028 0.012760 0.010648
0 0.026172 0.178241 0.006510 0.024074
0 0.069922 0.135417 0.014323 0.019907
0 0.082422 0.120139 0.014844 0.019907
0 0.088932 0.107407 0.015365 0.016667
0 0.094792 0.086343 0.012500 0.013426
0 0.096875 0.071759 0.011458 0.013889
0 0.072917 0.071296 0.013542 0.020370
0 0.073958 0.052315 0.013021 0.020370
0 0.073568 0.039583 0.012240 0.016204
0 0.073828 0.027546 0.012760 0.014352
0 0.046354 0.062500 0.007812 0.026852
0 0.032682 0.042824 0.013281 0.013426
0 0.276953 0.019676 0.015365 0.018056
0 0.273958 0.037500 0.013542 0.019444
0 0.317578 0.052083 0.015365 0.015278
0 0.443620 0.091667 0.015885 0.008333
2 0.448698 0.105324 0.015625 0.011574
2 0.461719 0.157870 0.027604 0.018519
2 0.503385 0.120370 0.018229 0.020370
2 0.504036 0.183565 0.026823 0.026389
2 0.232031 0.370602 0.017188 0.009722
