1 0.609896 0.470602 0.038021 0.021759
2 0.842187 0.344907 0.027083 0.019444
0 0.952083 0.304167 0.017708 0.013889
0 0.908203 0.293056 0.017969 0.013889
0 0.851302 0.301852 0.017708 0.014815
0 0.790885 0.370139 0.016667 0.014352
0 0.814714 0.446991 0.015365 0.010648
0 0.796094 0.484028 0.012500 0.018056
2 0.726302 0.418750 0.016667 0.015278
0 0.727214 0.460185 0.016927 0.015741
0 0.668880 0.508565 0.017448 0.014352
2 0.576953 0.495139 0.018490 0.012500
0 0.495443 0.487037 0.015885 0.013889
0 0.414714 0.524769 0.016406 0.013426
2 0.410547 0.468981 0.011719 0.014815
0 0.377474 0.448611 0.013802 0.011111
0 0.317318 0.527778 0.015365 0.013889
2 0.242969 0.473843 0.017188 0.012500
0 0.223047 0.494444 0.014844 0.013889
0 0.164974 0.459954 0.017448 0.011574
0 0.113281 0.514120 0.016146 0.011574
0 0.063802 0.473843 0.016146 0.014352
0 0.035286 0.541204 0.015365 0.012963
2 0.025260 0.405787 0.017708 0.013426
0 0.038411 0.370602 0.013802 0.011574
0 0.070052 0.424769 0.017188 0.011574
2 0.144271 0.423380 0.011458 0.010648
0 0.159115 0.404861 0.016146 0.009722
0 0.168490 0.384954 0.013542 0.012500
0 0.136979 0.368056 0.015625 0.012963
0 0.215625 0.404167 0.015104 0.013889
0 0.249089 0.381250 0.016406 0.013426
0 0.265365 0.419444 0.014583 0.012037
0 0.362500 0.415972 0.018750 0.015278
0 0.393880 0.377315 0.016406 0.016667
0 0.389844 0.356019 0.015625 0.014815
0 0.482943 0.390278 0.012240 0.012037
0 0.507682 0.330787 0.016927 0.014352
0 0.551172 0.361343 0.015885 0.014352
0 0.566406 0.381713 0.012500 0.010648
0 0.628255 0.356713 0.019010 0.018981
0 0.766667 0.334722 0.019271 0.016667
0 0.028906 0.229167 0.006771 0.025000
0 0.070573 0.183565 0.014583 0.021759
0 0.081510 0.166435 0.015104 0.020833
0 0.087891 0.155556 0.014323 0.015741
0 0.091146 0.143750 0.016667 0.018056
0 0.093359 0.132870 0.013802 0.020370
0 0.071224 0.117130 0.012760 0.019444
0 0.071484 0.100000 0.014323 0.022222
0 0.070052 0.087269 0.010937 0.015278
0 0.044271 0.113194 0.007292 0.026389
0 0.031250 0.093519 0.011979 0.014815
0 0.272396 0.047222 0.015625 0.017593
0 0.269661 0.065046 0.015365 0.018056
0 0.308073 0.021528 0.014583 0.019907
0 0.440365 0.100926 0.016667 0.009259
2 0.444661 0.115046 0.015365 0.013426
2 0.460807 0.165509 0.028906 0.019907
2 0.504297 0.187269 0.026302 0.025463
2 0.501823 0.123843 0.019792 0.025463
0 0.130469 0.021528 0.013542 0.028241
0 0.114062 0.009028 0.016146 0.017130
0 0.313542 0.073843 0.015625 0.018056
