2 0.920312 0.488194 0.024479 0.017130
2 0.643229 0.512269 0.028646 0.017130
2 0.601042 0.491204 0.053125 0.020370
2 0.572266 0.320370 0.029948 0.013889
2 0.785937 0.327546 0.044792 0.018056
2 0.183073 0.375000 0.033854 0.015741
0 0.139193 0.331250 0.015365 0.011574
2 0.083854 0.387731 0.016667 0.012500
0 0.034245 0.348380 0.014323 0.013426
0 0.080208 0.423843 0.015625 0.011574
0 0.087760 0.488194 0.014583 0.010648
0 0.190885 0.501157 0.015104 0.012500
0 0.191927 0.467824 0.018229 0.010648
0 0.206901 0.447685 0.014323 0.012037
0 0.239974 0.468056 0.015885 0.012963
0 0.319661 0.512269 0.014323 0.009722
2 0.326693 0.491667 0.016406 0.012963
0 0.362500 0.456944 0.014583 0.012037
0 0.405859 0.450463 0.015365 0.013889
0 0.461068 0.457176 0.013802 0.011574
0 0.496745 0.471759 0.014323 0.011111
0 0.687500 0.448148 0.015625 0.013889
0 0.744271 0.499306 0.015625 0.014352
0 0.762240 0.420139 0.015104 0.011574
0 0.846875 0.494907 0.015104 0.013889
2 0.857031 0.453241 0.017188 0.012037
2 0.892448 0.429398 0.016667 0.011574
0 0.913932 0.406944 0.016927 0.013889
0 0.966276 0.365509 0.019010 0.011574
0 0.923828 0.357407 0.013281 0.012037
2 0.926953 0.309259 0.020052 0.013889
2 0.870182 0.354398 0.017969 0.013426
0 0.853906 0.377778 0.016667 0.012037
0 0.781250 0.299537 0.014583 0.012963
0 0.712240 0.313889 0.012500 0.011111
0 0.737240 0.366898 0.015104 0.014352
2 0.679688 0.371759 0.017708 0.012963
0 0.634635 0.317361 0.014583 0.013426
0 0.602083 0.393981 0.015625 0.013889
0 0.516146 0.358796 0.011458 0.010185
0 0.512370 0.379398 0.012240 0.010648
0 0.433203 0.399537 0.015365 0.013889
2 0.415104 0.377778 0.017188 0.011111
0 0.397135 0.359028 0.015625 0.012500
0 0.409766 0.315046 0.017969 0.013426
0 0.355859 0.378935 0.012760 0.010648
0 0.334635 0.358796 0.015625 0.011111
0 0.309896 0.322685 0.014583 0.012037
0 0.167708 0.392593 0.011979 0.011111
0 0.021094 0.188194 0.007812 0.024537
0 0.064323 0.144907 0.012500 0.019444
0 0.076042 0.129167 0.014583 0.018519
0 0.083464 0.117593 0.013802 0.014815
0 0.088932 0.094676 0.014323 0.018981
0 0.091536 0.083102 0.010156 0.016204
0 0.067187 0.078009 0.015104 0.017130
0 0.067969 0.060417 0.015104 0.018056
0 0.066146 0.048380 0.013021 0.012500
0 0.039323 0.072917 0.006771 0.027315
0 0.270573 0.022454 0.015625 0.018981
0 0.268099 0.040741 0.013802 0.015741
0 0.311198 0.053009 0.015104 0.015278
0 0.438802 0.088889 0.014583 0.009259
2 0.500521 0.115046 0.021875 0.023611
2 0.457031 0.154861 0.027083 0.015278
2 0.500651 0.179630 0.027344 0.024074
0 0.066667 0.032407 0.011458 0.016667
0 0.026302 0.051157 0.014063 0.011574
