2 0.481771 0.337037 0.037500 0.019444
2 0.221875 0.333565 0.041146 0.015278
2 0.046615 0.306713 0.030208 0.016204
0 0.477214 0.361111 0.013802 0.012037
0 0.457031 0.378935 0.014583 0.010648
2 0.442578 0.318056 0.014323 0.011111
0 0.115495 0.307176 0.011719 0.009722
2 0.111198 0.369907 0.015104 0.014815
0 0.056641 0.459259 0.014844 0.011111
0 0.066536 0.483565 0.015365 0.014352
0 0.142708 0.425000 0.011979 0.009259
0 0.191276 0.476852 0.014844 0.015741
0 0.223307 0.503935 0.016927 0.013426
0 0.322135 0.470139 0.015625 0.012500
0 0.364844 0.505556 0.014063 0.012037
0 0.360417 0.431944 0.015625 0.010185
0 0.440755 0.454861 0.015365 0.011574
0 0.437630 0.494676 0.013281 0.011574
0 0.418750 0.513194 0.016667 0.009722
2 0.473177 0.475926 0.016667 0.012963
0 0.504557 0.453009 0.016406 0.008796
2 0.513281 0.487269 0.010937 0.010648
0 0.657292 0.509028 0.015625 0.013426
0 0.680078 0.488889 0.016406 0.012963
0 0.702344 0.469676 0.016667 0.012500
0 0.710938 0.425694 0.015104 0.014352
0 0.858854 0.495833 0.015104 0.012037
0 0.909375 0.499074 0.014583 0.014815
0 0.945833 0.446991 0.016667 0.013426
0 0.973177 0.403704 0.015104 0.012037
0 0.949219 0.351620 0.017188 0.015278
0 0.950521 0.260648 0.017708 0.019444
0 0.803906 0.324537 0.016146 0.010185
2 0.884375 0.286111 0.014063 0.012037
0 0.918620 0.316435 0.017448 0.011574
0 0.835286 0.362963 0.016406 0.012963
0 0.869531 0.377778 0.014063 0.011111
0 0.738542 0.331019 0.016146 0.012963
0 0.702083 0.375231 0.015625 0.014352
0 0.641536 0.357407 0.013802 0.012037
0 0.626302 0.332639 0.015104 0.012500
0 0.520312 0.396759 0.010937 0.010185
0 0.435677 0.398611 0.014063 0.012037
0 0.325260 0.397454 0.016667 0.013426
2 0.298568 0.377546 0.015365 0.014352
0 0.312240 0.334722 0.013542 0.012037
0 0.252344 0.395370 0.011979 0.011111
0 0.195312 0.358333 0.013021 0.009259
0 0.175260 0.373611 0.015104 0.011111
0 0.164323 0.391667 0.015104 0.012963
0 0.023958 0.188194 0.007292 0.023611
0 0.067187 0.143056 0.013542 0.020370
0 0.079687 0.128009 0.017188 0.018981
0 0.085677 0.114815 0.016146 0.014815
0 0.091667 0.093750 0.013542 0.013426
0 0.094010 0.081944 0.010937 0.012037
0 0.069922 0.078009 0.013281 0.018056
0 0.069792 0.060648 0.014583 0.019444
0 0.069401 0.047222 0.011198 0.015741
0 0.069661 0.032870 0.012240 0.017593
0 0.042448 0.071759 0.007812 0.025926
0 0.029427 0.050694 0.013021 0.013426
0 0.273047 0.022917 0.014844 0.018981
0 0.270443 0.038889 0.015885 0.017593
0 0.441146 0.089583 0.015625 0.009722
0 0.444661 0.103472 0.016406 0.013426
0 0.459766 0.156250 0.028385 0.015278
0 0.502865 0.117593 0.021354 0.022222
0 0.502214 0.181019 0.026823 0.023148
