2 0.171745 0.333796 0.039844 0.017593
2 0.032422 0.366667 0.015885 0.009259
2 0.053255 0.421528 0.020573 0.010648
0 0.060286 0.478704 0.017448 0.011111
0 0.089323 0.445370 0.015625 0.012037
0 0.113542 0.349074 0.014583 0.011111
0 0.120052 0.389352 0.013542 0.009259
0 0.155078 0.372222 0.013802 0.011111
0 0.212630 0.393981 0.011198 0.010185
0 0.200521 0.428472 0.015625 0.011574
0 0.117969 0.465278 0.013542 0.012037
0 0.211849 0.486574 0.015365 0.012963
0 0.321224 0.494213 0.015365 0.013426
0 0.334896 0.471991 0.015104 0.013426
0 0.343750 0.450463 0.014583 0.012037
0 0.341667 0.359259 0.014583 0.012963
0 0.352734 0.316898 0.016406 0.014352
0 0.363411 0.380093 0.015365 0.011111
0 0.445182 0.341435 0.014844 0.013426
0 0.504818 0.380556 0.014844 0.012963
0 0.518359 0.339120 0.015365 0.011574
0 0.531510 0.398843 0.013021 0.010648
0 0.630469 0.375000 0.016667 0.012037
0 0.655078 0.337731 0.015365 0.010648
2 0.656380 0.316204 0.012240 0.012963
0 0.710026 0.327315 0.016406 0.013889
0 0.712370 0.352315 0.015885 0.012963
0 0.751953 0.389120 0.016927 0.012500
0 0.751693 0.308333 0.012240 0.012037
0 0.789714 0.321528 0.015365 0.013426
0 0.848437 0.383102 0.017188 0.011574
0 0.896745 0.280556 0.012240 0.012037
2 0.950000 0.309954 0.018750 0.012500
0 0.979036 0.329398 0.014323 0.012500
0 0.961458 0.448148 0.016667 0.012037
0 0.938542 0.489815 0.015625 0.013889
0 0.841016 0.439120 0.016406 0.011574
0 0.973958 0.367593 0.019792 0.012963
2 0.824219 0.475231 0.011458 0.012500
0 0.436198 0.492824 0.014583 0.012500
0 0.465495 0.437500 0.011719 0.010185
0 0.513802 0.515741 0.015625 0.012037
0 0.583464 0.508102 0.014844 0.011574
0 0.639583 0.452546 0.016667 0.012500
0 0.662760 0.511574 0.014583 0.012037
2 0.683594 0.476389 0.016667 0.012037
0 0.679167 0.428704 0.017188 0.012037
0 0.712891 0.510880 0.015365 0.013426
0 0.743359 0.485648 0.014323 0.011111
0 0.774870 0.446296 0.016927 0.011111
0 0.024870 0.186806 0.007031 0.023611
0 0.067708 0.143519 0.014063 0.019444
0 0.079818 0.128704 0.014323 0.018519
0 0.086328 0.117824 0.015885 0.014352
0 0.092318 0.096296 0.013281 0.018519
0 0.094792 0.081481 0.009896 0.011111
0 0.070052 0.078009 0.012500 0.018056
0 0.070443 0.060185 0.013281 0.019444
0 0.069922 0.047685 0.010677 0.014815
0 0.071875 0.032407 0.010937 0.013889
0 0.042969 0.071065 0.007292 0.027315
0 0.029948 0.050694 0.013542 0.016204
0 0.272917 0.023148 0.016146 0.016667
0 0.271094 0.039815 0.015104 0.018519
0 0.314453 0.055324 0.015885 0.015278
0 0.441276 0.090741 0.014323 0.010185
2 0.446224 0.103241 0.015365 0.010185
2 0.458984 0.155556 0.028906 0.012963
2 0.501953 0.118056 0.019010 0.019444
2 0.502214 0.181250 0.024740 0.022685
0 0.004427 0.321991 0.008333 0.012500
0 0.004687 0.382176 0.008854 0.012500
2 0.179427 0.311343 0.018750 0.017130
