0 0.016927 0.324769 0.015104 0.011574
0 0.023307 0.361806 0.016406 0.013426
0 0.035937 0.438657 0.016667 0.010648
2 0.111198 0.421991 0.016667 0.013426
0 0.112109 0.440278 0.016927 0.012963
0 0.092188 0.347917 0.015625 0.012500
0 0.123307 0.386343 0.015885 0.012500
0 0.171224 0.464120 0.016406 0.013426
0 0.214974 0.503472 0.015885 0.011574
0 0.192578 0.315509 0.011719 0.010648
2 0.200260 0.350694 0.009375 0.012500
0 0.202214 0.423380 0.015885 0.010648
0 0.255599 0.394444 0.015885 0.011111
0 0.280859 0.313426 0.014844 0.011111
0 0.345573 0.359259 0.013542 0.013889
0 0.351823 0.335185 0.010937 0.012037
0 0.406641 0.399074 0.016406 0.010185
2 0.472266 0.334491 0.016406 0.012500
0 0.391016 0.489352 0.015365 0.013889
0 0.321224 0.468056 0.014323 0.012963
0 0.308333 0.487731 0.015625 0.013426
0 0.302474 0.510417 0.017448 0.013426
0 0.492318 0.399074 0.014323 0.012963
0 0.503385 0.453009 0.014583 0.013426
0 0.550911 0.492361 0.015885 0.011574
0 0.583073 0.517593 0.014583 0.012037
0 0.591016 0.434028 0.015885 0.013426
0 0.658464 0.452083 0.015885 0.011574
0 0.688281 0.433333 0.014063 0.012037
0 0.698568 0.489815 0.017448 0.013889
0 0.725000 0.467824 0.013542 0.014352
2 0.772396 0.425694 0.016667 0.011574
0 0.851172 0.483102 0.016406 0.012500
0 0.912760 0.454861 0.017188 0.013426
0 0.951953 0.473843 0.015885 0.013426
0 0.979688 0.427315 0.015625 0.012963
0 0.927083 0.415278 0.015104 0.012963
0 0.987630 0.311574 0.019010 0.015741
0 0.884896 0.341204 0.014063 0.013889
0 0.798177 0.347222 0.018229 0.013889
0 0.810286 0.325694 0.016927 0.010648
0 0.817578 0.366204 0.013802 0.010185
0 0.777734 0.387037 0.015885 0.013889
0 0.723698 0.371759 0.014583 0.014815
0 0.572786 0.342593 0.014844 0.012963
0 0.566927 0.378704 0.015104 0.012963
2 0.208984 0.374537 0.015365 0.012963
0 0.445312 0.472222 0.011979 0.011111
2 0.504036 0.180093 0.025781 0.024074
2 0.459766 0.155556 0.029948 0.015741
2 0.501953 0.118287 0.017448 0.018981
2 0.446354 0.102315 0.016667 0.011111
2 0.364063 0.027315 0.019792 0.019444
0 0.441536 0.090046 0.015885 0.007870
0 0.311068 0.004398 0.014844 0.007870
0 0.273828 0.021065 0.016927 0.018056
0 0.270052 0.039120 0.014583 0.018056
0 0.066536 0.141898 0.015365 0.019907
0 0.024089 0.184491 0.007552 0.025463
0 0.079687 0.125926 0.016146 0.018519
0 0.085938 0.113426 0.014583 0.013889
0 0.091536 0.092593 0.013281 0.018519
0 0.093880 0.076620 0.011198 0.017130
0 0.069401 0.074306 0.011719 0.019907
0 0.070182 0.056944 0.012760 0.018519
0 0.069792 0.044676 0.009896 0.016204
0 0.070833 0.028704 0.010937 0.016667
0 0.042448 0.069444 0.006771 0.026852
0 0.029297 0.049074 0.012760 0.013889
