2 0.249740 0.506019 0.054167 0.015741
2 0.540885 0.315741 0.026042 0.014815
0 0.922526 0.344213 0.014844 0.013426
0 0.783984 0.348611 0.016406 0.013889
0 0.816927 0.369907 0.016667 0.013889
0 0.938932 0.379861 0.017448 0.015278
0 0.954427 0.415509 0.016146 0.017130
0 0.969271 0.498148 0.019271 0.012037
0 0.901563 0.459722 0.016146 0.011111
2 0.893359 0.440046 0.018490 0.015278
0 0.843490 0.504630 0.016667 0.012963
0 0.739844 0.429167 0.015625 0.013889
0 0.689453 0.396991 0.014844 0.012500
0 0.710156 0.356481 0.010937 0.010185
0 0.679036 0.314352 0.012760 0.014815
0 0.617448 0.380787 0.014583 0.014352
0 0.607292 0.360417 0.015104 0.012500
0 0.591146 0.338426 0.015104 0.011111
0 0.599870 0.396759 0.014323 0.011111
0 0.652344 0.454167 0.013021 0.013889
0 0.653646 0.498611 0.015625 0.013889
2 0.561328 0.454630 0.016406 0.013889
0 0.547526 0.431019 0.015365 0.011111
0 0.546745 0.490741 0.012760 0.009259
0 0.509766 0.512037 0.013802 0.011111
2 0.476042 0.453241 0.016146 0.009259
0 0.451693 0.472685 0.015365 0.012037
0 0.432292 0.511343 0.015104 0.012500
0 0.398047 0.450926 0.014844 0.011111
0 0.361458 0.488889 0.015625 0.012037
0 0.319271 0.486574 0.015625 0.013889
0 0.316406 0.439120 0.011458 0.011574
0 0.264193 0.424769 0.016406 0.010648
0 0.214714 0.463426 0.017448 0.011111
0 0.187760 0.498380 0.017188 0.010648
0 0.088021 0.476157 0.018229 0.010648
0 0.140234 0.419213 0.013281 0.009722
0 0.072005 0.454167 0.017448 0.012963
0 0.059766 0.414120 0.019010 0.015278
0 0.008333 0.439120 0.015625 0.010648
0 0.016927 0.317130 0.016146 0.014815
0 0.092448 0.380324 0.013542 0.011574
0 0.184375 0.369676 0.014063 0.012500
0 0.204557 0.328935 0.014323 0.013426
0 0.228385 0.354630 0.016146 0.011111
0 0.244792 0.374769 0.013542 0.012500
0 0.347266 0.357176 0.013281 0.012500
2 0.380990 0.337500 0.015625 0.012037
0 0.508333 0.398611 0.013542 0.010185
0 0.514453 0.380324 0.014323 0.010648
0 0.028385 0.180556 0.008333 0.025926
0 0.071354 0.137731 0.015625 0.021759
0 0.083594 0.122454 0.015625 0.018981
0 0.090234 0.112500 0.015365 0.017593
0 0.096745 0.089583 0.013281 0.015278
0 0.098177 0.075231 0.011458 0.014352
0 0.073698 0.072685 0.012500 0.020370
0 0.074870 0.052546 0.012760 0.018056
0 0.073698 0.041667 0.010417 0.014815
0 0.076302 0.025231 0.008854 0.012500
0 0.047526 0.065046 0.007031 0.027315
0 0.033984 0.045139 0.013802 0.015278
0 0.277604 0.019213 0.014583 0.017130
0 0.274870 0.036343 0.013802 0.016204
0 0.444141 0.089815 0.015365 0.009259
2 0.448958 0.103472 0.016667 0.011574
2 0.462630 0.156713 0.030469 0.021759
2 0.504557 0.117824 0.021094 0.020833
2 0.505339 0.180787 0.025781 0.023611
0 0.995052 0.469676 0.009896 0.010648
