0 0.054297 0.405324 0.016406 0.014352
2 0.025781 0.518056 0.031250 0.022222
0 0.036458 0.539815 0.020313 0.012037
0 0.088021 0.514815 0.016146 0.015741
0 0.105469 0.460417 0.014063 0.012500
0 0.073698 0.425463 0.016146 0.011111
0 0.089193 0.368750 0.017969 0.016204
0 0.251042 0.405556 0.014583 0.013889
0 0.257292 0.381250 0.016667 0.015278
0 0.210417 0.456019 0.016146 0.013889
0 0.193359 0.514120 0.014844 0.008796
0 0.214453 0.535648 0.015885 0.012037
0 0.272135 0.478472 0.014583 0.012500
0 0.302083 0.509028 0.016667 0.015278
2 0.242188 0.508565 0.022396 0.015278
0 0.323698 0.399306 0.013021 0.012500
0 0.289062 0.344444 0.021875 0.019444
0 0.358203 0.375926 0.017969 0.015741
0 0.418490 0.466667 0.015625 0.012963
0 0.411328 0.503009 0.014844 0.013426
0 0.497396 0.441667 0.017188 0.012963
0 0.472266 0.406481 0.016927 0.012037
0 0.511589 0.366435 0.015885 0.013426
2 0.554557 0.380787 0.022656 0.016204
0 0.586068 0.321991 0.019010 0.016204
2 0.627995 0.331713 0.016406 0.014352
0 0.656901 0.347454 0.016927 0.016204
0 0.669271 0.387731 0.018229 0.014352
0 0.633464 0.465972 0.016927 0.015278
2 0.575260 0.451389 0.017708 0.015741
0 0.602083 0.509491 0.016667 0.013426
0 0.730339 0.500926 0.018490 0.017593
0 0.786458 0.471759 0.015104 0.012037
2 0.733854 0.433565 0.009375 0.011574
0 0.750260 0.412731 0.016667 0.014352
0 0.753255 0.353241 0.012240 0.012037
2 0.747656 0.312269 0.021875 0.017130
0 0.726953 0.337500 0.013281 0.012037
0 0.867318 0.358333 0.014323 0.013889
0 0.892057 0.334722 0.016927 0.014815
0 0.956510 0.343981 0.018229 0.015741
0 0.987109 0.295833 0.016406 0.016667
2 0.976302 0.434954 0.019792 0.016204
0 0.974219 0.461806 0.018750 0.018056
1 0.930078 0.424537 0.041927 0.025926
0 0.930599 0.246991 0.017448 0.019907
0 0.032422 0.231481 0.008594 0.025000
0 0.073568 0.184954 0.014844 0.019907
0 0.086198 0.168750 0.016667 0.018981
0 0.091016 0.156019 0.014323 0.014815
0 0.094141 0.144907 0.014844 0.015741
0 0.096224 0.138426 0.012240 0.016667
0 0.098047 0.120602 0.012240 0.016204
0 0.074089 0.118981 0.013802 0.018519
0 0.075521 0.101389 0.014583 0.019444
0 0.073568 0.089583 0.012240 0.014352
0 0.073568 0.075463 0.013281 0.020370
0 0.047786 0.115741 0.007552 0.027778
0 0.035026 0.095833 0.015885 0.014815
0 0.274349 0.047454 0.015885 0.018056
0 0.271875 0.066435 0.015104 0.017130
0 0.310026 0.023148 0.013802 0.021296
0 0.442578 0.101389 0.016927 0.010185
2 0.446875 0.112269 0.015625 0.011574
2 0.463021 0.163657 0.028646 0.016204
2 0.506120 0.186343 0.025260 0.022685
0 0.133073 0.023380 0.010937 0.028241
0 0.116797 0.011343 0.015885 0.020833
0 0.315885 0.076157 0.017708 0.018981
