0 0.042448 0.460880 0.017188 0.012500
2 0.021354 0.477546 0.023438 0.013426
2 0.394661 0.396296 0.028906 0.016667
2 0.602474 0.375926 0.053385 0.019444
0 0.048177 0.307407 0.013021 0.011111
2 0.011328 0.363657 0.015885 0.013426
0 0.087109 0.335417 0.016406 0.015278
0 0.120443 0.308333 0.014844 0.012037
0 0.152995 0.351620 0.014323 0.012500
0 0.152344 0.372222 0.011979 0.011111
0 0.179688 0.334491 0.016667 0.015278
0 0.207292 0.376852 0.015104 0.011111
0 0.204036 0.395370 0.014844 0.011111
0 0.239453 0.337500 0.014323 0.012037
0 0.258984 0.315972 0.015365 0.010648
0 0.257292 0.356944 0.014583 0.012963
0 0.281510 0.377315 0.014583 0.013889
0 0.314714 0.356019 0.015365 0.012037
0 0.358333 0.318519 0.013542 0.012037
0 0.373437 0.358796 0.015104 0.012037
2 0.409505 0.338194 0.016406 0.014352
0 0.431901 0.319907 0.015365 0.011111
0 0.470964 0.343981 0.013281 0.012963
2 0.527214 0.335880 0.016927 0.013426
0 0.528125 0.316667 0.017188 0.016667
0 0.552995 0.357639 0.014323 0.011574
0 0.592318 0.327315 0.014323 0.014815
0 0.649740 0.311343 0.016667 0.016204
2 0.692708 0.329167 0.015625 0.011111
0 0.773698 0.301157 0.016146 0.013426
0 0.754036 0.384954 0.016927 0.014352
2 0.884245 0.314583 0.018490 0.014352
2 0.908854 0.351157 0.020313 0.015278
0 0.889323 0.375926 0.016146 0.015741
0 0.952474 0.307870 0.016927 0.013889
0 0.965755 0.326852 0.015885 0.010185
0 0.974089 0.364583 0.017969 0.015278
0 0.961849 0.421528 0.014844 0.014352
0 0.960417 0.442130 0.017708 0.013889
0 0.972786 0.461343 0.016406 0.014352
2 0.973698 0.484028 0.016667 0.013426
2 0.841016 0.434954 0.019531 0.015278
0 0.748047 0.498611 0.012240 0.010185
0 0.630208 0.509954 0.017188 0.013426
0 0.624479 0.451157 0.016146 0.014352
0 0.565625 0.512500 0.018750 0.013889
2 0.531771 0.459954 0.015104 0.012500
0 0.451432 0.433102 0.015365 0.013426
2 0.354036 0.453009 0.020052 0.011574
0 0.303125 0.485417 0.013542 0.011574
0 0.266536 0.449537 0.015885 0.013889
0 0.249609 0.506481 0.016406 0.015741
0 0.156250 0.482639 0.016146 0.013426
0 0.119010 0.499537 0.017708 0.012037
2 0.051432 0.442130 0.015885 0.010185
0 0.022656 0.186806 0.007812 0.024537
0 0.065625 0.142130 0.013542 0.018519
0 0.076823 0.125926 0.016667 0.018519
0 0.084245 0.114352 0.016406 0.012037
0 0.089453 0.093056 0.014323 0.017593
0 0.093099 0.079398 0.010677 0.016204
0 0.068750 0.076620 0.010937 0.016204
0 0.069401 0.057407 0.014323 0.016667
0 0.068620 0.045370 0.009635 0.015741
0 0.068229 0.032176 0.010417 0.016204
0 0.041406 0.070370 0.007292 0.025926
0 0.028255 0.050694 0.014844 0.015278
0 0.272396 0.019907 0.014583 0.017593
0 0.269010 0.038194 0.015625 0.015278
0 0.313411 0.052778 0.016927 0.015741
0 0.441406 0.088657 0.015104 0.009722
2 0.445182 0.101389 0.015365 0.011111
2 0.459115 0.152546 0.028646 0.015278
2 0.501563 0.116435 0.018229 0.020833
2 0.502865 0.179398 0.025521 0.023611
