2 0.041406 0.365972 0.052083 0.017130
2 0.554948 0.493981 0.022917 0.015741
0 0.058464 0.386343 0.016406 0.014352
0 0.010547 0.453472 0.016406 0.011574
0 0.085938 0.422454 0.016146 0.010648
0 0.085807 0.459954 0.017969 0.013426
0 0.117708 0.486111 0.014583 0.012963
0 0.124609 0.445139 0.014844 0.011574
2 0.107161 0.328241 0.014323 0.012963
0 0.131510 0.313889 0.015104 0.013889
0 0.138021 0.353009 0.013542 0.012500
2 0.139583 0.372222 0.015104 0.011111
0 0.187109 0.315046 0.016406 0.011574
0 0.216406 0.394213 0.015104 0.013426
0 0.228646 0.487731 0.015625 0.012500
0 0.263021 0.468519 0.013021 0.012963
0 0.305859 0.510417 0.014323 0.012500
0 0.310677 0.490741 0.015625 0.011111
0 0.293490 0.395370 0.014063 0.012963
0 0.303516 0.316204 0.015365 0.011111
2 0.434245 0.323148 0.017448 0.012963
0 0.447786 0.360648 0.015885 0.013889
0 0.467318 0.402315 0.015885 0.011111
0 0.455078 0.434722 0.017969 0.013889
0 0.456510 0.456250 0.016146 0.010648
2 0.381380 0.492130 0.019010 0.012037
2 0.497526 0.494213 0.016927 0.013426
2 0.568490 0.472917 0.010937 0.012500
2 0.614062 0.456250 0.017188 0.013426
0 0.650651 0.486806 0.015885 0.009722
0 0.658464 0.515741 0.017969 0.012037
0 0.517448 0.361343 0.016146 0.012500
0 0.504818 0.339583 0.015365 0.012500
0 0.589323 0.360417 0.015104 0.012500
0 0.558464 0.402083 0.014844 0.010648
0 0.627604 0.360648 0.014583 0.012037
0 0.615365 0.339352 0.014583 0.012963
2 0.620573 0.318287 0.010937 0.009722
0 0.648958 0.313426 0.011979 0.010185
0 0.664974 0.329630 0.016927 0.012037
0 0.692187 0.376157 0.018229 0.012500
0 0.698698 0.356481 0.014583 0.012037
0 0.707812 0.320139 0.010937 0.009722
0 0.698177 0.397454 0.015625 0.011574
0 0.776432 0.368519 0.015365 0.012037
0 0.794141 0.347454 0.016406 0.011574
2 0.864323 0.343287 0.016667 0.011574
0 0.917057 0.372917 0.017969 0.013426
0 0.930339 0.339352 0.016406 0.013889
0 0.910156 0.474074 0.016146 0.013889
2 0.857161 0.437500 0.015885 0.012963
0 0.845703 0.503704 0.015885 0.012963
0 0.759505 0.466435 0.016406 0.011574
0 0.749870 0.515046 0.016406 0.010648
0 0.027344 0.323380 0.016667 0.008796
0 0.022135 0.185185 0.007292 0.024074
0 0.064714 0.142130 0.014323 0.017593
0 0.077604 0.125926 0.016146 0.017593
0 0.085286 0.116435 0.014844 0.014352
0 0.089714 0.092361 0.013281 0.015278
0 0.092448 0.079398 0.012500 0.015278
0 0.068620 0.076852 0.013281 0.017593
0 0.069141 0.057870 0.012760 0.016667
0 0.068359 0.046065 0.010677 0.012500
0 0.070443 0.030324 0.010156 0.014352
0 0.041016 0.068519 0.008073 0.024074
0 0.028906 0.047222 0.015104 0.014815
0 0.273307 0.021759 0.014844 0.018519
0 0.270443 0.040972 0.014323 0.013426
0 0.312370 0.052083 0.017448 0.016204
0 0.441146 0.090509 0.014583 0.008796
2 0.445833 0.104167 0.015104 0.011111
2 0.458594 0.156713 0.027604 0.015278
2 0.502734 0.118750 0.020573 0.021759
2 0.502474 0.181019 0.024219 0.021296
0 0.498958 0.380093 0.015625 0.011111
