2 0.060286 0.412269 0.025260 0.017130
2 0.485156 0.522917 0.028125 0.018056
2 0.760156 0.355556 0.060937 0.027778
2 0.832812 0.460417 0.023438 0.023611
2 0.631120 0.317593 0.028385 0.020370
0 0.984245 0.429167 0.018490 0.016667
0 0.925651 0.383565 0.016927 0.015278
0 0.982682 0.337731 0.017969 0.016204
0 0.715495 0.437037 0.015885 0.014815
2 0.728255 0.382407 0.017969 0.016667
0 0.784115 0.287731 0.014583 0.014352
0 0.735286 0.308796 0.016406 0.012963
0 0.873958 0.315278 0.019271 0.019444
0 0.885807 0.334028 0.016927 0.015278
0 0.948438 0.296528 0.017188 0.015278
0 0.899870 0.452778 0.016927 0.019444
0 0.792318 0.405787 0.012760 0.013426
0 0.790885 0.490972 0.014063 0.012500
0 0.664453 0.483565 0.014844 0.016204
0 0.661068 0.507639 0.015885 0.013426
0 0.564583 0.521759 0.017188 0.015741
0 0.463932 0.482870 0.016406 0.015741
0 0.403516 0.508333 0.016406 0.016667
0 0.351693 0.531481 0.016927 0.015741
0 0.311198 0.491435 0.016667 0.012500
0 0.283073 0.514583 0.016146 0.015278
0 0.255078 0.496528 0.016406 0.015278
0 0.206901 0.477778 0.013802 0.012037
0 0.105208 0.540278 0.015104 0.014815
0 0.088802 0.518519 0.015625 0.010185
0 0.080599 0.484491 0.016927 0.013426
0 0.035677 0.430787 0.017188 0.011574
0 0.061328 0.375463 0.016406 0.014815
0 0.122266 0.352083 0.015885 0.015278
0 0.136068 0.388889 0.012760 0.012037
2 0.179427 0.408796 0.013542 0.011111
0 0.200000 0.427315 0.013542 0.012037
2 0.226172 0.343056 0.014844 0.013889
0 0.277214 0.423380 0.016406 0.013426
0 0.327344 0.400926 0.015104 0.012963
0 0.414583 0.376852 0.012500 0.013889
2 0.454297 0.396065 0.019531 0.017130
0 0.566016 0.399537 0.016406 0.018519
0 0.473828 0.350926 0.014844 0.012037
0 0.461979 0.373843 0.014063 0.012500
0 0.887240 0.357176 0.017708 0.017130
0 0.630859 0.356250 0.017969 0.018056
0 0.030729 0.236343 0.007292 0.023611
0 0.072526 0.189352 0.013802 0.018519
0 0.083984 0.173148 0.015365 0.019444
0 0.097005 0.125000 0.012240 0.015741
0 0.088932 0.160648 0.013281 0.013889
0 0.091146 0.150463 0.014583 0.017593
0 0.094792 0.139120 0.013021 0.014352
0 0.072656 0.124074 0.014063 0.019444
0 0.072917 0.107176 0.012500 0.019907
0 0.072396 0.094676 0.009896 0.015278
0 0.073047 0.078704 0.014323 0.012963
0 0.046224 0.119676 0.008594 0.030093
0 0.032943 0.100926 0.013281 0.018519
0 0.308594 0.026389 0.014063 0.019444
0 0.273047 0.051389 0.015365 0.016667
0 0.270052 0.069213 0.015625 0.016204
0 0.313411 0.080556 0.014844 0.015741
0 0.440885 0.103241 0.016146 0.009259
2 0.445964 0.117593 0.018490 0.012963
2 0.461068 0.166435 0.028906 0.018056
2 0.502604 0.125463 0.020833 0.022222
2 0.504167 0.188889 0.025521 0.022222
0 0.131510 0.027778 0.012500 0.028704
0 0.115885 0.015509 0.015625 0.018981
