2 0.501953 0.500000 0.020052 0.015741
2 0.417969 0.382639 0.027604 0.018981
2 0.315365 0.309722 0.028646 0.017593
2 0.159766 0.367824 0.025260 0.020833
2 0.816016 0.381481 0.033594 0.016667
2 0.897786 0.333796 0.054948 0.020370
0 0.045182 0.336806 0.015365 0.012500
0 0.044922 0.356019 0.014323 0.011111
0 0.066016 0.376852 0.014323 0.012037
2 0.123438 0.496296 0.016146 0.011111
0 0.154818 0.458333 0.016927 0.012037
0 0.160026 0.345602 0.016927 0.011574
0 0.185026 0.331944 0.012240 0.012037
2 0.197786 0.389120 0.015885 0.011574
0 0.222786 0.351620 0.017448 0.012500
2 0.296224 0.376389 0.015885 0.017593
2 0.291276 0.393750 0.016927 0.011574
0 0.335938 0.397222 0.014583 0.014815
2 0.350911 0.379630 0.016406 0.012963
2 0.419531 0.341898 0.016146 0.012500
0 0.437109 0.361111 0.013281 0.012037
0 0.404818 0.402315 0.013802 0.011111
0 0.477474 0.387500 0.013802 0.012963
0 0.488542 0.322222 0.014583 0.013889
0 0.493099 0.407176 0.016406 0.009722
0 0.574089 0.332639 0.016927 0.011574
0 0.583073 0.406019 0.016667 0.009259
0 0.601432 0.387731 0.015885 0.010648
2 0.633203 0.407639 0.017969 0.009722
0 0.651172 0.328241 0.014844 0.012037
0 0.671224 0.366435 0.015365 0.011574
0 0.704167 0.368519 0.015625 0.011111
0 0.718359 0.344444 0.013802 0.010185
0 0.740234 0.383796 0.015885 0.013889
0 0.749609 0.405556 0.013802 0.012037
0 0.769531 0.363194 0.015104 0.011574
0 0.836328 0.356713 0.014323 0.009722
0 0.918099 0.376852 0.016406 0.012037
0 0.959505 0.336111 0.019531 0.014815
0 0.896094 0.453472 0.018750 0.015278
0 0.907031 0.515278 0.017188 0.016667
0 0.846094 0.434028 0.018750 0.012500
0 0.771224 0.477315 0.013802 0.009259
0 0.768229 0.498611 0.016146 0.012963
0 0.713672 0.479398 0.014323 0.011574
2 0.689453 0.514120 0.015885 0.011574
2 0.652474 0.458333 0.019531 0.016667
2 0.585286 0.480093 0.016927 0.012037
0 0.478255 0.476852 0.015365 0.013889
0 0.418490 0.496528 0.016667 0.015278
0 0.338281 0.470139 0.015625 0.013426
0 0.330078 0.489583 0.016406 0.013426
0 0.266016 0.468056 0.015885 0.012037
0 0.273698 0.502315 0.015625 0.012963
0 0.202995 0.441435 0.014323 0.013426
0 0.205990 0.460880 0.015625 0.013426
0 0.046875 0.060185 0.007812 0.025000
0 0.033073 0.039352 0.013021 0.014815
0 0.074870 0.024769 0.011719 0.016204
0 0.074219 0.037731 0.010417 0.014352
0 0.074349 0.051157 0.011719 0.017130
0 0.073177 0.068519 0.013021 0.016667
0 0.082943 0.118981 0.014844 0.018519
0 0.088932 0.106944 0.014844 0.013889
0 0.094922 0.084722 0.013281 0.016667
0 0.097526 0.073148 0.010677 0.012963
0 0.070443 0.134259 0.013802 0.018519
0 0.026693 0.175926 0.008073 0.025000
0 0.277604 0.021296 0.015104 0.018519
0 0.274609 0.039583 0.014844 0.018056
0 0.316927 0.053241 0.016667 0.016667
0 0.444010 0.094444 0.015104 0.009259
2 0.447786 0.107176 0.014323 0.009722
2 0.462109 0.160880 0.028906 0.016204
2 0.505599 0.123380 0.020573 0.020833
2 0.503906 0.187037 0.023438 0.023148
0 0.004948 0.482870 0.009375 0.011111
0 0.994141 0.466435 0.011719 0.010648
0 0.992188 0.349306 0.015625 0.013426
