1 0.150911 0.465509 0.025260 0.012500
2 0.325781 0.361574 0.023958 0.016667
2 0.018229 0.476620 0.030208 0.016204
0 0.021224 0.441667 0.016927 0.009259
0 0.044141 0.423380 0.017969 0.013426
0 0.061458 0.463194 0.016667 0.011574
0 0.115755 0.444907 0.014844 0.011111
0 0.126042 0.503241 0.014583 0.012037
0 0.072786 0.388194 0.014844 0.012500
0 0.051432 0.370139 0.013281 0.011574
2 0.113021 0.351852 0.016146 0.014815
0 0.142708 0.333796 0.011979 0.011111
2 0.160026 0.312500 0.015365 0.011111
0 0.181641 0.353935 0.015365 0.013426
0 0.216016 0.431019 0.014844 0.010185
2 0.282292 0.452778 0.018229 0.012963
0 0.300521 0.433565 0.015625 0.011574
0 0.297266 0.485417 0.011719 0.011574
0 0.348047 0.495370 0.014844 0.012963
0 0.358203 0.517361 0.017969 0.015278
0 0.446875 0.496065 0.014063 0.011574
0 0.458203 0.459491 0.015885 0.012500
0 0.539453 0.475926 0.014323 0.012963
0 0.571354 0.497685 0.015104 0.012037
0 0.593359 0.456019 0.017969 0.012037
0 0.654818 0.495139 0.016927 0.013426
0 0.736458 0.474306 0.014063 0.012500
0 0.752995 0.514583 0.015365 0.012500
0 0.846745 0.448148 0.017969 0.013889
0 0.891406 0.506481 0.016667 0.012963
0 0.941406 0.478935 0.016667 0.017130
0 0.990104 0.435880 0.016667 0.013426
0 0.941927 0.382639 0.017188 0.012500
0 0.921224 0.363657 0.014323 0.013426
0 0.906120 0.327315 0.013802 0.011111
0 0.850260 0.370370 0.016146 0.013889
0 0.816406 0.392130 0.016667 0.012037
0 0.804167 0.350694 0.015625 0.010648
0 0.755599 0.336343 0.015365 0.010648
0 0.674609 0.364120 0.016406 0.013426
0 0.650260 0.383796 0.016146 0.014815
0 0.592187 0.404861 0.017188 0.012500
0 0.525781 0.365509 0.017188 0.013426
0 0.499219 0.384028 0.015625 0.013426
0 0.476562 0.403704 0.015625 0.012037
2 0.424089 0.345370 0.016406 0.011111
0 0.414323 0.328241 0.016146 0.009259
0 0.394922 0.363426 0.014844 0.011111
0 0.348307 0.342593 0.015885 0.012037
0 0.365365 0.383333 0.014583 0.011111
2 0.344010 0.401620 0.016667 0.011574
2 0.338932 0.317130 0.016406 0.012963
2 0.285026 0.341667 0.015365 0.012963
0 0.270443 0.397222 0.014844 0.012037
0 0.027214 0.187500 0.007552 0.026852
0 0.070312 0.144907 0.013542 0.019444
0 0.082812 0.129398 0.014583 0.018981
0 0.088802 0.117824 0.015104 0.014352
0 0.094401 0.093287 0.013802 0.018056
0 0.095964 0.081944 0.012760 0.015741
0 0.073177 0.079167 0.015104 0.016667
0 0.073698 0.062037 0.011979 0.020370
0 0.073568 0.047917 0.011198 0.013426
0 0.074089 0.032870 0.011719 0.014815
0 0.046354 0.072222 0.006771 0.024074
0 0.032292 0.052315 0.011458 0.011111
0 0.276823 0.025926 0.014583 0.020370
0 0.273828 0.043981 0.014844 0.017593
0 0.316276 0.059491 0.016406 0.016204
0 0.443750 0.094907 0.015104 0.009259
2 0.447917 0.107639 0.016146 0.011574
2 0.461328 0.160185 0.027344 0.018519
2 0.504297 0.122917 0.020052 0.024537
2 0.505469 0.186343 0.028646 0.023611
