2 0.158984 0.489120 0.029427 0.016204
2 0.523307 0.496759 0.027344 0.014815
1 0.714974 0.474537 0.022135 0.012037
1 0.138151 0.459722 0.030990 0.015741
0 0.197266 0.509954 0.015365 0.012500
0 0.150260 0.508333 0.016667 0.012963
0 0.071745 0.483333 0.015885 0.012037
0 0.046484 0.444213 0.014323 0.010648
0 0.097656 0.427546 0.015104 0.010648
0 0.013932 0.349537 0.017448 0.012963
0 0.113411 0.358102 0.015365 0.012500
0 0.161458 0.378241 0.015625 0.012037
0 0.198177 0.398148 0.014063 0.012963
0 0.198047 0.340509 0.013281 0.011574
0 0.236328 0.391435 0.015885 0.015278
0 0.285417 0.361806 0.015104 0.009722
0 0.306380 0.384259 0.012760 0.010185
0 0.326953 0.404167 0.013281 0.012037
0 0.336979 0.346065 0.013021 0.010648
0 0.399219 0.364120 0.013542 0.012500
0 0.448958 0.383333 0.015625 0.011111
0 0.446615 0.406481 0.015104 0.011111
0 0.546094 0.403472 0.014583 0.010648
0 0.533984 0.364352 0.015365 0.012963
0 0.538151 0.328704 0.014323 0.011111
0 0.618880 0.383796 0.014844 0.012037
0 0.752995 0.332176 0.015365 0.010648
0 0.884115 0.294676 0.015104 0.015278
2 0.938021 0.319907 0.018229 0.012963
0 0.921745 0.358796 0.014323 0.015741
0 0.887760 0.383333 0.015625 0.015741
2 0.943620 0.434259 0.016406 0.011111
0 0.874740 0.439583 0.014583 0.014352
0 0.825651 0.507639 0.014323 0.011574
0 0.790755 0.488657 0.013802 0.013426
0 0.767708 0.438194 0.015104 0.012500
0 0.716016 0.452778 0.015365 0.012963
0 0.638932 0.457639 0.015365 0.012500
0 0.632682 0.521065 0.013281 0.013426
0 0.587891 0.515972 0.014323 0.012500
0 0.568490 0.476389 0.014583 0.012963
2 0.536068 0.436343 0.015365 0.011574
2 0.447526 0.498843 0.016406 0.013426
0 0.381771 0.519213 0.011979 0.011574
0 0.391276 0.436574 0.015885 0.011111
0 0.348307 0.477315 0.015365 0.012037
0 0.317448 0.494213 0.015625 0.012500
0 0.252474 0.496296 0.013281 0.010185
0 0.024609 0.191204 0.009635 0.025000
0 0.067318 0.149537 0.013802 0.017593
0 0.080078 0.134259 0.015365 0.018519
0 0.086719 0.122917 0.014063 0.014352
0 0.094141 0.086574 0.011719 0.012963
0 0.092969 0.101157 0.010937 0.010648
0 0.069792 0.082870 0.014063 0.018519
0 0.071094 0.064815 0.013021 0.017593
0 0.069922 0.051389 0.010156 0.012963
0 0.070703 0.037269 0.010156 0.013426
0 0.042969 0.076389 0.006771 0.025926
0 0.029948 0.056944 0.014063 0.015741
0 0.273698 0.028472 0.014063 0.018981
0 0.271615 0.046991 0.013542 0.016204
0 0.314323 0.060417 0.015104 0.016204
0 0.440495 0.096296 0.015365 0.009259
2 0.445703 0.109259 0.017448 0.012037
2 0.457682 0.162037 0.025781 0.016667
2 0.500521 0.123380 0.017188 0.022685
2 0.503125 0.187269 0.026562 0.023611
0 0.992578 0.493287 0.014844 0.011574
