2 0.704297 0.336574 0.027865 0.017593
2 0.793880 0.327315 0.028385 0.018519
1 0.760547 0.468287 0.029948 0.016204
2 0.663281 0.491204 0.024479 0.018519
0 0.704688 0.513657 0.016146 0.012500
0 0.746615 0.509954 0.015104 0.012500
0 0.820573 0.506713 0.014063 0.015278
0 0.887500 0.477546 0.019271 0.015278
0 0.900000 0.503009 0.015625 0.011574
0 0.930990 0.453935 0.016667 0.015278
2 0.970182 0.469676 0.016927 0.013426
0 0.030859 0.372222 0.013281 0.011111
0 0.057682 0.315509 0.013802 0.011574
0 0.061458 0.428472 0.015104 0.010648
0 0.096745 0.486574 0.016927 0.013889
0 0.151953 0.431713 0.015885 0.013426
2 0.168750 0.487037 0.017708 0.012037
0 0.231250 0.490972 0.014063 0.011574
0 0.256771 0.400000 0.014583 0.014815
0 0.160286 0.318056 0.015365 0.011111
0 0.338151 0.336111 0.014323 0.012037
0 0.306641 0.381944 0.014323 0.011111
0 0.310807 0.436806 0.013802 0.012500
0 0.344271 0.456713 0.014583 0.009722
0 0.416536 0.456944 0.015365 0.011111
0 0.422786 0.478472 0.011719 0.010648
0 0.429297 0.401389 0.013281 0.011111
0 0.432552 0.383565 0.016146 0.011574
2 0.430078 0.328704 0.016406 0.011111
0 0.511068 0.362037 0.015885 0.012963
2 0.515495 0.343056 0.016927 0.012037
0 0.567839 0.404167 0.015365 0.013889
0 0.591276 0.349074 0.013802 0.012037
2 0.657422 0.381944 0.016927 0.013889
0 0.680990 0.359491 0.017188 0.011574
0 0.697005 0.312963 0.011719 0.011111
0 0.816406 0.369676 0.015625 0.013426
0 0.863802 0.295602 0.015104 0.012500
0 0.707552 0.431713 0.016146 0.011574
0 0.658203 0.455556 0.015365 0.012037
0 0.567578 0.496528 0.014844 0.013426
0 0.543359 0.518056 0.017448 0.013889
0 0.472135 0.521528 0.016146 0.013426
0 0.489063 0.458565 0.014063 0.011574
2 0.852604 0.323611 0.018750 0.010185
0 0.044010 0.078241 0.008854 0.024074
0 0.025781 0.193056 0.006250 0.024074
0 0.068750 0.150926 0.012500 0.015741
0 0.080859 0.133565 0.014844 0.018056
0 0.087370 0.123380 0.013281 0.014352
0 0.093490 0.100000 0.011979 0.013889
0 0.095573 0.087731 0.009896 0.012500
0 0.071484 0.084491 0.013281 0.018056
0 0.072526 0.066204 0.012760 0.017593
0 0.071354 0.053241 0.009896 0.012963
0 0.072656 0.038426 0.009896 0.015741
0 0.031510 0.057870 0.015104 0.014815
0 0.274479 0.028472 0.015104 0.018981
0 0.272656 0.046065 0.013542 0.015278
0 0.314193 0.059028 0.014323 0.017130
0 0.441797 0.095833 0.015365 0.008333
2 0.445573 0.108796 0.014583 0.011111
2 0.460547 0.163194 0.027865 0.017130
2 0.502083 0.122685 0.017188 0.022222
2 0.503125 0.185648 0.025000 0.020370
0 0.995964 0.329167 0.008073 0.011111
