0 0.213802 0.315046 0.011979 0.009722
0 0.165755 0.313889 0.011719 0.012037
0 0.140104 0.336343 0.010417 0.009722
0 0.039583 0.455093 0.017708 0.012037
2 0.155469 0.485880 0.015625 0.011574
2 0.233464 0.451389 0.016927 0.012037
0 0.260677 0.485185 0.015104 0.012037
0 0.304818 0.451852 0.014844 0.012963
0 0.339583 0.432870 0.015104 0.011111
2 0.339583 0.379398 0.021354 0.013426
0 0.263542 0.358565 0.013542 0.011574
0 0.232161 0.336343 0.014844 0.011574
0 0.300000 0.339120 0.016667 0.013426
0 0.352734 0.358565 0.015365 0.011574
0 0.376823 0.343519 0.015104 0.014815
2 0.426042 0.315509 0.015104 0.013426
0 0.427474 0.340741 0.014844 0.012963
0 0.422786 0.363194 0.011719 0.014352
0 0.493359 0.317361 0.015885 0.012500
0 0.492708 0.380093 0.014583 0.013889
0 0.553906 0.321065 0.015104 0.012500
2 0.595443 0.381250 0.017448 0.014352
0 0.636198 0.338194 0.013542 0.013426
0 0.676953 0.372685 0.015885 0.012037
0 0.648828 0.430556 0.012760 0.012037
2 0.625130 0.470833 0.016406 0.012963
0 0.602734 0.513889 0.014323 0.012963
0 0.503776 0.503704 0.015885 0.011111
0 0.699089 0.469444 0.014844 0.014815
2 0.779036 0.464815 0.017448 0.012037
0 0.837500 0.500000 0.014063 0.012963
0 0.839063 0.437731 0.010417 0.011574
0 0.921484 0.448380 0.017448 0.014352
0 0.931641 0.407870 0.017969 0.013889
0 0.943490 0.370833 0.015625 0.011111
0 0.924349 0.271759 0.013281 0.012037
0 0.903385 0.337731 0.017188 0.011574
0 0.900000 0.314815 0.016146 0.014815
0 0.866667 0.290509 0.011979 0.012500
0 0.832292 0.293981 0.011979 0.011111
0 0.849479 0.361574 0.016146 0.012037
0 0.795703 0.320139 0.015365 0.011574
0 0.798958 0.386806 0.010937 0.010648
0 0.748437 0.375926 0.015625 0.011111
0 0.714453 0.319907 0.013802 0.012963
0 0.023177 0.190046 0.006250 0.023611
0 0.066667 0.145833 0.014063 0.017593
0 0.077995 0.128704 0.015885 0.018519
0 0.090104 0.093287 0.011979 0.012500
0 0.093490 0.081944 0.010417 0.012037
0 0.069010 0.080093 0.011979 0.017593
0 0.069792 0.061111 0.015625 0.016667
0 0.068620 0.048843 0.010677 0.014352
0 0.068359 0.035417 0.011198 0.017130
0 0.041797 0.072917 0.007552 0.025463
0 0.028516 0.053009 0.013802 0.016204
0 0.272135 0.023380 0.015104 0.018981
0 0.295833 0.039583 0.010417 0.026389
0 0.269922 0.041435 0.015365 0.018056
0 0.440234 0.090741 0.015365 0.009259
2 0.444401 0.102546 0.015365 0.010648
2 0.458333 0.155093 0.026042 0.016667
2 0.499609 0.118056 0.016927 0.023148
2 0.501693 0.179861 0.024740 0.020833
0 0.006120 0.324537 0.011719 0.008333
0 0.991276 0.327546 0.017448 0.012500
