117 584 204 584 204 630 117 630 bicycle 0
992.0000000000001 464 1085 464 1085 507 992.0000000000001 507 bicycle 0
992.0000000000001 607 1065 607 1065 650 992.0000000000001 650 bicycle 0
801 237 878 237 878 273 801 273 bicycle 0
1728 221 1794 221 1794 250 1728 250 bicycle 0
2104 250 2176 250 2176 289 2104 289 bicycle 0
1922 311.99999999999994 2010 311.99999999999994 2010 352 1922 352 bicycle 0
2122 389 2187 389 2187 418 2122 418 bicycle 0
1647 1410 1681 1410 1681 1466 1647 1466 bicycle 0
1642 1332 1676 1332 1676 1377 1642 1377 bicycle 0
444 1069 574 1069 574 1132 444 1132 truck 0
424 1130 579 1130 579 1196 424 1196 truck 0
595 869 656 869 656 993 595 993 truck 0
745 1010 849 1010 849 1114 745 1114 truck 0
842 1161 976 1161 976 1268 842 1268 truck 0
1536 1153 1603 1153 1603 1403 1536 1403 truck 0
1524 1435 1606 1435 1606 1689 1524 1689 truck 0
491.99999999999994 362 626 362 626 425.00000000000006 491.99999999999994 425.00000000000006 truck 0
964.9999999999999 93 1099 93 1099 162 964.9999999999999 162 truck 0
440 446 570 446 570 507 440 507 truck 0
708 527 842 527 842 589 708 589 truck 0
2415 300 2567 300 2567 364 2415 364 truck 0
2515 377 2638 377 2638 437 2515 437 truck 0
2865 294 2994 294 2994 357 2865 357 truck 0
2799 368 2931 368 2931 430 2799 430 truck 0
1969.0000000000002 244 2088 244 2088 300 1969.0000000000002 300 truck 0
2647 307 2754 307 2754 360 2647 360 truck 0
1785 248 1901 248 1901 298 1785 298 car 0
1767 303 1899 303 1899 366 1767 366 car 0
1765 371 1906 371 1906 439 1765 439 car 0
1981 384 2106 384 2106 441 1981 441 car 0
2042 310 2183 310 2183 368 2042 368 car 0
2219 309 2356 309 2356 362 2219 362 car 0
2213 377 2342 377 2342 443 2213 443 car 0
2369 369 2483 369 2483 432 2369 432 truck 0
3076 300 3215 300 3215 360 3076 360 car 0
3333 287 3463 287 3463 352 3333 352 car 0
3326 359 3467 359 3467 418 3326 418 car 0
701 311.99999999999994 835 311.99999999999994 835 391 701 391 truck 0
288 300 420 300 420 368 288 368 car 0
97 289 244.99999999999997 289 244.99999999999997 355 97 355 car 0
322 525 469 525 469 589 322 589 car 0
608 448 753 448 753 519 608 519 car 0
765 446 894 446 894 514 765 514 car 0
526 527 686 527 686 586 526 586 car 0
894 528 1038 528 1038 587 894 587 car 0
428 825 570 825 570 893 428 893 car 0
458 1017.9999999999999 574 1017.9999999999999 574 1069 458 1069 car 0
404 1194 578 1194 578 1260 404 1260 car 0
917 1353 1029 1353 1029 1421 917 1421 car 0
904 1425 1040 1425 1040 1484 904 1484 car 0
892 1482 1042 1482 1042 1550 892 1550 car 0
1261 1714 1333 1714 1333 1839 1261 1839 car 0
1261 1868 1331 1868 1331 1991 1261 1991 car 0