1936 321 2022.0000000000002 321 2022.0000000000002 359 1936 359 bicycle 0
2124 396 2203 396 2203 435 2124 435 bicycle 0
738 464 826 464 826 507 738 507 bicycle 0
1506 946 1540 946 1540 1002 1506 1002 bicycle 0
1641 1330 1677 1330 1677 1377 1641 1377 bicycle 0
1646 1414 1678 1414 1678 1464 1646 1464 bicycle 0
2532 639 2805 639 2805 701 2532 701 truck 0
3547 303 3713 303 3713 363.00000000000006 3547 363.00000000000006 truck 0
2511 386 2652 386 2652 448 2511 448 truck 0
2369 381 2487 381 2487 439 2369 439 truck 0
983.9999999999999 93 1119 93 1119 166 983.9999999999999 166 truck 0
447 1062 591 1062 591 1124 447 1124 truck 0
429 1130 587 1130 587 1187 429 1187 truck 0
601 868 669 868 669 987 601 987 truck 0
747 1000 869 1000 869 1112.9999999999998 747 1112.9999999999998 truck 0
847 1154 979 1154 979 1259 847 1259 truck 0
1375 486 1470 486 1470 598 1375 598 truck 0
1473 719 1532 719 1532 822 1473 822 truck 0
1410 1006 1479 1006 1479 1125 1410 1125 truck 0
1473 1474.0000000000002 1538 1474.0000000000002 1538 1596 1473 1596 truck 0
1410 1443 1464 1443 1464 1551 1410 1551 truck 0
1410 1269 1467 1269 1467 1393 1410 1393 truck 0
1478 1304 1528 1304 1528 1413 1478 1413 truck 0
1549 1231 1608 1231 1608 1330 1549 1330 truck 0
281 583 411 583 411 639 281 639 car 0
794 528 925 528 925 590 794 590 car 0
440 827 585 827 585 882.9999999999999 440 882.9999999999999 car 0
472 1013 590 1013 590 1065 472 1065 car 0
429 1187 582 1187 582 1246 429 1246 car 0
926 1354 1032 1354 1032 1413 926 1413 car 0
908 1421 1044 1421 1044 1477 908 1477 car 0
916 1480 1044 1480 1044 1537 916 1537 car 0
1782 315 1910 315 1910 371 1782 371 car 0
1785 386 1916 386 1916 437 1785 437 car 0
1990.9999999999998 389 2107 389 2107 450 1990.9999999999998 450 car 0
2217 318 2352 318 2352 372 2217 372 car 0
2222 389 2344 389 2344 446 2222 446 car 0
2778 318 2908 318 2908 371 2778 371 car 0
2944 257 3073 257 3073 313 2944 313 car 0
2085 601 2225 601 2225 672 2085 672 car 0
3481 527 3613 527 3613 586 3481 586 car 0
1332 678 1435 678 1435 800 1332 800 car 0
1478 1081 1541 1081 1541 1203 1478 1203 car 0
1426 1628 1476 1628 1476 1756 1426 1756 car 0
1479 1671 1540 1671 1540 1787 1479 1787 car 0
1547 1751 1605 1751 1605 1868 1547 1868 car 0
1417 1800 1482 1800 1482 1915 1417 1915 car 0
1266 1712 1325 1712 1325 1831 1266 1831 car 0
1266 1834 1334 1834 1334 1951 1266 1951 car 0
1484 2035.9999999999998 1551 2035.9999999999998 1551 2157 1484 2157 car 0