2901 400 3013 400 3013 453 2901 453 truck 0
3594 270 3726 270 3726 324 3594 324 car 0
3552 404 3697 404 3697 463 3552 463 car 0
3630 617 3764 617 3764 672 3630 672 car 0
2983 321 3115 321 3115 384 2983 384 car 0
2621 396 2745 396 2745 464 2621 464 car 0
2390 401 2530 401 2530 459 2390 459 car 0
2182 397 2310 397 2310 457 2182 457 car 0
1944 404 2061 404 2061 453 1944 453 car 0
1693 407 1824 407 1824 476 1693 476 car 0
1464 470 1584 470 1584 571 1464 571 car 0
2184 331 2304 331 2304 390 2184 390 truck 0
67 197 384 197 384 284 67 284 truck 0
836 454 948 454 948 508 836 508 truck 0
782 519 899 519 899 570 782 570 truck 0
411 587 525 587 525 637 411 637 truck 0
54 499 199 499 199 553 54 553 truck 0
68 557 321 557 321 636 68 636 truck 0
827 579 1108 579 1108 667 827 667 truck 0
628 868 711 868 711 990 628 990 truck 0
682 904.9999999999999 771 904.9999999999999 771 1034 682 1034 truck 0
1187 659 1251 659 1251 696 1187 696 bicycle 0
1176 734 1241 734 1241 765 1176 765 bicycle 0
1393 765 1430 765 1430 827 1393 827 bicycle 0
1542 714 1570 714 1570 762 1542 762 bicycle 0
321 582 410 582 410 616 321 616 bicycle 0
1504 941 1562 941 1562 1053 1504 1053 truck 0
1431 1013 1493 1013 1493 1141 1431 1141 truck 0
1505 1084 1565 1084 1565 1213 1505 1213 truck 0
1482 1404 1556 1404 1556 1667 1482 1667 truck 0
1499 1694 1551 1694 1551 1819 1499 1819 truck 0
1351 1550 1413 1550 1413 1687 1351 1687 truck 0
137 355 263 355 263 414 137 414 truck 0
1164 303 1294 303 1294 373.99999999999994 1164 373.99999999999994 car 0
979 459 1124 459 1124 521 979 521 car 0
657 448 794 448 794 501 657 501 car 0
590 506 724 506 724 568 590 568 car 0
924 521 1075 521 1075 570 924 570 car 0
701 577 834 577 834 643 701 643 car 0
552 583 694 583 694 646 552 646 car 0
446 519 557 519 557 572 446 572 car 0
359 426 489.99999999999994 426 489.99999999999994 504 359 504 car 0
194 435 330 435 330 494 194 494 car 0
32 428 166 428 166 486 32 486 car 0
245.99999999999997 497 399 497 399 563 245.99999999999997 563 car 0
1350 984 1414 984 1414 1123 1350 1123 car 0
1503 769.9999999999999 1561 769.9999999999999 1561 904 1503 904 car 0
1435 1210 1488 1210 1488 1344 1435 1344 car 0
1494 1257 1554 1257 1554 1399 1494 1399 car 0
1568 1255 1632 1255 1632 1403 1568 1403 car 0
1437 1363 1484 1363 1484 1464 1437 1464 car 0
1428 1503 1492 1503 1492 1630 1428 1630 car 0
1434 1683 1486 1683 1486 1821 1434 1821 car 0
472 824 608 824 608 882.9999999999999 472 882.9999999999999 car 0
472 1064 612 1064 612 1124 472 1124 car 0
457 1124 612 1124 612 1188 457 1188 car 0
451 1186 606 1186 606 1250 451 1250 car 0
770 999 886 999 886 1114 770 1114 car 0
812 1055 930 1055 930 1164 812 1164 car 0
904 1225.9999999999998 1037 1225.9999999999998 1037 1312 904 1312 car 0
948 1352 1054 1352 1054 1421 948 1421 car 0
932 1408 1070 1408 1070 1486 932 1486 car 0
939 1483 1075 1483 1075 1539 939 1539 car 0
1574 2030 1630 2030 1630 2153 1574 2153 car 0