916 777 968.9999999999999 777 968.9999999999999 821 916 821 bicycle 0
1463 901 1508 901 1508 962 1463 962 bicycle 0
3167 524 3247 524 3247 568 3167 568 bicycle 0
3010 687 3084 687 3084 728 3010 728 bicycle 0
52 496 175 496 175 554 52 554 truck 0
54 565 363 565 363 650 54 650 truck 0
737 289 866 289 866 345 737 345 truck 0
38 272 163 272 163 339 38 339 truck 0
1176 562 1326 562 1326 619 1176 619 truck 0
1181 448 1313 448 1313 510 1181 510 truck 0
1473 290.00000000000006 1605 290.00000000000006 1605 356 1473 356 truck 0
1599 445 1738 445 1738 513 1599 513 truck 0
1379 990 1447 990 1447 1122 1379 1122 truck 0
551 848 625 848 625 990 551 990 truck 0
391 1069 538 1069 538 1127 391 1127 truck 0
381 1256 531 1256 531 1324 381 1324 truck 0
707 992 811 992 811 1110 707 1110 truck 0
814 1154 941 1154 941 1263 814 1263 truck 0
2926 296 3049 296 3049 356 2926 356 truck 0
3269 287 3385 287 3385 348 3269 348 truck 0
3638 283 3775 283 3775 350 3638 350 truck 0
3670 422 3802 422 3802 487 3670 487 truck 0
1838 306 1970.0000000000002 306 1970.0000000000002 362 1838 362 car 0
1781 377 1902 377 1902 439 1781 439 car 0
1978 377 2107 377 2107 424 1978 424 car 0
1922 446 2047 446 2047 506 1922 506 car 0
2087 513 2234 513 2234 571 2087 571 car 0
2154 584 2293 584 2293 640 2154 640 car 0
2491 515 2628 515 2628 571 2491 571 car 0
2555 593 2679 593 2679 651 2555 651 car 0
2788 437 2923 437 2923 501 2788 501 car 0
3482 545 3607 545 3607 604 3482 604 car 0
413 437 564 437 564 500 413 500 car 0
390 513 529 513 529 565 390 565 car 0
734 618 888 618 888 690 734 690 car 0
955 501 1091 501 1091 569 955 569 car 0
385 818 528 818 528 881 385 881 car 0
422 1007.0000000000001 541 1007.0000000000001 541 1069 422 1069 car 0
379 1125 543 1125 543 1190 379 1190 car 0
372 1190 529 1190 529 1257 372 1257 car 0
893 1362 996.0000000000001 1362 996.0000000000001 1418 893 1418 car 0
878 1418 1011.0000000000001 1418 1011.0000000000001 1478 878 1478 car 0
882 1484 1016 1484 1016 1551 882 1551 car 0
1252 1092 1335 1092 1335 1213 1252 1213 car 0
1444 760 1516 760 1516 860 1444 860 car 0
1493 527 1607 527 1607 586 1493 586 car 0
1452 1019 1520 1019 1520 1142 1452 1142 car 0
1376 1146 1447 1146 1447 1278 1376 1278 car 0
1390 1318 1438 1318 1438 1410 1390 1410 car 0
1458 1462 1508 1462 1508 1553 1458 1553 car 0
1387 1445 1440 1445 1440 1559 1387 1559 truck 0
2302 295 2432 295 2432 356 2302 356 car 0