3041 240 3345 240 3345 320 3041 320 truck 0
3423 400 3555 400 3555 459 3423 459 truck 0
3540 612.9999999999999 3766 612.9999999999999 3766 681 3540 681 truck 0
2859 394 2984 394 2984 458 2859 458 truck 0
3608 325 3751 325 3751 384 3608 384 car 0
3592 481 3731 481 3731 540 3592 540 car 0
3250 486 3386 486 3386 540 3250 540 car 0
3065 333 3192 333 3192 391 3065 391 car 0
3050 408 3179 408 3179 464 3050 464 car 0
3043 554 3184 554 3184 601 3043 601 car 0
3007 654 3138 654 3138 706 3007 706 car 0
2811 474 2934 474 2934 537 2811 537 car 0
2665 325 2806 325 2806 381 2665 381 car 0
2654 401 2784 401 2784 458 2654 458 car 0
2488 401 2621 401 2621 457 2488 457 car 0
2481 481 2594 481 2594 535 2481 535 car 0
2521 557 2631 557 2631 598 2521 598 car 0
2145 404 2280 404 2280 457 2145 457 car 0
1951 313 2095 313 2095 370 1951 370 car 0
1974 395 2100 395 2100 454 1974 454 car 0
1812 391 1941 391 1941 445 1812 445 car 0
1821 468 1951 468 1951 534 1821 534 car 0
1806 548 1944 548 1944 603 1806 603 car 0
2245 621 2341 621 2341 685 2245 685 car 0
2550 633 2654 633 2654 681 2550 681 truck 0
2157 540 2295 540 2295 600 2157 600 truck 0
2326 400 2443 400 2443 457 2326 457 truck 0
2508 266 2643 266 2643 327 2508 327 truck 0
1445 625 1508 625 1508 657 1445 657 bicycle 0
1550 704 1583 704 1583 764 1550 764 bicycle 0
768 248 832 248 832 277 768 277 bicycle 0
1398 539 1515 539 1515 600 1398 600 truck 0
1287 463 1427 463 1427 531 1287 531 truck 0
1165 523 1261 523 1261 579 1165 579 truck 0
1225 317 1354 317 1354 370 1225 370 truck 0
1508 937 1573 937 1573 1045 1508 1045 truck 0
1439 1004 1495 1004 1495 1133 1439 1133 truck 0
1512 1082 1563 1082 1563 1201 1512 1201 truck 0
1503 1684 1560 1684 1560 1811 1503 1811 truck 0
1491 1393 1562 1393 1562 1658 1491 1658 truck 0
1366 1765 1422 1765 1422 1904 1366 1904 truck 0
692 904 788 904 788 1025 692 1025 truck 0
638 860 725 860 725 979 638 979 truck 0
80 533 221 533 221 593 80 593 truck 0
640 302 763 302 763 362 640 362 car 0
186 279 318 279 318 342 186 342 car 0
457 502 582 502 582 553 457 553 car 0
675 442 816 442 816 493 675 493 car 0
486 810 617 810 617 875 486 875 car 0
235 433 344 433 344 482 235 482 truck 0
1510 772 1573 772 1573 897 1510 897 car 0
477 1058 624 1058 624 1117 477 1117 car 0
478 1114 620 1114 620 1174 478 1174 car 0
475 1176 617 1176 617 1236 475 1236 car 0
783 997 892 997 892 1101 783 1101 car 0
821 1040 938 1040 938 1157 821 1157 car 0
915 1214 1043 1214 1043 1304 915 1304 car 0
954 1348 1063 1348 1063 1415 954 1415 car 0
948 1408 1083 1408 1083 1467 948 1467 car 0
950 1471 1075 1471 1075 1530 950 1530 car 0
1439 1201 1498 1201 1498 1330 1439 1330 car 0
1504 1251 1564 1251 1564 1380 1504 1380 car 0
1445 1360.9999999999998 1494 1360.9999999999998 1494 1453 1445 1453 car 0
1437 1495 1494 1495 1494 1620 1437 1620 car 0
1440 1686 1493 1686 1493 1812 1440 1812 car 0
1295 1699 1355 1699 1355 1814 1295 1814 car 0