1004 464 1083 464 1083 519 1004 519 bicycle 0
990 607 1056 607 1056 648 990 648 bicycle 0
1929 311.99999999999994 2003 311.99999999999994 2003 355 1929 355 bicycle 0
2122 391 2181 391 2181 423 2122 423 bicycle 0
2442 244 2510 244 2510 284 2442 284 bicycle 0
120 441 276 441 276 503 120 503 truck 0
704 527 853 527 853 586 704 586 truck 0
964.9999999999999 89 1117 89 1117 160 964.9999999999999 160 truck 0
1258 539 1383 539 1383 668 1258 668 truck 0
1533 1444 1601 1444 1601 1721 1533 1721 truck 0
1536 1869 1619 1869 1619 2143 1536 2143 truck 0
433 1069 581 1069 581 1144 433 1144 truck 0
424 1139 578 1139 578 1194 424 1194 truck 0
594 875 661 875 661 987 594 987 truck 0
747 1009 849 1009 849 1114 747 1114 truck 0
847 1161 968.9999999999999 1161 968.9999999999999 1275 847 1275 truck 0
2424 303 2565 303 2565 360 2424 360 truck 0
1965 246 2088 246 2088 296 1965 296 truck 0
2517 378 2642 378 2642 437 2517 437 truck 0
2924 296 3056 296 3056 352 2924 352 truck 0
2651 307 2753 307 2753 362 2651 362 truck 0
269 360 404 360 404 421 269 421 car 0
1 518 137 518 137 580.0000000000001 1 580.0000000000001 car 0
331 514 465 514 465 578 331 578 car 0
740 291 872 291 872 352 740 352 car 0
772 459 895 459 895 518 772 518 car 0
610 459 740 459 740 518 610 518 car 0
903 530 1031 530 1031 587 903 587 car 0
604 366 736 366 736 428 604 428 car 0
1060 303 1206 303 1206 380 1060 380 car 0
1056 380 1167 380 1167 464 1056 464 car 0
1340 457 1442 457 1442 569 1340 569 car 0
1253 1718 1324 1718 1324 1834 1253 1834 car 0
1260 1834 1326 1834 1326 1957 1260 1957 car 0
1322 1934 1399 1934 1399 2053 1322 2053 car 0
426 828 572 828 572 889 426 889 car 0
456 1016 579 1016 579 1066 456 1066 car 0
415 1194 578 1194 578 1255 415 1255 car 0
920 1364 1028 1364 1028 1418 920 1418 car 0
910 1419 1037 1419 1037 1482 910 1482 car 0
901 1484 1045 1484 1045 1548 901 1548 car 0
1783 243 1906 243 1906 303 1783 303 car 0
1778 307 1906 307 1906 362 1778 362 car 0
1779 378 1904 378 1904 441 1779 441 car 0
2034.9999999999998 307 2181 307 2181 375 2034.9999999999998 375 car 0
2229 309 2353 309 2353 366 2229 366 car 0
2220 380 2344 380 2344 432 2220 432 car 0
2365 375 2490 375 2490 434 2365 434 truck 0
1378 798 1461 798 1461 927 1378 927 car 0
3235 293 3369 293 3369 355 3235 355 car 0
1979 384 2108 384 2108 450 1979 450 car 0