1440 1522 1463 1522 1463 1566 1440 1566 bicycle 0
1333 1863 1356 1863 1356 1925 1333 1925 bicycle 0
253 520 374 520 374 586 253 586 car 0
233 630 389 630 389 689 233 689 car 0
538 330 653 330 653 440 538 440 car 0
671 566 768 566 768 661 671 661 car 0
1099 368 1171 368 1171 463 1099 463 car 0
1635 415 1753 415 1753 481 1635 481 car 0
1463 702 1551 702 1551 771 1463 771 car 0
2022.0000000000002 599 2110 599 2110 686 2022.0000000000002 686 car 0
2002 497 2120 497 2120 540 2002 540 car 0
2076 415 2217 415 2217 468 2076 468 car 0
2312 402 2435 402 2435 427 2312 427 car 0
2533 412 2645 412 2645 456 2533 456 car 0
2494 479 2617 479 2617 543 2494 543 car 0
3186 756 3297 756 3297 817 3186 817 car 0
3394 699 3484 699 3484 730 3394 730 car 0
3471 553 3610 553 3610 602.0000000000001 3471 602.0000000000001 car 0
3243 458 3399 458 3399 527 3243 527 car 0
3615 397 3712 397 3712 456 3615 456 car 0
3743 612 3825 612 3825 661 3743 661 car 0
1494 892 1540 892 1540 981 1494 981 car 0
1427 1025 1476 1025 1476 1161 1427 1161 car 0
1497 1071 1548 1071 1548 1181 1497 1181 car 0
1420 1207 1489 1207 1489 1330 1420 1330 car 0
1497 1235 1543 1235 1543 1360.9999999999998 1497 1360.9999999999998 car 0
1433 1376 1471 1376 1471 1499 1433 1499 car 0
1486 1389 1551 1389 1551 1492 1486 1492 car 0
1261 1944.9999999999998 1327 1944.9999999999998 1327 2061 1261 2061 car 0
1376 1953 1417 1953 1417 2084 1376 2084 car 0
461 897 594 897 594 953 461 953 car 0
463 966 604 966 604 1012 463 1012 car 0
479 1035 604 1035 604 1063 479 1063 car 0
474 1079 638 1079 638 1138 474 1138 car 0
445 1134.9999999999998 602 1134.9999999999998 602 1192 445 1192 car 0
417 1202 594 1202 594 1251 417 1251 car 0
451 1256 656 1256 656 1343 451 1343 car 0
733 1015 807 1015 807 1127 733 1127 car 0
763 1074 879 1074 879 1166 763 1166 car 0
815 1122 912 1122 912 1209 815 1209 car 0
843 1184 966.0000000000001 1184 966.0000000000001 1245 843 1245 car 0
892 1238 994 1238 994 1297 892 1297 car 0
902 1299 1007.0000000000001 1299 1007.0000000000001 1371 902 1371 car 0
922 1438 1051 1438 1051 1476 922 1476 car 0
933 1507 1081 1507 1081 1556 933 1556 car 0
907 1556 1058 1556 1058 1627 907 1627 car 0
1353 1451 1384 1451 1384 1568 1353 1568 car 0
1348 1648 1399 1648 1399 1751 1348 1751 car 0
1286 1740 1335 1740 1335 1874 1286 1874 car 0
1317 617 1540 617 1540 679 1317 679 truck 0
2651 481 2897 481 2897 543 2651 543 truck 0
3184 607 3381 607 3381 674 3184 674 truck 0
1274 1148 1392 1148 1392 1381 1274 1381 truck 0
1458 1539.9999999999998 1551 1539.9999999999998 1551 1817 1458 1817 truck 0
1258 1576 1307 1576 1307 1756 1258 1756 truck 0
2199 476 2443 476 2443 535 2199 535 truck 0
2220 574 2330 574 2330 615 2220 615 truck 0