3666 310 3796 310 3796 370 3666 370 truck 0
3546 426 3677 426 3677 486 3546 486 truck 0
3168 426 3313 426 3313 481 3168 481 truck 0
2999 415 3132 415 3132 484 2999 484 truck 0
2861 414 2985 414 2985 472 2861 472 truck 0
2299 412 2416 412 2416 462 2299 462 truck 0
3406 719 3535 719 3535 769 3406 769 car 0
3368 419 3504 419 3504 482 3368 482 car 0
3047 346 3187 346 3187 408 3047 408 car 0
2852 258 2983 258 2983 339 2852 339 car 0
2661 415 2802 415 2802 470 2661 470 car 0
2494 407 2633 407 2633 470 2494 470 car 0
2132 410 2266 410 2266 470 2132 470 car 0
1989.9999999999998 400 2113 400 2113 462 1989.9999999999998 462 car 0
1825 396 1951 396 1951 462 1825 462 car 0
1478 572 1558 572 1558 698 1478 698 car 0
1440 786 1511 786 1511 910 1440 910 car 0
1282 986 1365 986 1365 1112 1282 1112 car 0
1449 1157 1513 1157 1513 1291 1449 1291 car 0
1918 353 1978 353 1978 384 1918 384 bicycle 0
1125 507 1180 507 1180 543 1125 543 bicycle 0
37 567 116 567 116 589 37 589 bicycle 0
1513 882 1589 882 1589 1143 1513 1143 truck 0
1518 1315 1571 1315 1571 1439 1518 1439 truck 0
1446 1614 1502 1614 1502 1746 1446 1746 truck 0
1577 1672 1633 1672 1633 1798 1577 1798 truck 0
1492 1650 1571 1650 1571 1948 1492 1948 truck 0
1439 2001 1490 2001 1490 2112 1439 2112 car 0
1340 1286 1394 1286 1394 1412 1340 1412 car 0
909 341 1035 341 1035 403 909 403 car 0
1328 403 1433 403 1433 514 1328 514 truck 0
1092 293 1204 293 1204 360 1092 360 truck 0
642 341 787 341 787 410 642 410 truck 0
979.9999999999999 443 1101 443 1101 510 979.9999999999999 510 truck 0
958 517 1083 517 1083 584 958 584 truck 0
906 582 1037 582 1037 645 906 645 truck 0
682 507 808 507 808 569 682 569 truck 0
480 495 640 495 640 558 480 558 truck 0
297 488 440 488 440 551 297 551 truck 0
259 417 394 417 394 482 259 482 truck 0
1292 500 1377 500 1377 586 1292 586 car 0
508.99999999999994 803 642 803 642 872.0000000000001 508.99999999999994 872.0000000000001 car 0
497 1041 644 1041 644 1105 497 1105 car 0
496.00000000000006 1107 639 1107 639 1170 496.00000000000006 1170 car 0
482 1159 639 1159 639 1230 482 1230 car 0
804 989 911 989 911 1096 804 1096 car 0
844 1039 956 1039 956 1141 844 1141 car 0
933 1205 1058 1205 1058 1303 933 1303 car 0
977.0000000000001 1336 1073 1336 1073 1398 977.0000000000001 1398 car 0
963 1395 1101 1395 1101 1467 963 1467 car 0
963 1467 1102 1467 1102 1526 963 1526 car 0
659 851 739 851 739 972 659 972 truck 0
713 895 809 895 809 1014 713 1014 truck 0