14 480 108 480 108 522 14 522 bicycle 0
687 287 761 287 761 331 687 331 bicycle 0
1670 383 1734 383 1734 421 1670 421 bicycle 0
1087 906 1128 906 1128 965 1087 965 bicycle 0
922 771 975 771 975 819 922 819 bicycle 0
235 271 381 271 381 340 235 340 truck 0
87 418 244 418 244 477 87 477 truck 0
223 495 355 495 355 556 223 556 truck 0
411 437 529 437 529 492 411 492 truck 0
1023 206 1294 206 1294 287 1023 287 truck 0
1049 780 1157 780 1157 877 1049 877 truck 0
1258 437 1393 437 1393 508.99999999999994 1258 508.99999999999994 truck 0
1478 453 1599 453 1599 504 1478 504 truck 0
1520 527 1670 527 1670 596 1520 596 truck 0
558 853 626 853 626 989 558 989 truck 0
388 1066 538 1066 538 1127 388 1127 truck 0
381 1254 529 1254 529 1313 381 1313 truck 0
713 989 814 989 814 1103 713 1103 truck 0
808 1148 943 1148 943 1271 808 1271 truck 0
1275 1262 1376 1262 1376 1516 1275 1516 truck 0
1290 1580 1372 1580 1372 1845 1290 1845 truck 0
1473 1987 1523 1987 1523 2113 1473 2113 truck 0
1387 978 1455 978 1455 1104 1387 1104 truck 0
1457 918 1522 918 1522 1036 1457 1036 truck 0
1752 371 1878 371 1878 430 1752 430 truck 0
1914 371 2040 371 2040 431 1914 431 truck 0
2140 298 2278 298 2278 362 2140 362 truck 0
2211 590 2331 590 2331 648 2211 648 truck 0
2647 545 2761 545 2761 609 2647 609 truck 0
3605 445 3743 445 3743 503 3605 503 truck 0
2346 365 2475 365 2475 427 2346 427 truck 0
1025 589 1152 589 1152 645 1025 645 truck 0
747 498.00000000000006 890 498.00000000000006 890 562 747 562 truck 0
702 431 844 431 844 492 702 492 car 0
622 566 769 566 769 628 622 628 car 0
396 813 546 813 546 874 396 874 car 0
431 1007.0000000000001 537 1007.0000000000001 537 1060 431 1060 car 0
390 1121 535 1121 535 1190 390 1190 car 0
388 1184 541 1184 541 1251 388 1251 car 0
893 1353 1001 1353 1001 1418 893 1418 car 0
878 1425 1019 1425 1019 1483 878 1483 car 0
887 1484 1016 1484 1016 1550 887 1550 car 0
958 443 1082 443 1082 512 958 512 car 0
1170 513 1310 513 1310 581 1170 581 car 0
1597 296 1713 296 1713 360 1597 360 car 0
1455 734 1505 734 1505 821 1455 821 car 0
1463 1075 1511 1075 1511 1174 1463 1174 car 0
1378 1166 1438 1166 1438 1286 1378 1286 car 0
1231 1866 1294 1866 1294 1990 1231 1990 car 0
1310 1981 1378 1981 1378 2107 1310 2107 car 0
1861 454 2008 454 2008 513 1861 513 car 0
1870 522 2008 522 2008 587 1870 587 car 0
2014.0000000000002 231 2138 231 2138 295 2014.0000000000002 295 car 0
2326 443 2444 443 2444 512 2326 512 truck 0
2437 587 2569 587 2569 653 2437 653 car 0
2137 373.99999999999994 2276 373.99999999999994 2276 434 2137 434 car 0
2588 293 2729 293 2729 354 2588 354 car 0
2663 360 2794 360 2794 421 2663 421 car 0
2820 456 2951 456 2951 521 2820 521 car 0
3105 442 3244 442 3244 504 3105 504 car 0
3031 508.99999999999994 3164 508.99999999999994 3164 569 3031 569 car 0
3023 580.0000000000001 3161 580.0000000000001 3161 642 3023 642 car 0
3561 284 3702 284 3702 342 3561 342 car 0
3385 498.00000000000006 3519 498.00000000000006 3519 562 3385 562 car 0
3370 568 3507 568 3507 634 3370 634 car 0
3520 653 3643 653 3643 706 3520 706 car 0