2122 395 2175 395 2175 428 2122 428 bicycle 0
1487 1083 1528 1083 1528 1150 1487 1150 bicycle 0
1641 1324 1669 1324 1669 1378 1641 1378 bicycle 0
1641 1410 1679 1410 1679 1463 1641 1463 bicycle 0
457 216 746 216 746 309 457 309 truck 0
968.9999999999999 93 1116 93 1116 165 968.9999999999999 165 truck 0
437 1062 581 1062 581 1133 437 1133 truck 0
434 1121 584 1121 584 1189 434 1189 truck 0
593 865 664 865 664 990 593 990 truck 0
746 1001 858 1001 858 1115 746 1115 truck 0
847 1154 976 1154 976 1260 847 1260 truck 0
2525 631 2804 631 2804 709 2525 709 truck 0
2925 304 3057 304 3057 368 2925 368 truck 0
2587 303 2702 303 2702 360 2587 360 truck 0
1414 1154 1469 1154 1469 1281 1414 1281 truck 0
1467 790 1540 790 1540 910 1467 910 truck 0
1481 946 1540 946 1540 1057 1481 1057 truck 0
1473 1331 1535 1331 1535 1440 1473 1440 truck 0
1414 1319 1476 1319 1476 1436 1414 1436 truck 0
1476 1822 1537 1822 1537 1943 1476 1943 truck 0
437 822 575 822 575 882.9999999999999 437 882.9999999999999 car 0
428 1181 581 1181 581 1250 428 1250 car 0
926 1357 1026 1357 1026 1412 926 1412 car 0
907 1416 1051 1416 1051 1478 907 1478 car 0
910 1478 1041 1478 1041 1548 910 1548 car 0
1782 383 1910 383 1910 440 1782 440 car 0
1987 389 2111 389 2111 445 1987 445 car 0
2225 389 2341 389 2341 440 2225 440 car 0
2211 581 2310 581 2310 636 2211 636 car 0
2741 378 2857 378 2857 433 2741 433 car 0
3255 307 3394 307 3394 371 3255 371 car 0
3604 298 3746 298 3746 354 3604 354 car 0
1419 1456 1469 1456 1469 1566 1419 1566 truck 0
1260 1692 1319 1692 1319 1819 1260 1819 car 0
1317 1637 1399 1637 1399 1863 1317 1863 truck 0
1258 1834 1320 1834 1320 1951 1258 1951 car 0
1425 1630 1481 1630 1481 1751 1425 1751 car 0
1414 1821 1470 1821 1470 1942 1414 1942 car 0
1575 1848 1637 1848 1637 1962 1575 1962 car 0
1408 1017.9999999999999 1467 1017.9999999999999 1467 1140 1408 1140 car 0
1555 1245 1605 1245 1605 1369 1555 1369 car 0
484 1007.0000000000001 579 1007.0000000000001 579 1063 484 1063 car 0
1481 1157 1546 1157 1546 1284 1481 1284 car 0