3533 342 3661 342 3661 401 3533 401 truck 0
3397 248 3713 248 3713 324 3397 324 truck 0
2448 394 2587 394 2587 457 2448 457 truck 0
2333 262 2459 262 2459 319 2333 319 truck 0
3171 322 3324 322 3324 384.99999999999994 3171 384.99999999999994 car 0
3276 408 3421 408 3421 470 3276 470 car 0
3534 411 3682 411 3682 465 3534 465 car 0
2731 270 2859 270 2859 322 2731 322 car 0
2750 399 2887 399 2887 464 2750 464 car 0
2974 394 3044 394 3044 428 2974 428 bicycle 0
2499 334 2628 334 2628 391 2499 391 car 0
2214 396 2351 396 2351 454 2214 454 car 0
1861 331 1994 331 1994 381 1861 381 car 0
1582 324 1674 324 1674 376 1582 376 car 0
1557 250 1665 250 1665 305 1557 305 car 0
1508 774 1570 774 1570 896 1508 896 car 0
1433 1208 1505 1208 1505 1328 1433 1328 car 0
1504 1265 1557 1265 1557 1385 1504 1385 car 0
2218 334 2332 334 2332 390 2218 390 truck 0
1791 379 2060 379 2060 464 1791 464 truck 0
1347 512 1536 512 1536 756 1347 756 truck 0
1096 298 1224 298 1224 348 1096 348 truck 0
840 444 959 444 959 503 840 503 truck 0
788 504 904 504 904 566 788 566 truck 0
836 574 1116 574 1116 656 836 656 truck 0
1423 450 1482 450 1482 498.00000000000006 1423 498.00000000000006 bicycle 0
1127 675 1196 675 1196 700 1127 700 bicycle 0
1187 724 1236 724 1236 763 1187 763 bicycle 0
744 292 876 292 876 356 744 356 car 0
371 292 467 292 467 354 371 354 car 0
519 227 652 227 652 280 519 280 truck 0
75 487 208 487 208 540 75 540 truck 0
418 571 532 571 532 622 418 622 truck 0
342 574 414 574 414 603 342 603 bicycle 0
996.0000000000001 451 1127 451 1127 508 996.0000000000001 508 car 0
946 515 1084 515 1084 570 946 570 car 0
672 442 802 442 802 498.00000000000006 672 498.00000000000006 car 0
594 498.00000000000006 731 498.00000000000006 731 560 594 560 car 0
704 572 840 572 840 634 704 634 car 0
563 572 695 572 695 627 563 627 car 0
451 504 558 504 558 559 451 559 truck 0
362 426 499 426 499 487 362 487 car 0
198 420 339 420 339 475 198 475 car 0
30 418 178 418 178 474 30 474 car 0
253 488 401 488 401 545 253 545 car 0
478 812 622 812 622 871 478 871 car 0
466 1050 622 1050 622 1114 466 1114 car 0
458 1111 614 1111 614 1175 458 1175 car 0
454 1173 610 1173 610 1237 454 1237 car 0
779 992 891 992 891 1106 779 1106 car 0
818 1039 934 1039 934 1156 818 1156 car 0
633 859 710 859 710 977 633 977 truck 0
688 898 785 898 785 1026 688 1026 truck 0
1512 940 1561 940 1561 1046 1512 1046 truck 0
1443 1011 1497 1011 1497 1138 1443 1138 truck 0
1511 1087 1568 1087 1568 1207 1511 1207 truck 0
1363 1515 1420 1515 1420 1630 1363 1630 truck 0
1352 1821 1418 1821 1418 1944.9999999999998 1352 1944.9999999999998 truck 0
1487 1535 1560 1535 1560 1799 1487 1799 truck 0
1439 1359 1494 1359 1494 1457 1439 1457 car 0
1433 1493 1492 1493 1492 1625 1433 1625 car 0
912 1212 1041 1212 1041 1312 912 1312 car 0
947 1347 1055 1347 1055 1415 947 1415 car 0
941 1407 1073 1407 1073 1468 941 1468 car 0
945 1473 1074 1473 1074 1533 945 1533 car 0
1371 1033 1418 1033 1418 1136 1371 1136 car 0
1490 1943 1551 1943 1551 2064 1490 2064 truck 0