1275 1087 1317 1087 1317 1146 1275 1146 bicycle 0
2991 669 3081 669 3081 715.0000000000001 2991 715.0000000000001 bicycle 0
1438 1507 1481 1507 1481 1575 1438 1575 bicycle 0
273 531 419 531 419 592 273 592 truck 0
190 680 358 680 358 745 190 745 truck 0
579 651 714 651 714 719 579 719 truck 0
997 545 1120 545 1120 603 997 603 truck 0
1547 551 1681 551 1681 616 1547 616 truck 0
1811 477 1954.0000000000002 477 1954.0000000000002 536 1811 536 truck 0
2241 306 2432 306 2432 380 2241 380 truck 0
2113 550 2251 550 2251 616 2113 616 truck 0
1937.9999999999998 627 2067 627 2067 684 1937.9999999999998 684 truck 0
2713 410 2860 410 2860 478 2713 478 truck 0
3123 474 3258 474 3258 537 3123 537 truck 0
3191 772 3317 772 3317 837 3191 837 truck 0
1481 1650 1557 1650 1557 1915 1481 1915 truck 0
1258 1569 1338 1569 1338 1759 1258 1759 truck 0
520 1072 628 1072 628 1127 520 1127 truck 0
176 604 323 604 323 669 176 669 car 0
591 434 719 434 719 495 591 495 car 0
1011.0000000000001 646 1144 646 1144 707 1011.0000000000001 707 car 0
1201 400 1320 400 1320 463 1201 463 car 0
1538 410 1675 410 1675 472 1538 472 car 0
1614 659 1717 659 1717 719 1614 719 car 0
481.00000000000006 892 625 892 625 951 481.00000000000006 951 car 0
487 953 620 953 620 1010 487 1010 car 0
516 1012 626 1012 626 1072 516 1072 car 0
476 1131 617 1131 617 1193 476 1193 car 0
472 1196 608 1196 608 1251 472 1251 car 0
470 1259 604 1259 604 1313 470 1313 car 0
741 1006 841 1006 841 1134 741 1134 car 0
937 1418 1063 1418 1063 1481 937 1481 car 0
932 1487 1066 1487 1066 1539.9999999999998 932 1539.9999999999998 car 0
917 1551 1066 1551 1066 1607 917 1607 car 0
910 1275 1031 1275 1031 1363 910 1363 truck 0
791 1050 897 1050 897 1166 791 1166 truck 0
826 1115 935 1115 935 1210 826 1210 car 0
864 1166 981.0000000000001 1166 981.0000000000001 1260 864 1260 car 0
882 1225 1009.9999999999999 1225 1009.9999999999999 1306 882 1306 car 0
1508 880 1572 880 1572 1006 1508 1006 car 0
1437 1033 1491 1033 1491 1163 1437 1163 car 0
1496 1069 1560 1069 1560 1195 1496 1195 car 0
1431 1200 1494 1200 1494 1321 1431 1321 car 0
1497 1218 1551 1218 1551 1345 1497 1345 car 0
1494 1374 1551 1374 1551 1501 1494 1501 truck 0
1428 1368 1482 1368 1482 1495 1428 1495 truck 0
1293 1215 1366 1215 1366 1327 1293 1327 car 0
1360 1843 1410 1843 1410 1983 1360 1983 car 0
1261 1943 1344 1943 1344 2066 1261 2066 car 0
2108 413 2220 413 2220 471 2108 471 truck 0
2444 556 2566 556 2566 618 2444 618 car 0
3007 566 3126 566 3126 623.9999999999999 3007 623.9999999999999 car 0
3588 556 3719 556 3719 625 3588 625 car 0