469 581 532 581 532 627 469 627 bicycle 0
920 780 991 780 991 833 920 833 bicycle 0
1090 909 1138 909 1138 963 1090 963 bicycle 0
2151 498.00000000000006 2216 498.00000000000006 2216 542 2151 542 bicycle 0
2272 516 2357 516 2357 563 2272 563 bicycle 0
470 510 611 510 611 571 470 571 truck 0
613 590 881 590 881 710 613 710 truck 0
217 510 328 510 328 565 217 565 truck 0
1344 516 1478 516 1478 578 1344 578 truck 0
1405 595 1525 595 1525 657 1405 657 truck 0
1584 453 1719 453 1719 522 1584 522 truck 0
1396 977 1457 977 1457 1100 1396 1100 truck 0
1464 918 1517 918 1517 1045 1464 1045 truck 0
570 869 642 869 642 989 570 989 truck 0
723 991 832 991 832 1122 723 1122 truck 0
823 1156 962.0000000000001 1156 962.0000000000001 1261 823 1261 truck 0
415 1070 560 1070 560 1136 415 1136 truck 0
513 1285 658 1285 658 1366 513 1366 truck 0
1856 593 1996 593 1996 660 1856 660 truck 0
2869 577 2995 577 2995 640 2869 640 truck 0
2908 510 3036 510 3036 568 2908 568 truck 0
190 432 337 432 337 491 190 491 car 0
683 444 811 444 811 506 683 506 car 0
912 523 1042 523 1042 582 912 582 car 0
411 824 544 824 544 890 411 890 car 0
438 1016 558 1016 558 1070 438 1070 car 0
411 1132 548 1132 548 1191 411 1191 car 0
400 1189 544 1189 544 1260 400 1260 car 0
896 1360 1011.0000000000001 1360 1011.0000000000001 1418 896 1418 car 0
892 1423 1031 1423 1031 1480 892 1480 car 0
899 1487 1027 1487 1027 1553 899 1553 car 0
1154 455 1285 455 1285 505 1154 505 car 0
1541 231 1673 231 1673 293 1541 293 car 0
1462 732 1517 732 1517 824 1462 824 car 0
1254 1205 1328 1205 1328 1324 1254 1324 car 0
1238 1715 1308 1715 1308 1839 1238 1839 car 0
1470 1080 1525 1080 1525 1169 1470 1169 car 0
1394 1159 1449 1159 1449 1294 1394 1294 car 0
1899 522 2040 522 2040 582 1899 582 car 0
2015.0000000000002 306 2141 306 2141 366 2015.0000000000002 366 car 0
2242 365 2374 365 2374 424 2242 424 car 0
2278 449 2403 449 2403 507 2278 507 car 0
2537 236 2665 236 2665 298 2537 298 car 0
2667 446.99999999999994 2771 446.99999999999994 2771 506 2667 506 car 0
2446 644 2588 644 2588 706 2446 706 car 0
2499 515 2633 515 2633 580.0000000000001 2499 580.0000000000001 car 0
2998 660 3135 660 3135 728 2998 728 car 0
3358 341 3492 341 3492 401 3358 401 car 0
3370 445 3503 445 3503 498.00000000000006 3370 498.00000000000006 car 0
3570 245 3700 245 3700 320 3570 320 car 0
3696 499 3829 499 3829 562 3696 562 car 0
1782 714 1885 714 1885 798 1782 798 car 0