743 243 957 243 957 305 743 305 truck 0
1376 462 1498 462 1498 686 1376 686 truck 0
2186 207 2467 207 2467 288 2186 288 truck 0
2588 373.99999999999994 2857 373.99999999999994 2857 433 2588 433 truck 0
2934 212 3217 212 3217 290.00000000000006 2934 290.00000000000006 truck 0
3105 329 3162 329 3162 362 3105 362 bicycle 0
1498 1259 1538 1259 1538 1309 1498 1309 bicycle 0
112 448 181 448 181 479 112 479 bicycle 0
153 619 303 619 303 662 153 662 truck 0
2984 683 3096 683 3096 726.0000000000001 2984 726.0000000000001 car 0
1919 393 2029.0000000000002 393 2029.0000000000002 438 1919 438 truck 0
2293 402 2438 402 2438 459 2293 459 car 0
1641 426 1717 426 1717 471 1641 471 car 0
1691 276 1791 276 1791 317 1691 317 car 0
1210 340 1279 340 1279 395 1210 395 car 0
1217 236 1336 236 1336 264 1217 264 car 0
467 819 574 819 574 874 467 874 car 0
462 882.9999999999999 581 882.9999999999999 581 950 462 950 car 0
529 959 596 959 596 1012 529 1012 car 0
486 1014 607 1014 607 1079 486 1079 car 0
488 1079 588 1079 588 1126 488 1126 car 0
443 1121 593 1121 593 1195 443 1195 car 0
457 1186 598 1186 598 1255 457 1255 car 0
600 838 660 838 660 959 600 959 car 0
696 940 703 940 703 1029 696 1029 car 0
755 936 819 936 819 1031 755 1031 car 0
784 1000 867 1000 867 1090 784 1090 car 0
798 1062 915 1062 915 1138 798 1138 car 0
869 1131 981.0000000000001 1131 981.0000000000001 1183 869 1183 car 0
886 1183 967 1183 967 1250 886 1250 car 0
926 1219 991 1219 991 1302 926 1302 car 0
957 1374 1053 1374 1053 1417 957 1417 car 0
948 1452.0000000000002 1043 1452.0000000000002 1043 1490 948 1490 car 0
3 343 79 343 79 386 3 386 car 0
17 502 57 502 57 538 17 538 car 0
143 529 219 529 219 548 143 548 car 0
286 462 365 462 365 483 286 483 car 0
305 536 398 536 398 564 305 564 car 0
262 359 398 359 398 433 262 433 car 0
405 467 538 467 538 500 405 500 car 0
424 536 457 536 457 559 424 559 car 0
474 243 574 243 574 288 474 288 car 0
636 355 762 355 762 417 636 417 car 0
588 445 688 445 688 505 588 505 car 0
550 526 703 526 703 579 550 579 car 0
748 457 867 457 867 512 748 512 car 0
948 467 1031 467 1031 514 948 514 car 0
755 517 865 517 865 576 755 576 car 0
919 538 974 538 974 569 919 569 car 0
693 600 819 600 819 638 693 638 car 0
831 593 946 593 946 645 831 645 car 0
996.0000000000001 619 1055 619 1055 662 996.0000000000001 662 car 0
1438 964 1474 964 1474 1057 1438 1057 car 0
1503 838 1543 838 1543 924 1503 924 car 0
1486 983 1562 983 1562 1107 1486 1107 car 0
1503 1133 1546 1133 1546 1231 1503 1231 car 0
1424 1129 1479 1129 1479 1225.9999999999998 1424 1225.9999999999998 car 0
1357 1338 1396 1338 1396 1438 1357 1438 car 0
1417 1257 1486 1257 1486 1402 1417 1402 car 0
1429 1436 1481 1436 1481 1514 1429 1514 car 0
1491 1467 1543 1467 1543 1555 1491 1555 car 0
1419 1583 1503 1583 1503 1690 1419 1690 car 0
1434 1738 1476 1738 1476 1831 1434 1831 car 0
1284 1505 1322 1505 1322 1586 1284 1586 car 0
1276 1607 1331 1607 1331 1707 1276 1707 car 0
1288 1743 1324 1743 1324 1826 1288 1826 car 0
1284 1879.0000000000002 1343 1879.0000000000002 1343 1971 1284 1971 car 0
1381 2057 1429 2057 1429 2155 1381 2155 car 0
1365 1688 1412 1688 1412 1779 1365 1779 car 0
1496 1879.0000000000002 1546 1879.0000000000002 1546 1974 1496 1974 car 0