601 531 687 531 687 577 601 577 bicycle 0
2855 369 2926 369 2926 403 2855 403 bicycle 0
3022 693 3093 693 3093 725 3022 725 bicycle 0
1466 903 1522 903 1522 971 1466 971 bicycle 0
926 781 981.0000000000001 781 981.0000000000001 830 926 830 bicycle 0
307 503 449 503 449 572 307 572 truck 0
446 434 575 434 575 495 446 495 truck 0
558 863 626 863 626 989 558 989 truck 0
710 1000 825 1000 825 1119 710 1119 truck 0
814 1159 944 1159 944 1265 814 1265 truck 0
396 1072 551 1072 551 1130 396 1130 truck 0
396 1253 531 1253 531 1321 396 1321 truck 0
1388 990 1451 990 1451 1125 1388 1125 truck 0
1393 1448 1446 1448 1446 1557 1393 1557 truck 0
1110 309 1237 309 1237 360 1110 360 truck 0
997 451 1126 451 1126 503 997 503 truck 0
1122 872.0000000000001 1311 872.0000000000001 1311 1137 1122 1137 truck 0
1920 600 2190 600 2190 742 1920 742 truck 0
1929 300 2069 300 2069 359 1929 359 truck 0
2857 448 2984 448 2984 508.99999999999994 2857 508.99999999999994 truck 0
2796 527 2946 527 2946 581 2796 581 truck 0
3310 437 3441 437 3441 498.00000000000006 3310 498.00000000000006 truck 0
67 340 199 340 199 396 67 396 car 0
394 833 543 833 543 886 394 886 car 0
184 586 337 586 337 645 184 645 car 0
426 1021 549 1021 549 1074 426 1074 car 0
393 1137 537 1137 537 1193 393 1193 car 0
384 1200 541 1200 541 1254 384 1254 car 0
896 1360 990 1360 990 1416 896 1416 car 0
884 1424 1013.9999999999999 1424 1013.9999999999999 1490 884 1490 car 0
881 1492 1017 1492 1017 1554 881 1554 car 0
673 580.0000000000001 805 580.0000000000001 805 650 673 650 car 0
987.9999999999999 508.99999999999994 1131 508.99999999999994 1131 574 987.9999999999999 574 car 0
1281 462 1413 462 1413 533 1281 533 car 0
1264 584 1391 584 1391 643 1264 643 car 0
1452 766 1516 766 1516 860 1452 860 car 0
1452 1016 1514 1016 1514 1151 1452 1151 car 0
1393 1153 1454 1153 1454 1283 1393 1283 car 0
1455 1207 1526 1207 1526 1303 1455 1303 car 0
1390 1321 1454 1321 1454 1421 1390 1421 car 0
1393 1610 1460 1610 1460 1724 1393 1724 car 0
1313 1634 1390 1634 1390 1762 1313 1762 car 0
1682 233 1819 233 1819 295 1682 295 car 0
1588 301.00000000000006 1691 301.00000000000006 1691 346 1588 346 car 0
1784 375 1907 375 1907 440 1784 440 car 0
1982 363.00000000000006 2114 363.00000000000006 2114 425.00000000000006 1982 425.00000000000006 car 0
1838 513 1967 513 1967 584 1838 584 car 0
2044.0000000000002 450 2170 450 2170 512 2044.0000000000002 512 car 0
3160 281 3308 281 3308 343 3160 343 car 0
2614 300 2752 300 2752 353 2614 353 car 0
2449 512 2584 512 2584 571 2449 571 car 0
3232 519 3347 519 3347 572 3232 572 car 0
3517 228 3652 228 3652 301.00000000000006 3517 301.00000000000006 car 0
3544 351 3687 351 3687 410 3544 410 car 0
1581 522 1716 522 1716 575 1581 575 truck 0