3182 314 3311 314 3311 370 3182 370 truck 0
3412 380 3544 380 3544 438 3412 438 truck 0
3687 250 3804 250 3804 306 3687 306 car 0
2207 623 2304 623 2304 688 2207 688 car 0
1835 512 1970.0000000000002 512 1970.0000000000002 571 1835 571 car 0
1830 700 1943 700 1943 799 1830 799 car 0
1866 250 1996 250 1996 303 1866 303 car 0
1822 314 1943 314 1943 376 1822 376 car 0
2019 323 2107 323 2107 370 2019 370 car 0
1939.0000000000002 386 2067 386 2067 436.00000000000006 1939.0000000000002 436.00000000000006 car 0
2100 382 2220 382 2220 446 2100 446 car 0
2190 311.99999999999994 2324 311.99999999999994 2324 378 2190 378 car 0
2266 388 2387 388 2387 438 2266 438 car 0
2408 316 2522 316 2522 367 2408 367 car 0
2410 383 2536 383 2536 439 2410 439 car 0
2562 318 2692 318 2692 375 2562 375 car 0
2724 316 2858 316 2858 368 2724 368 car 0
2595 387 2695 387 2695 432 2595 432 car 0
2744 387 2880 387 2880 446.99999999999994 2744 446.99999999999994 truck 0
1764 380 1894 380 1894 438 1764 438 truck 0
1688 248 1760 248 1760 284 1688 284 bicycle 0
1778 244 1854 244 1854 279 1778 279 bicycle 0
1710 316 1787 316 1787 356 1710 356 bicycle 0
1080 634 1140 634 1140 663 1080 663 bicycle 0
1122 663 1192 663 1192 690 1122 690 bicycle 0
531 598 619 598 619 630 531 630 bicycle 0
944 520 1068 520 1068 575 944 575 truck 0
787 508 910 508 910 566 787 566 truck 0
686 440 816 440 816 499 686 499 truck 0
454 503 579 503 579 556 454 556 truck 0
320 431 480 431 480 486 320 486 truck 0
258 494 379 494 379 556 258 556 truck 0
75 490 223 490 223 554 75 554 truck 0
598 854 682 854 682 975 598 975 truck 0
655 896 752 896 752 1015 655 1015 truck 0
874 443 975 443 975 498.00000000000006 874 498.00000000000006 car 0
950 596 1078 596 1078 655 950 655 car 0
819 563 948 563 948 618 819 618 car 0
611 506 744 506 744 562 611 562 car 0
496.00000000000006 432 639 432 639 491 496.00000000000006 491 car 0
164 422 300 422 300 480 164 480 car 0
1474 766 1532 766 1532 898 1474 898 car 0
1471 950 1531 950 1531 1079 1471 1079 car 0
1407 979 1458 979 1458 1103 1407 1103 car 0
751 986 856 986 856 1098 751 1098 car 0
788 1032 902 1032 902 1148 788 1148 car 0
446 802 579 802 579 874 446 874 car 0
442 1048 586 1048 586 1104 442 1104 car 0
439 1111 583 1111 583 1167 439 1167 car 0
436 1170 580 1170 580 1225.9999999999998 436 1225.9999999999998 car 0
883 1203 1006 1203 1006 1298 883 1298 car 0
924 1339.0000000000002 1023 1339.0000000000002 1023 1403 924 1403 car 0
912 1394 1046 1394 1046 1460 912 1460 car 0
914 1462 1044 1462 1044 1523 914 1523 car 0
1530 1286 1584 1286 1584 1406 1530 1406 truck 0
2484 532 2604 532 2604 584 2484 584 truck 0