3464 396 3606 396 3606 459 3464 459 car 0
3160 400 3299 400 3299 468 3160 468 truck 0
2652 396 2786 396 2786 463 2652 463 car 0
2995 475 3135 475 3135 544 2995 544 car 0
2855 550 2987 550 2987 603 2855 603 car 0
2831 634 2939 634 2939 687 2831 687 car 0
3347 550 3499 550 3499 603 3347 603 truck 0
3291 631 3398 631 3398 686 3291 686 truck 0
3355 335 3478 335 3478 395 3355 395 truck 0
2851 395 2972 395 2972 460 2851 460 truck 0
2998 402 3124 402 3124 457 2998 457 car 0
2680 321 2819 321 2819 381 2680 381 car 0
3561 488 3686 488 3686 545 3561 545 car 0
3691 551 3821 551 3821 603 3691 603 car 0
3654 330 3794 330 3794 388 3654 388 truck 0
2499 480 2627 480 2627 533 2499 533 truck 0
2240 547 2365 547 2365 608 2240 608 truck 0
2005.9999999999998 539 2117 539 2117 600 2005.9999999999998 600 truck 0
1866 234 2151 234 2151 317 1866 317 truck 0
2698 563 2755 563 2755 588 2698 588 bicycle 0
2479 388 2615 388 2615 458 2479 458 car 0
2138 393 2279 393 2279 460 2138 460 car 0
2114 323 2239 323 2239 375 2114 375 car 0
1970.0000000000002 393 2100 393 2100 454 1970.0000000000002 454 car 0
1890 466 2019 466 2019 532 1890 532 car 0
2326 392 2444 392 2444 451 2326 451 truck 0
1810 388 1934 388 1934 445 1810 445 car 0
1710 319 1834 319 1834 376 1710 376 car 0
1462 465 1570 465 1570 524 1462 524 car 0
1377 536 1524 536 1524 594 1377 594 car 0
496.00000000000006 302 631 302 631 367 496.00000000000006 367 car 0
1505 765 1565 765 1565 899 1505 899 car 0
1442 1201 1493 1201 1493 1330 1442 1330 car 0
1499 1253 1562 1253 1562 1384 1499 1384 car 0
1553 707 1579 707 1579 761 1553 761 bicycle 0
1337 307 1471 307 1471 373.99999999999994 1337 373.99999999999994 truck 0
1088 454 1224 454 1224 514 1088 514 truck 0
1009.9999999999999 524 1142 524 1142 588 1009.9999999999999 588 truck 0
687 511 842 511 842 573 687 573 truck 0
657 442 785 442 785 505 657 505 truck 0
401 564 645 564 645 628 401 628 truck 0
334 485 453 485 453 557 334 557 truck 0
633 856 719 856 719 981 633 981 truck 0
690 890 787 890 787 1025 690 1025 truck 0
482 816 617 816 617 871 482 871 car 0
473 1054 627 1054 627 1112.9999999999998 473 1112.9999999999998 car 0
470 1114 624 1114 624 1171 470 1171 car 0
467 1170 622 1170 622 1237 467 1237 car 0
781 985.0000000000001 887 985.0000000000001 887 1110 781 1110 car 0
814 1044 934 1044 934 1161 814 1161 car 0
908 1208 1045 1208 1045 1313 908 1313 car 0
959 1348 1068 1348 1068 1411 959 1411 car 0
944 1404 1079 1404 1079 1473 944 1473 car 0
944 1471 1082 1471 1082 1531 944 1531 car 0
1444 1359 1491 1359 1491 1454 1444 1454 car 0
1439 1495.9999999999998 1488 1495.9999999999998 1488 1627 1439 1627 car 0
1436 1676 1493 1676 1493 1807 1436 1807 car 0
1301 1941 1351 1941 1351 2071 1301 2071 car 0
1439 1007.0000000000001 1502 1007.0000000000001 1502 1134 1439 1134 truck 0
1513 936 1564 936 1564 1045 1513 1045 truck 0
1514 1087 1567 1087 1567 1204.0000000000002 1514 1204.0000000000002 truck 0
1490 1391 1564 1391 1564 1659 1490 1659 truck 0
1501 1676 1553 1676 1553 1809.9999999999998 1501 1809.9999999999998 truck 0
1362 1836 1416 1836 1416 1967 1362 1967 truck 0
1562 1794 1594 1794 1594 1856 1562 1856 bicycle 0