276 537 417 537 417 590 276 590 car 0
467 555 599 555 599 608 467 608 car 0
187 293 284 293 284 349 187 349 car 0
861 452 990 452 990 520 861 520 car 0
920 340 1037 340 1037 420 920 420 car 0
649 540 773 540 773 602.0000000000001 649 602.0000000000001 car 0
799 528 914 528 914 605 799 605 car 0
961 558 1111 558 1111 614 961 614 car 0
234 602.0000000000001 387 602.0000000000001 387 678 234 678 car 0
431 622 579 622 579 681 431 681 car 0
602 620 726 620 726 687 602 687 car 0
805 634 931 634 931 681 805 681 car 0
964 622 1079 622 1079 681 964 681 car 0
1814 484 1940.0000000000002 484 1940.0000000000002 537 1814 537 car 0
1952.9999999999998 480 2092 480 2092 533 1952.9999999999998 533 car 0
1831 408 1950 408 1950 463 1831 463 car 0
2019.9999999999998 415 2139 415 2139 471 2019.9999999999998 471 car 0
2229 416 2342 416 2342 466 2229 466 car 0
2412 404 2507 404 2507 454 2412 454 car 0
2573 401 2690 401 2690 469 2573 469 car 0
2732 373.99999999999994 2854 373.99999999999994 2854 440 2732 440 car 0
2886 399 2992 399 2992 458 2886 458 car 0
3042 393 3189 393 3189 460 3042 460 car 0
2489 480 2593 480 2593 535 2489 535 car 0
2992 463 3136 463 3136 529 2992 529 car 0
3162 463 3334 463 3334 527 3162 527 car 0
3426 454 3565 454 3565 519 3426 519 car 0
3182 766 3298 766 3298 808 3182 808 car 0
1311 1302 1390 1302 1390 1430.0000000000002 1311 1430.0000000000002 car 0
1442 1397 1481 1397 1481 1502 1442 1502 car 0
1498 1607 1545 1607 1545 1752 1498 1752 car 0
1268 1809.9999999999998 1320 1809.9999999999998 1320 1932 1268 1932 car 0
1274 1955 1322 1955 1322 2086 1274 2086 car 0
459 906 598 906 598 971 459 971 car 0
478 969 583 969 583 1029 478 1029 car 0
502 1049 594 1049 594 1082 502 1082 car 0
496.00000000000006 1055 613 1055 613 1138 496.00000000000006 1138 car 0
442 1153 604 1153 604 1214 442 1214 car 0
418 1210 598 1210 598 1269 418 1269 car 0
437 1288 615 1288 615 1375 437 1375 car 0
735 1012 800 1012 800 1151 735 1151 car 0
757 1064 878 1064 878 1188 757 1188 car 0
809 1123 905 1123 905 1249 809 1249 car 0
841 1190 964.9999999999999 1190 964.9999999999999 1268 841 1268 car 0
883 1240 987 1240 987 1319 883 1319 car 0
839 1299 1009 1299 1009 1388 839 1388 car 0
909 1434 1068 1434 1068 1492 909 1492 car 0
905 1495 1076 1495 1076 1566 905 1566 car 0
885 1595 1079 1595 1079 1621 885 1621 car 0
37 590 187 590 187 701 37 701 truck 0
2224 310 2402 310 2402 373 2224 373 truck 0
2173 484 2461 484 2461 525 2173 525 truck 0
2620 478 2873 478 2873 537 2620 537 truck 0
3443 637 3770 637 3770 734 3443 734 truck 0
3640 455 3814 455 3814 522 3640 522 truck 0
1314 61 1381 61 1381 184 1314 184 car 0