3687 211 3805 211 3805 307 3687 307 truck 0
2601 586 2737 586 2737 640 2601 640 truck 0
2141 373.99999999999994 2212 373.99999999999994 2212 404 2141 404 bicycle 0
2880 220 2944 220 2944 251 2880 251 bicycle 0
1281 704 1312 704 1312 755 1281 755 bicycle 0
1134 706 1203 706 1203 725 1134 725 bicycle 0
1013 663 1075 663 1075 693 1013 693 bicycle 0
1483 1087 1511 1087 1511 1148 1483 1148 bicycle 0
26 484 84 484 84 514 26 514 bicycle 0
270 596 332 596 332 622 270 622 bicycle 0
229 616 288 616 288 636 229 636 bicycle 0
1467 2034 1522 2034 1522 2150 1467 2150 truck 0
1414 1358 1461 1358 1461 1468 1414 1468 truck 0
1403 1183 1462 1183 1462 1299 1403 1299 truck 0
1473 792 1531 792 1531 901 1473 901 truck 0
78 488 208 488 208 546 78 546 truck 0
335 577 464 577 464 634 335 634 truck 0
921 516 1053 516 1053 574 921 574 truck 0
593 857 670 857 670 977 593 977 truck 0
646 895 742 895 742 1019 646 1019 truck 0
53 425.00000000000006 198 425.00000000000006 198 477 53 477 car 0
278 435 416 435 416 481 278 481 car 0
112 557 246.99999999999997 557 246.99999999999997 611 112 611 car 0
232 497 363 497 363 543 232 543 car 0
388 507 512 507 512 555 388 555 car 0
427 433 571 433 571 492 427 492 car 0
601 438 736 438 736 492 601 492 car 0
550 285 677 285 677 340 550 340 car 0
786 444 919 444 919 499 786 499 car 0
545 506 658 506 658 560 545 560 car 0
504 565 638 565 638 618 504 618 car 0
727 578 858 578 858 631 727 631 car 0
747 508 863 508 863 564 747 564 car 0
439 816 573 816 573 875 439 875 car 0
963 455 1101 455 1101 510 963 510 car 0
923 591.0000000000001 1060 591.0000000000001 1060 639 923 639 car 0
460 999 580 999 580 1057 460 1057 car 0
437 1057 580 1057 580 1115 437 1115 car 0
437 1114 581 1114 581 1170 437 1170 car 0
427 1174 573 1174 573 1238 427 1238 car 0
744 991 848 991 848 1099 744 1099 car 0
780 1043 893 1043 893 1146 780 1146 car 0
878 1210 1000.0000000000001 1210 1000.0000000000001 1303 878 1303 car 0
917 1344 1019 1344 1019 1403 917 1403 car 0
912 1403 1038 1403 1038 1465 912 1465 car 0
907 1475 1037 1475 1037 1527 907 1527 car 0
1341 723 1420 723 1420 840 1341 840 car 0
1318 953 1379 953 1379 1068 1318 1068 car 0
1474 939 1526 939 1526 1035 1474 1035 car 0
1406 1013 1458 1013 1458 1138 1406 1138 car 0
1471 1272 1528 1272 1528 1382.9999999999998 1471 1382.9999999999998 car 0
1406 1515 1463 1515 1463 1634 1406 1634 car 0
1260 1833 1310 1833 1310 1953 1260 1953 car 0
1413 1940 1463 1940 1463 2055 1413 2055 car 0
1940.0000000000002 317 2063 317 2063 375 1940.0000000000002 375 car 0
2470 673 2593 673 2593 715.0000000000001 2470 715.0000000000001 car 0
3257 671 3379 671 3379 726.0000000000001 3257 726.0000000000001 car 0
3599 463 3714 463 3714 518 3599 518 car 0
3706 538 3834 538 3834 593 3706 593 car 0