3595 362 3663 362 3663 394 3595 394 bicycle 0
3071 411 3210 411 3210 463 3071 463 truck 0
3718 408 3839 408 3839 471 3718 471 car 0
3765 311.99999999999994 3839 311.99999999999994 3839 373 3765 373 car 0
3367 404 3500 404 3500 463 3367 463 car 0
3113 342 3250 342 3250 398 3113 398 car 0
3270 274 3395 274 3395 337 3270 337 truck 0
3275 557 3411 557 3411 615 3275 615 truck 0
2814 339 2928 339 2928 396 2814 396 truck 0
1872 319 1996 319 1996 378 1872 378 truck 0
2450 388 2726 388 2726 463 2450 463 truck 0
1875 373.99999999999994 2136 373.99999999999994 2136 460 1875 460 truck 0
2091 354 2154 354 2154 383 2091 383 bicycle 0
2860 411 2995 411 2995 467 2860 467 car 0
2504 336 2630 336 2630 387 2504 387 car 0
2436 262 2534 262 2534 319 2436 319 car 0
2273 335 2379 335 2379 390 2273 390 car 0
1577 323 1706 323 1706 379 1577 379 car 0
1218 326 1316 326 1316 375 1218 375 car 0
1506 768 1566 768 1566 895 1506 895 car 0
997 455 1124 455 1124 505 997 505 car 0
1564 427 1661 427 1661 498.00000000000006 1564 498.00000000000006 car 0
1404 252 1534 252 1534 304 1404 304 truck 0
1368 714 1432 714 1432 826 1368 826 truck 0
1512 938 1560 938 1560 1051 1512 1051 truck 0
1435 1012 1494 1012 1494 1133 1435 1133 truck 0
1503 1090 1558 1090 1558 1206 1503 1206 truck 0
1360 980 1421 980 1421 1106 1360 1106 truck 0
362 194 654 194 654 287 362 287 truck 0
844 448 956 448 956 500 844 500 truck 0
788 512 902 512 902 563 788 563 truck 0
74 487 208 487 208 540 74 540 truck 0
1124 675 1194 675 1194 696 1124 696 bicycle 0
1184 716 1247 716 1247 754 1184 754 bicycle 0
942 518 1076 518 1076 572 942 572 car 0
708 582 839 582 839 628 708 628 car 0
568 576 698 576 698 631 568 631 car 0
448 499 570 499 570 559 448 559 truck 0
596 507 735 507 735 558 596 558 car 0
652 446 782 446 782 499 652 499 car 0
366 430 503 430 503 484 366 484 car 0
203 420 338 420 338 471 203 471 car 0
263 498.00000000000006 399 498.00000000000006 399 546 263 546 car 0
35 420 180 420 180 476 35 476 car 0
475 816 612 816 612 872.0000000000001 475 872.0000000000001 car 0
420 573 529 573 529 620 420 620 truck 0
255 569 326 569 326 601 255 601 bicycle 0
633 854 719 854 719 981 633 981 truck 0
687 901 784 901 784 1022 687 1022 truck 0
837 572 1119 572 1119 657 837 657 truck 0
1484 1931 1554 1931 1554 2159 1484 2159 truck 0
1351 1562 1410 1562 1410 1693 1351 1693 truck 0
1436 1202 1496 1202 1496 1328 1436 1328 car 0
1436 1493 1491 1493 1491 1623 1436 1623 car 0
1497 1434 1548 1434 1548 1565.0000000000002 1497 1565.0000000000002 car 0
951 1345 1059 1345 1059 1414 951 1414 car 0
939 1407 1077 1407 1077 1477 939 1477 car 0
939 1470 1077 1470 1077 1533 939 1533 car 0
910 1213 1041 1213 1041 1314 910 1314 car 0
821 1041 931 1041 931 1153 821 1153 car 0
777 985.0000000000001 884 985.0000000000001 884 1104 777 1104 car 0
464 1053 621 1053 621 1111 464 1111 car 0
464 1117 621 1117 621 1175 464 1175 car 0
459 1178 616 1178 616 1236 459 1236 car 0
1434 1364 1488 1364 1488 1456 1434 1456 car 0