1050 255 1303 255 1303 400 1050 400 truck 0
1829 233 2084 233 2084 307 1829 307 truck 0
2948 238 3169 238 3169 302 2948 302 truck 0
2948 386 3186 386 3186 445 2948 445 truck 0
3069 629 3276 629 3276 674 3069 674 truck 0
155 612 312 612 312 659 155 659 truck 0
3436 383 3603 383 3603 440 3436 440 truck 0
2315 248 2369 248 2369 286 2315 286 bicycle 0
2303 395 2357 395 2357 433 2303 433 bicycle 0
2374 407 2405 407 2405 457 2374 457 bicycle 0
2343 617 2424 617 2424 664 2343 664 bicycle 0
115 340 226 340 226 395 115 395 car 0
10 502 67 502 67 550 10 550 car 0
146 493 231 493 231 557 146 557 car 0
288 459 346 459 346 502 288 502 car 0
269 521 372 521 372 559 269 559 car 0
446 462 526 462 526 502 446 502 car 0
415 531 531 531 531 574 415 574 car 0
498.00000000000006 364 612 364 612 424 498.00000000000006 424 car 0
479 257 598 257 598 307 479 307 car 0
605 459 686 459 686 508.99999999999994 605 508.99999999999994 car 0
538 529 696 529 696 576 538 576 car 0
772 445 860 445 860 526 772 526 car 0
767 533 862 533 862 567 767 567 car 0
819 355 903 355 903 412 819 412 car 0
948 462 1050 462 1050 507 948 507 car 0
1081 398 1186 398 1186 488 1081 488 car 0
907 533 1019 533 1019 571 907 571 car 0
936 598 1110 598 1110 657 936 657 car 0
1210 102 1243 102 1243 221 1210 221 car 0
1826 340 1937.9999999999998 340 1937.9999999999998 381 1826 381 car 0
1253 2 1317 2 1317 50 1253 50 car 0
1876 386 1984.0000000000002 386 1984.0000000000002 440 1876 440 car 0
2026 333 2122 333 2122 395 2026 395 car 0
2053 400 2157 400 2157 462 2053 462 car 0
2181 267 2253 267 2253 319 2181 319 car 0
2169 329 2267 329 2267 379 2169 379 car 0
2184 409 2291 409 2291 459 2184 459 car 0
2334 333 2429 333 2429 376 2334 376 car 0
2436 400 2536 400 2536 452 2436 452 car 0
2515 331 2596 331 2596 379 2515 379 car 0
2474 259 2546 259 2546 311.99999999999994 2474 311.99999999999994 car 0
2643 255 2757 255 2757 298 2643 298 car 0
2681 324 2793 324 2793 379 2681 379 car 0
2603 400 2703 400 2703 443 2603 443 car 0
2781 395 2903 395 2903 431 2781 431 car 0
2860 324 2948 324 2948 376 2860 376 car 0
3069 329 3174 329 3174 373.99999999999994 3069 373.99999999999994 car 0
3303 386 3398 386 3398 433 3303 433 car 0
3653 400 3767 400 3767 431 3653 431 car 0
3788 238 3831 238 3831 293 3788 293 car 0
2560 536 2657 536 2657 581 2560 581 car 0
2788 686 2893 686 2893 731 2788 731 car 0
484 829 598 829 598 874 484 874 car 0
491 893 610 893 610 955 491 955 car 0
493 962 596 962 596 1007.0000000000001 493 1007.0000000000001 car 0
498.00000000000006 1019 624 1019 624 1064 498.00000000000006 1064 car 0
486 1079 610 1079 610 1124 486 1124 car 0
479 1129 598 1129 598 1198 479 1198 car 0
455 1200 598 1200 598 1257 455 1257 car 0
596 838 650 838 650 950 596 950 car 0
800 1000 862 1000 862 1095 800 1095 car 0
831 1059 926 1059 926 1133 831 1133 car 0
886 1114 953 1114 953 1179 886 1179 car 0
888 1174 1005 1174 1005 1214 888 1214 car 0
891 1225.9999999999998 1038 1225.9999999999998 1038 1309 891 1309 car 0
922 1357 1069 1357 1069 1419 922 1419 car 0
929 1421 1048 1421 1048 1493 929 1493 car 0
1255 1055 1334 1055 1334 1138 1255 1138 car 0
1438 1002 1479 1002 1479 1081 1438 1081 car 0
1486 812 1569 812 1569 904.9999999999999 1486 904.9999999999999 car 0
1434 1112 1472 1112 1472 1257 1434 1257 car 0
1503 1095 1555 1095 1555 1219 1503 1219 car 0
1441 1283 1498 1283 1498 1376 1441 1376 car 0
1507 1369 1560 1369 1560 1440 1507 1440 car 0
1441 1445 1493 1445 1493 1543 1441 1543 car 0
1455 1659 1510 1659 1510 1750 1455 1750 car 0
1281 1505 1331 1505 1331 1571 1281 1571 car 0
1281 1630.9999999999998 1341 1630.9999999999998 1341 1721 1281 1721 car 0
1281 1759 1343 1759 1343 1845 1281 1845 car 0
1288 1888 1338 1888 1338 2002 1288 2002 car 0