654 580.0000000000001 755 580.0000000000001 755 630 654 630 bicycle 0
978 593 1058 593 1058 636 978 636 bicycle 0
1219 106 1273 106 1273 180 1219 180 bicycle 0
1344 300 1401 300 1401 363.00000000000006 1344 363.00000000000006 bicycle 0
1319 618 1379 618 1379 681 1319 681 bicycle 0
1681 239 1741 239 1741 277 1681 277 bicycle 0
1651 324 1711 324 1711 368 1651 368 bicycle 0
1675 390 1744 390 1744 427 1675 427 bicycle 0
1810 204 1872 204 1872 242 1810 242 bicycle 0
931 783 983.9999999999999 783 983.9999999999999 830 931 830 bicycle 0
1093 912 1146 912 1146 968 1093 968 bicycle 0
482 293 629 293 629 362 482 362 truck 0
72 501 194 501 194 574 72 574 truck 0
711 446 857 446 857 507 711 507 truck 0
819 592 954 592 954 656 819 656 truck 0
569 866 654 866 654 998 569 998 truck 0
417 1071 567 1071 567 1134 417 1134 truck 0
388 1254 543 1254 543 1318 388 1318 truck 0
722 1001 837 1001 837 1118 722 1118 truck 0
828 1160.0000000000002 952 1160.0000000000002 952 1272 828 1272 truck 0
670 357 813 357 813 409 670 409 truck 0
1963 233 2113 233 2113 289 1963 289 truck 0
1967 304 2114 304 2114 360 1967 360 truck 0
1755 380 1884 380 1884 437 1755 437 truck 0
1926 380 2049 380 2049 439 1926 439 truck 0
2290 375 2425 375 2425 437 2290 437 truck 0
2622 300 2749 300 2749 356 2622 356 truck 0
2790 301.00000000000006 2929 301.00000000000006 2929 357 2790 357 truck 0
2460 663 2604 663 2604 721 2460 721 truck 0
2655 610 2926 610 2926 704 2655 704 truck 0
2491 360 2760 360 2760 436.00000000000006 2491 436.00000000000006 truck 0
2788 362 3072 362 3072 434 2788 434 truck 0
266 510 410 510 410 569 266 569 car 0
41 436.00000000000006 182 436.00000000000006 182 492 41 492 car 0
488 440 632 440 632 510 488 510 car 0
476 513 626 513 626 580.0000000000001 476 580.0000000000001 car 0
667 519 794 519 794 577 667 577 car 0
893 443 1043 443 1043 508.99999999999994 893 508.99999999999994 car 0
888 519 1029 519 1029 578 888 578 car 0
401 824 558 824 558 895 401 895 car 0
449 1016 569 1016 569 1072 449 1072 car 0
408 1134 557 1134 557 1190 408 1190 car 0
404 1195 555 1195 555 1254 404 1254 car 0
907 1365 1009.9999999999999 1365 1009.9999999999999 1419 907 1419 car 0
882 1425 1029 1425 1029 1486 882 1486 car 0
902 1489 1026 1489 1026 1553 902 1553 car 0
1263 1848 1322 1848 1322 1972 1263 1972 car 0
1405 1375 1464 1375 1464 1495 1405 1495 car 0
1804 311.99999999999994 1932.0000000000002 311.99999999999994 1932.0000000000002 363.00000000000006 1804 363.00000000000006 car 0
1799 245 1926 245 1926 295 1799 295 car 0
2122 380 2258 380 2258 439 2122 439 car 0
2207 303 2332 303 2332 369 2207 369 car 0
2361 310 2499 310 2499 362 2361 362 car 0
2037.0000000000002 618 2176 618 2176 687 2037.0000000000002 687 car 0
2404 534 2560 534 2560 607 2404 607 car 0
3288 510 3429 510 3429 572 3288 572 car 0
3096 657 3234 657 3234 722 3096 722 car 0
3699 660 3838 660 3838 724 3699 724 car 0
3735 365 3839 365 3839 412 3735 412 truck 0