947 448 1023 448 1023 487 947 487 bicycle 0
1681 375 1740 375 1740 413 1681 413 bicycle 0
923 771 972.9999999999999 771 972.9999999999999 818 923 818 bicycle 0
1084 904 1138 904 1138 962 1084 962 bicycle 0
2137 639 2216 639 2216 683 2137 683 bicycle 0
564 853 632 853 632 980 564 980 truck 0
410 1059 552 1059 552 1119 410 1119 truck 0
399 1242 531 1242 531 1313 399 1313 truck 0
719 986 819 986 819 1104 719 1104 truck 0
816 1151 947 1151 947 1259 816 1259 truck 0
1514 1416 1590 1416 1590 1684 1514 1684 truck 0
1391 972 1443 972 1443 1103 1391 1103 truck 0
1458 916 1513 916 1513 1031 1458 1031 truck 0
1404 1466 1447 1466 1447 1568 1404 1568 truck 0
1301 1495.9999999999998 1363 1495.9999999999998 1363 1610 1301 1610 truck 0
1091 434 1225 434 1225 506 1091 506 truck 0
482 490 620 490 620 562 482 562 truck 0
1452 443 1588 443 1588 498.00000000000006 1452 498.00000000000006 truck 0
1661 527 1782 527 1782 583 1661 583 truck 0
1757 372 1879 372 1879 431 1757 431 truck 0
1929 372 2046 372 2046 434 1929 434 truck 0
2310 363.00000000000006 2437 363.00000000000006 2437 425.00000000000006 2310 425.00000000000006 truck 0
1684 450 1782 450 1782 512 1684 512 truck 0
2547 445 2685 445 2685 508.99999999999994 2547 508.99999999999994 truck 0
2857 518 2996 518 2996 581 2857 581 truck 0
3110 228 3246 228 3246 292 3110 292 truck 0
3082 346 3379 346 3379 427 3082 427 truck 0
3354 575 3475 575 3475 636 3354 636 truck 0
2846 601 2973 601 2973 662 2846 662 truck 0
2808 440 2943 440 2943 501 2808 501 truck 0
2076 518 2210 518 2210 583 2076 583 truck 0
1064 516 1219 516 1219 589 1064 589 truck 0
293 206 420 206 420 274 293 274 car 0
328 327 463 327 463 387 328 387 car 0
399 816 538 816 538 877 399 877 car 0
599 434 713 434 713 496 599 496 car 0
569 580.0000000000001 704 580.0000000000001 704 636 569 636 car 0
428 1012 543 1012 543 1065 428 1065 car 0
399 1130 546 1130 546 1184 399 1184 car 0
394 1189 541 1189 541 1242 394 1242 car 0
891 1356 1001 1356 1001 1412 891 1412 car 0
885 1416 1020 1416 1020 1480 885 1480 car 0
878 1480 1017 1480 1017 1546 878 1546 car 0
1240 1869 1308 1869 1308 1984 1240 1984 car 0
1532 1986 1601 1986 1601 2100 1532 2100 car 0
1390 1160.0000000000002 1457 1160.0000000000002 1457 1284 1390 1284 car 0
1458 1071 1532 1071 1532 1174 1458 1174 car 0
1447 722 1519 722 1519 822 1447 822 car 0
1447 219 1579 219 1579 287 1447 287 car 0
1378 303 1510 303 1510 373.99999999999994 1378 373.99999999999994 car 0
1945.9999999999998 442 2082 442 2082 510 1945.9999999999998 510 car 0
2125 369 2263 369 2263 439 2125 439 car 0
2228 446 2351 446 2351 510 2228 510 car 0
2411 609 2547 609 2547 674 2411 674 car 0
2466 527 2601 527 2601 583 2466 583 car 0
3172 450 3305 450 3305 508.99999999999994 3172 508.99999999999994 car 0
3375 286 3488 286 3488 354 3375 354 car 0
3297 504 3434 504 3434 562 3297 562 car 0
3749 521 3839 521 3839 577 3749 577 car 0
3708 654 3839 654 3839 718 3708 718 car 0
997 734 1132 734 1132 839 997 839 car 0
1293 2003 1354 2003 1354 2159 1293 2159 truck 0