483.00000000000006 630 560 630 560 666 483.00000000000006 666 bicycle 0
36 564 117 564 117 605 36 605 bicycle 0
13 496 78 496 78 543 13 543 bicycle 0
2008 323 2060 323 2060 359 2008 359 bicycle 0
2617 318 2694 318 2694 357 2617 357 bicycle 0
356 502 493.99999999999994 502 493.99999999999994 559 356 559 truck 0
565 512 695 512 695 573 565 573 truck 0
910 452 1047 452 1047 508.99999999999994 910 508.99999999999994 truck 0
390 575 520 575 520 623 390 623 truck 0
588 859 654 859 654 994 588 994 truck 0
740 996.0000000000001 844 996.0000000000001 844 1116 740 1116 truck 0
424 1066 572 1066 572 1132 424 1132 truck 0
838 1155 968.9999999999999 1155 968.9999999999999 1262 838 1262 truck 0
426 1127 579 1127 579 1194 426 1194 car 0
415 827 570 827 570 880 415 880 car 0
426 1198 567 1198 567 1253 426 1253 car 0
908 1359 1028 1359 1028 1416 908 1416 car 0
904 1416 1042 1416 1042 1478 904 1478 car 0
911 1487 1044 1487 1044 1550 911 1550 car 0
406 278 538 278 538 339 406 339 car 0
15 286 165 286 165 348 15 348 car 0
137 435 281 435 281 489 137 489 car 0
154 505 303 505 303 564 154 564 car 0
149 568 301 568 301 625 149 625 car 0
3 428 110 428 110 484 3 484 car 0
317 434 470 434 470 493 317 493 car 0
520 443 665 443 665 503 520 503 car 0
694 439 835 439 835 502 694 502 car 0
747 521 881 521 881 577 747 577 car 0
653 587 792 587 792 653 653 653 car 0
813 591.0000000000001 926 591.0000000000001 926 650 813 650 car 0
964.9999999999999 512 1069 512 1069 578 964.9999999999999 578 car 0
990 593 1133 593 1133 662 990 662 car 0
1304 180 1395 180 1395 311.99999999999994 1304 311.99999999999994 car 0
1244 1569 1305 1569 1305 1692 1244 1692 car 0
1252 1690 1322 1690 1322 1807 1252 1807 car 0
1261 1834 1335 1834 1335 1956 1261 1956 car 0
1967 360 2252 360 2252 446 1967 446 truck 0
2411 216 2616 216 2616 292 2411 292 truck 0
2296 304 2443 304 2443 362 2296 362 truck 0
2482 301.00000000000006 2593 301.00000000000006 2593 359 2482 359 truck 0
2357 369 2488 369 2488 430 2357 430 truck 0
2566 372 2694 372 2694 437 2566 437 truck 0
1844 228 1973 228 1973 289 1844 289 car 0
1884 303 2004 303 2004 353 1884 353 car 0
1816 373.99999999999994 1937.9999999999998 373.99999999999994 1937.9999999999998 437 1816 437 car 0
2081 309 2216 309 2216 369 2081 369 car 0
2752 369 2881 369 2881 425.00000000000006 2752 425.00000000000006 car 0
3193 233 3328 233 3328 292 3193 292 car 0
451 1012 573 1012 573 1062 451 1062 car 0