1011.0000000000001 468 1097 468 1097 519 1011.0000000000001 519 bicycle 0
928 609 1002.9999999999999 609 1002.9999999999999 660 928 660 bicycle 0
1002.9999999999999 612 1067 612 1067 659 1002.9999999999999 659 bicycle 0
1063 634 1133 634 1133 687 1063 687 bicycle 0
961 100 1099 100 1099 169 961 169 truck 0
442 1078 597 1078 597 1143 442 1143 truck 0
440 1143 587 1143 587 1200 440 1200 truck 0
603 880 679 880 679 998 603 998 truck 0
753 1010 860 1010 860 1123 753 1123 truck 0
853 1161 987.9999999999999 1161 987.9999999999999 1271 853 1271 truck 0
515 459 645 459 645 518 515 518 truck 0
745 536 879 536 879 589 745 589 truck 0
153 534 281 534 281 593 153 593 truck 0
1297 314 1424 314 1424 377 1297 377 truck 0
1813 314 1959.9999999999998 314 1959.9999999999998 377 1813 377 truck 0
3328 278 3476 278 3476 344 3328 344 truck 0
1415 1459 1483 1459 1483 1585 1415 1585 truck 0
161 607 303 607 303 671 161 671 car 0
256 464 386 464 386 527 256 527 car 0
372 534 508 534 508 603 372 603 car 0
679 464 811 464 811 530 679 530 car 0
538 330 663 330 663 378 538 378 car 0
592 536 728 536 728 596 592 596 car 0
661 603 804 603 804 666 661 666 car 0
829 469 954 469 954 527 829 527 car 0
913 532 1035 532 1035 594 913 594 car 0
440 839 581 839 581 903 440 903 car 0
479 1027 599 1027 599 1078 479 1078 car 0
436 1203 583 1203 583 1268 436 1268 car 0
931 1360 1038 1360 1038 1418 931 1418 car 0
917 1419 1049 1419 1049 1485 917 1485 car 0
910 1489 1054 1489 1054 1544 910 1544 car 0
1742 248 1867 248 1867 303 1742 303 truck 0
2119 305 2260 305 2260 369 2119 369 car 0
1617 393 1756 393 1756 460 1617 460 truck 0
2220 373 2360 373 2360 437 2220 437 car 0
2408 234 2553 234 2553 294 2408 294 car 0
2795 355 2956 355 2956 416 2795 416 car 0
3408 346 3542 346 3542 414 3408 414 car 0
3620 227 3761 227 3761 289 3620 289 car 0
3306 573 3460 573 3460 644 3306 644 car 0
70 453 201 453 201 527 70 527 car 0
1415 1189 1486 1189 1486 1300 1415 1300 car 0
1470 862 1549 862 1549 993 1470 993 car 0
1410 1002 1490 1002 1490 1125 1410 1125 car 0
1333 1352 1411 1352 1411 1466 1333 1466 car 0
1269 1818 1349 1818 1349 1932 1269 1932 car 0
1322 1616 1397 1616 1397 1750 1322 1750 car 0
1345 1832 1413 1832 1413 1952 1345 1952 car 0
1485 1966 1561 1966 1561 2086 1485 2086 car 0