3411 456 3465 456 3465 487 3411 487 bicycle 0
3254 671 3307 671 3307 701 3254 701 bicycle 0
1439 754 1471 754 1471 810 1439 810 bicycle 0
1771 373.99999999999994 1907 373.99999999999994 1907 442 1771 442 truck 0
1737 464 1867 464 1867 516 1737 516 truck 0
1407 1174 1461 1174 1461 1294 1407 1294 truck 0
1464 1385 1536 1385 1536 1650 1464 1650 truck 0
599 853 673 853 673 981 599 981 truck 0
651 896 744 896 744 1028 651 1028 truck 0
874 442 998.9999999999999 442 998.9999999999999 501 874 501 truck 0
1473 792 1534 792 1534 901 1473 901 car 0
1478 1236 1533 1236 1533 1350 1478 1350 truck 0
3587 345 3717 345 3717 407 3587 407 car 0
3594 461 3718 461 3718 516 3594 516 car 0
3148 470 3274 470 3274 519 3148 519 car 0
3108 238 3226 238 3226 292 3108 292 car 0
2993 320 3105 320 3105 376 2993 376 car 0
3056 605 3175 605 3175 658 3056 658 car 0
2781 457 2894 457 2894 514 2781 514 car 0
2607 377 2739 377 2739 436.00000000000006 2607 436.00000000000006 car 0
2557 307 2680 307 2680 365 2557 365 car 0
2574 608 2697 608 2697 665 2574 665 car 0
2130 317 2223 317 2223 366 2130 366 car 0
2298 463 2419 463 2419 516 2298 516 car 0
2185 534 2304 534 2304 591.0000000000001 2185 591.0000000000001 car 0
1941 611 2064 611 2064 664 1941 664 car 0
1747 245 1862 245 1862 299 1747 299 car 0
1422 306 1544 306 1544 362 1422 362 car 0
1566 540 1660 540 1660 585 1566 585 car 0
1299 507 1424 507 1424 566 1299 566 car 0
1139 587 1250 587 1250 648 1139 648 car 0
1002 524 1126 524 1126 582 1002 582 car 0
795 300 916 300 916 351 795 351 car 0
642 516 746 516 746 557 642 557 car 0
461 433 594 433 594 487 461 487 car 0
364 504 495 504 495 552 364 552 car 0
574 583 702 583 702 636 574 636 car 0
188 568 314 568 314 625 188 625 car 0
441 815 576 815 576 875 441 875 car 0
470 1002 582 1002 582 1054 470 1054 car 0
747 992 850 992 850 1099 747 1099 car 0
785 1041 897 1041 897 1146 785 1146 car 0
441 1059 583 1059 583 1110 441 1110 car 0
441 1115 581 1115 581 1174 441 1174 car 0
431 1173 577 1173 577 1234 431 1234 car 0
881 1213 1002.9999999999999 1213 1002.9999999999999 1299 881 1299 car 0
923 1344 1025 1344 1025 1407 923 1407 car 0
919 1402 1045 1402 1045 1463 919 1463 car 0
920 1473 1044 1473 1044 1527 920 1527 car 0
1481 938 1530 938 1530 1030 1481 1030 car 0
1408 1014 1466 1014 1466 1134 1408 1134 car 0
1474 1062 1527 1062 1527 1170 1474 1170 car 0
1544 1225.9999999999998 1594 1225.9999999999998 1594 1343 1544 1343 car 0
1327 1325 1381 1325 1381 1442 1327 1442 car 0
1411 1355 1463 1355 1463 1470 1411 1470 truck 0
1414 1512 1465 1512 1465 1634 1414 1634 car 0
1414 1662 1466 1662 1466 1784 1414 1784 car 0
1264 1835.0000000000002 1316 1835.0000000000002 1316 1947 1264 1947 car 0