1 0.277344 0.050926 0.031771 0.030556
0 0.216536 0.212037 0.030990 0.020370
1 0.256510 0.248843 0.034375 0.023611
0 0.132031 0.383102 0.033333 0.023611
0 0.133594 0.495602 0.033333 0.023611
0 0.132031 0.524306 0.033333 0.023611
0 0.129688 0.553472 0.033333 0.023611
0 0.138281 0.471065 0.027083 0.019907
1 0.166797 0.418981 0.019010 0.053704
1 0.238281 0.550000 0.031771 0.048148
0 0.208594 0.480556 0.025521 0.048148
0 0.253385 0.634722 0.023958 0.025926
0 0.254297 0.661806 0.033594 0.028241
0 0.255469 0.690972 0.030729 0.024537
1 0.375391 0.639120 0.012240 0.051389
0 0.335807 0.839352 0.011719 0.050926
0 0.257161 0.285417 0.032552 0.019907
1 0.119792 0.206713 0.038542 0.023611
0 0.648698 0.164815 0.031771 0.021296
0 0.173047 0.211574 0.031510 0.022222
0 0.257422 0.215741 0.030990 0.020370
1 0.160026 0.242130 0.030469 0.023148
1 0.207552 0.245602 0.034375 0.023611
1 0.375130 0.704630 0.011198 0.046296
1 0.070312 0.237037 0.031771 0.021296
0 0.118620 0.240278 0.032031 0.020370
2 0.285547 0.298148 0.014323 0.010185
0 0.192708 0.277546 0.031771 0.021759
0 0.153776 0.270370 0.032552 0.024074
0 0.111849 0.269676 0.030990 0.021759
0 0.074870 0.205787 0.034115 0.019907
0 0.027734 0.205787 0.034115 0.019907
0 0.375000 0.493287 0.011979 0.052315
0 0.075260 0.262963 0.028646 0.022222
0 0.016146 0.233102 0.031771 0.022685
1 0.392839 0.388657 0.011719 0.051389
0 0.335938 0.776852 0.010937 0.048148
0 0.016276 0.072685 0.032031 0.023148
1 0.376953 0.564583 0.012240 0.051389
1 0.393880 0.461806 0.011198 0.047685
0 0.202214 0.147454 0.023177 0.018981
0 0.562500 0.158796 0.021354 0.017593
2 0.226693 0.273611 0.012240 0.009259
2 0.228516 0.293981 0.012240 0.009259
2 0.393099 0.521991 0.006510 0.025463
0 0.124740 0.139352 0.030729 0.021296
2 0.247266 0.306944 0.012240 0.009259
1 0.030208 0.266667 0.029687 0.019444
0 0.356250 0.852315 0.012500 0.051852
1 0.354948 0.690278 0.010937 0.051852
2 0.353255 0.624769 0.006510 0.021759
1 0.350781 0.457407 0.018229 0.116667
0 0.391276 0.933796 0.010677 0.050926
1 0.383724 0.271296 0.023177 0.044444
0 0.617057 0.130324 0.026823 0.021759
0 0.980990 0.166435 0.033854 0.024537
1 0.884635 0.135185 0.032292 0.024074
