1 0.271354 0.057639 0.033333 0.030093
0 0.213411 0.221759 0.030990 0.020370
1 0.252344 0.258565 0.034375 0.023611
0 0.129688 0.395602 0.033333 0.023611
0 0.132552 0.511343 0.033333 0.023611
0 0.131510 0.537731 0.033333 0.023611
0 0.129948 0.567824 0.033333 0.023611
0 0.136198 0.483333 0.024479 0.019444
1 0.164453 0.429630 0.016927 0.050000
1 0.235677 0.560648 0.031771 0.048148
0 0.206771 0.489120 0.026042 0.051389
0 0.253906 0.643056 0.023958 0.025926
0 0.254557 0.670602 0.033594 0.028241
0 0.255469 0.701620 0.030729 0.024537
0 0.358073 0.938657 0.013542 0.050463
0 0.376823 0.496991 0.013542 0.050463
0 0.376823 0.632870 0.011458 0.051852
0 0.394141 0.675231 0.012240 0.051389
0 0.496875 0.156713 0.029687 0.022685
0 0.338411 0.825000 0.011719 0.050926
0 0.393880 0.535417 0.012240 0.053241
2 0.320833 0.080324 0.006771 0.024537
0 0.489193 0.187500 0.029427 0.021296
1 0.535026 0.189352 0.029427 0.023148
0 0.199870 0.291667 0.033594 0.022222
1 0.091016 0.250000 0.034635 0.025000
0 0.937109 0.320370 0.019010 0.021296
0 0.908724 0.182176 0.033073 0.019907
1 0.597396 0.184259 0.067187 0.034259
1 0.377214 0.952083 0.011719 0.053241
1 0.677865 0.180556 0.027083 0.022222
0 0.722526 0.183102 0.030990 0.024537
1 0.778516 0.179398 0.071094 0.035648
0 0.948438 0.115972 0.031771 0.021759
1 0.965885 0.178241 0.032292 0.025926
0 0.394010 0.780556 0.011979 0.051852
0 0.842578 0.178472 0.033073 0.019907
1 0.144792 0.118519 0.060417 0.036111
0 0.364323 0.014583 0.013021 0.028241
2 0.039323 0.277315 0.017708 0.013889
1 0.583854 0.152083 0.032292 0.019907
0 0.640885 0.151389 0.029167 0.021296
0 0.161589 0.182639 0.028385 0.022685
0 0.345182 0.183565 0.028385 0.043981
0 0.275130 0.129167 0.031510 0.025926
1 0.240755 0.174537 0.030469 0.024074
0 0.251953 0.222685 0.030990 0.020370
2 0.359245 0.846991 0.006510 0.024537
1 0.377995 0.771065 0.011198 0.056944
1 0.393750 0.931713 0.018229 0.118981
0 0.369010 0.359028 0.015625 0.056019
0 0.387891 0.282176 0.014323 0.055093
1 0.550000 0.304398 0.033333 0.031944
0 0.500391 0.122917 0.029427 0.022685
0 0.542318 0.154167 0.030990 0.021296
1 0.625391 0.113889 0.069531 0.033333
2 0.754167 0.157639 0.013542 0.009722
1 0.853906 0.146759 0.031771 0.020370
