1 0.273177 0.062037 0.031250 0.028704
0 0.130469 0.187963 0.029687 0.022222
1 0.206901 0.260417 0.031510 0.023611
0 0.469922 0.154398 0.030990 0.022685
0 0.518359 0.192824 0.030990 0.022685
0 0.555078 0.189352 0.026823 0.020370
0 0.508984 0.159259 0.030469 0.021296
0 0.640885 0.189120 0.029167 0.021759
1 0.611458 0.157176 0.028125 0.022685
1 0.650651 0.154398 0.029948 0.023611
0 0.717839 0.187963 0.033073 0.023148
0 0.763802 0.184259 0.029167 0.021296
0 0.828125 0.182639 0.031250 0.020833
1 0.916927 0.181019 0.033333 0.024074
0 0.868880 0.181250 0.029427 0.024537
1 0.601172 0.187963 0.028906 0.022222
0 0.475651 0.189815 0.029948 0.022222
0 0.489714 0.129167 0.029948 0.022222
0 0.418099 0.121759 0.029948 0.022222
0 0.376172 0.470833 0.011719 0.051852
1 0.392839 0.389352 0.011719 0.058333
0 0.379297 0.618287 0.012760 0.045833
0 0.652344 0.327546 0.021875 0.018056
0 0.135026 0.402546 0.033073 0.022685
0 0.137891 0.514120 0.033073 0.022685
0 0.136068 0.540972 0.033073 0.022685
0 0.133724 0.569444 0.035156 0.022222
0 0.140234 0.486574 0.025260 0.019444
1 0.167969 0.434491 0.017708 0.051389
1 0.182812 0.452315 0.022917 0.052778
0 0.213281 0.496065 0.023958 0.047685
1 0.241927 0.565046 0.030729 0.047685
0 0.250260 0.591435 0.030208 0.039352
0 0.256641 0.645139 0.024740 0.025463
0 0.260156 0.674537 0.031771 0.027778
0 0.261719 0.705093 0.031250 0.022222
0 0.341016 0.871991 0.012240 0.050463
0 0.220443 0.230093 0.023698 0.019444
1 0.254427 0.228472 0.029167 0.020833
0 0.249870 0.257870 0.023698 0.019444
1 0.050781 0.189583 0.036458 0.026389
2 0.422526 0.193519 0.012240 0.010185
0 0.561328 0.157870 0.023177 0.020370
1 0.014844 0.088889 0.029167 0.025000
0 0.018750 0.256250 0.033333 0.026389
1 0.162109 0.257639 0.030990 0.021759
1 0.048568 0.121759 0.064323 0.038889
0 0.680729 0.188657 0.023958 0.018981
0 0.934245 0.114352 0.034115 0.022222
1 0.969661 0.172917 0.060677 0.040278
0 0.339062 0.665278 0.012500 0.051852
2 0.195703 0.225926 0.014844 0.008333
0 0.160156 0.224769 0.031771 0.020833
0 0.108073 0.256250 0.031771 0.020833
1 0.097917 0.290278 0.076042 0.029630
0 0.249740 0.292593 0.031250 0.021296
0 0.538932 0.128241 0.029948 0.022222
1 0.598568 0.121296 0.067448 0.032407
1 0.714583 0.152546 0.031771 0.022685
2 0.650260 0.132407 0.016146 0.012963
0 0.103906 0.225694 0.036979 0.021759
0 0.053385 0.223148 0.033854 0.023148
0 0.072656 0.255556 0.029687 0.019444
0 0.164453 0.291898 0.030990 0.023611
0 0.202474 0.288889 0.031510 0.021296
0 0.396354 0.909491 0.011979 0.046759
0 0.377474 0.544676 0.012240 0.050463
0 0.394922 0.463194 0.012240 0.050463
0 0.683724 0.121528 0.025260 0.020833
0 0.758594 0.152083 0.031250 0.022685
0 0.020964 0.156944 0.030469 0.025000
0 0.655599 0.271528 0.030469 0.025463
0 0.741667 0.118287 0.031250 0.022685
0 0.814453 0.149306 0.028906 0.022685
1 0.876563 0.148148 0.033333 0.024074
0 0.378906 0.687500 0.011979 0.052778
0 0.413411 0.713657 0.012760 0.049537
0 0.394661 0.541667 0.012240 0.055556
