2 0.021354 0.455093 0.019792 0.059259
2 0.187630 0.489583 0.016927 0.030093
2 0.330208 0.288889 0.016667 0.025926
2 0.345052 0.070602 0.014583 0.028241
0 0.133464 0.614583 0.016927 0.028241
0 0.175651 0.484722 0.012240 0.026852
0 0.221224 0.345139 0.013281 0.028241
0 0.276042 0.235648 0.011458 0.025926
0 0.307161 0.196759 0.013802 0.025000
0 0.280339 0.134954 0.013802 0.027315
0 0.352344 0.177546 0.015104 0.023611
0 0.356380 0.228472 0.016927 0.029167
0 0.351172 0.314815 0.015885 0.025926
0 0.373437 0.344444 0.015104 0.025926
0 0.396224 0.228241 0.010677 0.026852
0 0.406380 0.260185 0.010156 0.026852
0 0.402214 0.379630 0.015365 0.022222
0 0.421094 0.335648 0.010417 0.022222
0 0.432031 0.356713 0.013021 0.025463
0 0.420182 0.403704 0.013281 0.016667
0 0.438411 0.422454 0.015885 0.018981
0 0.467187 0.441204 0.015104 0.017593
0 0.456771 0.500463 0.010417 0.016667
2 0.379036 0.737037 0.010156 0.029630
0 0.364323 0.829630 0.010937 0.026852
2 0.410026 0.834028 0.011719 0.027315
2 0.429948 0.748843 0.011458 0.026389
2 0.447396 0.748843 0.008854 0.031019
2 0.519531 0.752546 0.007812 0.031944
2 0.542708 0.724537 0.017708 0.012037
2 0.572526 0.733333 0.019010 0.012963
2 0.602083 0.735880 0.017708 0.017130
2 0.655859 0.730556 0.030469 0.020370
2 0.681901 0.778935 0.009115 0.031944
2 0.699089 0.757176 0.015365 0.010648
2 0.719792 0.760880 0.016146 0.013426
2 0.740234 0.762269 0.014844 0.012500
2 0.773568 0.759954 0.017969 0.012500
2 0.796354 0.763426 0.017708 0.012037
2 0.823177 0.767593 0.018229 0.013889
2 0.843880 0.772222 0.015885 0.023148
2 0.803516 0.792130 0.008594 0.029630
0 0.498698 0.424074 0.016146 0.017593
0 0.518229 0.432176 0.016146 0.018981
0 0.541146 0.382407 0.015625 0.019444
0 0.571354 0.417593 0.007812 0.028704
0 0.592057 0.475000 0.016406 0.018519
2 0.616406 0.481250 0.016667 0.012500
0 0.634766 0.483333 0.013802 0.010185
0 0.655859 0.484954 0.015365 0.013426
0 0.681901 0.487037 0.016406 0.013889
3 0.690885 0.515046 0.005729 0.006019
0 0.719531 0.489583 0.017708 0.013426
0 0.741927 0.490972 0.012500 0.009722
0 0.760417 0.494444 0.016146 0.013889
0 0.779036 0.495370 0.012760 0.010185
0 0.793880 0.488194 0.014323 0.017130
0 0.829688 0.479630 0.006250 0.028704
0 0.838672 0.481944 0.006510 0.031481
0 0.847266 0.482639 0.007031 0.025463
0 0.847786 0.460185 0.019531 0.017593
0 0.819401 0.416435 0.013802 0.015278
0 0.746745 0.343981 0.016406 0.021296
0 0.719792 0.333565 0.017188 0.017130
2 0.541927 0.517130 0.018750 0.012963
0 0.547917 0.543981 0.015104 0.013889
0 0.575000 0.546991 0.015625 0.012500
2 0.596354 0.549537 0.017188 0.014815
0 0.634896 0.552083 0.016667 0.011574
0 0.592969 0.604398 0.006250 0.026389
0 0.566667 0.665278 0.006771 0.026852
0 0.576172 0.666898 0.005990 0.026389
0 0.584375 0.666204 0.006250 0.021296
0 0.598437 0.667824 0.006250 0.026389
0 0.616927 0.606019 0.007812 0.025000
0 0.624349 0.606250 0.005990 0.022685
0 0.633073 0.606713 0.006771 0.026389
0 0.639583 0.606713 0.006771 0.027315
0 0.648828 0.608796 0.006510 0.025926
0 0.622396 0.670833 0.005729 0.030556
0 0.630469 0.670370 0.006771 0.025000
0 0.638021 0.672222 0.006250 0.025926
0 0.646615 0.670833 0.006771 0.027778
0 0.654557 0.672454 0.007552 0.031019
0 0.373958 0.927778 0.008854 0.027778
0 0.725260 0.562731 0.016146 0.013426
0 0.761589 0.564815 0.012760 0.012037
0 0.777995 0.565972 0.012240 0.011574
0 0.806901 0.567593 0.014844 0.012963
0 0.831901 0.570370 0.015365 0.012037
0 0.853646 0.570139 0.016667 0.012500
2 0.887109 0.553935 0.024219 0.016204
2 0.688672 0.324074 0.017969 0.012963
0 0.525000 0.314120 0.013021 0.027315
0 0.538021 0.287037 0.013021 0.025926
0 0.554557 0.247454 0.013802 0.028241
0 0.574740 0.205093 0.010417 0.019444
0 0.585807 0.177546 0.016927 0.025463
0 0.622135 0.099306 0.010417 0.023611
0 0.860156 0.165046 0.011458 0.024537
0 0.869010 0.213194 0.011458 0.010648
0 0.897526 0.148380 0.013281 0.016204
0 0.899219 0.120370 0.015104 0.013889
0 0.969922 0.277546 0.010156 0.026389
0 0.942057 0.902315 0.010156 0.035185
0 0.941406 0.792824 0.010417 0.033796
0 0.899349 0.052778 0.010677 0.010185
0 0.902734 0.087963 0.007552 0.012037
0 0.901302 0.102778 0.013021 0.012037
0 0.833724 0.021065 0.013802 0.022685
0 0.902865 0.011806 0.017188 0.013426
0 0.677995 0.037269 0.015365 0.022685
0 0.641276 0.315972 0.010677 0.025463
