0 0.080990 0.890046 0.015625 0.025463
0 0.122786 0.830556 0.015885 0.028704
2 0.188021 0.848611 0.023438 0.036111
2 0.219531 0.838194 0.009375 0.029167
2 0.228776 0.803472 0.019531 0.027315
2 0.245182 0.781481 0.013802 0.027778
2 0.197396 0.896065 0.033854 0.020833
2 0.467448 0.825000 0.012500 0.028704
0 0.447786 0.914352 0.010677 0.021296
0 0.482161 0.915741 0.011198 0.030556
2 0.492839 0.928472 0.012760 0.028241
2 0.518750 0.850000 0.012500 0.027778
2 0.536328 0.853472 0.008073 0.030093
2 0.597656 0.846759 0.018229 0.013889
2 0.608464 0.871991 0.005990 0.031019
2 0.660286 0.863889 0.017969 0.015741
2 0.688802 0.872917 0.017708 0.016204
2 0.744010 0.881481 0.030729 0.026852
2 0.764844 0.932639 0.012500 0.028241
2 0.785677 0.916898 0.017188 0.016204
2 0.803906 0.922454 0.016146 0.018056
2 0.822917 0.927315 0.018750 0.017593
2 0.857552 0.934491 0.017708 0.020833
2 0.880078 0.941898 0.017969 0.011574
2 0.884375 0.970370 0.006250 0.029630
2 0.904687 0.952778 0.018750 0.016667
2 0.925781 0.960185 0.014063 0.026852
0 0.659505 0.795602 0.008073 0.029167
0 0.668099 0.797454 0.007031 0.029167
0 0.676693 0.801389 0.008594 0.023148
0 0.689974 0.803241 0.007031 0.026852
0 0.713932 0.811343 0.008073 0.030093
0 0.721484 0.815278 0.005469 0.023148
0 0.729557 0.817593 0.007031 0.030556
0 0.736979 0.820602 0.006250 0.030093
0 0.746484 0.821991 0.007031 0.028241
0 0.689453 0.740509 0.006510 0.025463
0 0.712370 0.747454 0.007031 0.025463
0 0.720573 0.750926 0.005208 0.021296
0 0.728125 0.751620 0.007292 0.027315
0 0.735286 0.755556 0.005990 0.029630
0 0.744141 0.757407 0.006510 0.024074
0 0.649349 0.671759 0.015365 0.012963
0 0.675391 0.683333 0.016927 0.015741
0 0.735026 0.698611 0.018490 0.014815
0 0.696875 0.613426 0.016146 0.020370
2 0.721224 0.626157 0.018490 0.018056
2 0.713672 0.664815 0.018490 0.017593
2 0.697005 0.689815 0.017969 0.016667
0 0.740104 0.630556 0.014063 0.012963
0 0.760156 0.636574 0.015625 0.015741
0 0.784766 0.643981 0.017448 0.013889
0 0.822526 0.655556 0.016406 0.015741
0 0.843620 0.660880 0.012760 0.013426
0 0.861849 0.668519 0.015365 0.014815
0 0.879818 0.672917 0.013281 0.013426
0 0.895182 0.670602 0.015365 0.016204
0 0.930990 0.668287 0.007812 0.028241
0 0.938802 0.671991 0.006771 0.029167
0 0.947917 0.676389 0.005208 0.025926
0 0.950651 0.652778 0.019010 0.018519
0 0.923438 0.604167 0.012500 0.018519
0 0.857812 0.517824 0.017188 0.022685
0 0.833854 0.500000 0.017188 0.017593
2 0.803125 0.486111 0.020313 0.017593
0 0.680599 0.551852 0.008594 0.026852
0 0.654557 0.512037 0.019010 0.014815
0 0.628646 0.553935 0.016146 0.017130
0 0.608984 0.543056 0.015885 0.021296
0 0.551172 0.529861 0.016406 0.017130
0 0.576693 0.553009 0.016927 0.020833
0 0.532943 0.507176 0.011198 0.018981
0 0.549219 0.464352 0.011458 0.025926
0 0.538932 0.440046 0.008594 0.020833
0 0.530729 0.362037 0.009375 0.027778
0 0.522526 0.329630 0.011198 0.025926
0 0.482161 0.320602 0.014323 0.028241
0 0.482292 0.269676 0.014583 0.023611
0 0.423568 0.274769 0.014323 0.025463
2 0.454167 0.371991 0.015104 0.026389
0 0.471484 0.402778 0.014844 0.026852
0 0.491146 0.437500 0.015625 0.024074
0 0.517318 0.479167 0.013802 0.024074
2 0.391536 0.361806 0.014844 0.028241
0 0.390625 0.277778 0.013021 0.025000
0 0.369010 0.268981 0.014063 0.025926
0 0.423177 0.162500 0.014063 0.025926
0 0.456641 0.186806 0.015885 0.027315
0 0.508333 0.108565 0.013542 0.027315
0 0.524609 0.110880 0.014844 0.025463
0 0.497656 0.075231 0.013542 0.024537
0 0.511589 0.009028 0.014323 0.015278
2 0.135937 0.474074 0.013542 0.059259
0 0.233464 0.546528 0.014844 0.023611
0 0.324479 0.487731 0.014063 0.026389
2 0.427214 0.639583 0.013281 0.058796
0 0.523958 0.689120 0.009375 0.022685
0 0.822135 0.727778 0.017188 0.014815
0 0.857682 0.738194 0.012760 0.010648
0 0.873698 0.743287 0.013542 0.011574
0 0.902214 0.750694 0.014844 0.014352
0 0.924740 0.756713 0.016146 0.013426
0 0.947135 0.762731 0.019271 0.014352
0 0.642578 0.439120 0.014844 0.020833
0 0.657552 0.415741 0.015625 0.025926
0 0.676953 0.381250 0.013802 0.024537
0 0.699219 0.342824 0.009375 0.019907
0 0.711068 0.320139 0.013802 0.021759
0 0.625391 0.216204 0.012760 0.023148
0 0.743750 0.031019 0.009375 0.029630
0 0.745703 0.007176 0.015365 0.013426
0 0.753385 0.250231 0.013021 0.023611
0 0.787760 0.186806 0.013021 0.025463
0 0.812760 0.200694 0.013542 0.024537
0 0.987109 0.414120 0.013281 0.012500
0 0.891146 0.018287 0.016146 0.014352
0 0.920443 0.006481 0.017448 0.012037
2 0.947656 0.007639 0.017188 0.011574
0 0.966406 0.216667 0.014063 0.027778
0 0.993620 0.149306 0.012760 0.014352
0 0.793750 0.141435 0.010417 0.020833
0 0.839323 0.098380 0.010417 0.023611
2 0.705859 0.078241 0.012760 0.024074
0 0.757422 0.466898 0.007031 0.022685
2 0.251042 0.976852 0.020313 0.041667
2 0.063281 0.371296 0.014583 0.057407
