0 0.188281 0.084491 0.018750 0.019907
2 0.173958 0.131250 0.019792 0.017130
0 0.114453 0.144444 0.011198 0.028704
2 0.105339 0.183333 0.012760 0.037963
2 0.152214 0.308796 0.010677 0.034259
2 0.146484 0.357870 0.010156 0.037037
0 0.084766 0.327315 0.009635 0.025926
2 0.032682 0.693519 0.010156 0.036111
0 0.027214 0.738657 0.010677 0.032870
0 0.022526 0.781250 0.010156 0.031019
2 0.092969 0.722917 0.013542 0.035648
2 0.110937 0.676157 0.014063 0.033796
2 0.163932 0.647917 0.018490 0.030093
2 0.205599 0.677315 0.020052 0.029630
0 0.030208 0.540509 0.009896 0.025463
0 0.224740 0.363657 0.026042 0.015278
0 0.330859 0.211806 0.014844 0.014352
0 0.321875 0.160417 0.014583 0.013426
2 0.457292 0.359954 0.032292 0.025463
0 0.386198 0.436111 0.009896 0.031481
2 0.377474 0.505324 0.009115 0.038426
2 0.441276 0.509028 0.041927 0.056019
2 0.502734 0.476852 0.028906 0.044444
0 0.556250 0.082639 0.007812 0.031944
0 0.551172 0.118750 0.010156 0.032870
0 0.511198 0.248843 0.014063 0.015278
0 0.525651 0.317593 0.012760 0.014815
0 0.698047 0.066898 0.018490 0.014352
2 0.808854 0.125231 0.018750 0.018981
0 0.830859 0.135417 0.019531 0.017130
0 0.854427 0.148843 0.018750 0.019907
0 0.880859 0.161111 0.015365 0.017593
0 0.966667 0.384722 0.010417 0.033333
2 0.932422 0.684028 0.015885 0.027315
2 0.896094 0.739120 0.034896 0.031019
2 0.707422 0.823380 0.014323 0.028241
2 0.685937 0.781713 0.022396 0.032870
2 0.665234 0.806250 0.010677 0.058796
2 0.684766 0.899537 0.024740 0.059259
2 0.632812 0.876620 0.019271 0.026389
2 0.609896 0.890972 0.019271 0.018056
2 0.664062 0.701620 0.011979 0.033796
2 0.601953 0.660185 0.018490 0.013889
2 0.411589 0.878241 0.015885 0.022222
2 0.815755 0.844444 0.009115 0.029630
