2 0.036589 0.425000 0.025260 0.013889
0 0.140365 0.469907 0.017708 0.012037
0 0.158203 0.387963 0.005469 0.031481
0 0.203776 0.458333 0.017448 0.012037
0 0.230859 0.460648 0.013802 0.010185
0 0.251823 0.461343 0.016146 0.011574
0 0.329167 0.465741 0.018750 0.011111
0 0.395703 0.468981 0.015885 0.009259
0 0.441667 0.471991 0.017708 0.010648
0 0.474219 0.474306 0.018750 0.009722
0 0.507682 0.476389 0.011198 0.008333
0 0.611719 0.477778 0.008854 0.011111
0 0.447526 0.308102 0.011719 0.032870
0 0.553646 0.196991 0.011979 0.023611
0 0.566146 0.160648 0.014063 0.023148
2 0.577344 0.139815 0.015625 0.024074
0 0.583464 0.128241 0.015885 0.026852
0 0.632682 0.134954 0.009635 0.027315
0 0.646094 0.115278 0.010417 0.031481
0 0.655208 0.104398 0.007292 0.031019
0 0.663021 0.099306 0.006250 0.031944
0 0.661198 0.179630 0.006771 0.029630
0 0.670312 0.179861 0.006771 0.029167
0 0.685807 0.180556 0.007031 0.030556
0 0.674479 0.236343 0.007812 0.030093
0 0.775651 0.242824 0.007552 0.031944
0 0.843229 0.210417 0.012500 0.025463
0 0.905859 0.160417 0.011198 0.018056
0 0.836589 0.298148 0.005469 0.013889
0 0.839714 0.328704 0.008594 0.013889
0 0.796615 0.362269 0.008333 0.031019
0 0.773958 0.360648 0.007812 0.026852
0 0.928516 0.547454 0.015885 0.024537
0 0.952083 0.543519 0.008333 0.018519
0 0.973177 0.543750 0.014063 0.018981
0 0.995964 0.528935 0.007552 0.013426
0 0.995833 0.635417 0.008333 0.019907
0 0.995052 0.655556 0.009896 0.022222
0 0.958333 0.714815 0.014063 0.017593
0 0.970703 0.736111 0.014323 0.019444
0 0.899479 0.727778 0.014063 0.022222
0 0.870443 0.732407 0.014844 0.023148
0 0.844141 0.763657 0.015885 0.021759
0 0.857422 0.796528 0.012760 0.022685
0 0.845313 0.817593 0.013542 0.025000
0 0.641667 0.509954 0.005729 0.020833
0 0.700130 0.515509 0.007031 0.013426
0 0.774089 0.553704 0.007031 0.029630
0 0.032552 0.693750 0.018229 0.012500
0 0.083594 0.699769 0.016146 0.012500
0 0.105339 0.701620 0.017448 0.010648
0 0.126302 0.700000 0.016146 0.013889
0 0.142969 0.678472 0.016667 0.024537
0 0.150000 0.640509 0.008333 0.031019
0 0.156120 0.818519 0.004948 0.033333
0 0.298047 0.701620 0.017448 0.011574
2 0.415104 0.704167 0.016146 0.012037
0 0.494531 0.707407 0.015625 0.010185
3 0.491797 0.724769 0.009115 0.007870
0 0.592578 0.740509 0.016927 0.013426
0 0.615104 0.741898 0.017708 0.013426
0 0.648177 0.736806 0.015625 0.013426
0 0.669010 0.735185 0.016146 0.013889
0 0.691016 0.737963 0.017448 0.010185
0 0.707161 0.851852 0.015885 0.013889
0 0.746224 0.846759 0.006510 0.024074
0 0.747526 0.891204 0.007031 0.029630
0 0.803125 0.896759 0.007292 0.031481
0 0.964193 0.942593 0.014844 0.023148
0 0.132552 0.965278 0.013021 0.012037
0 0.606901 0.878704 0.006510 0.023148
