0 0.047526 0.364583 0.012760 0.029167
0 0.014453 0.352778 0.016406 0.017593
0 0.006380 0.393981 0.012240 0.021296
0 0.005078 0.409954 0.009635 0.013426
0 0.003906 0.426852 0.007292 0.010185
2 0.105469 0.409954 0.016667 0.025463
0 0.120443 0.374769 0.014323 0.023611
0 0.127865 0.484028 0.010937 0.018056
0 0.120182 0.476389 0.010677 0.018519
0 0.181901 0.280324 0.014323 0.024537
0 0.234245 0.255556 0.014323 0.011111
0 0.255469 0.281713 0.014063 0.027315
0 0.291797 0.331713 0.010677 0.017130
0 0.274479 0.321991 0.014063 0.026389
2 0.288151 0.346528 0.016927 0.030093
0 0.308724 0.388426 0.012760 0.021296
0 0.330208 0.407639 0.014063 0.027315
0 0.320964 0.415278 0.013802 0.027778
0 0.350260 0.473380 0.014583 0.026389
2 0.364453 0.495602 0.015885 0.026389
0 0.381250 0.531944 0.014063 0.022222
0 0.203776 0.151157 0.011198 0.021759
0 0.216276 0.174306 0.012240 0.023611
0 0.256380 0.165741 0.012240 0.021296
0 0.259245 0.200463 0.011198 0.019444
0 0.271484 0.182870 0.010156 0.020370
0 0.279557 0.128472 0.011198 0.018981
2 0.291016 0.130324 0.013281 0.025463
2 0.308854 0.113426 0.013542 0.022222
2 0.305599 0.099306 0.022135 0.025463
0 0.334635 0.034722 0.006771 0.028704
0 0.411198 0.127778 0.012500 0.026852
0 0.414714 0.180556 0.012760 0.024074
0 0.424870 0.205093 0.014323 0.025926
0 0.458724 0.219444 0.011198 0.022222
0 0.386328 0.322454 0.008594 0.015278
0 0.539714 0.070833 0.010156 0.017593
0 0.529167 0.047454 0.013021 0.027315
0 0.551823 0.095139 0.013021 0.025463
2 0.548958 0.063194 0.016667 0.024537
0 0.577734 0.065741 0.010156 0.017593
0 0.582812 0.074537 0.011458 0.018519
0 0.586719 0.100463 0.014063 0.022222
0 0.589583 0.168056 0.013542 0.025000
0 0.605208 0.170833 0.009896 0.022222
0 0.625781 0.149306 0.012500 0.019907
0 0.699219 0.256944 0.014063 0.022222
0 0.666146 0.325463 0.010417 0.019444
0 0.686328 0.301620 0.007031 0.014352
0 0.689453 0.314352 0.010156 0.019444
0 0.697526 0.330093 0.009115 0.016667
0 0.732422 0.239120 0.011719 0.022685
0 0.737760 0.308102 0.016667 0.020833
1 0.818490 0.132870 0.038542 0.027778
0 0.751432 0.130787 0.010677 0.020833
0 0.916927 0.335648 0.013542 0.026852
2 0.936719 0.387963 0.016667 0.031481
2 0.989974 0.493519 0.020052 0.041667
0 0.922266 0.804398 0.014844 0.022685
2 0.892839 0.802083 0.012760 0.024537
2 0.900260 0.815972 0.010417 0.019907
2 0.904297 0.830556 0.009115 0.017593
0 0.157422 0.559259 0.013281 0.023148
0 0.175911 0.589815 0.013281 0.012037
0 0.255469 0.496759 0.013021 0.025926
0 0.217578 0.415972 0.012760 0.018056
0 0.229297 0.441204 0.011719 0.020370
0 0.775651 0.479861 0.011198 0.018981
0 0.772917 0.534954 0.012500 0.019907
0 0.792578 0.523843 0.015365 0.027315
0 0.704818 0.528241 0.012240 0.019444
0 0.712240 0.591435 0.014063 0.025463
0 0.699089 0.612269 0.008594 0.025463
0 0.665885 0.538194 0.014583 0.022685
0 0.652995 0.538889 0.013281 0.023148
0 0.591536 0.539120 0.011198 0.018981
0 0.595964 0.475926 0.012240 0.023148
0 0.576823 0.440278 0.013542 0.025000
0 0.571094 0.411343 0.008333 0.016204
0 0.551042 0.406944 0.008854 0.012963
0 0.442708 0.684259 0.016146 0.022222
0 0.444661 0.767593 0.012760 0.025000
0 0.601693 0.669444 0.013281 0.026852
0 0.598437 0.625694 0.014583 0.014352
0 0.597266 0.606019 0.016927 0.013889
0 0.600000 0.584491 0.012500 0.024537
0 0.693229 0.747222 0.010937 0.018519
0 0.705078 0.720833 0.014323 0.024074
0 0.743099 0.800926 0.012240 0.021296
0 0.756771 0.826852 0.013542 0.022222
0 0.706510 0.772917 0.015104 0.029167
0 0.735156 0.923611 0.015625 0.012963
0 0.739714 0.948380 0.014844 0.010648
0 0.769792 0.922685 0.016667 0.014815
0 0.797396 0.924769 0.017188 0.013426
2 0.792188 0.951157 0.057292 0.018981
0 0.847396 0.918519 0.015104 0.026852
0 0.846354 0.684954 0.009896 0.017130
0 0.829557 0.602315 0.013281 0.021296
0 0.821875 0.633333 0.014063 0.025926
0 0.652344 0.293981 0.010937 0.017593
2 0.585026 0.940278 0.017448 0.013889
0 0.632812 0.942593 0.015625 0.014815
0 0.647266 0.922685 0.018490 0.011111
0 0.829818 0.568750 0.008073 0.015278
0 0.108073 0.666435 0.006771 0.009722
0 0.036979 0.912269 0.007812 0.029167
0 0.006250 0.916204 0.008854 0.022222
0 0.948568 0.956250 0.015885 0.014352
0 0.976432 0.959028 0.016927 0.016204
2 0.926693 0.771065 0.012240 0.017130
2 0.966797 0.809259 0.025260 0.012963
0 0.975521 0.764352 0.008854 0.020370
3 0.885156 0.737731 0.007292 0.010648
0 0.890234 0.712731 0.012760 0.024537
0 0.895052 0.725000 0.011979 0.019444
0 0.838021 0.359722 0.010937 0.021296
0 0.777474 0.097454 0.014323 0.026389
0 0.784766 0.074537 0.016927 0.029630
0 0.833333 0.213889 0.013021 0.025000
0 0.873437 0.133102 0.016146 0.013426
0 0.871615 0.171528 0.017708 0.014352
0 0.867448 0.187269 0.017188 0.016204
0 0.866276 0.240278 0.015885 0.028704
0 0.850911 0.245139 0.012240 0.024537
0 0.866276 0.274306 0.014844 0.028241
0 0.859115 0.284028 0.008854 0.022685
0 0.873307 0.309722 0.017969 0.014815
2 0.957422 0.430093 0.015365 0.030556
0 0.968490 0.484722 0.014063 0.029630
0 0.968099 0.212269 0.014844 0.019907
0 0.972526 0.225463 0.014844 0.017593
0 0.947786 0.165278 0.013281 0.020370
0 0.962240 0.161111 0.010417 0.022222
0 0.985156 0.142593 0.010417 0.022222
0 0.996354 0.117361 0.007292 0.027315
0 0.937370 0.027778 0.019010 0.023148
0 0.959245 0.008796 0.018490 0.016667
0 0.971224 0.017130 0.017969 0.018519
0 0.723437 0.823611 0.012500 0.027778
0 0.495052 0.042824 0.013542 0.025463
0 0.534505 0.010185 0.014323 0.019444
2 0.730339 0.010185 0.011198 0.017593
0 0.410156 0.821991 0.010937 0.018981
0 0.684115 0.362963 0.014063 0.024074
2 0.957812 0.200231 0.015625 0.015278
