0 0.043359 0.172917 0.016406 0.011574
0 0.026432 0.089583 0.012240 0.023611
0 0.013281 0.065972 0.010417 0.020833
0 0.064844 0.199537 0.015104 0.027778
0 0.068099 0.084028 0.015365 0.022685
0 0.090495 0.047222 0.010156 0.019444
2 0.119922 0.032639 0.015365 0.018056
2 0.119401 0.016667 0.014323 0.018519
0 0.085547 0.239352 0.012760 0.025926
2 0.096484 0.262963 0.015885 0.029630
0 0.021354 0.331019 0.009375 0.018519
0 0.061589 0.412963 0.012240 0.023148
0 0.199349 0.845602 0.016406 0.014352
0 0.247656 0.607639 0.013021 0.024537
0 0.187630 0.457407 0.013802 0.025926
0 0.195182 0.448380 0.012240 0.028241
2 0.171094 0.418287 0.015104 0.029167
2 0.103646 0.049769 0.017188 0.028241
0 0.158594 0.393519 0.014063 0.025926
0 0.159635 0.372222 0.011979 0.017593
0 0.129948 0.336111 0.014063 0.022222
0 0.117578 0.308565 0.012240 0.020833
0 0.069531 0.118519 0.011979 0.018519
0 0.082682 0.100000 0.011198 0.017593
0 0.224349 0.052546 0.014844 0.030093
0 0.226042 0.105093 0.011979 0.024074
0 0.237500 0.127778 0.011458 0.024074
0 0.269141 0.145139 0.011719 0.018056
0 0.196354 0.244676 0.011979 0.015278
0 0.358333 0.336574 0.008333 0.015741
0 0.384635 0.371528 0.011979 0.019907
0 0.404036 0.406250 0.008073 0.016204
0 0.399740 0.469444 0.008854 0.020370
0 0.407292 0.514583 0.010937 0.023611
0 0.404427 0.535880 0.014063 0.012500
0 0.405078 0.554398 0.015365 0.012500
0 0.406510 0.599769 0.015625 0.027315
0 0.365885 0.025463 0.013021 0.024074
0 0.356901 0.005787 0.007552 0.008796
0 0.394792 0.008333 0.009375 0.013889
0 0.398568 0.030556 0.013802 0.022222
0 0.408594 0.089583 0.010937 0.018981
0 0.401302 0.099537 0.011979 0.025000
0 0.495833 0.785648 0.017188 0.012963
2 0.493490 0.871296 0.017188 0.012037
0 0.515495 0.874306 0.016927 0.014352
0 0.525260 0.853704 0.016667 0.013889
0 0.539583 0.877546 0.015625 0.012500
0 0.565495 0.942593 0.013802 0.011111
0 0.591276 0.941204 0.016927 0.011111
0 0.557813 0.856481 0.017188 0.013889
2 0.591797 0.881481 0.050781 0.023148
0 0.582422 0.857870 0.017448 0.012037
0 0.608073 0.857870 0.015625 0.013889
0 0.526302 0.754630 0.011979 0.026852
0 0.556380 0.756713 0.014844 0.022685
0 0.545182 0.732176 0.012240 0.021759
0 0.509766 0.703472 0.013281 0.025463
0 0.497266 0.678241 0.010677 0.022222
0 0.503385 0.667593 0.012500 0.025000
0 0.509375 0.652315 0.011458 0.024074
0 0.505469 0.544907 0.008333 0.029630
0 0.518099 0.524537 0.012240 0.025926
0 0.460547 0.469213 0.012760 0.024537
0 0.471354 0.469444 0.010937 0.022222
0 0.512240 0.461111 0.011979 0.019444
0 0.579167 0.472454 0.013021 0.024537
0 0.597266 0.459491 0.012240 0.024537
0 0.583073 0.417593 0.010937 0.018519
3 0.574479 0.400694 0.003646 0.009722
0 0.494792 0.297222 0.014583 0.026852
0 0.474870 0.259722 0.009635 0.018519
0 0.495182 0.237963 0.006510 0.012037
0 0.498828 0.250231 0.009635 0.017130
0 0.505859 0.263657 0.007552 0.013426
0 0.461198 0.228241 0.009896 0.018519
0 0.580078 0.233102 0.012760 0.026389
0 0.551953 0.309722 0.010156 0.015741
0 0.593750 0.333102 0.008333 0.017130
0 0.583333 0.353009 0.013542 0.023611
0 0.562370 0.068750 0.010156 0.017130
0 0.545443 0.242361 0.011719 0.017130
0 0.623698 0.568750 0.015104 0.029167
0 0.633594 0.541667 0.014063 0.022222
0 0.648698 0.622454 0.010417 0.019907
0 0.690365 0.648148 0.010417 0.020370
0 0.695703 0.661111 0.010677 0.023148
2 0.692187 0.736806 0.014583 0.024537
2 0.696354 0.752083 0.015104 0.023611
2 0.700521 0.767593 0.013542 0.018519
0 0.721875 0.741204 0.013021 0.026852
2 0.725781 0.709259 0.011979 0.024074
2 0.763672 0.744676 0.019531 0.006019
0 0.773177 0.701620 0.010417 0.024537
0 0.746094 0.890278 0.015625 0.011111
0 0.773438 0.894444 0.017188 0.014815
2 0.800911 0.894907 0.018490 0.014815
0 0.824479 0.894676 0.013021 0.011574
0 0.824089 0.876157 0.017448 0.012500
0 0.853906 0.878472 0.017188 0.014352
0 0.852474 0.896759 0.017969 0.012963
0 0.912500 0.823380 0.015104 0.026389
0 0.868490 0.704398 0.010937 0.025463
1 0.848047 0.676389 0.017969 0.039815
0 0.993620 0.876852 0.011719 0.012037
2 0.992448 0.837731 0.015104 0.013426
2 0.645182 0.301157 0.010156 0.018981
2 0.650521 0.033565 0.018750 0.023611
2 0.704818 0.010648 0.017969 0.020370
0 0.683333 0.079630 0.017188 0.012963
0 0.681510 0.116204 0.016667 0.016667
0 0.677604 0.131713 0.015625 0.015278
0 0.674479 0.184259 0.013542 0.024074
0 0.678646 0.229398 0.013542 0.028241
0 0.695703 0.221759 0.014323 0.024074
2 0.707422 0.257639 0.013802 0.025463
0 0.704167 0.282639 0.013021 0.027315
2 0.722005 0.288657 0.014844 0.028241
2 0.747786 0.336343 0.021094 0.035648
0 0.733724 0.344444 0.012760 0.029630
0 0.748698 0.397222 0.013021 0.025000
0 0.774089 0.395370 0.013281 0.024074
2 0.791797 0.434491 0.012760 0.030093
0 0.787240 0.463426 0.011979 0.025926
0 0.812109 0.531250 0.009635 0.021759
0 0.832552 0.592593 0.010937 0.026852
0 0.888411 0.631250 0.015365 0.013426
2 0.946484 0.631944 0.015365 0.010185
0 0.860677 0.447222 0.015625 0.011111
2 0.888932 0.450000 0.016927 0.011111
0 0.929818 0.450694 0.015365 0.009722
0 0.979688 0.453009 0.017188 0.011574
0 0.816276 0.198843 0.016406 0.013426
0 0.779036 0.173843 0.017448 0.016204
0 0.775391 0.160185 0.015885 0.015741
2 0.763151 0.148380 0.019010 0.013426
0 0.755469 0.112037 0.013542 0.013889
0 0.769922 0.108102 0.010156 0.022685
0 0.792057 0.092130 0.009115 0.023148
0 0.805990 0.067593 0.009375 0.027778
0 0.813802 0.056713 0.008854 0.026389
0 0.832682 0.026852 0.007552 0.019444
0 0.879948 0.036111 0.009375 0.018519
0 0.820703 0.045139 0.013281 0.024537
0 0.669792 0.949537 0.007812 0.026852
2 0.933333 0.097917 0.009375 0.034722
0 0.952865 0.361574 0.004687 0.025000
