0 0.008333 0.246991 0.014583 0.030093
0 0.035807 0.319444 0.012240 0.026852
0 0.161979 0.184259 0.009896 0.018519
0 0.165755 0.203472 0.015365 0.018981
0 0.095052 0.493519 0.012500 0.023148
0 0.048828 0.979861 0.009115 0.031019
2 0.080729 0.820602 0.009375 0.030093
2 0.065625 0.812731 0.011979 0.034722
0 0.083594 0.782407 0.007812 0.027778
0 0.086198 0.748843 0.008333 0.030093
0 0.098958 0.756019 0.010417 0.027778
0 0.093490 0.703009 0.009375 0.026389
0 0.105469 0.704167 0.010417 0.030556
0 0.098177 0.664583 0.009375 0.026389
0 0.109245 0.655556 0.009635 0.026852
0 0.142969 0.558796 0.016667 0.018519
0 0.184245 0.565046 0.016406 0.015278
0 0.207422 0.522685 0.014323 0.010185
0 0.450000 0.141667 0.009375 0.025000
0 0.632422 0.104398 0.011198 0.020833
0 0.641016 0.066898 0.008594 0.028241
2 0.434375 0.407870 0.015625 0.016667
0 0.445703 0.427083 0.011198 0.012500
0 0.395052 0.472222 0.013021 0.027778
0 0.665365 0.462037 0.015104 0.022222
0 0.752474 0.243750 0.014844 0.023611
2 0.771615 0.128472 0.014063 0.023611
0 0.844010 0.018056 0.015104 0.024074
2 0.955078 0.012963 0.014323 0.025000
1 0.976302 0.083565 0.024479 0.067130
1 0.991667 0.151852 0.016667 0.061111
0 0.976172 0.045833 0.011719 0.033333
0 0.979688 0.013889 0.010937 0.025000
0 0.964714 0.005556 0.008073 0.010185
0 0.991016 0.058102 0.009115 0.027315
0 0.987370 0.087269 0.010677 0.025463
0 0.996354 0.040741 0.007292 0.032407
0 0.995964 0.123611 0.008073 0.028704
0 0.607812 0.129167 0.013021 0.024074
1 0.884896 0.514815 0.026562 0.015741
0 0.227604 0.569213 0.018229 0.014352
0 0.285807 0.572917 0.016406 0.013426
0 0.394531 0.522917 0.015104 0.014352
0 0.423177 0.587500 0.015625 0.011111
2 0.465365 0.511574 0.017188 0.012037
0 0.459115 0.589583 0.015625 0.014352
0 0.492708 0.514120 0.015625 0.010648
0 0.495573 0.588889 0.015625 0.012963
2 0.534245 0.591667 0.017448 0.012963
2 0.579557 0.593750 0.017448 0.012500
0 0.595182 0.553472 0.014844 0.011574
0 0.614974 0.597454 0.016406 0.015278
0 0.652604 0.595370 0.016146 0.012963
0 0.634505 0.635417 0.016406 0.012500
0 0.657943 0.636806 0.016406 0.012500
0 0.679297 0.637037 0.016927 0.011111
0 0.717578 0.574769 0.015365 0.012500
0 0.733464 0.595139 0.016406 0.014352
2 0.705078 0.595139 0.011198 0.010648
0 0.701562 0.635648 0.016146 0.011111
0 0.720964 0.634722 0.015365 0.012963
0 0.740885 0.634954 0.016667 0.012500
0 0.759896 0.635880 0.016146 0.012500
0 0.777865 0.596991 0.016146 0.013426
0 0.839323 0.597917 0.014583 0.011574
0 0.888411 0.596991 0.015365 0.012500
0 0.935026 0.596759 0.013802 0.012963
0 0.992318 0.602315 0.015365 0.012963
2 0.739323 0.754398 0.015104 0.023611
0 0.358854 0.630093 0.005208 0.023148
0 0.366406 0.633333 0.005729 0.025926
2 0.374349 0.632870 0.007031 0.031481
0 0.382031 0.632639 0.006771 0.031019
0 0.391927 0.631713 0.006771 0.029167
2 0.402865 0.656481 0.011458 0.074074
0 0.412760 0.633565 0.006250 0.031019
0 0.364193 0.689120 0.013802 0.029167
0 0.369922 0.700231 0.013281 0.023611
0 0.374479 0.710417 0.011979 0.020833
2 0.378385 0.724074 0.014583 0.026852
0 0.383073 0.733796 0.014063 0.025926
0 0.388151 0.744676 0.014323 0.024537
0 0.394271 0.756019 0.009896 0.018519
0 0.398047 0.768287 0.009635 0.019907
0 0.404557 0.778935 0.014844 0.023611
0 0.418620 0.794907 0.014323 0.025000
0 0.420182 0.808796 0.014323 0.022222
0 0.427995 0.816898 0.013281 0.025463
0 0.431641 0.828472 0.016927 0.022685
0 0.448437 0.843287 0.012500 0.026389
0 0.458854 0.863657 0.014063 0.025463
0 0.467839 0.888889 0.014323 0.025926
0 0.501953 0.981944 0.010156 0.022222
1 0.564063 0.976389 0.014063 0.047222
0 0.544141 0.943981 0.009635 0.030556
1 0.498177 0.845602 0.015104 0.071759
1 0.509896 0.867130 0.014063 0.070370
2 0.482292 0.783102 0.014583 0.024537
0 0.478125 0.772222 0.014583 0.023148
0 0.474479 0.761111 0.011458 0.018519
0 0.468750 0.750926 0.014063 0.018519
0 0.460417 0.742824 0.013542 0.020833
0 0.455208 0.731250 0.012500 0.019907
0 0.448047 0.721759 0.013281 0.020370
0 0.441406 0.691435 0.014063 0.022685
0 0.436068 0.679861 0.012240 0.021759
0 0.427474 0.669676 0.014323 0.021759
0 0.423698 0.656713 0.015104 0.024537
0 0.628646 0.975926 0.011458 0.025926
0 0.613802 0.981481 0.013021 0.026852
0 0.616276 0.949769 0.012760 0.030093
0 0.604818 0.924074 0.012760 0.026852
0 0.585417 0.919213 0.012500 0.026389
0 0.597917 0.947685 0.010937 0.025000
0 0.583854 0.868750 0.014063 0.027315
0 0.568620 0.878935 0.013802 0.029167
0 0.571745 0.842593 0.011719 0.025926
0 0.551693 0.843981 0.012240 0.026852
0 0.558984 0.812500 0.012240 0.028704
0 0.546224 0.782639 0.012760 0.026389
0 0.534505 0.800694 0.011719 0.026389
0 0.515885 0.751620 0.010937 0.030093
0 0.534766 0.758796 0.011719 0.025926
0 0.525651 0.734491 0.011719 0.024537
2 0.510156 0.701852 0.007812 0.032407
0 0.522396 0.656019 0.013542 0.027778
