0 0.436849 0.016898 0.007031 0.022685
0 0.455729 0.022454 0.006771 0.028241
0 0.465104 0.020602 0.007292 0.026389
0 0.546484 0.043056 0.005990 0.025926
0 0.553646 0.040509 0.006250 0.033796
0 0.560417 0.007870 0.005208 0.013889
0 0.560547 0.043287 0.007031 0.025463
0 0.687891 0.022454 0.007552 0.031944
0 0.989062 0.098611 0.016667 0.014815
0 0.653516 0.153472 0.011719 0.025463
0 0.581250 0.124537 0.017708 0.016667
0 0.502083 0.099769 0.013021 0.011574
0 0.511979 0.130787 0.019271 0.015278
2 0.429557 0.122454 0.017448 0.011574
0 0.419271 0.104630 0.016146 0.012037
2 0.417187 0.088657 0.020313 0.012500
0 0.389583 0.098148 0.016146 0.014815
0 0.455990 0.124074 0.016146 0.009259
2 0.369922 0.116204 0.027344 0.024074
0 0.291667 0.009028 0.014063 0.017130
0 0.076042 0.051157 0.017708 0.012500
0 0.666276 0.421065 0.015885 0.027315
0 0.706380 0.389815 0.011719 0.032407
0 0.680990 0.379167 0.010937 0.018519
0 0.707812 0.481019 0.016667 0.026852
2 0.935417 0.516667 0.022396 0.015741
0 0.994531 0.525463 0.010937 0.014815
0 0.984505 0.546528 0.019010 0.015278
0 0.958854 0.551389 0.017188 0.013889
0 0.933464 0.555787 0.016927 0.014352
0 0.912760 0.559491 0.021354 0.012500
0 0.912500 0.579398 0.017708 0.013426
0 0.883984 0.562731 0.019010 0.013426
0 0.875391 0.546065 0.020052 0.013426
3 0.871745 0.517130 0.008073 0.008333
3 0.862630 0.521991 0.007552 0.006019
3 0.891536 0.644444 0.005990 0.005556
0 0.892448 0.678472 0.017708 0.013426
0 0.889062 0.580324 0.018750 0.012500
0 0.859115 0.582870 0.016667 0.012963
0 0.851693 0.567130 0.017969 0.012037
0 0.841016 0.548148 0.017969 0.012037
0 0.849089 0.527778 0.013281 0.010185
0 0.803125 0.506019 0.019271 0.014815
0 0.814974 0.528704 0.017969 0.012963
0 0.809635 0.550926 0.019271 0.012037
0 0.805469 0.571065 0.018229 0.012500
0 0.807292 0.587731 0.018750 0.012500
0 0.780599 0.552315 0.016927 0.013889
0 0.780208 0.571296 0.018229 0.012963
0 0.769010 0.536343 0.018750 0.012500
0 0.747786 0.557639 0.013281 0.008796
0 0.748828 0.574537 0.017969 0.012963
0 0.723177 0.576852 0.018229 0.012963
0 0.724219 0.594676 0.017708 0.011574
0 0.710677 0.538889 0.017708 0.010185
0 0.657161 0.541898 0.017448 0.011574
0 0.675260 0.561111 0.013542 0.012037
0 0.691146 0.614120 0.018229 0.012500
0 0.863281 0.726157 0.016667 0.017130
0 0.842187 0.729398 0.016667 0.014352
0 0.820573 0.735880 0.018229 0.013426
0 0.797396 0.740046 0.017188 0.011574
0 0.775391 0.741898 0.016406 0.013426
0 0.753125 0.751389 0.017708 0.014815
0 0.728646 0.753241 0.018750 0.013889
3 0.752214 0.672917 0.006510 0.007870
0 0.702474 0.737269 0.017448 0.018056
0 0.664583 0.669213 0.014583 0.013426
2 0.670182 0.699306 0.017969 0.012500
0 0.620964 0.696759 0.016927 0.011111
2 0.646615 0.629398 0.017188 0.013426
0 0.623047 0.609259 0.015365 0.013889
0 0.599870 0.646528 0.019010 0.014352
0 0.568750 0.623148 0.018229 0.016667
0 0.553516 0.640509 0.017448 0.015278
0 0.563411 0.665278 0.016406 0.015741
0 0.531510 0.594676 0.018229 0.016204
0 0.515755 0.651157 0.015885 0.011574
0 0.533203 0.696991 0.017969 0.015278
0 0.581120 0.746296 0.013281 0.028704
2 0.565755 0.754167 0.012240 0.027778
2 0.551432 0.756481 0.012240 0.027778
0 0.567318 0.783565 0.013802 0.027315
2 0.549479 0.796991 0.013542 0.031944
0 0.556120 0.818519 0.012760 0.027778
0 0.535286 0.834954 0.014323 0.033796
0 0.542188 0.854861 0.009896 0.025463
0 0.531120 0.884028 0.012240 0.030093
0 0.483333 0.945370 0.012500 0.029630
0 0.464844 0.936111 0.008333 0.028704
0 0.490625 0.988889 0.014063 0.022222
3 0.450260 0.863657 0.008854 0.007870
3 0.454427 0.869907 0.006250 0.007407
3 0.456380 0.879861 0.007031 0.005093
3 0.453385 0.892824 0.006771 0.013426
2 0.425521 0.691898 0.019792 0.015278
1 0.521094 0.529861 0.040625 0.018056
0 0.502214 0.565509 0.009115 0.011574
0 0.460807 0.581481 0.016927 0.015741
0 0.443359 0.617593 0.015365 0.013889
0 0.438542 0.634028 0.017188 0.014352
0 0.376693 0.701157 0.015885 0.016204
0 0.346224 0.715972 0.016406 0.015278
0 0.316536 0.725463 0.016406 0.015741
0 0.283073 0.740972 0.016146 0.018056
0 0.256901 0.752315 0.014844 0.014815
0 0.197526 0.793056 0.015365 0.014815
0 0.143620 0.794676 0.019010 0.017130
3 0.114193 0.781944 0.008073 0.007407
0 0.112500 0.757639 0.017708 0.015278
0 0.065755 0.843981 0.013802 0.013889
2 0.010417 0.850000 0.020313 0.024074
0 0.011589 0.868056 0.016406 0.016667
0 0.078646 0.717130 0.007812 0.025000
0 0.076302 0.680324 0.008333 0.028241
0 0.075130 0.646065 0.008073 0.026389
0 0.023307 0.600000 0.020052 0.016667
0 0.007161 0.483796 0.013802 0.010185
0 0.021094 0.503935 0.018750 0.014352
0 0.028776 0.487963 0.014323 0.013889
3 0.041927 0.509954 0.008333 0.008796
0 0.053776 0.494444 0.018490 0.017593
0 0.079427 0.519676 0.017188 0.015278
0 0.062370 0.515509 0.014323 0.012500
0 0.079427 0.498380 0.017188 0.014352
0 0.102474 0.502083 0.018490 0.015278
0 0.130729 0.508796 0.014583 0.015741
0 0.108073 0.525000 0.018229 0.013889
0 0.094922 0.560880 0.017969 0.015278
0 0.115885 0.546528 0.018750 0.016204
0 0.131250 0.529398 0.016667 0.014352
0 0.126172 0.566435 0.019010 0.017130
2 0.151823 0.513194 0.021875 0.017130
0 0.160807 0.536111 0.019010 0.013889
0 0.144271 0.554398 0.017188 0.014352
0 0.154818 0.574074 0.013802 0.012963
0 0.174349 0.578472 0.020573 0.016204
0 0.170443 0.557176 0.015365 0.012500
0 0.176172 0.519676 0.019010 0.015278
0 0.188672 0.542361 0.019010 0.015278
0 0.202474 0.525000 0.016406 0.015741
0 0.225651 0.531019 0.017448 0.014815
0 0.214062 0.547454 0.018229 0.014352
0 0.200260 0.565972 0.017188 0.012500
0 0.226432 0.569907 0.016406 0.013889
0 0.243880 0.555556 0.015885 0.015741
0 0.269661 0.540046 0.019010 0.017130
0 0.274219 0.561806 0.015625 0.014352
0 0.256901 0.576389 0.019010 0.014815
0 0.282161 0.582407 0.018490 0.012963
0 0.292448 0.545139 0.015625 0.014352
0 0.299479 0.565741 0.017708 0.015741
0 0.323047 0.552778 0.019531 0.016667
0 0.332161 0.573843 0.016406 0.015278
0 0.313281 0.588889 0.019271 0.012037
0 0.345573 0.596991 0.015625 0.012500
0 0.357161 0.579167 0.013802 0.012963
0 0.360677 0.560880 0.018229 0.015278
0 0.387500 0.565278 0.016146 0.012963
0 0.386198 0.584491 0.018750 0.016204
0 0.369792 0.600463 0.015625 0.013889
0 0.391016 0.626389 0.018490 0.013889
0 0.403255 0.608565 0.020573 0.016204
0 0.415104 0.573611 0.018229 0.014815
0 0.430339 0.593519 0.012760 0.011111
1 0.344401 0.615741 0.039323 0.020370
1 0.278255 0.603009 0.045573 0.025463
0 0.304427 0.626157 0.019271 0.013426
2 0.227995 0.590278 0.019010 0.013889
0 0.199089 0.584028 0.017969 0.016204
0 0.034896 0.549074 0.019271 0.014815
1 0.286458 0.464120 0.042188 0.022685
