0 0.216276 0.037269 0.014844 0.031019
0 0.211979 0.098611 0.011458 0.029630
0 0.226953 0.085648 0.016406 0.019444
0 0.219531 0.108565 0.010937 0.026389
0 0.228125 0.114120 0.012500 0.028241
0 0.239714 0.122917 0.014323 0.030093
0 0.246484 0.132639 0.012760 0.029167
0 0.253125 0.141204 0.011979 0.025000
0 0.260677 0.144676 0.013542 0.026389
0 0.267318 0.152315 0.011719 0.024074
0 0.257552 0.113426 0.016667 0.020370
0 0.249870 0.039352 0.013281 0.029630
0 0.258073 0.046991 0.011979 0.028241
0 0.265234 0.051620 0.009635 0.026389
0 0.277734 0.065278 0.012240 0.030556
0 0.284766 0.073843 0.012240 0.030093
0 0.292578 0.078472 0.010677 0.026389
0 0.278776 0.024074 0.009635 0.023148
0 0.297396 0.053009 0.017188 0.019907
0 0.302474 0.039583 0.020052 0.024537
0 0.306901 0.027546 0.017969 0.021759
0 0.326302 0.025231 0.015104 0.029167
0 0.317578 0.058333 0.011198 0.025000
0 0.391016 0.031944 0.007031 0.031481
0 0.410417 0.046296 0.009375 0.032407
2 0.407682 0.012731 0.008594 0.024537
0 0.422786 0.022222 0.013281 0.020370
2 0.423698 0.041435 0.015104 0.024537
2 0.428646 0.104167 0.015104 0.023148
2 0.413932 0.081713 0.008073 0.023611
1 0.416406 0.121759 0.011458 0.045370
0 0.391146 0.140046 0.016667 0.030093
0 0.412370 0.213657 0.007552 0.021759
0 0.418490 0.203935 0.009896 0.031944
0 0.425781 0.196065 0.007292 0.029167
0 0.434375 0.194444 0.009375 0.030556
0 0.451693 0.192593 0.008594 0.023148
0 0.459896 0.190278 0.008333 0.030556
0 0.477474 0.190741 0.008594 0.030556
0 0.495052 0.193750 0.007292 0.027315
0 0.503776 0.193519 0.008073 0.030556
0 0.519661 0.195602 0.005990 0.022685
0 0.511589 0.193981 0.006510 0.021296
2 0.470703 0.162731 0.017969 0.013426
2 0.444792 0.192824 0.009375 0.032870
2 0.469141 0.190741 0.007552 0.031481
2 0.547656 0.256250 0.019271 0.015278
0 0.525130 0.277083 0.010677 0.012500
0 0.525781 0.034028 0.008333 0.032870
0 0.526693 0.067130 0.007552 0.029630
0 0.616406 0.163657 0.016146 0.013426
0 0.607031 0.187269 0.017708 0.012500
0 0.619010 0.293056 0.016667 0.024074
0 0.636198 0.318981 0.015104 0.028704
1 0.612760 0.375000 0.023438 0.034259
0 0.827734 0.057176 0.009115 0.031944
0 0.751172 0.087963 0.009635 0.029630
0 0.741276 0.084259 0.007552 0.026852
2 0.856250 0.283333 0.018750 0.024074
2 0.539844 0.439120 0.017708 0.021759
2 0.518099 0.434722 0.016927 0.012037
2 0.485807 0.516204 0.006510 0.030556
2 0.462109 0.511111 0.011719 0.033333
2 0.589063 0.646296 0.018750 0.012963
0 0.562500 0.583102 0.008333 0.021759
0 0.512109 0.418056 0.012240 0.013889
0 0.497786 0.442361 0.014844 0.018056
0 0.478385 0.468056 0.011979 0.020370
0 0.483854 0.606019 0.018750 0.019444
0 0.537240 0.634491 0.017708 0.013426
0 0.428125 0.564120 0.014583 0.020833
0 0.371094 0.480324 0.017708 0.024537
0 0.347396 0.477315 0.018750 0.023148
0 0.304557 0.437963 0.013281 0.015741
0 0.268099 0.390972 0.018490 0.019907
0 0.250521 0.355324 0.015104 0.018056
0 0.151432 0.287269 0.017969 0.021759
2 0.234505 0.367593 0.023698 0.029630
0 0.089583 0.230787 0.016667 0.019907
0 0.038932 0.200926 0.019531 0.019444
0 0.972135 0.677315 0.018750 0.013889
0 0.977214 0.699306 0.017448 0.014352
0 0.925651 0.709954 0.017969 0.014352
0 0.879818 0.723148 0.018490 0.013889
0 0.791146 0.693056 0.018229 0.014815
0 0.834896 0.817593 0.009375 0.024074
0 0.723568 0.972685 0.016406 0.024074
0 0.704688 0.698148 0.018229 0.014815
0 0.698568 0.659954 0.017448 0.012500
0 0.661589 0.653935 0.017448 0.014352
0 0.560547 0.675231 0.016406 0.014352
2 0.606250 0.776389 0.013542 0.030556
0 0.607161 0.834954 0.015885 0.026389
0 0.661328 0.930093 0.016406 0.021296
2 0.432422 0.781713 0.013802 0.025463
2 0.363281 0.924769 0.016667 0.010648
2 0.106641 0.604630 0.045573 0.030556
2 0.069401 0.621296 0.029427 0.019444
2 0.039583 0.645602 0.031250 0.040278
2 0.011719 0.681019 0.022917 0.041667
0 0.202083 0.591435 0.017188 0.015278
0 0.273177 0.590741 0.017188 0.013889
0 0.298047 0.584954 0.015885 0.012500
0 0.335677 0.588194 0.018229 0.015278
0 0.349219 0.561574 0.009896 0.020370
0 0.363281 0.738426 0.016146 0.012963
2 0.829036 0.961574 0.013802 0.028704
0 0.661068 0.351852 0.015885 0.013889
0 0.366797 0.898148 0.010677 0.009259
