0 0.240885 0.182407 0.008333 0.029630
0 0.272266 0.159491 0.006510 0.031944
0 0.279948 0.162731 0.009375 0.033796
0 0.311458 0.170370 0.009375 0.030556
0 0.290365 0.163657 0.008333 0.028241
0 0.335677 0.172222 0.008854 0.029630
0 0.319271 0.170139 0.008854 0.027315
0 0.327474 0.171296 0.009115 0.028704
0 0.339193 0.135648 0.007552 0.025926
0 0.303516 0.166898 0.009635 0.031944
0 0.296224 0.127315 0.007552 0.023148
0 0.320443 0.142361 0.018490 0.012500
0 0.321615 0.126620 0.016667 0.015278
0 0.322526 0.112269 0.014323 0.017130
0 0.298828 0.092824 0.008073 0.031944
0 0.270313 0.114352 0.019271 0.014815
0 0.270573 0.100463 0.016146 0.013889
0 0.255729 0.131944 0.005208 0.027778
0 0.256771 0.096759 0.007812 0.032407
0 0.271224 0.086111 0.015885 0.012963
0 0.282292 0.076620 0.011979 0.030093
0 0.326302 0.070370 0.016146 0.012963
0 0.325260 0.086806 0.016667 0.011574
0 0.308724 0.035185 0.017448 0.015741
0 0.288151 0.035185 0.010677 0.026852
0 0.279167 0.036574 0.011458 0.029630
0 0.270052 0.032176 0.011458 0.026389
0 0.261589 0.030556 0.011719 0.029630
0 0.252344 0.029398 0.011979 0.031019
0 0.229687 0.045139 0.017708 0.018056
0 0.229948 0.059259 0.017188 0.013889
0 0.340234 0.099537 0.009635 0.031481
0 0.341146 0.019213 0.007812 0.025463
0 0.260547 0.219444 0.016406 0.013889
0 0.293620 0.224769 0.017969 0.013426
0 0.316276 0.229167 0.017969 0.014815
0 0.327604 0.254630 0.006771 0.025000
0 0.391276 0.027083 0.014323 0.031944
0 0.401172 0.064120 0.014323 0.031944
0 0.423307 0.063426 0.013802 0.029630
0 0.432682 0.093981 0.010156 0.021296
0 0.428255 0.147222 0.012760 0.032407
0 0.460938 0.206944 0.014063 0.025926
0 0.456120 0.219676 0.008594 0.022685
0 0.465625 0.193981 0.013021 0.025000
0 0.474089 0.187500 0.012240 0.028704
0 0.490625 0.172917 0.009896 0.019907
2 0.484245 0.180093 0.013281 0.029630
2 0.527865 0.117824 0.019792 0.024537
2 0.507552 0.160417 0.013542 0.034722
0 0.497656 0.166898 0.012500 0.030093
0 0.450651 0.107639 0.015365 0.019907
0 0.433724 0.050694 0.015365 0.019907
0 0.429818 0.032639 0.013281 0.016204
2 0.414062 0.030324 0.013542 0.032870
1 0.443750 0.131250 0.018229 0.043981
0 0.530859 0.147222 0.011719 0.026852
2 0.539193 0.141435 0.012240 0.030093
0 0.514193 0.156481 0.011198 0.030556
0 0.513672 0.155556 0.011198 0.030556
2 0.545964 0.136806 0.007031 0.018056
2 0.554818 0.133333 0.008594 0.022222
2 0.592578 0.171528 0.020052 0.017130
0 0.640104 0.040972 0.016667 0.020833
0 0.635547 0.070139 0.017969 0.023611
0 0.535677 0.011806 0.012500 0.022685
0 0.666016 0.162269 0.015885 0.015278
0 0.647786 0.151852 0.015365 0.016667
0 0.718099 0.188194 0.018490 0.018056
0 0.739193 0.172917 0.018490 0.018056
1 0.676172 0.241667 0.020573 0.040741
0 0.892708 0.387037 0.018750 0.019444
0 0.872526 0.419676 0.016406 0.018981
0 0.896615 0.431019 0.018750 0.019444
0 0.736979 0.490509 0.018229 0.019907
0 0.675651 0.524769 0.016406 0.017130
0 0.723437 0.619907 0.016146 0.026852
0 0.770703 0.682407 0.014323 0.017593
0 0.806771 0.671991 0.017708 0.016204
0 0.875260 0.766435 0.016667 0.021759
2 0.921094 0.739352 0.019792 0.025926
0 0.973958 0.802083 0.018750 0.026389
0 0.988021 0.775694 0.016146 0.018056
2 0.914714 0.919676 0.022135 0.020833
2 0.982422 0.983333 0.014323 0.030556
2 0.607031 0.544676 0.018750 0.014352
2 0.562760 0.465509 0.006771 0.032870
2 0.599219 0.358333 0.017708 0.024074
2 0.619661 0.348843 0.017448 0.014352
2 0.629427 0.375231 0.018750 0.018056
2 0.685807 0.459259 0.012240 0.025926
0 0.581510 0.379398 0.016146 0.025463
0 0.568490 0.415741 0.012500 0.023148
0 0.486198 0.516204 0.017188 0.014815
0 0.548698 0.534028 0.018229 0.016204
0 0.465885 0.585880 0.007812 0.024537
0 0.422656 0.642130 0.014583 0.017593
0 0.401302 0.665278 0.017188 0.022222
2 0.248307 0.787037 0.041406 0.055556
2 0.194271 0.869444 0.026042 0.045370
2 0.219792 0.827546 0.021875 0.032870
2 0.169010 0.927778 0.029167 0.059259
2 0.588932 0.738889 0.006510 0.029630
0 0.460938 0.620602 0.015625 0.020833
0 0.376953 0.681250 0.015365 0.017130
0 0.601432 0.697454 0.015365 0.017130
0 0.520312 0.460417 0.013021 0.015278
0 0.417578 0.507639 0.015365 0.014352
0 0.366016 0.482870 0.019010 0.014815
0 0.333984 0.457407 0.016406 0.012037
0 0.322656 0.475926 0.018229 0.017593
0 0.216667 0.437963 0.016667 0.015741
0 0.290495 0.471991 0.013281 0.013426
0 0.123828 0.468056 0.015885 0.013889
2 0.174609 0.440509 0.022135 0.015278
0 0.055599 0.444676 0.017969 0.013426
0 0.051693 0.478241 0.019010 0.015741
0 0.013932 0.465278 0.016406 0.015741
0 0.973307 0.512037 0.007031 0.027778
2 0.118620 0.969907 0.016927 0.026852
0 0.004687 0.766435 0.007292 0.029167
0 0.019010 0.759954 0.007292 0.029167
0 0.026302 0.759491 0.007292 0.029167
0 0.043490 0.775463 0.015104 0.012037
0 0.028516 0.781250 0.013802 0.017130
0 0.013932 0.791435 0.014844 0.013426
0 0.095312 0.636574 0.014583 0.020370
0 0.106380 0.666667 0.017448 0.025000
0 0.127474 0.702315 0.009635 0.028704
