0 0.196745 0.022222 0.008073 0.025926
0 0.189453 0.018981 0.008073 0.025926
0 0.205469 0.023611 0.007812 0.027778
0 0.238021 0.064583 0.018229 0.018981
0 0.258594 0.073611 0.017188 0.014815
2 0.320052 0.094907 0.018229 0.019444
2 0.360026 0.111806 0.014844 0.012500
2 0.419922 0.117361 0.014844 0.012500
0 0.402604 0.116667 0.012500 0.011111
0 0.379818 0.113657 0.015885 0.012500
0 0.444141 0.119676 0.015365 0.016204
0 0.578255 0.136806 0.006510 0.031019
0 0.558203 0.290509 0.008073 0.029167
0 0.545443 0.313194 0.008073 0.029167
0 0.552474 0.376620 0.008073 0.029167
0 0.008464 0.361343 0.016406 0.013426
0 0.197656 0.320139 0.016667 0.013426
0 0.088151 0.464815 0.016406 0.014815
0 0.173307 0.438889 0.016406 0.014815
0 0.174609 0.459259 0.016406 0.014815
0 0.270182 0.432639 0.014844 0.014352
0 0.244661 0.416204 0.016406 0.014815
0 0.344531 0.395370 0.014583 0.012963
0 0.365365 0.289583 0.016667 0.013426
0 0.369271 0.412037 0.011458 0.009259
0 0.437240 0.273843 0.016667 0.013426
0 0.453385 0.397917 0.016667 0.013426
0 0.369531 0.502083 0.008333 0.025463
0 0.378385 0.496296 0.010417 0.027778
0 0.387240 0.494444 0.010417 0.027778
0 0.398177 0.488426 0.010417 0.027778
0 0.408203 0.484954 0.008594 0.024537
0 0.444922 0.494213 0.007031 0.025463
0 0.298698 0.574306 0.016667 0.015278
0 0.307422 0.585648 0.015885 0.012963
0 0.318880 0.598148 0.015885 0.012963
0 0.323828 0.612963 0.015885 0.012963
2 0.342057 0.508333 0.011198 0.031481
2 0.338932 0.570139 0.013802 0.027315
2 0.352214 0.569676 0.013802 0.027315
0 0.246354 0.793750 0.009375 0.031019
0 0.255208 0.784491 0.009375 0.031019
0 0.262891 0.773380 0.006510 0.027315
0 0.285026 0.743750 0.006510 0.027315
2 0.276823 0.752546 0.008333 0.027315
0 0.321745 0.851852 0.016406 0.026852
0 0.283724 0.907407 0.011198 0.022222
0 0.327344 0.901389 0.011979 0.025000
0 0.315755 0.948843 0.012240 0.024537
0 0.335286 0.895370 0.011198 0.024074
0 0.361068 0.857639 0.013281 0.028241
0 0.385807 0.821296 0.009635 0.025000
0 0.376172 0.838426 0.009635 0.020370
0 0.345313 0.820139 0.015104 0.024537
0 0.364323 0.795139 0.015104 0.024537
0 0.387500 0.763194 0.015104 0.024537
0 0.412760 0.784491 0.013021 0.026389
0 0.422786 0.770602 0.011719 0.029167
0 0.425911 0.665741 0.012240 0.026852
0 0.436589 0.612963 0.016927 0.014815
0 0.402995 0.600000 0.016927 0.014815
0 0.402214 0.617593 0.016927 0.014815
0 0.396354 0.699537 0.013021 0.027778
0 0.457422 0.775231 0.011719 0.020833
0 0.484115 0.701620 0.014583 0.014352
0 0.486719 0.676157 0.014063 0.012500
0 0.486979 0.660417 0.014063 0.012500
0 0.489323 0.643287 0.014063 0.012500
0 0.500000 0.731019 0.016146 0.017593
2 0.563151 0.446296 0.015885 0.025926
0 0.614453 0.460880 0.016406 0.015278
0 0.635026 0.503472 0.015365 0.019907
0 0.755729 0.767824 0.016667 0.014352
0 0.734896 0.763194 0.016667 0.014352
0 0.811068 0.657407 0.006510 0.019444
2 0.832161 0.765509 0.028385 0.018056
0 0.829688 0.779398 0.010937 0.008796
0 0.782813 0.771991 0.016667 0.014352
0 0.911458 0.809028 0.015104 0.011574
2 0.938802 0.888657 0.009896 0.037500
0 0.935937 0.923843 0.007292 0.024537
0 0.931771 0.954861 0.007292 0.024537
2 0.935026 0.542824 0.008594 0.030093
2 0.919922 0.591204 0.012760 0.030556
2 0.940495 0.627778 0.009635 0.026852
0 0.947135 0.655324 0.013021 0.026389
0 0.936328 0.580787 0.008594 0.024537
0 0.918359 0.486806 0.012760 0.014352
2 0.910417 0.461343 0.022396 0.022685
2 0.837630 0.471759 0.021094 0.015741
2 0.801172 0.465046 0.036198 0.022685
2 0.722005 0.449306 0.016406 0.014352
0 0.694401 0.441204 0.015365 0.012037
2 0.748177 0.370833 0.042708 0.022222
2 0.757943 0.211111 0.036198 0.018519
0 0.700000 0.355787 0.017188 0.014352
0 0.688542 0.261806 0.014583 0.011574
0 0.716406 0.241898 0.015625 0.012500
0 0.608724 0.271528 0.015365 0.012500
0 0.598437 0.312269 0.007812 0.011574
2 0.598568 0.332870 0.011198 0.011111
0 0.515625 0.262963 0.018229 0.012037
0 0.523047 0.282870 0.014844 0.012037
0 0.678776 0.107870 0.014844 0.015741
0 0.706510 0.152778 0.007812 0.025926
0 0.732682 0.094907 0.014844 0.017593
0 0.734375 0.112037 0.016667 0.019444
0 0.750521 0.105787 0.007292 0.024537
0 0.750651 0.075926 0.007031 0.028704
0 0.752214 0.043056 0.009115 0.030556
0 0.741667 0.047685 0.007812 0.028704
0 0.737891 0.070370 0.015365 0.020370
0 0.736198 0.084722 0.014583 0.018519
0 0.747396 0.253935 0.015625 0.012500
0 0.825521 0.150231 0.015625 0.012500
0 0.788542 0.153472 0.015625 0.012500
0 0.805729 0.153009 0.015625 0.012500
0 0.901042 0.125231 0.016667 0.014352
0 0.905729 0.099306 0.015625 0.020833
0 0.879948 0.131250 0.016146 0.018056
0 0.942708 0.113889 0.009375 0.027778
0 0.941406 0.077546 0.008854 0.026389
2 0.940104 0.024769 0.025521 0.047685
2 0.925260 0.027315 0.028646 0.049074
1 0.958854 0.434259 0.026042 0.025000
0 0.950130 0.328704 0.014844 0.013889
0 0.918620 0.331713 0.013802 0.011574
0 0.892708 0.295139 0.012500 0.010648
0 0.870182 0.317824 0.015365 0.012500
0 0.875391 0.337269 0.015365 0.012500
2 0.834505 0.340741 0.016927 0.012963
0 0.811589 0.342361 0.014323 0.012500
0 0.771484 0.346991 0.014323 0.012500
0 0.694141 0.503241 0.007031 0.024074
0 0.673307 0.664815 0.007031 0.024074
0 0.622526 0.718981 0.007031 0.024074
0 0.622005 0.718056 0.007031 0.024074
0 0.598828 0.957870 0.006510 0.020370
0 0.614714 0.960185 0.006510 0.020370
0 0.623047 0.963889 0.006510 0.020370
0 0.971875 0.808796 0.015625 0.010185
0 0.991146 0.657639 0.016667 0.011574
2 0.912370 0.560880 0.010156 0.029167
