0 0.007812 0.090509 0.013021 0.008796
0 0.026302 0.089583 0.015625 0.009722
0 0.044271 0.087731 0.016667 0.013426
0 0.079557 0.086343 0.017448 0.011574
0 0.174089 0.082407 0.014844 0.010185
0 0.137370 0.084954 0.016927 0.010648
0 0.195833 0.081944 0.015104 0.011111
0 0.230469 0.097685 0.014063 0.021296
0 0.246484 0.136343 0.011719 0.026389
0 0.235156 0.143519 0.014583 0.019444
0 0.237370 0.157407 0.015365 0.016667
0 0.240625 0.169213 0.015104 0.020833
0 0.252344 0.203009 0.015104 0.018056
2 0.263932 0.225694 0.011719 0.020833
2 0.255469 0.214815 0.016146 0.017593
2 0.268880 0.248843 0.017969 0.033796
0 0.298047 0.299306 0.009635 0.024537
0 0.285286 0.296296 0.010677 0.025000
0 0.365495 0.166667 0.013281 0.018519
0 0.445833 0.855556 0.006250 0.027778
0 0.064062 0.405787 0.014063 0.014352
0 0.039453 0.456250 0.016927 0.012500
0 0.572656 0.011343 0.007812 0.021759
0 0.550781 0.078472 0.006771 0.027315
0 0.508464 0.182407 0.015885 0.020370
0 0.558203 0.128241 0.015885 0.016667
2 0.519792 0.134028 0.016146 0.014352
0 0.521484 0.109954 0.015365 0.012500
0 0.552604 0.205324 0.014583 0.018056
0 0.572786 0.189352 0.011719 0.026852
0 0.589193 0.246528 0.013802 0.020833
0 0.603255 0.269444 0.013802 0.023148
0 0.627604 0.275231 0.014583 0.018056
0 0.654036 0.258796 0.014844 0.016667
0 0.674609 0.276620 0.014844 0.012500
0 0.670964 0.241204 0.007552 0.025926
0 0.693880 0.269907 0.013281 0.010185
0 0.646484 0.311343 0.014844 0.017130
0 0.604427 0.329398 0.011458 0.025463
0 0.588411 0.291435 0.013281 0.023611
0 0.572656 0.267130 0.012500 0.020370
0 0.557161 0.247454 0.011198 0.017130
2 0.569531 0.224074 0.016667 0.028704
2 0.521354 0.224074 0.015104 0.014815
2 0.501563 0.263194 0.006771 0.037500
0 0.504297 0.216204 0.013802 0.013889
0 0.539453 0.231713 0.014323 0.014352
0 0.573828 0.248611 0.015365 0.021296
0 0.703776 0.237269 0.013802 0.010648
0 0.684245 0.240509 0.014844 0.011574
0 0.800260 0.225926 0.014583 0.012963
0 0.744922 0.259954 0.014323 0.012500
0 0.761849 0.255787 0.014323 0.012500
0 0.841016 0.216898 0.015365 0.017130
0 0.840495 0.186806 0.012760 0.014352
0 0.877083 0.147917 0.013021 0.017130
2 0.607161 0.293750 0.017448 0.018981
2 0.710807 0.265046 0.015365 0.013426
0 0.629687 0.340972 0.010937 0.028241
0 0.636589 0.367593 0.009635 0.028704
0 0.621484 0.394213 0.010156 0.030093
0 0.613021 0.357639 0.009896 0.025463
0 0.644531 0.406019 0.011979 0.029630
0 0.436589 0.979861 0.006510 0.024537
0 0.384505 0.423380 0.013281 0.013426
0 0.420312 0.445139 0.014583 0.013426
0 0.267708 0.422917 0.015104 0.013426
0 0.344271 0.406713 0.015104 0.014352
0 0.324089 0.432407 0.014844 0.012963
0 0.455729 0.707176 0.008854 0.026389
0 0.426042 0.410648 0.015625 0.012963
0 0.431641 0.429630 0.014844 0.012963
0 0.525130 0.422454 0.013802 0.013426
0 0.534375 0.440509 0.014583 0.011574
0 0.497786 0.438657 0.015365 0.013426
0 0.516276 0.474537 0.015885 0.012963
0 0.485807 0.451620 0.015885 0.011574
0 0.451042 0.634722 0.008854 0.025926
0 0.448437 0.466204 0.015625 0.014815
0 0.540234 0.497454 0.014323 0.011574
0 0.544141 0.463194 0.013281 0.011574
0 0.587891 0.473148 0.014323 0.012037
0 0.552344 0.482176 0.016146 0.013426
0 0.618359 0.479167 0.014323 0.012963
0 0.578255 0.488889 0.014323 0.012963
0 0.617318 0.495602 0.016406 0.013426
0 0.574740 0.502546 0.015104 0.011574
0 0.648047 0.500926 0.013802 0.012963
0 0.652214 0.486806 0.010677 0.011574
0 0.691146 0.493981 0.012500 0.011111
0 0.679167 0.510185 0.016146 0.013889
0 0.712760 0.497222 0.013542 0.012037
0 0.729948 0.501389 0.014063 0.012037
0 0.753646 0.503935 0.015104 0.010648
0 0.739323 0.519444 0.016146 0.011111
0 0.768620 0.540509 0.014323 0.010648
0 0.706250 0.512037 0.011979 0.010185
0 0.647526 0.517824 0.013802 0.010648
0 0.692057 0.526620 0.014844 0.012500
2 0.613672 0.511806 0.015885 0.013426
2 0.718880 0.532407 0.017969 0.013889
2 0.802865 0.548148 0.015104 0.012963
0 0.776172 0.509028 0.013281 0.011574
0 0.785417 0.529167 0.014063 0.011111
0 0.747396 0.539352 0.015104 0.012963
0 0.786719 0.545602 0.014063 0.012500
0 0.795703 0.512963 0.013802 0.012037
0 0.824870 0.552546 0.014844 0.012500
0 0.810807 0.515046 0.014323 0.010648
0 0.832812 0.537731 0.014063 0.012500
0 0.876172 0.562731 0.014844 0.013426
0 0.920052 0.572222 0.015104 0.012037
0 0.898568 0.567130 0.013281 0.011111
0 0.862500 0.543056 0.015104 0.012037
2 0.852734 0.558565 0.016406 0.012500
2 0.801562 0.531713 0.016667 0.012500
1 0.858594 0.524537 0.036979 0.019444
0 0.646875 0.713426 0.014063 0.022222
0 0.643359 0.729398 0.013802 0.022685
0 0.621875 0.629398 0.015104 0.024537
0 0.604557 0.704630 0.015365 0.018519
0 0.559375 0.806713 0.009375 0.026389
0 0.563802 0.776620 0.010417 0.030093
0 0.558464 0.861806 0.005469 0.021759
0 0.553125 0.961343 0.009375 0.026389
0 0.472396 0.861111 0.006771 0.028704
0 0.466536 0.789815 0.006510 0.027778
0 0.475911 0.780787 0.005990 0.019907
0 0.464323 0.835880 0.006250 0.026389
0 0.485547 0.749537 0.006510 0.027778
0 0.462891 0.866204 0.005469 0.018519
0 0.425000 0.830093 0.009896 0.027778
0 0.432422 0.891435 0.008073 0.024537
0 0.467318 0.749769 0.006510 0.026389
0 0.469271 0.716667 0.006250 0.026852
0 0.478516 0.703472 0.006510 0.026389
0 0.478516 0.670139 0.005469 0.027315
0 0.469010 0.683796 0.006771 0.025926
0 0.470573 0.651389 0.006771 0.025926
0 0.487500 0.664815 0.006771 0.025926
0 0.479687 0.629630 0.006771 0.025926
0 0.487760 0.622685 0.006771 0.025926
2 0.486458 0.708333 0.006250 0.028704
2 0.477214 0.738657 0.007031 0.028241
2 0.475000 0.820833 0.008333 0.027778
0 0.429297 0.964352 0.008073 0.026852
0 0.395573 0.476389 0.014583 0.011111
0 0.374219 0.475000 0.014583 0.011111
0 0.396875 0.490972 0.011979 0.008796
0 0.405729 0.506481 0.015104 0.009259
0 0.382161 0.543981 0.013802 0.012037
0 0.356771 0.543287 0.015625 0.011574
0 0.334375 0.540278 0.015625 0.011111
0 0.344141 0.507407 0.014323 0.011111
0 0.324219 0.507176 0.015625 0.012500
0 0.318620 0.490741 0.014323 0.011111
0 0.297917 0.491204 0.015104 0.011111
0 0.300130 0.509028 0.014844 0.011574
0 0.301953 0.525231 0.015885 0.011574
0 0.250911 0.506713 0.014844 0.011574
0 0.254818 0.523148 0.014844 0.012037
0 0.250391 0.543981 0.015365 0.012963
0 0.273958 0.541435 0.015625 0.012500
2 0.377995 0.493056 0.014844 0.011111
2 0.383854 0.507407 0.016146 0.011111
2 0.373177 0.525694 0.017708 0.011574
2 0.315104 0.543519 0.015625 0.010185
2 0.180729 0.526157 0.018750 0.011574
0 0.278646 0.508565 0.013021 0.011574
0 0.279687 0.525000 0.013021 0.011111
0 0.350130 0.525694 0.012760 0.010648
0 0.340625 0.492130 0.014063 0.011111
0 0.326953 0.523380 0.012760 0.009722
0 0.398568 0.524306 0.012760 0.010648
0 0.359115 0.489583 0.011458 0.008796
0 0.362109 0.506713 0.010677 0.009722
0 0.294401 0.546528 0.012240 0.009722
0 0.408073 0.540509 0.011458 0.009722
0 0.408464 0.772222 0.015885 0.026852
0 0.387760 0.729630 0.014063 0.020370
0 0.328516 0.630787 0.013281 0.018056
0 0.224349 0.571296 0.017448 0.012037
0 0.226432 0.546065 0.014844 0.012500
0 0.205469 0.543750 0.015104 0.010648
0 0.232161 0.524537 0.015885 0.011111
0 0.207682 0.522222 0.016406 0.011111
0 0.134505 0.527546 0.014844 0.010648
0 0.184635 0.543750 0.015104 0.010648
0 0.148307 0.508565 0.014844 0.010648
0 0.108594 0.526157 0.015104 0.010648
0 0.062760 0.509491 0.016667 0.012500
0 0.138281 0.545602 0.015104 0.010648
0 0.074349 0.547454 0.014844 0.010648
0 0.100911 0.546991 0.014844 0.010648
0 0.195703 0.566898 0.015365 0.010648
0 0.172135 0.565972 0.014063 0.010648
0 0.027604 0.548148 0.017188 0.011111
0 0.049609 0.546759 0.016927 0.011111
0 0.146094 0.571296 0.015625 0.010185
0 0.005990 0.545370 0.011458 0.008333
2 0.118620 0.509954 0.017448 0.010648
2 0.091667 0.509722 0.020313 0.011111
2 0.271094 0.582407 0.016667 0.017593
0 0.279557 0.490741 0.010677 0.010185
0 0.156120 0.526157 0.011719 0.010648
0 0.218750 0.507870 0.016667 0.013889
2 0.164714 0.545370 0.015365 0.010185
0 0.241536 0.395370 0.012240 0.014815
0 0.797005 0.365278 0.015365 0.012963
0 0.789974 0.427778 0.015365 0.013889
0 0.789193 0.448611 0.016406 0.012963
2 0.793359 0.402778 0.016406 0.013889
2 0.795443 0.380093 0.016406 0.012963
0 0.787370 0.461806 0.020052 0.018981
0 0.861198 0.399306 0.006250 0.019907
1 0.490885 0.510648 0.031771 0.037037
2 0.378516 0.454861 0.016406 0.013426
0 0.758203 0.523380 0.012240 0.013426
0 0.886068 0.531019 0.014844 0.012963
0 0.935807 0.575000 0.013281 0.012037
0 0.909766 0.535417 0.015885 0.013426
0 0.887760 0.550463 0.015625 0.012963
0 0.920443 0.553935 0.016406 0.013426
0 0.945182 0.559491 0.016406 0.011574
2 0.958854 0.580093 0.018750 0.012963
0 0.963151 0.500463 0.008594 0.016667
2 0.194401 0.508565 0.015885 0.009722
0 0.218620 0.108796 0.009115 0.017593
0 0.862891 0.374306 0.005469 0.022685
0 0.996875 0.300926 0.006250 0.029630
0 0.990104 0.297917 0.007812 0.027315
2 0.983854 0.281713 0.007292 0.028241
0 0.998047 0.361111 0.003906 0.024074
0 0.958854 0.468519 0.006250 0.024074
0 0.935026 0.540278 0.014844 0.012963
0 0.969531 0.562963 0.014583 0.011111
0 0.977865 0.583796 0.014063 0.011111
0 0.996875 0.585880 0.006250 0.009722
0 0.958203 0.545370 0.015365 0.013889
0 0.369141 0.685185 0.013802 0.021296
0 0.346484 0.657639 0.013802 0.020833
0 0.584766 0.727083 0.013802 0.024537
0 0.082422 0.567593 0.014323 0.010185
0 0.071484 0.528241 0.015885 0.011111
0 0.290625 0.595370 0.014583 0.017593
0 0.444010 0.350463 0.005729 0.026852
0 0.270964 0.371296 0.013802 0.021296
0 0.498177 0.606944 0.005729 0.025000
0 0.114844 0.565741 0.017708 0.011111
0 0.016797 0.427083 0.016406 0.012500
0 0.571354 0.903935 0.009896 0.026389
0 0.470313 0.900000 0.006771 0.028704
0 0.461328 0.910185 0.005990 0.025926
0 0.373958 0.249537 0.013542 0.025926
0 0.497396 0.660185 0.006771 0.028704
0 0.547005 0.930787 0.011198 0.029167
2 0.030990 0.564583 0.019792 0.010648
0 0.538672 0.890741 0.010677 0.027778
0 0.483854 0.813426 0.006771 0.028704
0 0.468490 0.933333 0.006771 0.028704
0 0.458984 0.943750 0.008073 0.030093
0 0.044141 0.526157 0.013281 0.009722
0 0.248177 0.575231 0.015104 0.013426
0 0.427734 0.165046 0.010677 0.029167
0 0.374609 0.438426 0.015885 0.012037
0 0.466406 0.967593 0.006771 0.028704
0 0.456250 0.976389 0.006771 0.028704
0 0.577083 0.935880 0.009375 0.026389
0 0.588021 0.991898 0.005729 0.016204
0 0.559375 0.992130 0.007812 0.015741
0 0.682813 0.950463 0.009896 0.018519
0 0.816276 0.967130 0.013802 0.019444
0 0.801172 0.990278 0.013802 0.019444
0 0.927474 0.955324 0.016927 0.018056
0 0.982031 0.974769 0.016667 0.013426
0 0.985286 0.991667 0.009115 0.016667
0 0.984245 0.547454 0.011719 0.016204
0 0.464974 0.994213 0.006510 0.011574
0 0.992969 0.942593 0.007812 0.025000
0 0.256380 0.472454 0.013281 0.012500
0 0.006641 0.563426 0.012760 0.012037
0 0.996354 0.569444 0.007292 0.011111
0 0.634115 0.287037 0.014583 0.020370
0 0.633464 0.674306 0.013802 0.023611
0 0.625391 0.712731 0.013802 0.023611
2 0.639583 0.299769 0.014063 0.015278
