0 0.007031 0.074769 0.013021 0.008796
0 0.024740 0.073380 0.015625 0.009722
0 0.042448 0.071991 0.016667 0.013426
0 0.079297 0.072917 0.017448 0.011574
0 0.173828 0.068981 0.014844 0.010185
0 0.137370 0.069213 0.016927 0.010648
0 0.195833 0.068981 0.015104 0.011111
0 0.230729 0.088889 0.014063 0.021296
0 0.246484 0.126157 0.011719 0.026389
0 0.234635 0.133796 0.014583 0.019444
0 0.236849 0.148843 0.016927 0.016204
0 0.240365 0.162731 0.015104 0.020833
0 0.253516 0.196065 0.016927 0.019907
2 0.262760 0.215046 0.011979 0.020833
2 0.254167 0.203241 0.016146 0.017593
2 0.269661 0.237269 0.017969 0.033796
0 0.198568 0.394444 0.013281 0.013889
0 0.283854 0.286343 0.010417 0.025463
0 0.365755 0.158796 0.013281 0.018519
0 0.575391 0.007639 0.006510 0.014352
0 0.552083 0.075231 0.006771 0.027315
0 0.509766 0.179167 0.015885 0.020370
0 0.559245 0.121759 0.015885 0.016667
2 0.520312 0.130324 0.016146 0.014352
0 0.522786 0.104398 0.015365 0.012500
0 0.538021 0.196296 0.011458 0.024074
0 0.573047 0.188194 0.012240 0.029167
0 0.589714 0.244676 0.014844 0.022685
0 0.603516 0.265278 0.013802 0.023148
0 0.626823 0.272685 0.016146 0.020370
0 0.654557 0.257176 0.014323 0.015278
0 0.674609 0.276620 0.014844 0.012500
0 0.671745 0.238426 0.007552 0.025926
0 0.693880 0.269907 0.013281 0.010185
0 0.644661 0.311343 0.014844 0.017130
0 0.601302 0.326620 0.011458 0.025463
0 0.589453 0.288426 0.014844 0.025000
0 0.573047 0.263194 0.013802 0.022685
0 0.556641 0.242361 0.011198 0.017130
2 0.569531 0.218519 0.016146 0.025926
2 0.521875 0.219676 0.015104 0.015278
2 0.501432 0.257176 0.008073 0.039352
0 0.504557 0.211574 0.013802 0.013889
0 0.539193 0.226157 0.014323 0.014352
0 0.491016 0.177546 0.014323 0.023611
0 0.705599 0.238194 0.013802 0.010648
0 0.685286 0.238657 0.014844 0.011574
0 0.745182 0.258796 0.013802 0.010185
0 0.763281 0.255787 0.012500 0.011574
0 0.841016 0.216898 0.015365 0.017130
0 0.841276 0.189120 0.012760 0.014352
0 0.878385 0.152083 0.013021 0.017130
2 0.512760 0.196991 0.015625 0.018056
2 0.710807 0.265046 0.015365 0.013426
0 0.630990 0.339120 0.010937 0.028241
0 0.635286 0.364815 0.009635 0.028704
0 0.621224 0.391898 0.011719 0.025463
0 0.612630 0.354167 0.011198 0.021296
0 0.643229 0.403009 0.011458 0.026389
0 0.015365 0.443750 0.015625 0.011574
0 0.054036 0.428241 0.015365 0.012037
0 0.130990 0.427083 0.016146 0.013426
0 0.099219 0.446065 0.016667 0.013426
0 0.075521 0.388889 0.014583 0.012963
0 0.160938 0.446759 0.014583 0.012963
0 0.222135 0.446759 0.016146 0.012037
0 0.433984 0.946296 0.007552 0.026852
0 0.220964 0.429398 0.011198 0.011574
0 0.374349 0.431481 0.013281 0.010185
0 0.409115 0.433333 0.014583 0.013889
0 0.328125 0.430787 0.010937 0.009722
0 0.458073 0.443056 0.015625 0.012963
0 0.337109 0.448148 0.016406 0.012037
0 0.488932 0.516898 0.014323 0.021759
0 0.260547 0.445602 0.011198 0.011574
0 0.450521 0.712963 0.006250 0.028704
0 0.437891 0.891667 0.008073 0.026852
2 0.444401 0.901852 0.007031 0.029630
2 0.450130 0.639352 0.009115 0.030556
2 0.589583 0.502778 0.015104 0.012963
0 0.542448 0.443287 0.015104 0.013426
0 0.563802 0.484028 0.013021 0.008796
0 0.465234 0.574306 0.010156 0.024537
0 0.523177 0.493287 0.014063 0.012500
0 0.472786 0.425463 0.013802 0.012037
0 0.676432 0.521991 0.014844 0.012500
0 0.664453 0.466435 0.016927 0.021759
0 0.694792 0.509491 0.014063 0.012500
0 0.786198 0.547454 0.015625 0.012500
0 0.857552 0.562500 0.015104 0.012037
0 0.821745 0.557176 0.014844 0.012500
0 0.762240 0.524074 0.014583 0.012037
2 0.741016 0.537731 0.016406 0.012500
2 0.617188 0.493750 0.016667 0.012500
1 0.732161 0.501852 0.037760 0.021296
0 0.644010 0.710648 0.014063 0.022222
0 0.638411 0.727546 0.013802 0.022685
0 0.600391 0.703241 0.015365 0.018519
0 0.553906 0.801620 0.008333 0.028241
0 0.560807 0.771991 0.010677 0.026389
0 0.553516 0.832407 0.006510 0.022222
0 0.546615 0.955787 0.009375 0.026389
0 0.468229 0.855556 0.006771 0.028704
0 0.463672 0.781944 0.006510 0.027778
0 0.472266 0.776620 0.005990 0.019907
0 0.461719 0.831713 0.006250 0.026389
0 0.481901 0.737037 0.006510 0.031481
0 0.459505 0.861111 0.005469 0.018519
0 0.425391 0.876157 0.008594 0.026389
0 0.465234 0.745602 0.006510 0.026389
0 0.465234 0.713194 0.008073 0.027315
0 0.475130 0.699306 0.008073 0.027315
0 0.476042 0.663889 0.007292 0.026852
0 0.465234 0.678241 0.005990 0.029630
0 0.467448 0.642593 0.006771 0.025926
0 0.484115 0.658796 0.006771 0.025926
0 0.476953 0.624306 0.006510 0.027315
0 0.484766 0.618519 0.008073 0.025926
2 0.483333 0.698148 0.006250 0.028704
2 0.473307 0.733102 0.007031 0.028241
2 0.470313 0.815278 0.008333 0.027778
0 0.392969 0.468056 0.014583 0.011111
0 0.371354 0.468519 0.014583 0.011111
0 0.396094 0.486343 0.011979 0.008796
0 0.404427 0.500926 0.015104 0.009259
0 0.380078 0.535185 0.013802 0.012037
0 0.353906 0.534028 0.015625 0.011574
0 0.331510 0.531944 0.015625 0.011111
0 0.341276 0.497222 0.014323 0.011111
0 0.322135 0.498380 0.015625 0.012500
0 0.315495 0.482407 0.014323 0.011111
0 0.295573 0.481481 0.015104 0.011111
0 0.298828 0.499769 0.014844 0.011574
0 0.300130 0.515046 0.015885 0.011574
0 0.249089 0.498380 0.014844 0.011574
0 0.252214 0.512963 0.014844 0.012037
0 0.252214 0.533796 0.015365 0.012963
0 0.270833 0.532639 0.014583 0.011574
2 0.377474 0.483565 0.016406 0.008796
2 0.381510 0.499537 0.016146 0.011111
2 0.371615 0.517361 0.017708 0.011574
2 0.312240 0.533333 0.015625 0.010185
2 0.178125 0.513194 0.018750 0.011574
0 0.278125 0.500231 0.013021 0.011574
0 0.278385 0.516204 0.014063 0.008333
0 0.346745 0.516435 0.012760 0.010648
0 0.338281 0.483333 0.014063 0.011111
0 0.323568 0.514583 0.012760 0.009722
0 0.397005 0.518287 0.012760 0.010648
0 0.357812 0.481713 0.011458 0.008796
0 0.358724 0.498380 0.010677 0.009722
0 0.292448 0.535880 0.011979 0.009722
0 0.404948 0.533102 0.011458 0.009722
0 0.421094 0.824306 0.009375 0.024537
0 0.412500 0.775231 0.010937 0.019907
0 0.340625 0.645139 0.014583 0.023611
0 0.223307 0.534028 0.014844 0.012500
0 0.202604 0.530787 0.015104 0.010648
0 0.229297 0.515741 0.015885 0.011111
0 0.205599 0.514352 0.016406 0.011111
0 0.131380 0.513657 0.014844 0.010648
0 0.181771 0.530787 0.015104 0.010648
0 0.145703 0.495139 0.014844 0.010648
0 0.106250 0.514583 0.016146 0.013426
0 0.057292 0.496065 0.016667 0.012500
0 0.134896 0.531713 0.015104 0.010648
0 0.072786 0.533102 0.014844 0.010648
0 0.097005 0.531713 0.014844 0.010648
0 0.309505 0.606019 0.014323 0.020370
0 0.282422 0.587731 0.011198 0.013426
0 0.025781 0.532870 0.017188 0.011111
0 0.046354 0.531713 0.016667 0.011574
0 0.252734 0.573611 0.013802 0.013889
0 0.003125 0.529861 0.005729 0.009722
2 0.115495 0.496528 0.017448 0.010648
2 0.090365 0.497222 0.020313 0.011111
2 0.377474 0.709954 0.015885 0.024537
0 0.277214 0.481481 0.010677 0.010185
0 0.153255 0.514815 0.012240 0.011111
0 0.216406 0.496759 0.016667 0.013889
2 0.161068 0.532407 0.015365 0.010185
0 0.795703 0.367593 0.015365 0.012963
0 0.790234 0.430093 0.015365 0.013889
0 0.789193 0.448611 0.016406 0.012963
2 0.791276 0.404630 0.016406 0.013889
2 0.794401 0.381944 0.016406 0.012963
0 0.787760 0.462963 0.020833 0.017593
0 0.861198 0.399306 0.006250 0.019907
0 0.454948 0.460417 0.014063 0.011574
0 0.785286 0.511111 0.014844 0.012963
0 0.894661 0.573148 0.014844 0.012963
0 0.839453 0.526157 0.015885 0.013426
0 0.818229 0.539815 0.015625 0.012963
0 0.861328 0.546991 0.016406 0.013426
0 0.901693 0.555787 0.016406 0.011574
2 0.939063 0.581481 0.018750 0.012963
0 0.960677 0.504861 0.007812 0.024537
2 0.191536 0.496065 0.015885 0.009722
0 0.862500 0.374537 0.006771 0.025000
0 0.996615 0.306944 0.006250 0.029630
0 0.989583 0.301620 0.007812 0.027315
2 0.983854 0.286806 0.007292 0.028241
0 0.996745 0.367593 0.005469 0.024074
0 0.956771 0.475000 0.006250 0.024074
0 0.881641 0.533796 0.014844 0.012963
0 0.932292 0.562037 0.014583 0.011111
0 0.973437 0.587963 0.014063 0.011111
0 0.994010 0.593287 0.010937 0.014352
0 0.926562 0.543287 0.016667 0.012500
0 0.396224 0.738426 0.013802 0.021296
0 0.580469 0.725231 0.015625 0.023611
0 0.077474 0.516204 0.015885 0.011111
0 0.443229 0.344907 0.005729 0.026852
0 0.495052 0.600926 0.005729 0.025000
0 0.223828 0.558565 0.015885 0.009722
0 0.566927 0.897917 0.009896 0.026389
0 0.465885 0.893981 0.006771 0.028704
0 0.455339 0.903241 0.005990 0.025926
0 0.255208 0.394444 0.017188 0.020370
0 0.493490 0.649074 0.007812 0.025926
0 0.540755 0.922917 0.011198 0.029167
2 0.151302 0.554398 0.019792 0.010648
0 0.534245 0.882407 0.010677 0.027778
0 0.479948 0.778704 0.006771 0.028704
0 0.463021 0.927778 0.006771 0.028704
0 0.453255 0.935880 0.008073 0.030093
0 0.052214 0.512731 0.013802 0.009722
0 0.361458 0.671296 0.011979 0.024074
0 0.257943 0.370370 0.015365 0.018519
0 0.460417 0.962500 0.006771 0.028704
0 0.451042 0.968981 0.006771 0.028704
0 0.571354 0.931250 0.009375 0.026389
0 0.582812 0.988889 0.009375 0.022222
0 0.554036 0.989815 0.010677 0.020370
0 0.678255 0.947685 0.011719 0.017593
0 0.810026 0.968981 0.013802 0.019444
0 0.794922 0.990278 0.013802 0.019444
0 0.912109 0.952546 0.016927 0.018056
0 0.963281 0.976620 0.016667 0.013426
0 0.977344 0.993287 0.007292 0.013426
0 0.952995 0.546759 0.015365 0.012037
0 0.458073 0.990972 0.007292 0.018056
0 0.990365 0.947685 0.007812 0.025000
0 0.349609 0.466898 0.013281 0.012500
0 0.113672 0.556019 0.016927 0.013889
0 0.975521 0.572222 0.014063 0.010185
0 0.552344 0.200463 0.013542 0.017593
0 0.435547 0.005787 0.005990 0.010648
0 0.192448 0.560648 0.014063 0.012037
0 0.982943 0.552315 0.016927 0.012963
0 0.631771 0.672917 0.012500 0.019907
0 0.622005 0.710185 0.013281 0.023148
0 0.472135 0.931713 0.006771 0.025463
0 0.477214 0.853935 0.005990 0.028241
0 0.063802 0.554630 0.019271 0.012963
0 0.474219 0.893981 0.007292 0.027778
1 0.492318 0.734722 0.011719 0.060185
0 0.549349 0.879167 0.010156 0.028704
0 0.487240 0.854398 0.006771 0.025463
0 0.467839 0.975000 0.008594 0.026852
0 0.441146 0.818519 0.006250 0.028704
2 0.481510 0.927083 0.007812 0.031019
0 0.015625 0.512731 0.015625 0.011574
0 0.011719 0.550463 0.018229 0.012963
0 0.992578 0.988657 0.012760 0.018056
2 0.638932 0.297685 0.013802 0.017593
