0 0.011458 0.045139 0.013021 0.008796
0 0.030469 0.045139 0.015104 0.009722
0 0.047656 0.043287 0.016667 0.013426
0 0.082943 0.045602 0.017448 0.011574
0 0.178906 0.049074 0.015104 0.011111
0 0.144141 0.048380 0.017448 0.011574
0 0.201302 0.050000 0.015104 0.011111
0 0.236198 0.068056 0.014063 0.021296
0 0.251302 0.109259 0.011979 0.029630
0 0.238281 0.116667 0.015625 0.022222
0 0.240104 0.129861 0.016146 0.018056
0 0.243880 0.142361 0.015365 0.019907
0 0.256250 0.178704 0.015104 0.021296
2 0.265885 0.200000 0.013021 0.023148
2 0.258854 0.189120 0.018750 0.018056
2 0.272396 0.224074 0.017708 0.032407
0 0.286068 0.273148 0.009115 0.025000
0 0.369922 0.146759 0.013281 0.018519
0 0.583203 0.008565 0.008073 0.016204
0 0.559375 0.076157 0.006771 0.027315
0 0.512500 0.175926 0.015625 0.024074
0 0.565495 0.125000 0.015885 0.016667
2 0.526563 0.127083 0.017188 0.018056
0 0.528776 0.102546 0.015365 0.012500
0 0.541927 0.020833 0.007812 0.025000
0 0.577344 0.187037 0.011979 0.029630
0 0.591797 0.246296 0.015365 0.023148
0 0.605859 0.268981 0.013802 0.023148
0 0.629297 0.276620 0.015365 0.018056
0 0.658464 0.263426 0.015365 0.014815
0 0.677604 0.280093 0.015104 0.009259
0 0.673828 0.243287 0.005990 0.023611
0 0.696875 0.275694 0.013021 0.006944
0 0.647786 0.315046 0.014844 0.017130
0 0.605729 0.330324 0.011458 0.025463
0 0.592057 0.291435 0.013281 0.024537
0 0.576432 0.264120 0.013802 0.022685
0 0.560547 0.242824 0.011198 0.017130
2 0.572917 0.221065 0.016146 0.030093
2 0.525781 0.218981 0.017188 0.018519
2 0.505339 0.254398 0.008073 0.039352
0 0.522266 0.194444 0.013802 0.012963
0 0.543229 0.225000 0.015625 0.015741
0 0.707812 0.244444 0.014063 0.011111
0 0.689974 0.246991 0.014844 0.011574
0 0.749089 0.268981 0.013802 0.010185
0 0.764844 0.267361 0.014583 0.010648
0 0.846484 0.233333 0.014323 0.017593
0 0.845703 0.203935 0.012240 0.012500
0 0.884375 0.166204 0.011979 0.013889
2 0.713151 0.273611 0.015365 0.011111
0 0.631120 0.340972 0.010156 0.023611
0 0.637630 0.370833 0.009635 0.028704
0 0.622526 0.393287 0.011719 0.025463
0 0.613411 0.355556 0.011198 0.021296
0 0.644271 0.409491 0.009896 0.028241
2 0.417839 0.987037 0.008594 0.025926
0 0.489714 0.104861 0.007552 0.029167
0 0.568750 0.504167 0.015104 0.012963
0 0.545182 0.497454 0.014844 0.012500
2 0.427083 0.912037 0.007812 0.030556
0 0.639453 0.718519 0.014323 0.020370
0 0.632943 0.732639 0.013802 0.022685
0 0.596354 0.709259 0.016667 0.020370
0 0.547656 0.802546 0.008333 0.028241
0 0.552734 0.774769 0.010677 0.026389
0 0.548177 0.833102 0.006771 0.020833
0 0.538021 0.956944 0.008854 0.027778
0 0.459635 0.854167 0.006771 0.028704
0 0.457031 0.778935 0.008333 0.028241
0 0.465885 0.773148 0.007292 0.019444
0 0.452083 0.825926 0.008333 0.027778
0 0.476302 0.730093 0.006771 0.026852
0 0.451042 0.857407 0.006250 0.020370
0 0.459115 0.739352 0.006771 0.025926
0 0.459896 0.706944 0.007292 0.026852
0 0.470703 0.696065 0.008073 0.027315
0 0.471875 0.661111 0.007292 0.026852
0 0.462240 0.676389 0.007812 0.026852
0 0.463542 0.639815 0.006771 0.025926
0 0.480339 0.657176 0.008073 0.028241
0 0.473828 0.622917 0.006510 0.027315
0 0.482682 0.615972 0.007552 0.026389
2 0.477474 0.690972 0.006510 0.028241
2 0.468229 0.731019 0.006250 0.028704
2 0.463411 0.809259 0.007031 0.029630
0 0.395313 0.461111 0.014583 0.011111
0 0.372656 0.458796 0.014583 0.011111
0 0.392839 0.476852 0.013281 0.010185
0 0.986979 0.670602 0.014063 0.014352
0 0.830339 0.623611 0.016406 0.012963
0 0.852734 0.598611 0.015365 0.013889
0 0.742448 0.584028 0.015104 0.014352
0 0.314193 0.468981 0.014323 0.011111
0 0.294271 0.467593 0.015104 0.011111
0 0.743099 0.570139 0.014844 0.011574
0 0.902734 0.628935 0.015885 0.011574
0 0.617188 0.532639 0.016667 0.014352
0 0.796094 0.597685 0.016146 0.012963
0 0.652865 0.574537 0.016146 0.012037
0 0.705339 0.591435 0.015885 0.013426
2 0.375651 0.476157 0.016927 0.010648
2 0.794922 0.616204 0.015365 0.012963
2 0.483464 0.518056 0.017969 0.012037
0 0.696875 0.556250 0.012500 0.011574
0 0.838281 0.609491 0.013021 0.012500
0 0.336458 0.471759 0.014063 0.011111
0 0.947786 0.566204 0.014844 0.012963
0 0.356250 0.471991 0.011458 0.008796
0 0.885807 0.606019 0.011198 0.011111
0 0.750651 0.604398 0.013802 0.012500
0 0.414193 0.950463 0.008073 0.026852
0 0.580078 0.540509 0.014844 0.012500
0 0.546615 0.517593 0.015625 0.014815
0 0.669531 0.564815 0.013542 0.012963
0 0.623047 0.551852 0.015365 0.011111
0 0.402865 0.508102 0.016146 0.012500
0 0.615234 0.572222 0.016406 0.012963
0 0.342448 0.504861 0.016146 0.010648
0 0.264714 0.484491 0.014844 0.010648
0 0.426432 0.533102 0.015365 0.011574
0 0.296484 0.520602 0.014844 0.010648
0 0.332422 0.525000 0.015365 0.012037
0 0.422005 0.882639 0.007031 0.020833
0 0.401953 0.982176 0.007031 0.025463
0 0.220964 0.516667 0.015885 0.011111
0 0.257031 0.517361 0.015104 0.011574
0 0.409245 0.908565 0.007552 0.025463
0 0.177604 0.512269 0.016146 0.011574
2 0.373828 0.491204 0.015365 0.009259
2 0.320443 0.487500 0.019010 0.012037
0 0.274740 0.465741 0.011979 0.010185
0 0.437891 0.512731 0.010677 0.009722
0 0.653776 0.545370 0.015885 0.013889
2 0.516016 0.542593 0.014844 0.011111
0 0.797526 0.383333 0.015365 0.012963
0 0.790495 0.443056 0.015365 0.013889
0 0.789193 0.462037 0.016927 0.012037
2 0.793880 0.417130 0.016406 0.013889
2 0.795443 0.394676 0.016406 0.013426
0 0.785417 0.476620 0.020833 0.016204
0 0.861328 0.418519 0.006510 0.020370
0 0.586328 0.508333 0.015365 0.012037
0 0.423047 0.955556 0.007031 0.027778
2 0.607031 0.512500 0.018750 0.013889
0 0.959635 0.527315 0.008854 0.024074
2 0.583333 0.524074 0.017188 0.014815
0 0.864062 0.392130 0.006771 0.025000
0 0.992057 0.325463 0.008073 0.026852
2 0.986979 0.308565 0.010937 0.028241
0 0.955859 0.496991 0.007552 0.027315
0 0.647266 0.523843 0.014323 0.011574
0 0.576172 0.728472 0.012760 0.023611
0 0.294401 0.503009 0.015885 0.011574
0 0.443750 0.338889 0.005729 0.026852
0 0.492969 0.600000 0.005729 0.025000
0 0.411068 0.794444 0.010156 0.026852
0 0.558073 0.900694 0.009896 0.026389
0 0.457292 0.890741 0.006771 0.028704
0 0.448307 0.893056 0.005990 0.025926
0 0.490365 0.645833 0.006250 0.025926
0 0.533594 0.925463 0.010417 0.028704
2 0.431120 0.872454 0.007552 0.027315
0 0.525260 0.885185 0.010417 0.027778
0 0.474479 0.774537 0.006771 0.028704
0 0.454427 0.923611 0.006771 0.028704
0 0.445312 0.933102 0.007812 0.029167
0 0.261979 0.500694 0.011979 0.007870
0 0.411589 0.981944 0.007552 0.025000
0 0.452083 0.957870 0.008333 0.027778
0 0.440755 0.965972 0.008594 0.027315
0 0.563672 0.932639 0.009635 0.031019
0 0.573828 0.990972 0.010156 0.018056
0 0.544531 0.990278 0.009896 0.019444
0 0.666927 0.955787 0.010417 0.018981
0 0.802344 0.985880 0.011979 0.018981
0 0.903646 0.971991 0.018229 0.012500
0 0.449089 0.986806 0.006510 0.019907
0 0.980339 0.975926 0.007552 0.025926
0 0.350130 0.456713 0.013281 0.012500
0 0.361589 0.681250 0.013281 0.021759
0 0.556510 0.199537 0.013542 0.017593
0 0.384896 0.726852 0.013542 0.028704
0 0.625651 0.676389 0.014323 0.022222
0 0.608984 0.638657 0.011198 0.026389
0 0.463542 0.929861 0.006771 0.025463
0 0.470703 0.851389 0.006510 0.026852
0 0.338932 0.640509 0.013281 0.022685
0 0.466406 0.890509 0.008333 0.027315
1 0.488021 0.697222 0.008854 0.058333
0 0.485156 0.753935 0.006771 0.025463
0 0.459505 0.970833 0.007552 0.028704
2 0.483724 0.785880 0.007552 0.029167
0 0.311849 0.602315 0.013802 0.020370
0 0.161198 0.042130 0.016146 0.015741
0 0.480729 0.827778 0.007292 0.028704
0 0.453516 0.337269 0.005469 0.027315
0 0.276693 0.572685 0.015885 0.020370
0 0.066146 0.418287 0.015625 0.012500
0 0.714193 0.540278 0.012760 0.012963
0 0.529036 0.492824 0.012760 0.012500
0 0.332161 0.454167 0.011719 0.012037
0 0.311589 0.455093 0.011719 0.010185
0 0.167318 0.477546 0.014844 0.010648
0 0.249740 0.550926 0.014063 0.014815
0 0.476432 0.878704 0.007552 0.026852
0 0.133464 0.403935 0.015885 0.012500
1 0.707031 0.502546 0.034896 0.024537
0 0.374219 0.422222 0.014583 0.013889
0 0.626172 0.519676 0.014323 0.012500
2 0.620313 0.647917 0.013021 0.028241
0 0.215365 0.428241 0.014583 0.012037
0 0.689974 0.535417 0.015365 0.012500
0 0.667318 0.530324 0.015365 0.012500
0 0.446484 0.295370 0.006510 0.028704
0 0.290625 0.452546 0.016667 0.012500
0 0.223438 0.540741 0.015625 0.010185
0 0.748177 0.550000 0.011458 0.010185
0 0.732292 0.545370 0.016146 0.012963
0 0.325260 0.435648 0.014583 0.012963
2 0.765234 0.557407 0.014844 0.013889
0 0.473047 0.919907 0.007552 0.026852
0 0.190234 0.537037 0.015365 0.012963
0 0.469792 0.957870 0.008333 0.028704
0 0.802865 0.566667 0.015104 0.013889
0 0.772526 0.525694 0.014844 0.015278
0 0.725911 0.526852 0.014323 0.012037
0 0.445703 0.249306 0.007031 0.031019
0 0.872396 0.583565 0.015104 0.012500
2 0.247786 0.411111 0.017448 0.013889
0 0.198437 0.495139 0.015625 0.010648
0 0.424219 0.850463 0.007812 0.025926
0 0.134115 0.491898 0.015104 0.009722
0 0.417057 0.913889 0.007552 0.029630
0 0.227995 0.033333 0.014323 0.013889
0 0.414323 0.852546 0.006771 0.028241
0 0.838802 0.574306 0.016667 0.012500
0 0.785156 0.562269 0.011979 0.010648
1 0.922526 0.562731 0.036719 0.022685
0 0.200521 0.373380 0.011458 0.008796
0 0.161198 0.534259 0.016146 0.012963
0 0.255859 0.465046 0.016927 0.012500
0 0.268099 0.347222 0.011198 0.014815
0 0.613542 0.484259 0.014583 0.013889
0 0.901953 0.592824 0.016406 0.013426
0 0.080729 0.468056 0.015104 0.012037
0 0.045964 0.487269 0.016406 0.009722
0 0.140755 0.508565 0.017969 0.012500
0 0.125000 0.532407 0.016146 0.012963
0 0.864714 0.565046 0.011198 0.009722
2 0.077734 0.506250 0.017448 0.012500
0 0.965885 0.574306 0.014583 0.012500
0 0.889062 0.569907 0.013021 0.011111
0 0.915885 0.579398 0.015104 0.010648
0 0.932031 0.600694 0.014583 0.012500
2 0.045573 0.503009 0.017708 0.011574
0 0.984115 0.578704 0.015104 0.011111
0 0.055729 0.526389 0.016146 0.012963
0 0.943620 0.587269 0.017448 0.013426
0 0.962109 0.607870 0.015885 0.012963
0 0.106250 0.487269 0.015104 0.012500
2 0.110286 0.508333 0.019010 0.012963
0 0.095182 0.533333 0.016406 0.012963
0 0.976953 0.542824 0.009635 0.024537
0 0.997786 0.391204 0.004427 0.025000
0 0.998047 0.332176 0.003906 0.028241
0 0.993880 0.617593 0.012240 0.012037
0 0.577734 0.556481 0.016406 0.012963
0 0.027604 0.469444 0.015104 0.012037
0 0.010417 0.483796 0.015104 0.012037
0 0.005208 0.501852 0.009896 0.011111
0 0.011589 0.521991 0.015885 0.012500
2 0.641667 0.302546 0.014063 0.017130
