0 0.011458 0.045139 0.013021 0.008796
0 0.030469 0.045139 0.015104 0.009722
0 0.047396 0.044213 0.016667 0.013426
0 0.082943 0.045602 0.017448 0.011574
0 0.178906 0.049074 0.015104 0.011111
0 0.142578 0.047917 0.017448 0.011574
0 0.201302 0.050000 0.015104 0.011111
0 0.236198 0.068056 0.014063 0.021296
0 0.250391 0.107407 0.010156 0.026852
0 0.238281 0.116667 0.015625 0.022222
0 0.240104 0.129861 0.016146 0.018056
0 0.243880 0.142361 0.015365 0.019907
0 0.256250 0.178704 0.015104 0.021296
2 0.265885 0.200000 0.013021 0.023148
2 0.258854 0.189120 0.018750 0.018056
2 0.272396 0.224074 0.017708 0.032407
0 0.285547 0.271991 0.010156 0.027315
0 0.369922 0.146759 0.013281 0.018519
0 0.583203 0.008565 0.008073 0.016204
0 0.558073 0.074306 0.006771 0.027315
0 0.512500 0.175926 0.015625 0.024074
0 0.563672 0.123148 0.015885 0.016667
2 0.526563 0.127083 0.017188 0.018056
0 0.528776 0.102546 0.015365 0.012500
0 0.541146 0.019907 0.007812 0.025000
0 0.577344 0.187037 0.011979 0.029630
0 0.591797 0.246296 0.015365 0.023148
0 0.605859 0.268981 0.013802 0.023148
0 0.629557 0.277083 0.015365 0.018056
0 0.657422 0.262500 0.015365 0.014815
0 0.677604 0.280093 0.015104 0.009259
0 0.673828 0.243287 0.005990 0.023611
0 0.696875 0.275694 0.013021 0.006944
0 0.647786 0.315046 0.014844 0.017130
0 0.605729 0.330324 0.011458 0.025463
0 0.592057 0.291435 0.013281 0.024537
0 0.576432 0.264120 0.013802 0.022685
0 0.560547 0.242824 0.011198 0.017130
2 0.572917 0.221065 0.016146 0.030093
2 0.525781 0.218981 0.017188 0.018519
2 0.503776 0.255787 0.008073 0.039352
0 0.526432 0.192361 0.015365 0.019907
0 0.543229 0.225000 0.015625 0.015741
0 0.707812 0.244444 0.014063 0.011111
0 0.689974 0.246991 0.014844 0.011574
0 0.749089 0.268981 0.013802 0.010185
0 0.764844 0.267361 0.014583 0.010648
0 0.846484 0.233333 0.014323 0.017593
0 0.844661 0.203935 0.012240 0.012500
0 0.883073 0.167593 0.011979 0.013889
2 0.713151 0.273611 0.015365 0.011111
0 0.631120 0.340972 0.010156 0.023611
0 0.637630 0.370833 0.009635 0.028704
0 0.622526 0.393287 0.011719 0.025463
0 0.613411 0.355556 0.011198 0.021296
0 0.644271 0.409491 0.009896 0.028241
2 0.417839 0.987037 0.008594 0.025926
0 0.489714 0.104861 0.007552 0.029167
0 0.568750 0.504167 0.015104 0.012963
0 0.545182 0.497454 0.014844 0.012500
2 0.427083 0.912037 0.007812 0.030556
0 0.638151 0.718519 0.014323 0.020370
0 0.632943 0.732639 0.013802 0.022685
0 0.596354 0.709259 0.016667 0.020370
0 0.547656 0.802546 0.008333 0.028241
0 0.552734 0.774769 0.010677 0.026389
0 0.548177 0.833102 0.006771 0.020833
0 0.538021 0.956944 0.008854 0.027778
0 0.460677 0.850926 0.006771 0.028704
0 0.457031 0.778935 0.008333 0.028241
0 0.465104 0.772454 0.005729 0.020833
0 0.452083 0.825926 0.008333 0.027778
0 0.476302 0.730093 0.006771 0.026852
0 0.450521 0.856019 0.006250 0.020370
0 0.458073 0.739583 0.008854 0.026389
0 0.459896 0.706944 0.007292 0.026852
0 0.470703 0.696065 0.008073 0.027315
0 0.470573 0.661111 0.007292 0.026852
0 0.462240 0.676389 0.007812 0.026852
0 0.464062 0.638426 0.006771 0.025926
0 0.479557 0.655324 0.008073 0.028241
0 0.473828 0.622917 0.006510 0.027315
0 0.481901 0.615046 0.007552 0.026389
2 0.477474 0.690972 0.006510 0.028241
2 0.467708 0.730556 0.006250 0.028704
2 0.463411 0.809259 0.007031 0.029630
0 0.395313 0.461111 0.014583 0.011111
0 0.372656 0.458796 0.014583 0.011111
0 0.392839 0.476852 0.013281 0.010185
0 0.879427 0.639583 0.015625 0.011574
0 0.903255 0.611574 0.015365 0.013889
0 0.801562 0.600694 0.015104 0.014352
0 0.314193 0.468981 0.014323 0.011111
0 0.294271 0.467593 0.015104 0.011111
0 0.799349 0.584491 0.014844 0.011574
0 0.975391 0.648843 0.015885 0.011574
0 0.660677 0.545602 0.016667 0.014352
0 0.855729 0.614815 0.016146 0.012963
0 0.689714 0.585648 0.014323 0.012963
0 0.747786 0.602546 0.015885 0.013426
2 0.375651 0.476157 0.016927 0.010648
2 0.836068 0.626852 0.015365 0.012963
2 0.533724 0.529398 0.016406 0.015278
0 0.744531 0.569676 0.012500 0.011574
0 0.911458 0.628935 0.013021 0.012500
0 0.336458 0.471759 0.014063 0.011111
0 0.946745 0.566667 0.014844 0.012963
0 0.356250 0.471991 0.011458 0.008796
0 0.933724 0.620833 0.011198 0.011111
0 0.790234 0.615509 0.013802 0.012500
0 0.414193 0.950463 0.008073 0.026852
0 0.638932 0.556250 0.014844 0.012500
0 0.598698 0.539352 0.015625 0.014815
0 0.735938 0.583796 0.013542 0.012963
0 0.672526 0.564815 0.015365 0.011111
0 0.452344 0.515046 0.016146 0.012500
0 0.650911 0.581944 0.016406 0.012963
0 0.396875 0.508565 0.016146 0.010648
0 0.322786 0.488194 0.014844 0.010648
0 0.481901 0.541667 0.014844 0.013889
0 0.345182 0.524769 0.014844 0.010648
0 0.381901 0.528704 0.015365 0.012037
0 0.422005 0.882639 0.007031 0.020833
0 0.401953 0.982176 0.007031 0.025463
0 0.255339 0.519907 0.013281 0.012037
0 0.297135 0.521065 0.015104 0.011574
0 0.406641 0.929630 0.008073 0.023148
0 0.215625 0.515509 0.016146 0.011574
2 0.434766 0.495370 0.015365 0.009259
2 0.377083 0.491435 0.017188 0.010648
0 0.274740 0.465741 0.011979 0.010185
0 0.488151 0.521528 0.010677 0.009722
0 0.695182 0.556019 0.015885 0.013889
2 0.572396 0.555556 0.013542 0.012037
0 0.797005 0.381019 0.015365 0.012963
0 0.790495 0.443056 0.015365 0.013889
0 0.789193 0.462037 0.016927 0.012037
2 0.793880 0.417130 0.016406 0.013889
2 0.795443 0.394676 0.016406 0.013426
0 0.785417 0.476620 0.020833 0.016204
0 0.861328 0.418519 0.006510 0.020370
0 0.586328 0.508333 0.015365 0.012037
0 0.423047 0.955556 0.007031 0.027778
2 0.607031 0.512500 0.018750 0.013889
0 0.959635 0.527315 0.008854 0.024074
2 0.622266 0.536111 0.015885 0.014815
0 0.864062 0.392130 0.006771 0.025000
0 0.992057 0.325463 0.008073 0.026852
2 0.986979 0.308565 0.010937 0.028241
0 0.955859 0.496991 0.007552 0.027315
0 0.647266 0.523843 0.014323 0.011574
0 0.576172 0.728472 0.012760 0.023611
0 0.341536 0.506713 0.015885 0.011574
0 0.443750 0.338889 0.005729 0.026852
0 0.491667 0.598148 0.005729 0.025000
0 0.413411 0.819444 0.007552 0.029630
0 0.558073 0.900694 0.009896 0.026389
0 0.457292 0.890741 0.006771 0.028704
0 0.448307 0.893056 0.005990 0.025926
0 0.490365 0.645833 0.006250 0.025926
0 0.532031 0.925000 0.010417 0.028704
2 0.431120 0.872454 0.007552 0.027315
0 0.525260 0.885185 0.010417 0.027778
0 0.474479 0.774537 0.006771 0.028704
0 0.454427 0.923611 0.006771 0.028704
0 0.445312 0.933102 0.007812 0.029167
0 0.308854 0.502546 0.011979 0.007870
0 0.411589 0.981944 0.007552 0.025000
0 0.452083 0.957870 0.008333 0.027778
0 0.440755 0.965972 0.008594 0.027315
0 0.563411 0.932639 0.009635 0.031019
0 0.573828 0.990972 0.010156 0.018056
0 0.544531 0.990278 0.009896 0.019444
0 0.666927 0.955787 0.010417 0.018981
0 0.802344 0.985880 0.011979 0.018981
0 0.905729 0.971991 0.018229 0.012500
0 0.449089 0.986806 0.006510 0.019907
0 0.980339 0.975926 0.007552 0.025926
0 0.350130 0.456713 0.013281 0.012500
0 0.373047 0.704398 0.013281 0.021759
0 0.556510 0.199537 0.013542 0.017593
0 0.395313 0.745370 0.013542 0.028704
0 0.625651 0.676389 0.014323 0.022222
0 0.618229 0.618519 0.011979 0.022222
0 0.463542 0.929861 0.006771 0.025463
0 0.470703 0.851389 0.006510 0.026852
0 0.353255 0.662269 0.013281 0.022685
0 0.466406 0.890509 0.008333 0.027315
1 0.488021 0.697222 0.008854 0.058333
0 0.485156 0.753935 0.006771 0.025463
0 0.458464 0.970833 0.007552 0.028704
2 0.483724 0.785880 0.007552 0.029167
0 0.326432 0.623148 0.013802 0.020370
0 0.161198 0.042130 0.016146 0.015741
0 0.480729 0.827778 0.007292 0.028704
0 0.453516 0.337269 0.005469 0.027315
0 0.290495 0.586574 0.015885 0.020370
0 0.714193 0.540278 0.012760 0.012963
0 0.529036 0.492824 0.012760 0.012500
0 0.332161 0.454167 0.011719 0.012037
0 0.311589 0.455093 0.011719 0.010185
0 0.221484 0.481713 0.014844 0.010648
0 0.266536 0.560648 0.014323 0.014815
0 0.476432 0.878704 0.007552 0.026852
0 0.032813 0.397454 0.016146 0.012500
1 0.668229 0.487731 0.033333 0.027315
0 0.266536 0.412731 0.013802 0.010648
0 0.626172 0.519676 0.014323 0.012500
2 0.619922 0.647685 0.013802 0.028704
0 0.126953 0.422685 0.014844 0.012037
0 0.689974 0.535417 0.015365 0.012500
0 0.667318 0.530324 0.015365 0.012500
0 0.446484 0.295370 0.006510 0.028704
0 0.290625 0.452546 0.016667 0.012500
0 0.239323 0.546528 0.014063 0.012500
0 0.748177 0.550000 0.011458 0.010185
0 0.732292 0.545370 0.016146 0.012963
0 0.242578 0.429398 0.015365 0.010648
2 0.765234 0.557407 0.014844 0.013889
0 0.473047 0.919907 0.007552 0.026852
0 0.207943 0.540278 0.015365 0.012963
0 0.469792 0.957870 0.008333 0.028704
0 0.802865 0.566667 0.015104 0.013889
0 0.720833 0.507176 0.016667 0.015278
0 0.655078 0.507870 0.014323 0.012037
0 0.445703 0.249306 0.007031 0.031019
0 0.858594 0.579861 0.015104 0.012500
2 0.136589 0.403009 0.016927 0.010648
0 0.247396 0.499306 0.015625 0.010648
0 0.423958 0.849537 0.007812 0.025926
0 0.184375 0.495602 0.015104 0.009722
0 0.417057 0.913889 0.007552 0.029630
0 0.235417 0.030324 0.013542 0.015278
0 0.412240 0.881250 0.006771 0.028241
0 0.831510 0.573380 0.016667 0.012500
0 0.785156 0.562269 0.011979 0.010648
1 0.919141 0.560417 0.036719 0.022685
0 0.143750 0.372917 0.011458 0.008796
0 0.178646 0.535648 0.016146 0.012963
0 0.255859 0.465046 0.016927 0.012500
0 0.221094 0.371065 0.010937 0.009722
0 0.535677 0.461574 0.014583 0.013889
0 0.885547 0.587731 0.016406 0.013426
0 0.130469 0.473148 0.015104 0.012037
0 0.042318 0.486806 0.016406 0.009722
0 0.177995 0.511574 0.016927 0.012037
0 0.145313 0.534722 0.016146 0.012963
0 0.835026 0.556250 0.011198 0.009722
2 0.077734 0.506250 0.017448 0.012500
0 0.965885 0.574306 0.014583 0.012500
0 0.861979 0.563426 0.013021 0.011111
0 0.885938 0.571065 0.015104 0.010648
0 0.918750 0.596065 0.014583 0.012500
2 0.045573 0.503009 0.017708 0.011574
0 0.984115 0.578704 0.015104 0.011111
0 0.084766 0.529398 0.016406 0.010648
0 0.909245 0.573380 0.017448 0.013426
0 0.945703 0.603704 0.015885 0.012963
0 0.146615 0.490509 0.015104 0.012500
2 0.141797 0.511574 0.019010 0.012963
0 0.120964 0.534722 0.016406 0.012963
0 0.976953 0.542824 0.009635 0.024537
0 0.997786 0.391204 0.004427 0.025000
0 0.998047 0.332176 0.003906 0.028241
0 0.974609 0.613426 0.012240 0.012037
0 0.617969 0.568056 0.015104 0.014815
0 0.067187 0.471296 0.015104 0.012037
0 0.038542 0.451157 0.017188 0.011574
0 0.003255 0.466435 0.005990 0.011574
0 0.009766 0.524769 0.015885 0.012500
0 0.965234 0.591435 0.015365 0.013426
0 0.089323 0.489815 0.015104 0.012037
2 0.104557 0.508333 0.019010 0.012963
0 0.044010 0.524537 0.016146 0.012963
2 0.641406 0.301852 0.013542 0.015741
