0 0.010156 0.049769 0.013021 0.008796
0 0.029036 0.049769 0.015885 0.010648
0 0.047917 0.050000 0.017188 0.012963
0 0.083724 0.053009 0.017448 0.011574
0 0.177474 0.052546 0.016406 0.011574
0 0.143099 0.050926 0.018490 0.012037
0 0.200260 0.053241 0.015104 0.011111
0 0.235417 0.072222 0.011979 0.023148
0 0.250130 0.109259 0.010156 0.026852
0 0.238281 0.116667 0.015625 0.022222
0 0.240104 0.129861 0.016146 0.018056
0 0.242839 0.146065 0.015365 0.019907
0 0.254948 0.177778 0.017708 0.019444
2 0.265885 0.200000 0.013021 0.023148
2 0.258854 0.189120 0.018750 0.018056
2 0.272396 0.224074 0.017708 0.032407
0 0.285026 0.274306 0.010156 0.027315
0 0.368099 0.149537 0.013281 0.018519
0 0.581641 0.008565 0.008073 0.016204
0 0.557031 0.078935 0.006771 0.027315
0 0.511458 0.179167 0.015625 0.024074
0 0.563021 0.125694 0.014583 0.018981
2 0.524219 0.129398 0.017188 0.018056
0 0.527214 0.103472 0.015365 0.012500
0 0.540365 0.019907 0.009375 0.025000
0 0.576302 0.188889 0.011979 0.029630
0 0.591797 0.246296 0.015365 0.023148
0 0.605859 0.268981 0.013802 0.023148
0 0.630078 0.279398 0.015365 0.018056
0 0.656380 0.264815 0.015365 0.014815
0 0.675781 0.282407 0.015104 0.009259
0 0.673828 0.243287 0.005990 0.023611
0 0.695312 0.278009 0.013021 0.006944
0 0.646484 0.316898 0.014844 0.017130
0 0.605729 0.330324 0.011458 0.025463
0 0.589974 0.292361 0.013281 0.024537
0 0.575651 0.265509 0.013802 0.022685
0 0.559245 0.245139 0.011198 0.017130
2 0.572917 0.221065 0.016146 0.030093
2 0.522917 0.218981 0.017188 0.018519
2 0.503776 0.257639 0.008073 0.039352
0 0.535807 0.179167 0.010677 0.026852
0 0.541276 0.226620 0.014323 0.019907
0 0.707552 0.246296 0.014063 0.011111
0 0.687630 0.247454 0.014844 0.011574
0 0.746354 0.273148 0.016146 0.012037
0 0.764583 0.268750 0.014583 0.010648
0 0.844141 0.235648 0.014323 0.017593
0 0.844661 0.206713 0.012240 0.012500
0 0.881771 0.169907 0.011979 0.013889
2 0.713151 0.273611 0.015365 0.011111
0 0.631120 0.340972 0.010156 0.023611
0 0.634766 0.372222 0.009635 0.028704
0 0.621354 0.396065 0.010937 0.027315
0 0.613672 0.358333 0.011198 0.021296
0 0.642448 0.411343 0.009896 0.028241
2 0.442057 0.074074 0.006510 0.020370
0 0.568229 0.504167 0.015104 0.012963
0 0.543359 0.497454 0.014844 0.012500
2 0.426563 0.920370 0.007812 0.030556
0 0.638151 0.718519 0.014323 0.020370
0 0.632943 0.732639 0.013802 0.022685
0 0.596354 0.709259 0.016667 0.020370
0 0.547656 0.802546 0.008333 0.028241
0 0.552865 0.775463 0.010417 0.026852
0 0.548177 0.833102 0.006771 0.020833
0 0.538021 0.956944 0.008854 0.027778
0 0.459896 0.853241 0.006771 0.028704
0 0.455208 0.781250 0.008333 0.028241
0 0.465885 0.775694 0.005729 0.020833
0 0.452083 0.828241 0.008333 0.027778
0 0.476302 0.730093 0.006771 0.026852
0 0.450521 0.856019 0.006250 0.020370
0 0.458073 0.739583 0.008854 0.026389
0 0.459245 0.708796 0.006510 0.030556
0 0.470182 0.696528 0.008073 0.027315
0 0.470573 0.661111 0.007292 0.026852
0 0.460807 0.675926 0.006510 0.026852
0 0.464062 0.638426 0.006771 0.025926
0 0.479557 0.657639 0.008073 0.028241
0 0.474089 0.624306 0.006510 0.027315
0 0.480599 0.615972 0.007552 0.026389
2 0.477474 0.690972 0.006510 0.028241
2 0.467708 0.730556 0.006250 0.028704
2 0.463411 0.809259 0.007031 0.029630
0 0.395313 0.461111 0.014583 0.011111
0 0.370573 0.459722 0.014583 0.011111
0 0.392839 0.476852 0.013281 0.010185
0 0.979557 0.649074 0.014323 0.012963
0 0.313672 0.474074 0.016406 0.012037
0 0.293750 0.470833 0.015104 0.011111
0 0.914844 0.616898 0.016667 0.014352
0 0.836979 0.625926 0.014063 0.012963
0 0.929557 0.653472 0.015885 0.013426
2 0.374609 0.477083 0.016927 0.010648
2 0.710156 0.577315 0.016146 0.014815
0 0.973698 0.632176 0.014583 0.012500
0 0.338021 0.476389 0.014063 0.011111
0 0.867057 0.551852 0.014844 0.012963
0 0.355729 0.474306 0.011458 0.008796
0 0.987760 0.669676 0.013021 0.013426
0 0.411328 0.985185 0.008073 0.029630
0 0.819401 0.606250 0.014844 0.012500
0 0.878385 0.606713 0.015104 0.011574
0 0.917057 0.633333 0.015365 0.011111
0 0.625781 0.556250 0.016146 0.012500
0 0.788411 0.618056 0.016406 0.012963
0 0.584896 0.545139 0.015104 0.013426
0 0.556901 0.523380 0.013802 0.013426
0 0.633984 0.579167 0.014844 0.013889
0 0.539453 0.551852 0.015365 0.012963
0 0.565495 0.560648 0.015365 0.012037
0 0.421745 0.894213 0.007031 0.020833
0 0.425130 0.536574 0.013281 0.012037
0 0.489844 0.540972 0.015104 0.011574
0 0.404427 0.973611 0.007292 0.025926
0 0.375521 0.530787 0.015104 0.011574
2 0.682813 0.554398 0.016667 0.011574
2 0.621224 0.540046 0.016927 0.014352
0 0.275000 0.469907 0.011979 0.010185
0 0.663932 0.565972 0.010677 0.009722
0 0.869141 0.620602 0.014323 0.012500
2 0.717187 0.597222 0.015104 0.013889
0 0.796224 0.383333 0.015365 0.012963
0 0.787630 0.462037 0.016927 0.012037
2 0.791536 0.418981 0.016406 0.013889
2 0.795443 0.394676 0.016406 0.013426
0 0.785417 0.476620 0.020833 0.016204
0 0.860547 0.418981 0.006510 0.020370
0 0.584766 0.509722 0.015365 0.012037
0 0.424089 0.962500 0.007031 0.027778
2 0.605339 0.514583 0.019010 0.016204
0 0.959635 0.527315 0.008854 0.024074
2 0.838151 0.596296 0.015885 0.014815
0 0.861979 0.392593 0.006771 0.025000
0 0.991276 0.326852 0.008073 0.026852
2 0.986979 0.308565 0.010937 0.028241
0 0.955859 0.496991 0.007552 0.027315
0 0.646484 0.524769 0.014323 0.011574
0 0.576172 0.728472 0.012760 0.023611
0 0.537760 0.533333 0.015104 0.011111
0 0.443750 0.338889 0.005729 0.026852
0 0.491667 0.598148 0.005729 0.025000
0 0.414193 0.876389 0.007552 0.029630
0 0.557813 0.903935 0.009896 0.026389
0 0.457292 0.893056 0.006771 0.028704
0 0.448437 0.895370 0.007812 0.025926
0 0.489583 0.648148 0.006250 0.025926
0 0.532031 0.925000 0.010417 0.028704
2 0.430859 0.879398 0.007552 0.027315
0 0.525260 0.885185 0.010417 0.027778
0 0.473698 0.775463 0.006771 0.028704
0 0.454688 0.925926 0.006771 0.028704
0 0.445312 0.933102 0.007812 0.029167
0 0.514062 0.521759 0.010937 0.008333
0 0.451302 0.960185 0.008333 0.027778
0 0.440755 0.965972 0.008594 0.027315
0 0.563411 0.932639 0.009635 0.031019
0 0.572526 0.990972 0.010156 0.018056
0 0.544531 0.990278 0.009896 0.019444
0 0.666927 0.955787 0.010417 0.018981
0 0.800521 0.985880 0.011979 0.018981
0 0.903906 0.971065 0.018229 0.012500
0 0.449089 0.986806 0.006510 0.019907
0 0.979297 0.975926 0.007552 0.025926
0 0.349089 0.457176 0.013281 0.012500
0 0.408333 0.785648 0.011458 0.022222
0 0.556510 0.199537 0.013542 0.017593
0 0.428385 0.809722 0.013021 0.028704
0 0.625651 0.676389 0.014323 0.022222
0 0.672005 0.588426 0.015365 0.010185
0 0.462760 0.930787 0.006771 0.025463
0 0.470182 0.852778 0.006510 0.026852
0 0.393620 0.739120 0.013281 0.022685
0 0.466927 0.893750 0.008333 0.027315
1 0.487240 0.698380 0.010417 0.060648
0 0.485156 0.753935 0.006771 0.025463
0 0.458464 0.970833 0.007552 0.028704
2 0.482161 0.786343 0.007552 0.029167
0 0.375130 0.705093 0.012240 0.022222
0 0.161458 0.047454 0.018229 0.016204
0 0.479687 0.825926 0.007292 0.028704
0 0.453516 0.337269 0.005469 0.027315
0 0.347917 0.665741 0.014063 0.024074
0 0.714193 0.543519 0.012760 0.012963
0 0.528255 0.494213 0.012760 0.012500
0 0.331901 0.456481 0.011719 0.012037
0 0.311068 0.456944 0.011719 0.010185
0 0.354427 0.493287 0.014063 0.010648
0 0.330469 0.630093 0.014063 0.021296
0 0.477474 0.881944 0.007552 0.026852
1 0.486849 0.432407 0.035156 0.021296
0 0.626172 0.519676 0.014323 0.012500
2 0.619922 0.647685 0.013802 0.028704
0 0.689974 0.535417 0.015365 0.012500
0 0.667318 0.530324 0.015365 0.012500
0 0.444661 0.298148 0.006510 0.028704
0 0.290365 0.455324 0.016667 0.012500
0 0.305469 0.593056 0.013542 0.018519
0 0.747396 0.550926 0.011458 0.010185
0 0.730469 0.546759 0.016146 0.012963
2 0.764453 0.557870 0.014844 0.013889
0 0.473047 0.921296 0.007552 0.026852
0 0.273958 0.573148 0.013542 0.017593
0 0.468750 0.959722 0.008333 0.028704
0 0.798958 0.566204 0.015104 0.013889
0 0.299219 0.436574 0.014583 0.012037
0 0.444922 0.249769 0.007031 0.031019
0 0.854427 0.580787 0.015104 0.012500
0 0.394010 0.515046 0.015625 0.010648
0 0.423177 0.858333 0.007812 0.025926
0 0.348438 0.507639 0.014063 0.011574
0 0.415755 0.937500 0.007552 0.029630
0 0.408594 0.927083 0.006771 0.028241
0 0.831510 0.573380 0.016667 0.012500
0 0.785156 0.562269 0.011979 0.010648
1 0.820312 0.533333 0.034375 0.021296
0 0.251563 0.557407 0.016146 0.012963
0 0.255859 0.468750 0.016927 0.012500
0 0.154167 0.412963 0.014583 0.013889
0 0.876432 0.585880 0.016406 0.013426
0 0.278646 0.488657 0.014583 0.010648
0 0.159635 0.499306 0.015625 0.012500
0 0.334245 0.526852 0.016927 0.012037
0 0.226562 0.544444 0.015625 0.011111
0 0.690495 0.519444 0.013281 0.012963
2 0.223828 0.518750 0.017448 0.012500
0 0.898438 0.557639 0.014583 0.012500
0 0.713542 0.526389 0.013021 0.011111
0 0.749740 0.537037 0.014583 0.014815
0 0.897135 0.592361 0.014583 0.012500
2 0.191146 0.517361 0.017708 0.011574
0 0.941927 0.568056 0.015104 0.011111
0 0.166276 0.538657 0.016406 0.010648
0 0.772266 0.525231 0.017448 0.013426
0 0.918620 0.596296 0.015885 0.012963
0 0.288802 0.506944 0.015104 0.012037
2 0.295312 0.526157 0.018229 0.013426
0 0.197786 0.544907 0.016406 0.012963
0 0.990885 0.514815 0.014583 0.015741
0 0.997786 0.391204 0.004427 0.025000
0 0.998047 0.332176 0.003906 0.028241
0 0.997005 0.617824 0.005990 0.010648
0 0.754948 0.606481 0.015104 0.014815
0 0.208594 0.484259 0.015104 0.012037
0 0.212240 0.466204 0.016146 0.010185
0 0.166276 0.481481 0.016927 0.012963
0 0.106250 0.535648 0.013021 0.012963
0 0.850130 0.562731 0.015365 0.013426
0 0.221094 0.502315 0.015104 0.012037
2 0.256120 0.522454 0.017448 0.011574
0 0.131771 0.537037 0.016146 0.012963
0 0.381250 0.230556 0.016667 0.020370
0 0.455859 0.180324 0.007552 0.029167
0 0.935807 0.603704 0.012240 0.010185
0 0.148307 0.513889 0.012760 0.011111
0 0.102734 0.497454 0.014323 0.013426
0 0.111719 0.476852 0.018229 0.012963
0 0.430859 0.151389 0.011198 0.026852
0 0.448828 0.122454 0.007031 0.027315
0 0.966667 0.565278 0.011979 0.023148
0 0.032813 0.530556 0.017188 0.014815
2 0.099219 0.513194 0.017188 0.011574
0 0.051562 0.493981 0.016667 0.012037
0 0.451302 0.044444 0.005729 0.027778
0 0.985417 0.581944 0.013542 0.010185
0 0.067708 0.530556 0.017188 0.014815
0 0.451953 0.501852 0.013281 0.012037
0 0.437500 0.516435 0.014063 0.014352
2 0.442839 0.011111 0.005990 0.021296
0 0.789193 0.443981 0.016927 0.012037
0 0.970182 0.594213 0.017448 0.012500
0 0.996354 0.602315 0.007292 0.010185
0 0.954557 0.608102 0.017448 0.012500
0 0.972526 0.610648 0.014323 0.011111
0 0.029427 0.474074 0.016667 0.012037
0 0.016927 0.455787 0.019792 0.014352
0 0.602474 0.295370 0.012760 0.022222
2 0.640234 0.304630 0.013802 0.015741
