0 0.011198 0.051620 0.013021 0.008796
0 0.029557 0.052546 0.015885 0.010648
0 0.046615 0.052778 0.017188 0.012963
0 0.083724 0.053009 0.017448 0.011574
0 0.178255 0.054398 0.015365 0.010648
0 0.142578 0.054167 0.018490 0.012037
0 0.200781 0.056481 0.015104 0.011111
0 0.235417 0.075000 0.011979 0.023148
0 0.250130 0.112500 0.010156 0.026852
0 0.238021 0.120833 0.015625 0.022222
0 0.239844 0.134491 0.016146 0.018056
0 0.243620 0.147454 0.015365 0.019907
0 0.255078 0.182407 0.017448 0.018519
2 0.266667 0.205093 0.013021 0.023148
2 0.259635 0.191435 0.018750 0.018056
2 0.272135 0.229167 0.017708 0.032407
0 0.286328 0.278935 0.010156 0.027315
0 0.369661 0.153704 0.013281 0.018519
0 0.581641 0.008565 0.008073 0.016204
0 0.557031 0.078935 0.006771 0.027315
0 0.511458 0.179167 0.015625 0.024074
0 0.563021 0.125694 0.014583 0.018981
2 0.524219 0.129398 0.017188 0.018056
0 0.527214 0.103472 0.015365 0.012500
0 0.540885 0.023148 0.009375 0.025000
0 0.576302 0.188889 0.011979 0.029630
0 0.591797 0.246296 0.015365 0.023148
0 0.605859 0.268981 0.013802 0.023148
0 0.630078 0.279398 0.015365 0.018056
0 0.656380 0.264815 0.015365 0.014815
0 0.676823 0.281944 0.015104 0.009259
0 0.673828 0.243287 0.005990 0.023611
0 0.695312 0.278009 0.013021 0.006944
0 0.646484 0.316898 0.014844 0.017130
0 0.605729 0.330324 0.011458 0.025463
0 0.589974 0.292361 0.013281 0.024537
0 0.575651 0.265509 0.013802 0.022685
0 0.559245 0.245139 0.011198 0.017130
2 0.572396 0.221759 0.018229 0.031481
2 0.525000 0.222222 0.017188 0.018519
2 0.503776 0.257639 0.008073 0.039352
0 0.535807 0.179167 0.010677 0.026852
0 0.541276 0.226620 0.014323 0.019907
0 0.707552 0.246296 0.014063 0.011111
0 0.687630 0.247454 0.014844 0.011574
0 0.746615 0.272222 0.015625 0.010185
0 0.764583 0.268750 0.014583 0.010648
0 0.844141 0.235648 0.014323 0.017593
0 0.844661 0.206713 0.012240 0.012500
0 0.881771 0.169907 0.011979 0.013889
2 0.713151 0.273611 0.015365 0.011111
0 0.631120 0.340972 0.010156 0.023611
0 0.634766 0.372222 0.009635 0.028704
0 0.621354 0.396065 0.010937 0.027315
0 0.613672 0.358333 0.011198 0.021296
0 0.642448 0.411343 0.009896 0.028241
2 0.372526 0.246065 0.013281 0.023611
0 0.570833 0.508333 0.015104 0.012963
0 0.545964 0.502083 0.014844 0.012500
0 0.638151 0.718519 0.014323 0.020370
0 0.634505 0.734954 0.013802 0.022685
0 0.596354 0.709259 0.016667 0.020370
0 0.548438 0.805324 0.008333 0.028241
0 0.552865 0.775463 0.010417 0.026852
0 0.548177 0.833102 0.006771 0.020833
0 0.538021 0.956944 0.008854 0.027778
0 0.462240 0.855093 0.006771 0.028704
0 0.456250 0.782176 0.008333 0.028241
0 0.465885 0.775694 0.005729 0.020833
0 0.453646 0.830556 0.008333 0.027778
0 0.477344 0.732870 0.006771 0.026852
0 0.451562 0.860185 0.006250 0.020370
0 0.459115 0.744213 0.008854 0.026389
0 0.460547 0.711574 0.006510 0.030556
0 0.470964 0.697454 0.008073 0.027315
0 0.472135 0.662963 0.007292 0.026852
0 0.462109 0.678241 0.006510 0.026852
0 0.463021 0.643519 0.006771 0.025926
0 0.480078 0.658565 0.008073 0.028241
0 0.474089 0.624306 0.006510 0.027315
0 0.482161 0.618287 0.007552 0.026389
2 0.477995 0.694676 0.006510 0.028241
2 0.467969 0.733333 0.006250 0.028704
2 0.464453 0.809722 0.007031 0.029630
0 0.454167 0.414815 0.014063 0.022222
0 0.398698 0.461574 0.014583 0.011111
0 0.441797 0.460417 0.013281 0.015278
0 0.320182 0.474074 0.016406 0.012037
0 0.294271 0.471759 0.015104 0.011111
2 0.404036 0.479398 0.016927 0.010648
2 0.864844 0.617593 0.016146 0.014815
0 0.343750 0.477315 0.014063 0.011111
0 0.757943 0.518519 0.014844 0.012963
0 0.374740 0.477083 0.011458 0.008796
0 0.994401 0.649537 0.011198 0.010185
0 0.775781 0.595139 0.016146 0.012500
0 0.906380 0.646296 0.016406 0.012963
0 0.717187 0.578009 0.015104 0.013426
0 0.758203 0.574306 0.013802 0.013426
0 0.697396 0.594213 0.015625 0.013426
0 0.618099 0.571296 0.015365 0.012963
0 0.640495 0.578241 0.015365 0.012037
0 0.547005 0.555556 0.013281 0.012037
0 0.584635 0.564583 0.013542 0.014352
0 0.508333 0.546065 0.015104 0.011574
0 0.276562 0.471296 0.011979 0.010185
0 0.813542 0.604398 0.010417 0.008796
2 0.832812 0.625926 0.015104 0.013889
0 0.796224 0.383333 0.015365 0.012963
0 0.787630 0.462037 0.016927 0.012037
2 0.791536 0.418981 0.016406 0.013889
2 0.795443 0.394676 0.016406 0.013426
0 0.785417 0.476620 0.020833 0.016204
0 0.860547 0.418981 0.006510 0.020370
0 0.586068 0.512269 0.014323 0.012500
2 0.606380 0.515972 0.019010 0.016204
0 0.959635 0.527315 0.008854 0.024074
2 0.981901 0.632407 0.015885 0.014815
0 0.861979 0.392593 0.006771 0.025000
0 0.991276 0.326852 0.008073 0.026852
2 0.986979 0.308565 0.010937 0.028241
0 0.955859 0.496991 0.007552 0.027315
0 0.647266 0.526157 0.014323 0.011574
0 0.576172 0.728472 0.012760 0.023611
0 0.657031 0.564352 0.015104 0.011111
0 0.444010 0.342130 0.005729 0.026852
0 0.491667 0.600926 0.005729 0.025000
0 0.409245 0.944907 0.007552 0.029630
0 0.557813 0.903935 0.009896 0.026389
0 0.457292 0.893056 0.006771 0.028704
0 0.448437 0.895370 0.007812 0.025926
0 0.489844 0.648611 0.006250 0.025926
0 0.532031 0.925000 0.010417 0.028704
2 0.426693 0.951620 0.007552 0.027315
0 0.526042 0.887963 0.010417 0.027778
0 0.475391 0.776157 0.007031 0.027315
0 0.454688 0.925926 0.006771 0.028704
0 0.445833 0.935417 0.007812 0.029167
0 0.613932 0.537037 0.012240 0.012037
0 0.451302 0.960185 0.008333 0.027778
0 0.442318 0.967824 0.008594 0.027315
0 0.563411 0.932639 0.009635 0.031019
0 0.574089 0.990972 0.010156 0.018056
0 0.544531 0.990278 0.009896 0.019444
0 0.668229 0.958565 0.010417 0.018981
0 0.801302 0.984028 0.011979 0.018981
0 0.913672 0.974306 0.016406 0.013426
0 0.450651 0.990046 0.006510 0.019907
0 0.979557 0.974074 0.007552 0.025926
0 0.359766 0.460880 0.013281 0.012500
0 0.415234 0.875000 0.007031 0.025926
0 0.556510 0.199537 0.013542 0.017593
0 0.433333 0.856713 0.008333 0.031944
0 0.626693 0.678241 0.014323 0.022222
0 0.768490 0.610880 0.013542 0.015278
0 0.463542 0.931713 0.006771 0.025463
0 0.470182 0.852778 0.006510 0.026852
0 0.415625 0.819444 0.008333 0.027778
0 0.466927 0.893750 0.008333 0.027315
1 0.489323 0.701620 0.010417 0.060648
0 0.485677 0.756250 0.006771 0.025463
0 0.460547 0.975000 0.007552 0.028704
2 0.483464 0.789583 0.008073 0.031019
0 0.404297 0.765046 0.009635 0.025463
0 0.161458 0.047917 0.018229 0.016204
0 0.481510 0.829167 0.007292 0.028704
0 0.453516 0.341435 0.005469 0.027315
0 0.375391 0.715509 0.014844 0.030093
0 0.714193 0.543519 0.012760 0.012963
0 0.528255 0.494213 0.012760 0.012500
0 0.332682 0.458796 0.011719 0.012037
0 0.311198 0.457870 0.011979 0.012037
0 0.357031 0.670370 0.014063 0.021296
0 0.477474 0.881944 0.007552 0.026852
1 0.313411 0.407176 0.033594 0.018056
0 0.626563 0.520833 0.015104 0.014815
2 0.619531 0.648843 0.013021 0.031019
0 0.689974 0.535417 0.015365 0.012500
0 0.667318 0.530324 0.015365 0.012500
0 0.445443 0.301389 0.006510 0.028704
0 0.291667 0.455787 0.016667 0.012500
0 0.338932 0.639352 0.013281 0.022222
0 0.747396 0.550926 0.011458 0.010185
0 0.730469 0.546759 0.016146 0.012963
2 0.764453 0.557870 0.014844 0.013889
0 0.474870 0.923611 0.007552 0.026852
0 0.312500 0.606481 0.014063 0.017593
0 0.469531 0.959259 0.008333 0.028704
0 0.798958 0.566204 0.015104 0.013889
0 0.005208 0.421991 0.009896 0.014352
0 0.445182 0.251620 0.007031 0.031019
0 0.854948 0.579398 0.015104 0.012500
0 0.535677 0.532639 0.015625 0.010648
0 0.416406 0.964352 0.007812 0.025926
0 0.495052 0.521065 0.014063 0.011574
0 0.832552 0.574306 0.016667 0.012500
0 0.785156 0.562269 0.011979 0.010648
1 0.699740 0.500463 0.034375 0.021296
0 0.289583 0.582407 0.015625 0.017593
0 0.255859 0.470602 0.016927 0.012500
0 0.875391 0.584954 0.016406 0.013426
0 0.451042 0.500231 0.014583 0.010648
0 0.305208 0.507639 0.015625 0.012500
0 0.463411 0.537963 0.016927 0.012037
0 0.266797 0.559722 0.012760 0.017593
0 0.661068 0.513889 0.013281 0.012963
2 0.414974 0.534491 0.017448 0.012500
0 0.791927 0.526157 0.014583 0.012500
0 0.679427 0.517130 0.013021 0.011111
0 0.708333 0.525463 0.015625 0.012037
0 0.897135 0.592361 0.014583 0.012500
2 0.300000 0.525694 0.017708 0.011574
0 0.847917 0.542593 0.015104 0.011111
0 0.210026 0.544676 0.016406 0.010648
0 0.652604 0.478472 0.017188 0.016204
0 0.918620 0.596296 0.015885 0.012963
0 0.424479 0.516204 0.015104 0.012037
2 0.370573 0.533565 0.018229 0.013426
0 0.243620 0.557870 0.016406 0.012963
0 0.994792 0.515509 0.010417 0.010648
0 0.997786 0.391204 0.004427 0.025000
0 0.998047 0.332176 0.003906 0.028241
0 0.992839 0.614120 0.014323 0.013426
0 0.868750 0.633796 0.015104 0.014815
0 0.372917 0.495602 0.014583 0.010648
0 0.232031 0.468981 0.016146 0.010185
0 0.340104 0.492824 0.015625 0.010648
0 0.152865 0.541204 0.012500 0.009259
0 0.754687 0.534491 0.014583 0.012500
0 0.368750 0.512963 0.015104 0.012037
2 0.332943 0.527083 0.017448 0.011574
0 0.177604 0.540972 0.013542 0.012500
0 0.269401 0.350694 0.013802 0.020833
0 0.453646 0.284722 0.005729 0.029630
0 0.935807 0.603704 0.012240 0.010185
0 0.256250 0.522454 0.011979 0.011574
0 0.238932 0.505787 0.014323 0.013426
0 0.282552 0.489352 0.018229 0.012963
0 0.316536 0.301389 0.014844 0.022222
0 0.446224 0.201620 0.007031 0.027315
0 0.085417 0.535185 0.016146 0.012037
2 0.226562 0.523843 0.017188 0.011574
0 0.175911 0.501389 0.016927 0.012037
0 0.448698 0.152315 0.005729 0.027778
0 0.957031 0.570833 0.013542 0.010185
0 0.119531 0.535648 0.017188 0.014815
0 0.524219 0.512037 0.015625 0.012963
0 0.576042 0.541435 0.014063 0.014352
2 0.437109 0.210880 0.007031 0.031944
0 0.789193 0.443981 0.016927 0.012037
0 0.873698 0.566204 0.016146 0.012037
0 0.905078 0.576157 0.014844 0.011574
0 0.954036 0.606713 0.017448 0.012500
0 0.973177 0.608796 0.015625 0.012037
0 0.228385 0.485185 0.016667 0.012037
0 0.175391 0.467130 0.017448 0.012963
0 0.148958 0.480324 0.016667 0.013426
0 0.502995 0.190278 0.013802 0.018519
0 0.892969 0.555093 0.015104 0.011111
0 0.115365 0.497685 0.016667 0.012037
0 0.134505 0.517824 0.015885 0.011574
0 0.044531 0.533333 0.016667 0.012037
0 0.983594 0.578704 0.010937 0.010185
0 0.951432 0.587269 0.014844 0.011574
2 0.876563 0.604398 0.016146 0.013426
2 0.815234 0.589815 0.017448 0.013889
0 0.438151 0.123380 0.007031 0.027315
0 0.994401 0.599769 0.011198 0.012500
0 0.719661 0.563426 0.012240 0.012037
0 0.065755 0.462963 0.017448 0.012963
0 0.015104 0.531019 0.016667 0.012037
0 0.020833 0.510185 0.016667 0.012037
0 0.952734 0.642824 0.019010 0.013426
2 0.640625 0.304398 0.014063 0.015278
