0 0.009635 0.053472 0.013021 0.008796
0 0.028516 0.054861 0.015885 0.010648
0 0.046615 0.053704 0.017188 0.012963
0 0.081380 0.055324 0.017448 0.011574
0 0.177214 0.056250 0.015365 0.010648
0 0.141016 0.055556 0.018490 0.012037
0 0.198958 0.057870 0.015104 0.011111
0 0.235417 0.075000 0.011979 0.023148
0 0.249089 0.112963 0.010156 0.026852
0 0.238021 0.120833 0.015625 0.022222
0 0.239844 0.134491 0.016146 0.018056
0 0.243620 0.147454 0.015365 0.019907
0 0.255078 0.182407 0.017448 0.018519
2 0.266667 0.205093 0.013021 0.023148
2 0.257422 0.194213 0.019010 0.018056
2 0.272135 0.229167 0.017708 0.032407
0 0.284245 0.278935 0.010156 0.027315
0 0.369661 0.153704 0.013281 0.018519
0 0.581641 0.008565 0.008073 0.016204
0 0.557031 0.078935 0.006771 0.027315
0 0.511458 0.179167 0.015625 0.024074
0 0.563021 0.125694 0.014583 0.018981
2 0.524219 0.129398 0.017188 0.018056
0 0.527214 0.103472 0.015365 0.012500
0 0.540885 0.023148 0.009375 0.025000
0 0.576302 0.188889 0.011979 0.029630
0 0.591797 0.246296 0.015365 0.023148
0 0.605859 0.268981 0.013802 0.023148
0 0.630078 0.279398 0.015365 0.018056
0 0.656380 0.264815 0.015365 0.014815
0 0.676823 0.281944 0.015104 0.009259
0 0.673828 0.243287 0.005990 0.023611
0 0.695312 0.278009 0.013021 0.006944
0 0.646484 0.316898 0.014844 0.017130
0 0.605729 0.330324 0.011458 0.025463
0 0.589974 0.292361 0.013281 0.024537
0 0.575651 0.265509 0.013802 0.022685
0 0.559245 0.245139 0.011198 0.017130
2 0.572396 0.221759 0.018229 0.031481
2 0.525000 0.222222 0.017188 0.018519
2 0.503776 0.258102 0.008073 0.039352
0 0.544531 0.209028 0.013021 0.023611
0 0.541276 0.226620 0.014323 0.019907
0 0.707552 0.246296 0.014063 0.011111
0 0.687630 0.247454 0.014844 0.011574
0 0.746615 0.272222 0.015625 0.010185
0 0.764583 0.268750 0.014583 0.010648
0 0.844661 0.234259 0.014323 0.017593
0 0.845182 0.203009 0.012240 0.012500
0 0.881771 0.169444 0.011979 0.013889
2 0.713151 0.273611 0.015365 0.011111
0 0.631120 0.340972 0.010156 0.023611
0 0.634766 0.372222 0.009635 0.028704
0 0.621354 0.396065 0.010937 0.027315
0 0.613672 0.358333 0.011198 0.021296
0 0.642448 0.411343 0.009896 0.028241
2 0.312370 0.311343 0.018490 0.025463
0 0.570833 0.508333 0.015104 0.012963
0 0.545964 0.502083 0.014844 0.012500
0 0.638151 0.718519 0.014323 0.020370
0 0.634505 0.734954 0.013802 0.022685
0 0.596354 0.709259 0.016667 0.020370
0 0.548438 0.805324 0.008333 0.028241
0 0.554427 0.775926 0.010417 0.026852
0 0.549479 0.835880 0.006771 0.020833
0 0.538021 0.956944 0.008854 0.027778
0 0.462240 0.855093 0.006771 0.028704
0 0.456510 0.783102 0.008333 0.028241
0 0.465885 0.775694 0.005729 0.020833
0 0.453646 0.830556 0.008333 0.027778
0 0.477344 0.732870 0.006771 0.026852
0 0.451562 0.860185 0.006250 0.020370
0 0.459115 0.744213 0.008854 0.026389
0 0.460547 0.711574 0.006510 0.030556
0 0.470964 0.697454 0.008073 0.027315
0 0.472135 0.662963 0.007292 0.026852
0 0.462109 0.678241 0.006510 0.026852
0 0.463021 0.643519 0.006771 0.025926
0 0.480078 0.658565 0.008073 0.028241
0 0.474089 0.624306 0.006510 0.027315
0 0.482161 0.618287 0.007552 0.026389
2 0.478776 0.694213 0.006510 0.028241
2 0.468750 0.734259 0.006250 0.028704
2 0.465234 0.812037 0.007031 0.029630
0 0.471354 0.236343 0.006771 0.028241
0 0.464583 0.386111 0.009375 0.026852
0 0.354036 0.478241 0.016406 0.012037
0 0.317969 0.477778 0.015104 0.011111
2 0.469922 0.422454 0.012760 0.026389
2 0.955990 0.641667 0.016146 0.014815
0 0.394271 0.482407 0.014063 0.011111
0 0.688151 0.499769 0.014323 0.011574
0 0.445312 0.464352 0.012500 0.014815
0 0.874479 0.620833 0.016146 0.015741
0 0.818229 0.606250 0.015104 0.013426
0 0.893880 0.608102 0.013802 0.013426
0 0.746094 0.607176 0.015625 0.013426
0 0.663672 0.582407 0.015365 0.012963
0 0.686328 0.589815 0.015365 0.012037
0 0.601172 0.568056 0.013281 0.012037
0 0.630208 0.578009 0.013542 0.014352
0 0.566797 0.557870 0.013802 0.011111
0 0.283854 0.474074 0.011979 0.010185
0 0.906250 0.627083 0.010417 0.008796
2 0.922135 0.648148 0.015104 0.013889
0 0.796224 0.383333 0.015365 0.012963
0 0.787630 0.462037 0.016927 0.012037
2 0.791536 0.418981 0.016406 0.013889
2 0.795443 0.394676 0.016406 0.013426
0 0.785417 0.476620 0.020833 0.016204
0 0.860547 0.418981 0.006510 0.020370
0 0.586068 0.512269 0.014323 0.012500
2 0.606380 0.515972 0.019010 0.016204
0 0.959635 0.527315 0.008854 0.024074
0 0.862760 0.392593 0.006771 0.025000
0 0.991276 0.326852 0.008073 0.026852
2 0.986979 0.308565 0.010937 0.028241
0 0.955859 0.496991 0.007552 0.027315
0 0.647266 0.526157 0.014323 0.011574
0 0.576172 0.728472 0.012760 0.023611
0 0.754948 0.588657 0.015625 0.012500
0 0.444010 0.342130 0.005729 0.026852
0 0.491667 0.600926 0.005729 0.025000
0 0.558073 0.903935 0.009375 0.026389
0 0.458333 0.895370 0.006771 0.028704
0 0.449219 0.897222 0.007812 0.025926
0 0.489844 0.648611 0.006250 0.025926
0 0.532031 0.925000 0.010417 0.028704
0 0.526042 0.887963 0.010417 0.027778
0 0.475391 0.776157 0.007031 0.027315
0 0.456771 0.926852 0.006771 0.028704
0 0.445833 0.935417 0.007812 0.029167
0 0.722786 0.563657 0.015365 0.013426
0 0.451562 0.961574 0.008333 0.027778
0 0.442318 0.967824 0.008594 0.027315
0 0.563672 0.934722 0.009115 0.026852
0 0.574870 0.992361 0.008594 0.015278
0 0.544531 0.990278 0.009896 0.019444
0 0.668229 0.958565 0.010417 0.018981
0 0.801302 0.984028 0.011979 0.018981
0 0.917578 0.973380 0.016406 0.013426
0 0.450651 0.990046 0.006510 0.019907
0 0.980339 0.971296 0.007552 0.025926
0 0.423177 0.455324 0.013021 0.014352
0 0.556510 0.199537 0.013542 0.017593
0 0.425781 0.960417 0.008333 0.031944
0 0.626693 0.678241 0.014323 0.022222
0 0.856380 0.632870 0.014844 0.012963
0 0.464844 0.933565 0.006771 0.025463
0 0.471224 0.854167 0.006510 0.026852
0 0.416927 0.930093 0.008333 0.027778
0 0.467708 0.897454 0.008333 0.027315
1 0.489323 0.701620 0.010417 0.060648
0 0.486719 0.756250 0.006771 0.025463
0 0.460547 0.975000 0.007552 0.028704
2 0.483464 0.789583 0.008073 0.031019
0 0.422526 0.849306 0.009635 0.025463
0 0.160417 0.051157 0.018229 0.016204
0 0.481510 0.829167 0.007292 0.028704
0 0.453516 0.341435 0.005469 0.027315
0 0.403776 0.778472 0.012760 0.025463
0 0.714193 0.543519 0.012760 0.012963
0 0.528255 0.494213 0.012760 0.012500
0 0.373698 0.460648 0.010937 0.009259
0 0.323698 0.461111 0.011979 0.012037
0 0.387760 0.725926 0.014063 0.021296
0 0.478255 0.882407 0.007552 0.026852
1 0.183984 0.400000 0.035677 0.018519
0 0.626563 0.520833 0.015104 0.014815
2 0.619531 0.648843 0.013021 0.031019
0 0.689974 0.535417 0.015365 0.012500
0 0.667318 0.530324 0.015365 0.012500
0 0.445443 0.301389 0.006510 0.028704
0 0.298958 0.457176 0.016667 0.012500
0 0.366016 0.681481 0.013281 0.022222
0 0.747396 0.550926 0.011458 0.010185
0 0.730469 0.546759 0.016146 0.012963
2 0.764974 0.556481 0.014844 0.013889
0 0.474870 0.923611 0.007552 0.026852
0 0.338151 0.643056 0.012760 0.021296
0 0.471094 0.960185 0.008333 0.028704
0 0.800521 0.563426 0.015104 0.013889
0 0.445182 0.251620 0.007031 0.031019
0 0.854948 0.579398 0.015104 0.012500
0 0.625911 0.555093 0.014323 0.012037
0 0.404687 0.975000 0.006250 0.023148
0 0.588151 0.543750 0.015365 0.014352
0 0.832292 0.572917 0.016667 0.012500
0 0.785156 0.562269 0.011979 0.010648
1 0.617448 0.480093 0.034375 0.021296
0 0.318620 0.615741 0.015365 0.022222
0 0.258203 0.471528 0.016927 0.012500
0 0.875391 0.584954 0.016406 0.013426
0 0.561979 0.520139 0.014583 0.010648
0 0.394531 0.513194 0.015625 0.012500
0 0.531510 0.550000 0.017188 0.012037
0 0.290365 0.579861 0.014063 0.019907
0 0.625391 0.503935 0.012760 0.011574
2 0.453516 0.540509 0.017448 0.012500
0 0.715365 0.505787 0.014583 0.012500
0 0.660417 0.512500 0.013021 0.011111
0 0.688281 0.518519 0.015625 0.012037
0 0.899219 0.590972 0.014583 0.012500
2 0.375260 0.534028 0.017708 0.011574
0 0.773438 0.522685 0.015104 0.011111
0 0.240755 0.551620 0.016406 0.010648
0 0.600911 0.461343 0.016406 0.014352
0 0.920182 0.594444 0.015885 0.012963
0 0.516667 0.525926 0.015104 0.012037
2 0.414062 0.532639 0.018229 0.013426
0 0.267318 0.569444 0.016406 0.012963
0 0.995833 0.515509 0.008333 0.010648
0 0.997786 0.391204 0.004427 0.025000
0 0.998047 0.332176 0.003906 0.028241
0 0.992839 0.614120 0.014323 0.013426
0 0.964063 0.658796 0.015104 0.014815
0 0.472917 0.502083 0.014583 0.010648
0 0.233073 0.469907 0.016146 0.010185
0 0.435937 0.498380 0.015625 0.010648
0 0.181510 0.545370 0.012500 0.009259
0 0.726302 0.526620 0.014583 0.012500
0 0.464323 0.518056 0.015104 0.012037
2 0.497526 0.545602 0.017448 0.011574
0 0.207682 0.546759 0.014323 0.012037
0 0.235156 0.389815 0.015625 0.020370
0 0.453906 0.304167 0.005729 0.029630
0 0.937630 0.601852 0.012240 0.010185
0 0.328125 0.527546 0.011979 0.011574
0 0.331901 0.510880 0.014323 0.013426
0 0.379167 0.496759 0.015625 0.012037
0 0.268620 0.354167 0.014844 0.022222
0 0.446224 0.201620 0.007031 0.027315
0 0.113281 0.538426 0.016146 0.012037
2 0.297656 0.530324 0.017188 0.011574
0 0.270703 0.507870 0.016927 0.012037
0 0.447266 0.165741 0.007031 0.025926
0 0.888802 0.552315 0.013542 0.010185
0 0.147396 0.539352 0.017188 0.014815
0 0.627344 0.538426 0.015625 0.012963
0 0.665885 0.565972 0.014063 0.014352
2 0.434245 0.303935 0.007031 0.031944
0 0.789193 0.443981 0.016927 0.012037
0 0.819531 0.550000 0.016146 0.012037
0 0.848828 0.560880 0.014844 0.011574
0 0.954036 0.606713 0.017448 0.012500
0 0.973437 0.608333 0.015625 0.012037
0 0.338802 0.493519 0.013542 0.012963
0 0.208724 0.471296 0.017448 0.012963
0 0.264583 0.490972 0.016667 0.013426
0 0.486979 0.070833 0.005729 0.022222
0 0.817969 0.533796 0.015104 0.011111
0 0.200000 0.505556 0.016667 0.012037
0 0.237109 0.522917 0.015885 0.011574
0 0.076042 0.537037 0.016667 0.012037
2 0.445312 0.102083 0.004687 0.029167
0 0.927865 0.561111 0.010937 0.010185
0 0.888672 0.568287 0.014844 0.011574
2 0.994271 0.631019 0.011458 0.013889
2 0.943099 0.620833 0.017448 0.013889
0 0.389193 0.233565 0.014844 0.021759
0 0.938151 0.582176 0.016927 0.014352
2 0.962630 0.573148 0.017448 0.014815
0 0.852995 0.598611 0.012240 0.012037
0 0.192839 0.454167 0.017448 0.012963
0 0.048568 0.534722 0.016927 0.012037
2 0.069010 0.514815 0.018229 0.012037
0 0.140625 0.517593 0.016667 0.012037
0 0.129948 0.482407 0.016667 0.012037
0 0.120573 0.454630 0.016667 0.012037
0 0.012500 0.533333 0.017188 0.012037
0 0.976823 0.593519 0.015625 0.012037
0 0.995833 0.583796 0.008333 0.011111
0 0.458594 0.058796 0.005729 0.027778
0 0.441146 0.039352 0.005729 0.027778
0 0.480859 0.326157 0.005990 0.023611
2 0.640495 0.303935 0.013802 0.016204
