0 0.009635 0.053472 0.013021 0.008796
0 0.028516 0.054861 0.015885 0.010648
0 0.046615 0.053704 0.017188 0.012963
0 0.081380 0.055324 0.017448 0.011574
0 0.177214 0.056250 0.015365 0.010648
0 0.141016 0.055556 0.018490 0.012037
0 0.198958 0.057870 0.015104 0.011111
0 0.235417 0.075000 0.011979 0.023148
0 0.249089 0.112963 0.010156 0.026852
0 0.238021 0.120833 0.015625 0.022222
0 0.239844 0.134491 0.016146 0.018056
0 0.243620 0.147454 0.015365 0.019907
0 0.255078 0.182407 0.017448 0.018519
2 0.266667 0.205093 0.013021 0.023148
2 0.257422 0.194213 0.019010 0.018056
2 0.272135 0.229167 0.017708 0.032407
0 0.284245 0.278935 0.010156 0.027315
0 0.368099 0.153241 0.013281 0.018519
0 0.581641 0.008565 0.008073 0.016204
0 0.556771 0.075694 0.006771 0.027315
0 0.511458 0.179167 0.015625 0.024074
0 0.563021 0.125694 0.014583 0.018981
2 0.524219 0.129398 0.017188 0.018056
0 0.527214 0.103472 0.015365 0.012500
0 0.540104 0.021759 0.009375 0.025000
0 0.576302 0.188889 0.011979 0.029630
0 0.591797 0.246296 0.015365 0.023148
0 0.605859 0.268981 0.013802 0.023148
0 0.630078 0.279398 0.015365 0.018056
0 0.656901 0.262963 0.015365 0.014815
0 0.676823 0.281944 0.015104 0.009259
0 0.673828 0.243287 0.005990 0.023611
0 0.695182 0.275694 0.012760 0.011574
0 0.646484 0.316898 0.014844 0.017130
0 0.605729 0.330324 0.011458 0.025463
0 0.589974 0.292361 0.013281 0.024537
0 0.575651 0.265509 0.013802 0.022685
0 0.559245 0.245139 0.011198 0.017130
2 0.572396 0.221759 0.018229 0.031481
2 0.525000 0.222222 0.017188 0.018519
2 0.503516 0.258102 0.008073 0.039352
0 0.553646 0.218287 0.013542 0.021759
0 0.541276 0.226620 0.014323 0.019907
0 0.707552 0.246296 0.014063 0.011111
0 0.687630 0.247454 0.014844 0.011574
0 0.748437 0.269444 0.015625 0.010185
0 0.763802 0.266898 0.014583 0.010648
0 0.844661 0.234259 0.014323 0.017593
0 0.845182 0.203009 0.012240 0.012500
0 0.882552 0.167130 0.011979 0.013889
2 0.713151 0.273611 0.015365 0.011111
0 0.631120 0.340972 0.010156 0.023611
0 0.634766 0.372222 0.009635 0.028704
0 0.621354 0.396065 0.010937 0.027315
0 0.613672 0.358333 0.011198 0.021296
0 0.642969 0.407639 0.009896 0.028241
2 0.289453 0.333102 0.018490 0.025463
0 0.568750 0.505093 0.015104 0.012963
0 0.544922 0.498380 0.015885 0.010648
0 0.638151 0.718519 0.014323 0.020370
0 0.634505 0.734954 0.013802 0.022685
0 0.596354 0.709259 0.016667 0.020370
0 0.548438 0.805324 0.008333 0.028241
0 0.554427 0.775926 0.010417 0.026852
0 0.549479 0.835880 0.006771 0.020833
0 0.538021 0.956944 0.008854 0.027778
0 0.462240 0.855093 0.006771 0.028704
0 0.456510 0.783102 0.008333 0.028241
0 0.465885 0.775694 0.005729 0.020833
0 0.453646 0.830556 0.008333 0.027778
0 0.477344 0.732870 0.006771 0.026852
0 0.451562 0.860185 0.006250 0.020370
0 0.459115 0.744213 0.008854 0.026389
0 0.460547 0.711574 0.006510 0.030556
0 0.470964 0.697454 0.008073 0.027315
0 0.472135 0.662963 0.007292 0.026852
0 0.462109 0.678241 0.006510 0.026852
0 0.463021 0.643519 0.006771 0.025926
0 0.480078 0.658565 0.008073 0.028241
0 0.474089 0.624306 0.006510 0.027315
0 0.482161 0.618287 0.007552 0.026389
2 0.478776 0.694213 0.006510 0.028241
2 0.468750 0.734259 0.006250 0.028704
2 0.465234 0.812037 0.007031 0.029630
0 0.470833 0.113194 0.006771 0.028241
0 0.470703 0.307176 0.005469 0.025463
0 0.350391 0.477778 0.016406 0.012037
0 0.391927 0.480093 0.015104 0.011111
2 0.483333 0.341667 0.005208 0.030556
0 0.436198 0.469907 0.015104 0.012037
0 0.655078 0.491898 0.014323 0.011574
0 0.476562 0.411343 0.009896 0.019907
0 0.919792 0.630093 0.016146 0.015741
0 0.870052 0.616898 0.015104 0.013426
0 0.955078 0.622917 0.013802 0.013426
0 0.771354 0.611806 0.015625 0.013426
0 0.687500 0.587037 0.013021 0.014815
0 0.713021 0.596296 0.015104 0.015741
0 0.626693 0.572222 0.013281 0.012037
0 0.656901 0.584028 0.016406 0.013426
0 0.594661 0.563889 0.013802 0.011111
0 0.312240 0.474537 0.011979 0.010185
0 0.950000 0.637269 0.010417 0.008796
2 0.976042 0.659259 0.015104 0.013889
0 0.796745 0.378704 0.015365 0.012963
0 0.788151 0.460648 0.016927 0.012037
2 0.792318 0.417130 0.016406 0.013889
2 0.795443 0.391435 0.016406 0.013426
0 0.785937 0.474769 0.020833 0.016204
0 0.860547 0.418981 0.006510 0.020370
0 0.586068 0.512269 0.014323 0.012500
2 0.606380 0.514583 0.019010 0.016204
0 0.961198 0.525463 0.008854 0.024074
0 0.862760 0.392593 0.006771 0.025000
0 0.991536 0.319907 0.008073 0.026852
2 0.986719 0.305787 0.010937 0.028241
0 0.957422 0.493750 0.007552 0.027315
0 0.646484 0.522454 0.014323 0.011574
0 0.576172 0.728472 0.012760 0.023611
0 0.808854 0.607176 0.015625 0.012500
0 0.444010 0.342130 0.005729 0.026852
0 0.491667 0.600926 0.005729 0.025000
0 0.558073 0.903935 0.009375 0.026389
0 0.458854 0.894907 0.006771 0.028704
0 0.450000 0.897685 0.007812 0.025926
0 0.489844 0.648611 0.006250 0.025926
0 0.532031 0.925000 0.010417 0.028704
0 0.526042 0.887963 0.010417 0.027778
0 0.475391 0.776157 0.007031 0.027315
0 0.456771 0.926852 0.006771 0.028704
0 0.445833 0.935417 0.007812 0.029167
0 0.776432 0.578472 0.015365 0.013426
0 0.453385 0.962963 0.008333 0.027778
0 0.443099 0.968750 0.008594 0.027315
0 0.563672 0.934722 0.009115 0.026852
0 0.574870 0.992361 0.008594 0.015278
0 0.544531 0.990278 0.009896 0.019444
0 0.670573 0.958565 0.010417 0.018981
0 0.804427 0.982639 0.011979 0.018981
0 0.920182 0.970602 0.016406 0.013426
0 0.450651 0.990046 0.006510 0.019907
0 0.980339 0.971296 0.007552 0.025926
0 0.455859 0.415046 0.010156 0.021759
0 0.555469 0.200231 0.015625 0.018981
0 0.626693 0.678241 0.014323 0.022222
0 0.903776 0.642593 0.014844 0.012963
0 0.464844 0.933565 0.006771 0.025463
0 0.471224 0.854167 0.006510 0.026852
0 0.468229 0.895602 0.008333 0.027315
1 0.489323 0.701620 0.010417 0.060648
0 0.486719 0.756250 0.006771 0.025463
0 0.460547 0.975000 0.007552 0.028704
2 0.483464 0.789583 0.008073 0.031019
0 0.420182 0.910417 0.009635 0.025463
0 0.160417 0.051157 0.018229 0.016204
0 0.481510 0.829167 0.007292 0.028704
0 0.453516 0.341435 0.005469 0.027315
0 0.415495 0.823611 0.010156 0.026852
0 0.714583 0.541667 0.011979 0.012963
0 0.528255 0.494213 0.012760 0.012500
0 0.417839 0.454861 0.012240 0.012500
0 0.356250 0.462500 0.011979 0.012037
0 0.406380 0.763657 0.011719 0.022685
0 0.478255 0.882407 0.007552 0.026852
1 0.118620 0.396296 0.035677 0.018519
0 0.626563 0.518981 0.015104 0.014815
2 0.621094 0.649306 0.013021 0.031019
0 0.689974 0.535417 0.015365 0.012500
0 0.667318 0.530324 0.015365 0.012500
0 0.445443 0.298148 0.006510 0.028704
0 0.326823 0.460417 0.016667 0.012500
0 0.387630 0.720370 0.013281 0.022222
0 0.748568 0.548611 0.009635 0.012963
0 0.732292 0.543981 0.016146 0.012963
2 0.765495 0.554630 0.014844 0.013889
0 0.474870 0.923611 0.007552 0.026852
0 0.356641 0.670833 0.012760 0.021296
0 0.471094 0.960185 0.008333 0.028704
0 0.800521 0.563426 0.015104 0.013889
0 0.444661 0.250694 0.005990 0.029167
0 0.855990 0.577546 0.015104 0.012500
0 0.670443 0.565741 0.014323 0.012037
0 0.629818 0.550694 0.015365 0.014352
0 0.833594 0.569676 0.016667 0.012500
0 0.786198 0.561343 0.011979 0.010648
1 0.584635 0.471296 0.034375 0.021296
0 0.333073 0.634028 0.014583 0.025463
0 0.277474 0.472454 0.016927 0.012500
0 0.877474 0.583102 0.016406 0.013426
0 0.526302 0.513194 0.014583 0.010648
0 0.440885 0.515509 0.015625 0.012500
0 0.559115 0.554630 0.017188 0.012037
0 0.309115 0.598380 0.014063 0.019907
0 0.607161 0.498843 0.012760 0.011574
2 0.488932 0.543750 0.017448 0.012500
0 0.685677 0.492361 0.014583 0.012500
0 0.642188 0.508796 0.013021 0.011111
0 0.676042 0.515741 0.015625 0.012037
0 0.900781 0.588657 0.014583 0.012500
2 0.414844 0.536806 0.017708 0.011574
0 0.741927 0.514815 0.015104 0.011111
0 0.254297 0.557176 0.016406 0.010648
0 0.583984 0.456250 0.016406 0.014352
0 0.920964 0.593519 0.015885 0.012963
0 0.563021 0.535185 0.015104 0.012037
2 0.454557 0.535880 0.014844 0.011574
0 0.280339 0.577315 0.016406 0.012963
0 0.996354 0.513426 0.007292 0.010185
0 0.997786 0.388426 0.004427 0.025000
0 0.998047 0.325694 0.003906 0.028241
0 0.994010 0.612269 0.011979 0.014352
0 0.483073 0.503935 0.014583 0.010648
0 0.241667 0.471296 0.016146 0.010185
0 0.200260 0.547685 0.012500 0.009259
0 0.726302 0.526620 0.014583 0.012500
0 0.510417 0.525463 0.015104 0.012037
2 0.525651 0.550694 0.017448 0.011574
0 0.224089 0.551389 0.014323 0.012037
0 0.190365 0.410417 0.014583 0.014352
0 0.453906 0.304167 0.005729 0.029630
0 0.938672 0.600926 0.012240 0.010185
0 0.371354 0.531250 0.011979 0.011574
0 0.378776 0.512731 0.014323 0.013426
0 0.425521 0.498148 0.015625 0.012037
0 0.237109 0.377083 0.015365 0.013426
0 0.445703 0.206250 0.007031 0.027315
0 0.127865 0.540278 0.016146 0.012037
2 0.335417 0.533102 0.017188 0.011574
0 0.314974 0.508796 0.016927 0.012037
0 0.447266 0.165741 0.007031 0.025926
0 0.859375 0.543981 0.013542 0.010185
0 0.164062 0.541667 0.017188 0.014815
0 0.615104 0.534259 0.015625 0.012963
0 0.714193 0.577315 0.015365 0.012963
2 0.434245 0.326620 0.007031 0.031944
0 0.789193 0.442130 0.016927 0.012037
0 0.800521 0.543981 0.016146 0.012037
0 0.828255 0.553935 0.014844 0.011574
0 0.955859 0.603472 0.017448 0.012500
0 0.973437 0.608333 0.015625 0.012037
0 0.380990 0.494907 0.013542 0.012963
0 0.216536 0.470370 0.017448 0.012963
0 0.319531 0.492824 0.016667 0.013426
0 0.788802 0.525926 0.015104 0.011111
0 0.246354 0.506944 0.016667 0.012037
0 0.281901 0.526620 0.015885 0.011574
0 0.084896 0.538889 0.016667 0.012037
2 0.439063 0.152546 0.007812 0.029167
0 0.893750 0.552778 0.010937 0.010185
0 0.867318 0.561806 0.014844 0.011574
0 0.352995 0.269676 0.014844 0.021759
0 0.912109 0.576157 0.016927 0.014352
2 0.929818 0.562037 0.017448 0.014815
0 0.915755 0.613889 0.012240 0.012037
0 0.242839 0.455093 0.017448 0.012963
0 0.056901 0.535185 0.016927 0.012037
2 0.126823 0.516204 0.018229 0.012037
0 0.010547 0.501389 0.016927 0.012037
0 0.089583 0.480556 0.016667 0.012037
0 0.182031 0.453704 0.016667 0.012037
0 0.026302 0.534259 0.017188 0.012037
0 0.944792 0.582407 0.015625 0.012037
0 0.970833 0.576157 0.010417 0.012500
0 0.450521 0.025000 0.005729 0.027778
0 0.438542 0.087037 0.005729 0.027778
0 0.481771 0.228704 0.006250 0.021296
0 0.209896 0.487037 0.016667 0.012037
0 0.192969 0.521759 0.016667 0.012037
0 0.459115 0.138194 0.006771 0.028241
0 0.992188 0.595833 0.015625 0.012037
0 0.678125 0.551389 0.015625 0.012963
2 0.640755 0.302315 0.013802 0.016667
