0 0.013021 0.058565 0.013021 0.008796
0 0.031380 0.059028 0.015885 0.010648
0 0.048958 0.057870 0.017188 0.012963
0 0.084245 0.058102 0.017448 0.011574
0 0.180599 0.059954 0.015365 0.010648
0 0.143880 0.060185 0.018490 0.012037
0 0.202865 0.061111 0.015104 0.011111
0 0.236979 0.078704 0.013542 0.022222
0 0.251172 0.116204 0.010156 0.026852
0 0.239323 0.126852 0.015625 0.022222
0 0.241146 0.139583 0.016146 0.018056
0 0.244141 0.153009 0.015365 0.019907
0 0.254818 0.186574 0.015885 0.016667
2 0.266927 0.208796 0.012500 0.017593
2 0.258724 0.197917 0.019010 0.018056
2 0.272917 0.234259 0.017708 0.032407
0 0.286589 0.281250 0.010156 0.027315
0 0.369661 0.154167 0.013281 0.018519
0 0.581641 0.008565 0.008073 0.016204
0 0.559115 0.078009 0.006771 0.027315
0 0.513542 0.179861 0.016146 0.021759
0 0.563802 0.127083 0.014583 0.018981
2 0.526042 0.133102 0.017188 0.018056
0 0.528776 0.108565 0.015365 0.012500
0 0.542448 0.022685 0.009375 0.025000
0 0.577604 0.189815 0.011979 0.029630
0 0.593099 0.247685 0.015365 0.023148
0 0.605859 0.271759 0.013802 0.023148
0 0.631901 0.281250 0.015365 0.018056
0 0.660026 0.265741 0.015365 0.014815
0 0.679427 0.283796 0.015104 0.009259
0 0.675911 0.245602 0.005990 0.023611
0 0.697526 0.278009 0.012760 0.007870
0 0.648047 0.317824 0.014844 0.017130
0 0.606771 0.332639 0.011458 0.025463
0 0.591016 0.294676 0.013281 0.024537
0 0.578255 0.269676 0.013802 0.022685
0 0.560026 0.249306 0.011198 0.017130
2 0.573698 0.225000 0.018229 0.031481
2 0.526823 0.221759 0.017188 0.018519
2 0.505078 0.259491 0.008073 0.039352
0 0.595573 0.272917 0.013542 0.021759
0 0.543359 0.232176 0.014323 0.019907
0 0.709896 0.247222 0.014063 0.011111
0 0.690495 0.248380 0.014844 0.011574
0 0.749740 0.270370 0.015625 0.010185
0 0.767448 0.267824 0.014583 0.010648
0 0.845964 0.233796 0.014323 0.017593
0 0.847005 0.203935 0.012240 0.012500
0 0.883854 0.167593 0.011979 0.013889
2 0.715234 0.275000 0.015365 0.011111
0 0.633724 0.345139 0.010156 0.023611
0 0.637109 0.373611 0.009635 0.028704
0 0.622656 0.397917 0.010937 0.027315
0 0.615495 0.361574 0.011198 0.021296
0 0.646094 0.411806 0.009896 0.028241
2 0.007031 0.394444 0.013542 0.012963
0 0.570833 0.509259 0.015104 0.012963
0 0.548047 0.502083 0.015885 0.010648
0 0.640755 0.720370 0.014323 0.020370
0 0.637760 0.737500 0.014583 0.021296
0 0.606641 0.682639 0.010677 0.028241
0 0.552344 0.806250 0.008333 0.028241
0 0.557292 0.777315 0.010417 0.026852
0 0.552604 0.839120 0.006771 0.020833
0 0.542188 0.962037 0.008854 0.027778
0 0.464583 0.858796 0.006771 0.028704
0 0.459115 0.785880 0.008333 0.028241
0 0.469531 0.780324 0.005729 0.020833
0 0.456771 0.833333 0.008333 0.027778
0 0.480208 0.736111 0.006771 0.026852
0 0.454688 0.863426 0.006250 0.020370
0 0.461458 0.746065 0.008854 0.026389
0 0.463151 0.712963 0.006510 0.030556
0 0.473307 0.703935 0.008073 0.027315
0 0.474740 0.666204 0.007292 0.026852
0 0.464974 0.681019 0.006510 0.026852
0 0.467448 0.646296 0.006771 0.025926
0 0.482682 0.662731 0.008073 0.028241
0 0.476693 0.628009 0.006510 0.027315
0 0.484505 0.619676 0.007552 0.026389
2 0.482422 0.699306 0.006510 0.028241
2 0.471615 0.736111 0.006250 0.028704
2 0.467578 0.813889 0.007031 0.029630
0 0.484896 0.357639 0.005208 0.019907
0 0.482812 0.183796 0.006250 0.028704
0 0.491797 0.280787 0.005990 0.025463
0 0.568490 0.454398 0.014583 0.015278
0 0.482552 0.069213 0.006771 0.020833
0 0.728776 0.604630 0.015365 0.012037
0 0.821875 0.622917 0.014063 0.014352
0 0.791797 0.613889 0.013281 0.012037
0 0.857031 0.631944 0.013542 0.013889
0 0.702474 0.592593 0.013802 0.011111
0 0.480859 0.398148 0.009115 0.028704
0 0.799089 0.381481 0.015365 0.012963
0 0.792057 0.462963 0.016927 0.012037
2 0.794922 0.418981 0.016406 0.013889
2 0.798047 0.394676 0.016406 0.013426
0 0.789323 0.479398 0.020833 0.016204
0 0.863151 0.418056 0.006510 0.020370
0 0.586068 0.512269 0.014323 0.012500
2 0.608854 0.517361 0.017708 0.015278
0 0.963802 0.525000 0.008854 0.024074
0 0.866146 0.390741 0.006771 0.025000
0 0.994141 0.323611 0.008073 0.026852
2 0.989193 0.308102 0.009635 0.028241
0 0.960286 0.496991 0.007552 0.027315
0 0.649349 0.526620 0.014323 0.011574
0 0.579036 0.730787 0.012760 0.023611
0 0.445833 0.344907 0.005729 0.026852
0 0.495052 0.603704 0.005729 0.025000
0 0.561198 0.905324 0.009375 0.026389
0 0.461458 0.897685 0.006771 0.028704
0 0.452865 0.900926 0.007812 0.025926
0 0.493750 0.644444 0.006250 0.025926
0 0.536719 0.929167 0.010417 0.028704
0 0.528906 0.890278 0.008854 0.025000
0 0.478776 0.780324 0.007031 0.027315
0 0.459635 0.931481 0.006771 0.028704
0 0.449740 0.940046 0.007812 0.029167
0 0.993490 0.649074 0.013021 0.012037
0 0.455990 0.966667 0.007292 0.026852
0 0.446484 0.973843 0.008594 0.027315
0 0.567187 0.937037 0.010417 0.029630
0 0.577214 0.993519 0.007552 0.012963
0 0.548307 0.993056 0.008073 0.013889
0 0.672135 0.960417 0.010417 0.018981
0 0.806771 0.986343 0.011979 0.018981
0 0.925911 0.973380 0.016406 0.013426
0 0.454557 0.990972 0.007552 0.018056
0 0.985807 0.972685 0.007552 0.025926
0 0.459896 0.071991 0.006771 0.023611
0 0.557813 0.202083 0.015625 0.018981
0 0.629557 0.679167 0.012760 0.020370
0 0.467578 0.937500 0.008073 0.025000
0 0.474089 0.856944 0.006510 0.026852
0 0.471094 0.897917 0.008333 0.027315
1 0.491667 0.703935 0.010417 0.060648
0 0.489844 0.759954 0.006771 0.025463
0 0.463932 0.977778 0.007552 0.028704
2 0.486589 0.792361 0.008073 0.031019
0 0.163802 0.053472 0.018229 0.016204
0 0.484115 0.831019 0.007292 0.028704
0 0.456120 0.344213 0.005469 0.027315
0 0.716667 0.543056 0.011979 0.012963
0 0.530859 0.496991 0.012760 0.012500
0 0.473307 0.037269 0.004427 0.018981
0 0.473698 0.292361 0.004687 0.024537
0 0.420182 0.962500 0.007031 0.024074
0 0.481120 0.885648 0.007552 0.026852
0 0.629036 0.522917 0.014323 0.014352
2 0.622917 0.650463 0.014063 0.030556
0 0.692578 0.538657 0.015365 0.012500
0 0.670182 0.533102 0.015365 0.012500
0 0.447266 0.304630 0.006510 0.028704
0 0.471875 0.370833 0.008333 0.027778
0 0.750911 0.552315 0.012760 0.012037
0 0.734115 0.547685 0.016146 0.012963
2 0.768099 0.556481 0.014844 0.013889
0 0.477995 0.926389 0.007552 0.026852
0 0.474219 0.965278 0.008333 0.028704
0 0.803646 0.564352 0.015104 0.013889
0 0.446484 0.254861 0.005990 0.029167
0 0.858854 0.579398 0.015104 0.012500
0 0.938932 0.635648 0.014323 0.012037
0 0.865755 0.616435 0.014844 0.013426
0 0.835677 0.573843 0.016667 0.012500
0 0.789323 0.563194 0.011979 0.010648
1 0.550260 0.465278 0.034375 0.021296
0 0.419661 0.880556 0.005990 0.025926
0 0.880078 0.584954 0.016406 0.013426
0 0.784505 0.581713 0.014323 0.012500
0 0.644271 0.560417 0.015625 0.012500
0 0.673958 0.585185 0.016146 0.012963
0 0.417578 0.793750 0.011719 0.024537
0 0.545964 0.483333 0.011198 0.011111
2 0.621484 0.574306 0.017448 0.012500
0 0.537891 0.427315 0.014323 0.012037
0 0.573958 0.492593 0.013021 0.011111
0 0.601172 0.499537 0.014844 0.011111
0 0.902344 0.589120 0.014583 0.012500
2 0.567448 0.565972 0.017708 0.011574
0 0.625000 0.485648 0.015104 0.011111
0 0.362240 0.676389 0.012500 0.021296
0 0.539583 0.447685 0.015104 0.012037
0 0.923307 0.595833 0.015885 0.012963
0 0.757552 0.590741 0.015104 0.012037
2 0.592578 0.564583 0.015885 0.012500
0 0.392708 0.735185 0.011979 0.025000
0 0.998047 0.388657 0.003906 0.025463
0 0.994922 0.614583 0.010156 0.013426
0 0.745313 0.569676 0.016146 0.012500
0 0.443229 0.462269 0.015625 0.019907
0 0.299609 0.601157 0.011198 0.015278
0 0.652214 0.508796 0.014844 0.012037
0 0.715365 0.578704 0.015104 0.012037
2 0.650000 0.581713 0.015625 0.014352
0 0.325130 0.625694 0.012760 0.019907
0 0.456510 0.306019 0.005729 0.029630
0 0.941536 0.601389 0.012240 0.010185
0 0.537760 0.550694 0.011979 0.011574
0 0.596224 0.548843 0.014323 0.013426
0 0.676693 0.552778 0.015885 0.014815
0 0.447266 0.211343 0.007031 0.027315
0 0.227214 0.553704 0.014844 0.012963
2 0.519271 0.553935 0.017188 0.011574
0 0.543359 0.536574 0.016927 0.012037
0 0.449089 0.174537 0.007031 0.025926
0 0.733073 0.513194 0.012500 0.010648
0 0.264062 0.574537 0.017188 0.012963
0 0.888672 0.606250 0.014323 0.012500
0 0.899219 0.626620 0.013021 0.012500
2 0.436589 0.335417 0.007031 0.031944
0 0.792839 0.443981 0.016927 0.012037
0 0.690625 0.501389 0.015625 0.013889
0 0.696224 0.522222 0.016927 0.014815
0 0.958724 0.603935 0.017448 0.012500
0 0.976823 0.608333 0.015625 0.012037
0 0.621354 0.538889 0.013542 0.012963
0 0.408464 0.483333 0.017448 0.012963
0 0.552865 0.524306 0.016667 0.013426
0 0.631641 0.469907 0.013802 0.012963
0 0.478646 0.525000 0.016667 0.012037
0 0.484375 0.547454 0.014063 0.010648
0 0.181250 0.549537 0.016667 0.012037
2 0.422917 0.224306 0.013542 0.016204
0 0.770573 0.521991 0.012500 0.010648
0 0.751302 0.533565 0.015625 0.013426
0 0.089193 0.413426 0.015365 0.011111
0 0.810286 0.549306 0.016927 0.014352
2 0.794010 0.531250 0.018229 0.012500
0 0.454297 0.425000 0.014323 0.024074
0 0.148307 0.544907 0.016927 0.012037
2 0.370443 0.532639 0.016406 0.009722
0 0.433984 0.518981 0.016927 0.012037
0 0.450000 0.502315 0.016667 0.012037
0 0.482682 0.243981 0.005469 0.022222
0 0.112891 0.543981 0.017448 0.012037
0 0.846354 0.560185 0.015625 0.012037
0 0.830078 0.541435 0.012760 0.010648
0 0.450260 0.127778 0.005729 0.027778
0 0.283724 0.363194 0.014323 0.019907
0 0.507031 0.512269 0.013542 0.010648
0 0.435937 0.540278 0.016667 0.012037
0 0.463802 0.258565 0.006771 0.028241
0 0.886198 0.571296 0.015104 0.012963
0 0.977604 0.628704 0.014063 0.012963
0 0.383724 0.465509 0.014323 0.010648
0 0.327474 0.512963 0.014844 0.010185
0 0.078255 0.542130 0.016927 0.012037
0 0.271484 0.511806 0.015365 0.011574
0 0.283333 0.530324 0.015104 0.010648
0 0.439453 0.161574 0.007552 0.025000
2 0.899740 0.556481 0.020313 0.012963
0 0.932161 0.580787 0.016927 0.014352
0 0.051823 0.540972 0.015625 0.009722
0 0.533333 0.778935 0.011458 0.023611
2 0.026823 0.536574 0.013542 0.010185
0 0.443620 0.086111 0.007552 0.025000
2 0.964583 0.588426 0.018229 0.012037
0 0.933464 0.567361 0.013802 0.012500
0 0.251953 0.045833 0.009115 0.028704
0 0.975911 0.575231 0.013802 0.012500
2 0.643099 0.305324 0.013802 0.015278
