0 0.017969 0.078241 0.017188 0.012037
0 0.054167 0.077778 0.020313 0.012037
0 0.114714 0.075694 0.017448 0.011574
0 0.171484 0.076157 0.015365 0.010648
0 0.133724 0.068750 0.023177 0.015278
0 0.206771 0.092130 0.013542 0.022222
0 0.222266 0.128241 0.010156 0.026852
0 0.210807 0.138426 0.013802 0.021296
0 0.213021 0.152546 0.016146 0.018056
0 0.216016 0.165972 0.015365 0.019907
0 0.227734 0.197222 0.015885 0.016667
2 0.237630 0.220602 0.014323 0.018981
2 0.230599 0.210417 0.019010 0.018056
2 0.245964 0.246296 0.017969 0.032407
0 0.258854 0.293750 0.010417 0.027315
0 0.342057 0.163426 0.013281 0.018519
0 0.545182 0.009722 0.007552 0.018519
0 0.528646 0.079398 0.006771 0.027315
0 0.484635 0.185880 0.016146 0.021759
0 0.536198 0.129167 0.015104 0.016667
2 0.496094 0.137269 0.017188 0.018056
0 0.498568 0.109028 0.015365 0.012500
0 0.510938 0.024537 0.009375 0.025000
0 0.549219 0.191435 0.013021 0.027315
0 0.564974 0.250463 0.015365 0.023148
0 0.580990 0.271991 0.013021 0.018981
0 0.604297 0.279398 0.015365 0.018056
0 0.631120 0.264352 0.015365 0.014815
0 0.652865 0.278009 0.017188 0.010648
0 0.649089 0.242824 0.005990 0.023611
0 0.671745 0.273843 0.012760 0.007870
0 0.622786 0.315972 0.014844 0.017130
0 0.580469 0.333565 0.011458 0.025463
0 0.565365 0.297685 0.011979 0.025926
0 0.548568 0.269676 0.013802 0.022685
0 0.533984 0.248843 0.011198 0.017130
2 0.548177 0.224074 0.015104 0.028704
2 0.497917 0.226389 0.017188 0.015741
2 0.478255 0.264583 0.008073 0.039352
0 0.582812 0.287963 0.012500 0.018519
0 0.516276 0.233565 0.014323 0.017130
0 0.682031 0.243981 0.014063 0.011111
0 0.663151 0.246065 0.014844 0.011574
0 0.721615 0.264815 0.015625 0.010185
0 0.738021 0.262269 0.014583 0.010648
0 0.819141 0.225463 0.014323 0.017593
0 0.818620 0.196065 0.012240 0.012500
0 0.856510 0.157407 0.011979 0.013889
2 0.689193 0.271296 0.015365 0.011111
0 0.606901 0.344907 0.008073 0.026852
0 0.612370 0.373611 0.009635 0.028704
0 0.598177 0.399306 0.010937 0.027315
0 0.590234 0.359954 0.009115 0.021759
0 0.620313 0.411343 0.009896 0.028241
0 0.547656 0.509259 0.015104 0.012963
0 0.523698 0.503472 0.016146 0.010648
0 0.619922 0.718981 0.014323 0.020370
0 0.616406 0.735648 0.014583 0.021296
0 0.586589 0.694907 0.013281 0.030556
0 0.532813 0.809491 0.008333 0.028241
0 0.535937 0.780556 0.010417 0.026852
0 0.532552 0.839583 0.006771 0.020833
0 0.525521 0.964815 0.008854 0.027778
0 0.446094 0.860185 0.006771 0.028704
0 0.439063 0.792361 0.008333 0.028241
0 0.448958 0.784028 0.005729 0.020833
0 0.436719 0.839815 0.008333 0.027778
0 0.459115 0.738426 0.006771 0.026852
0 0.435417 0.869444 0.006250 0.020370
0 0.440234 0.751389 0.008073 0.024074
0 0.442057 0.718519 0.006510 0.030556
0 0.451693 0.702083 0.008073 0.027315
0 0.453125 0.668981 0.007292 0.026852
0 0.443880 0.679167 0.006510 0.026852
0 0.440625 0.591667 0.008854 0.029630
0 0.461328 0.659954 0.008073 0.028241
0 0.450260 0.579167 0.007812 0.025926
0 0.463151 0.611343 0.007552 0.026389
2 0.460026 0.699769 0.006510 0.028241
2 0.450521 0.738426 0.006250 0.028704
2 0.448568 0.815278 0.007031 0.029630
0 0.423958 0.091204 0.006250 0.028704
0 0.536589 0.453935 0.014844 0.015278
0 0.707422 0.600000 0.015365 0.012037
0 0.929688 0.641435 0.014063 0.014352
0 0.925911 0.606944 0.015365 0.013889
0 0.684766 0.590278 0.013802 0.011111
0 0.773698 0.374306 0.014063 0.016204
0 0.766536 0.456481 0.016927 0.012037
2 0.768880 0.411574 0.016406 0.013889
2 0.771745 0.387731 0.016406 0.013426
0 0.762760 0.471991 0.020833 0.016204
0 0.837891 0.407407 0.006510 0.020370
0 0.566016 0.514120 0.014323 0.012500
2 0.586198 0.516898 0.017708 0.015278
0 0.938802 0.512037 0.008854 0.024074
0 0.839583 0.383333 0.006771 0.025000
0 0.967578 0.306944 0.008073 0.026852
2 0.961979 0.292361 0.009896 0.028241
0 0.933464 0.482176 0.007552 0.027315
0 0.625911 0.524769 0.014323 0.011574
0 0.558984 0.732639 0.012760 0.023611
0 0.420052 0.350000 0.005729 0.026852
0 0.472396 0.542130 0.005729 0.025000
0 0.543750 0.907176 0.009375 0.026389
0 0.443229 0.901852 0.006771 0.028704
0 0.433333 0.904630 0.007812 0.025926
0 0.471615 0.616667 0.006250 0.025926
0 0.519010 0.932870 0.010417 0.028704
0 0.510807 0.891898 0.010677 0.025463
0 0.457943 0.779861 0.007031 0.027315
0 0.440625 0.937500 0.006771 0.028704
0 0.430469 0.944676 0.007812 0.029167
0 0.438802 0.972222 0.007292 0.026852
0 0.428516 0.975231 0.008594 0.027315
0 0.550000 0.938889 0.010417 0.029630
0 0.561328 0.993519 0.007552 0.012963
0 0.532161 0.993981 0.007031 0.011111
0 0.655990 0.956713 0.010417 0.018981
0 0.790104 0.977083 0.011979 0.018981
0 0.436068 0.993519 0.007031 0.012963
0 0.967318 0.960185 0.007552 0.025926
0 0.427995 0.283102 0.004948 0.024537
0 0.528646 0.206250 0.015625 0.018981
0 0.607943 0.678935 0.014323 0.019907
0 0.449349 0.940278 0.008073 0.025000
0 0.456380 0.834722 0.006510 0.026852
0 0.452344 0.899306 0.008333 0.027315
1 0.470573 0.692361 0.010417 0.060648
0 0.469010 0.747917 0.006771 0.025463
0 0.446224 0.981944 0.007552 0.028704
2 0.466276 0.790509 0.008073 0.031019
0 0.149219 0.075926 0.017188 0.011111
0 0.465365 0.834722 0.007292 0.028704
0 0.429557 0.347454 0.005469 0.027315
0 0.691797 0.537963 0.011198 0.011111
0 0.506120 0.500694 0.012760 0.012500
0 0.454557 0.178704 0.004427 0.026852
0 0.462109 0.889352 0.007552 0.026852
0 0.604557 0.521065 0.014323 0.014352
2 0.601042 0.648611 0.014063 0.030556
0 0.669141 0.534954 0.015365 0.012500
0 0.645703 0.530324 0.015365 0.012500
0 0.420703 0.307407 0.006510 0.028704
0 0.450130 0.123843 0.006510 0.031019
0 0.727344 0.545833 0.011458 0.011111
0 0.710677 0.541204 0.016146 0.012963
2 0.744531 0.550463 0.016667 0.012963
0 0.460026 0.930093 0.007552 0.026852
0 0.455469 0.967593 0.008333 0.028704
0 0.780078 0.558333 0.014323 0.012963
0 0.410807 0.309259 0.004948 0.025926
0 0.835417 0.569676 0.015104 0.012500
0 0.812760 0.564583 0.016667 0.012500
0 0.765885 0.554861 0.011979 0.010648
1 0.521224 0.466204 0.035677 0.022222
0 0.857422 0.574306 0.016406 0.013426
0 0.914714 0.621528 0.014323 0.012500
0 0.687500 0.571991 0.014583 0.014352
0 0.660417 0.584259 0.016146 0.012963
0 0.522526 0.485648 0.011198 0.011111
2 0.617578 0.577546 0.017448 0.012500
0 0.513021 0.429167 0.014583 0.012037
0 0.537109 0.490278 0.013281 0.011111
0 0.560026 0.494444 0.014844 0.011111
0 0.918229 0.588194 0.010937 0.010648
2 0.574740 0.568750 0.017708 0.011574
0 0.555208 0.475000 0.015104 0.011111
0 0.412109 0.906944 0.008073 0.025926
0 0.516016 0.448611 0.015365 0.012037
0 0.878516 0.580093 0.015885 0.012963
0 0.815625 0.592130 0.015104 0.012037
2 0.597917 0.569213 0.017188 0.013426
2 0.992839 0.603704 0.014323 0.013889
0 0.862500 0.593287 0.016146 0.012500
0 0.379036 0.766898 0.010156 0.020833
0 0.594661 0.500463 0.014844 0.012037
0 0.781380 0.593056 0.014323 0.013889
2 0.639062 0.581250 0.015625 0.014352
0 0.395443 0.818981 0.011719 0.025000
0 0.429948 0.312963 0.005729 0.029630
0 0.935417 0.590509 0.015104 0.011574
0 0.556771 0.562731 0.011979 0.011574
0 0.666016 0.555787 0.014323 0.013426
0 0.764323 0.574306 0.014583 0.012500
0 0.436849 0.267361 0.007031 0.027315
0 0.318880 0.651852 0.015365 0.022222
2 0.540625 0.565046 0.017188 0.011574
0 0.618750 0.558102 0.016667 0.013426
0 0.420443 0.213889 0.007031 0.025926
0 0.607031 0.486343 0.012500 0.010648
0 0.348438 0.706019 0.015625 0.021296
0 0.994531 0.655556 0.010937 0.012963
0 0.954297 0.613657 0.013802 0.013426
2 0.410547 0.339120 0.007031 0.031944
0 0.766797 0.435648 0.016927 0.012037
0 0.583073 0.463889 0.015625 0.013889
0 0.615365 0.507176 0.014063 0.011574
0 0.956120 0.594213 0.017448 0.012500
0 0.974740 0.598148 0.015625 0.012037
0 0.705469 0.563889 0.013542 0.012963
0 0.626823 0.544676 0.016667 0.013426
0 0.557161 0.458796 0.013802 0.012963
0 0.572135 0.548611 0.016667 0.012037
0 0.514062 0.558565 0.014063 0.010648
0 0.261328 0.594444 0.016406 0.015741
2 0.234766 0.381713 0.015365 0.018981
0 0.643750 0.491898 0.012500 0.010648
0 0.646615 0.511343 0.015625 0.013426
0 0.264062 0.504630 0.015625 0.011111
0 0.693620 0.521759 0.016406 0.011111
2 0.670573 0.502083 0.018229 0.012500
0 0.229948 0.577083 0.015625 0.014352
2 0.377995 0.540972 0.016406 0.009722
0 0.423047 0.129861 0.005990 0.029167
0 0.195182 0.565741 0.017448 0.012037
0 0.729427 0.527778 0.015625 0.012037
0 0.718099 0.512269 0.012760 0.010648
0 0.421354 0.179167 0.005729 0.027778
0 0.005990 0.418287 0.011458 0.012500
0 0.491406 0.556481 0.016667 0.012037
0 0.459896 0.234028 0.006771 0.028241
0 0.773958 0.539352 0.015104 0.012963
0 0.445703 0.234722 0.005469 0.026852
0 0.376172 0.522222 0.014844 0.010185
0 0.160286 0.562963 0.016927 0.012037
0 0.354036 0.523843 0.015365 0.011574
0 0.353906 0.541435 0.015104 0.010648
0 0.419661 0.259722 0.007552 0.025000
2 0.786589 0.525000 0.018490 0.011111
0 0.823958 0.549306 0.017188 0.013426
0 0.136849 0.563194 0.012240 0.010648
0 0.594922 0.607639 0.012760 0.020833
2 0.107422 0.560185 0.017969 0.010185
0 0.409505 0.247685 0.008073 0.025926
2 0.871094 0.550000 0.017708 0.014815
0 0.818099 0.534722 0.015885 0.011111
0 0.921224 0.557176 0.013802 0.012500
2 0.082682 0.056713 0.030469 0.017130
0 0.360026 0.505556 0.015365 0.011111
1 0.197135 0.541435 0.039062 0.015278
0 0.014583 0.559028 0.014583 0.012500
0 0.430599 0.107870 0.005469 0.030556
2 0.428516 0.225463 0.005990 0.030556
0 0.849349 0.539583 0.014844 0.013426
0 0.195573 0.105787 0.009375 0.024537
0 0.977214 0.500926 0.012760 0.014815
0 0.976562 0.373843 0.006771 0.027315
0 0.976432 0.315046 0.009115 0.026389
2 0.403255 0.161806 0.010677 0.030093
0 0.422786 0.031713 0.006510 0.026389
0 0.447005 0.061574 0.004427 0.025926
0 0.459766 0.021528 0.006510 0.030093
0 0.900130 0.582176 0.015885 0.013426
0 0.924479 0.572685 0.015625 0.012037
0 0.947917 0.560648 0.015625 0.012037
0 0.269531 0.328472 0.009375 0.025463
0 0.873177 0.613194 0.014063 0.014352
0 0.966016 0.580787 0.017448 0.012500
0 0.891276 0.546528 0.013802 0.012500
0 0.412500 0.062037 0.006250 0.028704
2 0.022396 0.519213 0.019271 0.014352
0 0.062760 0.559028 0.014583 0.012500
0 0.995703 0.637731 0.008594 0.015278
0 0.906120 0.961111 0.013802 0.012037
0 0.979948 0.565046 0.013542 0.013426
0 0.971615 0.128009 0.011979 0.008796
2 0.616536 0.303935 0.013802 0.016204
