0 0.067057 0.085185 0.013802 0.010185
0 0.085807 0.084491 0.014323 0.009722
0 0.103516 0.083102 0.017448 0.010648
0 0.233203 0.077546 0.015365 0.010648
0 0.138932 0.082639 0.017969 0.011574
0 0.290104 0.093519 0.013542 0.022222
0 0.305339 0.132407 0.011198 0.025926
0 0.294141 0.140278 0.013802 0.021296
0 0.295833 0.154861 0.016146 0.018056
0 0.299089 0.166898 0.015365 0.019907
0 0.310026 0.200463 0.015885 0.016667
2 0.323047 0.221759 0.011198 0.020370
2 0.312891 0.212269 0.019010 0.018056
2 0.329557 0.245833 0.017969 0.032407
0 0.343880 0.292824 0.009635 0.025463
0 0.424349 0.162037 0.013281 0.018519
0 0.611198 0.075231 0.006771 0.027315
0 0.569010 0.179861 0.016146 0.021759
0 0.618750 0.125000 0.015104 0.016667
2 0.580469 0.132407 0.016667 0.015741
0 0.582682 0.106250 0.015365 0.012500
0 0.592969 0.021296 0.009375 0.025000
0 0.632292 0.187963 0.013021 0.027778
0 0.649870 0.245370 0.013802 0.021296
0 0.687630 0.273843 0.015365 0.018056
0 0.714974 0.256481 0.014844 0.016667
0 0.735547 0.273611 0.015365 0.012963
0 0.731120 0.237731 0.005990 0.023611
0 0.754036 0.268287 0.012760 0.007870
0 0.704818 0.310880 0.014844 0.017130
0 0.665104 0.328009 0.011458 0.025463
0 0.648438 0.289815 0.013021 0.023148
0 0.633203 0.264583 0.013802 0.022685
0 0.617708 0.244444 0.011979 0.015741
2 0.630339 0.220370 0.017969 0.026852
2 0.581771 0.220370 0.016146 0.013889
2 0.562109 0.260880 0.008073 0.039352
0 0.663932 0.265972 0.014323 0.021759
0 0.600130 0.228241 0.014323 0.013889
0 0.765104 0.236574 0.014063 0.011111
0 0.745443 0.239120 0.014844 0.011574
0 0.805859 0.258565 0.014844 0.009722
0 0.821875 0.253935 0.014583 0.010648
0 0.901432 0.216204 0.014323 0.017593
0 0.901693 0.185880 0.012240 0.012500
0 0.939323 0.146759 0.011979 0.013889
2 0.770443 0.262963 0.015365 0.011111
0 0.690885 0.339815 0.010937 0.028704
0 0.696354 0.367361 0.010937 0.028241
0 0.680729 0.392824 0.010937 0.027315
0 0.673828 0.354861 0.009115 0.021759
0 0.703646 0.403935 0.009896 0.028241
0 0.606250 0.499537 0.015104 0.012963
0 0.590365 0.495833 0.013021 0.012037
0 0.705599 0.713426 0.014323 0.020370
0 0.701562 0.730093 0.014583 0.021296
0 0.675911 0.704167 0.014844 0.025000
0 0.617708 0.805787 0.008333 0.028241
0 0.622135 0.776852 0.010417 0.026852
0 0.617448 0.836343 0.006771 0.020833
0 0.610807 0.959954 0.010156 0.027315
0 0.533073 0.807407 0.006771 0.028704
0 0.527604 0.735880 0.008333 0.027315
0 0.537240 0.704861 0.005729 0.020833
0 0.524479 0.796296 0.006771 0.028704
0 0.547917 0.629167 0.006771 0.026852
0 0.521354 0.853241 0.006250 0.020370
0 0.528776 0.610880 0.007031 0.024537
0 0.530078 0.556481 0.010677 0.026852
0 0.535677 0.514352 0.010417 0.027778
0 0.477995 0.471296 0.014323 0.024074
0 0.495573 0.465278 0.013542 0.022222
0 0.427474 0.446528 0.014844 0.012500
0 0.510938 0.535185 0.012500 0.029630
2 0.537109 0.622917 0.006510 0.028241
2 0.543359 0.565509 0.009115 0.029167
2 0.534505 0.758333 0.007031 0.029630
0 0.533333 0.009722 0.005729 0.018519
0 0.792839 0.594444 0.015365 0.012037
0 0.922656 0.544907 0.013542 0.010185
0 0.780469 0.566435 0.016667 0.013426
0 0.858854 0.368287 0.014063 0.016204
0 0.850651 0.447685 0.016927 0.012037
2 0.853516 0.403241 0.016406 0.013889
2 0.856380 0.380324 0.016406 0.013426
0 0.848177 0.462731 0.022917 0.014352
0 0.922786 0.400000 0.006510 0.020370
0 0.629297 0.504398 0.014323 0.012500
2 0.669010 0.512269 0.017708 0.015278
0 0.923177 0.373148 0.006771 0.025000
0 0.997135 0.470602 0.005729 0.026389
0 0.689453 0.515046 0.014323 0.011574
0 0.643099 0.728704 0.013802 0.023148
0 0.503646 0.348148 0.005729 0.026852
0 0.485156 0.434722 0.014063 0.019444
0 0.629427 0.903935 0.009375 0.026389
0 0.520052 0.890278 0.006771 0.026852
0 0.530208 0.860185 0.007812 0.025926
0 0.449870 0.432407 0.016927 0.014815
0 0.604427 0.927778 0.010417 0.028704
0 0.596745 0.888657 0.010677 0.026389
0 0.544661 0.716898 0.007031 0.027315
0 0.528125 0.903241 0.006771 0.028704
0 0.517708 0.932176 0.007812 0.029167
0 0.525260 0.943981 0.007292 0.026852
0 0.514714 0.969676 0.008594 0.027315
0 0.634245 0.933796 0.009115 0.025926
0 0.646615 0.991435 0.010417 0.017130
0 0.617188 0.992361 0.007812 0.015278
0 0.719792 0.951620 0.010417 0.018981
0 0.875000 0.968750 0.011979 0.018981
0 0.538021 0.996065 0.006250 0.007870
0 0.504297 0.305324 0.007031 0.027315
0 0.612760 0.202083 0.015625 0.018981
0 0.692578 0.673380 0.014323 0.019907
0 0.538411 0.884954 0.008073 0.026389
0 0.543099 0.781019 0.006510 0.026852
0 0.540495 0.837037 0.007552 0.026852
1 0.556901 0.544444 0.010156 0.060185
0 0.557161 0.645602 0.006510 0.026389
0 0.534766 0.936111 0.007552 0.028704
2 0.555339 0.703241 0.006510 0.030556
0 0.198047 0.079167 0.017448 0.008333
0 0.552083 0.762037 0.007292 0.028704
0 0.513932 0.346065 0.005469 0.027315
0 0.774349 0.531481 0.011198 0.011111
0 0.513411 0.187963 0.007031 0.027778
0 0.550651 0.825463 0.005990 0.025926
0 0.699870 0.502083 0.014323 0.014352
2 0.685286 0.644676 0.012240 0.027315
0 0.729818 0.524306 0.015365 0.012500
0 0.709766 0.519907 0.013802 0.012037
0 0.513802 0.310880 0.005729 0.023611
0 0.534505 0.060185 0.007031 0.028704
0 0.810677 0.537963 0.011458 0.011111
0 0.793490 0.534722 0.016146 0.012963
2 0.827083 0.544444 0.016667 0.012963
0 0.548828 0.886574 0.007552 0.026852
0 0.543229 0.948148 0.006250 0.027778
0 0.815234 0.523148 0.014323 0.012963
0 0.494401 0.304630 0.004948 0.025926
0 0.864844 0.549769 0.015104 0.012500
0 0.851562 0.530324 0.015104 0.012500
1 0.605078 0.462963 0.034115 0.022222
0 0.896875 0.555556 0.015104 0.012037
0 0.769010 0.583333 0.014583 0.011111
0 0.607161 0.481019 0.011198 0.011111
2 0.702734 0.571065 0.017448 0.012500
0 0.596875 0.425463 0.014583 0.012037
0 0.620182 0.485185 0.011719 0.012037
0 0.638021 0.471991 0.015104 0.013426
2 0.660677 0.564583 0.017708 0.011574
0 0.620052 0.448148 0.015104 0.011111
0 0.599089 0.445370 0.015365 0.012037
0 0.920312 0.561806 0.018229 0.013426
0 0.944271 0.586574 0.015104 0.012037
2 0.682031 0.565046 0.017188 0.013426
0 0.921875 0.598148 0.013542 0.011111
0 0.679297 0.494907 0.014844 0.012037
0 0.868359 0.569907 0.015365 0.012037
2 0.722917 0.575694 0.015625 0.014352
0 0.642969 0.557176 0.011979 0.011574
0 0.745964 0.577546 0.015885 0.015278
0 0.896615 0.603935 0.014583 0.012500
0 0.481510 0.785648 0.011979 0.025926
2 0.626302 0.559491 0.017188 0.011574
0 0.503385 0.213194 0.007292 0.029167
0 0.660677 0.475694 0.012500 0.010648
0 0.485417 0.863657 0.008333 0.028241
2 0.494922 0.337963 0.006510 0.029630
0 0.852214 0.428704 0.016927 0.012037
0 0.664583 0.458796 0.015625 0.013889
0 0.717969 0.502083 0.014063 0.011574
0 0.963932 0.569213 0.017448 0.012500
0 0.839583 0.583333 0.016146 0.013889
0 0.639974 0.453241 0.013802 0.012963
0 0.648047 0.508102 0.012760 0.010648
0 0.604948 0.555787 0.014063 0.010648
0 0.452083 0.733796 0.011979 0.023148
2 0.098047 0.406250 0.017448 0.014352
0 0.680208 0.478472 0.012500 0.010648
0 0.743750 0.509028 0.015625 0.013426
0 0.439063 0.504630 0.015625 0.011111
0 0.752214 0.528704 0.016406 0.011111
2 0.704167 0.485417 0.018229 0.012500
0 0.417187 0.676620 0.014583 0.023611
2 0.463411 0.539120 0.016406 0.009722
0 0.504818 0.126620 0.005990 0.029167
0 0.338281 0.585417 0.014583 0.015278
0 0.773438 0.515278 0.015625 0.012037
0 0.712500 0.471528 0.011458 0.012500
0 0.504167 0.175926 0.006250 0.027778
0 0.585547 0.554861 0.014323 0.010648
0 0.521094 0.269907 0.006771 0.025000
0 0.512240 0.278241 0.006771 0.025000
0 0.462240 0.520139 0.013021 0.010648
0 0.373437 0.619444 0.013021 0.019444
0 0.439063 0.521759 0.015104 0.011111
0 0.438281 0.540046 0.015104 0.010648
0 0.502995 0.256944 0.007552 0.027778
2 0.795052 0.499537 0.017708 0.014815
0 0.848958 0.548380 0.014583 0.011574
0 0.308594 0.572685 0.011458 0.010185
0 0.684115 0.596528 0.011979 0.019907
2 0.274609 0.562963 0.017969 0.010185
0 0.493620 0.262500 0.008073 0.025926
2 0.892708 0.520370 0.017708 0.014815
0 0.829818 0.510185 0.015885 0.011111
2 0.201302 0.056481 0.029167 0.015741
0 0.463411 0.503241 0.015365 0.011111
1 0.393359 0.542130 0.034635 0.015741
0 0.094922 0.561343 0.016406 0.011574
0 0.493229 0.134722 0.006771 0.029630
2 0.512630 0.242130 0.005990 0.030556
0 0.862760 0.516898 0.014583 0.010648
0 0.278125 0.107870 0.009896 0.019444
2 0.363802 0.345833 0.014063 0.023148
0 0.505339 0.031713 0.006510 0.026389
0 0.513932 0.032639 0.005990 0.025463
0 0.940234 0.565509 0.015885 0.013426
0 0.946354 0.544907 0.015625 0.012037
0 0.976562 0.538889 0.017708 0.010185
0 0.216146 0.428472 0.014583 0.014352
0 0.992188 0.614352 0.015625 0.013889
0 0.975781 0.557176 0.016667 0.010648
0 0.928255 0.527083 0.014844 0.012500
0 0.495833 0.075463 0.006250 0.028704
2 0.316276 0.521991 0.016927 0.011574
0 0.158984 0.562269 0.016406 0.011574
0 0.992188 0.952083 0.015625 0.013426
0 0.216146 0.071991 0.018229 0.016204
0 0.254818 0.077546 0.015365 0.010648
0 0.194271 0.564120 0.013542 0.010648
0 0.858724 0.991204 0.015365 0.014815
0 0.642839 0.490509 0.014323 0.012500
0 0.955469 0.168519 0.013021 0.014815
0 0.505339 0.090278 0.005469 0.025926
0 0.494792 0.010185 0.007292 0.019444
0 0.984505 0.573611 0.015365 0.013889
2 0.045964 0.531250 0.016406 0.011574
0 0.129427 0.540278 0.013542 0.008333
0 0.539974 0.364815 0.006510 0.025926
2 0.019010 0.560880 0.017708 0.009722
0 0.056641 0.562269 0.016406 0.011574
0 0.236719 0.564583 0.013542 0.010648
2 0.530990 0.982870 0.008333 0.030556
0 0.522917 0.985185 0.006250 0.023148
0 0.540755 0.225000 0.006510 0.025926
2 0.841276 0.241435 0.019010 0.011574
0 0.672786 0.283565 0.015365 0.013426
2 0.700391 0.297917 0.013281 0.015278
