0 0.391016 0.011111 0.014323 0.014815
0 0.388672 0.025463 0.014323 0.014815
0 0.389714 0.039352 0.014323 0.014815
0 0.392839 0.080093 0.014844 0.012037
0 0.401562 0.186806 0.005208 0.022685
0 0.402995 0.013194 0.005990 0.025463
2 0.412370 0.010185 0.005990 0.019444
2 0.392969 0.093750 0.016667 0.010648
2 0.398177 0.107407 0.013021 0.014815
2 0.398698 0.133333 0.011979 0.034259
0 0.402083 0.251620 0.016146 0.013426
0 0.443750 0.237731 0.016146 0.013426
2 0.139714 0.122454 0.017448 0.018056
0 0.176302 0.168519 0.015104 0.020370
0 0.197396 0.203704 0.015104 0.020370
0 0.202214 0.232870 0.014844 0.017593
0 0.162240 0.233102 0.015625 0.020833
0 0.149870 0.241898 0.013281 0.018981
0 0.113932 0.177083 0.016406 0.019907
0 0.094010 0.196991 0.017708 0.018981
0 0.025260 0.110880 0.015625 0.019907
0 0.044271 0.201157 0.015625 0.019907
0 0.072917 0.227083 0.015625 0.019907
0 0.139714 0.279861 0.016406 0.018056
2 0.178516 0.306713 0.016406 0.018056
0 0.244271 0.361574 0.015104 0.019444
0 0.210807 0.334028 0.016406 0.018056
0 0.268099 0.332639 0.016406 0.018056
0 0.303646 0.421528 0.015104 0.022685
0 0.238021 0.326852 0.014063 0.020370
2 0.288672 0.364815 0.016927 0.019444
0 0.306380 0.288657 0.016406 0.018056
0 0.250911 0.245602 0.016406 0.018056
0 0.262370 0.237731 0.016406 0.018056
0 0.255339 0.213657 0.016406 0.018056
0 0.329167 0.456250 0.013542 0.025463
0 0.355208 0.510648 0.011458 0.023148
2 0.378906 0.569907 0.011979 0.030556
0 0.393229 0.644444 0.008333 0.019444
0 0.405339 0.703935 0.008073 0.028241
0 0.405469 0.779630 0.006250 0.025000
0 0.426563 0.749769 0.010417 0.026389
0 0.426302 0.857176 0.007812 0.018981
0 0.453125 0.806713 0.007812 0.018981
0 0.458203 0.755093 0.011198 0.026852
0 0.467839 0.757407 0.011198 0.026852
0 0.445703 0.795833 0.011198 0.026852
0 0.442578 0.842130 0.011198 0.026852
0 0.448568 0.880556 0.011198 0.026852
0 0.406901 0.915278 0.011198 0.026852
0 0.416276 0.976852 0.011198 0.026852
0 0.393099 0.982870 0.011198 0.026852
0 0.378255 0.907870 0.011198 0.026852
0 0.356380 0.986574 0.011198 0.026852
0 0.392969 0.953472 0.009896 0.024537
0 0.409375 0.939583 0.009896 0.024537
0 0.432812 0.902083 0.009896 0.024537
0 0.429427 0.881250 0.009896 0.024537
0 0.488281 0.757176 0.009896 0.024537
0 0.483073 0.738657 0.009896 0.024537
2 0.465755 0.798148 0.010677 0.028704
2 0.411589 0.956019 0.010677 0.028704
0 0.398307 0.991435 0.009635 0.017130
0 0.496484 0.910185 0.006510 0.028704
0 0.494141 0.951389 0.006510 0.028704
0 0.492839 0.985648 0.006510 0.028704
0 0.520964 0.978704 0.007552 0.025926
0 0.522786 0.946296 0.007031 0.026852
0 0.519792 0.866435 0.009375 0.027315
0 0.545443 0.826389 0.014323 0.022222
0 0.533984 0.849306 0.011198 0.027315
0 0.527604 0.877083 0.007292 0.022685
0 0.576172 0.797917 0.015365 0.018056
0 0.467448 0.718056 0.007812 0.025000
0 0.489063 0.683565 0.009896 0.024537
0 0.502865 0.671528 0.009896 0.024537
0 0.515365 0.663657 0.009896 0.024537
0 0.502865 0.635417 0.009896 0.024537
0 0.517188 0.613194 0.009896 0.024537
0 0.533333 0.590046 0.009896 0.024537
0 0.547786 0.520139 0.010677 0.028241
0 0.523307 0.560648 0.007552 0.026852
0 0.511328 0.539815 0.007552 0.026852
0 0.499349 0.547685 0.007552 0.026852
0 0.493880 0.621528 0.005990 0.018981
0 0.612891 0.807870 0.013802 0.026852
0 0.627865 0.842130 0.011979 0.028704
0 0.635677 0.832407 0.011979 0.028704
0 0.632812 0.784028 0.009375 0.025463
2 0.633464 0.753241 0.015365 0.024074
0 0.563021 0.600694 0.014583 0.017130
0 0.586198 0.619213 0.014583 0.017130
2 0.607943 0.641204 0.016927 0.019444
2 0.650130 0.683333 0.016927 0.019444
2 0.690365 0.722454 0.016667 0.021759
2 0.726693 0.760185 0.017448 0.022222
2 0.755599 0.791435 0.014844 0.018056
0 0.664583 0.706944 0.013542 0.013889
0 0.580859 0.550231 0.013802 0.018981
0 0.595182 0.564583 0.013802 0.018981
0 0.616016 0.587731 0.013802 0.018981
0 0.630729 0.603935 0.014063 0.018056
0 0.666667 0.639120 0.014063 0.018056
0 0.683073 0.656250 0.014063 0.018056
0 0.701042 0.676157 0.014063 0.018056
0 0.720052 0.694213 0.014063 0.018056
0 0.602214 0.489120 0.013802 0.018981
0 0.618099 0.527546 0.013802 0.018981
0 0.633984 0.545602 0.013802 0.018981
0 0.630078 0.561806 0.013802 0.018981
0 0.656510 0.568981 0.014583 0.020370
0 0.694792 0.647685 0.014583 0.020370
0 0.657813 0.607870 0.014583 0.020370
0 0.599479 0.508333 0.014583 0.020370
0 0.648958 0.580556 0.011979 0.017593
0 0.598958 0.547222 0.011979 0.017593
0 0.611719 0.562037 0.011979 0.017593
0 0.665104 0.598148 0.010937 0.014815
0 0.674089 0.589583 0.011719 0.016204
0 0.628776 0.582176 0.013802 0.018981
0 0.625521 0.655556 0.010937 0.014815
0 0.716016 0.670139 0.015885 0.021759
0 0.736198 0.691435 0.015625 0.018981
0 0.747005 0.680556 0.015365 0.016667
0 0.716016 0.650926 0.015365 0.016667
0 0.760807 0.716435 0.014323 0.018981
0 0.778776 0.734028 0.014323 0.018981
0 0.805339 0.741435 0.014323 0.018981
0 0.823568 0.704630 0.019010 0.025926
0 0.828125 0.692361 0.015625 0.021759
0 0.834635 0.675231 0.015625 0.021759
0 0.853255 0.622685 0.013281 0.021296
2 0.848568 0.634259 0.015885 0.021296
2 0.841016 0.654630 0.015885 0.021296
2 0.648828 0.619444 0.017969 0.023148
2 0.698177 0.613889 0.017188 0.026852
2 0.681771 0.617593 0.018229 0.024074
0 0.738802 0.713657 0.011979 0.017130
0 0.756901 0.731481 0.013802 0.017593
2 0.777734 0.710648 0.016927 0.021296
2 0.785807 0.763426 0.014323 0.020370
0 0.802865 0.760185 0.011979 0.014815
0 0.772656 0.746296 0.011979 0.014815
0 0.804427 0.781944 0.011979 0.014815
0 0.821615 0.778935 0.014063 0.019907
0 0.832812 0.772917 0.014063 0.019907
0 0.816927 0.794213 0.014063 0.019907
0 0.814583 0.851157 0.014063 0.019907
0 0.854427 0.874306 0.014063 0.019907
0 0.844792 0.822917 0.014063 0.019907
0 0.852344 0.814120 0.014063 0.019907
0 0.865365 0.842824 0.014063 0.019907
0 0.881510 0.840972 0.014063 0.019907
0 0.884115 0.826620 0.014063 0.019907
0 0.882812 0.863657 0.014063 0.019907
0 0.852604 0.791435 0.014063 0.019907
0 0.913281 0.874769 0.014063 0.019907
0 0.901302 0.883565 0.014063 0.019907
0 0.920052 0.901620 0.014063 0.019907
0 0.943229 0.905787 0.014063 0.019907
0 0.951042 0.935417 0.014063 0.019907
0 0.967187 0.950694 0.014063 0.019907
0 0.984635 0.970139 0.014063 0.019907
0 0.978255 0.942593 0.013281 0.017593
0 0.993359 0.941204 0.013281 0.017593
0 0.967187 0.911111 0.014063 0.019444
0 0.973437 0.864120 0.007812 0.019907
0 0.974609 0.832407 0.009115 0.025926
0 0.918229 0.860417 0.012500 0.016204
0 0.874479 0.915509 0.012500 0.016204
0 0.935156 0.960417 0.014063 0.019907
0 0.934896 0.919907 0.011979 0.018519
0 0.910807 0.675926 0.009115 0.022222
0 0.903776 0.697222 0.009115 0.022222
0 0.975391 0.480093 0.012760 0.012037
0 0.927214 0.517130 0.014844 0.013889
0 0.940495 0.508333 0.014844 0.013889
0 0.933984 0.490046 0.012760 0.016204
0 0.891667 0.501389 0.014583 0.012037
0 0.845964 0.495602 0.015885 0.012500
0 0.829818 0.487500 0.014323 0.015741
0 0.762630 0.450463 0.014844 0.013889
0 0.780078 0.459259 0.015365 0.012037
2 0.797917 0.453241 0.017708 0.013889
2 0.797917 0.466667 0.015625 0.012963
0 0.798828 0.438657 0.012240 0.016204
0 0.780208 0.426157 0.013021 0.015278
0 0.767839 0.413426 0.012240 0.026852
0 0.747786 0.421296 0.015885 0.014815
0 0.720182 0.416667 0.015885 0.014815
0 0.727344 0.462500 0.014583 0.012963
0 0.707422 0.478009 0.008073 0.028241
0 0.706120 0.507639 0.008073 0.028241
0 0.704818 0.546991 0.008073 0.028241
0 0.688542 0.481019 0.005729 0.023148
0 0.687109 0.520139 0.008073 0.028241
0 0.685937 0.447685 0.007812 0.025926
0 0.699870 0.391667 0.012760 0.027778
0 0.680339 0.403935 0.010156 0.026389
0 0.703776 0.417130 0.014323 0.019444
0 0.672266 0.369444 0.010156 0.025926
0 0.690755 0.364352 0.010156 0.025926
0 0.662370 0.339352 0.010156 0.020370
0 0.688932 0.297222 0.013802 0.022222
0 0.667057 0.297454 0.012240 0.023611
0 0.649870 0.312037 0.011719 0.021296
2 0.635677 0.292361 0.015104 0.020833
2 0.608854 0.314583 0.014063 0.040278
2 0.679427 0.326852 0.013542 0.033333
0 0.690755 0.230556 0.013802 0.022222
0 0.661328 0.188657 0.015365 0.018981
0 0.694661 0.180556 0.008073 0.026852
0 0.691536 0.116898 0.006510 0.026389
0 0.732812 0.093519 0.005208 0.025000
0 0.731250 0.133796 0.005208 0.025000
0 0.732292 0.068519 0.005208 0.025000
0 0.927995 0.011806 0.007031 0.022685
2 0.653516 0.209028 0.016406 0.023611
0 0.632161 0.246065 0.013281 0.024537
0 0.576042 0.349074 0.009896 0.025926
0 0.548958 0.469444 0.009896 0.025926
2 0.563542 0.412500 0.008854 0.029630
2 0.498177 0.452315 0.010937 0.027778
1 0.605599 0.248611 0.017448 0.059259
0 0.640755 0.053935 0.010156 0.025463
0 0.640495 0.013194 0.010156 0.025463
0 0.652214 0.008796 0.009115 0.016667
0 0.615234 0.031944 0.006510 0.020370
0 0.607943 0.062037 0.009635 0.025926
0 0.616406 0.066667 0.008333 0.027778
0 0.594010 0.077778 0.007292 0.022222
0 0.594531 0.117824 0.008854 0.027315
0 0.585677 0.151620 0.008854 0.027315
0 0.587500 0.179861 0.008854 0.027315
0 0.574219 0.195602 0.008854 0.027315
0 0.577604 0.221065 0.008854 0.027315
0 0.564844 0.229398 0.008854 0.027315
0 0.554948 0.269444 0.009375 0.028704
0 0.544401 0.267130 0.009635 0.027778
0 0.539193 0.200231 0.015365 0.021759
0 0.572786 0.153472 0.011198 0.019907
0 0.557552 0.294444 0.009375 0.028704
0 0.567448 0.294444 0.009375 0.028704
0 0.544792 0.314352 0.009375 0.028704
0 0.534115 0.354630 0.009375 0.028704
0 0.535547 0.306713 0.008073 0.022685
2 0.528646 0.336111 0.009375 0.028704
0 0.544531 0.358796 0.009375 0.028704
0 0.550781 0.325694 0.008333 0.026389
0 0.505859 0.126852 0.013281 0.012037
0 0.305208 0.932870 0.013542 0.019444
0 0.322786 0.396065 0.011719 0.014352
0 0.436458 0.465509 0.015625 0.018056
2 0.454167 0.496991 0.015625 0.018056
2 0.417187 0.449306 0.015625 0.018056
2 0.440885 0.372917 0.015625 0.018056
0 0.398047 0.340741 0.014844 0.016667
0 0.415234 0.370833 0.015885 0.016667
0 0.472266 0.369213 0.013281 0.020833
0 0.457943 0.478935 0.013802 0.018056
0 0.463151 0.466667 0.014323 0.013889
0 0.443359 0.449537 0.014323 0.013889
0 0.433203 0.480556 0.014323 0.013889
1 0.406380 0.462731 0.033073 0.033796
0 0.459505 0.407639 0.011198 0.016204
0 0.387891 0.316667 0.015365 0.015741
2 0.419141 0.341667 0.014844 0.016667
1 0.601302 0.529167 0.032813 0.041667
2 0.048568 0.265509 0.015885 0.018056
0 0.010677 0.231250 0.016146 0.019907
0 0.011849 0.451852 0.011198 0.024074
2 0.725651 0.447222 0.015365 0.010185
