0 0.266406 0.030324 0.011979 0.027315
0 0.261849 0.056481 0.012760 0.025000
2 0.362891 0.085185 0.012760 0.025000
2 0.320703 0.149074 0.013802 0.032407
0 0.279687 0.099769 0.015625 0.030093
0 0.392318 0.206713 0.013281 0.026389
0 0.351562 0.138657 0.011458 0.027315
0 0.365495 0.031019 0.012760 0.025000
0 0.425911 0.276852 0.012760 0.025000
0 0.409766 0.318981 0.012760 0.025000
0 0.394401 0.258796 0.012760 0.025000
0 0.375651 0.272685 0.012760 0.025000
0 0.340495 0.141898 0.011719 0.022685
2 0.393099 0.308796 0.012760 0.025000
2 0.348047 0.279398 0.010156 0.029167
0 0.402214 0.334722 0.009635 0.020370
0 0.421745 0.150000 0.014323 0.024074
0 0.450391 0.172917 0.015885 0.017130
0 0.481380 0.191898 0.015885 0.017130
0 0.481510 0.175000 0.012500 0.012963
0 0.493880 0.144213 0.009635 0.019907
0 0.487760 0.125463 0.009896 0.024074
0 0.507292 0.025463 0.014583 0.019444
2 0.505469 0.040741 0.014583 0.016667
2 0.505339 0.053241 0.014323 0.011111
2 0.499089 0.076852 0.009115 0.036111
0 0.440495 0.284259 0.012760 0.025000
0 0.428776 0.336574 0.012760 0.025000
0 0.467057 0.272222 0.012760 0.025000
0 0.468620 0.428241 0.012760 0.025000
0 0.460807 0.434722 0.012760 0.025000
0 0.445312 0.403241 0.011979 0.025000
0 0.438411 0.417593 0.012760 0.025000
2 0.432812 0.373843 0.013021 0.028241
2 0.453255 0.449537 0.013281 0.025926
0 0.455078 0.396296 0.009635 0.020370
1 0.418880 0.379630 0.025260 0.051852
0 0.525781 0.216204 0.012500 0.012963
0 0.596745 0.161343 0.013281 0.017130
0 0.360417 0.345139 0.006771 0.031019
0 0.364974 0.428009 0.008594 0.028241
0 0.363672 0.507639 0.008594 0.028241
0 0.355599 0.572454 0.008594 0.028241
0 0.347786 0.630324 0.008594 0.022685
0 0.353385 0.661343 0.014583 0.022685
2 0.321094 0.712037 0.015625 0.024074
0 0.288672 0.732407 0.009115 0.016667
0 0.255208 0.775000 0.015625 0.020370
0 0.215365 0.814815 0.015625 0.020370
0 0.206771 0.713889 0.010937 0.023148
0 0.065104 0.764815 0.010937 0.023148
2 0.058854 0.769676 0.012500 0.026389
2 0.045573 0.778935 0.012500 0.026389
0 0.069531 0.805556 0.011458 0.024074
0 0.060417 0.823148 0.007292 0.022222
0 0.052995 0.834259 0.010156 0.032407
0 0.033984 0.878241 0.012240 0.028704
0 0.048568 0.888426 0.011198 0.034259
0 0.070703 0.883333 0.011719 0.022222
0 0.038151 0.989815 0.015365 0.020370
0 0.073047 0.972222 0.015365 0.020370
0 0.126693 0.955787 0.017969 0.020833
0 0.091406 0.988889 0.015625 0.018519
0 0.145443 0.881019 0.013802 0.018519
0 0.121484 0.979630 0.013802 0.018519
0 0.154297 0.962500 0.018490 0.020370
0 0.156250 0.928241 0.015625 0.021296
0 0.193620 0.947917 0.014323 0.019907
0 0.183464 0.936343 0.011198 0.015278
0 0.213932 0.890046 0.014323 0.019907
0 0.179297 0.923380 0.014323 0.019907
0 0.184766 0.899769 0.016927 0.018056
0 0.221354 0.916667 0.016146 0.020370
0 0.217969 0.866667 0.016146 0.016667
0 0.253125 0.850231 0.017188 0.019907
0 0.277734 0.805093 0.016927 0.022222
0 0.249349 0.834722 0.013802 0.019444
0 0.241276 0.879630 0.013802 0.019444
0 0.277734 0.861111 0.013802 0.019444
0 0.275651 0.827315 0.013802 0.019444
0 0.299870 0.805093 0.013802 0.019444
0 0.312109 0.772685 0.013802 0.019444
0 0.307422 0.812963 0.014844 0.018519
0 0.342318 0.739815 0.013802 0.019444
0 0.331641 0.787500 0.013802 0.019444
0 0.329557 0.764815 0.013802 0.019444
0 0.375130 0.699537 0.013802 0.019444
0 0.368229 0.729398 0.014583 0.021759
0 0.387370 0.722222 0.013802 0.019444
0 0.403776 0.729630 0.013802 0.019444
0 0.403776 0.664815 0.013802 0.019444
0 0.403385 0.685648 0.017708 0.024074
0 0.417839 0.624074 0.007031 0.023148
0 0.278125 0.841898 0.015104 0.018056
2 0.449349 0.643750 0.015885 0.024537
2 0.358203 0.765972 0.015885 0.024537
2 0.255990 0.943981 0.014583 0.021296
0 0.263802 0.925231 0.010937 0.023611
0 0.277344 0.950926 0.014583 0.025000
0 0.293229 0.975000 0.014583 0.025000
0 0.382943 0.851389 0.011198 0.028704
0 0.371484 0.884722 0.011198 0.028704
0 0.361589 0.913426 0.011198 0.028704
0 0.349609 0.948611 0.011198 0.028704
0 0.337370 0.972222 0.011198 0.028704
0 0.367969 0.984491 0.013542 0.024537
0 0.387109 0.931713 0.011719 0.026389
0 0.397005 0.905787 0.011719 0.026389
0 0.420964 0.848843 0.010156 0.022685
0 0.432552 0.828935 0.016146 0.019907
0 0.448828 0.816667 0.016927 0.017593
0 0.435547 0.681019 0.013802 0.019444
0 0.421745 0.680556 0.013802 0.019444
0 0.450911 0.622685 0.013802 0.019444
0 0.482161 0.599074 0.013802 0.019444
0 0.475651 0.546991 0.011719 0.028241
0 0.496094 0.531713 0.009375 0.020833
0 0.504036 0.474537 0.009115 0.027778
0 0.479036 0.571065 0.012760 0.029167
0 0.511849 0.573148 0.013281 0.021296
2 0.514844 0.523843 0.011458 0.031019
0 0.472917 0.352778 0.009896 0.022222
0 0.485547 0.327778 0.011719 0.025000
0 0.503125 0.414583 0.009375 0.027315
0 0.493490 0.454861 0.009375 0.027315
0 0.519531 0.469213 0.009375 0.027315
0 0.596875 0.414352 0.012500 0.022222
0 0.620833 0.405556 0.014583 0.021296
0 0.673177 0.304630 0.013542 0.024074
0 0.664323 0.337963 0.014583 0.021296
0 0.599479 0.356019 0.014583 0.021296
0 0.602344 0.328704 0.014583 0.021296
0 0.625521 0.301852 0.014583 0.021296
0 0.641146 0.279167 0.014583 0.021296
0 0.661979 0.250926 0.014583 0.021296
0 0.675521 0.247222 0.014583 0.021296
0 0.580990 0.355556 0.014583 0.021296
0 0.561198 0.382407 0.014583 0.021296
0 0.569010 0.396759 0.014583 0.021296
0 0.585417 0.377778 0.014583 0.021296
0 0.593490 0.312037 0.014583 0.021296
0 0.575521 0.340741 0.014583 0.021296
2 0.561328 0.363426 0.014323 0.025000
2 0.616276 0.332870 0.014323 0.025000
2 0.701432 0.261574 0.014323 0.025000
0 0.654427 0.276852 0.014583 0.021296
0 0.635417 0.307870 0.014583 0.021296
0 0.613411 0.249769 0.016406 0.014352
0 0.677865 0.226389 0.014583 0.021296
0 0.705469 0.189815 0.014583 0.021296
0 0.705208 0.210185 0.014583 0.021296
0 0.749349 0.189352 0.011719 0.020370
0 0.767057 0.160880 0.012760 0.023611
0 0.838151 0.055787 0.012240 0.018056
0 0.719401 0.166667 0.010677 0.016667
0 0.736458 0.141204 0.010937 0.020370
0 0.739714 0.114815 0.016406 0.026852
0 0.855859 0.048611 0.013281 0.019444
0 0.842187 0.029398 0.013542 0.025463
0 0.823958 0.055787 0.013542 0.025463
0 0.852474 0.033796 0.012760 0.024074
0 0.871615 0.010880 0.010937 0.019907
0 0.875521 0.023843 0.010937 0.019907
2 0.756510 0.115278 0.016146 0.028704
1 0.763802 0.191667 0.031250 0.050000
2 0.636458 0.414583 0.020833 0.031019
2 0.667969 0.416204 0.012500 0.029630
0 0.676562 0.371991 0.009375 0.029167
0 0.718880 0.343981 0.011719 0.026852
0 0.733984 0.405324 0.009635 0.028241
0 0.764062 0.306713 0.008854 0.022685
0 0.750260 0.365509 0.010937 0.019907
2 0.707552 0.355787 0.013021 0.031019
0 0.695443 0.447685 0.009115 0.028704
0 0.675651 0.444907 0.009115 0.028704
0 0.680859 0.514815 0.009115 0.028704
0 0.677995 0.552083 0.008073 0.027315
0 0.673047 0.600463 0.010156 0.029630
0 0.666797 0.628009 0.008594 0.021759
0 0.655729 0.660880 0.009896 0.025463
0 0.663542 0.701157 0.011979 0.026389
0 0.675260 0.665972 0.009896 0.025463
0 0.682813 0.640972 0.009896 0.025463
0 0.704818 0.643519 0.012760 0.019444
0 0.735026 0.623148 0.012760 0.019444
0 0.711198 0.597454 0.013542 0.017130
0 0.698958 0.557870 0.006771 0.026852
0 0.699479 0.523611 0.006771 0.026852
0 0.715625 0.465046 0.015625 0.012500
2 0.698047 0.482870 0.008073 0.033333
0 0.679818 0.480093 0.007031 0.022222
0 0.814844 0.293750 0.008854 0.021759
0 0.806250 0.320139 0.008854 0.021759
0 0.794531 0.352546 0.008854 0.021759
0 0.872266 0.220833 0.013802 0.020370
0 0.965104 0.164583 0.013021 0.021759
0 0.962500 0.174306 0.013021 0.021759
0 0.954297 0.184954 0.012760 0.023611
0 0.993750 0.194444 0.012500 0.025926
0 0.989323 0.278935 0.015104 0.022685
2 0.987109 0.295602 0.021615 0.034722
2 0.983724 0.305787 0.021615 0.034722
0 0.903906 0.185417 0.009896 0.022685
0 0.911719 0.176157 0.009896 0.022685
0 0.916406 0.166667 0.012500 0.025926
0 0.997526 0.411111 0.004948 0.022222
0 0.738542 0.660417 0.015104 0.020833
0 0.754687 0.634028 0.015104 0.018056
0 0.760807 0.652778 0.011198 0.024074
0 0.775391 0.680093 0.011198 0.024074
0 0.753125 0.684028 0.010417 0.018981
0 0.766016 0.688426 0.012240 0.019444
0 0.789844 0.749306 0.010417 0.018981
0 0.801042 0.771528 0.011979 0.018981
0 0.795312 0.734491 0.013542 0.020833
2 0.766146 0.707639 0.010417 0.018981
0 0.867188 0.858102 0.013542 0.020833
0 0.881120 0.837963 0.011719 0.020370
0 0.919792 0.863889 0.014063 0.016667
0 0.482943 0.816667 0.016927 0.012963
0 0.549740 0.794676 0.015104 0.014352
0 0.514062 0.855556 0.009896 0.027778
0 0.537630 0.850694 0.008073 0.024537
0 0.518490 0.898380 0.007292 0.028241
0 0.528125 0.894676 0.008854 0.026389
2 0.547005 0.824074 0.018490 0.016667
0 0.543359 0.680556 0.011719 0.025926
0 0.571484 0.756481 0.011719 0.025926
2 0.591146 0.808796 0.012500 0.028704
0 0.614193 0.871991 0.008073 0.019907
0 0.674089 0.978935 0.011719 0.020833
2 0.632031 0.928009 0.011979 0.028241
2 0.648177 0.971528 0.011979 0.028241
2 0.657943 0.993750 0.006510 0.012500
2 0.702214 0.610880 0.016927 0.021759
0 0.774219 0.888194 0.011458 0.026389
2 0.768880 0.896759 0.013802 0.029630
2 0.756380 0.907870 0.013802 0.029630
0 0.742969 0.920139 0.011458 0.026389
0 0.734375 0.931944 0.011979 0.031481
0 0.727995 0.934722 0.016406 0.034259
0 0.811979 0.984028 0.014063 0.016204
0 0.799349 0.994907 0.010677 0.010185
0 0.553906 0.600926 0.011458 0.023148
0 0.560677 0.625463 0.011458 0.023148
0 0.573698 0.664352 0.011458 0.023148
0 0.583594 0.688889 0.011458 0.023148
0 0.580208 0.579630 0.011458 0.023148
0 0.587240 0.563889 0.011458 0.023148
0 0.591927 0.609722 0.011458 0.023148
0 0.600391 0.644907 0.011719 0.025926
0 0.594141 0.651852 0.011719 0.025926
0 0.613672 0.679630 0.011719 0.025926
0 0.605859 0.717593 0.011719 0.025926
0 0.619401 0.754630 0.011719 0.025926
0 0.627734 0.779630 0.011719 0.025926
0 0.624870 0.711806 0.012240 0.019907
0 0.605208 0.685185 0.009375 0.019444
0 0.615885 0.713426 0.009375 0.019444
0 0.576823 0.635185 0.009375 0.019444
0 0.569792 0.612963 0.009375 0.019444
0 0.588542 0.667593 0.011458 0.023148
1 0.578516 0.597917 0.021615 0.054167
2 0.595443 0.720370 0.013281 0.029630
0 0.605469 0.750231 0.011458 0.025463
0 0.616927 0.780324 0.011458 0.025463
0 0.626302 0.810417 0.011458 0.025463
0 0.640625 0.818750 0.011458 0.025463
0 0.638021 0.782870 0.010417 0.022222
0 0.648177 0.781481 0.008333 0.025000
2 0.625911 0.744676 0.014323 0.030093
2 0.639453 0.746296 0.012240 0.028704
2 0.656901 0.821759 0.012240 0.028704
0 0.639323 0.846065 0.011458 0.025463
0 0.654948 0.856250 0.011458 0.025463
0 0.667969 0.896528 0.011458 0.025463
0 0.680729 0.927546 0.011458 0.025463
0 0.685937 0.911806 0.011458 0.025463
0 0.661458 0.907639 0.011458 0.025463
0 0.697656 0.942361 0.011458 0.025463
0 0.701172 0.988194 0.010156 0.023611
0 0.689583 0.988657 0.008854 0.022685
0 0.690625 0.961574 0.010937 0.022222
0 0.670964 0.931944 0.009115 0.020370
2 0.678776 0.959722 0.012240 0.027778
0 0.649870 0.876620 0.010156 0.020833
0 0.668359 0.860185 0.011198 0.024074
0 0.322526 0.203704 0.012240 0.025926
0 0.100521 0.995370 0.012500 0.009259
0 0.143750 0.991435 0.015625 0.017130
0 0.213542 0.906019 0.016146 0.020370
0 0.319401 0.819907 0.013802 0.019444
0 0.303776 0.992361 0.013281 0.015278
0 0.332552 0.992361 0.013021 0.015278
0 0.546484 0.518981 0.013281 0.021296
2 0.326693 0.008102 0.010156 0.015278
0 0.375391 0.247917 0.010677 0.023611
0 0.416406 0.202083 0.013021 0.027315
0 0.493099 0.371759 0.010677 0.030556
0 0.510807 0.390278 0.010677 0.030556
0 0.838151 0.077083 0.014844 0.024537
0 0.821745 0.080324 0.014844 0.024537
0 0.801953 0.109954 0.014844 0.024537
0 0.783724 0.134954 0.014844 0.024537
0 0.724349 0.223611 0.011719 0.020370
0 0.608854 0.360880 0.011979 0.024537
0 0.202604 0.986343 0.014583 0.019907
0 0.212760 0.983102 0.014583 0.019907
0 0.067839 0.038657 0.014323 0.018981
0 0.697005 0.583102 0.011719 0.023611
2 0.707422 0.627546 0.014844 0.018056
