0 0.265755 0.004398 0.010677 0.007870
2 0.358594 0.181944 0.014063 0.028704
0 0.296745 0.079398 0.011198 0.025463
0 0.397786 0.205787 0.013281 0.026389
0 0.316927 0.089120 0.011979 0.026389
0 0.418620 0.229630 0.012760 0.025000
0 0.424609 0.303704 0.012760 0.025000
0 0.422526 0.325926 0.012760 0.025000
0 0.387891 0.269907 0.012760 0.025000
0 0.314063 0.124306 0.013021 0.027315
2 0.399349 0.294907 0.012760 0.025000
2 0.364714 0.323380 0.010156 0.029167
0 0.407161 0.322222 0.009635 0.020370
0 0.383724 0.084259 0.014323 0.024074
0 0.412891 0.096759 0.014844 0.027778
0 0.448698 0.155556 0.015104 0.017593
0 0.464062 0.149537 0.012500 0.012963
0 0.498568 0.151620 0.011719 0.017130
0 0.499870 0.124769 0.013281 0.026389
0 0.524219 0.025000 0.014583 0.019444
2 0.521354 0.037500 0.014583 0.016667
2 0.519401 0.053009 0.015885 0.015278
2 0.513672 0.076389 0.009115 0.036111
0 0.434505 0.271296 0.012760 0.025000
0 0.445703 0.352315 0.012760 0.025000
0 0.448307 0.201852 0.012760 0.025000
0 0.471745 0.425000 0.012760 0.025000
0 0.463151 0.428704 0.012760 0.025000
0 0.449219 0.396759 0.011979 0.025000
0 0.441016 0.406019 0.012760 0.025000
2 0.436719 0.366435 0.013021 0.028241
2 0.456120 0.441667 0.013281 0.025926
0 0.458464 0.390741 0.009635 0.020370
1 0.423828 0.367130 0.023177 0.055556
0 0.479818 0.180556 0.015885 0.017593
0 0.607943 0.169676 0.013281 0.017130
0 0.367448 0.394213 0.006771 0.031019
0 0.364193 0.474306 0.008594 0.028241
0 0.355859 0.545602 0.008594 0.028241
0 0.343099 0.607639 0.008594 0.028241
0 0.327604 0.643750 0.011458 0.022685
0 0.316146 0.674769 0.014583 0.022685
2 0.267188 0.744907 0.015625 0.024074
0 0.198568 0.793056 0.014323 0.023148
0 0.263021 0.780787 0.013542 0.016204
0 0.160156 0.816204 0.015625 0.020370
0 0.197917 0.675000 0.010937 0.023148
0 0.054167 0.713889 0.010937 0.023148
2 0.047917 0.715509 0.012500 0.026389
2 0.033854 0.722454 0.012500 0.026389
0 0.057552 0.752778 0.011458 0.024074
0 0.047396 0.767593 0.007292 0.022222
0 0.039193 0.780556 0.010156 0.033333
0 0.007812 0.751157 0.010417 0.026389
0 0.033984 0.831944 0.010677 0.028704
0 0.057552 0.828704 0.014583 0.017593
2 0.038802 0.985880 0.016667 0.018981
0 0.074089 0.958333 0.015365 0.020370
0 0.098047 0.917824 0.017969 0.020833
0 0.084896 0.985648 0.015625 0.018519
0 0.136328 0.887963 0.013802 0.018519
0 0.108203 0.962963 0.013802 0.018519
0 0.133724 0.909722 0.018490 0.020370
0 0.153125 0.926852 0.015625 0.021296
0 0.169401 0.893750 0.014323 0.019907
0 0.194401 0.875231 0.011198 0.015278
0 0.225651 0.830787 0.014323 0.019907
0 0.186328 0.864583 0.014323 0.019907
0 0.191536 0.842361 0.016927 0.018056
0 0.216146 0.881481 0.016146 0.020370
0 0.232813 0.808102 0.013021 0.017130
0 0.246354 0.850231 0.017188 0.019907
0 0.261849 0.803241 0.016927 0.022222
0 0.254297 0.824537 0.013802 0.019444
0 0.247917 0.896528 0.008854 0.020833
0 0.287891 0.756944 0.013802 0.019444
0 0.286849 0.779630 0.013802 0.019444
0 0.319922 0.733333 0.013802 0.019444
0 0.325391 0.761574 0.013802 0.019444
0 0.316536 0.752315 0.014844 0.018519
0 0.358724 0.728241 0.013802 0.019444
0 0.355859 0.714352 0.013802 0.019444
0 0.356380 0.696296 0.013802 0.019444
0 0.401693 0.644907 0.013802 0.019444
0 0.366927 0.741435 0.014583 0.021759
0 0.401432 0.667593 0.013802 0.019444
0 0.419661 0.666667 0.013802 0.019444
0 0.442839 0.620370 0.013802 0.019444
0 0.399089 0.594444 0.012760 0.012963
0 0.290495 0.791667 0.015885 0.017593
2 0.477214 0.593750 0.015885 0.024537
2 0.382682 0.706250 0.015885 0.024537
2 0.264323 0.955093 0.014583 0.021296
0 0.261589 0.925694 0.014844 0.023611
0 0.277344 0.950926 0.014583 0.025000
0 0.283854 0.972222 0.014583 0.025000
0 0.369141 0.834028 0.012240 0.025463
0 0.356510 0.867361 0.012500 0.027315
0 0.344531 0.895139 0.011458 0.025463
0 0.330859 0.927083 0.014323 0.023611
0 0.319661 0.949769 0.012760 0.022685
0 0.335938 0.987500 0.014063 0.023148
0 0.348568 0.967824 0.011719 0.026389
0 0.381641 0.890509 0.011719 0.026389
0 0.406380 0.835880 0.012240 0.016204
0 0.421354 0.818287 0.016146 0.019907
0 0.436068 0.809259 0.016927 0.017593
0 0.464714 0.633333 0.013802 0.019444
0 0.452474 0.625926 0.013802 0.019444
0 0.479167 0.562269 0.012500 0.023611
0 0.521224 0.529398 0.011198 0.023611
0 0.491927 0.466204 0.009896 0.027778
0 0.505469 0.468519 0.007812 0.022222
0 0.505859 0.416667 0.009115 0.027778
0 0.496224 0.506250 0.012240 0.026389
0 0.543880 0.516204 0.013281 0.021296
2 0.522005 0.455787 0.009635 0.028241
0 0.449219 0.274537 0.009896 0.022222
0 0.455078 0.245370 0.011719 0.025000
0 0.492318 0.359028 0.010677 0.024537
0 0.489453 0.388426 0.008594 0.028704
0 0.514062 0.388194 0.009375 0.027315
0 0.643750 0.357407 0.012500 0.022222
0 0.649479 0.380093 0.014583 0.021296
0 0.699479 0.292130 0.013542 0.024074
0 0.697917 0.316667 0.014583 0.021296
0 0.611458 0.372685 0.013021 0.023148
0 0.608594 0.338889 0.014583 0.021296
0 0.627604 0.312500 0.014583 0.021296
0 0.647656 0.294444 0.014583 0.021296
0 0.670052 0.269444 0.014583 0.021296
0 0.682552 0.268981 0.014583 0.021296
0 0.586979 0.368056 0.014583 0.021296
0 0.565885 0.390278 0.014583 0.021296
0 0.572135 0.405556 0.014583 0.021296
0 0.603255 0.365046 0.013281 0.018981
0 0.601042 0.327315 0.014583 0.021296
0 0.582031 0.350926 0.012500 0.019444
2 0.568359 0.368519 0.014323 0.025000
2 0.621745 0.344907 0.014323 0.025000
2 0.723568 0.262037 0.014323 0.025000
0 0.661198 0.295370 0.014583 0.021296
0 0.640885 0.319444 0.014583 0.021296
0 0.511328 0.203704 0.012240 0.015741
0 0.686719 0.245370 0.014583 0.021296
0 0.705729 0.240741 0.014583 0.021296
0 0.713802 0.212037 0.014583 0.021296
0 0.759245 0.217593 0.011719 0.020370
0 0.777995 0.191898 0.012760 0.023611
0 0.859766 0.065046 0.012240 0.018056
0 0.729036 0.191204 0.010677 0.016667
0 0.747917 0.166667 0.010937 0.020370
0 0.703255 0.207407 0.016406 0.026852
0 0.871224 0.089352 0.013281 0.019444
0 0.878906 0.039120 0.013542 0.025463
0 0.838802 0.087269 0.013542 0.025463
0 0.870443 0.074074 0.012760 0.024074
0 0.885938 0.049306 0.010937 0.019907
0 0.890755 0.065046 0.014844 0.023611
2 0.764844 0.145370 0.016146 0.028704
1 0.793229 0.195370 0.031250 0.050000
2 0.639583 0.427083 0.020833 0.031019
2 0.668750 0.431944 0.012500 0.029630
0 0.680729 0.390509 0.009375 0.029167
0 0.723307 0.366667 0.011719 0.026852
0 0.736068 0.432639 0.009635 0.028241
0 0.768880 0.335185 0.011198 0.025926
0 0.754167 0.394444 0.014583 0.024074
2 0.708854 0.379861 0.013021 0.031019
0 0.695443 0.468981 0.009115 0.028704
0 0.676693 0.462963 0.009115 0.028704
0 0.679557 0.532407 0.009115 0.028704
0 0.677214 0.570602 0.008073 0.027315
0 0.667318 0.615741 0.010156 0.029630
0 0.660026 0.644213 0.008594 0.021759
0 0.648698 0.678009 0.009896 0.025463
0 0.654427 0.715509 0.011979 0.026389
0 0.667448 0.684954 0.009896 0.025463
0 0.677604 0.660880 0.009896 0.025463
0 0.698828 0.665741 0.012760 0.019444
0 0.728516 0.648148 0.013281 0.020370
0 0.706901 0.618750 0.014844 0.018981
0 0.696615 0.580556 0.006771 0.026852
0 0.697656 0.545833 0.006771 0.026852
0 0.714323 0.488194 0.015625 0.012500
2 0.696745 0.503241 0.008073 0.033333
0 0.679557 0.497222 0.007031 0.022222
0 0.821094 0.330324 0.008854 0.021759
0 0.811979 0.355787 0.009896 0.024537
0 0.798958 0.387731 0.008854 0.021759
0 0.880990 0.266204 0.012500 0.018519
0 0.977604 0.214583 0.013021 0.021759
0 0.971094 0.227546 0.013021 0.021759
0 0.964714 0.238194 0.012760 0.023611
0 0.994531 0.332407 0.010937 0.020370
2 0.992839 0.353472 0.014323 0.031944
2 0.988411 0.360880 0.021615 0.034722
0 0.914844 0.231713 0.009896 0.022685
0 0.921615 0.226157 0.008854 0.018056
0 0.927344 0.211806 0.011458 0.027315
0 0.730339 0.687500 0.013802 0.023148
0 0.747917 0.657176 0.015104 0.018056
0 0.754557 0.678704 0.011198 0.024074
0 0.766276 0.709028 0.009635 0.024537
0 0.741406 0.684954 0.010417 0.018981
0 0.744661 0.711111 0.012240 0.019444
0 0.777865 0.779398 0.010417 0.018981
0 0.790104 0.805324 0.011979 0.018981
0 0.766667 0.732176 0.013542 0.020833
2 0.757812 0.734954 0.010417 0.018981
0 0.852865 0.895602 0.013542 0.020833
0 0.867318 0.879167 0.011719 0.020370
0 0.905208 0.909259 0.014063 0.016667
0 0.470703 0.812963 0.016927 0.012963
0 0.552865 0.803472 0.015104 0.014352
0 0.499740 0.852778 0.009896 0.027778
0 0.523307 0.852546 0.008073 0.024537
0 0.502865 0.896991 0.007292 0.028241
0 0.513021 0.894213 0.008854 0.026389
2 0.533984 0.826389 0.016927 0.015741
0 0.546224 0.715741 0.011719 0.025926
0 0.575130 0.802778 0.011719 0.025926
2 0.590365 0.855093 0.012500 0.028704
0 0.606120 0.906250 0.008073 0.019907
2 0.620573 0.954398 0.011979 0.028241
2 0.630990 0.985880 0.011979 0.028241
2 0.684115 0.612500 0.013542 0.025000
0 0.758464 0.917824 0.009115 0.024537
2 0.752083 0.923843 0.011458 0.029167
2 0.739974 0.933565 0.010156 0.028241
0 0.726823 0.942824 0.011458 0.026389
0 0.719010 0.954630 0.011979 0.031481
0 0.710286 0.960185 0.016406 0.034259
0 0.548177 0.603241 0.011458 0.023148
0 0.554167 0.630093 0.011458 0.023148
0 0.567708 0.668981 0.011458 0.023148
0 0.576562 0.695370 0.011458 0.023148
0 0.577344 0.587963 0.011458 0.023148
0 0.583073 0.571296 0.011458 0.023148
0 0.587240 0.619907 0.011458 0.023148
0 0.595443 0.651389 0.011719 0.025926
0 0.586849 0.659722 0.011719 0.025926
0 0.607161 0.691204 0.011719 0.025926
0 0.596224 0.726852 0.011719 0.025926
0 0.607943 0.765741 0.011719 0.025926
0 0.616276 0.791204 0.011719 0.025926
0 0.617578 0.722917 0.012240 0.019907
0 0.598437 0.693981 0.009375 0.019444
0 0.605990 0.722222 0.009375 0.019444
0 0.571094 0.640741 0.009375 0.019444
0 0.564063 0.617130 0.009375 0.019444
0 0.580990 0.675000 0.011458 0.023148
1 0.570443 0.605324 0.021094 0.057870
2 0.585286 0.727778 0.013281 0.029630
0 0.595833 0.758565 0.011458 0.025463
0 0.603906 0.792824 0.011458 0.025463
0 0.614062 0.821528 0.011458 0.025463
0 0.629167 0.831713 0.011458 0.025463
0 0.627214 0.796065 0.009115 0.025463
0 0.634635 0.788889 0.008333 0.025000
2 0.615495 0.756713 0.014323 0.030093
2 0.629036 0.759722 0.012240 0.028704
2 0.645182 0.835648 0.012240 0.028704
0 0.625521 0.857176 0.011458 0.025463
0 0.639844 0.870602 0.011458 0.025463
0 0.653385 0.911806 0.011458 0.025463
0 0.664062 0.943287 0.011458 0.025463
0 0.665625 0.914120 0.011458 0.025463
0 0.645833 0.920602 0.011458 0.025463
0 0.676823 0.947454 0.011458 0.025463
0 0.672656 0.975926 0.010937 0.022222
0 0.655859 0.948611 0.009115 0.020370
2 0.661589 0.974537 0.012240 0.027778
0 0.635807 0.888657 0.010156 0.020833
0 0.651693 0.868519 0.011198 0.024074
0 0.350911 0.246759 0.010677 0.025926
0 0.065234 0.980787 0.017448 0.015278
0 0.227083 0.848148 0.016146 0.020370
0 0.306641 0.798148 0.013802 0.019444
0 0.298047 0.989583 0.013802 0.020833
0 0.312760 0.974306 0.011979 0.021759
0 0.582682 0.462037 0.013281 0.021296
0 0.402995 0.276620 0.010677 0.023611
0 0.412240 0.185417 0.013021 0.027315
0 0.474740 0.309259 0.012500 0.025926
0 0.489323 0.315741 0.011979 0.025000
0 0.850911 0.116898 0.014844 0.024537
0 0.833724 0.115046 0.014844 0.024537
0 0.813672 0.145139 0.014844 0.024537
0 0.795182 0.166898 0.014844 0.024537
0 0.741276 0.236574 0.011719 0.020370
0 0.852995 0.092824 0.012240 0.018056
0 0.588542 0.384259 0.014583 0.021296
0 0.957031 0.994676 0.013542 0.010648
0 0.432422 0.607870 0.013802 0.019444
0 0.163932 0.864583 0.017969 0.020833
2 0.116406 0.939815 0.017188 0.016667
2 0.106771 0.929167 0.017188 0.016667
0 0.059635 0.951620 0.013021 0.018056
0 0.027214 0.980093 0.016406 0.020370
0 0.077604 0.884259 0.014583 0.017593
0 0.038281 0.936111 0.014583 0.017593
0 0.014323 0.957407 0.014583 0.017593
0 0.234375 0.751852 0.013021 0.017593
0 0.385937 0.206250 0.010937 0.022685
0 0.583854 0.243981 0.016146 0.019444
0 0.184766 0.947917 0.010677 0.019907
0 0.194401 0.948843 0.010677 0.019907
0 0.370312 0.915509 0.013021 0.025463
0 0.693099 0.604167 0.010677 0.024074
2 0.701693 0.649769 0.014323 0.018981
