2 0.390885 0.212963 0.014063 0.028704
0 0.299479 0.024306 0.011979 0.030093
0 0.358984 0.139583 0.013281 0.026389
0 0.330469 0.108102 0.011979 0.026389
0 0.430208 0.261111 0.014063 0.027778
0 0.430078 0.321296 0.012760 0.025000
0 0.441276 0.318519 0.012760 0.025000
0 0.418620 0.256944 0.010156 0.025000
0 0.342708 0.159491 0.013021 0.027315
2 0.406120 0.283796 0.011198 0.026852
2 0.371615 0.370833 0.008333 0.026852
0 0.414974 0.312037 0.009635 0.020370
0 0.387370 0.064815 0.014323 0.024074
0 0.399609 0.010648 0.012240 0.020370
0 0.449089 0.133333 0.013281 0.023148
0 0.460026 0.129630 0.011198 0.017593
0 0.491276 0.151620 0.011719 0.017130
0 0.513151 0.125694 0.013281 0.026389
0 0.540625 0.026852 0.014583 0.019444
2 0.536979 0.039352 0.014583 0.016667
2 0.536068 0.054861 0.015885 0.015278
2 0.529557 0.077315 0.009115 0.036111
0 0.443359 0.264352 0.012760 0.025000
0 0.451172 0.350926 0.012760 0.025000
0 0.434245 0.124537 0.011719 0.026852
0 0.474089 0.419444 0.012760 0.025000
0 0.465495 0.424537 0.012760 0.025000
0 0.452083 0.390278 0.011979 0.025000
0 0.444922 0.398611 0.012760 0.025000
2 0.441667 0.356713 0.013021 0.028241
2 0.457422 0.435185 0.013281 0.025926
0 0.462370 0.384259 0.009635 0.020370
1 0.429036 0.359259 0.023177 0.055556
0 0.479036 0.169444 0.015885 0.017593
0 0.618359 0.181713 0.013281 0.017130
0 0.366927 0.441204 0.007292 0.027778
0 0.357682 0.508102 0.008594 0.028241
0 0.344271 0.576157 0.010937 0.028241
0 0.324349 0.621296 0.012760 0.026852
0 0.299349 0.656250 0.013802 0.019907
0 0.270443 0.686806 0.014844 0.018056
2 0.209635 0.753009 0.018750 0.017130
0 0.141797 0.795370 0.014323 0.023148
0 0.274740 0.771991 0.013542 0.016204
0 0.105729 0.806019 0.015625 0.020370
0 0.192318 0.640278 0.008073 0.024074
0 0.048698 0.658333 0.010937 0.023148
2 0.041667 0.661806 0.012500 0.026389
2 0.026302 0.665972 0.012500 0.026389
0 0.049479 0.701157 0.013021 0.023611
0 0.039062 0.714815 0.007292 0.022222
0 0.031120 0.724074 0.010156 0.033333
0 0.022917 0.774769 0.010417 0.026389
0 0.046094 0.775000 0.014583 0.017593
2 0.038542 0.953935 0.016667 0.018981
0 0.083203 0.902778 0.015365 0.020370
0 0.111328 0.849306 0.017969 0.020833
0 0.089063 0.916204 0.015625 0.018519
0 0.145443 0.826852 0.013802 0.018519
0 0.119141 0.894907 0.013802 0.018519
0 0.144922 0.846759 0.016406 0.016667
0 0.178255 0.856944 0.015885 0.018519
0 0.186328 0.832176 0.017448 0.019907
0 0.212370 0.814815 0.011719 0.015741
0 0.239193 0.779861 0.014323 0.019907
0 0.201953 0.805324 0.015885 0.018981
0 0.210807 0.781019 0.014844 0.018519
0 0.234635 0.866435 0.009896 0.024537
0 0.247135 0.756713 0.013021 0.017130
0 0.253906 0.818287 0.017188 0.019907
0 0.274609 0.788426 0.016927 0.022222
0 0.271484 0.739352 0.013802 0.019444
0 0.245703 0.893750 0.013281 0.026389
0 0.295443 0.720833 0.013802 0.019444
0 0.311589 0.725463 0.013802 0.019444
0 0.349609 0.710648 0.013802 0.019444
0 0.387109 0.677315 0.013802 0.019444
0 0.336068 0.688426 0.014844 0.018519
0 0.355599 0.725926 0.013802 0.019444
0 0.355859 0.714352 0.013802 0.019444
0 0.383724 0.643519 0.013802 0.019444
0 0.394401 0.653241 0.013802 0.019444
0 0.346354 0.696065 0.014583 0.021759
2 0.414453 0.653472 0.016406 0.023611
0 0.419661 0.666667 0.013802 0.019444
0 0.455078 0.613426 0.013802 0.019444
0 0.374609 0.591435 0.011198 0.017130
0 0.278516 0.749537 0.015885 0.017593
2 0.502734 0.533565 0.012240 0.030093
2 0.263281 0.967824 0.011458 0.026389
0 0.258984 0.918287 0.012760 0.026389
0 0.267839 0.943981 0.012760 0.025926
0 0.280729 0.966204 0.009896 0.025000
0 0.355078 0.818287 0.012240 0.025463
0 0.342187 0.849306 0.012500 0.027315
0 0.355469 0.898380 0.011458 0.025463
0 0.330599 0.873843 0.014323 0.023611
0 0.316016 0.905324 0.012760 0.022685
0 0.317969 0.965741 0.014063 0.023148
0 0.332552 0.947454 0.013542 0.020833
0 0.367318 0.872917 0.011719 0.026389
0 0.393750 0.822685 0.010937 0.016667
0 0.408594 0.805787 0.016146 0.019907
0 0.424219 0.800231 0.013542 0.012500
0 0.495964 0.582870 0.013802 0.019444
0 0.482552 0.575463 0.012500 0.021296
0 0.479167 0.562269 0.012500 0.023611
0 0.498568 0.501620 0.011198 0.023611
0 0.497266 0.400000 0.005469 0.030556
0 0.508854 0.412963 0.006771 0.021296
0 0.497526 0.359722 0.009115 0.027778
0 0.505729 0.452546 0.008854 0.027315
0 0.569661 0.458796 0.013281 0.021296
2 0.519401 0.381250 0.009635 0.028241
0 0.424219 0.172685 0.009896 0.022222
0 0.421745 0.131019 0.011719 0.025000
0 0.470182 0.276620 0.010677 0.024537
0 0.497005 0.315509 0.011719 0.027315
0 0.466146 0.226389 0.011979 0.025926
0 0.680208 0.364815 0.012500 0.022222
0 0.623177 0.412963 0.014583 0.021296
0 0.690625 0.290741 0.013542 0.024074
0 0.690625 0.315278 0.014583 0.021296
0 0.616146 0.386574 0.013021 0.023148
0 0.614062 0.350926 0.014583 0.021296
0 0.634635 0.326389 0.014583 0.021296
0 0.653906 0.307870 0.014583 0.021296
0 0.667708 0.273843 0.016667 0.022685
0 0.676042 0.286111 0.014583 0.021296
0 0.590365 0.376852 0.014583 0.021296
0 0.568750 0.397685 0.014583 0.021296
0 0.574479 0.414352 0.014583 0.021296
0 0.608203 0.375694 0.013281 0.018981
0 0.606771 0.336574 0.014583 0.021296
0 0.583854 0.364352 0.012500 0.019444
2 0.571745 0.378241 0.014323 0.025000
2 0.625651 0.355556 0.014323 0.025000
2 0.736589 0.280093 0.014323 0.025000
0 0.668229 0.311574 0.014583 0.021296
0 0.646094 0.335648 0.014583 0.021296
0 0.505078 0.191667 0.012240 0.015741
0 0.695312 0.266667 0.014583 0.021296
0 0.711198 0.268981 0.014583 0.021296
0 0.723958 0.236574 0.014583 0.021296
0 0.787891 0.222917 0.015365 0.021759
0 0.874349 0.107639 0.012240 0.018056
0 0.739714 0.217130 0.010677 0.016667
0 0.759635 0.195833 0.010937 0.020370
0 0.885026 0.131944 0.013281 0.019444
0 0.894661 0.081250 0.014323 0.021759
0 0.853255 0.129861 0.015365 0.020833
0 0.883594 0.115509 0.015625 0.020833
0 0.902344 0.092824 0.010937 0.019907
0 0.904036 0.111343 0.014844 0.023611
2 0.776172 0.175694 0.015365 0.026389
1 0.823047 0.206250 0.034115 0.040278
2 0.642708 0.443287 0.020833 0.031019
2 0.671875 0.452315 0.012500 0.029630
0 0.683594 0.408565 0.009375 0.029167
0 0.726693 0.390741 0.011719 0.026852
0 0.737109 0.459028 0.009635 0.028241
0 0.773047 0.366204 0.011198 0.025926
0 0.757031 0.421296 0.014583 0.024074
2 0.714063 0.403009 0.013021 0.031019
0 0.697786 0.486111 0.009115 0.028704
0 0.676172 0.482870 0.009115 0.028704
0 0.677734 0.554167 0.009115 0.028704
0 0.672005 0.588657 0.008073 0.027315
0 0.662109 0.635185 0.010156 0.029630
0 0.653516 0.659954 0.008073 0.020833
0 0.639583 0.692361 0.009896 0.025463
0 0.645833 0.732176 0.011979 0.026389
0 0.660937 0.701620 0.009896 0.025463
0 0.671094 0.678472 0.009896 0.025463
0 0.692318 0.686111 0.012760 0.019444
0 0.722005 0.669907 0.013281 0.020370
0 0.700391 0.640509 0.014844 0.018981
0 0.691406 0.600926 0.006771 0.026852
0 0.693880 0.566898 0.008073 0.026389
0 0.713802 0.510880 0.015625 0.012500
2 0.696745 0.527315 0.008073 0.033333
0 0.678776 0.518981 0.007031 0.022222
0 0.825000 0.367361 0.008854 0.021759
0 0.815104 0.390972 0.009896 0.024537
0 0.801042 0.415509 0.008854 0.021759
0 0.888411 0.308333 0.013802 0.020370
0 0.985156 0.271528 0.013021 0.021759
0 0.978646 0.283102 0.013021 0.021759
0 0.973568 0.291898 0.012760 0.023611
0 0.996354 0.387500 0.007292 0.020370
2 0.994531 0.403704 0.010937 0.024074
2 0.990365 0.417824 0.019271 0.041204
0 0.921875 0.280787 0.009896 0.022685
0 0.929167 0.272454 0.009896 0.022685
0 0.934375 0.263657 0.011458 0.027315
0 0.721875 0.693519 0.011979 0.017593
0 0.741667 0.688194 0.015104 0.018056
0 0.738932 0.725463 0.011198 0.024074
0 0.747266 0.707870 0.011198 0.024074
0 0.725260 0.711806 0.010417 0.018981
0 0.736589 0.738889 0.012240 0.019444
0 0.767188 0.810880 0.010417 0.018981
0 0.777344 0.834954 0.011458 0.024537
0 0.757943 0.737500 0.009115 0.022222
2 0.747396 0.762731 0.010417 0.018981
0 0.836198 0.933102 0.013542 0.020833
0 0.851172 0.918519 0.011719 0.020370
0 0.888281 0.953241 0.014063 0.016667
0 0.458203 0.808102 0.015365 0.015278
0 0.554427 0.814583 0.015104 0.014352
0 0.487760 0.851852 0.009896 0.027778
0 0.510807 0.853472 0.008073 0.024537
0 0.487240 0.896528 0.007292 0.028241
0 0.498177 0.891898 0.008854 0.026389
2 0.519922 0.828704 0.016927 0.015741
0 0.547396 0.756481 0.008854 0.028704
0 0.573307 0.846759 0.011719 0.025926
2 0.585938 0.891667 0.012500 0.028704
0 0.593880 0.931250 0.008073 0.019907
2 0.603646 0.964583 0.011979 0.028241
2 0.610156 0.993287 0.009896 0.013426
2 0.678776 0.603241 0.008073 0.028704
0 0.742057 0.945139 0.009115 0.024537
2 0.735417 0.949537 0.010417 0.027778
2 0.722266 0.959028 0.010156 0.028241
0 0.709635 0.968519 0.010417 0.026852
0 0.699609 0.976157 0.010156 0.030093
0 0.691536 0.980787 0.012240 0.035648
0 0.544792 0.609722 0.011458 0.023148
0 0.551042 0.634259 0.011458 0.023148
0 0.560417 0.673148 0.011458 0.023148
0 0.567187 0.702315 0.011458 0.023148
0 0.571745 0.593981 0.008594 0.026852
0 0.579818 0.579861 0.008594 0.025463
0 0.579688 0.626157 0.007292 0.024537
0 0.588151 0.661111 0.008594 0.025000
0 0.579688 0.666667 0.009896 0.025926
0 0.600651 0.699074 0.011719 0.025926
0 0.587109 0.735185 0.011719 0.025926
0 0.597786 0.774537 0.011719 0.025926
0 0.604167 0.803472 0.009896 0.031019
0 0.607812 0.734259 0.007812 0.021296
0 0.590104 0.704630 0.009375 0.019444
0 0.598177 0.731944 0.009375 0.019444
0 0.564844 0.647685 0.009375 0.019444
0 0.558333 0.624074 0.009375 0.019444
0 0.572656 0.682870 0.011458 0.023148
1 0.567578 0.611343 0.021094 0.057870
2 0.576432 0.734259 0.013281 0.029630
0 0.583203 0.766898 0.008594 0.025463
0 0.593359 0.801157 0.009115 0.025463
0 0.602604 0.833565 0.011458 0.025463
0 0.614193 0.845370 0.009115 0.026852
0 0.615755 0.808565 0.009115 0.025463
0 0.622917 0.801389 0.008333 0.025000
2 0.603906 0.765278 0.010937 0.033333
2 0.617578 0.771759 0.010156 0.031481
2 0.631641 0.846296 0.012240 0.028704
0 0.613281 0.867361 0.011458 0.025463
0 0.625781 0.883102 0.011458 0.025463
0 0.636979 0.928009 0.011458 0.025463
0 0.645052 0.961111 0.009896 0.027778
0 0.647396 0.919676 0.011458 0.025463
0 0.629167 0.934954 0.011458 0.025463
0 0.655469 0.953704 0.009375 0.021296
0 0.653385 0.992130 0.007812 0.015741
0 0.637370 0.963889 0.009115 0.020370
2 0.642318 0.989352 0.013281 0.021296
0 0.620443 0.903935 0.008594 0.023611
0 0.637370 0.882407 0.011198 0.024074
0 0.370443 0.293056 0.010677 0.025926
0 0.087630 0.883565 0.012760 0.014352
0 0.244010 0.791204 0.016146 0.020370
0 0.317839 0.736111 0.013802 0.019444
0 0.295573 0.949306 0.010937 0.021759
0 0.304427 0.927083 0.011979 0.021759
0 0.585547 0.462500 0.013281 0.021296
0 0.418880 0.290046 0.010677 0.023611
0 0.429167 0.226157 0.013021 0.027315
0 0.468750 0.303241 0.012500 0.025926
0 0.452474 0.218519 0.011719 0.028704
0 0.865234 0.156713 0.014844 0.024537
0 0.848047 0.153935 0.014844 0.020833
0 0.825260 0.181944 0.014583 0.020370
0 0.806901 0.201852 0.014844 0.020370
0 0.866536 0.132639 0.012240 0.018056
0 0.590885 0.393056 0.014583 0.021296
0 0.439453 0.608796 0.013802 0.019444
0 0.174349 0.807639 0.016927 0.014352
2 0.139714 0.867130 0.017448 0.016667
2 0.119531 0.862963 0.017188 0.016667
0 0.062630 0.936343 0.014844 0.019907
0 0.050651 0.929398 0.015365 0.017130
0 0.072786 0.879861 0.013281 0.016204
0 0.050521 0.911574 0.014583 0.017593
0 0.033073 0.924537 0.014583 0.017593
0 0.176823 0.754167 0.013021 0.017593
0 0.397917 0.258565 0.010937 0.022685
0 0.559115 0.224074 0.016146 0.019444
2 0.339714 0.027083 0.009115 0.020833
0 0.018229 0.867593 0.014583 0.017593
0 0.021354 0.881481 0.014583 0.017593
0 0.036589 0.905093 0.014844 0.017593
0 0.007422 0.926852 0.014323 0.017593
0 0.005208 0.977315 0.009896 0.016667
0 0.004427 0.960880 0.008333 0.016204
0 0.441016 0.581019 0.013802 0.019444
0 0.468490 0.535880 0.012500 0.020833
0 0.715365 0.305556 0.014583 0.019444
0 0.734375 0.303704 0.014583 0.019444
0 0.748958 0.265741 0.014583 0.019444
0 0.768750 0.245833 0.014583 0.019444
0 0.973437 0.050231 0.009375 0.026389
0 0.775260 0.122685 0.013021 0.015741
0 0.996745 0.525463 0.006510 0.018519
0 0.310547 0.993287 0.012240 0.013426
0 0.168750 0.909259 0.009375 0.018519
0 0.180208 0.909259 0.009375 0.018519
0 0.229948 0.975231 0.012500 0.018981
0 0.242448 0.990509 0.012500 0.018981
0 0.688281 0.625000 0.009375 0.022222
2 0.694792 0.671065 0.013542 0.018981
