0 0.432812 0.161574 0.007812 0.026852
0 0.454948 0.080556 0.007292 0.023148
0 0.453385 0.045370 0.007292 0.023148
0 0.466797 0.104630 0.007031 0.025926
0 0.459635 0.138194 0.007292 0.028241
0 0.468620 0.145833 0.007552 0.028704
0 0.477344 0.154861 0.007812 0.024537
0 0.461068 0.187037 0.007031 0.025926
0 0.494661 0.248843 0.009115 0.027315
0 0.500130 0.227315 0.007031 0.025926
0 0.482682 0.237037 0.007031 0.025926
0 0.508724 0.366667 0.007031 0.025926
0 0.502344 0.024537 0.007812 0.028704
0 0.498698 0.359259 0.006250 0.028704
0 0.490495 0.393519 0.006510 0.026852
0 0.480078 0.391898 0.006510 0.026389
0 0.467578 0.352546 0.006510 0.026389
0 0.488151 0.352083 0.006510 0.026389
0 0.486328 0.315046 0.006510 0.026389
0 0.495964 0.316898 0.006510 0.026389
0 0.485286 0.275694 0.006510 0.026389
0 0.474349 0.269213 0.006510 0.026389
0 0.472786 0.234028 0.006510 0.026389
0 0.463411 0.035185 0.009635 0.028704
2 0.406771 0.276157 0.010937 0.026389
2 0.470573 0.192824 0.007812 0.029167
2 0.463281 0.217361 0.007812 0.029167
2 0.475781 0.312731 0.007812 0.029167
2 0.471094 0.394676 0.007812 0.029167
0 0.478255 0.350926 0.007031 0.025926
0 0.462370 0.248843 0.005990 0.021759
2 0.480599 0.182639 0.005990 0.021759
1 0.464844 0.301620 0.012500 0.057870
0 0.425521 0.217593 0.008333 0.028704
0 0.381250 0.339815 0.013021 0.025926
0 0.358854 0.393750 0.014583 0.025463
0 0.291016 0.456713 0.016927 0.013426
2 0.338411 0.422222 0.014323 0.026852
0 0.507552 0.109259 0.007292 0.022222
0 0.708203 0.046759 0.012240 0.024074
0 0.688411 0.076852 0.014844 0.022222
0 0.682943 0.058565 0.010677 0.024537
0 0.675521 0.061806 0.010417 0.028241
0 0.668620 0.070602 0.013802 0.026389
0 0.650130 0.095833 0.012240 0.029630
2 0.642057 0.100463 0.012240 0.029630
2 0.639062 0.115972 0.010937 0.022685
2 0.626172 0.130556 0.014844 0.031481
2 0.593099 0.186343 0.026823 0.017130
0 0.600000 0.160648 0.013542 0.022222
0 0.680859 0.296065 0.011198 0.022685
0 0.211458 0.458796 0.015625 0.012037
0 0.160677 0.479167 0.016667 0.012037
0 0.122135 0.450926 0.015104 0.011111
0 0.061068 0.471759 0.014844 0.010185
0 0.289323 0.540741 0.015104 0.011111
0 0.318880 0.525000 0.014844 0.011111
0 0.371484 0.555093 0.015365 0.011111
0 0.274870 0.507407 0.014844 0.011111
0 0.348047 0.542130 0.014844 0.011111
0 0.362370 0.523611 0.014844 0.011111
0 0.382682 0.523611 0.014844 0.011111
0 0.372786 0.540278 0.014844 0.011111
0 0.397526 0.538426 0.014844 0.011111
0 0.421745 0.538426 0.014844 0.011111
0 0.310807 0.559722 0.014844 0.011111
0 0.343099 0.525000 0.014844 0.011111
0 0.325391 0.541667 0.014844 0.011111
0 0.275911 0.525000 0.014844 0.011111
0 0.251693 0.522222 0.014844 0.011111
0 0.221354 0.520370 0.014583 0.011111
0 0.216276 0.535185 0.014844 0.011111
0 0.183724 0.514815 0.016406 0.011111
0 0.144661 0.509259 0.016406 0.011111
0 0.009245 0.456481 0.016406 0.011111
0 0.250911 0.558796 0.016406 0.011111
0 0.030729 0.491204 0.016146 0.011111
2 0.026172 0.443519 0.016406 0.011111
2 0.319661 0.631250 0.014323 0.021759
2 0.304297 0.543519 0.016406 0.011111
2 0.250130 0.541204 0.032031 0.016667
0 0.387240 0.702083 0.016667 0.021759
0 0.425521 0.744213 0.014583 0.021759
0 0.301172 0.525694 0.011198 0.008796
2 0.430599 0.551852 0.017448 0.012037
2 0.592708 0.503935 0.014583 0.012500
0 0.179167 0.368056 0.007812 0.025000
0 0.041927 0.267130 0.007812 0.025000
0 0.020703 0.310648 0.009635 0.023148
0 0.034635 0.306481 0.016146 0.014815
2 0.035156 0.265741 0.009896 0.030556
0 0.010417 0.313657 0.011458 0.031944
0 0.011328 0.372685 0.014844 0.012963
0 0.095703 0.500231 0.014844 0.010648
2 0.066016 0.512963 0.019531 0.012037
0 0.162109 0.588194 0.005990 0.023611
0 0.162500 0.629167 0.008854 0.026852
0 0.176172 0.732407 0.007031 0.027778
0 0.170182 0.701157 0.009635 0.026389
0 0.168099 0.669676 0.008594 0.025463
0 0.189062 0.530556 0.011979 0.009259
0 0.283073 0.659491 0.016667 0.020833
0 0.263021 0.675926 0.016146 0.022222
0 0.244271 0.689583 0.015625 0.019907
0 0.225521 0.707407 0.017708 0.020370
0 0.208984 0.715741 0.014323 0.017593
0 0.195052 0.727546 0.013021 0.018056
0 0.169922 0.767593 0.012760 0.023148
0 0.122396 0.796528 0.014583 0.017130
0 0.102734 0.833333 0.017448 0.021296
0 0.079687 0.778472 0.010937 0.022685
0 0.069922 0.875463 0.017448 0.019444
0 0.129688 0.831944 0.017708 0.019444
0 0.106901 0.846296 0.017448 0.019444
0 0.144922 0.796065 0.016927 0.018981
0 0.196224 0.782639 0.016406 0.019907
0 0.212891 0.761343 0.015365 0.017130
0 0.227995 0.757407 0.012760 0.018519
0 0.261849 0.919907 0.012760 0.019444
0 0.126562 0.872222 0.017708 0.019444
0 0.132292 0.896991 0.014063 0.018056
0 0.135677 0.908102 0.014063 0.018056
0 0.141016 0.918056 0.011719 0.014815
0 0.141667 0.931481 0.014063 0.014815
0 0.144010 0.943981 0.015104 0.019444
0 0.032031 0.934954 0.013542 0.014352
0 0.091276 0.590972 0.011719 0.013426
0 0.101042 0.601389 0.014063 0.012037
0 0.130990 0.703009 0.011458 0.023611
0 0.135417 0.726620 0.011458 0.023611
0 0.263151 0.731713 0.016406 0.019907
0 0.277214 0.718287 0.016406 0.019907
0 0.315365 0.692130 0.012500 0.014815
0 0.331901 0.690046 0.016406 0.013426
0 0.349740 0.695370 0.015104 0.016667
0 0.453516 0.785185 0.015365 0.018519
0 0.455208 0.813194 0.011458 0.026389
0 0.381380 0.731481 0.015885 0.022222
0 0.392448 0.793519 0.009896 0.029630
0 0.381641 0.834028 0.012240 0.027315
0 0.390755 0.840046 0.012240 0.027315
0 0.412370 0.814583 0.012240 0.027315
2 0.429036 0.798148 0.016927 0.021296
0 0.470182 0.831250 0.006510 0.026389
0 0.470833 0.877546 0.008854 0.026389
0 0.507422 0.979398 0.005990 0.025463
0 0.518880 0.934491 0.005990 0.025463
0 0.518359 0.887269 0.005990 0.025463
0 0.518880 0.856250 0.005990 0.025463
0 0.510807 0.811806 0.005990 0.025463
0 0.500911 0.831713 0.006510 0.023611
0 0.511068 0.845139 0.005990 0.025463
0 0.509505 0.888657 0.005990 0.025463
0 0.500651 0.907639 0.005990 0.025463
0 0.497266 0.980787 0.005990 0.025463
0 0.519401 0.972917 0.005990 0.025463
0 0.530078 0.815972 0.005990 0.025463
0 0.532161 0.746991 0.005990 0.029167
0 0.502214 0.722917 0.005990 0.025463
0 0.512891 0.766435 0.005990 0.025463
0 0.500391 0.795602 0.005990 0.025463
0 0.500911 0.866435 0.006510 0.023611
0 0.507943 0.932176 0.006510 0.023611
0 0.499609 0.944213 0.006510 0.023611
0 0.529818 0.784954 0.006510 0.023611
0 0.521875 0.774306 0.005208 0.019907
0 0.522396 0.741435 0.005208 0.019907
2 0.502734 0.759491 0.008594 0.031944
2 0.470833 0.915046 0.006771 0.028241
2 0.469010 0.985880 0.006771 0.028241
0 0.469792 0.950926 0.004687 0.020370
2 0.520703 0.810185 0.007031 0.032407
0 0.565755 0.812731 0.015885 0.022685
0 0.587109 0.795139 0.015885 0.022685
0 0.601693 0.782639 0.015885 0.022685
0 0.571484 0.773380 0.015885 0.022685
0 0.591406 0.753472 0.013542 0.019907
0 0.604948 0.738194 0.013542 0.019907
0 0.626953 0.703009 0.012240 0.024537
0 0.661068 0.641667 0.011198 0.025926
0 0.650911 0.703472 0.011198 0.029167
0 0.639453 0.728009 0.011198 0.029167
0 0.638672 0.775926 0.012240 0.026852
0 0.649479 0.818287 0.010417 0.026389
0 0.618750 0.808565 0.010417 0.026389
0 0.642839 0.859028 0.009115 0.024537
0 0.644922 0.888426 0.008073 0.023148
2 0.649089 0.918750 0.009635 0.025463
0 0.661068 0.847222 0.015885 0.012963
0 0.661719 0.872222 0.007292 0.026852
0 0.663802 0.904630 0.007812 0.023148
0 0.654818 0.980324 0.007552 0.026389
0 0.637109 0.676157 0.012240 0.024537
0 0.648568 0.645139 0.007552 0.020833
0 0.655990 0.612731 0.008333 0.026389
0 0.672656 0.634259 0.008854 0.025000
0 0.672135 0.590278 0.008854 0.020370
0 0.681901 0.668287 0.015365 0.019907
2 0.662109 0.667130 0.016406 0.033333
2 0.659766 0.580093 0.006510 0.027778
2 0.635156 0.546065 0.021875 0.018981
0 0.680729 0.556019 0.009375 0.027778
0 0.723958 0.574074 0.009375 0.027778
2 0.709635 0.570139 0.007812 0.028241
0 0.716146 0.636574 0.009375 0.027778
0 0.967057 0.787037 0.009115 0.022222
2 0.953385 0.802546 0.015625 0.048611
2 0.962109 0.800231 0.013281 0.043056
0 0.968880 0.676389 0.009115 0.026852
0 0.977214 0.675231 0.007031 0.022685
0 0.984896 0.668750 0.009375 0.024537
0 0.784766 0.656019 0.011198 0.014815
0 0.802995 0.639815 0.014323 0.017593
0 0.817969 0.629398 0.011979 0.015278
0 0.772266 0.586806 0.012240 0.015278
0 0.741927 0.621528 0.015104 0.016204
0 0.503255 0.690972 0.005990 0.025463
0 0.513151 0.709491 0.005990 0.025463
0 0.523307 0.701157 0.005990 0.025463
0 0.532552 0.701389 0.007292 0.025000
0 0.533854 0.665278 0.005729 0.025000
0 0.534505 0.628472 0.005990 0.025463
0 0.545182 0.623380 0.005990 0.025463
0 0.504167 0.618287 0.006250 0.025463
0 0.504948 0.648380 0.006250 0.025463
0 0.513151 0.656481 0.005469 0.020370
0 0.514453 0.628241 0.005469 0.020370
2 0.546354 0.661111 0.007292 0.030556
2 0.543229 0.692361 0.005208 0.027315
1 0.525391 0.641898 0.008594 0.060648
0 0.572396 0.522222 0.014583 0.012037
0 0.576042 0.538426 0.014583 0.012963
0 0.611328 0.531713 0.014844 0.013426
0 0.675651 0.480093 0.015365 0.014815
0 0.623698 0.511111 0.014583 0.015741
0 0.411068 0.486111 0.014844 0.014815
0 0.481641 0.454630 0.015365 0.012963
0 0.342578 0.491667 0.015885 0.011111
0 0.440104 0.497685 0.014583 0.012963
0 0.324349 0.506713 0.014844 0.011574
2 0.361198 0.475231 0.016146 0.013426
0 0.602995 0.515278 0.011198 0.011111
2 0.654818 0.522222 0.017448 0.015741
0 0.422266 0.469444 0.014323 0.012037
0 0.456901 0.479167 0.015885 0.014815
0 0.527214 0.462963 0.015885 0.014815
0 0.519401 0.483333 0.015885 0.014815
0 0.574740 0.450694 0.016146 0.012500
0 0.627995 0.476852 0.015885 0.014815
0 0.646484 0.505093 0.015885 0.014815
0 0.671745 0.501620 0.015365 0.014352
0 0.655339 0.457176 0.015365 0.011574
0 0.692839 0.496296 0.015885 0.014815
0 0.636068 0.442824 0.016406 0.012500
0 0.598828 0.465046 0.016406 0.013426
0 0.597135 0.431250 0.017708 0.013426
0 0.679036 0.437037 0.015365 0.012037
0 0.711589 0.487731 0.015365 0.013426
0 0.713411 0.452546 0.015365 0.013426
0 0.751693 0.414583 0.015365 0.013426
0 0.779036 0.426157 0.011719 0.010648
0 0.798568 0.421991 0.011719 0.010648
0 0.811328 0.470602 0.014323 0.012500
0 0.752474 0.430324 0.014323 0.012500
0 0.820964 0.451620 0.014323 0.012500
0 0.845182 0.479398 0.014323 0.012500
0 0.739323 0.483102 0.016667 0.014352
0 0.864193 0.462037 0.014323 0.013889
0 0.879427 0.478009 0.016667 0.014352
0 0.952474 0.442824 0.014323 0.011574
2 0.794401 0.440046 0.018490 0.017130
2 0.681901 0.404398 0.018490 0.018981
2 0.785026 0.475463 0.015365 0.012963
2 0.768490 0.443750 0.016667 0.013426
0 0.834505 0.367361 0.014323 0.011574
0 0.834115 0.415509 0.016667 0.014352
0 0.909896 0.470139 0.016667 0.014352
0 0.914583 0.451620 0.016667 0.014352
0 0.950260 0.394907 0.018229 0.011111
0 0.885938 0.404861 0.016667 0.014352
0 0.972786 0.458102 0.017969 0.012500
2 0.841016 0.429630 0.032552 0.021296
1 0.945833 0.463194 0.035417 0.025463
0 0.988281 0.467824 0.013542 0.013426
2 0.020703 0.257407 0.009635 0.030556
0 0.033854 0.946296 0.016667 0.016667
0 0.037891 0.958565 0.015885 0.019907
0 0.064583 0.947685 0.011979 0.015741
0 0.068750 0.959028 0.010937 0.011574
0 0.053646 0.959259 0.013542 0.024074
2 0.482552 0.495602 0.016146 0.016204
0 0.768099 0.460880 0.015365 0.013426
2 0.793880 0.490046 0.017448 0.014352
0 0.876302 0.441435 0.016667 0.014352
0 0.941276 0.620833 0.009115 0.026852
0 0.936328 0.625000 0.008073 0.021296
0 0.927865 0.625463 0.008333 0.020370
0 0.888411 0.625000 0.010156 0.022222
2 0.777214 0.036806 0.017969 0.013426
2 0.824349 0.047917 0.017969 0.013426
0 0.797005 0.035417 0.016406 0.011574
0 0.820573 0.021296 0.018750 0.016667
0 0.841146 0.017361 0.017188 0.014352
0 0.438281 0.103009 0.007292 0.027315
0 0.451562 0.009491 0.006771 0.018056
2 0.105729 0.518981 0.019792 0.012037
0 0.336849 0.556481 0.014844 0.011111
0 0.072656 0.971065 0.008854 0.011574
0 0.072656 0.984028 0.008854 0.011574
0 0.040885 0.969676 0.015104 0.015278
0 0.043490 0.979861 0.015104 0.015278
0 0.971224 0.424074 0.014844 0.013889
0 0.995833 0.724769 0.006771 0.012500
0 0.437630 0.012731 0.007031 0.024537
0 0.018490 0.505093 0.016146 0.011111
0 0.008464 0.529167 0.015885 0.011111
0 0.006901 0.906713 0.013281 0.014352
0 0.936068 0.905324 0.013281 0.014352
2 0.975651 0.948380 0.014844 0.021759
0 0.996745 0.778009 0.006510 0.030093
0 0.814193 0.081713 0.014323 0.018981
2 0.933984 0.110417 0.017969 0.013426
0 0.630599 0.746528 0.004948 0.030093
2 0.624870 0.796065 0.010677 0.025463
