0 0.485677 0.028472 0.006250 0.027315
0 0.475000 0.033565 0.006250 0.027315
0 0.475260 0.067824 0.006250 0.027315
0 0.484635 0.092361 0.006250 0.027315
0 0.476042 0.126157 0.006250 0.027315
0 0.484375 0.136806 0.006250 0.027315
0 0.495573 0.146528 0.006250 0.027315
0 0.476042 0.178009 0.006250 0.027315
0 0.484505 0.228009 0.006510 0.025463
0 0.494922 0.231019 0.006510 0.025926
0 0.494141 0.269676 0.006510 0.025463
0 0.485286 0.261343 0.006510 0.025463
0 0.514453 0.223843 0.006510 0.025463
0 0.458464 0.069676 0.007031 0.024537
0 0.453646 0.121759 0.008854 0.025926
0 0.443490 0.171759 0.008854 0.025926
0 0.425260 0.234259 0.008854 0.025926
0 0.406120 0.283102 0.011198 0.024537
2 0.495182 0.093519 0.008594 0.047222
2 0.484635 0.183796 0.007292 0.029630
2 0.476823 0.206019 0.007292 0.029630
0 0.474479 0.238426 0.006250 0.020370
0 0.503646 0.311343 0.006771 0.026389
0 0.494271 0.307639 0.006771 0.026389
0 0.512240 0.330324 0.006771 0.026389
0 0.512240 0.371528 0.006771 0.026389
0 0.504948 0.353009 0.006771 0.026389
0 0.494010 0.347454 0.006771 0.026389
0 0.495312 0.388194 0.006771 0.026389
0 0.485807 0.383565 0.005990 0.023611
0 0.474349 0.342824 0.005990 0.023611
0 0.483984 0.342130 0.005990 0.025000
2 0.484635 0.303241 0.007292 0.029630
2 0.474740 0.386574 0.007292 0.029630
2 0.495443 0.174306 0.005469 0.021759
1 0.473568 0.293287 0.007031 0.060648
2 0.552734 0.035185 0.011719 0.054630
2 0.557552 0.127315 0.011979 0.030556
0 0.384896 0.331481 0.015104 0.023148
0 0.339583 0.399537 0.015104 0.023148
0 0.311979 0.421528 0.014583 0.015278
2 0.360417 0.361111 0.015625 0.024074
0 0.278516 0.432176 0.013281 0.012500
0 0.289453 0.452083 0.015365 0.014352
0 0.252474 0.447917 0.015365 0.014352
0 0.222266 0.438657 0.015365 0.014352
0 0.210026 0.418056 0.014844 0.012963
0 0.156641 0.420602 0.015885 0.014352
0 0.129818 0.391435 0.014844 0.011574
0 0.104948 0.387731 0.015625 0.011574
0 0.085807 0.398843 0.016406 0.013426
0 0.185547 0.313426 0.008073 0.025000
0 0.007682 0.371759 0.014844 0.014815
0 0.018359 0.292130 0.014323 0.012963
0 0.035807 0.396759 0.017448 0.015741
0 0.066927 0.425694 0.015625 0.011574
0 0.110417 0.438889 0.017188 0.013889
0 0.147656 0.450000 0.017188 0.013889
0 0.174219 0.458796 0.017188 0.013889
0 0.201042 0.466204 0.017188 0.013889
0 0.222396 0.472685 0.015104 0.013889
0 0.262500 0.481481 0.017188 0.013889
0 0.133854 0.460185 0.017188 0.013889
0 0.064323 0.452315 0.017188 0.013889
0 0.036719 0.460648 0.017188 0.013889
0 0.103385 0.483333 0.017188 0.013889
0 0.173437 0.493750 0.015625 0.015278
0 0.158333 0.505787 0.013542 0.018056
2 0.242578 0.414815 0.014844 0.012963
2 0.166016 0.404861 0.016927 0.014352
2 0.149609 0.482176 0.016927 0.014352
2 0.172005 0.472917 0.016927 0.014352
2 0.197005 0.480324 0.016927 0.014352
0 0.222005 0.487963 0.011719 0.012963
0 0.246484 0.503009 0.013281 0.017130
0 0.241146 0.478241 0.014063 0.012037
0 0.221875 0.471759 0.015104 0.013889
0 0.043880 0.229167 0.014323 0.012963
0 0.029687 0.231481 0.008854 0.017593
0 0.019792 0.230787 0.012500 0.028241
2 0.032943 0.180556 0.011719 0.031481
2 0.046745 0.186574 0.011719 0.031481
0 0.054948 0.193056 0.010417 0.025000
0 0.156641 0.534028 0.008594 0.028241
0 0.154557 0.568287 0.008594 0.028241
0 0.157161 0.597454 0.008594 0.028241
0 0.163411 0.646065 0.008594 0.028241
0 0.163932 0.687731 0.009635 0.024537
0 0.152344 0.720833 0.014063 0.017593
0 0.085417 0.766898 0.012500 0.014352
0 0.105729 0.753935 0.016146 0.015278
0 0.066927 0.707639 0.011979 0.024537
0 0.052995 0.802315 0.017448 0.018519
0 0.094401 0.780093 0.017448 0.018519
0 0.111849 0.768981 0.017448 0.018519
0 0.107943 0.807407 0.017448 0.018519
0 0.110807 0.818519 0.017448 0.018519
0 0.112370 0.831944 0.016927 0.016667
0 0.114974 0.842593 0.016927 0.016667
0 0.121094 0.868287 0.013021 0.014352
0 0.120313 0.855324 0.013021 0.014352
0 0.122656 0.881944 0.014583 0.016667
0 0.044792 0.873611 0.014583 0.016667
0 0.047005 0.885880 0.012240 0.013426
0 0.048828 0.896991 0.012240 0.013426
0 0.049089 0.910417 0.012240 0.013426
0 0.055859 0.933102 0.012240 0.013426
0 0.029297 0.950694 0.013281 0.016204
0 0.026953 0.937269 0.013281 0.016204
0 0.024870 0.928009 0.013281 0.016204
0 0.020703 0.904861 0.013281 0.016204
0 0.018620 0.893287 0.013281 0.016204
0 0.017318 0.879861 0.013281 0.016204
0 0.013411 0.866435 0.013281 0.016204
0 0.011068 0.854398 0.013281 0.016204
0 0.030729 0.884028 0.013021 0.028241
0 0.240365 0.875000 0.010417 0.017593
0 0.199349 0.711343 0.014844 0.015278
0 0.179036 0.728935 0.014844 0.015278
0 0.214193 0.709954 0.014844 0.015278
0 0.184245 0.676620 0.014844 0.015278
0 0.197266 0.665509 0.014844 0.015278
0 0.214583 0.658333 0.016667 0.016667
0 0.235937 0.646759 0.016667 0.016667
0 0.252865 0.636574 0.016667 0.016667
0 0.274740 0.620833 0.016667 0.016667
0 0.269010 0.678704 0.016667 0.016667
0 0.250521 0.689815 0.016667 0.016667
0 0.306250 0.659259 0.013021 0.011111
0 0.323047 0.659491 0.016927 0.018056
0 0.340495 0.666898 0.016927 0.018056
0 0.366016 0.705787 0.013281 0.023611
0 0.376823 0.769444 0.011458 0.030556
0 0.364974 0.809028 0.013802 0.024537
0 0.396875 0.792593 0.011458 0.030556
0 0.374609 0.815278 0.012240 0.028704
2 0.413411 0.783102 0.015885 0.022685
2 0.422786 0.757176 0.015885 0.022685
0 0.439583 0.801157 0.013021 0.027315
0 0.461849 0.801620 0.011719 0.030093
0 0.453385 0.819907 0.008333 0.025926
0 0.450130 0.874074 0.007031 0.027778
0 0.462370 0.861574 0.007031 0.027778
0 0.473307 0.972685 0.007031 0.027778
0 0.483203 0.971759 0.007031 0.027778
0 0.496745 0.931019 0.007031 0.027778
0 0.486068 0.925000 0.007031 0.027778
0 0.479818 0.900926 0.007031 0.027778
0 0.489974 0.882407 0.007031 0.027778
0 0.498307 0.883796 0.007031 0.027778
0 0.500911 0.853241 0.007031 0.027778
0 0.491797 0.837963 0.007031 0.027778
0 0.494661 0.809259 0.007031 0.027778
0 0.486068 0.791667 0.007031 0.027778
0 0.483464 0.825926 0.007031 0.027778
0 0.480339 0.859259 0.007031 0.027778
0 0.512891 0.816667 0.007031 0.027778
0 0.498828 0.763889 0.007031 0.027778
0 0.491016 0.719907 0.007031 0.027778
0 0.492578 0.688889 0.007031 0.027778
0 0.518620 0.744444 0.007031 0.027778
0 0.495573 0.968519 0.004167 0.025000
0 0.476823 0.935417 0.006771 0.022685
0 0.511849 0.696759 0.007031 0.027778
0 0.501693 0.706481 0.007031 0.027778
0 0.497266 0.613426 0.007031 0.027778
0 0.496224 0.643981 0.007031 0.027778
0 0.537891 0.626389 0.007031 0.027778
0 0.526953 0.631019 0.007031 0.027778
0 0.524349 0.666667 0.007031 0.027778
0 0.521354 0.700463 0.006771 0.025000
0 0.509115 0.737963 0.006771 0.025000
0 0.514583 0.783333 0.006771 0.025000
0 0.507031 0.772685 0.006771 0.025000
0 0.504687 0.653472 0.006771 0.021759
0 0.508594 0.624537 0.006771 0.025000
1 0.516406 0.639815 0.012500 0.060185
2 0.536979 0.663426 0.009375 0.029630
2 0.532292 0.693750 0.008333 0.030093
2 0.487760 0.753472 0.008333 0.030093
2 0.503906 0.804861 0.008333 0.030093
0 0.548958 0.817361 0.015625 0.018056
0 0.570312 0.803472 0.015625 0.018056
0 0.584635 0.793287 0.015625 0.018056
0 0.555729 0.777546 0.015625 0.018056
0 0.591667 0.746528 0.015625 0.018056
0 0.613672 0.719444 0.012760 0.025926
0 0.627995 0.691667 0.012760 0.025926
0 0.639714 0.663889 0.009115 0.020370
0 0.648177 0.631481 0.010417 0.025926
0 0.576042 0.761343 0.014063 0.014352
0 0.642318 0.924306 0.008073 0.024537
0 0.642318 0.890046 0.008073 0.024537
0 0.642708 0.867130 0.015625 0.015741
0 0.621354 0.872222 0.007812 0.025000
0 0.624349 0.902315 0.004948 0.023148
2 0.626823 0.934722 0.005208 0.025926
0 0.631510 0.836574 0.008854 0.026852
0 0.622656 0.789352 0.008854 0.026852
0 0.626563 0.746759 0.012500 0.025926
0 0.638542 0.721296 0.012500 0.025926
0 0.671094 0.690509 0.015625 0.020833
0 0.707161 0.666667 0.010156 0.028704
0 0.663672 0.656481 0.010156 0.028704
0 0.653255 0.651389 0.010156 0.028704
2 0.652083 0.687269 0.015625 0.028241
0 0.601302 0.820370 0.008854 0.026852
0 0.629036 0.990509 0.004427 0.018981
0 0.718359 0.602083 0.006510 0.028241
0 0.675911 0.577778 0.010156 0.026852
0 0.665365 0.599769 0.005729 0.019907
2 0.704036 0.597685 0.009635 0.029630
2 0.653646 0.600000 0.009375 0.030556
2 0.630990 0.565278 0.020833 0.013889
0 0.580469 0.527083 0.015104 0.011574
0 0.603906 0.527083 0.015104 0.011574
0 0.629687 0.526157 0.015104 0.011574
0 0.658594 0.521991 0.015104 0.011574
0 0.690365 0.520602 0.015104 0.011574
0 0.714063 0.534491 0.015104 0.011574
0 0.727344 0.518750 0.015104 0.011574
0 0.733333 0.653935 0.015104 0.011574
0 0.766146 0.624769 0.015104 0.015278
0 0.764844 0.534491 0.015104 0.011574
0 0.731771 0.462269 0.015104 0.011574
0 0.649219 0.489583 0.015104 0.011574
0 0.625781 0.490509 0.015104 0.011574
0 0.552865 0.464120 0.015104 0.011574
0 0.497917 0.464583 0.015104 0.011574
0 0.617318 0.460417 0.010677 0.009722
0 0.665495 0.451620 0.012760 0.011574
2 0.657943 0.475926 0.015885 0.011111
0 0.809115 0.671296 0.013021 0.012963
0 0.795052 0.681481 0.014063 0.012963
0 0.775000 0.694444 0.014063 0.012963
0 0.799609 0.462731 0.016927 0.011574
0 0.470313 0.447454 0.015104 0.011574
0 0.450781 0.465972 0.015625 0.013426
0 0.439974 0.483796 0.014844 0.011111
0 0.396354 0.464120 0.015625 0.013426
0 0.393750 0.484491 0.015625 0.013426
0 0.363802 0.463657 0.015625 0.013426
0 0.374219 0.444907 0.017188 0.012037
0 0.322135 0.474537 0.017188 0.012037
0 0.340885 0.494907 0.017188 0.012037
0 0.345052 0.512963 0.017188 0.012037
0 0.360417 0.498148 0.017188 0.012037
0 0.319531 0.493056 0.017188 0.012037
0 0.322396 0.508333 0.017188 0.012037
0 0.325000 0.525463 0.017188 0.012037
0 0.370703 0.514815 0.015365 0.009259
0 0.379557 0.500463 0.015365 0.009259
0 0.419141 0.518981 0.015365 0.009259
0 0.407422 0.533796 0.015365 0.009259
0 0.382943 0.533333 0.015365 0.009259
0 0.395964 0.518056 0.015365 0.009259
2 0.427214 0.536111 0.017448 0.012037
0 0.370573 0.542824 0.014583 0.015278
0 0.300260 0.490278 0.013021 0.012037
0 0.287891 0.502315 0.015365 0.015741
0 0.280599 0.485648 0.015365 0.015741
2 0.272135 0.468519 0.015104 0.012963
2 0.280859 0.516667 0.033594 0.026852
0 0.003776 0.404861 0.007031 0.010648
0 0.085026 0.523148 0.011198 0.012963
0 0.095703 0.533333 0.014323 0.011111
0 0.120703 0.638426 0.009635 0.022222
0 0.124609 0.661574 0.009635 0.022222
2 0.708203 0.486111 0.016927 0.012037
0 0.689453 0.322222 0.010677 0.024074
2 0.779948 0.478935 0.028125 0.016204
0 0.794141 0.513194 0.014844 0.010648
0 0.827214 0.478935 0.016927 0.011574
0 0.860026 0.462269 0.016927 0.011574
0 0.887109 0.497454 0.016927 0.011574
0 0.856380 0.527546 0.014323 0.012500
0 0.855078 0.512500 0.016927 0.011111
0 0.878646 0.530787 0.015104 0.010648
0 0.908854 0.527546 0.015104 0.010648
2 0.797917 0.532176 0.015104 0.010648
2 0.835938 0.530324 0.015104 0.010648
0 0.942969 0.494444 0.016146 0.012963
0 0.968620 0.507870 0.013802 0.010185
0 0.971094 0.526852 0.015625 0.011111
0 0.986068 0.490741 0.013802 0.010185
0 0.987109 0.538426 0.012760 0.016667
2 0.937630 0.510880 0.014844 0.009722
1 0.942578 0.527083 0.036719 0.018056
0 0.878776 0.680093 0.009635 0.025000
0 0.916536 0.688194 0.005469 0.020833
0 0.925130 0.685417 0.005469 0.020833
0 0.933464 0.682639 0.007552 0.026389
0 0.955599 0.742824 0.007552 0.026389
0 0.964323 0.743519 0.006771 0.023148
0 0.971745 0.738426 0.008073 0.024074
0 0.984115 0.793981 0.014583 0.014815
0 0.988021 0.840278 0.009896 0.028704
0 0.980729 0.847685 0.009896 0.028704
0 0.950260 0.852778 0.009896 0.028704
2 0.935156 0.868056 0.010937 0.049074
2 0.942708 0.866898 0.009375 0.042130
0 0.910547 0.966204 0.013281 0.013889
0 0.839453 0.417593 0.013281 0.010185
2 0.847656 0.497917 0.015104 0.010648
0 0.615625 0.173148 0.013542 0.018519
2 0.644010 0.146296 0.017188 0.028704
2 0.654036 0.133565 0.015365 0.026389
2 0.660026 0.120833 0.014844 0.027778
0 0.688411 0.093287 0.012240 0.027315
0 0.668620 0.115046 0.008594 0.025463
0 0.694922 0.087037 0.011198 0.026852
0 0.703516 0.082870 0.011198 0.026852
0 0.707943 0.105093 0.015885 0.019444
0 0.730208 0.075231 0.012500 0.023611
0 0.738932 0.014120 0.008594 0.027315
0 0.808203 0.005787 0.015885 0.010648
2 0.806250 0.023380 0.020833 0.013426
0 0.817578 0.075926 0.015885 0.011111
0 0.840755 0.070370 0.015885 0.011111
0 0.863411 0.067130 0.015885 0.011111
2 0.845182 0.096759 0.015885 0.011111
0 0.831901 0.127546 0.013802 0.022685
2 0.798568 0.079630 0.015885 0.011111
2 0.947786 0.175463 0.015885 0.011111
2 0.987891 0.043981 0.015885 0.011111
0 0.195833 0.989583 0.011458 0.020833
2 0.446354 0.945139 0.007812 0.030093
0 0.616667 0.760417 0.005729 0.030093
2 0.608854 0.809259 0.009896 0.025926
