0 0.475000 0.034954 0.006250 0.027315
0 0.464974 0.041435 0.005469 0.021759
0 0.465365 0.076157 0.006250 0.027315
0 0.477083 0.107176 0.006250 0.027315
0 0.469271 0.136806 0.006250 0.027315
0 0.477344 0.145139 0.006250 0.027315
0 0.487240 0.153935 0.006250 0.027315
0 0.468750 0.184954 0.006250 0.027315
0 0.479036 0.232639 0.006510 0.025463
0 0.488151 0.236111 0.006510 0.025926
0 0.490495 0.274306 0.006510 0.025463
0 0.481641 0.263657 0.006510 0.025463
0 0.507422 0.227083 0.006510 0.025463
0 0.439193 0.182176 0.007031 0.024537
0 0.424219 0.231481 0.011458 0.026852
0 0.410547 0.268287 0.012760 0.024537
0 0.392708 0.315972 0.011979 0.025463
0 0.373437 0.352315 0.013021 0.023148
2 0.486589 0.100000 0.008594 0.047222
2 0.477604 0.190278 0.007292 0.029630
2 0.471875 0.213426 0.007292 0.029630
0 0.468750 0.242593 0.006250 0.020370
0 0.501042 0.315509 0.006771 0.026389
0 0.491146 0.313194 0.006771 0.026389
0 0.509896 0.332639 0.006771 0.026389
0 0.510938 0.373380 0.006771 0.026389
0 0.502604 0.359028 0.006771 0.026389
0 0.492448 0.349769 0.006771 0.026389
0 0.493490 0.388657 0.006771 0.026389
0 0.483984 0.390046 0.005990 0.023611
0 0.472005 0.347454 0.005990 0.023611
0 0.482161 0.345370 0.005990 0.025000
2 0.481771 0.309259 0.007292 0.029630
2 0.473698 0.391667 0.007292 0.029630
2 0.489193 0.178935 0.005469 0.021759
1 0.469141 0.301157 0.007031 0.060648
0 0.354687 0.391204 0.015104 0.023148
0 0.296094 0.444444 0.016146 0.013889
0 0.211068 0.441667 0.015885 0.011111
2 0.330469 0.416667 0.015625 0.024074
0 0.187500 0.438194 0.015104 0.010648
0 0.237370 0.448611 0.018490 0.013889
0 0.148047 0.445139 0.015365 0.014352
0 0.180859 0.454861 0.015365 0.014352
0 0.119792 0.424074 0.015104 0.012963
0 0.051432 0.407639 0.015885 0.014352
0 0.017708 0.420139 0.015625 0.011574
0 0.182943 0.340741 0.008073 0.025000
0 0.015495 0.333333 0.014323 0.012963
0 0.053646 0.456250 0.015625 0.011574
0 0.058073 0.427315 0.017188 0.013889
0 0.158073 0.481019 0.017188 0.013889
0 0.178385 0.486111 0.017188 0.013889
0 0.093620 0.433796 0.017448 0.013889
0 0.120964 0.441667 0.015365 0.013889
0 0.263021 0.500926 0.014063 0.011111
0 0.157552 0.498380 0.015625 0.011574
0 0.116536 0.472685 0.014323 0.011111
0 0.172005 0.533333 0.015365 0.012037
0 0.242188 0.547917 0.015625 0.015278
0 0.293490 0.559259 0.015104 0.014815
2 0.145703 0.430787 0.017448 0.010648
2 0.081120 0.415972 0.016406 0.011574
2 0.209766 0.524769 0.016927 0.014352
2 0.189974 0.503472 0.016927 0.014352
2 0.243359 0.516435 0.016927 0.014352
0 0.223958 0.497222 0.017188 0.012037
0 0.265104 0.521528 0.011979 0.012500
2 0.054818 0.443750 0.016406 0.013426
0 0.203906 0.492593 0.015104 0.013889
0 0.039453 0.271759 0.014323 0.012963
0 0.025391 0.272685 0.011198 0.020370
0 0.014453 0.272454 0.012760 0.028241
2 0.028516 0.221296 0.011719 0.031481
2 0.042057 0.228241 0.011719 0.031481
0 0.048438 0.231944 0.010417 0.025000
0 0.160286 0.558102 0.008594 0.028241
0 0.158203 0.590972 0.008594 0.028241
0 0.161328 0.625231 0.008594 0.028241
0 0.166276 0.663194 0.008594 0.028241
0 0.172526 0.699769 0.009635 0.024537
0 0.160547 0.743056 0.015365 0.019444
0 0.121354 0.783565 0.012500 0.014352
0 0.142187 0.771991 0.016146 0.015278
0 0.073047 0.743287 0.009635 0.027315
0 0.060286 0.836111 0.017448 0.018519
0 0.104557 0.808565 0.015885 0.015278
0 0.122656 0.798380 0.013021 0.012500
0 0.117708 0.838426 0.015625 0.015741
0 0.118880 0.850231 0.013802 0.015278
0 0.120964 0.861806 0.014323 0.014352
0 0.123438 0.874769 0.014063 0.015278
0 0.129167 0.895602 0.013021 0.014352
0 0.128906 0.882639 0.013021 0.014352
0 0.131771 0.909722 0.014583 0.016667
0 0.053255 0.911111 0.012760 0.012963
0 0.056901 0.920139 0.012240 0.013426
0 0.059245 0.932639 0.012240 0.013426
0 0.061328 0.947685 0.008594 0.013889
0 0.066536 0.966435 0.012240 0.013426
0 0.042318 0.989815 0.015365 0.019444
0 0.039193 0.973380 0.015365 0.018056
0 0.037370 0.964352 0.015365 0.018519
0 0.032292 0.940741 0.014583 0.016667
0 0.029557 0.931250 0.013281 0.016204
0 0.026172 0.915046 0.014844 0.019907
0 0.023958 0.903241 0.016146 0.015741
0 0.022005 0.892824 0.013281 0.016204
0 0.041927 0.920602 0.013021 0.028241
0 0.251302 0.896759 0.012500 0.016667
0 0.205339 0.735880 0.014844 0.015278
0 0.187370 0.751157 0.014844 0.015278
0 0.222005 0.733102 0.014844 0.015278
0 0.189974 0.703935 0.014844 0.015278
0 0.202995 0.690509 0.014844 0.015278
0 0.218750 0.681019 0.016667 0.016667
0 0.242448 0.667130 0.016667 0.016667
0 0.258854 0.655556 0.016667 0.016667
0 0.279948 0.642593 0.016667 0.016667
0 0.273438 0.697222 0.016667 0.016667
0 0.255469 0.705093 0.016667 0.016667
0 0.310156 0.676389 0.013021 0.011111
0 0.328125 0.675231 0.015104 0.016204
0 0.345443 0.681481 0.014844 0.016667
0 0.373047 0.716898 0.013281 0.023611
0 0.383854 0.778704 0.011458 0.030556
0 0.374870 0.820139 0.013802 0.024537
0 0.404167 0.801389 0.011458 0.030556
0 0.382943 0.824537 0.012240 0.028704
2 0.421224 0.791435 0.015885 0.022685
2 0.457943 0.840509 0.009115 0.030093
0 0.458073 0.909491 0.007292 0.028241
0 0.454688 0.992361 0.006250 0.015278
0 0.487109 0.969907 0.007031 0.027778
0 0.495964 0.975463 0.007031 0.027778
0 0.508984 0.933796 0.007031 0.027778
0 0.497005 0.928241 0.007031 0.027778
0 0.488151 0.904630 0.007031 0.027778
0 0.499609 0.887037 0.007031 0.027778
0 0.509505 0.885648 0.007031 0.027778
0 0.510807 0.852778 0.007031 0.027778
0 0.501432 0.842593 0.007031 0.027778
0 0.501172 0.808796 0.007031 0.027778
0 0.492578 0.793519 0.007031 0.027778
0 0.492969 0.829630 0.006250 0.025926
0 0.489974 0.862500 0.007031 0.027778
0 0.521484 0.816204 0.007031 0.027778
0 0.504818 0.764815 0.007031 0.027778
0 0.495964 0.721296 0.007031 0.027778
0 0.498047 0.688889 0.007031 0.027778
0 0.525911 0.748611 0.007031 0.027778
0 0.507161 0.970139 0.005469 0.023611
0 0.487500 0.940972 0.006771 0.022685
0 0.517839 0.702315 0.007031 0.027778
0 0.506901 0.707407 0.007031 0.027778
0 0.501432 0.616204 0.007031 0.024074
0 0.499609 0.645833 0.007031 0.027778
0 0.541146 0.622685 0.006771 0.025926
0 0.530339 0.631019 0.007031 0.027778
0 0.528385 0.664120 0.007292 0.025463
0 0.526823 0.700463 0.006771 0.025000
0 0.516146 0.739815 0.006250 0.022222
0 0.522526 0.782639 0.005990 0.022685
0 0.514453 0.772685 0.006510 0.021296
0 0.508984 0.655787 0.005990 0.020833
0 0.510807 0.626157 0.005469 0.021759
1 0.521354 0.638889 0.009896 0.058333
2 0.541667 0.662269 0.006250 0.032870
2 0.536719 0.694676 0.008333 0.030093
2 0.494271 0.755787 0.008333 0.030093
2 0.511458 0.808565 0.008333 0.030093
0 0.556771 0.814583 0.015625 0.018056
0 0.577344 0.798380 0.015625 0.018056
0 0.592708 0.788657 0.015625 0.018056
0 0.563802 0.775694 0.015625 0.018056
0 0.596875 0.741898 0.015625 0.018056
0 0.618620 0.713889 0.012760 0.025926
0 0.632161 0.684259 0.012760 0.025926
0 0.642578 0.654630 0.009115 0.020370
0 0.651042 0.623611 0.010417 0.025926
0 0.583594 0.759028 0.014063 0.014352
0 0.651693 0.915046 0.008073 0.024537
0 0.650651 0.883102 0.008073 0.024537
0 0.651042 0.858796 0.015625 0.015741
0 0.629297 0.865741 0.007552 0.026852
0 0.632552 0.894907 0.007812 0.025000
2 0.637760 0.928704 0.007812 0.025000
0 0.639062 0.829630 0.008854 0.026852
0 0.629948 0.783333 0.008854 0.026852
0 0.632292 0.738889 0.012500 0.025926
0 0.642969 0.713426 0.012500 0.025926
0 0.677344 0.680324 0.015625 0.020833
0 0.710807 0.651389 0.010156 0.028704
0 0.666536 0.644444 0.010156 0.028704
0 0.664714 0.595370 0.010156 0.028704
2 0.656510 0.678472 0.015625 0.028241
0 0.608854 0.812963 0.008854 0.026852
0 0.639974 0.987269 0.007552 0.025463
0 0.720443 0.589120 0.006510 0.028241
0 0.678255 0.567593 0.010156 0.026852
0 0.680339 0.537963 0.011198 0.019444
2 0.706120 0.585648 0.009635 0.029630
2 0.654167 0.591667 0.009375 0.030556
2 0.632552 0.556944 0.020833 0.013889
0 0.572656 0.532176 0.015104 0.011574
0 0.637891 0.520833 0.015365 0.012037
0 0.670573 0.514120 0.015104 0.011574
0 0.711198 0.502083 0.015104 0.011574
0 0.749219 0.499306 0.015104 0.011574
0 0.889323 0.481713 0.015104 0.011574
0 0.772135 0.514583 0.015104 0.011574
0 0.737760 0.639120 0.015104 0.011574
0 0.768750 0.607639 0.015104 0.015278
0 0.648307 0.481944 0.013281 0.011111
0 0.626563 0.483565 0.015104 0.011574
0 0.372917 0.478472 0.015104 0.011574
0 0.401172 0.478935 0.010677 0.009722
0 0.568229 0.459722 0.015625 0.012963
2 0.441536 0.493519 0.015885 0.011111
0 0.813802 0.653241 0.013021 0.012963
0 0.798568 0.664815 0.014323 0.017593
0 0.778125 0.678241 0.014063 0.012963
0 0.799740 0.493287 0.015104 0.011574
0 0.340885 0.478241 0.015625 0.011111
0 0.308854 0.472454 0.015625 0.013426
0 0.298568 0.489352 0.015365 0.012037
0 0.264974 0.466435 0.015885 0.012500
0 0.260677 0.445602 0.015104 0.012500
0 0.227474 0.462963 0.017448 0.012037
0 0.219792 0.477778 0.017188 0.012037
0 0.341667 0.509259 0.017188 0.012037
0 0.346354 0.526852 0.017188 0.012037
0 0.318750 0.507407 0.017188 0.012037
0 0.324349 0.523148 0.014323 0.012963
0 0.353125 0.541435 0.015104 0.012500
0 0.372786 0.526389 0.015365 0.009259
0 0.381380 0.515741 0.015365 0.009259
0 0.420443 0.526389 0.015365 0.009259
0 0.407682 0.541667 0.015365 0.009259
0 0.398568 0.525463 0.015365 0.009259
0 0.384245 0.541204 0.015365 0.009259
2 0.428516 0.541667 0.017448 0.012037
0 0.361458 0.511343 0.014583 0.010648
0 0.300911 0.508565 0.012240 0.007870
0 0.287630 0.521296 0.015365 0.010185
0 0.286849 0.539583 0.013281 0.013426
2 0.305729 0.520833 0.015104 0.012963
2 0.311458 0.538657 0.035417 0.016204
0 0.086068 0.555093 0.011198 0.012963
0 0.096745 0.565741 0.014323 0.011111
0 0.124870 0.667130 0.009635 0.022222
0 0.129557 0.691667 0.009635 0.022222
2 0.674349 0.479630 0.016927 0.012037
0 0.686068 0.312037 0.010677 0.024074
2 0.661719 0.465509 0.028125 0.016204
0 0.789974 0.513657 0.014844 0.010648
0 0.971484 0.474306 0.016927 0.011574
0 0.895703 0.504398 0.014323 0.012500
0 0.870052 0.501620 0.014583 0.011574
0 0.930990 0.497454 0.015104 0.010648
2 0.812500 0.511806 0.015104 0.010648
1 0.984115 0.493056 0.031771 0.021296
0 0.883724 0.656944 0.009635 0.025000
0 0.920964 0.662269 0.005469 0.020833
0 0.928776 0.661806 0.005469 0.020833
0 0.936068 0.657176 0.007552 0.026389
0 0.961589 0.710417 0.007552 0.026389
0 0.970052 0.709259 0.006771 0.023148
0 0.977214 0.706019 0.008073 0.024074
0 0.988281 0.760185 0.014583 0.014815
0 0.995703 0.808102 0.008594 0.028241
0 0.988802 0.815278 0.009896 0.028704
0 0.956510 0.823611 0.009896 0.028704
2 0.941927 0.839815 0.010937 0.049074
2 0.949740 0.839352 0.009375 0.045370
0 0.923307 0.937500 0.013281 0.013889
0 0.837370 0.391667 0.013281 0.010185
2 0.838802 0.510417 0.015104 0.010648
0 0.608854 0.168056 0.013542 0.018519
2 0.634115 0.137500 0.017188 0.028704
2 0.648828 0.128009 0.015365 0.026389
2 0.652474 0.114352 0.014844 0.027778
0 0.678776 0.083102 0.012240 0.027315
0 0.658984 0.108102 0.010677 0.027315
0 0.685547 0.075000 0.011198 0.026852
0 0.693359 0.072222 0.011198 0.026852
0 0.698828 0.096296 0.015885 0.019444
0 0.720052 0.065509 0.012500 0.023611
0 0.729557 0.007870 0.008594 0.014815
2 0.795443 0.006250 0.020052 0.011574
0 0.810286 0.058333 0.015885 0.012963
0 0.831510 0.050926 0.015104 0.012963
0 0.850651 0.042593 0.015885 0.011111
2 0.837630 0.075926 0.015885 0.011111
0 0.823307 0.107639 0.013802 0.022685
2 0.791536 0.062500 0.015885 0.011111
2 0.941276 0.144444 0.015885 0.011111
2 0.974870 0.013889 0.015365 0.010185
0 0.498698 0.230787 0.006250 0.027315
2 0.122656 0.492130 0.020313 0.014815
0 0.132031 0.522685 0.017708 0.014815
0 0.153125 0.511806 0.016146 0.014352
0 0.136719 0.475000 0.017188 0.013889
0 0.406120 0.560648 0.015365 0.011111
0 0.244141 0.500463 0.015365 0.013889
0 0.281641 0.506019 0.015365 0.012963
0 0.478385 0.470833 0.015625 0.011111
2 0.960677 0.983796 0.017188 0.017593
0 0.391927 0.456019 0.010937 0.011111
0 0.716016 0.465972 0.016927 0.011574
0 0.994010 0.013426 0.011979 0.012963
0 0.446094 0.113194 0.007292 0.031019
0 0.060286 0.475000 0.015885 0.014815
0 0.217708 0.511574 0.015104 0.013889
0 0.651563 0.445602 0.015625 0.011574
0 0.463932 0.006944 0.005990 0.012963
0 0.032943 0.452778 0.014844 0.013889
0 0.037240 0.468519 0.018229 0.013889
0 0.042969 0.486574 0.015104 0.014815
0 0.448568 0.010185 0.005990 0.019444
0 0.010286 0.465278 0.018490 0.013889
0 0.006380 0.447917 0.012240 0.013426
0 0.060417 0.505556 0.015104 0.014815
0 0.623177 0.754630 0.005729 0.029630
2 0.616276 0.803009 0.010156 0.024537
