0 0.253906 0.075231 0.009375 0.027315
0 0.277865 0.147222 0.008854 0.028704
2 0.296875 0.176620 0.016146 0.029167
0 0.321354 0.209954 0.014063 0.015278
0 0.209635 0.119907 0.011979 0.029630
0 0.226042 0.132639 0.011458 0.031944
0 0.223177 0.168519 0.010417 0.026852
0 0.254948 0.364815 0.008854 0.023148
0 0.274609 0.430093 0.007552 0.028704
0 0.309245 0.430093 0.008073 0.025926
0 0.332813 0.580556 0.006250 0.019444
0 0.334115 0.612731 0.006771 0.023611
0 0.251823 0.928009 0.010417 0.026389
0 0.236719 0.975694 0.010937 0.026389
2 0.342708 0.089583 0.010417 0.043056
2 0.348438 0.146991 0.009375 0.034722
2 0.359505 0.145602 0.007552 0.035648
0 0.396484 0.081250 0.007031 0.023611
0 0.416667 0.079861 0.007292 0.029167
0 0.431510 0.080324 0.007292 0.030093
0 0.445052 0.082870 0.006250 0.023148
2 0.460156 0.051389 0.006771 0.027778
2 0.480599 0.050000 0.007031 0.031481
2 0.480599 0.081944 0.006510 0.025000
2 0.494922 0.081019 0.005990 0.032407
2 0.508984 0.078009 0.006510 0.032870
2 0.530208 0.076852 0.006250 0.028704
0 0.544922 0.075694 0.006510 0.025463
2 0.578255 0.075231 0.006510 0.031019
2 0.587240 0.073148 0.005729 0.030556
2 0.595443 0.075926 0.006510 0.028704
2 0.614453 0.029167 0.013281 0.012037
0 0.618620 0.060880 0.014323 0.012500
2 0.614974 0.077546 0.019531 0.013426
2 0.616016 0.125694 0.016927 0.011574
0 0.616146 0.144444 0.015104 0.011111
2 0.622266 0.158796 0.019531 0.012963
0 0.459245 0.212963 0.016406 0.011111
0 0.483073 0.209491 0.015625 0.010648
0 0.503516 0.209722 0.014323 0.012963
0 0.528255 0.209259 0.014844 0.012037
2 0.549609 0.205787 0.015885 0.012500
0 0.570964 0.204398 0.016927 0.011574
0 0.604036 0.206944 0.016406 0.012037
0 0.333203 0.769213 0.008073 0.022685
0 0.328125 0.810880 0.008854 0.026389
2 0.654818 0.651157 0.017969 0.065278
0 0.673958 0.771528 0.009375 0.025463
0 0.694271 0.750463 0.009896 0.026852
0 0.707161 0.743287 0.007031 0.032870
0 0.759766 0.673611 0.008594 0.030556
0 0.756250 0.628009 0.014583 0.010648
2 0.695182 0.598611 0.007552 0.029630
2 0.710026 0.599306 0.009635 0.038426
2 0.724219 0.594444 0.008854 0.035185
2 0.736979 0.598843 0.008854 0.041204
2 0.749870 0.597685 0.008594 0.038889
2 0.759505 0.597222 0.007031 0.028704
0 0.775781 0.594907 0.006250 0.026852
2 0.805599 0.600231 0.008073 0.034722
2 0.860547 0.627546 0.016406 0.012500
0 0.801953 0.628935 0.017448 0.012500
2 0.888281 0.597917 0.009896 0.036574
2 0.904557 0.595833 0.009115 0.029630
2 0.947005 0.624769 0.021615 0.012500
2 0.687500 0.514352 0.008333 0.045370
0 0.699740 0.532870 0.006250 0.027778
0 0.707552 0.495139 0.006771 0.026389
0 0.708594 0.530093 0.006250 0.025000
0 0.723437 0.527083 0.007812 0.026389
0 0.729818 0.499306 0.007552 0.025463
0 0.744792 0.498843 0.007812 0.027315
0 0.760156 0.499306 0.008333 0.028241
2 0.804557 0.496528 0.008073 0.030093
2 0.819531 0.491898 0.008333 0.030093
2 0.846745 0.492361 0.008594 0.028241
2 0.867057 0.489352 0.007031 0.026852
2 0.894531 0.490046 0.008854 0.028241
2 0.902995 0.523380 0.006510 0.023611
2 0.837500 0.525694 0.008333 0.029167
2 0.828776 0.526389 0.007552 0.029630
2 0.819922 0.526389 0.007552 0.027778
2 0.811979 0.526852 0.007292 0.030556
2 0.893620 0.419676 0.007031 0.029167
2 0.883333 0.423148 0.007292 0.026852
2 0.874349 0.421991 0.008594 0.026389
2 0.864714 0.421065 0.007552 0.026389
2 0.850911 0.425000 0.006510 0.028704
2 0.834896 0.423380 0.008333 0.024537
2 0.805729 0.423843 0.006771 0.026389
2 0.795443 0.421065 0.010677 0.039352
0 0.739323 0.430556 0.007292 0.027778
0 0.714583 0.431250 0.007292 0.028241
0 0.693620 0.427546 0.006510 0.030093
2 0.691667 0.377083 0.033333 0.017130
2 0.755339 0.371528 0.016927 0.012500
2 0.831510 0.365741 0.018229 0.012037
2 0.878125 0.366667 0.025000 0.015741
2 0.677734 0.296991 0.016406 0.011574
2 0.709635 0.295833 0.036979 0.016667
0 0.752604 0.295139 0.015104 0.010648
2 0.799609 0.291898 0.037760 0.017130
2 0.879948 0.289583 0.031771 0.017130
2 0.981250 0.294676 0.023958 0.015278
2 0.928125 0.297917 0.017188 0.011574
2 0.915365 0.243981 0.008854 0.027778
2 0.977344 0.192130 0.019792 0.014815
2 0.840755 0.230787 0.034115 0.018981
2 0.801953 0.139120 0.033073 0.018056
2 0.762630 0.205093 0.033073 0.015741
0 0.735026 0.203704 0.012760 0.008333
2 0.711719 0.202778 0.025000 0.016667
0 0.719922 0.168750 0.007031 0.026389
2 0.729818 0.107176 0.034115 0.020833
0 0.919010 0.133565 0.014063 0.011574
2 0.677734 0.251389 0.017448 0.014815
0 0.684766 0.169444 0.007552 0.025926
2 0.668750 0.170370 0.006250 0.028704
2 0.659375 0.173611 0.006771 0.023148
2 0.787370 0.891667 0.011198 0.030556
2 0.760677 0.912500 0.010937 0.030556
2 0.949089 0.763889 0.012760 0.024074
0 0.938672 0.362963 0.019010 0.012037
0 0.290234 0.982176 0.007552 0.021759
2 0.297526 0.956713 0.010677 0.022685
0 0.409245 0.945833 0.016406 0.013889
0 0.417839 0.993056 0.014323 0.013889
0 0.416276 0.972454 0.014844 0.018981
0 0.407682 0.932639 0.014844 0.012500
0 0.398438 0.808565 0.013021 0.011574
0 0.320964 0.493519 0.008594 0.023148
0 0.302995 0.392824 0.009115 0.026389
0 0.314063 0.322222 0.014063 0.014815
2 0.326042 0.345602 0.015625 0.020833
2 0.348568 0.333565 0.018490 0.012500
2 0.272786 0.091204 0.009635 0.026852
2 0.346745 0.011806 0.008594 0.022685
0 0.373958 0.007639 0.011979 0.013426
0 0.425781 0.142130 0.005208 0.022222
2 0.447656 0.142130 0.007292 0.027778
2 0.373958 0.148611 0.008333 0.030556
2 0.517318 0.143981 0.006510 0.035185
2 0.491536 0.141898 0.005469 0.034722
0 0.411198 0.237963 0.014063 0.011111
0 0.735807 0.047917 0.014323 0.011574
2 0.736589 0.013194 0.016927 0.010648
0 0.828776 0.200694 0.017448 0.012500
0 0.962630 0.129861 0.018490 0.013426
0 0.922135 0.096528 0.016146 0.011574
2 0.991276 0.252083 0.017448 0.012500
0 0.908724 0.297917 0.013281 0.020833
0 0.951823 0.302083 0.016667 0.013426
0 0.694401 0.500694 0.005469 0.027315
0 0.628385 0.502083 0.009375 0.025463
0 0.623047 0.463426 0.007552 0.026852
0 0.618359 0.410880 0.005990 0.025463
0 0.634896 0.535417 0.008854 0.027315
0 0.641797 0.578241 0.008594 0.026852
0 0.711719 0.950694 0.014583 0.036574
2 0.752083 0.961574 0.018229 0.012963
2 0.750130 0.947454 0.016927 0.014352
