1 0.365755 0.161343 0.032031 0.033796
1 0.679688 0.307176 0.037500 0.015278
0 0.288021 0.155324 0.012500 0.020833
2 0.228385 0.062500 0.012500 0.025926
0 0.580599 0.286574 0.014844 0.013889
2 0.511068 0.268981 0.015885 0.013889
0 0.462760 0.251389 0.015104 0.016667
0 0.394401 0.243519 0.012240 0.012037
0 0.346745 0.204167 0.016406 0.016667
0 0.374870 0.260417 0.011719 0.011574
0 0.808724 0.198148 0.014844 0.018519
0 0.937891 0.073611 0.016406 0.020370
0 0.969531 0.062037 0.015625 0.020370
0 0.950521 0.111574 0.015104 0.018519
0 0.891667 0.140509 0.017188 0.019907
0 0.910026 0.172917 0.011198 0.018056
0 0.782422 0.286111 0.017448 0.022222
0 0.664844 0.354630 0.013021 0.011111
2 0.598177 0.374769 0.019792 0.023611
2 0.620182 0.486574 0.022656 0.022222
2 0.645703 0.603935 0.020052 0.026389
2 0.638672 0.632639 0.018490 0.022685
2 0.205729 0.751852 0.038542 0.021296
0 0.153776 0.907407 0.015885 0.018519
0 0.138542 0.730324 0.015104 0.011574
0 0.509245 0.622685 0.008594 0.026852
0 0.501172 0.659954 0.008073 0.026389
0 0.492188 0.692361 0.009896 0.023611
0 0.482161 0.732870 0.009115 0.024074
2 0.473698 0.768519 0.010417 0.029630
0 0.465365 0.804630 0.010417 0.026852
0 0.541927 0.815046 0.014063 0.017130
0 0.605208 0.790741 0.015625 0.019444
0 0.592448 0.837037 0.017188 0.020370
2 0.327214 0.923380 0.020052 0.056019
0 0.303385 0.904167 0.016667 0.017593
0 0.291797 0.936574 0.016406 0.021296
0 0.282813 0.975463 0.016146 0.021296
0 0.263411 0.897685 0.013281 0.016667
0 0.245312 0.956481 0.015104 0.017593
2 0.375260 0.931481 0.010937 0.030556
0 0.861979 0.753009 0.007812 0.028241
0 0.910937 0.803472 0.016667 0.013426
0 0.940365 0.812037 0.016146 0.013889
0 0.938281 0.140278 0.015625 0.017593
0 0.259245 0.155787 0.013281 0.023611
0 0.277865 0.179398 0.012500 0.021759
0 0.155599 0.229630 0.007552 0.027778
2 0.032552 0.860880 0.019792 0.013426
2 0.031250 0.809491 0.019271 0.012500
2 0.010156 0.775463 0.011979 0.028704
0 0.177474 0.919213 0.009115 0.024537
0 0.601823 0.575000 0.014063 0.014815
0 0.592839 0.607407 0.015365 0.018519
0 0.587500 0.634028 0.017188 0.023611
0 0.580078 0.653935 0.013802 0.017130
2 0.589844 0.692824 0.015625 0.019907
2 0.612891 0.753935 0.016406 0.017130
0 0.652734 0.570833 0.015885 0.017593
2 0.659766 0.524769 0.015365 0.016204
0 0.554297 0.957639 0.013281 0.023611
2 0.494010 0.392130 0.009896 0.029630
2 0.564714 0.712269 0.014323 0.018981
2 0.498307 0.348380 0.007031 0.030093
0 0.806380 0.294444 0.014844 0.021296
0 0.005859 0.124769 0.011198 0.015278
2 0.022786 0.167361 0.015885 0.013426
0 0.050260 0.190046 0.011979 0.012500
0 0.066146 0.198148 0.014583 0.012963
0 0.121745 0.222685 0.008594 0.019444
0 0.128385 0.224074 0.007812 0.023148
0 0.140104 0.231019 0.007292 0.030556
0 0.090755 0.149306 0.007552 0.019907
0 0.232422 0.269676 0.007552 0.024537
2 0.194922 0.042130 0.009635 0.022222
0 0.185547 0.018519 0.010156 0.018519
0 0.358333 0.247685 0.015104 0.015741
0 0.424609 0.276852 0.014844 0.013889
0 0.484375 0.290509 0.015625 0.014352
0 0.514714 0.340741 0.006510 0.026852
0 0.890755 0.168981 0.015365 0.022222
0 0.991927 0.069444 0.014583 0.021296
0 0.451042 0.853009 0.009896 0.026389
2 0.466016 0.903009 0.013281 0.036574
0 0.478125 0.900000 0.008333 0.025926
2 0.485417 0.906250 0.010937 0.029167
2 0.510938 0.925231 0.010937 0.035648
0 0.517448 0.938194 0.009896 0.023611
2 0.519792 0.896065 0.015104 0.017130
2 0.525781 0.886806 0.015104 0.019907
2 0.528646 0.870139 0.017188 0.018981
2 0.536589 0.943287 0.008073 0.025463
2 0.587891 0.861111 0.016927 0.023148
2 0.547005 0.792130 0.015885 0.019444
2 0.518359 0.745370 0.017448 0.020370
2 0.530208 0.702778 0.018229 0.017593
2 0.560417 0.734722 0.016667 0.016667
2 0.555990 0.757870 0.016667 0.018519
2 0.581120 0.724769 0.016406 0.018056
2 0.548828 0.633102 0.015365 0.017130
0 0.558724 0.597454 0.011198 0.015278
2 0.590104 0.471528 0.018229 0.018056
2 0.583984 0.488889 0.020573 0.024074
2 0.578125 0.512731 0.016667 0.017130
2 0.810026 0.778472 0.016406 0.017130
0 0.828646 0.786574 0.016146 0.014815
0 0.852344 0.757407 0.007812 0.024074
0 0.553255 0.984954 0.013802 0.023611
0 0.563021 0.988889 0.015104 0.020370
2 0.444531 0.956481 0.015625 0.018519
2 0.441406 0.972685 0.016146 0.017593
0 0.436068 0.994213 0.014844 0.011574
2 0.397135 0.952778 0.011979 0.032407
2 0.361979 0.976389 0.020313 0.047222
0 0.239714 0.978472 0.015885 0.019907
0 0.252344 0.930556 0.014063 0.016667
0 0.239453 0.906713 0.014323 0.016204
0 0.245182 0.884954 0.014844 0.016204
0 0.247656 0.871065 0.016146 0.018056
2 0.261328 0.859954 0.025260 0.031019
0 0.313021 0.775926 0.010937 0.011111
0 0.290885 0.770602 0.013542 0.011574
0 0.272786 0.768056 0.016406 0.012037
0 0.248698 0.760185 0.015104 0.012963
2 0.216797 0.835417 0.017448 0.016204
2 0.210026 0.859491 0.022135 0.024537
2 0.206901 0.884259 0.019531 0.025926
2 0.200130 0.901389 0.022656 0.022222
2 0.194922 0.921759 0.021615 0.025000
2 0.192448 0.938657 0.015104 0.018981
0 0.186589 0.962963 0.015365 0.017593
0 0.157812 0.987731 0.012500 0.024537
0 0.141406 0.771991 0.016667 0.014352
0 0.004167 0.657870 0.007812 0.010185
2 0.018229 0.776620 0.010417 0.032870
