2 0.332682 0.248843 0.009635 0.057870
2 0.312630 0.375926 0.009635 0.058333
0 0.346224 0.392593 0.014323 0.013889
2 0.366927 0.319676 0.008333 0.056944
2 0.373047 0.434028 0.000781 0.001389
2 0.365755 0.409954 0.008073 0.039352
2 0.417578 0.416204 0.008594 0.062037
2 0.417318 0.257176 0.009115 0.064352
2 0.461849 0.448843 0.009115 0.056944
2 0.416797 0.116898 0.008594 0.056944
2 0.393099 0.053472 0.016406 0.016204
2 0.422656 0.030324 0.006250 0.029167
2 0.383594 0.180556 0.009896 0.056481
2 0.009505 0.364352 0.009115 0.029630
2 0.021484 0.358796 0.009635 0.034259
2 0.071224 0.364815 0.007552 0.027778
2 0.147917 0.363657 0.008333 0.026389
0 0.159115 0.364120 0.007292 0.023611
2 0.185547 0.363889 0.008073 0.030556
2 0.195573 0.362731 0.007812 0.032870
0 0.224219 0.364352 0.007812 0.026852
2 0.233333 0.362269 0.008333 0.029167
0 0.242188 0.358102 0.007812 0.024537
2 0.253385 0.360417 0.007292 0.033796
0 0.280078 0.364583 0.005469 0.028241
2 0.203906 0.497685 0.018229 0.012037
0 0.246745 0.574074 0.007552 0.020370
2 0.267057 0.577546 0.008073 0.026389
0 0.285286 0.567593 0.007552 0.024074
2 0.294792 0.575694 0.008333 0.035648
2 0.292578 0.610185 0.015885 0.013889
2 0.291146 0.625000 0.017188 0.012963
2 0.293359 0.641667 0.016927 0.012037
0 0.292187 0.698148 0.014583 0.012037
2 0.239323 0.692361 0.019271 0.012500
0 0.240234 0.713889 0.014844 0.012963
0 0.240234 0.765509 0.015885 0.012500
2 0.242188 0.804630 0.016667 0.013889
2 0.245443 0.933102 0.019010 0.017130
2 0.245964 0.962963 0.020052 0.016667
0 0.275781 0.813194 0.017188 0.018056
2 0.276693 0.846759 0.015365 0.014815
0 0.292708 0.957639 0.014063 0.012500
0 0.292448 0.923380 0.015104 0.011574
0 0.292187 0.895833 0.016146 0.013889
0 0.294531 0.871296 0.014583 0.012963
0 0.293359 0.811111 0.016406 0.022222
0 0.294010 0.784954 0.018750 0.012500
2 0.292839 0.762269 0.016927 0.013426
2 0.292969 0.723611 0.015625 0.013889
2 0.328906 0.747917 0.017708 0.011574
2 0.321224 0.573380 0.008073 0.028241
0 0.330729 0.574306 0.005729 0.026389
2 0.340234 0.565741 0.008594 0.033333
0 0.365104 0.596991 0.007292 0.030093
0 0.363802 0.653241 0.007292 0.028704
0 0.364063 0.692824 0.006771 0.029167
0 0.365365 0.730324 0.006250 0.026389
0 0.365104 0.772454 0.006771 0.027315
0 0.364193 0.809259 0.007031 0.026852
0 0.366146 0.850000 0.006771 0.029630
0 0.404948 0.855324 0.007292 0.030093
0 0.346354 0.454630 0.014063 0.012963
2 0.348047 0.485648 0.016406 0.012963
2 0.391406 0.469213 0.008333 0.029167
0 0.416797 0.470139 0.008594 0.031944
0 0.417448 0.337037 0.006771 0.025926
2 0.459896 0.118287 0.008333 0.042130
2 0.458333 0.201620 0.005729 0.030093
0 0.467839 0.240278 0.004948 0.026852
2 0.460417 0.333565 0.006250 0.031944
2 0.489714 0.092130 0.016406 0.012963
2 0.491276 0.111574 0.015365 0.013889
2 0.489583 0.126389 0.016667 0.012037
2 0.489323 0.144213 0.015104 0.013426
2 0.491016 0.168750 0.016927 0.014352
2 0.489583 0.196065 0.014063 0.012500
2 0.489453 0.247222 0.015885 0.012963
2 0.487760 0.265972 0.021354 0.017130
0 0.492708 0.363889 0.015104 0.013889
0 0.492318 0.406481 0.015365 0.015741
0 0.488542 0.443750 0.014583 0.011574
2 0.538151 0.458102 0.025781 0.014352
0 0.528516 0.420139 0.016406 0.012500
0 0.547266 0.418750 0.014844 0.011574
0 0.548438 0.434259 0.015104 0.012963
0 0.549089 0.393287 0.014844 0.013426
0 0.531380 0.380093 0.014323 0.012037
0 0.531380 0.354861 0.015365 0.011574
2 0.530859 0.250926 0.016406 0.013889
2 0.528385 0.223611 0.016667 0.013889
2 0.529297 0.175694 0.016406 0.016204
2 0.528125 0.139583 0.015104 0.013426
2 0.529036 0.090972 0.015885 0.015278
0 0.547135 0.076852 0.014063 0.012963
2 0.587630 0.075231 0.016406 0.014352
2 0.588411 0.104630 0.021094 0.015741
2 0.605339 0.152546 0.005990 0.030093
2 0.587891 0.249074 0.021094 0.013889
0 0.604557 0.255324 0.007031 0.028241
0 0.584635 0.302083 0.015104 0.012500
2 0.585286 0.329861 0.015885 0.012500
2 0.585938 0.349537 0.021875 0.014815
2 0.585938 0.371528 0.023438 0.015278
2 0.583594 0.393056 0.021875 0.013889
2 0.586328 0.417361 0.021094 0.015278
2 0.585026 0.445139 0.016406 0.012500
0 0.603255 0.336111 0.005469 0.025000
0 0.627734 0.331713 0.015885 0.013426
2 0.613542 0.515741 0.035417 0.030556
0 0.573047 0.536806 0.014844 0.015278
0 0.548698 0.548380 0.014583 0.017130
2 0.752083 0.282176 0.018229 0.019907
2 0.763542 0.330787 0.018750 0.018056
0 0.827214 0.445139 0.013802 0.013426
2 0.891276 0.423843 0.012240 0.014352
2 0.909245 0.412269 0.015365 0.017130
0 0.776432 0.949537 0.008594 0.026852
0 0.802604 0.936574 0.007812 0.025000
0 0.883073 0.910648 0.011458 0.010185
0 0.943229 0.937269 0.016667 0.014352
0 0.666146 0.423611 0.015625 0.012963
0 0.670312 0.447685 0.015104 0.017593
0 0.682161 0.481481 0.012760 0.015741
2 0.935807 0.287269 0.012760 0.027315
0 0.092969 0.095833 0.015625 0.012037
0 0.071615 0.304398 0.018750 0.012500
2 0.060937 0.915972 0.018750 0.015278
0 0.042057 0.920833 0.015365 0.020370
0 0.019141 0.975231 0.010677 0.029167
0 0.326042 0.907176 0.011458 0.009722
2 0.347526 0.039120 0.015365 0.013426
0 0.027214 0.965046 0.007552 0.024537
2 0.261458 0.365741 0.007292 0.030556
0 0.188672 0.115972 0.017969 0.013426
0 0.383203 0.090046 0.013281 0.018981
2 0.347005 0.500000 0.015365 0.011111
0 0.531120 0.443981 0.014844 0.012037
2 0.547786 0.238194 0.015885 0.011574
2 0.547786 0.221991 0.016406 0.011574
2 0.547917 0.208333 0.016146 0.011111
2 0.548047 0.192593 0.015885 0.013889
0 0.589323 0.089815 0.012500 0.011111
2 0.783203 0.418287 0.020052 0.022685
2 0.782813 0.350463 0.008333 0.030556
2 0.791146 0.345602 0.008333 0.030093
2 0.962630 0.266667 0.013281 0.028704
2 0.972917 0.260880 0.013542 0.028241
2 0.925651 0.242361 0.019010 0.014352
2 0.924740 0.429861 0.007812 0.027315
0 0.531120 0.557870 0.012760 0.014815
0 0.506250 0.569676 0.017708 0.015278
0 0.479687 0.575000 0.016146 0.012037
0 0.241667 0.550694 0.008854 0.026389
0 0.232161 0.553241 0.008594 0.025000
2 0.327474 0.792130 0.017448 0.011111
2 0.327214 0.869907 0.016406 0.012963
0 0.248958 0.991667 0.010937 0.015741
0 0.697917 0.968519 0.007812 0.020370
0 0.809505 0.932639 0.006510 0.020833
0 0.866406 0.914583 0.015625 0.014352
2 0.912630 0.913657 0.014844 0.018056
0 0.423307 0.063426 0.012240 0.024074
0 0.366406 0.202778 0.008333 0.030556
0 0.790104 0.939352 0.010417 0.025000
0 0.853385 0.978704 0.008854 0.024074
2 0.877344 0.927083 0.014063 0.017130
2 0.813542 0.976389 0.015104 0.012037
