2 0.008724 0.089120 0.009115 0.031944
2 0.020964 0.084259 0.010677 0.034259
0 0.071094 0.086806 0.009375 0.027315
0 0.147656 0.084722 0.007812 0.030556
0 0.158854 0.084722 0.008854 0.023148
0 0.185417 0.085185 0.007292 0.029630
0 0.195312 0.084028 0.007292 0.030093
0 0.224870 0.083565 0.008073 0.025463
0 0.232161 0.081713 0.008594 0.031944
0 0.241927 0.078704 0.008333 0.027778
2 0.253255 0.078241 0.009115 0.031481
2 0.312240 0.091667 0.010417 0.062963
0 0.280339 0.082870 0.007031 0.028704
2 0.204687 0.217593 0.018750 0.013889
2 0.270052 0.297685 0.008333 0.030556
0 0.249349 0.296759 0.007552 0.025000
0 0.287760 0.287269 0.007292 0.025463
2 0.296615 0.295139 0.007812 0.035648
2 0.323437 0.293056 0.007812 0.030556
0 0.333333 0.291204 0.005729 0.026852
2 0.341927 0.281019 0.007292 0.036111
0 0.347786 0.170139 0.013281 0.011574
2 0.367708 0.032176 0.009375 0.057870
0 0.367839 0.082870 0.006510 0.024074
2 0.366797 0.122685 0.008594 0.041667
2 0.393620 0.182176 0.007552 0.031944
0 0.418620 0.048148 0.005469 0.027778
2 0.419141 0.127083 0.008594 0.067130
2 0.419401 0.182176 0.007552 0.031019
2 0.463802 0.157639 0.009375 0.060648
0 0.460938 0.043056 0.006250 0.032407
0 0.493490 0.071759 0.015625 0.012963
0 0.494010 0.115741 0.016146 0.012963
0 0.490495 0.154398 0.014323 0.010648
0 0.532682 0.062037 0.015885 0.011111
0 0.533464 0.089352 0.013281 0.012037
0 0.550130 0.101852 0.015885 0.012037
0 0.530469 0.128704 0.015104 0.012037
0 0.550651 0.127083 0.014323 0.009722
0 0.550781 0.142593 0.015625 0.012037
2 0.540234 0.164583 0.025781 0.016204
2 0.586719 0.035417 0.015625 0.013426
0 0.605078 0.041435 0.007031 0.027315
0 0.629427 0.034259 0.016146 0.012963
2 0.588281 0.053472 0.021875 0.018056
2 0.587760 0.077083 0.022396 0.018056
2 0.586068 0.098843 0.020573 0.017130
2 0.588932 0.124537 0.021615 0.017593
0 0.587630 0.150926 0.015885 0.013889
0 0.686328 0.187963 0.013802 0.017593
2 0.766536 0.029167 0.018490 0.021296
2 0.618359 0.221528 0.038281 0.034722
0 0.576953 0.245139 0.015365 0.017130
0 0.367057 0.370833 0.007031 0.028704
0 0.367839 0.409954 0.006510 0.028241
0 0.369792 0.447685 0.006771 0.028704
0 0.370182 0.492130 0.007552 0.027778
0 0.369792 0.526157 0.006771 0.030093
0 0.371224 0.569213 0.007031 0.028241
2 0.295833 0.328472 0.016146 0.012500
2 0.293880 0.343287 0.020052 0.013426
2 0.295443 0.358796 0.016927 0.011111
2 0.242839 0.412500 0.018490 0.012037
0 0.243880 0.436343 0.016927 0.011574
0 0.244401 0.487500 0.014844 0.011111
2 0.246875 0.527315 0.015625 0.012037
2 0.252214 0.654861 0.019010 0.014352
2 0.251693 0.685880 0.021094 0.014352
0 0.254427 0.719444 0.011979 0.024074
2 0.258464 0.766204 0.015365 0.016667
2 0.302865 0.774074 0.022396 0.017593
0 0.299089 0.678935 0.013802 0.013426
0 0.298047 0.644213 0.015885 0.013426
0 0.298307 0.617824 0.016406 0.013426
0 0.298568 0.592130 0.015365 0.012037
2 0.281901 0.566667 0.016927 0.012963
2 0.281901 0.531481 0.018490 0.012963
2 0.298177 0.531019 0.014583 0.012963
2 0.298438 0.505093 0.019271 0.012963
2 0.296484 0.481250 0.016406 0.012500
2 0.296875 0.443287 0.017188 0.009722
0 0.295833 0.417361 0.015104 0.011574
0 0.048568 0.651157 0.016927 0.016204
2 0.065625 0.645139 0.017188 0.015278
0 0.954688 0.640972 0.017188 0.017130
2 0.923307 0.618056 0.016927 0.020370
2 0.824740 0.682639 0.015104 0.012500
0 0.785937 0.659722 0.009375 0.030556
0 0.888151 0.984028 0.014844 0.017130
0 0.818490 0.946991 0.015104 0.019907
2 0.791406 0.859954 0.014583 0.017130
0 0.805599 0.873611 0.010677 0.015741
0 0.729036 0.845602 0.015885 0.016204
0 0.705729 0.804861 0.014063 0.012500
0 0.684375 0.796065 0.014063 0.014352
0 0.685807 0.829167 0.013281 0.014815
0 0.635417 0.821065 0.016667 0.013426
0 0.594922 0.794213 0.016406 0.014352
0 0.577865 0.795370 0.013021 0.012963
0 0.543750 0.828241 0.014063 0.028704
0 0.483854 0.865046 0.014063 0.014352
0 0.491667 0.837269 0.014583 0.014352
0 0.460417 0.884954 0.010937 0.012500
0 0.431641 0.844907 0.015365 0.022222
0 0.425000 0.931713 0.014583 0.018981
0 0.399089 0.910417 0.015365 0.016204
0 0.358073 0.935185 0.013542 0.014815
0 0.347656 0.967361 0.014063 0.016204
0 0.378516 0.969213 0.014844 0.017130
2 0.349479 0.856713 0.015625 0.031944
0 0.367448 0.812731 0.010417 0.025463
2 0.438281 0.765046 0.007292 0.032870
2 0.445052 0.807176 0.013021 0.030093
2 0.332943 0.466204 0.019010 0.011111
2 0.347917 0.198148 0.019792 0.012963
2 0.348958 0.215741 0.014583 0.011111
0 0.586458 0.008565 0.016146 0.011574
2 0.794922 0.044213 0.007552 0.031944
2 0.786198 0.048843 0.008854 0.031019
2 0.788411 0.118056 0.020573 0.023148
0 0.832031 0.146296 0.013542 0.013889
2 0.930599 0.125926 0.008073 0.028704
0 0.673438 0.150926 0.014583 0.013889
0 0.668750 0.128935 0.016667 0.011574
0 0.552083 0.257407 0.015104 0.015741
0 0.534115 0.269213 0.014063 0.014352
0 0.511328 0.281713 0.014844 0.014352
0 0.483073 0.287500 0.015625 0.011111
0 0.368750 0.313657 0.006250 0.028241
0 0.244141 0.271296 0.009115 0.026852
0 0.233854 0.273611 0.009375 0.027778
0 0.025651 0.706481 0.009635 0.025926
0 0.033594 0.696528 0.007292 0.022685
2 0.332422 0.511806 0.017969 0.010648
2 0.332813 0.589583 0.016667 0.011574
0 0.331641 0.627778 0.011198 0.009259
2 0.333984 0.745602 0.019531 0.013426
2 0.334896 0.765972 0.019271 0.012500
2 0.303255 0.895602 0.015365 0.018981
0 0.274349 0.990046 0.012240 0.016204
0 0.471354 0.846991 0.015104 0.011574
0 0.828646 0.923380 0.015625 0.018056
0 0.811458 0.645139 0.007812 0.025463
0 0.818750 0.641898 0.006250 0.022685
0 0.800130 0.650694 0.008073 0.018981
0 0.876172 0.621759 0.014844 0.013889
0 0.892188 0.616898 0.010937 0.012500
0 0.863411 0.684722 0.007552 0.020370
0 0.070182 0.027315 0.016406 0.010185
0 0.347005 0.106944 0.014323 0.012963
2 0.335677 0.719213 0.017708 0.016204
0 0.509505 0.833333 0.014323 0.027778
2 0.885286 0.633333 0.017448 0.017593
0 0.706771 0.680556 0.007292 0.022222
2 0.912891 0.110880 0.014323 0.017130
2 0.896094 0.121296 0.013021 0.013889
