0 0.019010 0.524074 0.008854 0.028704
2 0.031641 0.519444 0.009635 0.030556
2 0.080859 0.521296 0.008594 0.028704
2 0.157422 0.514815 0.008594 0.028704
0 0.167448 0.514120 0.007292 0.021759
0 0.195833 0.509954 0.008854 0.031019
2 0.205208 0.510417 0.007292 0.028241
0 0.233464 0.510185 0.007552 0.025926
2 0.242057 0.505324 0.005990 0.027315
0 0.251432 0.502546 0.007031 0.027315
2 0.263021 0.502083 0.007812 0.027315
0 0.289193 0.504630 0.006510 0.025926
2 0.322135 0.512963 0.011458 0.057407
2 0.216536 0.643750 0.018490 0.011574
0 0.261328 0.716667 0.006510 0.020370
2 0.282161 0.718519 0.006510 0.027778
0 0.300260 0.706250 0.007292 0.024537
2 0.309505 0.713657 0.008073 0.034722
2 0.308464 0.747917 0.016406 0.013426
2 0.307422 0.764815 0.016927 0.012963
2 0.308594 0.778935 0.015625 0.012500
0 0.258594 0.856250 0.017188 0.012500
0 0.258984 0.906944 0.016406 0.013889
2 0.263021 0.945833 0.016667 0.012963
0 0.309766 0.835185 0.014844 0.012963
2 0.311068 0.861343 0.015885 0.012500
2 0.312240 0.898380 0.016667 0.013426
2 0.313151 0.923148 0.015885 0.012037
2 0.295964 0.948148 0.017448 0.012037
2 0.313281 0.947222 0.014583 0.013889
2 0.298568 0.983333 0.016927 0.016667
0 0.387370 0.980556 0.007031 0.026852
0 0.384375 0.939583 0.007292 0.027315
0 0.385026 0.902778 0.007031 0.028704
0 0.383984 0.861574 0.008073 0.025000
2 0.381250 0.824537 0.007812 0.027778
0 0.379948 0.786111 0.007292 0.028704
0 0.380339 0.729861 0.008073 0.027315
2 0.335417 0.710880 0.007812 0.029167
0 0.345443 0.710880 0.007552 0.025463
2 0.353906 0.700231 0.007292 0.034722
2 0.357292 0.589352 0.014583 0.012963
0 0.356120 0.527546 0.015885 0.011574
2 0.339062 0.384954 0.009896 0.057870
0 0.095703 0.251852 0.016406 0.013889
0 0.325130 0.241435 0.016406 0.017130
0 0.319922 0.137731 0.006510 0.029167
0 0.329818 0.106481 0.008073 0.031481
0 0.333594 0.197222 0.008333 0.027778
2 0.349089 0.175463 0.015365 0.012963
2 0.393750 0.185880 0.016667 0.014352
2 0.396615 0.051157 0.007812 0.031944
2 0.421224 0.066667 0.009115 0.039815
0 0.425130 0.117130 0.008073 0.029630
2 0.423438 0.160185 0.006771 0.030556
2 0.420182 0.249074 0.009635 0.060185
2 0.388672 0.317361 0.010156 0.052315
2 0.375130 0.453472 0.008073 0.056019
2 0.376432 0.543287 0.009115 0.038426
0 0.375521 0.500926 0.005729 0.020370
0 0.413932 0.448380 0.006510 0.031019
0 0.426302 0.466898 0.006771 0.027315
2 0.423177 0.386806 0.011458 0.062500
2 0.427734 0.547454 0.009635 0.064352
2 0.403516 0.600926 0.007552 0.027778
0 0.428516 0.601389 0.010156 0.036111
0 0.436979 0.668287 0.014063 0.012500
2 0.472135 0.576389 0.009896 0.056481
0 0.498958 0.568056 0.015625 0.010185
0 0.502474 0.531019 0.016927 0.012963
0 0.501042 0.487037 0.016667 0.012963
2 0.494792 0.391435 0.020833 0.017130
2 0.495833 0.374074 0.016667 0.012963
2 0.494531 0.322222 0.014583 0.011111
2 0.495833 0.294907 0.016146 0.012037
2 0.493490 0.268750 0.015625 0.011574
2 0.493620 0.251852 0.014844 0.012963
2 0.493490 0.235880 0.015625 0.009722
2 0.491406 0.217593 0.016146 0.011111
0 0.549219 0.197454 0.014583 0.012500
2 0.531510 0.214815 0.017188 0.012963
2 0.530990 0.262500 0.016146 0.012963
2 0.533984 0.298148 0.016927 0.012963
2 0.533984 0.346759 0.016927 0.013889
2 0.537370 0.373380 0.016406 0.013426
2 0.552344 0.313426 0.016667 0.012037
2 0.553255 0.328704 0.016406 0.011111
2 0.554167 0.343750 0.018229 0.010648
2 0.554297 0.357870 0.015885 0.011111
0 0.516927 0.433102 0.014063 0.022685
0 0.540104 0.475231 0.015625 0.013426
0 0.540365 0.501389 0.015104 0.013889
0 0.558464 0.513194 0.014844 0.013426
0 0.538932 0.540972 0.015365 0.012500
0 0.557813 0.539352 0.013542 0.012963
0 0.558854 0.554398 0.014583 0.010648
0 0.542318 0.565972 0.015365 0.011574
2 0.549219 0.579398 0.026042 0.014352
2 0.595443 0.562500 0.015885 0.012963
2 0.596875 0.536111 0.021875 0.015741
2 0.593359 0.510880 0.021094 0.015278
2 0.595182 0.488889 0.022656 0.014815
2 0.594531 0.464583 0.021875 0.015278
0 0.591797 0.445833 0.016406 0.013889
0 0.590625 0.418056 0.014063 0.016667
2 0.594792 0.365509 0.020313 0.015278
0 0.611589 0.369907 0.006510 0.027778
2 0.608724 0.267361 0.006510 0.030093
0 0.611328 0.450926 0.007031 0.025926
0 0.635677 0.445370 0.016667 0.014815
0 0.675130 0.533565 0.019010 0.012500
0 0.680599 0.559722 0.015885 0.017593
0 0.586068 0.653472 0.014323 0.018056
2 0.625391 0.631713 0.035156 0.033796
0 0.494010 0.700000 0.015104 0.014815
0 0.561719 0.667361 0.015625 0.018056
0 0.544661 0.678472 0.013281 0.017130
2 0.604948 0.115278 0.008854 0.036111
2 0.589844 0.192130 0.016667 0.012963
2 0.580859 0.215972 0.000781 0.006944
0 0.591016 0.208333 0.013802 0.011111
2 0.591146 0.222222 0.021354 0.015741
2 0.758984 0.388889 0.017448 0.020370
2 0.771745 0.435417 0.019531 0.020833
0 0.942578 0.378009 0.013802 0.031019
2 0.901302 0.515972 0.014583 0.018981
2 0.918099 0.503935 0.012240 0.016204
2 0.934896 0.517824 0.008854 0.031944
0 0.838021 0.541898 0.012500 0.015278
0 0.693490 0.591898 0.015104 0.016204
0 0.423568 0.898843 0.007552 0.030093
2 0.683594 0.109491 0.015104 0.026389
2 0.676302 0.014352 0.019792 0.014815
2 0.463411 0.246065 0.008594 0.040278
2 0.463672 0.330093 0.005990 0.029630
2 0.468229 0.460880 0.006250 0.031019
0 0.459505 0.138194 0.007552 0.031019
2 0.364063 0.079861 0.007812 0.034722
2 0.969792 0.355556 0.010937 0.029630
2 0.979297 0.349306 0.012240 0.031019
2 0.799609 0.447685 0.008594 0.027778
2 0.791016 0.452083 0.008594 0.029167
2 0.793880 0.521065 0.019010 0.025463
2 0.740365 0.558565 0.015104 0.016204
0 0.521484 0.692130 0.015365 0.017593
2 0.930990 0.335185 0.015104 0.010185
0 0.055990 0.015046 0.006771 0.027315
0 0.045964 0.013657 0.008594 0.026389
2 0.035807 0.012963 0.009115 0.025000
2 0.103906 0.010880 0.012500 0.020833
2 0.338542 0.029861 0.018229 0.013426
0 0.341536 0.004861 0.015365 0.008796
0 0.290495 0.261806 0.013281 0.011574
0 0.424740 0.192361 0.009896 0.022685
2 0.270833 0.506713 0.006771 0.030093
2 0.004818 0.656250 0.009115 0.011574
0 0.246224 0.697222 0.008594 0.026852
0 0.256250 0.693056 0.008854 0.027778
2 0.348047 0.882176 0.017969 0.012500
2 0.347786 0.927315 0.017448 0.012963
2 0.360807 0.619907 0.016406 0.012037
2 0.360417 0.634722 0.014583 0.010185
0 0.903646 0.995833 0.011458 0.008333
0 0.079557 0.461806 0.016927 0.008796
0 0.371615 0.334954 0.007812 0.030093
0 0.394922 0.010185 0.008594 0.019444
