2 0.038021 0.089120 0.009896 0.029167
2 0.036719 0.125926 0.009375 0.027778
0 0.047526 0.122222 0.008073 0.030556
0 0.058203 0.125694 0.008073 0.024537
2 0.090755 0.097222 0.008073 0.030556
2 0.102214 0.097222 0.013802 0.065741
2 0.112630 0.084954 0.008594 0.028241
2 0.157031 0.051852 0.030729 0.015741
2 0.219401 0.040972 0.027344 0.018056
2 0.246224 0.031250 0.020573 0.018056
2 0.333594 0.044676 0.029687 0.017130
2 0.340365 0.071065 0.018229 0.013426
0 0.340104 0.099537 0.014063 0.013889
2 0.337891 0.126620 0.019531 0.013426
0 0.319401 0.163889 0.007552 0.028704
0 0.330729 0.201852 0.006771 0.028704
0 0.099870 0.358333 0.015885 0.013889
0 0.293359 0.339815 0.016406 0.014815
2 0.363802 0.173611 0.007812 0.032407
2 0.349349 0.270139 0.015885 0.015278
0 0.354427 0.317593 0.014583 0.014815
2 0.343750 0.480556 0.009375 0.059259
0 0.028646 0.633333 0.009896 0.028704
2 0.041016 0.629630 0.009635 0.029630
2 0.089714 0.627778 0.007552 0.027778
2 0.165495 0.616204 0.007031 0.026852
0 0.176042 0.615972 0.006250 0.021759
0 0.203385 0.610648 0.007812 0.029630
2 0.213281 0.610417 0.006771 0.029167
0 0.241016 0.607407 0.007552 0.025000
2 0.249740 0.603704 0.006250 0.030556
0 0.258724 0.600231 0.005990 0.028241
2 0.270052 0.600231 0.007812 0.032870
0 0.295833 0.600231 0.006771 0.025463
2 0.329297 0.606944 0.012240 0.055556
2 0.226562 0.742824 0.017708 0.011574
0 0.272005 0.814583 0.009635 0.025463
2 0.292839 0.811111 0.008073 0.028704
0 0.309896 0.801620 0.007812 0.026389
2 0.319922 0.807176 0.008073 0.034722
2 0.319010 0.842593 0.015625 0.015741
2 0.316667 0.859259 0.018229 0.012963
2 0.320312 0.873843 0.016667 0.012500
0 0.271615 0.952083 0.015625 0.016204
0 0.321745 0.928472 0.015365 0.013426
2 0.323828 0.955093 0.015885 0.012037
2 0.360677 0.972917 0.018750 0.014352
2 0.345964 0.802778 0.008073 0.028704
0 0.355078 0.803704 0.005469 0.025926
2 0.364193 0.791667 0.007552 0.033333
0 0.390755 0.819444 0.007031 0.029630
0 0.391667 0.876157 0.006250 0.029167
2 0.393490 0.914120 0.007292 0.025463
0 0.396615 0.951389 0.006771 0.025926
0 0.428125 0.780556 0.006771 0.026852
0 0.449219 0.756481 0.014063 0.013889
0 0.366406 0.682176 0.013542 0.014352
0 0.363932 0.621296 0.014323 0.012963
2 0.383854 0.636111 0.009896 0.037037
0 0.382422 0.594444 0.006510 0.022222
2 0.381250 0.543981 0.008333 0.055556
0 0.412109 0.690972 0.008073 0.029167
2 0.437760 0.689120 0.007812 0.031019
2 0.435677 0.636343 0.011979 0.062500
0 0.432292 0.556481 0.007812 0.025926
2 0.427604 0.477778 0.011458 0.062963
2 0.392057 0.406944 0.011198 0.058333
2 0.422917 0.341435 0.009375 0.058796
2 0.395443 0.278935 0.016927 0.013426
2 0.424740 0.252315 0.007812 0.029630
2 0.396224 0.143981 0.007552 0.030556
2 0.420833 0.156944 0.009375 0.037963
0 0.410547 0.034722 0.008594 0.025926
2 0.464583 0.334259 0.008333 0.037963
0 0.466927 0.418287 0.006250 0.027315
2 0.473698 0.547454 0.007812 0.031944
2 0.479948 0.662500 0.010937 0.055556
0 0.507422 0.654167 0.017448 0.012963
0 0.509245 0.615972 0.015885 0.014352
0 0.506641 0.571528 0.016406 0.015278
2 0.498828 0.478704 0.021615 0.014815
0 0.499870 0.458796 0.015365 0.013889
2 0.497526 0.407870 0.015365 0.011111
2 0.498568 0.381944 0.014844 0.012037
2 0.496224 0.356713 0.014844 0.009722
2 0.495573 0.339815 0.016146 0.012037
2 0.495964 0.323380 0.014844 0.012500
2 0.493229 0.305324 0.015625 0.011574
0 0.550521 0.282176 0.014063 0.011574
2 0.532813 0.298843 0.017188 0.013426
2 0.534115 0.348148 0.016146 0.011111
2 0.536328 0.383102 0.015885 0.012500
2 0.537891 0.430787 0.017448 0.012500
2 0.541406 0.456713 0.016667 0.012500
2 0.555990 0.395370 0.016146 0.012963
2 0.557161 0.413194 0.015885 0.010648
2 0.557292 0.425694 0.015625 0.011574
2 0.557552 0.441667 0.015104 0.009259
0 0.545573 0.558565 0.015104 0.014352
0 0.546224 0.584028 0.014323 0.014352
0 0.564453 0.596065 0.015365 0.013426
0 0.546094 0.623611 0.015625 0.012963
0 0.564193 0.619907 0.014323 0.013889
0 0.566797 0.636111 0.016406 0.011111
2 0.556641 0.661343 0.026302 0.018981
0 0.530208 0.614815 0.007292 0.028704
2 0.604818 0.196759 0.008594 0.035185
0 0.590234 0.274306 0.019531 0.012500
0 0.592057 0.290741 0.013281 0.012963
2 0.592969 0.305556 0.021875 0.016667
2 0.598307 0.447685 0.022135 0.012963
0 0.614583 0.451389 0.007292 0.027778
2 0.611068 0.347685 0.007552 0.027778
0 0.596615 0.498843 0.015625 0.013426
2 0.598307 0.528009 0.016927 0.012500
2 0.599740 0.546991 0.022917 0.014352
2 0.600521 0.569213 0.023438 0.012500
2 0.599219 0.591435 0.019271 0.013426
2 0.602865 0.614815 0.022396 0.013889
0 0.601953 0.640972 0.016406 0.018056
0 0.616667 0.530787 0.006771 0.025463
0 0.640755 0.523380 0.016406 0.013426
0 0.683203 0.609722 0.016406 0.019444
0 0.686719 0.634028 0.015625 0.020833
2 0.634505 0.710648 0.034115 0.035185
0 0.594531 0.735417 0.014063 0.018981
0 0.570964 0.748843 0.014844 0.019907
0 0.553906 0.762037 0.014583 0.017593
0 0.530469 0.776157 0.016146 0.019907
0 0.503125 0.784028 0.016146 0.015278
0 0.701693 0.665972 0.014323 0.018981
2 0.763021 0.460417 0.018229 0.022685
2 0.776302 0.506713 0.017188 0.019907
2 0.688021 0.021065 0.014583 0.019907
2 0.674609 0.092593 0.019531 0.015741
2 0.811328 0.072454 0.012760 0.024537
0 0.844271 0.608102 0.014583 0.017130
2 0.906771 0.581713 0.014583 0.016204
2 0.923047 0.564815 0.013802 0.021296
2 0.941406 0.578935 0.008333 0.030093
2 0.947005 0.439583 0.013802 0.030093
0 0.460156 0.228472 0.007812 0.031019
2 0.682682 0.187963 0.016406 0.025000
0 0.378646 0.052546 0.008333 0.031019
2 0.796615 0.523380 0.008333 0.028241
2 0.804688 0.518056 0.007812 0.025926
2 0.972266 0.416898 0.013281 0.031019
2 0.982422 0.410880 0.013802 0.031019
2 0.800130 0.590972 0.020573 0.025463
2 0.746875 0.631713 0.016146 0.018981
0 0.549219 0.646296 0.014583 0.012037
0 0.845573 0.012500 0.014063 0.024074
2 0.105469 0.056944 0.020833 0.013889
0 0.065495 0.050926 0.013802 0.019444
2 0.056510 0.011806 0.006771 0.022685
2 0.063672 0.012963 0.008594 0.024074
2 0.040755 0.015046 0.009635 0.029167
2 0.033333 0.014120 0.008333 0.027315
2 0.025651 0.015278 0.009115 0.027778
2 0.392188 0.057407 0.006771 0.028704
2 0.378906 0.014352 0.008333 0.027778
0 0.426042 0.207870 0.007292 0.028704
0 0.295443 0.359491 0.009635 0.013426
2 0.369661 0.713426 0.015885 0.012037
2 0.369141 0.727778 0.014844 0.011111
2 0.277865 0.603009 0.007292 0.030093
2 0.007943 0.652778 0.008073 0.028704
0 0.088151 0.568981 0.017969 0.012037
2 0.012760 0.767130 0.017708 0.013889
0 0.256901 0.792593 0.008073 0.024074
0 0.266667 0.790972 0.007812 0.025463
2 0.325130 0.992824 0.017448 0.014352
0 0.397656 0.988657 0.007292 0.020833
0 0.426172 0.283565 0.012240 0.028241
0 0.375651 0.429398 0.008594 0.030093
0 0.393620 0.098843 0.008073 0.028241
