0 0.070052 0.456713 0.014583 0.012500
0 0.228385 0.425231 0.016146 0.016204
0 0.197005 0.456019 0.013281 0.011111
0 0.168880 0.482870 0.015365 0.011111
0 0.192188 0.476620 0.014583 0.012500
0 0.065365 0.486574 0.012500 0.011111
2 0.081510 0.488426 0.013542 0.010185
0 0.126042 0.460185 0.014583 0.014815
0 0.516536 0.069213 0.013281 0.028241
0 0.250391 0.349306 0.013281 0.018056
2 0.271094 0.383333 0.015625 0.022222
0 0.320573 0.321759 0.013021 0.022222
0 0.290234 0.406019 0.012240 0.018519
0 0.528776 0.477778 0.009635 0.028704
0 0.539062 0.514815 0.010417 0.027778
0 0.546094 0.548380 0.008854 0.026389
2 0.565885 0.623843 0.008854 0.025463
0 0.573958 0.659722 0.009375 0.027778
2 0.372135 0.960648 0.031250 0.050926
0 0.512370 0.118287 0.010677 0.021759
1 0.362500 0.202778 0.032292 0.047222
1 0.395313 0.216204 0.031250 0.049074
0 0.042578 0.770139 0.013281 0.018056
2 0.548698 0.238657 0.021875 0.027315
2 0.615365 0.286343 0.020313 0.022685
2 0.622135 0.315046 0.018750 0.019907
2 0.612891 0.420139 0.014844 0.019907
0 0.572917 0.324537 0.014583 0.019444
0 0.580469 0.355093 0.016667 0.017593
0 0.587370 0.382176 0.015365 0.020833
0 0.591276 0.406944 0.013281 0.016667
0 0.631380 0.567824 0.014844 0.019907
2 0.526823 0.920833 0.016667 0.054630
0 0.502083 0.940972 0.015104 0.018056
0 0.507812 0.975926 0.016146 0.019444
2 0.454688 0.960648 0.023958 0.027778
2 0.680859 0.884259 0.019010 0.055556
2 0.642188 0.974074 0.015104 0.045370
2 0.575000 0.921528 0.018750 0.062500
0 0.701172 0.653935 0.007031 0.019907
0 0.718750 0.662963 0.006250 0.028704
0 0.710807 0.669676 0.007552 0.028241
2 0.654427 0.432870 0.015104 0.019444
0 0.666016 0.467130 0.014323 0.019444
0 0.676432 0.514815 0.015365 0.020370
2 0.682031 0.540046 0.018750 0.018981
0 0.591146 0.987963 0.010937 0.023148
0 0.584505 0.713426 0.009635 0.027778
0 0.666667 0.685648 0.008333 0.025000
0 0.633333 0.834028 0.014063 0.016204
2 0.588672 0.851620 0.011719 0.031019
2 0.624870 0.891204 0.015885 0.044444
2 0.624219 0.544213 0.017708 0.018981
0 0.879297 0.069676 0.014323 0.023611
0 0.825781 0.101389 0.014063 0.025926
2 0.801172 0.188657 0.013281 0.023611
2 0.591276 0.213426 0.014323 0.019444
0 0.606380 0.253241 0.009635 0.030556
2 0.631250 0.705324 0.011979 0.031019
2 0.615365 0.727546 0.011979 0.037500
0 0.924479 0.783565 0.017188 0.019907
0 0.989453 0.651852 0.009635 0.028704
2 0.617708 0.509722 0.017188 0.018519
2 0.611458 0.487500 0.016146 0.020370
2 0.563411 0.867130 0.010156 0.031481
0 0.563411 0.822917 0.014844 0.021759
0 0.425911 0.884491 0.014323 0.022685
0 0.751693 0.849306 0.008594 0.023611
0 0.828646 0.787731 0.009375 0.021759
2 0.839974 0.781250 0.009635 0.023611
0 0.759896 0.843056 0.007812 0.025926
2 0.971224 0.684954 0.010156 0.027315
0 0.056120 0.756713 0.013281 0.020833
2 0.045312 0.753009 0.014063 0.016204
0 0.104167 0.703704 0.006771 0.019444
0 0.109635 0.697454 0.010417 0.023611
0 0.119922 0.686111 0.013281 0.022222
0 0.129427 0.666898 0.010937 0.024537
2 0.136979 0.657639 0.010417 0.025463
0 0.197135 0.595833 0.009896 0.022222
0 0.273568 0.418750 0.013802 0.018981
0 0.330339 0.351389 0.013281 0.019444
0 0.376302 0.285185 0.011979 0.023148
0 0.417057 0.278935 0.012760 0.021759
2 0.408854 0.307407 0.015625 0.020370
2 0.424089 0.340278 0.011719 0.031481
2 0.487760 0.191898 0.011458 0.035648
2 0.521354 0.266435 0.018750 0.023611
2 0.525521 0.287269 0.021354 0.022685
2 0.531380 0.312269 0.015885 0.017130
0 0.553125 0.394444 0.011979 0.014815
0 0.577474 0.503935 0.017448 0.018981
2 0.560937 0.431250 0.015104 0.018981
2 0.586458 0.548611 0.018229 0.018519
2 0.644271 0.622454 0.013542 0.017130
2 0.648568 0.636343 0.014844 0.015278
2 0.650391 0.651852 0.014844 0.020370
2 0.655339 0.685417 0.011719 0.034722
0 0.621615 0.710880 0.009375 0.026389
0 0.556250 0.588889 0.010417 0.025000
0 0.681380 0.665278 0.009635 0.026852
2 0.758073 0.692361 0.018229 0.019907
0 0.817839 0.167130 0.010677 0.016667
0 0.820443 0.118519 0.009635 0.022222
0 0.904167 0.037037 0.010417 0.018519
2 0.963672 0.540972 0.017448 0.020833
2 0.959896 0.696065 0.012500 0.031019
2 0.912109 0.727546 0.009115 0.027315
0 0.766667 0.834028 0.010417 0.022685
2 0.794531 0.814120 0.009896 0.030093
0 0.803906 0.807870 0.010937 0.027778
2 0.740625 0.859722 0.008854 0.025926
2 0.732943 0.861343 0.008073 0.026389
0 0.715234 0.872685 0.008073 0.023148
2 0.624089 0.793287 0.013281 0.017130
2 0.627083 0.808333 0.016667 0.018519
0 0.647396 0.890741 0.015104 0.019444
0 0.633724 0.927778 0.006510 0.021296
0 0.441276 0.863889 0.010677 0.016667
0 0.485417 0.811574 0.013542 0.013889
0 0.405339 0.911343 0.011198 0.018981
0 0.450260 0.987731 0.016146 0.018056
0 0.472526 0.987500 0.013281 0.016667
0 0.416927 0.996991 0.012500 0.006019
