0 0.186589 0.054167 0.008073 0.029630
2 0.195703 0.053935 0.009115 0.031019
2 0.224740 0.054861 0.008333 0.028241
0 0.233333 0.051620 0.008333 0.030093
0 0.242578 0.049769 0.007031 0.027315
2 0.253906 0.047917 0.007812 0.031019
0 0.279948 0.053009 0.006771 0.025463
2 0.313411 0.062037 0.010677 0.062037
0 0.368099 0.054167 0.005990 0.025926
2 0.367839 0.093981 0.009635 0.041667
0 0.348307 0.141204 0.015365 0.012037
2 0.348568 0.170602 0.016406 0.012500
2 0.348958 0.188194 0.016146 0.014352
2 0.205469 0.189583 0.018750 0.013426
0 0.249609 0.268519 0.007552 0.022222
2 0.270443 0.271528 0.007031 0.031944
0 0.288281 0.258333 0.007292 0.025000
2 0.297917 0.265741 0.008333 0.035185
2 0.323958 0.263194 0.008333 0.031019
0 0.333724 0.263426 0.006510 0.027778
2 0.342708 0.252315 0.006771 0.037037
0 0.369271 0.287269 0.007292 0.031944
0 0.368099 0.343750 0.009115 0.028241
2 0.367969 0.381713 0.007292 0.030093
0 0.370703 0.420139 0.005990 0.028241
0 0.370443 0.463657 0.006510 0.029167
0 0.369922 0.500000 0.008594 0.030556
0 0.372266 0.542361 0.008594 0.031944
0 0.255859 0.692130 0.012240 0.024074
2 0.259115 0.738657 0.015625 0.017130
2 0.303776 0.745833 0.023698 0.018519
2 0.335807 0.718056 0.020052 0.013889
0 0.300260 0.652083 0.014583 0.013426
2 0.252995 0.657639 0.020052 0.015278
2 0.253125 0.626620 0.019271 0.014352
0 0.298698 0.615741 0.016146 0.010185
0 0.298958 0.589583 0.016667 0.012500
0 0.300651 0.564120 0.014844 0.011574
2 0.282813 0.540046 0.016146 0.014352
2 0.247396 0.498380 0.017188 0.010648
0 0.244661 0.459954 0.015885 0.011574
0 0.244922 0.407870 0.016927 0.014815
2 0.244010 0.384259 0.019271 0.012037
0 0.296615 0.300000 0.017188 0.011111
0 0.293750 0.313194 0.018750 0.012500
2 0.295964 0.331019 0.015885 0.012963
0 0.297135 0.389815 0.015625 0.010185
2 0.298047 0.415509 0.018490 0.011574
2 0.297917 0.452546 0.017708 0.012500
2 0.299349 0.476620 0.018490 0.012500
2 0.281380 0.502315 0.016927 0.012963
2 0.298438 0.502315 0.014583 0.011111
2 0.333984 0.437500 0.018490 0.012037
0 0.418620 0.020602 0.007031 0.027315
2 0.419661 0.100000 0.010156 0.072222
2 0.419401 0.153241 0.008594 0.027778
2 0.393750 0.153472 0.007292 0.031944
2 0.463672 0.129861 0.010677 0.063426
0 0.494531 0.043750 0.017188 0.014352
0 0.494792 0.087731 0.017188 0.013426
0 0.491927 0.124769 0.015625 0.010648
0 0.533594 0.032407 0.015625 0.014815
0 0.533073 0.060185 0.015104 0.012963
0 0.550781 0.073611 0.015625 0.012963
0 0.530729 0.099769 0.017188 0.012500
0 0.550521 0.098148 0.016146 0.012037
0 0.551562 0.114583 0.016146 0.012500
2 0.541146 0.136343 0.026562 0.017130
2 0.589063 0.022222 0.023438 0.016667
2 0.588542 0.047685 0.022917 0.017593
2 0.586198 0.069213 0.020313 0.016204
2 0.589193 0.094676 0.021615 0.016204
0 0.588542 0.122222 0.017188 0.013889
0 0.669531 0.098611 0.018229 0.012963
0 0.674479 0.120602 0.015104 0.018056
0 0.686719 0.157639 0.014583 0.018981
2 0.618880 0.193519 0.035156 0.036111
2 0.350391 0.826620 0.016406 0.028241
2 0.369792 0.783333 0.008854 0.025926
0 0.341276 0.917824 0.015365 0.018056
0 0.346224 0.946528 0.017448 0.023611
0 0.310937 0.979167 0.023438 0.019444
0 0.422917 0.876852 0.013542 0.015741
0 0.457813 0.834259 0.016667 0.013889
2 0.446094 0.778241 0.013542 0.029630
2 0.440104 0.737500 0.006250 0.034259
0 0.471615 0.853935 0.014583 0.014352
0 0.493229 0.807407 0.015625 0.016667
0 0.523047 0.829861 0.010677 0.012500
0 0.547005 0.813657 0.015365 0.016204
0 0.554557 0.784259 0.014844 0.025926
0 0.579036 0.767130 0.011198 0.013889
0 0.596745 0.765972 0.015365 0.013426
0 0.686198 0.768519 0.013542 0.015741
0 0.707161 0.774769 0.014323 0.016204
0 0.761458 0.839120 0.014583 0.018056
0 0.751302 0.863426 0.015625 0.018519
0 0.805990 0.877315 0.016146 0.020370
0 0.861719 0.953704 0.014583 0.018519
0 0.901172 0.956019 0.013281 0.023148
2 0.793620 0.832407 0.011719 0.019444
0 0.807552 0.843750 0.011458 0.016204
2 0.925000 0.588194 0.017188 0.023611
0 0.955469 0.608333 0.018750 0.022222
2 0.825000 0.655556 0.015625 0.014815
0 0.049219 0.625000 0.018750 0.022222
0 0.067969 0.619444 0.017188 0.019444
0 0.786979 0.630556 0.009375 0.028704
0 0.800781 0.618981 0.011458 0.028704
2 0.009115 0.060648 0.007292 0.028704
2 0.021484 0.056019 0.009635 0.031481
2 0.070964 0.059954 0.007031 0.025463
2 0.147917 0.057176 0.007292 0.024537
0 0.158594 0.057407 0.007292 0.022222
2 0.368490 0.017361 0.009375 0.033796
2 0.460938 0.015972 0.006771 0.029167
2 0.587109 0.006481 0.016927 0.011111
0 0.605078 0.013194 0.006510 0.025463
0 0.630469 0.006019 0.016667 0.010185
2 0.764323 0.004630 0.014583 0.008333
2 0.786979 0.019213 0.008333 0.031944
2 0.795573 0.015972 0.008333 0.030093
2 0.790495 0.086111 0.019531 0.021296
0 0.833333 0.115509 0.013542 0.016204
2 0.931771 0.095139 0.006250 0.031944
0 0.577604 0.217130 0.014063 0.014815
0 0.553385 0.228935 0.014583 0.016204
0 0.534766 0.241204 0.014323 0.014815
0 0.512109 0.251852 0.014323 0.014815
0 0.483464 0.258565 0.014844 0.011574
0 0.234375 0.245139 0.007812 0.027315
0 0.244661 0.243750 0.008594 0.026389
2 0.334115 0.484028 0.018750 0.013426
2 0.333594 0.562037 0.015104 0.012037
0 0.332813 0.600000 0.011458 0.010185
2 0.335938 0.738194 0.020313 0.013426
2 0.336589 0.691667 0.015365 0.012037
2 0.304818 0.869213 0.014844 0.018056
0 0.283594 0.987037 0.011979 0.016667
0 0.472396 0.819213 0.015625 0.014352
0 0.512240 0.800694 0.013021 0.018981
0 0.813411 0.615741 0.007031 0.025000
0 0.820312 0.611806 0.006771 0.020833
0 0.878255 0.591435 0.015365 0.012500
0 0.894271 0.587731 0.011979 0.012500
0 0.984635 0.996065 0.016146 0.007870
0 0.026693 0.679861 0.010156 0.025463
0 0.035026 0.669213 0.007031 0.022685
0 0.347917 0.079398 0.014583 0.013426
2 0.887760 0.602778 0.018229 0.014815
0 0.708073 0.651852 0.006771 0.022222
2 0.913411 0.081944 0.015365 0.019444
2 0.896484 0.091204 0.014844 0.013889
