0 0.008984 0.234722 0.010156 0.033333
2 0.021354 0.229167 0.008854 0.033333
2 0.070964 0.234491 0.007031 0.028241
2 0.147005 0.233102 0.007031 0.027315
0 0.158724 0.234259 0.007552 0.022222
0 0.186458 0.233565 0.008333 0.030093
2 0.195833 0.233796 0.007292 0.029630
0 0.224349 0.234491 0.007552 0.026389
2 0.232422 0.233102 0.007031 0.031019
0 0.242448 0.231019 0.006250 0.026852
2 0.254297 0.228935 0.008073 0.028241
0 0.280208 0.234259 0.007292 0.025926
0 0.072005 0.174769 0.018490 0.014352
2 0.203776 0.368287 0.019010 0.011574
2 0.313411 0.246296 0.010156 0.059259
2 0.333073 0.118056 0.009375 0.057407
0 0.347005 0.325231 0.014323 0.013426
2 0.347266 0.354861 0.015365 0.011574
2 0.347656 0.370370 0.014583 0.010185
2 0.295182 0.448380 0.007552 0.036574
0 0.285938 0.439352 0.007292 0.025000
2 0.267839 0.448611 0.007552 0.026852
2 0.293359 0.481019 0.015365 0.012963
2 0.290885 0.496991 0.016146 0.011574
2 0.292448 0.513194 0.015625 0.010648
2 0.239714 0.563194 0.019010 0.013426
0 0.240495 0.587037 0.016927 0.013889
0 0.240365 0.637500 0.014063 0.012037
2 0.242708 0.677083 0.017188 0.013426
2 0.245833 0.804630 0.020313 0.015741
2 0.246354 0.835185 0.021875 0.013889
0 0.248828 0.870833 0.013281 0.026852
2 0.252474 0.915509 0.016406 0.014352
2 0.295833 0.924769 0.022917 0.017130
0 0.293229 0.831481 0.014063 0.011111
0 0.292708 0.794907 0.015625 0.012037
0 0.292448 0.768519 0.016667 0.014815
0 0.294531 0.744444 0.014583 0.013889
2 0.277344 0.717824 0.015104 0.015278
2 0.276172 0.682870 0.017969 0.013889
2 0.293229 0.682639 0.014063 0.013426
2 0.294141 0.657870 0.017448 0.013889
2 0.293229 0.634259 0.016667 0.012037
2 0.292708 0.595833 0.014583 0.012963
0 0.292708 0.569213 0.014063 0.012500
0 0.321875 0.443750 0.009375 0.029167
0 0.332031 0.445139 0.007812 0.026389
0 0.340495 0.435880 0.007552 0.035648
2 0.329297 0.619444 0.018490 0.012037
2 0.328516 0.664352 0.018490 0.012037
2 0.327865 0.741898 0.015625 0.014352
0 0.326953 0.779630 0.011198 0.010185
2 0.328776 0.896759 0.020573 0.013889
2 0.328125 0.918287 0.019271 0.016204
0 0.362240 0.960880 0.008333 0.025463
2 0.431771 0.919907 0.007812 0.032407
2 0.438021 0.959028 0.012500 0.028241
0 0.570052 0.952546 0.013021 0.010648
0 0.588411 0.951852 0.014844 0.014815
0 0.627344 0.979861 0.014583 0.014352
0 0.676693 0.956944 0.014323 0.017593
0 0.697396 0.965046 0.014063 0.015278
0 0.680469 0.990046 0.015625 0.011574
2 0.915755 0.787269 0.014844 0.018981
0 0.946094 0.810880 0.017708 0.014352
2 0.815885 0.848843 0.015625 0.013426
0 0.804818 0.810880 0.008073 0.025463
0 0.778776 0.823380 0.008073 0.028241
0 0.792839 0.815509 0.010156 0.022685
0 0.868620 0.787731 0.015885 0.013426
0 0.885286 0.784028 0.012240 0.013426
2 0.878516 0.800694 0.017448 0.018056
2 0.753776 0.150926 0.018490 0.021296
2 0.765755 0.199074 0.019531 0.019444
0 0.629427 0.200926 0.016667 0.012963
0 0.666536 0.294213 0.016927 0.012500
0 0.672005 0.315741 0.015365 0.014815
0 0.683724 0.353009 0.015365 0.017130
2 0.615104 0.385417 0.036458 0.031944
2 0.384505 0.050926 0.010156 0.056481
2 0.368359 0.187963 0.009115 0.056481
2 0.366667 0.279630 0.009375 0.040741
0 0.367448 0.238657 0.005729 0.023611
2 0.417578 0.125231 0.008594 0.064352
0 0.418490 0.206944 0.006250 0.027778
2 0.418620 0.286574 0.008594 0.064815
2 0.392057 0.340741 0.007552 0.030556
2 0.417969 0.340509 0.007292 0.028241
2 0.462240 0.317824 0.008854 0.056944
2 0.461068 0.203472 0.005990 0.031019
2 0.491276 0.012500 0.013802 0.013889
2 0.492057 0.037963 0.016406 0.012963
2 0.490104 0.065741 0.016146 0.012037
2 0.490885 0.116667 0.016146 0.012963
2 0.488411 0.135185 0.021615 0.015741
0 0.493490 0.231713 0.016146 0.014352
0 0.493359 0.277083 0.015885 0.013426
0 0.489063 0.314583 0.014583 0.011574
2 0.539714 0.328472 0.026823 0.014352
0 0.529687 0.290278 0.015625 0.012037
0 0.548177 0.289352 0.014583 0.011111
0 0.549740 0.304167 0.015625 0.011111
0 0.549609 0.263657 0.014844 0.012500
0 0.532161 0.250463 0.014323 0.012963
0 0.532682 0.224074 0.014323 0.013889
2 0.529167 0.008796 0.016146 0.012963
2 0.529818 0.043981 0.016406 0.014815
2 0.529557 0.093056 0.017448 0.014815
2 0.532292 0.119213 0.016146 0.013426
2 0.549089 0.060880 0.016406 0.012500
2 0.549219 0.076389 0.017188 0.013889
2 0.549219 0.092593 0.016146 0.012963
2 0.549219 0.106944 0.016146 0.012963
2 0.589714 0.118287 0.021615 0.016204
2 0.605990 0.019213 0.007292 0.029167
0 0.605859 0.124537 0.006510 0.028704
0 0.604427 0.206019 0.006250 0.027778
0 0.586719 0.171065 0.015104 0.010648
2 0.586849 0.199769 0.015885 0.012500
2 0.586979 0.217130 0.022917 0.012963
2 0.587240 0.240509 0.022396 0.015278
2 0.585026 0.262731 0.020573 0.014352
2 0.587500 0.287731 0.021354 0.014352
2 0.585807 0.314352 0.016406 0.012037
2 0.938281 0.155556 0.012500 0.029630
0 0.366276 0.468750 0.007552 0.031019
0 0.364583 0.525926 0.007292 0.030556
2 0.364453 0.564815 0.007552 0.028704
0 0.366146 0.602083 0.007292 0.025463
0 0.366146 0.645139 0.007812 0.029167
0 0.364844 0.681713 0.006771 0.030093
0 0.366797 0.721991 0.007031 0.027315
0 0.830078 0.316898 0.014323 0.017130
2 0.893620 0.292824 0.014844 0.012500
2 0.912370 0.282870 0.014844 0.013889
0 0.550000 0.418981 0.016146 0.018519
0 0.574219 0.407870 0.015104 0.017593
0 0.247266 0.446759 0.008073 0.021296
0 0.347396 0.263426 0.014063 0.012963
2 0.966146 0.136574 0.013021 0.029630
2 0.975651 0.130324 0.013281 0.028241
2 0.926432 0.111574 0.016406 0.017593
2 0.792969 0.215278 0.007812 0.031481
2 0.784375 0.219907 0.009375 0.032407
2 0.785807 0.287731 0.021094 0.023611
0 0.811589 0.806481 0.007031 0.020370
0 0.484375 0.990509 0.014583 0.012500
0 0.242057 0.423148 0.010156 0.027778
0 0.232422 0.425463 0.009115 0.028704
0 0.020182 0.848380 0.010156 0.029167
0 0.027734 0.838194 0.007552 0.022685
0 0.043099 0.794213 0.014844 0.015278
2 0.060286 0.789583 0.015885 0.015278
2 0.406120 0.833333 0.007031 0.027778
2 0.261979 0.234722 0.006250 0.028704
2 0.459635 0.071065 0.006250 0.031944
0 0.532292 0.314583 0.015625 0.009722
2 0.926953 0.299074 0.009635 0.030556
0 0.531641 0.430093 0.013802 0.014815
0 0.508073 0.440972 0.016146 0.015278
0 0.480990 0.446065 0.015625 0.011574
0 0.367057 0.071759 0.008073 0.032407
2 0.328125 0.870139 0.016667 0.016204
0 0.855990 0.851389 0.008333 0.021296
0 0.699609 0.842824 0.006510 0.020833
