2 0.017969 0.513426 0.007812 0.025926
2 0.030599 0.509028 0.009115 0.028241
2 0.080208 0.511574 0.007812 0.027778
2 0.156120 0.506481 0.008073 0.026852
0 0.167318 0.505324 0.007031 0.021759
0 0.195052 0.502546 0.007292 0.030093
2 0.203906 0.502546 0.006250 0.027315
0 0.233594 0.503472 0.005729 0.026389
2 0.241536 0.501620 0.007031 0.030093
0 0.250521 0.498148 0.007812 0.025000
2 0.262370 0.498611 0.007552 0.032407
0 0.288672 0.501389 0.007031 0.027778
0 0.097396 0.243750 0.015104 0.011574
0 0.320964 0.143056 0.007031 0.028704
0 0.332552 0.103241 0.007292 0.030556
0 0.335156 0.188426 0.006771 0.027778
0 0.329427 0.237963 0.015104 0.013889
2 0.214323 0.637731 0.017708 0.012500
0 0.259635 0.710648 0.006771 0.019444
2 0.280078 0.712500 0.007031 0.030556
0 0.298307 0.701620 0.005990 0.024537
1 0.307552 0.709259 0.007812 0.035185
2 0.333464 0.706481 0.007552 0.029630
0 0.342969 0.708333 0.006250 0.022222
2 0.351432 0.696991 0.007031 0.032870
2 0.305599 0.745370 0.014844 0.012037
2 0.303906 0.759954 0.015104 0.011574
2 0.304948 0.774769 0.016667 0.011574
0 0.255208 0.850926 0.015104 0.012963
0 0.256771 0.901389 0.015104 0.012037
2 0.258464 0.940509 0.015365 0.014352
2 0.294401 0.979630 0.015365 0.013889
2 0.292708 0.944213 0.017708 0.013426
2 0.309245 0.943056 0.013802 0.013889
2 0.309896 0.918981 0.016146 0.012037
2 0.308073 0.895370 0.016667 0.012037
2 0.307292 0.858102 0.015625 0.011574
0 0.306120 0.830324 0.013802 0.013426
2 0.343750 0.878009 0.018750 0.012500
0 0.377995 0.727315 0.007552 0.027778
0 0.377214 0.782870 0.006510 0.028704
2 0.377865 0.822454 0.006250 0.026389
0 0.380078 0.859491 0.007031 0.026389
0 0.380990 0.900463 0.006771 0.025926
0 0.380599 0.937731 0.007552 0.028241
0 0.382943 0.977546 0.008073 0.024537
0 0.356510 0.587269 0.015104 0.013426
2 0.321484 0.510648 0.011719 0.060185
2 0.402083 0.599074 0.007812 0.028704
2 0.427214 0.599769 0.007031 0.031944
0 0.435026 0.667361 0.013802 0.012500
0 0.419661 0.858565 0.007031 0.026389
2 0.338932 0.383102 0.008594 0.057870
0 0.355859 0.525000 0.014323 0.012037
2 0.375000 0.540741 0.008333 0.039815
0 0.375781 0.499537 0.005729 0.022222
2 0.375521 0.450926 0.007812 0.057407
2 0.426953 0.545602 0.008594 0.062500
0 0.426302 0.466667 0.005729 0.029630
0 0.413151 0.407870 0.007552 0.028704
2 0.423177 0.386343 0.007812 0.063426
2 0.421224 0.248148 0.010156 0.056481
2 0.366667 0.075463 0.007812 0.032407
2 0.399870 0.048380 0.007552 0.031944
2 0.423438 0.065278 0.009375 0.038889
2 0.395573 0.183565 0.016667 0.013426
2 0.424870 0.159259 0.008073 0.027778
2 0.389193 0.314352 0.011719 0.053704
2 0.464714 0.246296 0.009115 0.041667
0 0.461849 0.140046 0.007552 0.030093
2 0.493620 0.218287 0.016927 0.012500
2 0.495443 0.236343 0.015885 0.012500
0 0.495312 0.251389 0.017188 0.011111
2 0.495182 0.268519 0.016406 0.010185
2 0.496094 0.294444 0.015625 0.016667
2 0.495052 0.321296 0.015104 0.013889
0 0.496094 0.372917 0.017188 0.015278
2 0.494661 0.392361 0.022135 0.015278
2 0.467969 0.459259 0.006771 0.028704
2 0.472135 0.575000 0.009896 0.053704
0 0.500521 0.486806 0.016667 0.013426
0 0.501953 0.531250 0.015885 0.011574
0 0.498568 0.567824 0.015365 0.014352
0 0.550521 0.198843 0.014583 0.011574
2 0.533073 0.215278 0.017188 0.014815
2 0.533073 0.264352 0.015625 0.012037
2 0.534896 0.299306 0.016146 0.011574
0 0.534766 0.345833 0.017969 0.013889
0 0.536719 0.373611 0.018750 0.013889
0 0.517057 0.434028 0.014323 0.024537
0 0.539714 0.476389 0.015365 0.013889
0 0.539714 0.501852 0.014844 0.012037
0 0.557813 0.515972 0.014583 0.011574
0 0.537891 0.542824 0.016406 0.011574
0 0.556771 0.540509 0.014063 0.010648
0 0.558073 0.555556 0.015625 0.012037
0 0.540755 0.565741 0.016927 0.012963
2 0.548438 0.579630 0.026562 0.015741
2 0.607161 0.120139 0.007031 0.039352
2 0.593359 0.194676 0.015365 0.011574
0 0.592057 0.210417 0.013802 0.012500
2 0.593359 0.224306 0.021615 0.013426
2 0.609766 0.269907 0.005990 0.028704
0 0.594922 0.367361 0.021094 0.015278
0 0.611328 0.374074 0.007031 0.027778
0 0.591667 0.422454 0.014063 0.014352
2 0.592708 0.449769 0.016667 0.012500
0 0.611328 0.453935 0.007031 0.026389
2 0.593750 0.467824 0.021875 0.014352
2 0.595052 0.491667 0.023958 0.014815
2 0.591536 0.511343 0.021615 0.013426
2 0.595703 0.537963 0.021094 0.012963
0 0.594531 0.564583 0.017188 0.012500
0 0.635026 0.447917 0.017969 0.014352
0 0.674219 0.538426 0.017188 0.012037
0 0.680599 0.563194 0.014844 0.018981
0 0.692969 0.596759 0.014063 0.015741
2 0.625391 0.632639 0.035677 0.030093
0 0.584635 0.655324 0.014583 0.018056
0 0.560677 0.669676 0.015104 0.018056
0 0.542578 0.680556 0.013802 0.018519
0 0.518880 0.693981 0.015885 0.019444
0 0.491797 0.699306 0.014844 0.011574
2 0.679557 0.018287 0.020573 0.012500
2 0.685807 0.113889 0.014844 0.025000
2 0.759245 0.396065 0.018490 0.023611
2 0.772396 0.441667 0.019271 0.019444
2 0.943099 0.388426 0.014323 0.029630
0 0.838151 0.550231 0.013281 0.018056
2 0.901042 0.525926 0.013021 0.017593
2 0.916406 0.513426 0.011979 0.016667
2 0.934375 0.531481 0.010417 0.037037
2 0.350260 0.173380 0.014583 0.012500
2 0.464062 0.330093 0.006250 0.028704
2 0.553906 0.315278 0.018229 0.011111
0 0.553125 0.328472 0.018750 0.012500
0 0.553906 0.343750 0.018750 0.012500
0 0.554688 0.361111 0.017188 0.016667
2 0.969792 0.367824 0.013021 0.029167
2 0.979688 0.361574 0.012500 0.029630
2 0.799349 0.456019 0.007031 0.028704
2 0.791406 0.459722 0.009896 0.029630
2 0.793099 0.530787 0.021615 0.027315
2 0.739193 0.565278 0.016406 0.018519
2 0.815755 0.011343 0.014844 0.021759
0 0.059505 0.007407 0.008073 0.013889
0 0.049740 0.008102 0.008333 0.015278
2 0.107552 0.008333 0.010417 0.014815
2 0.341406 0.027546 0.017708 0.012500
0 0.344401 0.004398 0.013802 0.007870
0 0.293099 0.256944 0.009635 0.012963
2 0.269922 0.501620 0.006510 0.031944
0 0.079687 0.452778 0.017188 0.010185
2 0.003906 0.646296 0.007292 0.012037
2 0.359375 0.618287 0.016667 0.011574
2 0.358333 0.632407 0.015625 0.012037
2 0.342187 0.924537 0.017188 0.012963
0 0.253776 0.688194 0.009635 0.026389
0 0.244010 0.691204 0.008854 0.024074
2 0.932552 0.344444 0.016667 0.014815
0 0.427344 0.190278 0.011979 0.025000
0 0.372526 0.334954 0.008073 0.031019
0 0.398047 0.008796 0.009115 0.015741
