0 0.095443 0.237500 0.015365 0.012963
2 0.012109 0.505556 0.010156 0.038889
2 0.074089 0.506944 0.008073 0.033333
2 0.149479 0.503704 0.006250 0.025926
0 0.160547 0.503704 0.007552 0.022222
0 0.188672 0.502778 0.007552 0.029630
2 0.198177 0.504167 0.006250 0.030556
0 0.227083 0.506481 0.006771 0.024074
2 0.234635 0.502778 0.006771 0.030556
0 0.244271 0.500000 0.006250 0.026852
0 0.282422 0.505324 0.005990 0.025463
0 0.248828 0.715046 0.009635 0.022685
2 0.269401 0.717824 0.007552 0.028241
0 0.288021 0.707639 0.006771 0.029167
2 0.297266 0.715509 0.007552 0.033796
0 0.293359 0.750694 0.016406 0.018056
0 0.292578 0.765278 0.017969 0.013889
0 0.294531 0.784028 0.020313 0.015278
2 0.241406 0.834722 0.018750 0.011111
0 0.242969 0.855556 0.017188 0.011111
0 0.242188 0.904861 0.016146 0.011574
2 0.244271 0.944213 0.016667 0.012500
2 0.278516 0.950463 0.017969 0.013889
2 0.295182 0.950694 0.015365 0.015278
2 0.278776 0.985648 0.016406 0.016667
0 0.295312 0.925000 0.018750 0.013889
0 0.294141 0.902083 0.017969 0.015278
2 0.294531 0.865046 0.015625 0.014352
0 0.294010 0.837500 0.014583 0.012037
2 0.323177 0.715046 0.009375 0.028241
0 0.332422 0.714815 0.004948 0.028704
2 0.341016 0.705787 0.008073 0.034722
0 0.366927 0.737963 0.007812 0.028704
0 0.365755 0.793519 0.008073 0.029630
2 0.366016 0.832639 0.005990 0.027315
0 0.366406 0.870833 0.007812 0.033333
0 0.367188 0.912500 0.007812 0.029630
0 0.366797 0.947917 0.010156 0.029167
0 0.368750 0.987500 0.009375 0.025000
0 0.347266 0.009259 0.014844 0.017593
2 0.342839 0.036806 0.019531 0.012500
2 0.367318 0.087500 0.007031 0.033333
2 0.331901 0.111111 0.006510 0.031481
0 0.318490 0.146528 0.006250 0.026389
2 0.350000 0.181019 0.015104 0.012963
0 0.378776 0.228241 0.015365 0.019444
2 0.424479 0.078009 0.008333 0.039352
2 0.400781 0.059722 0.007812 0.036111
2 0.424479 0.171991 0.005729 0.030093
0 0.427474 0.130787 0.005990 0.031944
2 0.419401 0.262269 0.009635 0.058796
2 0.418750 0.397917 0.010937 0.065278
2 0.419401 0.559028 0.009635 0.062500
2 0.369141 0.460417 0.008073 0.056019
0 0.349089 0.533796 0.015885 0.013889
2 0.334896 0.391435 0.009375 0.059722
2 0.314323 0.515509 0.010417 0.056019
0 0.348177 0.596065 0.016146 0.013426
2 0.349479 0.625463 0.017188 0.011111
0 0.349870 0.641435 0.014323 0.009722
2 0.368490 0.551620 0.008333 0.040278
2 0.393229 0.610648 0.008333 0.029630
0 0.368229 0.508333 0.005208 0.022222
0 0.406250 0.820833 0.007812 0.030556
0 0.419792 0.478935 0.007292 0.025463
0 0.461068 0.153241 0.007031 0.031481
2 0.462240 0.261574 0.009375 0.039815
2 0.460807 0.344213 0.005990 0.027315
2 0.461458 0.475231 0.006250 0.029167
0 0.469922 0.466898 0.005990 0.028241
2 0.463542 0.592593 0.009375 0.060185
2 0.491016 0.234491 0.016406 0.011574
2 0.494141 0.253472 0.016406 0.012500
2 0.491927 0.269444 0.015104 0.011111
2 0.492318 0.286343 0.014323 0.012500
2 0.492839 0.311806 0.016406 0.013426
2 0.491667 0.338889 0.015625 0.012963
2 0.491276 0.390278 0.016406 0.011111
2 0.489974 0.408796 0.021094 0.015741
0 0.494401 0.505093 0.016406 0.013889
0 0.494401 0.548148 0.015885 0.012963
0 0.491016 0.584954 0.017448 0.010648
2 0.530859 0.233102 0.016927 0.014352
0 0.549089 0.218981 0.013802 0.012037
2 0.530078 0.282870 0.016406 0.011111
2 0.530729 0.317824 0.017188 0.013426
2 0.530208 0.365972 0.016667 0.013426
0 0.533073 0.392824 0.016667 0.012500
2 0.550000 0.334028 0.016146 0.012500
2 0.550000 0.351157 0.016146 0.014352
2 0.550130 0.365278 0.016927 0.011111
2 0.549740 0.379630 0.016146 0.012037
0 0.532943 0.494444 0.015365 0.012963
0 0.532813 0.521759 0.014063 0.012963
0 0.550260 0.536343 0.014583 0.013426
0 0.530208 0.561574 0.016146 0.011111
0 0.549479 0.559028 0.013542 0.011574
0 0.550391 0.575463 0.014844 0.013889
0 0.533464 0.584722 0.016406 0.011111
2 0.539974 0.600463 0.024740 0.014815
2 0.587891 0.491204 0.022135 0.014815
2 0.587760 0.513426 0.022917 0.012963
2 0.585417 0.534954 0.020833 0.011574
2 0.588151 0.560880 0.020573 0.014352
2 0.586719 0.586806 0.017188 0.012500
2 0.589974 0.390741 0.020052 0.015741
0 0.586458 0.444213 0.014583 0.013426
2 0.586458 0.471759 0.018229 0.011111
2 0.589974 0.217130 0.017969 0.011111
2 0.590495 0.246065 0.020052 0.014352
2 0.607943 0.141204 0.008594 0.036111
2 0.680729 0.045139 0.020313 0.013426
2 0.606771 0.292824 0.005729 0.029167
0 0.607031 0.396296 0.006250 0.025000
0 0.604948 0.476389 0.007292 0.025926
0 0.630078 0.472222 0.015365 0.012037
2 0.753646 0.425694 0.017188 0.019907
2 0.765885 0.473380 0.017708 0.019907
2 0.615625 0.656944 0.035937 0.030556
0 0.668099 0.565972 0.015885 0.012500
0 0.672135 0.590509 0.015104 0.017130
0 0.683984 0.623380 0.013802 0.017130
2 0.938802 0.428704 0.013542 0.031481
2 0.893880 0.564583 0.013281 0.012500
0 0.575130 0.676620 0.014323 0.015278
0 0.550911 0.688657 0.014323 0.016204
0 0.074219 0.445833 0.020313 0.016667
2 0.418490 0.612269 0.007292 0.030093
0 0.829427 0.586343 0.014583 0.015278
2 0.910026 0.553009 0.014323 0.018056
2 0.255729 0.499769 0.007812 0.027315
0 0.685937 0.141898 0.015625 0.027315
0 0.190885 0.258333 0.019271 0.015741
2 0.394531 0.194676 0.016146 0.012500
2 0.385417 0.324537 0.007812 0.054630
2 0.263542 0.505787 0.006771 0.030093
2 0.025260 0.500694 0.009896 0.030093
0 0.400521 0.015046 0.006250 0.023611
0 0.590755 0.233333 0.012760 0.012037
2 0.730990 0.596065 0.017188 0.018056
2 0.786198 0.559954 0.019792 0.024537
2 0.785547 0.491204 0.008594 0.028704
2 0.793229 0.487731 0.009896 0.030093
2 0.926953 0.385648 0.017448 0.014815
2 0.965495 0.409028 0.013281 0.029167
2 0.975521 0.404398 0.012500 0.029167
2 0.926172 0.569444 0.008594 0.031481
0 0.532292 0.700231 0.014063 0.016204
0 0.508073 0.711574 0.017708 0.015741
0 0.481380 0.715278 0.014844 0.012037
0 0.244271 0.691204 0.009375 0.026852
0 0.234505 0.694444 0.009115 0.023148
2 0.205859 0.638657 0.019531 0.010648
2 0.330599 0.887963 0.018490 0.012963
2 0.328906 0.932870 0.016667 0.013889
2 0.818620 0.043750 0.014323 0.027315
0 0.424740 0.203704 0.012500 0.025000
0 0.368620 0.344907 0.008594 0.030556
