2 0.265365 0.082176 0.013021 0.031944
2 0.298698 0.160648 0.020313 0.050000
2 0.289974 0.228009 0.017448 0.014352
2 0.310937 0.244213 0.010937 0.024537
2 0.320052 0.273611 0.014063 0.030556
2 0.330208 0.304167 0.011458 0.032407
2 0.340625 0.299306 0.009896 0.031019
2 0.316276 0.368981 0.014323 0.025000
2 0.350130 0.353472 0.014844 0.031944
2 0.361198 0.391667 0.013542 0.027778
2 0.351432 0.414815 0.014844 0.026852
2 0.383594 0.467824 0.007292 0.032870
0 0.288542 0.020833 0.012500 0.015741
0 0.296484 0.042593 0.016927 0.020370
0 0.308464 0.078935 0.016927 0.023611
0 0.312370 0.093056 0.011198 0.016667
0 0.315234 0.105093 0.013281 0.017593
0 0.320182 0.116435 0.014844 0.018981
0 0.325130 0.129167 0.014323 0.024074
0 0.334766 0.035185 0.014844 0.024074
0 0.339583 0.047685 0.011979 0.014815
0 0.343620 0.059259 0.013802 0.018519
0 0.347005 0.070370 0.015885 0.020370
0 0.351953 0.082870 0.013281 0.018519
0 0.370833 0.030324 0.012500 0.032870
0 0.413932 0.025694 0.014323 0.029167
0 0.426563 0.066667 0.013542 0.028704
0 0.416016 0.174074 0.012240 0.030556
0 0.445703 0.125926 0.011198 0.028704
0 0.458333 0.160185 0.008854 0.021296
0 0.466927 0.190278 0.013542 0.028704
0 0.477344 0.218056 0.008333 0.023148
0 0.488411 0.236343 0.013802 0.021759
0 0.435026 0.231713 0.008594 0.021759
0 0.444401 0.257176 0.008594 0.017130
0 0.459375 0.301852 0.011458 0.025000
0 0.472917 0.338194 0.011458 0.026389
0 0.483333 0.372917 0.009375 0.026389
0 0.545052 0.403472 0.011979 0.015278
0 0.532813 0.302546 0.012500 0.031019
0 0.512760 0.285880 0.016667 0.020833
0 0.515495 0.301389 0.016406 0.018519
0 0.520182 0.314583 0.014323 0.023611
0 0.675521 0.153704 0.015104 0.012037
0 0.724870 0.177546 0.009635 0.022685
0 0.733333 0.170139 0.009896 0.026389
0 0.748177 0.148380 0.011979 0.021759
0 0.767708 0.078472 0.016667 0.018056
0 0.777214 0.028009 0.016406 0.027315
0 0.788021 0.054630 0.013542 0.028704
0 0.771224 0.132176 0.012240 0.022685
0 0.785807 0.129167 0.015885 0.017593
0 0.752734 0.275694 0.016927 0.018981
0 0.786849 0.268056 0.016927 0.021296
0 0.764583 0.287269 0.017708 0.020833
0 0.766276 0.309722 0.015885 0.016667
0 0.824089 0.281713 0.018490 0.024537
0 0.842969 0.268287 0.014063 0.018056
0 0.948698 0.180324 0.014583 0.027315
0 0.963151 0.242130 0.013281 0.025000
0 0.981380 0.190741 0.014323 0.024074
0 0.993229 0.280093 0.013021 0.025926
2 0.283854 0.697222 0.018229 0.020370
0 0.264453 0.704167 0.014323 0.019444
0 0.379818 0.684028 0.018490 0.025463
0 0.399349 0.637037 0.015885 0.024074
0 0.429427 0.622917 0.017188 0.025463
0 0.295573 0.716667 0.015625 0.015741
0 0.284375 0.861111 0.007812 0.022222
0 0.286198 0.883565 0.015104 0.016204
0 0.289193 0.896296 0.015885 0.019444
0 0.298047 0.938426 0.007031 0.020370
0 0.302344 0.966204 0.008854 0.027778
0 0.220312 0.908333 0.016146 0.017593
0 0.222135 0.924074 0.016667 0.014815
0 0.205208 0.935880 0.015625 0.017130
0 0.117839 0.957407 0.012760 0.012037
0 0.080990 0.761111 0.014583 0.025926
0 0.032161 0.774306 0.017969 0.014352
2 0.192057 0.712963 0.017448 0.012963
2 0.156771 0.522454 0.014583 0.025463
0 0.104167 0.576852 0.016146 0.012037
2 0.643359 0.430324 0.017969 0.020833
0 0.646875 0.395370 0.016146 0.016667
2 0.780469 0.089583 0.018750 0.021759
0 0.710156 0.915741 0.014583 0.026852
2 0.600130 0.918981 0.007552 0.035185
0 0.547396 0.912269 0.016146 0.012500
0 0.638672 0.927546 0.006510 0.027315
0 0.646354 0.952083 0.008854 0.027315
0 0.650000 0.975463 0.016667 0.020370
0 0.657292 0.988889 0.015104 0.019444
0 0.959766 0.968750 0.010677 0.030093
0 0.995052 0.980324 0.007812 0.026389
0 0.984375 0.989120 0.010417 0.019907
0 0.860547 0.172685 0.010677 0.013889
0 0.536849 0.236806 0.005469 0.022685
0 0.529818 0.085880 0.009635 0.031944
0 0.520964 0.039352 0.011719 0.032407
0 0.114193 0.924306 0.011198 0.024537
0 0.218229 0.891667 0.008854 0.015741
2 0.593620 0.600463 0.015365 0.024074
0 0.685156 0.322454 0.010417 0.028241
0 0.698438 0.313426 0.009375 0.026852
0 0.765495 0.064583 0.016406 0.018056
0 0.777344 0.056713 0.010417 0.024537
2 0.373307 0.431713 0.012760 0.031944
2 0.249609 0.034259 0.013802 0.031481
