0 0.138411 0.171759 0.011719 0.026852
0 0.157422 0.125231 0.008594 0.018056
0 0.007292 0.270602 0.011979 0.020833
0 0.019531 0.291898 0.016146 0.027315
0 0.008203 0.337731 0.014323 0.018981
0 0.028646 0.355324 0.017188 0.018981
0 0.057552 0.371759 0.019271 0.020370
0 0.089323 0.352083 0.018229 0.018981
0 0.108984 0.357176 0.019531 0.017130
0 0.131771 0.307176 0.016146 0.018981
0 0.162109 0.340046 0.006510 0.029167
2 0.278646 0.237731 0.018229 0.011574
0 0.310547 0.244444 0.017969 0.013889
0 0.338151 0.253472 0.017448 0.019907
0 0.185286 0.395833 0.016406 0.017593
2 0.208984 0.399306 0.016927 0.010648
2 0.211979 0.446065 0.027083 0.012500
2 0.192578 0.470139 0.018490 0.011574
0 0.229818 0.400000 0.016927 0.012037
0 0.250260 0.400694 0.016146 0.010648
0 0.276953 0.400694 0.015885 0.012500
0 0.314974 0.400926 0.016927 0.012037
0 0.337891 0.400231 0.012240 0.012500
0 0.357422 0.401620 0.016406 0.011574
0 0.374609 0.400926 0.011719 0.011111
0 0.390234 0.392593 0.016406 0.018519
0 0.414583 0.319676 0.013542 0.017130
0 0.425391 0.381250 0.006510 0.030093
0 0.444010 0.361343 0.016667 0.012500
0 0.434635 0.383102 0.007812 0.028241
0 0.443099 0.383796 0.007031 0.028704
0 0.457943 0.425463 0.012760 0.012963
0 0.323568 0.471528 0.016927 0.012500
0 0.360156 0.471991 0.012500 0.010648
0 0.376432 0.471528 0.011719 0.009722
0 0.405599 0.470602 0.015365 0.012500
0 0.430208 0.470602 0.017708 0.011574
0 0.451042 0.469444 0.016146 0.013889
0 0.516797 0.394676 0.008073 0.029167
0 0.521094 0.502083 0.010417 0.031019
0 0.533073 0.567130 0.007292 0.029630
0 0.555990 0.185880 0.007292 0.030093
2 0.573568 0.131944 0.007552 0.031481
0 0.543359 0.012963 0.005990 0.022222
0 0.556771 0.007176 0.008333 0.013426
0 0.445052 0.064120 0.009896 0.024537
2 0.030469 0.613426 0.011979 0.034259
2 0.030729 0.681713 0.011458 0.028241
2 0.046875 0.679861 0.011979 0.029167
2 0.017839 0.765278 0.010156 0.027778
2 0.120182 0.677778 0.009115 0.036111
2 0.202865 0.653009 0.018229 0.012500
2 0.172656 0.653241 0.017708 0.012037
2 0.256901 0.643519 0.029948 0.014815
2 0.284115 0.690509 0.008854 0.031019
2 0.294401 0.654861 0.017969 0.014352
2 0.303516 0.668287 0.014323 0.011574
2 0.321875 0.668750 0.017708 0.014352
2 0.341667 0.667824 0.016667 0.011574
2 0.375391 0.664352 0.019010 0.012037
2 0.399089 0.666898 0.016406 0.014352
2 0.405339 0.692361 0.007552 0.029167
2 0.424479 0.668981 0.017708 0.014815
2 0.445443 0.670139 0.015365 0.023611
2 0.506120 0.940972 0.008594 0.032870
0 0.500391 0.973843 0.007552 0.025463
0 0.551562 0.790509 0.010417 0.035648
0 0.525391 0.756944 0.008594 0.030556
0 0.545443 0.681250 0.006510 0.029167
0 0.747396 0.650000 0.009896 0.027778
0 0.835807 0.645139 0.013802 0.020833
0 0.914583 0.690972 0.011979 0.026389
0 0.950391 0.706481 0.012760 0.025926
0 0.931771 0.808102 0.011979 0.028241
0 0.959766 0.918750 0.011719 0.025463
0 0.975000 0.937500 0.015104 0.025000
0 0.934635 0.972917 0.018229 0.023611
0 0.908854 0.974074 0.013542 0.029630
0 0.899740 0.994213 0.013542 0.011574
0 0.918880 0.663194 0.011198 0.020833
0 0.889714 0.633796 0.014844 0.022222
0 0.896875 0.621065 0.013542 0.023611
0 0.903646 0.612500 0.015625 0.025000
0 0.877734 0.535648 0.008594 0.029630
0 0.868359 0.533565 0.007031 0.020833
0 0.860677 0.528472 0.006250 0.030093
0 0.851823 0.527083 0.006250 0.028241
0 0.843099 0.523843 0.007552 0.031019
0 0.832552 0.526852 0.007292 0.030556
0 0.819141 0.519213 0.012240 0.023611
2 0.779036 0.575000 0.019531 0.025000
0 0.980990 0.360417 0.019271 0.014352
0 0.904297 0.385417 0.017969 0.013426
0 0.834896 0.404167 0.017188 0.012037
0 0.231771 0.468056 0.018229 0.011111
0 0.170703 0.470370 0.017448 0.012963
0 0.142708 0.468287 0.017708 0.013426
0 0.192188 0.524537 0.008333 0.025926
0 0.215885 0.524074 0.007812 0.026852
0 0.223177 0.523380 0.006250 0.022685
0 0.230990 0.523611 0.005729 0.027778
0 0.238802 0.523843 0.006250 0.030093
0 0.246484 0.523611 0.007031 0.025000
0 0.254948 0.587037 0.006771 0.027778
0 0.247005 0.587269 0.006510 0.026389
0 0.238672 0.589120 0.006510 0.026389
0 0.231380 0.587731 0.006510 0.023611
0 0.222786 0.587037 0.007031 0.030556
0 0.200130 0.586806 0.007552 0.027315
0 0.185286 0.586806 0.006510 0.019907
0 0.177083 0.587963 0.006250 0.029630
0 0.168229 0.587500 0.007292 0.029630
0 0.229948 0.232639 0.009896 0.029167
0 0.110547 0.239815 0.012760 0.024074
0 0.991406 0.044444 0.012500 0.024074
2 0.620573 0.418056 0.009375 0.033333
0 0.260286 0.024537 0.016406 0.019444
0 0.123568 0.210648 0.013281 0.026852
2 0.366146 0.722917 0.008333 0.030093
