0 0.091797 0.763194 0.017448 0.015278
0 0.110156 0.721759 0.017188 0.017593
0 0.230339 0.671991 0.016406 0.014352
0 0.358984 0.643056 0.017969 0.015741
0 0.431120 0.595370 0.013802 0.012037
0 0.487240 0.594676 0.016146 0.015278
0 0.522266 0.594907 0.016406 0.013889
0 0.593880 0.615046 0.017969 0.015278
0 0.606120 0.549769 0.014844 0.015278
0 0.615625 0.562963 0.017188 0.014815
2 0.219792 0.106481 0.020313 0.016667
2 0.160026 0.330324 0.037240 0.033796
2 0.430599 0.281019 0.024219 0.047222
2 0.460026 0.438889 0.024219 0.050926
2 0.152604 0.900694 0.018750 0.015278
2 0.310807 0.849306 0.012240 0.025463
2 0.373177 0.842593 0.030729 0.039815
2 0.378516 0.793981 0.028385 0.019444
2 0.406380 0.812731 0.012760 0.026389
2 0.427474 0.794676 0.017448 0.013426
2 0.447526 0.790509 0.018490 0.017130
2 0.391536 0.959722 0.023177 0.024074
2 0.456901 0.922917 0.030990 0.036574
2 0.504427 0.940509 0.031250 0.049537
2 0.498307 0.774306 0.017969 0.018056
2 0.642969 0.852083 0.018229 0.059722
0 0.747396 0.981250 0.013542 0.023611
0 0.790104 0.926157 0.012500 0.030093
0 0.818620 0.946759 0.010156 0.027778
0 0.830990 0.978009 0.012500 0.029167
0 0.865104 0.968750 0.019271 0.015278
0 0.879818 0.894676 0.015365 0.014352
0 0.898828 0.890741 0.016406 0.012963
0 0.924609 0.880324 0.016927 0.010648
0 0.776563 0.881250 0.011458 0.027315
0 0.793229 0.858102 0.010937 0.029167
0 0.769401 0.845602 0.009635 0.022685
0 0.764974 0.806481 0.010156 0.028704
0 0.795052 0.796991 0.007292 0.021759
0 0.795703 0.825463 0.008073 0.029630
0 0.813151 0.724769 0.008594 0.030093
0 0.816406 0.687731 0.008854 0.029167
0 0.756901 0.746065 0.009635 0.029167
0 0.752214 0.701852 0.010156 0.031481
2 0.748698 0.659028 0.009896 0.033796
0 0.787240 0.644907 0.009896 0.027778
0 0.795833 0.624306 0.008854 0.027315
0 0.804557 0.602778 0.008594 0.026852
0 0.797786 0.541204 0.017969 0.011111
2 0.692708 0.576620 0.018229 0.013426
0 0.871875 0.502083 0.016146 0.015278
0 0.708203 0.507639 0.016406 0.015278
0 0.745573 0.497454 0.018229 0.012500
0 0.783984 0.477083 0.017448 0.012500
0 0.866536 0.446759 0.018490 0.015741
2 0.939193 0.415046 0.020573 0.014352
0 0.938411 0.435648 0.018490 0.014815
2 0.973177 0.444213 0.019271 0.017130
0 0.978776 0.487731 0.016927 0.012500
0 0.983724 0.326157 0.014323 0.025463
0 0.987109 0.302546 0.012240 0.024537
0 0.995573 0.299537 0.008854 0.029630
0 0.971615 0.296991 0.010937 0.024537
0 0.974089 0.266898 0.012760 0.028241
0 0.983724 0.260648 0.011719 0.026852
0 0.948177 0.230324 0.013021 0.031944
0 0.960417 0.230556 0.012500 0.028704
0 0.972266 0.222685 0.013281 0.028704
0 0.958333 0.185185 0.012500 0.027778
0 0.932031 0.182407 0.012500 0.028704
0 0.938542 0.161343 0.015104 0.028241
0 0.942057 0.140046 0.013281 0.031019
0 0.915365 0.135417 0.010937 0.026389
0 0.923568 0.117593 0.013281 0.026852
0 0.927995 0.094213 0.013802 0.029167
0 0.904167 0.097222 0.011979 0.029630
0 0.909505 0.079630 0.011198 0.024074
2 0.917578 0.056944 0.013802 0.034259
0 0.893620 0.033102 0.012240 0.028241
0 0.935807 0.696759 0.014323 0.012963
2 0.093099 0.084954 0.020052 0.021759
2 0.212760 0.345602 0.017708 0.027315
2 0.018099 0.891204 0.019010 0.015741
0 0.954167 0.871528 0.012500 0.009722
0 0.971484 0.864583 0.016406 0.009722
2 0.657422 0.019444 0.014323 0.037963
2 0.609505 0.068287 0.008073 0.032870
2 0.950911 0.198611 0.009635 0.024074
