2 0.119141 0.304167 0.016406 0.034259
2 0.373437 0.253935 0.016667 0.023611
2 0.582682 0.111806 0.018490 0.018981
2 0.630339 0.274074 0.013802 0.056481
2 0.654167 0.256481 0.019271 0.037963
2 0.671745 0.305093 0.013802 0.034259
2 0.568099 0.341435 0.019531 0.016204
2 0.086198 0.734491 0.020833 0.012500
0 0.100391 0.694444 0.014844 0.011111
2 0.130208 0.718287 0.023958 0.014352
0 0.169922 0.695602 0.020052 0.013426
0 0.202344 0.674074 0.018750 0.014815
0 0.182682 0.718287 0.017448 0.014352
0 0.209896 0.718519 0.013021 0.011111
0 0.240234 0.718519 0.017969 0.013889
0 0.272135 0.719213 0.017708 0.013426
2 0.296354 0.718981 0.018750 0.012037
0 0.322917 0.718056 0.019271 0.012963
0 0.341276 0.700694 0.009115 0.030093
0 0.360807 0.718056 0.017448 0.012037
0 0.390885 0.718750 0.019271 0.014352
0 0.414193 0.719907 0.016927 0.012037
0 0.440495 0.720602 0.017969 0.011574
0 0.462240 0.718056 0.014583 0.009259
0 0.496875 0.719907 0.017188 0.012037
0 0.524219 0.719907 0.017188 0.012963
2 0.550521 0.721528 0.018750 0.014352
0 0.573698 0.721759 0.017188 0.012963
0 0.600781 0.678935 0.015625 0.010648
2 0.603125 0.722454 0.017708 0.014352
0 0.628125 0.721296 0.016667 0.013889
2 0.661589 0.723148 0.023177 0.015741
2 0.690495 0.721065 0.018490 0.013426
2 0.728255 0.721528 0.019010 0.013426
0 0.756510 0.720602 0.016667 0.012500
0 0.774089 0.702778 0.016406 0.012963
0 0.804167 0.721759 0.013542 0.011111
0 0.806901 0.739352 0.017448 0.011111
2 0.828255 0.702778 0.016406 0.011111
0 0.838021 0.721296 0.016146 0.012037
0 0.841927 0.742593 0.015104 0.012037
0 0.860938 0.701389 0.017188 0.012963
0 0.874219 0.719907 0.015625 0.012037
0 0.894922 0.665741 0.020052 0.013889
0 0.897526 0.703704 0.017448 0.012963
0 0.881901 0.739120 0.017969 0.012500
0 0.940885 0.714815 0.017188 0.015741
0 0.960417 0.688889 0.018229 0.015741
0 0.969792 0.650926 0.013542 0.022222
0 0.983333 0.711806 0.017708 0.017130
2 0.971484 0.804398 0.010677 0.034722
0 0.977474 0.821065 0.009115 0.026389
2 0.992578 0.811111 0.012760 0.036111
2 0.497396 0.985185 0.020833 0.025926
2 0.180859 0.960417 0.009635 0.034722
2 0.258203 0.480324 0.008594 0.031944
0 0.176563 0.514120 0.007812 0.028241
0 0.196354 0.507639 0.007812 0.018981
2 0.865625 0.288657 0.034375 0.029167
2 0.905599 0.251852 0.019010 0.025000
2 0.244661 0.959259 0.019531 0.023148
0 0.341797 0.941667 0.014323 0.023148
0 0.908464 0.722454 0.011719 0.011574
