0 0.007943 0.308565 0.009635 0.031944
0 0.017318 0.312037 0.009115 0.031481
0 0.011979 0.463657 0.020833 0.011574
0 0.044401 0.461574 0.023177 0.015741
2 0.102734 0.380093 0.011719 0.037037
0 0.103125 0.330093 0.007812 0.029630
0 0.102344 0.161343 0.014583 0.013426
0 0.280990 0.175694 0.019271 0.015278
0 0.310807 0.181019 0.016406 0.013889
0 0.331901 0.182639 0.016406 0.013426
0 0.339583 0.121296 0.006771 0.031481
0 0.339844 0.084954 0.005729 0.030093
0 0.367969 0.068750 0.016667 0.013426
0 0.368620 0.101389 0.015885 0.012963
0 0.368880 0.119444 0.017969 0.012037
0 0.409896 0.163889 0.017188 0.013889
0 0.457552 0.171991 0.016146 0.011574
0 0.480078 0.173380 0.016406 0.010648
0 0.500521 0.174074 0.016667 0.012963
0 0.515885 0.152546 0.014583 0.027315
0 0.522656 0.115741 0.006250 0.032407
0 0.666927 0.179398 0.019792 0.011574
0 0.781380 0.185417 0.016406 0.012500
0 0.804948 0.187037 0.017708 0.012963
0 0.828125 0.189583 0.018229 0.011574
0 0.856510 0.190046 0.014583 0.012500
0 0.975781 0.234722 0.019792 0.015741
0 0.969922 0.369213 0.008073 0.029167
0 0.531641 0.291204 0.007031 0.032407
0 0.532422 0.256250 0.008594 0.032870
0 0.539974 0.371065 0.004427 0.030093
0 0.509896 0.436574 0.013021 0.010185
0 0.533464 0.496296 0.011719 0.010185
0 0.330599 0.480556 0.015365 0.010185
0 0.315495 0.434491 0.013802 0.009722
0 0.175521 0.421065 0.017708 0.013426
2 0.168750 0.471528 0.020833 0.012500
0 0.112891 0.511111 0.009115 0.030556
2 0.109375 0.554630 0.010417 0.036111
0 0.108333 0.701620 0.006771 0.025463
2 0.170182 0.648148 0.008073 0.034259
2 0.170833 0.699769 0.011458 0.032870
2 0.254036 0.673380 0.037240 0.030093
2 0.257161 0.709722 0.017448 0.027778
2 0.202865 0.754861 0.017188 0.028241
0 0.413802 0.668750 0.007812 0.031944
2 0.413542 0.741435 0.006771 0.034722
2 0.478646 0.719213 0.033333 0.075463
2 0.532682 0.664120 0.022656 0.054167
2 0.947396 0.742130 0.036979 0.020370
2 0.976432 0.673148 0.014844 0.032407
0 0.805339 0.891898 0.014844 0.018981
2 0.775911 0.907176 0.017969 0.023611
2 0.750260 0.876389 0.023438 0.025000
2 0.733984 0.909722 0.015885 0.062963
2 0.710807 0.989583 0.017969 0.020833
2 0.763021 0.984722 0.027083 0.030556
2 0.654557 0.793519 0.014323 0.012963
2 0.717318 0.808333 0.015365 0.030556
0 0.083333 0.934722 0.006771 0.027778
2 0.269141 0.982407 0.022656 0.035185
2 0.472917 0.567593 0.033333 0.021296
