0 0.036589 0.168056 0.023177 0.016667
0 0.086198 0.029861 0.017188 0.009722
0 0.086328 0.047685 0.022135 0.017593
0 0.123698 0.063426 0.013021 0.018519
0 0.100000 0.098148 0.005729 0.016667
0 0.110677 0.102083 0.008333 0.025463
0 0.163932 0.087731 0.009115 0.030093
2 0.163802 0.122454 0.009375 0.031944
0 0.180859 0.009954 0.009115 0.018981
0 0.115625 0.177083 0.019792 0.013426
2 0.166016 0.180787 0.018490 0.014352
2 0.185547 0.167130 0.022656 0.012037
0 0.247786 0.192824 0.018490 0.015278
0 0.268099 0.195370 0.017448 0.012037
0 0.311068 0.155787 0.009635 0.018981
0 0.351953 0.224306 0.017448 0.012500
0 0.353385 0.241204 0.016667 0.012037
2 0.392057 0.182176 0.020573 0.015278
0 0.505339 0.147917 0.007552 0.031944
0 0.547917 0.219213 0.018229 0.012500
0 0.574089 0.221528 0.012240 0.011574
0 0.594401 0.221759 0.014844 0.013889
0 0.668359 0.225463 0.018490 0.010185
0 0.732161 0.232870 0.015885 0.010185
0 0.776042 0.234491 0.016667 0.011574
0 0.783594 0.071991 0.010417 0.034722
0 0.808464 0.238426 0.017448 0.012037
0 0.840755 0.239583 0.012240 0.010648
0 0.122917 0.014352 0.007292 0.012963
0 0.076563 0.465741 0.014583 0.010185
0 0.098047 0.471065 0.019531 0.012500
0 0.142187 0.469676 0.019271 0.013426
2 0.167318 0.470602 0.021615 0.014352
0 0.256641 0.469907 0.021615 0.016667
0 0.315495 0.375463 0.005990 0.025926
0 0.314193 0.411111 0.007552 0.028704
0 0.285938 0.471296 0.016146 0.013889
0 0.307682 0.472685 0.016406 0.012963
0 0.383984 0.451389 0.017969 0.012963
0 0.342187 0.361343 0.016667 0.010648
0 0.343620 0.393750 0.017969 0.012500
0 0.343490 0.411111 0.017708 0.012963
0 0.432943 0.458333 0.017448 0.012037
0 0.454167 0.458333 0.017708 0.010185
0 0.474349 0.457639 0.014844 0.010648
0 0.506250 0.540509 0.005208 0.029167
0 0.506120 0.574769 0.005469 0.031019
0 0.640495 0.460648 0.017969 0.010185
2 0.755339 0.465972 0.019531 0.010648
0 0.777865 0.466204 0.018750 0.011111
0 0.801042 0.467824 0.018750 0.006944
0 0.829818 0.468056 0.013281 0.009259
0 0.946224 0.506481 0.019010 0.012963
0 0.925000 0.506250 0.019792 0.013426
0 0.978125 0.501852 0.015625 0.010185
0 0.994531 0.501389 0.008333 0.007407
0 0.940104 0.640741 0.008333 0.028704
0 0.514062 0.655556 0.004167 0.026852
0 0.484635 0.722222 0.013542 0.011111
0 0.507422 0.778009 0.013281 0.011574
0 0.289844 0.727083 0.014063 0.011574
0 0.305469 0.771759 0.015104 0.013889
0 0.150391 0.717593 0.018490 0.012963
2 0.143490 0.770370 0.019792 0.014815
2 0.076823 0.681481 0.011458 0.037037
0 0.018359 0.765046 0.021615 0.015278
0 0.085938 0.810185 0.008333 0.032407
2 0.082812 0.856481 0.010417 0.037963
2 0.144922 0.938889 0.009635 0.035185
2 0.145833 0.986111 0.011979 0.025000
2 0.228255 0.964352 0.037760 0.029630
2 0.447005 0.853704 0.031510 0.024074
0 0.387500 0.952546 0.007812 0.032870
2 0.507292 0.948380 0.027604 0.054167
2 0.947526 0.947685 0.015365 0.028704
0 0.497005 0.400694 0.009115 0.029167
0 0.490495 0.437731 0.016406 0.026389
