0 0.009896 0.058796 0.013542 0.027778
0 0.055599 0.155324 0.010156 0.018981
0 0.069401 0.186806 0.012760 0.022685
0 0.090365 0.224537 0.013021 0.025926
0 0.175651 0.160880 0.013281 0.025463
0 0.109635 0.389583 0.015104 0.018981
0 0.056510 0.397917 0.011458 0.021759
0 0.004557 0.443056 0.008594 0.025926
0 0.004557 0.528935 0.008594 0.028241
0 0.003906 0.481019 0.007292 0.011111
0 0.003516 0.461806 0.006510 0.015278
0 0.093490 0.605787 0.009896 0.020833
0 0.103776 0.631944 0.013802 0.026852
0 0.121354 0.683565 0.010937 0.027315
0 0.055339 0.799306 0.016406 0.013426
0 0.084375 0.779167 0.016667 0.012037
2 0.088672 0.800231 0.019010 0.013426
0 0.109896 0.803241 0.015625 0.013889
0 0.119922 0.782639 0.016927 0.010648
0 0.152083 0.783333 0.017188 0.012963
0 0.139323 0.805556 0.017708 0.013889
0 0.182422 0.784722 0.017448 0.012963
0 0.212109 0.786574 0.017448 0.013889
2 0.184766 0.809259 0.052865 0.022222
0 0.156510 0.869676 0.014583 0.013426
0 0.182552 0.866435 0.015625 0.010648
0 0.160677 0.938657 0.008854 0.033796
0 0.264844 0.875926 0.007292 0.029630
0 0.113542 0.451157 0.011979 0.020833
0 0.160547 0.337731 0.013802 0.022685
0 0.177474 0.282407 0.014323 0.025926
0 0.175260 0.401620 0.013021 0.023611
0 0.220703 0.497917 0.013281 0.025463
0 0.244922 0.550231 0.010677 0.020833
2 0.287109 0.664815 0.013802 0.027778
2 0.291016 0.680556 0.016406 0.026852
2 0.292318 0.695139 0.016406 0.018056
0 0.315495 0.667361 0.011198 0.024537
2 0.318229 0.636806 0.014063 0.020833
2 0.355078 0.668981 0.017969 0.007407
0 0.364583 0.625694 0.010417 0.030093
0 0.319401 0.733565 0.014844 0.018981
0 0.339844 0.817361 0.016146 0.012500
0 0.366797 0.818287 0.016927 0.014352
2 0.394141 0.818981 0.017969 0.012963
0 0.418229 0.802778 0.017188 0.011111
0 0.416797 0.819907 0.013802 0.012037
0 0.446484 0.802315 0.016927 0.013889
0 0.444661 0.821759 0.017448 0.012963
2 0.538672 0.757176 0.018490 0.013426
0 0.556771 0.782870 0.016146 0.010185
0 0.566016 0.821759 0.016927 0.016667
2 0.571224 0.803241 0.017448 0.014815
0 0.592578 0.758102 0.016406 0.015278
0 0.603125 0.799769 0.019271 0.014352
0 0.614323 0.782176 0.018750 0.014352
0 0.635547 0.763194 0.016406 0.012500
0 0.640625 0.780787 0.015625 0.009722
0 0.637500 0.801389 0.018229 0.012037
0 0.630469 0.822685 0.016667 0.011111
0 0.664714 0.762269 0.016927 0.011574
0 0.668359 0.782176 0.016406 0.011574
0 0.665234 0.801620 0.016406 0.013426
0 0.692969 0.762500 0.017708 0.012037
0 0.693229 0.783102 0.013542 0.010648
0 0.692187 0.800694 0.016146 0.013426
2 0.607552 0.877546 0.014583 0.030093
2 0.595052 0.922222 0.010417 0.031481
0 0.548177 0.959722 0.008854 0.021296
0 0.560417 0.950694 0.009896 0.030093
0 0.572786 0.953241 0.010677 0.029630
0 0.590755 0.968750 0.009115 0.030093
2 0.580729 0.986806 0.012500 0.026389
0 0.669661 0.856944 0.012760 0.012037
0 0.708724 0.853009 0.016406 0.010648
0 0.718359 0.762269 0.017448 0.011574
0 0.740495 0.761806 0.016927 0.012500
0 0.721745 0.782407 0.013802 0.010185
0 0.765495 0.838889 0.014323 0.013889
0 0.876302 0.841898 0.018229 0.014352
0 0.792969 0.673611 0.007292 0.029630
0 0.832552 0.628704 0.007812 0.030556
0 0.767708 0.617593 0.009896 0.025000
0 0.775130 0.585417 0.011198 0.026389
0 0.832031 0.581944 0.007812 0.031481
0 0.868229 0.574074 0.007292 0.029630
0 0.832292 0.521528 0.006250 0.027315
0 0.799609 0.518981 0.008594 0.022222
0 0.802344 0.488889 0.007812 0.027778
0 0.808594 0.458333 0.009375 0.029630
0 0.830729 0.480556 0.008333 0.024074
0 0.827474 0.442824 0.009635 0.030093
0 0.818620 0.392130 0.011198 0.033333
0 0.792448 0.358565 0.009896 0.028241
0 0.783724 0.325463 0.011198 0.028704
0 0.745703 0.261111 0.015885 0.018519
0 0.727604 0.388194 0.017188 0.012500
0 0.707161 0.386806 0.017448 0.013426
0 0.680078 0.386111 0.016406 0.013889
0 0.649609 0.384722 0.013281 0.009259
0 0.630208 0.383565 0.018750 0.012500
0 0.573698 0.378009 0.015625 0.012500
0 0.524870 0.376389 0.016406 0.012963
2 0.483724 0.375463 0.018490 0.011111
0 0.454427 0.374537 0.016146 0.011111
0 0.545833 0.287731 0.007292 0.026389
2 0.634245 0.150926 0.014323 0.030556
0 0.617578 0.101852 0.011719 0.030556
0 0.608203 0.057176 0.010156 0.031944
0 0.688802 0.010880 0.013542 0.020833
0 0.710026 0.065278 0.010677 0.026852
0 0.723958 0.100231 0.011458 0.029167
0 0.735547 0.131713 0.012240 0.028241
2 0.747786 0.158796 0.011719 0.032407
0 0.758464 0.197685 0.009635 0.030556
0 0.778125 0.164815 0.011979 0.024074
0 0.801953 0.177315 0.012760 0.025926
0 0.815885 0.218519 0.011979 0.025000
0 0.965104 0.299306 0.019792 0.018981
2 0.977083 0.262037 0.017708 0.020370
2 0.968099 0.235880 0.014844 0.026389
2 0.942318 0.200463 0.012760 0.032407
2 0.926953 0.132407 0.013802 0.027778
2 0.886589 0.070602 0.013802 0.032870
2 0.869401 0.026852 0.012760 0.026852
2 0.960026 0.524769 0.027344 0.057870
0 0.856771 0.118750 0.016146 0.022685
0 0.851693 0.106019 0.015365 0.021296
0 0.848698 0.094444 0.011458 0.017593
0 0.839193 0.071991 0.016406 0.021759
0 0.826432 0.038194 0.015885 0.022685
0 0.822656 0.024537 0.011458 0.018519
0 0.818880 0.012963 0.013281 0.020370
0 0.813672 0.005556 0.015365 0.010185
0 0.784896 0.037731 0.015104 0.016204
0 0.788281 0.050000 0.015104 0.020370
0 0.792578 0.060185 0.014844 0.021296
0 0.796484 0.072222 0.011719 0.017593
0 0.801042 0.084028 0.013542 0.021759
0 0.814193 0.118519 0.015365 0.022222
2 0.789844 0.144444 0.014583 0.030556
0 0.767578 0.090509 0.014844 0.029167
0 0.272526 0.112731 0.013281 0.026389
0 0.292839 0.148843 0.013281 0.027315
2 0.304427 0.184722 0.014583 0.025000
2 0.319141 0.215278 0.014844 0.028704
2 0.338411 0.254630 0.014844 0.034259
2 0.375911 0.335417 0.013802 0.029167
0 0.360417 0.299306 0.012500 0.025463
0 0.413281 0.126157 0.016146 0.011574
2 0.526953 0.021991 0.008073 0.029167
0 0.353516 0.111574 0.012240 0.026852
0 0.365234 0.137269 0.014323 0.028241
0 0.363021 0.109491 0.011979 0.025463
0 0.375521 0.100694 0.016667 0.018056
0 0.372526 0.087037 0.015885 0.017593
2 0.358594 0.074769 0.017708 0.016204
0 0.351432 0.037963 0.017969 0.018519
0 0.367188 0.037500 0.013542 0.025000
0 0.388672 0.017824 0.010677 0.021759
0 0.460677 0.003935 0.014063 0.006019
0 0.649479 0.562500 0.013542 0.011111
0 0.694401 0.651620 0.016406 0.009722
2 0.541016 0.557407 0.014323 0.010185
0 0.482422 0.557407 0.016406 0.012037
0 0.496094 0.541667 0.014583 0.017593
0 0.458333 0.616204 0.011979 0.028704
0 0.471094 0.661343 0.012500 0.027315
0 0.515104 0.335648 0.004167 0.025926
0 0.658203 0.222222 0.013281 0.019444
