2 0.462891 0.028704 0.028906 0.034259
2 0.514583 0.056481 0.016667 0.015741
2 0.542578 0.075231 0.017969 0.018056
2 0.595703 0.087500 0.008594 0.030556
2 0.629818 0.129630 0.017448 0.023148
2 0.662630 0.132639 0.009115 0.030093
2 0.680469 0.142361 0.011979 0.024537
2 0.714714 0.076157 0.014323 0.026389
0 0.756771 0.106713 0.013542 0.021759
2 0.726172 0.185648 0.013802 0.025000
0 0.651693 0.245602 0.015365 0.027315
0 0.637630 0.334722 0.011198 0.025926
0 0.616146 0.340046 0.010937 0.029167
0 0.920443 0.571296 0.015885 0.021296
0 0.860286 0.602315 0.015885 0.022222
0 0.879557 0.621296 0.015885 0.022222
0 0.840104 0.671759 0.014583 0.020370
0 0.753906 0.752546 0.015625 0.025463
2 0.912630 0.987963 0.022135 0.024074
2 0.676432 0.869907 0.016927 0.027778
2 0.603516 0.945370 0.015365 0.025926
0 0.451042 0.960417 0.016667 0.013426
0 0.493099 0.992130 0.014323 0.015741
0 0.513542 0.993056 0.014063 0.013889
0 0.512109 0.949769 0.015885 0.018056
0 0.536068 0.948611 0.011719 0.016667
0 0.548307 0.956250 0.015365 0.018981
0 0.562630 0.892824 0.015365 0.018981
0 0.572396 0.905093 0.014063 0.017593
0 0.380208 0.985648 0.017188 0.019444
0 0.360286 0.965972 0.016406 0.021759
0 0.349740 0.926389 0.015625 0.019444
0 0.356771 0.885417 0.014063 0.019907
0 0.363802 0.858102 0.010937 0.025463
2 0.406510 0.824537 0.015104 0.018519
0 0.499740 0.723380 0.011458 0.014352
0 0.647396 0.725463 0.011979 0.025926
0 0.650911 0.697917 0.011198 0.024537
0 0.654427 0.672685 0.013542 0.027778
0 0.616406 0.650926 0.009375 0.026852
0 0.610938 0.616204 0.009375 0.028704
0 0.673177 0.596991 0.014583 0.027315
0 0.658464 0.558333 0.013281 0.027778
0 0.638281 0.506713 0.013021 0.024537
0 0.611589 0.537037 0.007552 0.019444
0 0.604297 0.508565 0.011719 0.028241
0 0.624870 0.475000 0.011719 0.018519
0 0.609896 0.446528 0.014583 0.023611
0 0.587370 0.412269 0.014323 0.024537
0 0.554427 0.410648 0.015625 0.021296
0 0.537240 0.391667 0.014583 0.019444
0 0.507031 0.423843 0.016667 0.012500
0 0.485156 0.375463 0.012500 0.026852
0 0.475651 0.309028 0.015885 0.022685
2 0.453776 0.289120 0.017969 0.020833
0 0.436328 0.275926 0.015365 0.017593
0 0.417448 0.261343 0.013542 0.018056
0 0.391667 0.241898 0.018229 0.019907
0 0.357682 0.219444 0.017448 0.017593
0 0.337240 0.205093 0.011458 0.013889
2 0.320964 0.165046 0.018490 0.019907
0 0.320182 0.191435 0.015365 0.020833
0 0.303125 0.180556 0.011979 0.014815
0 0.288021 0.177315 0.013542 0.013889
0 0.294792 0.125694 0.015625 0.017130
0 0.252344 0.164583 0.011458 0.027315
0 0.244661 0.156481 0.011198 0.028704
0 0.236979 0.150463 0.007812 0.023148
0 0.231901 0.175000 0.017969 0.025000
0 0.306380 0.340046 0.016927 0.027315
0 0.328516 0.367593 0.017448 0.019444
2 0.357031 0.393287 0.018750 0.020833
2 0.302344 0.730787 0.018750 0.023611
0 0.277474 0.757176 0.014323 0.018981
0 0.337760 0.688426 0.015104 0.020370
0 0.379036 0.643287 0.013802 0.018981
0 0.428255 0.589352 0.016406 0.017593
0 0.442708 0.572454 0.010937 0.016204
0 0.469401 0.544213 0.014844 0.022685
0 0.492448 0.517361 0.015625 0.019907
0 0.509766 0.499074 0.013802 0.021296
2 0.093490 0.748380 0.018229 0.017130
2 0.116146 0.760185 0.018750 0.019444
2 0.144531 0.776620 0.023438 0.022685
0 0.175130 0.788194 0.014844 0.018056
2 0.196354 0.803009 0.017188 0.018056
0 0.021875 0.708796 0.018229 0.013889
0 0.129427 0.647917 0.018750 0.017130
0 0.111589 0.638889 0.016927 0.020370
0 0.119401 0.625694 0.016406 0.017130
0 0.119271 0.598148 0.011458 0.025000
0 0.166016 0.590278 0.014844 0.018519
0 0.088672 0.579630 0.011719 0.026852
2 0.105599 0.603472 0.013802 0.027315
0 0.100000 0.562037 0.016146 0.017593
0 0.111589 0.524537 0.014323 0.015741
0 0.113932 0.490046 0.009635 0.014352
0 0.116927 0.472454 0.010937 0.016204
0 0.127604 0.435417 0.016146 0.020833
0 0.122266 0.460185 0.014323 0.014815
0 0.167839 0.441435 0.010156 0.014352
0 0.167708 0.393287 0.013542 0.018981
2 0.227865 0.392361 0.015104 0.026389
0 0.019010 0.954167 0.010937 0.029630
2 0.746615 0.384954 0.010937 0.056019
0 0.529427 0.270370 0.016146 0.020370
0 0.505859 0.250231 0.016406 0.020833
2 0.485026 0.234491 0.018490 0.023611
0 0.449870 0.212269 0.016406 0.018981
0 0.498698 0.185648 0.008854 0.029630
0 0.476302 0.170370 0.009375 0.026852
0 0.469271 0.165509 0.006771 0.021759
0 0.461589 0.159259 0.010156 0.025926
0 0.454427 0.154861 0.010417 0.030093
0 0.447786 0.149306 0.009635 0.025463
0 0.453385 0.085185 0.009375 0.027778
0 0.460807 0.091204 0.009635 0.027778
0 0.468099 0.094676 0.009115 0.026389
0 0.475000 0.100926 0.007292 0.021296
0 0.482812 0.105324 0.011458 0.032870
0 0.504818 0.120602 0.009115 0.026389
0 0.517839 0.131481 0.008594 0.022222
0 0.525391 0.137500 0.008594 0.030556
0 0.534505 0.142130 0.009115 0.030556
0 0.366146 0.149306 0.017188 0.018981
0 0.332031 0.124074 0.011979 0.013889
0 0.317969 0.114352 0.012500 0.012037
0 0.289974 0.094676 0.015885 0.014352
0 0.267578 0.079630 0.015885 0.018519
0 0.246875 0.066898 0.016667 0.018056
1 0.162630 0.139352 0.032552 0.041667
0 0.131120 0.193519 0.013802 0.017593
0 0.314453 0.666667 0.011198 0.026852
0 0.399479 0.429630 0.009375 0.030556
0 0.325651 0.731019 0.010677 0.024074
0 0.564844 0.752778 0.012500 0.023148
0 0.251432 0.230324 0.009635 0.022685
