0 0.016276 0.106019 0.015885 0.020370
0 0.016797 0.130787 0.016927 0.019907
0 0.126172 0.194213 0.010677 0.033796
1 0.144010 0.248843 0.023958 0.068981
0 0.205339 0.184259 0.018490 0.016667
0 0.227474 0.187500 0.016927 0.014815
0 0.250130 0.192824 0.013281 0.012500
0 0.279818 0.200694 0.012240 0.013426
0 0.295573 0.204167 0.010937 0.013889
0 0.330469 0.213657 0.018750 0.015278
0 0.419661 0.240046 0.017969 0.016204
2 0.458333 0.248380 0.018229 0.016204
0 0.479687 0.254398 0.015625 0.014352
0 0.505729 0.263426 0.018229 0.016667
0 0.205469 0.268519 0.008333 0.029630
0 0.214583 0.272222 0.008333 0.027778
0 0.223568 0.276389 0.007552 0.033333
0 0.203516 0.293287 0.019531 0.016204
0 0.230469 0.341898 0.011458 0.018056
0 0.259766 0.277083 0.014323 0.017130
0 0.274479 0.271528 0.011458 0.011574
0 0.292839 0.276620 0.015365 0.015278
0 0.310937 0.281019 0.013021 0.012963
0 0.332552 0.286574 0.017708 0.014815
2 0.347135 0.264120 0.018229 0.015278
0 0.370312 0.296296 0.016667 0.014815
0 0.396094 0.303472 0.016146 0.015278
0 0.416146 0.307639 0.015625 0.016204
2 0.435417 0.314352 0.018229 0.018519
0 0.458333 0.324769 0.017708 0.022685
0 0.476172 0.384259 0.009635 0.031481
0 0.503646 0.423380 0.018229 0.016204
2 0.354297 0.456713 0.019531 0.015278
0 0.400911 0.472685 0.008073 0.026852
0 0.323828 0.443750 0.017448 0.017130
0 0.297917 0.428009 0.016667 0.021759
2 0.228516 0.507407 0.016406 0.022222
0 0.176823 0.579861 0.011979 0.019907
0 0.170833 0.533796 0.013021 0.012037
0 0.137500 0.591435 0.017188 0.018056
0 0.135286 0.617130 0.016406 0.011111
0 0.132161 0.633333 0.011719 0.010185
0 0.130990 0.648843 0.010937 0.011574
0 0.133854 0.683565 0.013021 0.012500
0 0.126953 0.724769 0.016927 0.011574
0 0.117969 0.746528 0.010417 0.028241
2 0.136198 0.762731 0.010937 0.030093
0 0.151562 0.751620 0.009896 0.027315
0 0.194531 0.726852 0.013542 0.022222
0 0.025781 0.897222 0.018750 0.017593
2 0.141927 0.907407 0.019792 0.012963
2 0.167578 0.910417 0.017969 0.014352
2 0.196875 0.913889 0.022917 0.017593
2 0.251172 0.917361 0.016927 0.013426
0 0.228516 0.914583 0.014844 0.014352
0 0.369792 0.957176 0.015104 0.010648
0 0.421354 0.905556 0.007292 0.028704
0 0.419531 0.934491 0.012500 0.021759
0 0.325000 0.841898 0.013021 0.022685
2 0.344401 0.806944 0.016927 0.029630
0 0.373828 0.751157 0.013281 0.022685
0 0.407552 0.689583 0.013542 0.022685
0 0.349609 0.739583 0.014323 0.023611
2 0.458333 0.857176 0.013021 0.024537
0 0.535417 0.718519 0.010937 0.020370
0 0.449089 0.616204 0.014323 0.020370
0 0.460807 0.595139 0.009635 0.018056
0 0.482812 0.554630 0.013542 0.023148
0 0.501953 0.519907 0.012240 0.023148
0 0.517448 0.496296 0.012500 0.023148
0 0.680859 0.659491 0.015365 0.022685
0 0.680208 0.608796 0.014063 0.027778
0 0.640495 0.601157 0.010677 0.024537
0 0.631641 0.568981 0.010677 0.028704
0 0.688802 0.525694 0.014063 0.023611
0 0.669661 0.493287 0.015365 0.026389
0 0.620703 0.491435 0.009635 0.020833
0 0.610156 0.466898 0.014063 0.025463
0 0.642708 0.451620 0.014063 0.024537
0 0.601562 0.437731 0.015625 0.023611
0 0.625781 0.424074 0.013021 0.018519
0 0.607552 0.404398 0.016667 0.023611
0 0.580599 0.378472 0.016927 0.020833
0 0.604036 0.349074 0.011719 0.032407
0 0.529036 0.381019 0.016406 0.019444
0 0.548698 0.390741 0.016667 0.022222
0 0.464062 0.986343 0.017188 0.011574
0 0.538281 0.960648 0.016667 0.016667
0 0.571354 0.977083 0.010937 0.021759
0 0.591406 0.967361 0.014583 0.025463
0 0.595313 0.902315 0.013021 0.023148
0 0.607161 0.908565 0.012240 0.024537
0 0.651302 0.919676 0.013021 0.029167
2 0.703125 0.815046 0.016667 0.031944
0 0.603516 0.721296 0.012240 0.024074
2 0.775781 0.695370 0.017188 0.031481
0 0.849089 0.522917 0.017448 0.031944
0 0.904167 0.444213 0.011979 0.024537
0 0.936849 0.382639 0.015885 0.029167
0 0.925130 0.351157 0.014323 0.027315
0 0.972656 0.313194 0.014583 0.026389
2 0.973568 0.812963 0.022135 0.025926
2 0.121875 0.322685 0.013542 0.024074
2 0.035156 0.187037 0.007292 0.030556
0 0.223307 0.211574 0.014844 0.014815
0 0.407422 0.115741 0.007552 0.027778
0 0.416016 0.117593 0.006510 0.029630
0 0.423047 0.118056 0.006510 0.027778
0 0.431380 0.122917 0.005990 0.023611
0 0.439583 0.124074 0.008854 0.030556
0 0.463281 0.129861 0.006771 0.028241
0 0.477474 0.134954 0.005990 0.019907
0 0.485286 0.135648 0.008594 0.031481
0 0.494661 0.139120 0.007552 0.031019
0 0.410026 0.181713 0.005990 0.026389
0 0.418229 0.182639 0.007292 0.028241
0 0.425911 0.185880 0.007031 0.029167
0 0.433464 0.188426 0.006510 0.025926
0 0.441406 0.188426 0.007812 0.032407
0 0.464193 0.196296 0.008073 0.028704
0 0.613021 0.220833 0.013542 0.028704
0 0.631380 0.249306 0.011198 0.020833
2 0.288542 0.004630 0.023438 0.008333
2 0.328385 0.013426 0.018750 0.016667
2 0.348307 0.016435 0.017969 0.018056
2 0.366536 0.022917 0.015885 0.015278
2 0.409635 0.057639 0.030729 0.027315
2 0.386589 0.010185 0.012240 0.019444
2 0.463672 0.063426 0.017969 0.016667
2 0.494401 0.071065 0.018490 0.017130
2 0.547005 0.060185 0.007552 0.034259
2 0.585807 0.085648 0.016406 0.021296
2 0.619141 0.075926 0.009115 0.033333
2 0.636328 0.079630 0.011198 0.026852
2 0.687370 0.102083 0.012760 0.030093
0 0.658594 0.007639 0.011979 0.011574
0 0.705729 0.011343 0.013542 0.020833
2 0.733203 0.285417 0.015365 0.061574
0 0.679427 0.633565 0.015625 0.023611
0 0.155599 0.778935 0.015365 0.012500
0 0.148568 0.793981 0.016406 0.012037
0 0.167057 0.795602 0.017448 0.012500
