0 0.012760 0.098843 0.012500 0.027315
0 0.005208 0.088194 0.009896 0.029167
0 0.024349 0.242361 0.012240 0.020833
0 0.040234 0.296065 0.014844 0.025463
0 0.046094 0.287269 0.015104 0.023611
0 0.052604 0.273380 0.013542 0.023611
0 0.083464 0.269213 0.017448 0.023611
0 0.105729 0.264815 0.014063 0.017593
0 0.193880 0.261806 0.011198 0.027315
0 0.065365 0.371991 0.009375 0.031944
0 0.073698 0.374769 0.007292 0.023611
0 0.082292 0.378935 0.007812 0.028241
0 0.091016 0.381944 0.008073 0.029630
0 0.099349 0.383333 0.008073 0.026852
0 0.109896 0.383333 0.007292 0.030556
0 0.122786 0.388657 0.012760 0.027315
0 0.139323 0.390741 0.014583 0.022222
0 0.128906 0.335185 0.014583 0.021296
2 0.164974 0.348380 0.013281 0.023611
0 0.173047 0.386574 0.016927 0.020370
0 0.209375 0.383333 0.017188 0.014815
0 0.039714 0.520139 0.017969 0.013426
0 0.107292 0.504630 0.016667 0.013889
2 0.319141 0.498611 0.009115 0.031481
0 0.392188 0.128241 0.008854 0.036111
0 0.426302 0.226389 0.006250 0.029630
0 0.423698 0.419213 0.008854 0.025463
0 0.388281 0.506481 0.012500 0.027778
0 0.494401 0.564120 0.018490 0.016204
0 0.533333 0.578472 0.010937 0.029167
0 0.494661 0.539583 0.007031 0.027315
0 0.503516 0.540741 0.006510 0.031481
0 0.512891 0.544444 0.007031 0.030556
0 0.487760 0.455093 0.016146 0.011111
0 0.508984 0.454861 0.017448 0.014352
0 0.533333 0.455093 0.015625 0.013889
0 0.549089 0.534259 0.013802 0.017593
0 0.563672 0.455787 0.013281 0.012500
0 0.579036 0.455787 0.011719 0.009722
0 0.564063 0.526620 0.011979 0.011574
0 0.581771 0.526157 0.015104 0.013426
0 0.616276 0.457407 0.017969 0.012963
0 0.600651 0.529167 0.013802 0.010185
0 0.622917 0.528472 0.017708 0.013426
0 0.660677 0.529167 0.017188 0.014815
0 0.687891 0.531250 0.016927 0.012500
0 0.708594 0.462731 0.018229 0.013426
0 0.709375 0.532176 0.016667 0.013426
2 0.730078 0.534028 0.017448 0.013426
0 0.752995 0.537500 0.017448 0.018519
2 0.747786 0.462731 0.019010 0.012500
0 0.769531 0.463889 0.017708 0.012963
0 0.770833 0.490278 0.016667 0.012963
0 0.797656 0.466435 0.016667 0.013426
0 0.686198 0.342361 0.007292 0.028241
0 0.694271 0.341667 0.007292 0.029630
0 0.702474 0.342361 0.007552 0.028241
0 0.710417 0.342824 0.005729 0.022685
0 0.718229 0.343056 0.006771 0.032407
0 0.742318 0.343981 0.007552 0.028704
0 0.757552 0.345139 0.004687 0.020833
0 0.764844 0.345370 0.007292 0.031481
0 0.774609 0.345370 0.008073 0.031481
0 0.693359 0.406481 0.008073 0.025926
0 0.701562 0.406481 0.006771 0.030556
0 0.709635 0.407176 0.006250 0.030093
0 0.716667 0.407407 0.005208 0.025000
0 0.725521 0.407176 0.007292 0.030093
0 0.749089 0.408102 0.007031 0.031944
1 0.427083 0.021991 0.013021 0.043056
2 0.394271 0.008796 0.011458 0.015741
2 0.494141 0.252083 0.015365 0.024537
2 0.516667 0.256944 0.018750 0.016667
2 0.536068 0.231481 0.008594 0.035185
2 0.560417 0.257870 0.018229 0.012037
2 0.575651 0.202546 0.008594 0.035648
2 0.599219 0.257870 0.016667 0.012963
2 0.619271 0.258565 0.018229 0.013426
2 0.638151 0.259491 0.014844 0.014352
2 0.658333 0.237963 0.010417 0.032407
2 0.685937 0.285185 0.027604 0.018519
2 0.739583 0.276852 0.019792 0.012037
2 0.771094 0.278472 0.019792 0.013426
2 0.823828 0.255324 0.009115 0.035648
2 0.864062 0.270602 0.017188 0.014352
2 0.898698 0.253241 0.010937 0.031481
2 0.916276 0.253704 0.011719 0.031481
2 0.931901 0.164352 0.011198 0.032407
2 0.967187 0.261806 0.011458 0.029167
0 0.977604 0.165278 0.010937 0.026852
0 0.979557 0.118750 0.010677 0.028241
0 0.366927 0.720139 0.007812 0.028241
0 0.405990 0.782639 0.014063 0.011574
0 0.401172 0.806944 0.016927 0.012963
0 0.399870 0.819907 0.012760 0.011111
0 0.378776 0.917130 0.007031 0.031481
0 0.453776 0.964815 0.013281 0.012037
0 0.451432 0.932407 0.014844 0.012037
0 0.451172 0.916667 0.015365 0.015741
0 0.488802 0.856019 0.009896 0.023148
0 0.480469 0.809028 0.009896 0.011574
2 0.534375 0.769907 0.017188 0.021296
0 0.597786 0.674537 0.017448 0.020370
0 0.624740 0.685185 0.019271 0.013889
2 0.658073 0.693056 0.018750 0.012963
0 0.706250 0.700926 0.009375 0.029630
0 0.775521 0.593750 0.007292 0.029167
0 0.805859 0.625000 0.016927 0.019444
0 0.828776 0.576620 0.018490 0.018056
0 0.849349 0.584491 0.017448 0.017130
0 0.881901 0.565972 0.017969 0.019907
0 0.910937 0.584259 0.017708 0.018519
0 0.930469 0.600231 0.014063 0.017130
0 0.907031 0.620602 0.016146 0.019907
0 0.917969 0.646991 0.015625 0.022685
0 0.930599 0.666667 0.010677 0.021296
0 0.949349 0.623148 0.016406 0.020370
0 0.969661 0.622917 0.017448 0.022685
0 0.979427 0.659722 0.017708 0.023148
0 0.945964 0.741667 0.010156 0.028704
0 0.957812 0.773380 0.011458 0.024537
0 0.995573 0.768981 0.008854 0.021296
0 0.997135 0.682176 0.005729 0.014352
0 0.824349 0.695370 0.012760 0.025000
0 0.812760 0.725000 0.016146 0.025926
0 0.795573 0.762731 0.013021 0.029167
0 0.775130 0.806944 0.010156 0.020370
0 0.765625 0.831944 0.013542 0.023148
0 0.728646 0.912963 0.014063 0.026852
0 0.699479 0.979861 0.014063 0.024537
0 0.670703 0.903472 0.016406 0.020833
0 0.673047 0.972685 0.014323 0.021296
2 0.910937 0.466898 0.013021 0.031019
0 0.227865 0.318981 0.013542 0.019444
0 0.523698 0.604398 0.010937 0.016204
