0 0.075260 0.116667 0.014583 0.019444
0 0.106901 0.065741 0.014323 0.022222
0 0.160938 0.111111 0.011458 0.025926
0 0.171224 0.123611 0.011719 0.025926
0 0.152734 0.221065 0.013281 0.023611
0 0.192188 0.157176 0.010417 0.022685
0 0.203125 0.182870 0.006771 0.018519
0 0.182552 0.265972 0.011458 0.018056
0 0.200130 0.320602 0.014323 0.025463
0 0.205599 0.311111 0.012240 0.024074
0 0.212109 0.299769 0.013802 0.023611
0 0.266406 0.290278 0.015104 0.019444
0 0.223958 0.398611 0.008333 0.032407
0 0.232943 0.399074 0.005990 0.021296
0 0.241536 0.406250 0.007031 0.028241
0 0.249479 0.408333 0.007292 0.028704
0 0.258073 0.413657 0.006771 0.030093
0 0.268229 0.409491 0.006771 0.029167
0 0.281510 0.416435 0.009896 0.024537
0 0.298568 0.417593 0.014844 0.023148
0 0.289974 0.360880 0.015365 0.023611
2 0.326823 0.365278 0.013542 0.030556
0 0.333854 0.414352 0.016146 0.017593
0 0.354297 0.403009 0.014323 0.014352
0 0.353776 0.288889 0.013281 0.026852
0 0.388021 0.345602 0.014063 0.020833
2 0.557943 0.021991 0.012760 0.043056
0 0.587370 0.056944 0.008594 0.026852
0 0.552474 0.156250 0.006510 0.035648
0 0.581120 0.290972 0.007031 0.027315
2 0.477995 0.527083 0.009115 0.030093
0 0.546224 0.628009 0.009115 0.027315
1 0.523958 0.748611 0.008854 0.025926
0 0.562500 0.810417 0.014583 0.012500
2 0.694401 0.798843 0.016927 0.019907
0 0.748177 0.678704 0.016667 0.020370
0 0.758073 0.703935 0.017708 0.022685
0 0.783724 0.714583 0.019010 0.015278
2 0.818229 0.722454 0.019271 0.014352
0 0.866797 0.730093 0.009115 0.029630
0 0.830859 0.933102 0.015885 0.022685
0 0.648698 0.885417 0.006250 0.020833
0 0.937760 0.838657 0.007292 0.016204
0 0.958073 0.794676 0.010937 0.021759
0 0.973568 0.753935 0.012240 0.027315
0 0.968229 0.657407 0.017708 0.017593
0 0.938021 0.625694 0.005208 0.026389
0 0.990885 0.608333 0.018229 0.014815
0 0.653776 0.591898 0.016406 0.015278
0 0.653516 0.569444 0.007031 0.025926
0 0.662630 0.568981 0.007031 0.029630
0 0.671745 0.571991 0.007552 0.031019
0 0.646615 0.482639 0.016667 0.012500
0 0.669401 0.484722 0.017969 0.012037
0 0.708203 0.562269 0.012760 0.017130
0 0.723437 0.556481 0.013021 0.012963
0 0.741406 0.555093 0.016146 0.011111
0 0.760417 0.557407 0.011979 0.010185
0 0.783464 0.558333 0.016406 0.010185
0 0.822135 0.559259 0.017188 0.012963
0 0.849479 0.561111 0.015625 0.012963
0 0.870703 0.562963 0.016927 0.012037
2 0.891667 0.564352 0.016667 0.012963
0 0.914583 0.569213 0.018229 0.016204
0 0.693229 0.483796 0.014583 0.012037
0 0.723437 0.484722 0.013021 0.012037
0 0.739323 0.485417 0.011458 0.010648
0 0.776693 0.487037 0.015885 0.010185
0 0.808203 0.511806 0.017969 0.011574
0 0.870182 0.493519 0.019010 0.012037
2 0.910286 0.494213 0.019010 0.011574
0 0.932682 0.495139 0.016406 0.010648
0 0.960417 0.497917 0.018229 0.012500
2 0.657292 0.280093 0.016667 0.024074
2 0.678125 0.282870 0.017188 0.012963
2 0.698177 0.259491 0.010417 0.031944
2 0.723047 0.285880 0.019010 0.012500
2 0.738802 0.231713 0.009375 0.030093
2 0.762760 0.288194 0.016146 0.011574
2 0.781901 0.289120 0.017969 0.010648
2 0.800391 0.288657 0.016927 0.011574
2 0.820964 0.267130 0.010677 0.030556
2 0.849479 0.317593 0.030729 0.019444
2 0.902995 0.306944 0.020573 0.011111
2 0.934505 0.306250 0.020052 0.011574
2 0.990495 0.287500 0.010677 0.032407
0 0.848828 0.371528 0.008594 0.029167
0 0.856250 0.370602 0.007292 0.030093
0 0.864062 0.371065 0.005729 0.026389
0 0.872135 0.373148 0.004687 0.020370
0 0.881380 0.374074 0.005990 0.030556
0 0.905078 0.374537 0.008073 0.028704
0 0.920312 0.376389 0.006250 0.021296
0 0.927865 0.373843 0.008854 0.027315
0 0.937500 0.374306 0.007292 0.029167
0 0.855469 0.436574 0.006771 0.026852
0 0.864062 0.437037 0.007812 0.031481
0 0.871354 0.436806 0.007812 0.029167
0 0.879167 0.438889 0.005208 0.025000
0 0.887240 0.436574 0.007812 0.028704
0 0.911458 0.438889 0.009896 0.027778
0 0.265885 0.530093 0.016667 0.018519
0 0.198307 0.544676 0.016406 0.014352
0 0.123828 0.564120 0.019010 0.014352
0 0.127865 0.970833 0.007292 0.029630
0 0.111589 0.872222 0.012760 0.026852
0 0.099349 0.846991 0.011719 0.020833
0 0.059505 0.745602 0.013802 0.028241
0 0.004818 0.648843 0.009115 0.019907
0 0.008984 0.661343 0.013802 0.020833
0 0.026562 0.689120 0.013021 0.025463
0 0.037109 0.709028 0.012240 0.025463
0 0.042188 0.720602 0.010417 0.021759
0 0.048958 0.728241 0.012500 0.024074
0 0.016146 0.763657 0.018750 0.015278
0 0.021354 0.775463 0.014583 0.012963
0 0.029167 0.788194 0.019271 0.015278
0 0.089063 0.874769 0.015104 0.024537
0 0.087370 0.895370 0.014323 0.026852
0 0.088151 0.916435 0.013802 0.021759
0 0.075260 0.931713 0.009375 0.027315
0 0.060547 0.934259 0.009115 0.028704
0 0.052083 0.932176 0.008333 0.027315
0 0.045312 0.936574 0.007292 0.025926
0 0.031250 0.942130 0.009375 0.020370
0 0.077865 0.988426 0.007292 0.023148
0 0.062760 0.990972 0.005729 0.016204
0 0.055469 0.990741 0.006250 0.014815
0 0.047526 0.992593 0.005990 0.014815
0 0.032422 0.993287 0.008073 0.013426
0 0.023177 0.944444 0.007812 0.014815
2 0.092578 0.994213 0.016927 0.011574
0 0.086068 0.405556 0.011198 0.019444
0 0.682552 0.632870 0.012500 0.016667
0 0.204167 0.200000 0.006250 0.016667
