0 0.012240 0.553704 0.014583 0.011111
0 0.009115 0.578009 0.017708 0.011574
0 0.030729 0.553009 0.015104 0.010648
0 0.051823 0.553935 0.014583 0.011574
0 0.073177 0.553241 0.013542 0.011111
0 0.031641 0.581019 0.014323 0.008333
0 0.061198 0.581944 0.015625 0.012963
0 0.093490 0.581713 0.017708 0.012500
0 0.147396 0.559259 0.013542 0.008333
0 0.157161 0.584491 0.016927 0.011574
0 0.194661 0.586343 0.016406 0.011574
1 0.025000 0.659491 0.030729 0.056019
1 0.043099 0.659491 0.033594 0.057870
1 0.132682 0.662731 0.033073 0.061574
1 0.127995 0.705787 0.041927 0.022685
1 0.175651 0.667130 0.035156 0.062963
1 0.191927 0.667130 0.030729 0.061111
0 0.100521 0.655787 0.016667 0.027315
0 0.148698 0.660648 0.014583 0.027778
2 0.201172 0.655324 0.024219 0.041204
2 0.215885 0.657639 0.019792 0.037500
0 0.011979 0.725926 0.007292 0.025926
0 0.028516 0.725463 0.007552 0.030556
0 0.092057 0.740046 0.015365 0.012500
0 0.113021 0.740972 0.016667 0.014352
0 0.129297 0.738889 0.016927 0.016667
0 0.149609 0.742824 0.011198 0.010648
0 0.183073 0.737731 0.016146 0.013426
0 0.202083 0.740741 0.017188 0.012963
0 0.221354 0.739815 0.017708 0.012963
0 0.277734 0.744213 0.017448 0.010648
0 0.321875 0.746296 0.016667 0.012963
0 0.311458 0.666667 0.009375 0.029630
0 0.323047 0.663426 0.008073 0.029630
0 0.357682 0.669676 0.013802 0.025463
0 0.417057 0.749537 0.017969 0.012963
0 0.448568 0.753704 0.014323 0.012037
0 0.468880 0.752315 0.016406 0.013889
0 0.488542 0.753935 0.015625 0.012500
0 0.509375 0.755093 0.013021 0.011111
0 0.530339 0.757407 0.019010 0.012037
0 0.547266 0.756481 0.015885 0.013889
0 0.566146 0.757407 0.014583 0.014815
0 0.217708 0.565741 0.016146 0.005556
0 0.275391 0.565972 0.015365 0.006944
0 0.297135 0.566204 0.015625 0.005556
0 0.323698 0.565972 0.013021 0.009722
0 0.344401 0.568519 0.014323 0.011111
0 0.366406 0.567130 0.017188 0.013889
0 0.358203 0.584722 0.017969 0.012037
0 0.017578 0.335417 0.013802 0.022685
0 0.032422 0.306713 0.012760 0.022685
0 0.016797 0.269676 0.014844 0.031019
0 0.004818 0.300926 0.009115 0.020370
0 0.032292 0.240046 0.014063 0.024537
0 0.056641 0.055556 0.011719 0.021296
0 0.103906 0.073843 0.015104 0.022685
0 0.120313 0.040509 0.011979 0.024537
0 0.376563 0.030093 0.009896 0.034259
0 0.443750 0.020602 0.007292 0.018056
0 0.482552 0.018519 0.021875 0.012963
0 0.407682 0.570370 0.016406 0.011111
0 0.420573 0.588426 0.015625 0.008333
2 0.426953 0.571528 0.016406 0.011574
0 0.447005 0.575463 0.016927 0.016667
0 0.477214 0.590741 0.016927 0.011111
2 0.373307 0.668519 0.016406 0.031481
1 0.385807 0.674074 0.029948 0.057407
1 0.400130 0.673843 0.026302 0.056019
1 0.414974 0.674074 0.030469 0.050000
1 0.428385 0.675000 0.027604 0.051852
1 0.460807 0.676852 0.029427 0.052778
2 0.445573 0.673148 0.025000 0.045370
0 0.474479 0.673843 0.011458 0.026389
1 0.488802 0.680787 0.031250 0.056019
2 0.507422 0.668056 0.019531 0.038889
0 0.519531 0.676157 0.014063 0.024537
1 0.534635 0.675231 0.018229 0.035648
1 0.545964 0.681250 0.027344 0.057870
1 0.563151 0.681944 0.029948 0.057407
0 0.570703 0.690046 0.012760 0.023611
0 0.591016 0.684491 0.014323 0.026389
0 0.600781 0.688889 0.014583 0.025000
0 0.614193 0.671991 0.007552 0.028241
0 0.621615 0.668287 0.006771 0.029167
0 0.629297 0.667361 0.007031 0.029167
0 0.637500 0.668287 0.007292 0.025463
0 0.645312 0.666204 0.006771 0.026852
0 0.653125 0.667593 0.007292 0.027778
0 0.661979 0.668981 0.006771 0.029630
0 0.670182 0.670602 0.005990 0.025463
0 0.677865 0.670833 0.007292 0.029630
0 0.685547 0.671296 0.006510 0.028704
0 0.694141 0.672222 0.004948 0.029630
0 0.701432 0.672222 0.008073 0.026852
0 0.709766 0.673380 0.007031 0.026389
0 0.641536 0.715046 0.015365 0.011574
0 0.717839 0.673380 0.006510 0.029167
0 0.734375 0.671991 0.006771 0.031944
0 0.741667 0.673843 0.007292 0.028241
0 0.749740 0.672917 0.006771 0.030093
0 0.757422 0.695370 0.006510 0.025926
0 0.735807 0.722454 0.014323 0.024537
2 0.748698 0.756713 0.007292 0.029167
0 0.740234 0.756250 0.006510 0.029167
0 0.732161 0.754167 0.008073 0.028704
0 0.724219 0.754630 0.006771 0.027778
0 0.716406 0.753009 0.007292 0.024537
0 0.708464 0.753935 0.007031 0.027315
0 0.700391 0.751852 0.007552 0.026852
0 0.691667 0.753009 0.006250 0.022685
0 0.683984 0.752778 0.007552 0.026852
0 0.676042 0.751852 0.007292 0.026852
0 0.667969 0.751157 0.008333 0.028241
0 0.661458 0.750926 0.007812 0.026852
0 0.652865 0.750231 0.006771 0.025463
0 0.644401 0.748380 0.008594 0.027315
0 0.636068 0.750463 0.007031 0.026852
0 0.628906 0.751852 0.007812 0.029630
0 0.620443 0.749074 0.008594 0.028704
0 0.611849 0.748148 0.007031 0.027778
2 0.604818 0.748843 0.006510 0.031019
0 0.588542 0.749537 0.007292 0.028704
0 0.580078 0.750926 0.007552 0.026852
2 0.774870 0.736343 0.008073 0.037500
0 0.772396 0.782870 0.006771 0.026852
0 0.773047 0.812731 0.008594 0.024537
0 0.819141 0.880093 0.014844 0.014815
0 0.828385 0.862963 0.016146 0.015741
0 0.827995 0.846296 0.015885 0.011111
0 0.829427 0.831944 0.011458 0.012963
0 0.829036 0.816204 0.015885 0.011111
0 0.904036 0.785185 0.007031 0.025926
0 0.921094 0.743981 0.015104 0.012037
0 0.894792 0.741435 0.017188 0.012500
0 0.866667 0.735417 0.016667 0.013426
0 0.850000 0.734491 0.011458 0.011574
0 0.828255 0.714120 0.016927 0.016204
0 0.808203 0.684491 0.007031 0.027315
0 0.795703 0.686343 0.009635 0.026389
0 0.829557 0.650463 0.017969 0.013889
0 0.806771 0.623380 0.014583 0.028241
0 0.820833 0.568519 0.007292 0.029630
0 0.821484 0.505324 0.008073 0.029167
0 0.815495 0.453704 0.011719 0.026852
0 0.892448 0.413194 0.013021 0.010648
2 0.934505 0.414583 0.015365 0.013426
0 0.968490 0.416667 0.014583 0.010185
0 0.971094 0.538194 0.007292 0.028241
0 0.862370 0.376157 0.007031 0.019907
0 0.852344 0.378935 0.011458 0.028241
0 0.842969 0.378241 0.010417 0.024074
0 0.834896 0.378472 0.008854 0.024537
0 0.819141 0.359028 0.013281 0.025463
0 0.818490 0.317130 0.013542 0.027778
0 0.820703 0.275463 0.016406 0.023148
0 0.990104 0.207176 0.015625 0.013426
0 0.939323 0.095370 0.009375 0.023148
0 0.931120 0.096296 0.007552 0.020370
0 0.923438 0.095370 0.008854 0.023148
0 0.907943 0.092593 0.005990 0.017593
0 0.790885 0.424306 0.017708 0.012500
2 0.762109 0.436574 0.017448 0.016667
0 0.736458 0.451852 0.015104 0.023148
0 0.707812 0.513426 0.012500 0.024074
2 0.710938 0.449769 0.017708 0.013426
0 0.680339 0.529861 0.015365 0.013426
0 0.692708 0.596065 0.014583 0.014352
0 0.673307 0.596065 0.016406 0.011574
0 0.642188 0.596296 0.015104 0.010185
0 0.618490 0.594213 0.015625 0.012500
0 0.589193 0.593056 0.016406 0.013889
0 0.568359 0.591435 0.016927 0.011574
0 0.571875 0.611111 0.017188 0.011111
0 0.532682 0.589815 0.016406 0.014815
2 0.570573 0.461806 0.018229 0.012500
2 0.556901 0.407870 0.016927 0.011111
2 0.592969 0.413194 0.013021 0.008796
2 0.549609 0.388657 0.018490 0.014352
2 0.542969 0.340972 0.007292 0.032870
2 0.534766 0.335880 0.003385 0.019907
2 0.552474 0.338194 0.007031 0.031944
2 0.562370 0.335648 0.008594 0.030556
2 0.572135 0.350926 0.005729 0.020370
2 0.589714 0.354167 0.007031 0.029630
2 0.599740 0.349306 0.008333 0.032870
2 0.625000 0.343287 0.007812 0.032870
0 0.613281 0.345602 0.008333 0.030093
0 0.650521 0.416898 0.012500 0.010648
0 0.657682 0.401852 0.015885 0.010185
0 0.657813 0.388657 0.016146 0.011574
0 0.657422 0.379398 0.014323 0.019907
0 0.657161 0.348843 0.012240 0.010648
0 0.656641 0.335417 0.017448 0.012500
0 0.657161 0.321065 0.017448 0.011574
0 0.657682 0.307407 0.015885 0.010185
0 0.579427 0.293519 0.016667 0.012037
2 0.675651 0.457639 0.018490 0.010648
0 0.671354 0.484722 0.007812 0.023148
0 0.678776 0.485185 0.005990 0.025000
