0 0.450781 0.033565 0.012500 0.028241
0 0.422266 0.097222 0.013281 0.025000
0 0.425260 0.157176 0.013542 0.024537
0 0.400130 0.150463 0.015365 0.026852
0 0.412630 0.184491 0.013281 0.024537
0 0.400781 0.209954 0.013021 0.023611
0 0.376953 0.202083 0.012760 0.026389
0 0.345182 0.156019 0.011719 0.018519
0 0.289583 0.185185 0.014583 0.012963
0 0.360938 0.240046 0.013542 0.025463
0 0.389714 0.239352 0.011719 0.025926
0 0.376302 0.271528 0.011979 0.025463
0 0.338542 0.287963 0.010937 0.020370
0 0.363932 0.302083 0.013802 0.024537
0 0.348828 0.334028 0.011719 0.026389
0 0.325521 0.322917 0.011979 0.023611
2 0.311458 0.320370 0.014583 0.026852
0 0.313021 0.348148 0.012500 0.025926
0 0.288021 0.340509 0.011458 0.024537
0 0.301432 0.379630 0.012760 0.025000
0 0.288802 0.413194 0.009375 0.027315
0 0.288281 0.452778 0.008333 0.025926
0 0.282813 0.490741 0.009375 0.024074
0 0.298958 0.535417 0.014583 0.027315
0 0.274870 0.429861 0.009635 0.019907
0 0.263151 0.455787 0.013802 0.026389
0 0.209505 0.460417 0.012760 0.025463
2 0.190755 0.496528 0.015365 0.027315
2 0.125000 0.477778 0.010417 0.027778
2 0.197135 0.576852 0.014583 0.029630
2 0.227995 0.537731 0.014844 0.030093
2 0.245573 0.500231 0.014063 0.028241
0 0.225911 0.510880 0.014323 0.027315
2 0.177604 0.634259 0.014583 0.027778
0 0.181250 0.715972 0.013021 0.019907
0 0.185807 0.708796 0.015885 0.020370
2 0.189323 0.696065 0.019271 0.025463
0 0.195312 0.686806 0.015104 0.023611
0 0.200651 0.670602 0.013802 0.022685
2 0.216927 0.671528 0.039062 0.052315
0 0.213932 0.642824 0.015885 0.022685
0 0.231641 0.641898 0.008594 0.028241
0 0.239844 0.645833 0.006771 0.026852
0 0.247786 0.637731 0.008073 0.026389
0 0.257292 0.638657 0.008333 0.028241
0 0.275521 0.648843 0.007812 0.026389
0 0.282813 0.643750 0.006771 0.028241
0 0.291667 0.643750 0.008333 0.028241
0 0.299349 0.637037 0.007552 0.025000
0 0.306120 0.634954 0.006510 0.023611
0 0.314063 0.636343 0.007812 0.028241
2 0.322266 0.636343 0.007552 0.030093
0 0.209115 0.745139 0.006250 0.029167
0 0.217839 0.743519 0.007552 0.029630
0 0.225521 0.743287 0.006250 0.025463
2 0.232552 0.745139 0.007292 0.029167
0 0.241406 0.746528 0.007292 0.031944
0 0.249219 0.744213 0.007292 0.028241
0 0.256641 0.744676 0.007031 0.022685
0 0.265234 0.746296 0.005469 0.020370
0 0.273177 0.743750 0.006771 0.026389
0 0.289193 0.731944 0.006510 0.029630
0 0.296224 0.740972 0.005469 0.026389
0 0.304818 0.733565 0.006510 0.026389
0 0.312370 0.733796 0.005990 0.027778
0 0.329818 0.719444 0.007552 0.026852
0 0.344922 0.720602 0.007552 0.028241
0 0.361198 0.720139 0.007292 0.028241
1 0.359245 0.650926 0.032031 0.057407
1 0.376172 0.650463 0.030990 0.054630
0 0.423568 0.732870 0.013802 0.011111
0 0.444141 0.732639 0.016406 0.012500
0 0.461589 0.731481 0.015365 0.013889
0 0.482031 0.734491 0.010937 0.010648
0 0.432812 0.648611 0.013542 0.025000
1 0.461719 0.696296 0.039062 0.020370
1 0.464193 0.651620 0.029427 0.054167
0 0.479557 0.652083 0.013281 0.026389
0 0.515104 0.727778 0.016667 0.014815
0 0.533594 0.729398 0.016667 0.012500
0 0.551042 0.729861 0.015625 0.011574
1 0.508464 0.656250 0.029948 0.053241
1 0.524219 0.656481 0.030208 0.058333
2 0.534245 0.647454 0.022135 0.034722
2 0.545443 0.645370 0.019010 0.031481
0 0.607161 0.732407 0.016927 0.010185
0 0.652474 0.731713 0.015885 0.012500
0 0.642578 0.657176 0.007031 0.026389
0 0.654687 0.651620 0.008333 0.028241
0 0.688932 0.655093 0.014323 0.024074
2 0.706250 0.652778 0.014583 0.029630
1 0.716797 0.657407 0.029948 0.060185
1 0.730599 0.660417 0.029427 0.056019
1 0.748698 0.659722 0.028646 0.060185
1 0.763411 0.660648 0.030990 0.056481
2 0.778906 0.658333 0.027604 0.049074
1 0.792969 0.658565 0.033333 0.063426
0 0.805339 0.659722 0.013802 0.021296
1 0.822135 0.661574 0.031250 0.057407
2 0.837760 0.652778 0.020313 0.039815
0 0.849870 0.658102 0.013802 0.025463
1 0.865495 0.658102 0.020573 0.037500
1 0.879948 0.663426 0.033333 0.062037
1 0.895182 0.662037 0.033594 0.055556
0 0.902865 0.673611 0.013021 0.021296
0 0.921094 0.665741 0.014063 0.025926
0 0.931380 0.669213 0.013802 0.028241
0 0.944141 0.651852 0.009115 0.028704
0 0.951953 0.647685 0.007031 0.029630
0 0.960417 0.648148 0.008333 0.030556
0 0.968750 0.648611 0.008854 0.032407
0 0.976302 0.646759 0.007812 0.029630
0 0.984375 0.647222 0.008333 0.028704
0 0.992448 0.647454 0.007292 0.031019
0 0.992839 0.729861 0.007031 0.029167
0 0.984766 0.728935 0.007552 0.028241
0 0.975911 0.728241 0.008594 0.026852
0 0.968490 0.729861 0.008333 0.028241
0 0.959635 0.729861 0.007812 0.027315
0 0.951172 0.728704 0.008594 0.027778
0 0.943229 0.727083 0.007812 0.025463
2 0.936589 0.729167 0.009115 0.031481
0 0.930859 0.702546 0.015365 0.010648
0 0.919531 0.728935 0.006771 0.026389
0 0.911068 0.731019 0.007031 0.024074
0 0.897526 0.739583 0.016927 0.010648
0 0.879818 0.738194 0.014844 0.012500
0 0.862630 0.738194 0.016406 0.011574
0 0.841146 0.737731 0.013021 0.010648
0 0.820312 0.736111 0.015104 0.012963
0 0.800391 0.735880 0.017969 0.011574
0 0.779557 0.735185 0.014844 0.012037
0 0.748177 0.735880 0.016667 0.011574
0 0.971615 0.575231 0.016667 0.009722
0 0.948698 0.577083 0.017188 0.010648
0 0.919792 0.573148 0.016667 0.012037
0 0.899609 0.572917 0.016927 0.011574
0 0.863932 0.572685 0.013802 0.012037
0 0.806510 0.573843 0.017188 0.012500
0 0.777214 0.560880 0.017969 0.017130
2 0.756641 0.555787 0.018490 0.012500
0 0.737630 0.555787 0.016927 0.011574
0 0.750260 0.572454 0.015625 0.009722
0 0.688151 0.571296 0.015885 0.011111
0 0.696615 0.554630 0.017708 0.012963
0 0.675000 0.554398 0.017708 0.011574
0 0.653906 0.554630 0.015104 0.010185
0 0.645312 0.587037 0.016667 0.012963
0 0.628125 0.553009 0.015625 0.008796
0 0.604818 0.553704 0.015885 0.009259
2 0.583984 0.554167 0.017969 0.007407
0 0.548307 0.555787 0.016406 0.006019
0 0.563802 0.554861 0.010937 0.006019
0 0.499219 0.549306 0.015104 0.011574
0 0.479557 0.550463 0.016406 0.012037
0 0.458854 0.550463 0.013542 0.012037
0 0.474870 0.574306 0.013802 0.011574
0 0.452604 0.575463 0.016146 0.012037
0 0.422135 0.546528 0.016146 0.011574
0 0.417969 0.575000 0.016667 0.012037
0 0.404036 0.548843 0.015365 0.010648
0 0.382552 0.547685 0.016146 0.011111
0 0.362240 0.546991 0.017188 0.010648
0 0.343750 0.548611 0.015104 0.012963
0 0.327865 0.546991 0.015104 0.012500
2 0.317578 0.564815 0.019010 0.017593
0 0.339844 0.573380 0.017188 0.014352
0 0.362630 0.575463 0.015885 0.012037
0 0.392448 0.576620 0.015104 0.011574
0 0.744271 0.015509 0.009896 0.029167
0 0.850911 0.004630 0.019010 0.006481
0 0.075260 0.963657 0.007812 0.028241
0 0.131641 0.570602 0.017448 0.013426
2 0.029557 0.107407 0.017969 0.012037
0 0.017057 0.292361 0.015365 0.013426
0 0.139583 0.473380 0.006771 0.014352
