0 0.009245 0.042593 0.013281 0.012963
0 0.017969 0.031250 0.015625 0.012500
0 0.004557 0.095833 0.008594 0.012037
0 0.026693 0.284028 0.007031 0.024537
0 0.026172 0.314815 0.005990 0.018519
0 0.026562 0.348611 0.008333 0.028704
0 0.027474 0.379630 0.006510 0.025000
0 0.007292 0.361574 0.007812 0.023148
0 0.002474 0.405787 0.004427 0.025463
0 0.120964 0.570602 0.012240 0.013426
0 0.131510 0.581481 0.009375 0.025926
0 0.142708 0.248843 0.006771 0.018981
0 0.150911 0.197917 0.014323 0.019907
0 0.160156 0.150231 0.014063 0.017130
0 0.164583 0.136806 0.010417 0.016204
0 0.146875 0.094213 0.018750 0.018056
0 0.220573 0.058333 0.008854 0.012963
0 0.221745 0.042361 0.008073 0.012500
0 0.285417 0.004630 0.015104 0.008333
0 0.294792 0.022454 0.016667 0.016204
0 0.438281 0.022685 0.009375 0.029630
0 0.604557 0.209722 0.015365 0.012963
2 0.408333 0.436343 0.010417 0.025463
0 0.403385 0.490972 0.015625 0.017130
0 0.423568 0.437037 0.010677 0.017593
0 0.402214 0.528472 0.016927 0.018056
0 0.056380 0.809028 0.017448 0.018981
0 0.104036 0.836806 0.019010 0.022685
0 0.135547 0.862269 0.014323 0.014352
0 0.165885 0.880787 0.018229 0.018056
0 0.200130 0.894213 0.017448 0.013426
2 0.188932 0.931250 0.021615 0.030093
0 0.252734 0.988889 0.012240 0.022222
0 0.407161 0.668750 0.013802 0.022685
0 0.437370 0.625000 0.014323 0.025000
0 0.431901 0.688657 0.010677 0.021759
0 0.439063 0.683796 0.013542 0.025000
2 0.443490 0.675000 0.015104 0.028704
0 0.450911 0.665741 0.012760 0.025000
0 0.457552 0.652546 0.013021 0.025463
2 0.475130 0.658333 0.032031 0.060185
0 0.473698 0.629861 0.013021 0.027315
0 0.490104 0.636343 0.008333 0.029167
0 0.497917 0.640972 0.008333 0.027315
0 0.508203 0.639120 0.006510 0.026389
0 0.516797 0.641204 0.008594 0.030556
0 0.533203 0.657407 0.008594 0.025926
0 0.541016 0.655093 0.007552 0.027778
0 0.549349 0.659491 0.007031 0.028241
0 0.558203 0.654861 0.008073 0.027315
0 0.566016 0.656944 0.007031 0.025000
0 0.573568 0.661574 0.008073 0.030556
2 0.581901 0.664120 0.007552 0.032870
0 0.457031 0.728009 0.008854 0.031019
0 0.465234 0.729861 0.009635 0.029167
0 0.473047 0.733565 0.008073 0.024537
2 0.480208 0.739120 0.009896 0.029167
0 0.488281 0.740741 0.008333 0.030556
0 0.495964 0.742130 0.009635 0.032407
0 0.504167 0.745602 0.008333 0.022685
0 0.511589 0.750231 0.007031 0.022685
0 0.520052 0.750694 0.010417 0.028241
0 0.537109 0.744907 0.009635 0.029630
0 0.543229 0.756250 0.008854 0.027315
0 0.551693 0.752546 0.008594 0.027315
0 0.559766 0.756944 0.009115 0.032407
0 0.578646 0.748843 0.008854 0.028241
0 0.593490 0.756250 0.008333 0.028241
0 0.608854 0.761806 0.009375 0.030093
1 0.616797 0.694907 0.026823 0.065741
1 0.634375 0.697917 0.026042 0.064352
0 0.669531 0.798148 0.012500 0.014815
0 0.689193 0.806481 0.016406 0.017593
0 0.707161 0.813426 0.016406 0.015741
0 0.726562 0.821991 0.011979 0.015278
0 0.759375 0.826852 0.016146 0.015741
0 0.777344 0.837269 0.017708 0.015278
0 0.794401 0.843519 0.015365 0.016667
0 0.688151 0.717593 0.012760 0.028704
1 0.710807 0.777546 0.041406 0.030093
1 0.719271 0.734491 0.027604 0.066204
0 0.733984 0.739352 0.011719 0.025926
1 0.763021 0.754861 0.026042 0.064352
1 0.778385 0.760880 0.026042 0.068981
2 0.788151 0.755787 0.019531 0.042130
2 0.800391 0.758796 0.016406 0.035185
0 0.848177 0.866204 0.017188 0.016667
0 0.894010 0.884028 0.016146 0.016204
0 0.892448 0.805093 0.009896 0.027778
0 0.905208 0.805556 0.009896 0.029630
0 0.939193 0.823148 0.016927 0.018519
2 0.955990 0.828009 0.017708 0.028241
1 0.969271 0.840046 0.043750 0.055093
1 0.981510 0.845139 0.036458 0.047685
1 0.989193 0.860417 0.021615 0.031019
0 0.987109 0.923611 0.017969 0.014815
0 0.949219 0.740972 0.018750 0.017130
0 0.960026 0.727778 0.018490 0.018519
0 0.995443 0.743056 0.009115 0.012963
0 0.937891 0.718287 0.018490 0.016204
0 0.918750 0.710185 0.016667 0.012963
2 0.844922 0.678935 0.010156 0.011574
0 0.828255 0.674074 0.012760 0.011111
0 0.812630 0.669676 0.016406 0.016204
0 0.785026 0.656250 0.016927 0.017130
0 0.761849 0.669213 0.017448 0.017130
0 0.765104 0.645833 0.015104 0.016667
0 0.745313 0.640509 0.016667 0.015278
0 0.734245 0.661111 0.014844 0.013889
0 0.726042 0.632870 0.015625 0.014815
0 0.711719 0.652546 0.017708 0.017130
0 0.690885 0.614815 0.016667 0.015741
0 0.682943 0.641667 0.017448 0.017593
0 0.671615 0.609028 0.016146 0.017130
0 0.657422 0.632407 0.015885 0.016667
0 0.651432 0.600000 0.016406 0.016667
0 0.628385 0.620370 0.015625 0.015741
0 0.631250 0.591667 0.016667 0.013889
0 0.605469 0.609028 0.017708 0.017130
0 0.612891 0.585417 0.014844 0.016204
0 0.597656 0.579167 0.015104 0.015741
2 0.585417 0.591435 0.017708 0.021759
0 0.571224 0.556713 0.011719 0.028241
0 0.560937 0.498380 0.008854 0.030093
0 0.574609 0.458102 0.011198 0.027315
2 0.583854 0.412500 0.011458 0.018519
0 0.585156 0.361806 0.014063 0.022685
0 0.605599 0.383565 0.013802 0.020833
0 0.645182 0.377315 0.013802 0.024074
0 0.663672 0.351389 0.014844 0.023148
0 0.660547 0.301852 0.013802 0.021296
0 0.679557 0.327778 0.013802 0.023148
2 0.769271 0.348380 0.008854 0.031944
0 0.696484 0.301389 0.014323 0.024074
0 0.712109 0.276620 0.014323 0.022685
0 0.725521 0.254861 0.014583 0.022685
0 0.741927 0.232639 0.014583 0.022685
0 0.697656 0.246759 0.013542 0.021296
2 0.697005 0.221296 0.014844 0.025926
0 0.726432 0.202083 0.015365 0.022685
0 0.747266 0.171759 0.010677 0.015741
0 0.771615 0.137037 0.013021 0.025926
2 0.749870 0.127546 0.015885 0.026389
0 0.797396 0.096528 0.015625 0.026389
0 0.834766 0.040509 0.014844 0.021759
0 0.817969 0.024306 0.016146 0.022685
1 0.788411 0.006481 0.015885 0.012037
2 0.505599 0.525463 0.016406 0.025000
2 0.529948 0.490046 0.014583 0.023611
2 0.468880 0.476389 0.015365 0.025926
0 0.491406 0.449306 0.014583 0.023611
0 0.469531 0.503009 0.013021 0.016204
0 0.552604 0.457176 0.014063 0.022685
0 0.480208 0.561574 0.013542 0.025000
