0 0.731771 0.043287 0.012500 0.032870
1 0.697266 0.109259 0.012240 0.017593
0 0.755990 0.181250 0.009896 0.032870
0 0.754036 0.225694 0.016406 0.020833
0 0.613281 0.373611 0.016146 0.023148
0 0.564714 0.494676 0.008073 0.031944
0 0.847396 0.088426 0.015625 0.017593
2 0.894922 0.059954 0.016927 0.022685
0 0.975130 0.020370 0.016406 0.022222
0 0.942578 0.007176 0.014323 0.013426
0 0.972917 0.343750 0.016146 0.015278
0 0.996615 0.355093 0.006771 0.016667
0 0.525000 0.666667 0.017188 0.018519
0 0.588542 0.694444 0.016146 0.017593
0 0.585807 0.712269 0.016927 0.021759
0 0.609375 0.729861 0.018229 0.018981
0 0.630859 0.740278 0.016927 0.020370
0 0.650000 0.754398 0.016667 0.018981
0 0.671615 0.767824 0.016146 0.018981
0 0.691536 0.781019 0.016406 0.018519
0 0.710807 0.793519 0.015885 0.019444
0 0.805599 0.807407 0.015885 0.019444
0 0.956901 0.937269 0.017448 0.019907
0 0.949349 0.781019 0.017448 0.019444
0 0.932813 0.750926 0.018229 0.020370
0 0.915885 0.764120 0.017188 0.019907
0 0.882292 0.743287 0.017188 0.021759
0 0.860026 0.729861 0.015885 0.018981
0 0.835807 0.713426 0.015365 0.018519
0 0.812370 0.697454 0.015885 0.019907
0 0.793750 0.684259 0.018750 0.022222
0 0.789323 0.701389 0.017188 0.021296
0 0.768620 0.666204 0.017448 0.019444
0 0.768359 0.685880 0.017969 0.021759
0 0.742057 0.664583 0.016406 0.019907
0 0.738672 0.643750 0.016406 0.018056
0 0.738281 0.621991 0.016146 0.018981
0 0.736068 0.599074 0.015885 0.019444
0 0.757552 0.615509 0.013021 0.015278
0 0.769271 0.598843 0.016146 0.021759
0 0.718880 0.645370 0.018490 0.023148
0 0.719010 0.627315 0.016667 0.017593
0 0.710807 0.600463 0.018490 0.019444
0 0.710807 0.579630 0.015365 0.018519
0 0.727865 0.566204 0.016667 0.018519
0 0.696484 0.628704 0.016927 0.020370
0 0.698828 0.610880 0.016927 0.021759
0 0.688411 0.581713 0.015365 0.018981
0 0.676302 0.592824 0.016146 0.020833
0 0.686068 0.561111 0.016406 0.020370
0 0.701432 0.546991 0.017448 0.019907
0 0.666016 0.566204 0.011719 0.015741
0 0.663281 0.542824 0.016667 0.019907
1 0.667188 0.524537 0.039062 0.038889
0 0.648828 0.570602 0.016927 0.020833
0 0.645443 0.547454 0.013281 0.016204
0 0.623698 0.530556 0.015625 0.018519
0 0.625130 0.553241 0.016927 0.020370
0 0.621484 0.568750 0.016927 0.022685
2 0.638542 0.523380 0.023438 0.026389
0 0.595964 0.568287 0.012240 0.027315
0 0.458854 0.590741 0.014583 0.024074
2 0.430339 0.577546 0.016927 0.024537
2 0.443229 0.585417 0.015104 0.022685
0 0.437109 0.613426 0.015365 0.023148
0 0.419661 0.634954 0.016406 0.022685
0 0.397396 0.656481 0.013021 0.021296
0 0.380599 0.673843 0.014844 0.024537
0 0.303125 0.680324 0.015625 0.024537
2 0.322656 0.707176 0.016146 0.027315
0 0.318620 0.738889 0.016406 0.023148
0 0.331641 0.752315 0.015885 0.023148
0 0.292057 0.767593 0.015885 0.021296
0 0.275000 0.783102 0.012500 0.016204
1 0.277734 0.681481 0.023177 0.027778
0 0.259375 0.800000 0.015104 0.022222
0 0.240495 0.818519 0.016927 0.022222
0 0.219141 0.819444 0.017969 0.025926
0 0.203906 0.785185 0.016667 0.020370
2 0.216406 0.846759 0.018229 0.025000
0 0.197656 0.863889 0.016146 0.022222
0 0.144141 0.854630 0.015885 0.019444
0 0.207422 0.901157 0.016927 0.019907
0 0.188932 0.918981 0.015885 0.021296
0 0.171745 0.937037 0.016406 0.024074
0 0.131120 0.935417 0.014844 0.021759
0 0.155078 0.955093 0.015365 0.019444
0 0.135807 0.978935 0.016927 0.022685
0 0.118099 0.993056 0.016406 0.013889
0 0.077344 0.990278 0.014583 0.019444
0 0.070312 0.562731 0.010417 0.024537
0 0.079167 0.567361 0.009375 0.026389
0 0.087630 0.569907 0.007031 0.024074
0 0.006380 0.021991 0.012240 0.022685
0 0.037891 0.105324 0.010677 0.027315
0 0.031380 0.137037 0.011719 0.029630
0 0.023828 0.172454 0.010677 0.030093
0 0.013542 0.246296 0.017708 0.017593
0 0.010807 0.268056 0.015885 0.016667
0 0.043620 0.233796 0.016927 0.018519
0 0.053906 0.287731 0.016146 0.016204
0 0.110807 0.332639 0.015365 0.016204
0 0.212500 0.356944 0.017708 0.016667
0 0.252734 0.379630 0.016927 0.018519
0 0.284635 0.390509 0.014583 0.014352
2 0.317839 0.408796 0.017969 0.016667
0 0.356901 0.441898 0.016406 0.021759
2 0.343880 0.503704 0.008073 0.032407
2 0.397266 0.482176 0.017969 0.023611
0 0.081641 0.027315 0.015885 0.025926
0 0.098568 0.025463 0.016927 0.025000
0 0.101432 0.005787 0.011719 0.010648
0 0.120964 0.026852 0.013802 0.017593
0 0.117708 0.043981 0.013021 0.018519
0 0.119141 0.072685 0.014323 0.022222
0 0.126172 0.103241 0.012760 0.018519
0 0.141016 0.076157 0.015365 0.020833
0 0.159766 0.073148 0.016406 0.022222
0 0.165365 0.103009 0.016667 0.024537
0 0.143359 0.123843 0.017448 0.027315
0 0.143620 0.100926 0.013281 0.022222
0 0.169010 0.130787 0.016146 0.025463
0 0.165104 0.148380 0.015104 0.022685
0 0.180729 0.101389 0.017188 0.023148
0 0.185547 0.129167 0.016406 0.022222
0 0.200260 0.122454 0.015625 0.027315
0 0.190625 0.156713 0.014063 0.022685
0 0.209375 0.156481 0.015625 0.023148
0 0.216406 0.187963 0.017188 0.025000
0 0.235286 0.164352 0.016406 0.025926
0 0.233073 0.184491 0.017188 0.024537
0 0.256380 0.188889 0.015885 0.023148
0 0.255990 0.210417 0.016667 0.024537
0 0.238151 0.214583 0.015885 0.020833
0 0.261198 0.239815 0.018750 0.023148
0 0.280729 0.219213 0.014583 0.021759
0 0.283724 0.245602 0.013802 0.019907
0 0.283073 0.268750 0.015104 0.021759
0 0.300651 0.309722 0.015365 0.022222
0 0.284766 0.318056 0.014323 0.020370
0 0.302474 0.288194 0.015885 0.020833
0 0.303646 0.268750 0.014063 0.018981
0 0.310937 0.255556 0.017188 0.023148
0 0.333594 0.279398 0.013542 0.019907
0 0.325391 0.294213 0.016406 0.022685
0 0.321484 0.313657 0.017969 0.023611
0 0.324870 0.339120 0.015885 0.021759
0 0.344141 0.338889 0.015365 0.024074
0 0.345833 0.316435 0.011458 0.018056
0 0.352214 0.303472 0.015885 0.019907
0 0.346224 0.364583 0.015365 0.022685
0 0.365495 0.363426 0.015885 0.019444
0 0.366406 0.386343 0.014583 0.020833
0 0.372786 0.350000 0.015365 0.021296
0 0.374089 0.327546 0.015365 0.022685
0 0.393229 0.347685 0.015625 0.021296
0 0.391406 0.370833 0.014063 0.018519
0 0.386849 0.388657 0.012760 0.018981
0 0.382682 0.406944 0.011198 0.015741
0 0.433594 0.396296 0.018229 0.024074
2 0.421354 0.404630 0.011979 0.018519
1 0.381510 0.239120 0.036979 0.048611
1 0.223958 0.222685 0.038542 0.049074
1 0.264323 0.268287 0.036979 0.047685
2 0.187109 0.175463 0.016927 0.025926
2 0.139193 0.049537 0.019531 0.027778
