0 0.102604 0.011574 0.009896 0.022222
0 0.113542 0.009028 0.008854 0.017130
0 0.114193 0.053009 0.017969 0.015278
0 0.231380 0.060648 0.019010 0.011111
0 0.287760 0.011111 0.009375 0.021296
2 0.578646 0.065741 0.020313 0.014815
0 0.614844 0.005556 0.006250 0.009259
0 0.624349 0.005324 0.006510 0.008796
0 0.629687 0.068750 0.014583 0.010648
0 0.635156 0.083565 0.016146 0.010648
0 0.669531 0.082639 0.016667 0.010648
0 0.674740 0.100926 0.019271 0.010185
2 0.590625 0.098843 0.017708 0.014352
0 0.618229 0.100694 0.017708 0.011574
0 0.707161 0.009954 0.007552 0.018981
0 0.715885 0.010417 0.007292 0.016204
0 0.838932 0.007407 0.008073 0.012963
0 0.945703 0.145370 0.014323 0.030556
0 0.918229 0.225463 0.014063 0.027778
0 0.854818 0.338194 0.011719 0.020833
0 0.841016 0.383333 0.014844 0.031481
0 0.877995 0.407407 0.011719 0.029630
2 0.978776 0.483102 0.022135 0.013426
0 0.925781 0.490972 0.013021 0.010648
0 0.947396 0.507407 0.018229 0.013889
0 0.960417 0.523380 0.017708 0.012500
0 0.986328 0.520139 0.017448 0.013426
0 0.989323 0.536343 0.018750 0.010648
0 0.929167 0.529630 0.018750 0.012963
0 0.911328 0.514352 0.017969 0.012037
0 0.902214 0.533796 0.019010 0.011111
0 0.903646 0.552546 0.019792 0.010648
0 0.941667 0.566667 0.017708 0.011111
0 0.973307 0.585880 0.019010 0.013426
0 0.938542 0.604167 0.018229 0.012963
0 0.953906 0.630093 0.017708 0.013889
0 0.982552 0.693287 0.017708 0.013426
0 0.959635 0.697917 0.017188 0.013426
0 0.937240 0.708102 0.016667 0.015278
0 0.912240 0.715741 0.018750 0.014815
0 0.911198 0.660880 0.017708 0.014352
0 0.880990 0.595602 0.019271 0.013426
0 0.865755 0.522222 0.017969 0.011111
0 0.866797 0.500926 0.019531 0.013889
0 0.675781 0.978009 0.013542 0.030093
0 0.671875 0.913657 0.011458 0.025463
0 0.714583 0.863657 0.013542 0.025463
0 0.724479 0.836343 0.009896 0.020833
0 0.718880 0.812500 0.013802 0.033333
0 0.717057 0.778241 0.011719 0.028704
0 0.737891 0.795833 0.013281 0.031481
0 0.748828 0.759028 0.012240 0.025463
0 0.761458 0.719213 0.011979 0.028241
2 0.731771 0.734954 0.013021 0.030093
2 0.731380 0.774769 0.012240 0.031019
2 0.747266 0.729398 0.013802 0.032870
2 0.705078 0.675694 0.017969 0.016204
0 0.014974 0.970833 0.019010 0.019444
0 0.038411 0.960648 0.018490 0.014815
0 0.081641 0.939815 0.020052 0.020370
0 0.183594 0.870602 0.018750 0.019907
0 0.186328 0.893750 0.019010 0.017130
2 0.226302 0.850231 0.022396 0.021759
0 0.239844 0.863194 0.013021 0.016204
0 0.250260 0.735185 0.009375 0.027778
0 0.247917 0.698148 0.009375 0.029630
0 0.245703 0.664583 0.008594 0.024537
0 0.285547 0.771991 0.016406 0.015278
0 0.372396 0.801620 0.015625 0.013426
0 0.412891 0.762731 0.016927 0.017130
0 0.462760 0.739583 0.014063 0.016204
0 0.508984 0.714120 0.016406 0.016204
0 0.555078 0.692361 0.016406 0.015278
0 0.608984 0.679861 0.017969 0.014352
2 0.633854 0.625694 0.038542 0.020833
0 0.689453 0.591204 0.018490 0.012963
0 0.648698 0.675231 0.008333 0.010648
0 0.690755 0.631481 0.015885 0.015741
0 0.619401 0.562269 0.019531 0.012500
0 0.620052 0.580556 0.015625 0.012963
0 0.621094 0.601620 0.017188 0.012500
0 0.719141 0.613889 0.019010 0.012963
0 0.742318 0.575926 0.018490 0.014815
0 0.685807 0.513889 0.011198 0.008333
0 0.756771 0.636574 0.018750 0.014815
0 0.769010 0.617824 0.016667 0.014352
0 0.776172 0.599769 0.012760 0.011574
0 0.816016 0.640509 0.016406 0.011574
0 0.836979 0.616435 0.019792 0.014352
0 0.824740 0.576157 0.017708 0.012500
0 0.792318 0.534954 0.012240 0.009722
0 0.808854 0.511574 0.017188 0.012963
0 0.872005 0.639120 0.014844 0.012500
1 0.156901 0.653472 0.028385 0.013426
0 0.190104 0.620833 0.018229 0.016667
2 0.075000 0.683333 0.010417 0.030556
0 0.064974 0.680787 0.008073 0.030093
0 0.055599 0.681713 0.007031 0.027315
0 0.047135 0.682639 0.008333 0.031944
0 0.038151 0.683565 0.007552 0.030093
0 0.012109 0.677083 0.008594 0.026389
0 0.010677 0.610417 0.008333 0.031944
0 0.019792 0.613657 0.007812 0.020833
0 0.028516 0.613426 0.007031 0.023148
0 0.037500 0.615972 0.007292 0.023611
0 0.046875 0.616435 0.007292 0.018981
0 0.006120 0.548148 0.011719 0.015741
1 0.035807 0.554167 0.042969 0.015741
0 0.003385 0.503241 0.006250 0.012037
0 0.019792 0.486574 0.017708 0.012963
0 0.031510 0.527083 0.018229 0.012500
0 0.043750 0.490741 0.018750 0.012037
0 0.049089 0.510185 0.019010 0.013889
0 0.069010 0.493981 0.018750 0.013889
0 0.079036 0.514815 0.019010 0.012037
2 0.099479 0.495139 0.023438 0.012500
0 0.107161 0.516435 0.021094 0.016204
0 0.125130 0.498148 0.018490 0.012037
0 0.132943 0.520370 0.017448 0.014815
0 0.148568 0.502778 0.016927 0.015741
0 0.161198 0.521991 0.018229 0.012500
0 0.170182 0.505093 0.015365 0.011111
0 0.194141 0.508102 0.013281 0.010648
0 0.188021 0.525694 0.016667 0.013426
0 0.219531 0.511574 0.015625 0.014815
0 0.164193 0.544444 0.017448 0.012963
1 0.165885 0.568981 0.043750 0.019444
2 0.214193 0.576620 0.019010 0.013426
0 0.228516 0.532870 0.013281 0.010185
0 0.238542 0.572917 0.017188 0.015278
0 0.245833 0.533565 0.016146 0.016204
0 0.245964 0.512731 0.017969 0.014352
0 0.268880 0.514815 0.016927 0.012037
0 0.275000 0.537963 0.018229 0.012963
0 0.265885 0.575463 0.016667 0.013889
0 0.283464 0.557407 0.018490 0.013889
0 0.297396 0.518981 0.013542 0.012037
0 0.298958 0.539352 0.015625 0.012037
0 0.312630 0.565278 0.016406 0.012963
0 0.295052 0.580093 0.017188 0.012963
0 0.323177 0.583565 0.012500 0.011574
0 0.344922 0.587037 0.017969 0.012037
0 0.339323 0.565278 0.014063 0.011111
0 0.328776 0.544444 0.017448 0.012037
0 0.348568 0.526620 0.017448 0.013426
2 0.319531 0.524074 0.020833 0.012963
0 0.343880 0.501852 0.016406 0.011111
1 0.381641 0.488657 0.043490 0.018056
1 0.388672 0.452083 0.041406 0.018056
0 0.382943 0.530787 0.017448 0.012500
0 0.367057 0.549537 0.017969 0.011111
0 0.378906 0.571065 0.016146 0.009722
0 0.381120 0.590278 0.017448 0.011111
0 0.394010 0.553241 0.016667 0.013889
0 0.410547 0.535880 0.016927 0.011574
0 0.432552 0.557639 0.016146 0.014352
0 0.423307 0.576852 0.016406 0.013889
2 0.427995 0.597917 0.017969 0.015278
0 0.457422 0.541204 0.017969 0.012963
0 0.461979 0.561111 0.016667 0.014815
0 0.472396 0.581944 0.017708 0.012963
0 0.496875 0.546065 0.017708 0.013426
0 0.505859 0.566667 0.016406 0.012963
2 0.540755 0.507870 0.023177 0.015741
0 0.519792 0.586574 0.017708 0.012963
0 0.554297 0.553935 0.016927 0.015278
0 0.547396 0.572685 0.016146 0.014815
0 0.566016 0.591667 0.019010 0.013889
1 0.560026 0.615509 0.042448 0.020833
0 0.556771 0.639583 0.018229 0.013426
0 0.603125 0.497685 0.017188 0.012963
