0 0.255469 0.443056 0.007813 0.027778
0 0.268750 0.436806 0.007813 0.029167
0 0.269531 0.381250 0.007813 0.031944
0 0.277734 0.381250 0.007031 0.029167
0 0.285547 0.382639 0.007031 0.026389
0 0.298828 0.440278 0.008594 0.027778
0 0.283594 0.475000 0.015625 0.013889
0 0.283984 0.492361 0.014844 0.012500
0 0.278906 0.508333 0.014062 0.013889
0 0.282813 0.526389 0.015625 0.013889
0 0.297656 0.528472 0.014062 0.015278
0 0.282422 0.543750 0.014844 0.012500
0 0.279297 0.561111 0.016406 0.016667
0 0.291016 0.596528 0.016406 0.018056
1 0.282813 0.613194 0.032812 0.018056
0 0.281250 0.627778 0.014062 0.011111
0 0.277734 0.660417 0.014844 0.015278
0 0.277344 0.694444 0.015625 0.011111
0 0.283594 0.712500 0.014062 0.016667
0 0.288281 0.763889 0.014062 0.016667
1 0.356250 0.732639 0.034375 0.020833
1 0.390625 0.753472 0.028125 0.020833
1 0.357812 0.677778 0.034375 0.022222
1 0.393359 0.700000 0.033594 0.022222
1 0.428516 0.710417 0.033594 0.023611
1 0.404297 0.667361 0.033594 0.018056
1 0.398438 0.632639 0.031250 0.020833
1 0.435156 0.636806 0.032812 0.023611
1 0.362891 0.588889 0.033594 0.022222
1 0.397656 0.592361 0.032812 0.015278
1 0.395312 0.518056 0.034375 0.019444
1 0.441016 0.526389 0.030469 0.022222
1 0.360938 0.459722 0.032812 0.019444
1 0.361328 0.439583 0.033594 0.020833
1 0.395312 0.444444 0.034375 0.022222
1 0.396484 0.463889 0.032031 0.019444
1 0.431250 0.449306 0.031250 0.020833
1 0.466016 0.399306 0.033594 0.018056
0 0.485156 0.419444 0.014062 0.016667
0 0.482812 0.367361 0.015625 0.018056
0 0.466797 0.363889 0.014844 0.013889
0 0.450781 0.358333 0.010937 0.013889
0 0.432813 0.377778 0.015625 0.013889
0 0.414453 0.375000 0.013281 0.008333
0 0.414063 0.357639 0.014062 0.018056
0 0.394531 0.357639 0.014062 0.015278
0 0.375781 0.352083 0.014062 0.012500
0 0.358203 0.365278 0.013281 0.013889
1 0.544531 0.287500 0.034375 0.022222
1 0.546484 0.394444 0.032031 0.022222
0 0.546875 0.463889 0.015625 0.016667
1 0.546094 0.500694 0.031250 0.018056
1 0.546094 0.518056 0.032812 0.016667
1 0.544531 0.534722 0.031250 0.016667
1 0.545313 0.552083 0.032812 0.018056
1 0.544922 0.569444 0.032031 0.016667
1 0.542969 0.586111 0.032812 0.016667
1 0.542188 0.604861 0.032812 0.018056
1 0.542188 0.624306 0.032812 0.018056
1 0.541406 0.640278 0.034375 0.016667
1 0.586719 0.536806 0.032812 0.020833
1 0.589844 0.451389 0.034375 0.019444
1 0.590625 0.434028 0.034375 0.018056
1 0.656641 0.509028 0.010156 0.059722
1 0.662891 0.432639 0.010156 0.062500
1 0.621875 0.659722 0.023438 0.061111
1 0.250000 0.916667 0.031250 0.041667
0 0.451562 0.923611 0.012500 0.022222
0 0.464453 0.903472 0.011719 0.026389
0 0.477344 0.886806 0.012500 0.026389
0 0.921484 0.880556 0.019531 0.016667
0 0.844922 0.576389 0.021094 0.025000
0 0.808594 0.590972 0.018750 0.018056
0 0.786719 0.603472 0.015625 0.018056
0 0.771875 0.613889 0.014062 0.016667
0 0.735937 0.636806 0.014062 0.015278
0 0.715234 0.653472 0.014844 0.023611
0 0.698047 0.665278 0.011719 0.022222
0 0.684766 0.677778 0.014844 0.022222
0 0.655469 0.701389 0.014062 0.022222
0 0.639063 0.721528 0.014062 0.023611
0 0.625000 0.733333 0.014062 0.027778
0 0.609375 0.750694 0.014062 0.023611
0 0.594141 0.772222 0.011719 0.025000
0 0.579687 0.790972 0.014062 0.023611
0 0.562500 0.811111 0.012500 0.019444
0 0.535156 0.847222 0.012500 0.025000
1 0.739844 0.498611 0.034375 0.019444
0 0.767969 0.475000 0.015625 0.013889
0 0.768750 0.459028 0.014062 0.015278
0 0.767578 0.444444 0.014844 0.013889
0 0.493750 0.855556 0.012500 0.022222
0 0.506641 0.835417 0.011719 0.023611
0 0.520312 0.813889 0.014062 0.027778
0 0.534766 0.787500 0.013281 0.022222
0 0.523047 0.764583 0.014844 0.026389
0 0.504687 0.796528 0.010937 0.018056
0 0.549219 0.764583 0.014062 0.020833
0 0.563281 0.745139 0.012500 0.020833
0 0.564453 0.718056 0.013281 0.025000
0 0.580469 0.700694 0.014062 0.020833
0 0.597656 0.684722 0.012500 0.022222
0 0.595312 0.709722 0.010937 0.019444
0 0.579297 0.725694 0.014844 0.018056
0 0.642969 0.637500 0.015625 0.025000
0 0.658203 0.625000 0.014844 0.022222
0 0.675391 0.605556 0.014844 0.022222
0 0.683984 0.634722 0.014844 0.019444
0 0.693359 0.595833 0.014844 0.022222
0 0.710156 0.586111 0.012500 0.016667
0 0.844922 0.444444 0.010156 0.027778
0 0.899609 0.452083 0.017969 0.015278
0 0.901953 0.466667 0.016406 0.013889
0 0.844922 0.387500 0.008594 0.025000
0 0.832031 0.390972 0.009375 0.026389
0 0.444922 0.293750 0.007031 0.023611
0 0.418359 0.293056 0.008594 0.027778
0 0.372656 0.291667 0.007813 0.030556
0 0.364453 0.289583 0.008594 0.029167
0 0.777344 0.423611 0.007813 0.027778
0 0.773828 0.362500 0.017969 0.016667
0 0.520703 0.867361 0.014844 0.029167
0 0.507813 0.888889 0.014062 0.022222
0 0.493359 0.913889 0.014844 0.025000
0 0.459375 0.288194 0.009375 0.026389
