1 0.215625 0.919444 0.034375 0.041667
1 0.322266 0.735417 0.036719 0.020833
1 0.322266 0.680556 0.033594 0.019444
1 0.327734 0.592361 0.033594 0.020833
1 0.362891 0.594444 0.035156 0.019444
1 0.326172 0.442361 0.032031 0.018056
1 0.325391 0.460417 0.035156 0.018056
1 0.362500 0.445833 0.034375 0.022222
1 0.364062 0.631944 0.034375 0.025000
1 0.400391 0.636111 0.033594 0.019444
1 0.369922 0.668750 0.033594 0.018056
1 0.358203 0.704861 0.033594 0.020833
1 0.393750 0.712500 0.034375 0.019444
1 0.357031 0.756250 0.029687 0.020833
1 0.359766 0.520139 0.033594 0.018056
1 0.405469 0.527778 0.032812 0.019444
1 0.396094 0.451389 0.032812 0.022222
1 0.362109 0.468056 0.032031 0.019444
1 0.429688 0.401389 0.034375 0.019444
1 0.509766 0.399306 0.033594 0.018056
1 0.553516 0.433333 0.032031 0.016667
1 0.553906 0.452083 0.032812 0.015278
1 0.550391 0.537500 0.032031 0.016667
1 0.585938 0.687500 0.010937 0.061111
1 0.625781 0.431250 0.007813 0.056944
1 0.621094 0.509028 0.009375 0.056944
1 0.508984 0.286806 0.033594 0.020833
1 0.558594 0.287500 0.031250 0.016667
1 0.509766 0.502778 0.030469 0.016667
1 0.509375 0.518750 0.028125 0.018056
1 0.508594 0.536111 0.032812 0.016667
1 0.508594 0.552778 0.032812 0.016667
1 0.508984 0.569444 0.033594 0.022222
1 0.507422 0.586111 0.033594 0.016667
1 0.506641 0.604861 0.033594 0.018056
1 0.507031 0.623611 0.034375 0.016667
1 0.505469 0.640278 0.032812 0.016667
1 0.247266 0.616667 0.035156 0.022222
0 0.233203 0.440972 0.008594 0.026389
0 0.235156 0.385417 0.007813 0.031944
0 0.242969 0.386806 0.007813 0.026389
0 0.251172 0.386806 0.007031 0.026389
0 0.262500 0.445139 0.009375 0.029167
0 0.322656 0.365278 0.014062 0.016667
0 0.328125 0.293056 0.006250 0.027778
0 0.335547 0.292361 0.008594 0.026389
0 0.248828 0.478472 0.016406 0.015278
0 0.249219 0.495139 0.014062 0.012500
0 0.243750 0.510417 0.015625 0.015278
0 0.247266 0.528472 0.014844 0.012500
0 0.246484 0.544444 0.014844 0.013889
0 0.244531 0.563194 0.017188 0.015278
0 0.256250 0.599306 0.015625 0.015278
0 0.244141 0.663889 0.014844 0.016667
0 0.241797 0.697222 0.016406 0.016667
0 0.248437 0.713889 0.015625 0.019444
0 0.253125 0.768750 0.012500 0.012500
0 0.417188 0.924306 0.014062 0.020833
0 0.430859 0.906250 0.014844 0.023611
0 0.442578 0.882639 0.011719 0.026389
0 0.458203 0.856250 0.013281 0.023611
0 0.470703 0.836806 0.011719 0.023611
0 0.485547 0.814583 0.013281 0.026389
0 0.500000 0.788194 0.012500 0.023611
0 0.513672 0.763194 0.011719 0.023611
0 0.528125 0.745139 0.010937 0.023611
0 0.529297 0.715278 0.013281 0.022222
0 0.545313 0.700694 0.014062 0.026389
0 0.563281 0.683333 0.015625 0.027778
0 0.558594 0.707639 0.015625 0.020833
0 0.544141 0.725000 0.013281 0.019444
0 0.458594 0.913889 0.014062 0.022222
0 0.473437 0.889583 0.012500 0.029167
0 0.486719 0.868750 0.014062 0.026389
0 0.499219 0.846528 0.012500 0.026389
0 0.512891 0.827083 0.011719 0.026389
0 0.528125 0.810417 0.010937 0.023611
0 0.544531 0.784722 0.012500 0.022222
0 0.558203 0.772917 0.011719 0.023611
0 0.574609 0.750694 0.013281 0.020833
0 0.591016 0.734722 0.013281 0.022222
0 0.603906 0.722222 0.012500 0.022222
0 0.607813 0.635417 0.012500 0.023611
0 0.622656 0.622917 0.015625 0.023611
0 0.639844 0.606250 0.012500 0.020833
0 0.656250 0.595139 0.014062 0.023611
0 0.674219 0.586111 0.012500 0.019444
0 0.648828 0.634028 0.014844 0.018056
0 0.620313 0.702778 0.014062 0.019444
0 0.647656 0.673611 0.015625 0.022222
0 0.663281 0.664583 0.012500 0.015278
0 0.678906 0.650000 0.015625 0.022222
0 0.700781 0.634722 0.015625 0.022222
0 0.735937 0.612500 0.014062 0.022222
0 0.751172 0.604167 0.016406 0.022222
0 0.771875 0.590278 0.017188 0.019444
0 0.809375 0.575694 0.020312 0.015278
0 0.953906 0.540972 0.026563 0.020833
0 0.742969 0.919444 0.017188 0.022222
0 0.511328 0.463194 0.016406 0.015278
0 0.381641 0.295833 0.008594 0.027778
0 0.409766 0.295139 0.007031 0.026389
0 0.423047 0.288889 0.008594 0.027778
0 0.339844 0.353472 0.017188 0.018056
0 0.359375 0.359722 0.015625 0.016667
0 0.376953 0.356944 0.014844 0.013889
0 0.396875 0.379167 0.017188 0.016667
0 0.378906 0.377778 0.014062 0.016667
0 0.414453 0.361111 0.013281 0.011111
0 0.432031 0.364583 0.014062 0.012500
0 0.447266 0.366667 0.014844 0.016667
0 0.450781 0.383333 0.014062 0.013889
0 0.731641 0.475000 0.016406 0.016667
0 0.732031 0.456944 0.015625 0.013889
0 0.731250 0.442361 0.012500 0.018056
0 0.740625 0.422917 0.007813 0.029167
0 0.736719 0.361806 0.018750 0.012500
0 0.807422 0.441667 0.010156 0.030556
0 0.786328 0.389583 0.008594 0.029167
0 0.794531 0.387500 0.009375 0.033333
0 0.807422 0.384722 0.010156 0.027778
0 0.823438 0.495139 0.010937 0.026389
0 0.788281 0.507639 0.010937 0.037500
0 0.809766 0.500000 0.008594 0.027778
