0 0.212891 0.410417 0.007031 0.029167
0 0.220313 0.410417 0.006250 0.026389
0 0.227344 0.411111 0.007813 0.030556
0 0.212891 0.464583 0.008594 0.026389
0 0.242188 0.466667 0.009375 0.030556
0 0.228906 0.501389 0.017188 0.016667
0 0.229687 0.518750 0.015625 0.015278
0 0.225781 0.534722 0.018750 0.016667
0 0.228906 0.552778 0.015625 0.013889
0 0.244141 0.552778 0.014844 0.016667
0 0.228125 0.570139 0.014062 0.015278
0 0.226172 0.586111 0.017969 0.013889
0 0.238281 0.621528 0.017188 0.012500
1 0.229687 0.638194 0.034375 0.018056
0 0.230859 0.654861 0.013281 0.012500
0 0.228906 0.688889 0.017188 0.013889
0 0.227734 0.721528 0.016406 0.015278
0 0.235156 0.738889 0.014062 0.016667
0 0.240625 0.791667 0.015625 0.016667
1 0.307813 0.754167 0.034375 0.022222
1 0.307031 0.698611 0.034375 0.019444
1 0.343359 0.771528 0.028906 0.018056
1 0.344141 0.719444 0.033594 0.022222
1 0.379687 0.721528 0.034375 0.018056
1 0.354297 0.681250 0.033594 0.018056
1 0.347266 0.645833 0.032031 0.016667
1 0.383203 0.648611 0.035156 0.022222
1 0.310547 0.606250 0.033594 0.018056
1 0.344922 0.607639 0.035156 0.018056
1 0.340625 0.534028 0.034375 0.020833
1 0.386328 0.538194 0.032031 0.020833
1 0.304688 0.475694 0.034375 0.018056
1 0.304688 0.459028 0.034375 0.020833
1 0.339844 0.460417 0.032812 0.018056
1 0.341016 0.481944 0.033594 0.022222
1 0.374609 0.463889 0.032031 0.013889
1 0.408594 0.410417 0.032812 0.020833
0 0.426953 0.426389 0.014844 0.013889
0 0.424219 0.375694 0.015625 0.015278
0 0.408594 0.373611 0.014062 0.013889
0 0.391406 0.371528 0.014062 0.012500
0 0.374609 0.388889 0.016406 0.016667
0 0.356250 0.390278 0.014062 0.013889
0 0.354688 0.374306 0.015625 0.015278
0 0.335547 0.372917 0.014844 0.015278
0 0.316797 0.370139 0.017969 0.015278
0 0.300000 0.385417 0.012500 0.015278
0 0.303516 0.309722 0.007031 0.025000
0 0.310156 0.311806 0.007813 0.029167
0 0.357812 0.309722 0.009375 0.030556
0 0.384375 0.306250 0.009375 0.029167
0 0.398047 0.299306 0.010156 0.026389
1 0.485547 0.287500 0.033594 0.013889
1 0.541406 0.284722 0.031250 0.019444
1 0.603906 0.424306 0.010937 0.062500
1 0.600781 0.501389 0.009375 0.061111
1 0.487891 0.399306 0.032031 0.018056
1 0.532031 0.432639 0.034375 0.018056
1 0.531641 0.451389 0.035156 0.019444
0 0.490234 0.466667 0.016406 0.013889
1 0.490234 0.504167 0.032031 0.019444
1 0.490234 0.520833 0.033594 0.013889
1 0.490234 0.536806 0.033594 0.015278
1 0.489844 0.555556 0.032812 0.016667
1 0.491406 0.572917 0.032812 0.015278
1 0.490234 0.588889 0.033594 0.016667
1 0.489844 0.606944 0.034375 0.016667
1 0.489453 0.625000 0.035156 0.016667
1 0.489062 0.643750 0.032812 0.018056
1 0.530078 0.536111 0.033594 0.019444
1 0.682813 0.485417 0.035937 0.018056
0 0.711328 0.458333 0.016406 0.013889
0 0.710156 0.441667 0.015625 0.013889
0 0.709375 0.427778 0.015625 0.011111
0 0.719141 0.403472 0.007031 0.026389
0 0.713281 0.346528 0.017188 0.015278
0 0.784766 0.363889 0.010156 0.030556
0 0.785937 0.422917 0.010937 0.029167
0 0.801562 0.470139 0.007813 0.023611
0 0.934766 0.505556 0.025781 0.013889
0 0.789453 0.550694 0.021094 0.020833
0 0.753125 0.570833 0.017188 0.016667
0 0.733594 0.585417 0.015625 0.018056
0 0.717188 0.595139 0.014062 0.020833
0 0.682813 0.620139 0.014062 0.020833
0 0.662891 0.637500 0.014844 0.019444
0 0.646484 0.652083 0.013281 0.018056
0 0.632813 0.668750 0.015625 0.020833
0 0.605469 0.694444 0.015625 0.022222
0 0.589063 0.715278 0.014062 0.022222
0 0.576172 0.733333 0.014844 0.025000
0 0.560938 0.747222 0.014062 0.019444
0 0.545703 0.767361 0.011719 0.023611
0 0.531250 0.786111 0.014062 0.025000
0 0.515234 0.809722 0.014844 0.025000
0 0.502344 0.828472 0.012500 0.026389
0 0.489453 0.849306 0.013281 0.026389
0 0.475391 0.870833 0.014844 0.025000
0 0.463672 0.889583 0.013281 0.026389
0 0.450000 0.918056 0.012500 0.025000
0 0.420703 0.913194 0.013281 0.023611
0 0.432422 0.891667 0.014844 0.022222
0 0.447656 0.861111 0.010937 0.025000
0 0.459766 0.840278 0.011719 0.022222
0 0.473047 0.818056 0.013281 0.022222
0 0.487109 0.789583 0.016406 0.023611
0 0.500391 0.765278 0.013281 0.025000
0 0.514844 0.743056 0.012500 0.019444
0 0.515625 0.715972 0.014062 0.020833
0 0.530469 0.697917 0.014062 0.023611
0 0.546875 0.676389 0.014062 0.025000
0 0.544531 0.704861 0.012500 0.020833
0 0.529297 0.722917 0.013281 0.018056
0 0.457031 0.802083 0.010937 0.023611
1 0.565625 0.696528 0.020312 0.062500
0 0.591406 0.628472 0.012500 0.018056
0 0.605469 0.616667 0.015625 0.019444
0 0.622266 0.597222 0.014844 0.019444
0 0.639844 0.584028 0.015625 0.018056
0 0.656250 0.572222 0.010937 0.019444
