1 0.107031 0.799306 0.031250 0.051389
1 0.164453 0.773611 0.019531 0.063889
0 0.158203 0.663194 0.016406 0.020833
0 0.158203 0.613194 0.013281 0.015278
0 0.153516 0.588889 0.013281 0.019444
0 0.157031 0.557639 0.014062 0.015278
0 0.162891 0.526389 0.011719 0.016667
0 0.175391 0.497222 0.016406 0.016667
0 0.166797 0.461111 0.016406 0.019444
0 0.189844 0.431944 0.012500 0.016667
0 0.168750 0.334028 0.009375 0.029167
0 0.327734 0.235417 0.008594 0.026389
0 0.355859 0.243056 0.008594 0.027778
0 0.367188 0.240278 0.009375 0.025000
0 0.263281 0.287500 0.014062 0.019444
0 0.282031 0.283333 0.015625 0.022222
0 0.299609 0.291667 0.016406 0.019444
0 0.317969 0.295833 0.014062 0.019444
0 0.318359 0.315972 0.013281 0.020833
0 0.335938 0.322917 0.012500 0.018056
0 0.355078 0.309028 0.011719 0.023611
0 0.371094 0.319444 0.010937 0.013889
0 0.386328 0.325000 0.013281 0.016667
0 0.384766 0.378472 0.014844 0.015278
1 0.365234 0.354167 0.035156 0.027778
1 0.328125 0.393056 0.032812 0.027778
1 0.329297 0.472917 0.033594 0.029167
1 0.285937 0.450694 0.037500 0.031944
1 0.247266 0.509722 0.033594 0.027778
1 0.280859 0.527778 0.033594 0.036111
1 0.278906 0.563194 0.032812 0.029167
1 0.314844 0.577778 0.032812 0.030556
1 0.281250 0.595139 0.034375 0.031944
1 0.233594 0.597917 0.032812 0.026389
1 0.227344 0.650000 0.032812 0.033333
1 0.267188 0.632639 0.031250 0.029167
1 0.301562 0.647917 0.034375 0.029167
1 0.260156 0.679167 0.029687 0.030556
1 0.471875 0.523611 0.032812 0.030556
1 0.445313 0.372222 0.034375 0.030556
0 0.439453 0.439583 0.016406 0.018056
1 0.541797 0.514583 0.017969 0.062500
1 0.553125 0.439583 0.015625 0.068056
1 0.533984 0.294444 0.030469 0.041667
1 0.472656 0.268750 0.035937 0.026389
1 0.625781 0.529861 0.034375 0.026389
0 0.261328 0.926389 0.016406 0.019444
0 0.273828 0.906250 0.011719 0.020833
0 0.289844 0.886111 0.014062 0.019444
0 0.305469 0.863889 0.014062 0.019444
0 0.319531 0.846528 0.014062 0.020833
0 0.333203 0.830556 0.013281 0.025000
0 0.352734 0.810417 0.013281 0.020833
0 0.366797 0.793056 0.013281 0.019444
0 0.381250 0.772917 0.015625 0.023611
0 0.399609 0.755556 0.013281 0.019444
0 0.416406 0.734722 0.014062 0.019444
0 0.368359 0.754167 0.011719 0.016667
0 0.389844 0.728472 0.015625 0.023611
0 0.435156 0.693056 0.012500 0.019444
0 0.452344 0.679167 0.014062 0.019444
0 0.470703 0.667361 0.016406 0.020833
0 0.466016 0.693056 0.014844 0.022222
0 0.430859 0.719444 0.013281 0.019444
0 0.448438 0.706944 0.015625 0.022222
0 0.300391 0.929861 0.013281 0.020833
0 0.312891 0.906944 0.013281 0.022222
0 0.332422 0.882639 0.014844 0.020833
0 0.346094 0.864583 0.014062 0.020833
0 0.364844 0.845833 0.014062 0.022222
0 0.377734 0.831944 0.014844 0.019444
0 0.394141 0.815278 0.014844 0.019444
0 0.408594 0.799306 0.014062 0.020833
0 0.423047 0.783333 0.013281 0.019444
0 0.442187 0.767361 0.015625 0.020833
0 0.458203 0.758333 0.013281 0.022222
0 0.475781 0.740278 0.014062 0.016667
0 0.491797 0.728472 0.013281 0.020833
0 0.507813 0.719444 0.014062 0.016667
0 0.519141 0.633333 0.014844 0.022222
0 0.525000 0.668750 0.014062 0.015278
0 0.535937 0.629861 0.014062 0.015278
0 0.553125 0.615972 0.014062 0.015278
0 0.572266 0.610417 0.014844 0.015278
0 0.589453 0.605556 0.014844 0.011111
0 0.559766 0.647917 0.014844 0.015278
0 0.526563 0.704861 0.014062 0.018056
0 0.556250 0.688889 0.014062 0.019444
0 0.571484 0.679861 0.013281 0.018056
0 0.589063 0.670833 0.014062 0.019444
0 0.610937 0.662500 0.014062 0.022222
0 0.647656 0.650000 0.015625 0.016667
0 0.664844 0.643750 0.015625 0.015278
0 0.685938 0.638889 0.020312 0.016667
0 0.723437 0.634722 0.020312 0.016667
0 0.795313 0.711806 0.017188 0.018056
0 0.870313 0.643750 0.023438 0.020833
0 0.788672 0.541667 0.014844 0.013889
0 0.786719 0.528472 0.014062 0.012500
0 0.787891 0.517361 0.016406 0.015278
0 0.718750 0.445139 0.007813 0.029167
0 0.726563 0.447222 0.007813 0.027778
0 0.739062 0.445833 0.007813 0.027778
0 0.733203 0.505556 0.008594 0.027778
0 0.709766 0.562500 0.008594 0.030556
0 0.717188 0.560417 0.006250 0.029167
0 0.723437 0.562500 0.007813 0.030556
0 0.730859 0.561111 0.007031 0.025000
0 0.743750 0.562500 0.007813 0.030556
0 0.671875 0.404861 0.018750 0.018056
0 0.669141 0.461806 0.010156 0.026389
