1 0.038281 0.844444 0.039063 0.044444
1 0.090625 0.905556 0.025000 0.063889
1 0.073828 0.688194 0.030469 0.054167
1 0.140625 0.663194 0.025000 0.051389
1 0.203516 0.572222 0.035156 0.041667
1 0.236719 0.611111 0.028125 0.036111
1 0.214844 0.520139 0.032812 0.034722
1 0.245312 0.560417 0.034375 0.031944
1 0.262500 0.531250 0.034375 0.034722
1 0.297656 0.515972 0.035937 0.037500
1 0.262891 0.493750 0.030469 0.040278
1 0.269141 0.458333 0.035156 0.038889
1 0.235156 0.436806 0.032812 0.034722
1 0.278906 0.387500 0.032812 0.036111
1 0.320313 0.419444 0.031250 0.038889
1 0.279297 0.585417 0.032031 0.034722
1 0.325391 0.340972 0.032031 0.040278
1 0.366406 0.309722 0.032812 0.036111
0 0.380469 0.338194 0.017188 0.020833
1 0.442578 0.350694 0.033594 0.034722
0 0.432422 0.414583 0.014844 0.020833
1 0.455859 0.502778 0.033594 0.036111
1 0.541016 0.306944 0.027344 0.052778
1 0.487109 0.259722 0.033594 0.030556
1 0.547656 0.445139 0.017188 0.062500
1 0.526953 0.510417 0.017969 0.059722
0 0.192188 0.874306 0.015625 0.015278
0 0.217969 0.852778 0.015625 0.019444
0 0.231641 0.835417 0.014844 0.018056
0 0.248828 0.819444 0.016406 0.022222
0 0.266406 0.801389 0.014062 0.019444
0 0.282031 0.792361 0.014062 0.018056
0 0.297656 0.778472 0.015625 0.020833
0 0.317578 0.758333 0.014844 0.019444
0 0.333203 0.746528 0.013281 0.020833
0 0.348828 0.731250 0.013281 0.018056
0 0.337500 0.710417 0.010937 0.015278
0 0.359375 0.688889 0.015625 0.019444
0 0.367969 0.714583 0.014062 0.023611
0 0.385547 0.700694 0.016406 0.018056
0 0.401563 0.690278 0.015625 0.016667
0 0.419922 0.680556 0.017969 0.013889
0 0.437500 0.672222 0.015625 0.013889
0 0.407422 0.665278 0.016406 0.013889
0 0.425000 0.656250 0.017188 0.018056
0 0.446094 0.650694 0.017188 0.018056
0 0.496094 0.628472 0.015625 0.015278
0 0.513281 0.625694 0.015625 0.012500
0 0.531641 0.621528 0.016406 0.015278
0 0.548828 0.618056 0.016406 0.016667
0 0.568750 0.616667 0.010937 0.016667
0 0.497656 0.647222 0.015625 0.011111
0 0.499219 0.662500 0.014062 0.011111
0 0.534375 0.650000 0.015625 0.016667
0 0.191016 0.929861 0.014844 0.018056
0 0.207031 0.915278 0.018750 0.022222
0 0.224609 0.895833 0.016406 0.019444
0 0.240234 0.881944 0.014844 0.016667
0 0.254297 0.862500 0.014844 0.022222
0 0.269922 0.847917 0.016406 0.023611
0 0.291406 0.827778 0.014062 0.019444
0 0.307422 0.813194 0.014844 0.018056
0 0.325781 0.797222 0.014062 0.022222
0 0.339844 0.786111 0.017188 0.019444
0 0.358594 0.771528 0.014062 0.018056
0 0.373828 0.760417 0.014844 0.020833
0 0.389844 0.751389 0.014062 0.016667
1 0.423047 0.712500 0.000781 0.038889
0 0.409375 0.738194 0.015625 0.018056
0 0.425391 0.731944 0.014844 0.013889
0 0.444531 0.720833 0.014062 0.016667
0 0.462500 0.711806 0.015625 0.012500
0 0.477734 0.706944 0.014844 0.013889
0 0.496484 0.697222 0.014844 0.013889
0 0.526563 0.687500 0.017188 0.016667
0 0.544141 0.682639 0.010156 0.012500
0 0.562109 0.680556 0.014844 0.013889
0 0.585156 0.679167 0.015625 0.016667
0 0.621484 0.674306 0.013281 0.015278
0 0.637891 0.671528 0.014844 0.012500
0 0.660547 0.671528 0.016406 0.015278
0 0.697266 0.678472 0.019531 0.018056
0 0.697266 0.757639 0.017969 0.015278
0 0.841797 0.718750 0.025781 0.023611
0 0.688672 0.600694 0.008594 0.029167
0 0.696484 0.601389 0.007031 0.027778
0 0.703906 0.602778 0.006250 0.030556
0 0.710938 0.602778 0.007813 0.030556
0 0.724219 0.608333 0.009375 0.027778
0 0.717969 0.549306 0.006250 0.026389
0 0.767187 0.586806 0.014062 0.018056
0 0.769531 0.602083 0.015625 0.012500
1 0.608203 0.544444 0.036719 0.036111
0 0.728516 0.493750 0.007031 0.029167
0 0.714453 0.490972 0.007031 0.026389
0 0.706641 0.490278 0.008594 0.027778
0 0.664844 0.434722 0.015625 0.022222
0 0.657422 0.491667 0.010156 0.025000
0 0.641406 0.543750 0.015625 0.023611
0 0.135547 0.566667 0.014844 0.022222
0 0.136719 0.493056 0.014062 0.019444
0 0.139844 0.515278 0.015625 0.022222
0 0.143750 0.463194 0.018750 0.018056
0 0.183984 0.345139 0.011719 0.023611
0 0.172266 0.247222 0.011719 0.033333
0 0.268750 0.221528 0.014062 0.026389
0 0.287109 0.218750 0.016406 0.026389
0 0.305469 0.233333 0.014062 0.022222
0 0.337891 0.271528 0.014844 0.023611
0 0.358594 0.263194 0.010937 0.018056
0 0.373437 0.275694 0.012500 0.020833
0 0.389062 0.288889 0.015625 0.022222
0 0.338281 0.185417 0.010937 0.031944
0 0.363281 0.201389 0.010937 0.027778
0 0.376563 0.198611 0.009375 0.033333
0 0.166016 0.407639 0.017969 0.020833
