1 0.050781 0.507639 0.026563 0.054167
1 0.101563 0.456944 0.021875 0.061111
1 0.135156 0.485417 0.032812 0.051389
1 0.043359 0.725694 0.019531 0.056944
0 0.104297 0.802778 0.014844 0.022222
0 0.122656 0.797222 0.014062 0.025000
0 0.137500 0.787500 0.015625 0.019444
0 0.154297 0.783333 0.019531 0.022222
0 0.172266 0.769444 0.014844 0.016667
0 0.143750 0.736111 0.015625 0.019444
0 0.171875 0.721528 0.015625 0.018056
0 0.187500 0.710417 0.015625 0.015278
0 0.205469 0.700694 0.017188 0.018056
0 0.225391 0.691667 0.014844 0.016667
0 0.241797 0.686806 0.013281 0.018056
0 0.257813 0.681250 0.015625 0.018056
0 0.191406 0.758333 0.014062 0.019444
0 0.207422 0.748611 0.014844 0.016667
0 0.224219 0.736111 0.017188 0.022222
0 0.248437 0.726389 0.015625 0.019444
0 0.263672 0.717361 0.016406 0.018056
0 0.278906 0.670139 0.015625 0.018056
0 0.284375 0.709028 0.015625 0.015278
0 0.299609 0.704167 0.016406 0.016667
0 0.297266 0.662500 0.013281 0.019444
0 0.314453 0.656250 0.016406 0.018056
0 0.334375 0.645139 0.015625 0.015278
0 0.352734 0.636806 0.014844 0.015278
0 0.371875 0.630556 0.014062 0.013889
0 0.391016 0.629167 0.016406 0.013889
0 0.407813 0.628472 0.014062 0.018056
0 0.378906 0.612500 0.017188 0.016667
0 0.398047 0.611806 0.014844 0.018056
0 0.418750 0.609722 0.015625 0.016667
0 0.329297 0.613194 0.016406 0.020833
0 0.304688 0.627083 0.014062 0.018056
0 0.125000 0.413194 0.012500 0.026389
0 0.135156 0.339583 0.014062 0.026389
0 0.145313 0.311806 0.015625 0.029167
0 0.173438 0.265972 0.015625 0.023611
0 0.172656 0.227083 0.014062 0.023611
0 0.181641 0.212500 0.011719 0.025000
0 0.200391 0.214583 0.011719 0.026389
0 0.202734 0.152083 0.013281 0.020833
0 0.198437 0.108333 0.014062 0.030556
0 0.298047 0.122222 0.011719 0.030556
0 0.317578 0.125694 0.013281 0.026389
0 0.331250 0.149306 0.015625 0.023611
0 0.347656 0.163889 0.014062 0.022222
0 0.344531 0.184028 0.014062 0.020833
0 0.357812 0.197917 0.014062 0.023611
0 0.380469 0.196528 0.010937 0.020833
0 0.392578 0.220139 0.013281 0.020833
0 0.403906 0.230556 0.010937 0.019444
0 0.391406 0.283333 0.017188 0.025000
1 0.379687 0.246528 0.031250 0.040278
1 0.337891 0.261111 0.030469 0.044444
1 0.325000 0.337500 0.029687 0.047222
1 0.285156 0.287500 0.032812 0.050000
1 0.268359 0.354861 0.030469 0.043056
1 0.259766 0.388889 0.030469 0.036111
1 0.288672 0.429861 0.028906 0.045833
1 0.253906 0.429167 0.029687 0.041667
1 0.263672 0.483333 0.030469 0.041667
1 0.217187 0.489583 0.025000 0.040278
1 0.193359 0.441667 0.025781 0.044444
1 0.208594 0.397917 0.029687 0.051389
1 0.335547 0.674306 0.035156 0.018056
0 0.317969 0.697222 0.017188 0.016667
0 0.335938 0.693750 0.015625 0.012500
0 0.353516 0.688194 0.014844 0.009722
0 0.374609 0.683333 0.014844 0.011111
0 0.391406 0.680556 0.014062 0.011111
0 0.409375 0.676389 0.015625 0.013889
0 0.428906 0.677083 0.015625 0.015278
0 0.442969 0.676389 0.015625 0.013889
0 0.462109 0.675694 0.016406 0.018056
0 0.470313 0.627778 0.015625 0.011111
0 0.468750 0.642361 0.015625 0.012500
0 0.469531 0.607639 0.017188 0.015278
0 0.486719 0.610417 0.015625 0.015278
0 0.505859 0.611111 0.014844 0.013889
0 0.505469 0.643056 0.017188 0.016667
0 0.494531 0.677778 0.015625 0.016667
0 0.510156 0.681250 0.012500 0.015278
0 0.520312 0.765972 0.017188 0.018056
0 0.528516 0.682639 0.016406 0.015278
0 0.550391 0.687500 0.013281 0.019444
0 0.589063 0.702083 0.014062 0.018056
0 0.605078 0.705556 0.014844 0.019444
0 0.625781 0.714583 0.015625 0.018056
0 0.661719 0.731944 0.018750 0.022222
0 0.795703 0.829861 0.024219 0.031944
0 0.696094 0.615278 0.009375 0.027778
0 0.713672 0.565278 0.008594 0.030556
1 0.590234 0.573611 0.032031 0.041667
1 0.517578 0.509722 0.022656 0.055556
1 0.540625 0.446528 0.023438 0.059722
1 0.555078 0.343056 0.010156 0.061111
1 0.521484 0.261111 0.030469 0.041667
1 0.451562 0.313889 0.031250 0.050000
0 0.433594 0.374306 0.017188 0.023611
1 0.447266 0.470833 0.030469 0.047222
0 0.657812 0.482639 0.017188 0.026389
0 0.644922 0.540278 0.011719 0.027778
0 0.695313 0.673611 0.009375 0.030556
0 0.741406 0.670833 0.015625 0.019444
0 0.406641 0.145139 0.013281 0.037500
0 0.392969 0.138889 0.010937 0.027778
0 0.369141 0.114583 0.013281 0.034722
1 0.239844 0.317361 0.032812 0.051389
0 0.623438 0.579167 0.014062 0.019444
