1 0.057813 0.434028 0.023438 0.059722
1 0.039453 0.651389 0.019531 0.058333
0 0.095703 0.735417 0.017969 0.023611
0 0.115625 0.730556 0.014062 0.016667
0 0.130078 0.722917 0.014844 0.020833
0 0.146484 0.720139 0.017969 0.020833
0 0.141406 0.670139 0.014062 0.012500
0 0.169141 0.662500 0.014844 0.019444
0 0.167187 0.707639 0.015625 0.015278
0 0.184375 0.703472 0.015625 0.015278
0 0.185937 0.652083 0.015625 0.012500
0 0.203906 0.647222 0.014062 0.013889
0 0.202344 0.696528 0.017188 0.015278
0 0.219922 0.688889 0.016406 0.013889
0 0.224219 0.643056 0.014062 0.016667
0 0.239844 0.636806 0.014062 0.015278
0 0.257813 0.635417 0.015625 0.018056
0 0.243359 0.679167 0.014844 0.013889
0 0.260938 0.675694 0.015625 0.018056
1 0.293750 0.648611 0.035937 0.016667
0 0.278906 0.668056 0.015625 0.016667
0 0.296484 0.665972 0.016406 0.012500
0 0.278516 0.627083 0.014844 0.015278
0 0.295312 0.623611 0.014062 0.016667
0 0.314063 0.617361 0.015625 0.015278
0 0.335938 0.614583 0.017188 0.015278
0 0.354297 0.607639 0.014844 0.015278
0 0.370703 0.604861 0.016406 0.018056
0 0.380859 0.588194 0.013281 0.015278
0 0.400000 0.587500 0.015625 0.019444
0 0.389844 0.606944 0.017188 0.013889
0 0.419531 0.593056 0.017188 0.016667
0 0.408203 0.609028 0.014844 0.018056
0 0.316797 0.665278 0.014844 0.013889
0 0.332422 0.660417 0.013281 0.015278
0 0.350781 0.661111 0.017188 0.013889
0 0.371484 0.659028 0.016406 0.015278
0 0.389453 0.658333 0.014844 0.016667
0 0.407422 0.659722 0.014844 0.016667
0 0.424609 0.663194 0.016406 0.020833
0 0.440625 0.664583 0.015625 0.018056
0 0.380859 0.738889 0.016406 0.019444
0 0.461328 0.666667 0.017969 0.016667
0 0.491797 0.674306 0.017969 0.015278
0 0.507422 0.681250 0.011719 0.018056
0 0.526563 0.684722 0.017188 0.019444
0 0.547656 0.695833 0.014062 0.022222
0 0.583594 0.710417 0.015625 0.018056
0 0.599609 0.720139 0.014844 0.020833
0 0.621875 0.729861 0.015625 0.023611
0 0.653906 0.754167 0.021875 0.027778
0 0.782812 0.875694 0.023438 0.037500
0 0.691406 0.703472 0.009375 0.023611
0 0.695313 0.646528 0.007813 0.026389
0 0.716016 0.600000 0.008594 0.030556
0 0.664844 0.506250 0.015625 0.026389
1 0.592969 0.586806 0.031250 0.054167
0 0.542969 0.628472 0.012500 0.015278
0 0.524219 0.618750 0.015625 0.020833
0 0.506641 0.612500 0.014844 0.022222
0 0.487891 0.606250 0.014844 0.018056
0 0.471484 0.601389 0.016406 0.016667
0 0.468359 0.620833 0.014844 0.013889
0 0.468750 0.634722 0.014062 0.011111
0 0.506250 0.639583 0.015625 0.018056
1 0.458203 0.461806 0.033594 0.054167
0 0.447656 0.361111 0.017188 0.025000
1 0.522656 0.511806 0.026563 0.045833
1 0.553125 0.450694 0.026563 0.051389
1 0.556250 0.380556 0.025000 0.058333
1 0.555469 0.288889 0.028125 0.058333
1 0.468359 0.306250 0.030469 0.054167
1 0.401172 0.224306 0.028906 0.048611
0 0.411719 0.263194 0.014062 0.029167
0 0.426953 0.220139 0.014844 0.026389
0 0.415625 0.197222 0.012500 0.022222
0 0.402344 0.178472 0.010937 0.015278
0 0.381641 0.174306 0.013281 0.023611
0 0.367188 0.156944 0.010937 0.025000
0 0.372266 0.134722 0.011719 0.025000
0 0.358594 0.118056 0.014062 0.025000
0 0.342969 0.093056 0.014062 0.022222
0 0.326172 0.088194 0.011719 0.031944
0 0.397266 0.088194 0.014844 0.031944
0 0.418750 0.119444 0.012500 0.033333
0 0.432031 0.125694 0.014062 0.031944
1 0.357422 0.235417 0.027344 0.051389
1 0.341406 0.306250 0.029687 0.054167
1 0.301172 0.389583 0.028906 0.051389
1 0.271484 0.444444 0.028906 0.050000
1 0.243359 0.400694 0.030469 0.045833
1 0.285156 0.317361 0.029687 0.051389
1 0.255469 0.272222 0.032812 0.058333
1 0.305078 0.253472 0.033594 0.054167
1 0.224219 0.345139 0.029687 0.048611
1 0.203906 0.388194 0.031250 0.054167
1 0.161328 0.419444 0.036719 0.022222
1 0.224609 0.444444 0.028906 0.038889
1 0.113281 0.385417 0.018750 0.059722
0 0.139844 0.345139 0.015625 0.023611
0 0.166406 0.252083 0.017188 0.023611
0 0.222656 0.161806 0.014062 0.018056
0 0.228906 0.054861 0.014062 0.023611
0 0.251563 0.090972 0.012500 0.029167
