0 0.140234 0.366667 0.019531 0.055556
0 0.086719 0.408333 0.020312 0.061111
0 0.026563 0.534028 0.037500 0.029167
0 0.024609 0.636806 0.017969 0.065278
0 0.062500 0.619444 0.015625 0.063889
0 0.117969 0.709722 0.017188 0.025000
0 0.139062 0.708333 0.014062 0.019444
0 0.152734 0.703472 0.014844 0.015278
0 0.169922 0.697222 0.019531 0.016667
0 0.189844 0.690972 0.015625 0.018056
0 0.207813 0.686111 0.012500 0.013889
0 0.225000 0.679861 0.017188 0.018056
0 0.243359 0.674306 0.017969 0.015278
0 0.164844 0.654861 0.015625 0.015278
0 0.191016 0.645833 0.016406 0.013889
0 0.208984 0.638194 0.014844 0.018056
0 0.228125 0.633333 0.015625 0.013889
0 0.247656 0.627083 0.014062 0.015278
0 0.265625 0.624306 0.015625 0.015278
0 0.280859 0.619444 0.014844 0.019444
0 0.302344 0.618056 0.014062 0.016667
0 0.320313 0.610417 0.014062 0.015278
0 0.339063 0.609028 0.015625 0.012500
0 0.358594 0.604861 0.014062 0.018056
0 0.378906 0.597917 0.014062 0.015278
0 0.396875 0.598611 0.014062 0.016667
0 0.415234 0.601389 0.017969 0.016667
0 0.433984 0.604861 0.014844 0.020833
0 0.444141 0.588194 0.013281 0.018056
0 0.423438 0.584722 0.015625 0.013889
0 0.406250 0.581250 0.015625 0.018056
0 0.495313 0.597222 0.017188 0.019444
0 0.493359 0.615972 0.014844 0.015278
0 0.493750 0.631944 0.014062 0.016667
0 0.512109 0.605556 0.014844 0.019444
0 0.530469 0.609028 0.014062 0.020833
0 0.528906 0.640278 0.015625 0.016667
0 0.549609 0.619444 0.014844 0.019444
0 0.566406 0.627778 0.009375 0.013889
1 0.276172 0.645139 0.035156 0.018056
0 0.264844 0.665278 0.017188 0.016667
0 0.283203 0.662500 0.014844 0.016667
0 0.304297 0.658333 0.014844 0.016667
0 0.321484 0.655556 0.016406 0.019444
0 0.338281 0.653472 0.017188 0.018056
0 0.356641 0.651389 0.016406 0.019444
0 0.373828 0.651389 0.013281 0.013889
0 0.394531 0.651389 0.017188 0.019444
0 0.412109 0.655556 0.016406 0.019444
0 0.431250 0.655556 0.015625 0.016667
0 0.448438 0.661111 0.017188 0.019444
0 0.464453 0.662500 0.013281 0.022222
0 0.483984 0.661806 0.013281 0.018056
0 0.513281 0.675694 0.015625 0.018056
0 0.530859 0.679167 0.010156 0.019444
0 0.548828 0.685417 0.016406 0.020833
0 0.570703 0.696528 0.016406 0.023611
0 0.605859 0.715278 0.014844 0.030556
0 0.621875 0.723611 0.014062 0.019444
0 0.642578 0.736111 0.016406 0.022222
0 0.675781 0.764583 0.018750 0.026389
0 0.802344 0.887500 0.023438 0.038889
1 0.717578 0.658333 0.010156 0.027778
1 0.737891 0.611806 0.010156 0.029167
1 0.689453 0.516667 0.014844 0.027778
1 0.649609 0.604167 0.014844 0.027778
1 0.617969 0.590278 0.034375 0.055556
0 0.714453 0.713889 0.010156 0.030556
1 0.590625 0.324306 0.014062 0.062500
1 0.566016 0.425694 0.025781 0.051389
1 0.546484 0.506944 0.025781 0.052778
1 0.483594 0.459722 0.029687 0.050000
1 0.497656 0.306944 0.031250 0.047222
0 0.477344 0.355556 0.014062 0.030556
1 0.368750 0.296528 0.028125 0.045833
1 0.328516 0.379167 0.027344 0.055556
1 0.298828 0.432639 0.030469 0.054167
1 0.272656 0.386806 0.028125 0.051389
1 0.296094 0.372917 0.026563 0.054167
1 0.303516 0.331944 0.022656 0.050000
1 0.286328 0.263194 0.030469 0.051389
1 0.335156 0.241667 0.029687 0.050000
1 0.389844 0.227083 0.029687 0.054167
1 0.432813 0.220139 0.031250 0.048611
0 0.458203 0.213889 0.013281 0.025000
0 0.433984 0.171528 0.013281 0.018056
0 0.413281 0.168750 0.014062 0.020833
0 0.398828 0.147222 0.011719 0.019444
0 0.391016 0.109722 0.013281 0.027778
0 0.376563 0.087500 0.015625 0.027778
0 0.357031 0.081944 0.010937 0.030556
0 0.430469 0.083333 0.010937 0.025000
0 0.451562 0.115278 0.014062 0.025000
0 0.464844 0.125000 0.010937 0.030556
1 0.204688 0.408333 0.035937 0.027778
0 0.167187 0.328472 0.015625 0.026389
0 0.194531 0.231944 0.017188 0.025000
0 0.207031 0.209722 0.014062 0.025000
0 0.227344 0.155556 0.017188 0.030556
0 0.255469 0.145833 0.014062 0.025000
0 0.261719 0.041667 0.014062 0.022222
0 0.283203 0.076389 0.014844 0.027778
1 0.231250 0.370833 0.028125 0.050000
1 0.250781 0.328472 0.032812 0.051389
1 0.252344 0.427778 0.026563 0.038889
