0 0.009375 0.386111 0.009375 0.030556
0 0.018750 0.385417 0.007813 0.029167
0 0.028516 0.388889 0.008594 0.027778
0 0.028906 0.418056 0.007813 0.033333
0 0.039063 0.385417 0.009375 0.026389
0 0.038672 0.412500 0.007031 0.027778
0 0.048047 0.386111 0.007031 0.027778
0 0.048828 0.415278 0.010156 0.030556
0 0.057422 0.383333 0.007031 0.025000
0 0.058984 0.408333 0.008594 0.027778
0 0.067969 0.383333 0.007813 0.030556
0 0.067578 0.409722 0.007031 0.027778
0 0.077734 0.382639 0.007031 0.029167
0 0.078516 0.409722 0.007031 0.027778
0 0.087891 0.383333 0.008594 0.025000
1 0.251172 0.635417 0.035156 0.018056
1 0.152734 0.572222 0.014844 0.058333
1 0.192969 0.565278 0.014062 0.063889
1 0.160156 0.467361 0.035937 0.018056
1 0.155078 0.389583 0.011719 0.059722
1 0.227734 0.354861 0.017969 0.062500
1 0.283594 0.323611 0.015625 0.063889
1 0.374609 0.341667 0.027344 0.058333
1 0.391016 0.401389 0.025781 0.047222
1 0.438672 0.413889 0.027344 0.052778
1 0.413281 0.363889 0.026563 0.052778
1 0.395312 0.303472 0.028125 0.054167
1 0.436719 0.352778 0.026563 0.050000
1 0.470313 0.366667 0.028125 0.055556
1 0.514453 0.291667 0.027344 0.052778
1 0.484766 0.233333 0.027344 0.055556
1 0.459766 0.290972 0.025781 0.056944
1 0.433203 0.242361 0.027344 0.054167
0 0.311719 0.288194 0.010937 0.023611
0 0.343359 0.199306 0.013281 0.026389
0 0.241016 0.662500 0.016406 0.016667
0 0.017969 0.541667 0.007813 0.027778
0 0.034766 0.554167 0.010156 0.027778
0 0.046875 0.554167 0.009375 0.027778
1 0.058594 0.553472 0.014062 0.062500
0 0.072266 0.552083 0.008594 0.026389
0 0.082813 0.534028 0.007813 0.026389
0 0.080859 0.560417 0.007031 0.026389
0 0.091797 0.535417 0.008594 0.031944
0 0.089844 0.565278 0.007813 0.030556
0 0.101563 0.540278 0.007813 0.030556
0 0.101172 0.567361 0.008594 0.031944
0 0.110156 0.548611 0.007813 0.027778
0 0.108984 0.576389 0.008594 0.027778
0 0.117969 0.566667 0.010937 0.066667
0 0.127734 0.584722 0.007031 0.027778
0 0.096875 0.380556 0.007813 0.030556
0 0.098047 0.409028 0.007031 0.026389
0 0.105859 0.378472 0.007031 0.029167
0 0.117188 0.379861 0.009375 0.029167
0 0.125781 0.376389 0.007813 0.027778
0 0.135937 0.375694 0.007813 0.023611
0 0.144922 0.373611 0.007031 0.027778
0 0.135547 0.404861 0.008594 0.029167
0 0.145313 0.407639 0.007813 0.029167
0 0.262891 0.662500 0.013281 0.016667
0 0.276953 0.659722 0.014844 0.013889
0 0.292969 0.659028 0.017188 0.015278
0 0.290234 0.611111 0.014844 0.016667
0 0.318359 0.607639 0.016406 0.015278
0 0.334766 0.605556 0.014844 0.013889
0 0.313672 0.653472 0.014844 0.012500
0 0.332031 0.650000 0.014062 0.013889
0 0.353906 0.602778 0.014062 0.011111
0 0.350000 0.648611 0.012500 0.013889
0 0.366797 0.646528 0.014844 0.012500
0 0.374609 0.602083 0.013281 0.012500
0 0.391406 0.602083 0.014062 0.020833
0 0.391406 0.643750 0.017188 0.015278
0 0.409375 0.639583 0.015625 0.018056
0 0.408203 0.600000 0.014844 0.016667
0 0.429297 0.598611 0.014844 0.013889
0 0.426953 0.639583 0.016406 0.015278
0 0.447656 0.597917 0.015625 0.012500
0 0.445703 0.640278 0.016406 0.013889
0 0.465234 0.599306 0.014844 0.015278
0 0.464844 0.643056 0.014062 0.016667
0 0.487109 0.597222 0.016406 0.013889
0 0.481641 0.644444 0.014844 0.013889
0 0.506250 0.597222 0.015625 0.016667
0 0.499609 0.645833 0.014844 0.016667
0 0.524219 0.599306 0.012500 0.018056
0 0.519922 0.650694 0.017969 0.018056
0 0.542188 0.603472 0.014062 0.018056
0 0.537109 0.656250 0.013281 0.018056
0 0.555469 0.660417 0.014062 0.020833
0 0.572656 0.665278 0.015625 0.019444
0 0.587500 0.670139 0.014062 0.020833
0 0.608203 0.679861 0.014844 0.018056
0 0.637891 0.691667 0.014844 0.019444
0 0.653516 0.700694 0.011719 0.020833
0 0.671094 0.712500 0.015625 0.016667
0 0.692578 0.725694 0.013281 0.023611
0 0.724219 0.751389 0.015625 0.022222
0 0.742188 0.761806 0.014062 0.020833
0 0.760547 0.775694 0.017969 0.020833
0 0.792578 0.809028 0.017969 0.026389
0 0.842578 0.712500 0.011719 0.030556
0 0.821484 0.568750 0.016406 0.034722
0 0.833594 0.770139 0.009375 0.029167
1 0.632813 0.564583 0.029687 0.048611
1 0.689062 0.468056 0.031250 0.055556
1 0.679688 0.538889 0.031250 0.055556
1 0.619141 0.471528 0.030469 0.054167
0 0.617578 0.373611 0.016406 0.027778
1 0.643359 0.323611 0.030469 0.052778
1 0.580859 0.229861 0.030469 0.059722
0 0.565234 0.172917 0.013281 0.026389
0 0.552734 0.147917 0.011719 0.026389
0 0.545313 0.109028 0.012500 0.026389
0 0.533594 0.086111 0.012500 0.033333
0 0.515625 0.072222 0.010937 0.027778
0 0.586719 0.090278 0.015625 0.033333
0 0.606641 0.124306 0.013281 0.026389
1 0.538281 0.222917 0.028125 0.048611
0 0.419922 0.018056 0.013281 0.025000
0 0.439844 0.055556 0.014062 0.022222
0 0.536719 0.581944 0.012500 0.016667
0 0.553125 0.587500 0.014062 0.016667
0 0.572656 0.596528 0.014062 0.020833
0 0.019531 0.747222 0.017188 0.019444
0 0.626562 0.774306 0.017188 0.023611
0 0.694922 0.818056 0.017969 0.022222
0 0.652734 0.663194 0.016406 0.020833
0 0.690625 0.655556 0.010937 0.019444
0 0.675000 0.646528 0.014062 0.023611
0 0.657422 0.631944 0.014844 0.019444
0 0.639063 0.624306 0.014062 0.023611
0 0.622656 0.614583 0.017188 0.023611
0 0.585938 0.179167 0.010937 0.025000
0 0.408984 0.120833 0.013281 0.027778
