0 0.376953 0.770833 0.014844 0.013889
0 0.369141 0.718750 0.016406 0.015278
0 0.365234 0.701389 0.017969 0.013889
0 0.365234 0.668750 0.013281 0.015278
0 0.367578 0.636111 0.013281 0.013889
1 0.369531 0.620833 0.032812 0.019444
0 0.375391 0.604861 0.014844 0.015278
0 0.364062 0.568056 0.015625 0.019444
0 0.366406 0.550694 0.017188 0.018056
0 0.367578 0.534028 0.016406 0.012500
0 0.363281 0.515972 0.017188 0.020833
0 0.367969 0.500000 0.017188 0.016667
0 0.368359 0.481250 0.016406 0.015278
0 0.351563 0.444444 0.007813 0.027778
0 0.380469 0.447222 0.007813 0.030556
0 0.351953 0.390278 0.008594 0.027778
0 0.359766 0.390278 0.007031 0.025000
0 0.367188 0.393056 0.006250 0.030556
0 0.445703 0.293750 0.008594 0.031944
0 0.453125 0.293056 0.006250 0.030556
0 0.498828 0.295833 0.010156 0.030556
0 0.526563 0.294444 0.007813 0.025000
0 0.540234 0.286111 0.008594 0.030556
0 0.441406 0.368750 0.014062 0.018056
0 0.457812 0.354167 0.017188 0.016667
0 0.477344 0.359722 0.017188 0.013889
0 0.494922 0.358333 0.014844 0.013889
0 0.497266 0.376389 0.013281 0.013889
0 0.515625 0.378472 0.014062 0.015278
0 0.533984 0.357639 0.011719 0.015278
0 0.548828 0.361806 0.014844 0.015278
0 0.565625 0.364583 0.017188 0.018056
0 0.568750 0.381250 0.014062 0.018056
0 0.568359 0.418750 0.016406 0.012500
1 0.549609 0.399306 0.035156 0.018056
1 0.444922 0.444444 0.033594 0.022222
1 0.444922 0.463889 0.033594 0.016667
1 0.480469 0.447222 0.032812 0.019444
1 0.480469 0.468750 0.032812 0.018056
1 0.516797 0.451389 0.033594 0.019444
1 0.480078 0.520139 0.033594 0.018056
1 0.526563 0.528472 0.032812 0.023611
1 0.449609 0.592361 0.033594 0.018056
1 0.483203 0.595139 0.032031 0.020833
1 0.484766 0.630556 0.032031 0.022222
1 0.521484 0.637500 0.033594 0.022222
1 0.444531 0.683333 0.032812 0.019444
1 0.491797 0.668056 0.033594 0.019444
1 0.480469 0.704167 0.035937 0.019444
1 0.516406 0.709028 0.032812 0.023611
1 0.442187 0.736111 0.032812 0.022222
1 0.479297 0.759028 0.027344 0.020833
0 0.505078 0.760417 0.016406 0.018056
1 0.628125 0.638889 0.032812 0.019444
1 0.628516 0.620139 0.033594 0.018056
1 0.628906 0.602083 0.034375 0.018056
1 0.629297 0.584028 0.033594 0.018056
1 0.629687 0.565972 0.035937 0.018056
1 0.629687 0.549306 0.035937 0.018056
1 0.630078 0.532639 0.033594 0.020833
1 0.630859 0.515278 0.033594 0.016667
1 0.631250 0.498611 0.032812 0.019444
0 0.630469 0.460417 0.015625 0.018056
1 0.631641 0.392361 0.035156 0.018056
1 0.673828 0.426389 0.033594 0.019444
1 0.673047 0.445139 0.033594 0.018056
1 0.671484 0.529167 0.035156 0.019444
1 0.746875 0.425694 0.010937 0.056944
1 0.741406 0.500694 0.010937 0.062500
1 0.674219 0.616667 0.034375 0.019444
0 0.541406 0.922917 0.012500 0.023611
0 0.555078 0.906250 0.011719 0.023611
0 0.567187 0.881944 0.012500 0.027778
0 0.581641 0.854167 0.013281 0.025000
0 0.595703 0.831250 0.011719 0.029167
0 0.608203 0.811111 0.013281 0.022222
0 0.622656 0.781250 0.014062 0.023611
0 0.636328 0.760417 0.013281 0.026389
0 0.650781 0.738889 0.012500 0.022222
0 0.666797 0.720833 0.013281 0.022222
0 0.680859 0.704861 0.013281 0.020833
0 0.652344 0.713194 0.012500 0.020833
0 0.667578 0.694444 0.011719 0.019444
0 0.686719 0.674306 0.015625 0.026389
0 0.583203 0.909028 0.016406 0.020833
0 0.597656 0.884722 0.012500 0.022222
0 0.609766 0.865278 0.014844 0.027778
0 0.623828 0.842361 0.013281 0.023611
0 0.637891 0.824306 0.011719 0.023611
0 0.651172 0.803472 0.013281 0.020833
0 0.667578 0.780556 0.014844 0.022222
0 0.680859 0.763889 0.013281 0.022222
0 0.698047 0.747222 0.014844 0.022222
0 0.712109 0.727778 0.013281 0.025000
0 0.725391 0.715278 0.013281 0.019444
0 0.744531 0.693750 0.014062 0.023611
0 0.770312 0.668056 0.015625 0.019444
0 0.784766 0.656250 0.010156 0.020833
0 0.802344 0.640972 0.015625 0.023611
0 0.823828 0.625000 0.013281 0.019444
0 0.856250 0.600694 0.014062 0.015278
0 0.874219 0.588889 0.015625 0.022222
0 0.893359 0.577083 0.016406 0.018056
0 0.930469 0.563194 0.018750 0.018056
0 0.729297 0.627778 0.014844 0.025000
0 0.744531 0.616667 0.017188 0.019444
0 0.761719 0.599306 0.012500 0.018056
0 0.778906 0.587500 0.015625 0.019444
0 0.796875 0.575000 0.014062 0.016667
0 0.771484 0.626389 0.016406 0.022222
0 0.944922 0.481250 0.010156 0.029167
0 0.928125 0.429861 0.010937 0.029167
0 0.984766 0.434028 0.014844 0.018056
0 0.928906 0.370833 0.009375 0.027778
0 0.855859 0.349306 0.017969 0.015278
0 0.852344 0.431250 0.015625 0.015278
0 0.860937 0.406944 0.007813 0.030556
0 0.853516 0.447222 0.017969 0.013889
0 0.854297 0.461806 0.016406 0.015278
1 0.826563 0.489583 0.032812 0.018056
1 0.626562 0.284722 0.035937 0.019444
1 0.672266 0.277778 0.035156 0.019444
