1 0.008594 0.373611 0.010937 0.061111
1 0.018750 0.377083 0.009375 0.059722
1 0.030078 0.376389 0.011719 0.063889
0 0.041406 0.374306 0.007813 0.029167
1 0.059766 0.380556 0.011719 0.066667
0 0.072266 0.379167 0.007031 0.027778
0 0.087500 0.375000 0.009375 0.033333
0 0.096875 0.375694 0.009375 0.031944
0 0.107031 0.374306 0.007813 0.034722
0 0.116016 0.370139 0.008594 0.029167
0 0.125781 0.379167 0.007813 0.027778
0 0.126172 0.408333 0.007031 0.030556
0 0.135937 0.370833 0.007813 0.027778
0 0.136719 0.400694 0.007813 0.029167
0 0.145313 0.375000 0.009375 0.027778
0 0.146484 0.402083 0.007031 0.026389
0 0.155469 0.372917 0.007813 0.029167
0 0.155859 0.398611 0.010156 0.025000
0 0.166016 0.370139 0.008594 0.029167
0 0.165234 0.400000 0.007031 0.027778
0 0.174219 0.371528 0.007813 0.029167
0 0.174609 0.402083 0.007031 0.026389
0 0.184766 0.372917 0.007031 0.026389
0 0.193359 0.371528 0.008594 0.029167
0 0.194531 0.399306 0.007813 0.026389
0 0.204297 0.368750 0.007031 0.029167
0 0.214453 0.370139 0.008594 0.031944
0 0.224219 0.370833 0.007813 0.030556
0 0.233594 0.395139 0.007813 0.023611
0 0.242188 0.366667 0.009375 0.027778
0 0.242188 0.400000 0.007813 0.027778
1 0.251563 0.384028 0.012500 0.059722
1 0.326562 0.354167 0.017188 0.061111
1 0.383594 0.323611 0.014062 0.061111
1 0.275000 0.464583 0.037500 0.023611
0 0.012891 0.443056 0.017969 0.016667
0 0.140625 0.540972 0.009375 0.029167
0 0.129688 0.541667 0.009375 0.030556
0 0.118750 0.546528 0.009375 0.031944
0 0.101172 0.527778 0.010156 0.036111
0 0.165625 0.542361 0.006250 0.026389
1 0.154297 0.540972 0.014844 0.065278
0 0.175781 0.552083 0.007813 0.029167
0 0.178125 0.526389 0.007813 0.025000
0 0.196875 0.531944 0.007813 0.030556
0 0.194141 0.559028 0.008594 0.029167
0 0.205078 0.538889 0.007031 0.030556
0 0.202734 0.568056 0.005469 0.022222
0 0.221484 0.577083 0.008594 0.029167
1 0.248437 0.568056 0.012500 0.061111
1 0.287891 0.561806 0.010156 0.062500
1 0.228516 0.641667 0.036719 0.016667
0 0.010937 0.816667 0.017188 0.022222
0 0.021484 0.796528 0.014844 0.020833
0 0.062500 0.881944 0.018750 0.025000
0 0.166406 0.873611 0.015625 0.019444
0 0.491406 0.730556 0.018750 0.016667
0 0.600781 0.745139 0.015625 0.015278
0 0.334766 0.661111 0.017969 0.013889
0 0.355469 0.665972 0.012500 0.012500
0 0.371094 0.661111 0.014062 0.013889
0 0.387109 0.660417 0.017969 0.015278
0 0.383984 0.612500 0.016406 0.013889
0 0.407422 0.658333 0.016406 0.013889
0 0.412891 0.611111 0.014844 0.013889
0 0.429297 0.609722 0.013281 0.011111
0 0.425781 0.655556 0.014062 0.013889
0 0.448828 0.606944 0.016406 0.013889
0 0.443359 0.654167 0.014844 0.013889
0 0.460547 0.651389 0.017969 0.016667
0 0.468359 0.607639 0.013281 0.015278
0 0.484375 0.608333 0.012500 0.013889
0 0.484375 0.648611 0.014062 0.016667
0 0.502344 0.652083 0.015625 0.018056
0 0.501953 0.609722 0.013281 0.016667
0 0.523438 0.607639 0.014062 0.015278
0 0.521875 0.650000 0.017188 0.016667
0 0.539844 0.650694 0.015625 0.015278
0 0.542578 0.608333 0.013281 0.013889
0 0.560156 0.611111 0.015625 0.016667
0 0.558594 0.652778 0.015625 0.016667
0 0.581641 0.610417 0.016406 0.015278
0 0.575000 0.657639 0.014062 0.018056
0 0.593359 0.658333 0.013281 0.016667
0 0.601172 0.611111 0.016406 0.016667
0 0.617969 0.611806 0.015625 0.015278
0 0.614844 0.663194 0.018750 0.018056
0 0.630469 0.671528 0.012500 0.018056
0 0.637109 0.621528 0.014844 0.015278
0 0.654297 0.625694 0.014844 0.018056
0 0.649219 0.677083 0.014062 0.020833
0 0.666406 0.682639 0.012500 0.015278
0 0.681250 0.689583 0.014062 0.018056
0 0.702734 0.699306 0.017969 0.023611
0 0.731250 0.715972 0.014062 0.020833
0 0.746875 0.722917 0.012500 0.018056
0 0.763281 0.734028 0.015625 0.020833
0 0.783984 0.747917 0.014844 0.018056
0 0.815625 0.775694 0.015625 0.023611
0 0.831250 0.786806 0.014062 0.023611
0 0.851172 0.804861 0.016406 0.026389
0 0.882813 0.838194 0.020312 0.031944
0 0.745313 0.682639 0.017188 0.018056
0 0.716016 0.634722 0.014844 0.019444
0 0.734375 0.645833 0.015625 0.025000
0 0.752344 0.653472 0.012500 0.020833
0 0.768750 0.669444 0.014062 0.019444
0 0.783984 0.681250 0.011719 0.018056
0 0.555859 0.579167 0.013281 0.013889
0 0.580859 0.577778 0.017969 0.013889
0 0.632422 0.597222 0.014844 0.016667
0 0.648047 0.604167 0.013281 0.013889
0 0.666797 0.612500 0.014844 0.016667
0 0.714063 0.652083 0.014062 0.015278
0 0.713281 0.668056 0.015625 0.016667
1 0.682813 0.643750 0.032812 0.040278
1 0.740234 0.570833 0.028906 0.052778
1 0.774219 0.558333 0.031250 0.058333
1 0.810938 0.506250 0.029687 0.062500
1 0.716406 0.493750 0.031250 0.054167
1 0.743750 0.344444 0.028125 0.052778
0 0.716406 0.393056 0.012500 0.030556
1 0.526563 0.516667 0.031250 0.041667
1 0.490234 0.413889 0.022656 0.044444
1 0.472656 0.350000 0.026563 0.055556
1 0.497656 0.310417 0.026563 0.056944
1 0.512500 0.375694 0.026563 0.054167
1 0.536328 0.425000 0.027344 0.052778
1 0.535937 0.361111 0.026563 0.052778
1 0.568359 0.377083 0.027344 0.054167
1 0.536328 0.253472 0.030469 0.054167
1 0.560156 0.301389 0.026563 0.052778
1 0.585156 0.243056 0.028125 0.052778
1 0.615234 0.308333 0.025781 0.055556
1 0.639063 0.240972 0.023438 0.051389
0 0.444141 0.202778 0.013281 0.030556
0 0.458594 0.180556 0.014062 0.022222
0 0.479688 0.168750 0.012500 0.023611
0 0.512500 0.131250 0.014062 0.029167
0 0.523828 0.026389 0.014844 0.027778
0 0.542188 0.064583 0.012500 0.026389
0 0.619531 0.085417 0.014062 0.020833
0 0.637109 0.097222 0.014844 0.027778
0 0.647656 0.125000 0.014062 0.019444
0 0.653906 0.164583 0.012500 0.020833
0 0.662891 0.149306 0.013281 0.020833
0 0.666797 0.187500 0.011719 0.027778
0 0.688672 0.196528 0.011719 0.015278
0 0.697266 0.219444 0.010156 0.022222
0 0.709766 0.243056 0.016406 0.025000
0 0.690234 0.107639 0.013281 0.020833
0 0.708984 0.142361 0.013281 0.029167
0 0.689062 0.281944 0.014062 0.025000
0 0.934766 0.742361 0.011719 0.026389
0 0.916406 0.598611 0.015625 0.027778
