0 0.093359 0.754167 0.019531 0.022222
0 0.134896 0.768981 0.013542 0.018519
0 0.208594 0.773380 0.012500 0.015278
0 0.184245 0.835880 0.016927 0.017130
0 0.254427 0.837269 0.014063 0.018056
0 0.368229 0.756944 0.015104 0.013889
0 0.499219 0.888426 0.014583 0.013889
0 0.750391 0.790972 0.014844 0.015278
0 0.348568 0.962500 0.014323 0.016667
0 0.352734 0.988194 0.016406 0.020833
1 0.182812 0.543056 0.034375 0.038889
0 0.144141 0.422454 0.015885 0.013426
0 0.176172 0.355324 0.008073 0.025463
0 0.184245 0.367824 0.007031 0.021759
1 0.142969 0.347917 0.010937 0.065278
1 0.153125 0.356250 0.009375 0.062500
1 0.195312 0.363889 0.014063 0.063889
0 0.205990 0.364120 0.007292 0.028241
0 0.222005 0.361343 0.009115 0.025463
0 0.231250 0.361111 0.009375 0.027778
0 0.240625 0.363426 0.007812 0.028704
0 0.250260 0.362037 0.006771 0.025926
0 0.259375 0.368750 0.007812 0.026389
0 0.259766 0.397917 0.007031 0.026389
0 0.269792 0.366435 0.008333 0.028241
0 0.268750 0.393056 0.007812 0.025000
0 0.279948 0.366667 0.007292 0.027778
0 0.280078 0.395139 0.008594 0.029167
0 0.289453 0.391667 0.008594 0.025000
0 0.289714 0.366435 0.007552 0.028241
0 0.299609 0.364583 0.007031 0.029167
0 0.298438 0.391667 0.007812 0.022222
0 0.309766 0.366667 0.007031 0.027778
0 0.307812 0.394444 0.006250 0.027778
0 0.317969 0.367361 0.007812 0.026389
0 0.328646 0.368056 0.007292 0.025000
0 0.328125 0.394444 0.006250 0.022222
0 0.338021 0.366898 0.006771 0.022685
0 0.348047 0.369444 0.007031 0.027778
0 0.357031 0.370139 0.007812 0.029167
0 0.367578 0.368981 0.008594 0.020370
0 0.366406 0.397222 0.007812 0.030556
0 0.377474 0.367593 0.007552 0.025926
0 0.375130 0.400694 0.007031 0.029167
1 0.386979 0.385417 0.010417 0.059722
1 0.461198 0.362500 0.016146 0.061111
1 0.519141 0.338194 0.014844 0.059722
1 0.457813 0.550694 0.015625 0.065278
1 0.415625 0.568750 0.010937 0.065278
1 0.376172 0.569444 0.010156 0.061111
0 0.348828 0.575000 0.008594 0.030556
0 0.293880 0.536343 0.007552 0.025463
0 0.307292 0.518056 0.007812 0.027778
0 0.303646 0.545139 0.009375 0.024537
0 0.325391 0.529861 0.007031 0.023611
0 0.333464 0.539815 0.007552 0.025926
0 0.331250 0.564583 0.006250 0.023611
0 0.321875 0.559722 0.009375 0.027778
0 0.269010 0.535648 0.009896 0.025000
0 0.258203 0.535185 0.008594 0.027778
0 0.247526 0.534259 0.008594 0.022222
0 0.229948 0.516204 0.010417 0.025000
1 0.282422 0.538426 0.013281 0.057407
0 0.458984 0.671991 0.015365 0.010648
0 0.480859 0.675694 0.009635 0.009722
0 0.494792 0.675231 0.013021 0.009722
2 0.512240 0.674769 0.015625 0.012500
0 0.510156 0.629167 0.014063 0.011111
0 0.539323 0.629861 0.014583 0.009722
0 0.531901 0.675231 0.014323 0.011574
0 0.551172 0.675926 0.014844 0.012037
0 0.555469 0.628241 0.013021 0.010185
0 0.575521 0.629398 0.015104 0.011574
0 0.568099 0.674537 0.013281 0.010185
0 0.585807 0.673843 0.015885 0.010648
0 0.595573 0.631250 0.014583 0.009722
0 0.610156 0.674769 0.015625 0.010648
0 0.611198 0.634028 0.013021 0.011574
0 0.629036 0.635185 0.012760 0.011111
0 0.627734 0.676157 0.013802 0.011574
0 0.651042 0.636806 0.014063 0.008796
0 0.669141 0.639352 0.013281 0.010185
0 0.686849 0.641667 0.014844 0.012037
0 0.708073 0.643981 0.016146 0.012037
0 0.727995 0.645139 0.015885 0.013426
0 0.745443 0.651389 0.013802 0.011111
0 0.764062 0.659722 0.015104 0.012963
0 0.781641 0.666667 0.013281 0.013889
0 0.774609 0.645370 0.013281 0.012037
0 0.793620 0.654167 0.016927 0.013889
0 0.647526 0.678009 0.016927 0.009722
0 0.664583 0.681713 0.015104 0.011574
0 0.682161 0.685185 0.016406 0.011111
0 0.700260 0.690509 0.015104 0.010648
0 0.718229 0.694907 0.012500 0.010185
0 0.738802 0.702778 0.013542 0.012963
0 0.755208 0.709028 0.013021 0.015278
0 0.773698 0.716204 0.013021 0.015741
0 0.791016 0.725231 0.014323 0.013426
0 0.805859 0.734259 0.013281 0.015741
0 0.824219 0.742824 0.014063 0.016204
0 0.854427 0.764815 0.014583 0.017593
0 0.869141 0.774306 0.010156 0.015278
0 0.886198 0.786111 0.017188 0.014815
0 0.906250 0.800000 0.015625 0.019444
0 0.937240 0.831944 0.013021 0.019444
0 0.952344 0.846065 0.012500 0.018056
0 0.971484 0.865046 0.014844 0.021759
0 0.908203 0.733333 0.011719 0.016667
0 0.893099 0.720602 0.014844 0.014352
0 0.875781 0.704167 0.012500 0.019444
0 0.870703 0.734028 0.016406 0.018056
0 0.841146 0.683333 0.013542 0.016667
0 0.859115 0.695370 0.014063 0.015741
1 0.853906 0.643750 0.037500 0.034722
1 0.801172 0.691667 0.036719 0.027778
1 0.682813 0.661111 0.035937 0.022222
1 0.714453 0.527778 0.022656 0.061111
1 0.846875 0.538889 0.029687 0.058333
1 0.942969 0.568056 0.031250 0.055556
0 0.849219 0.438889 0.012500 0.027778
1 0.878516 0.395833 0.030469 0.055556
1 0.751953 0.345833 0.028906 0.055556
1 0.705859 0.411806 0.024219 0.062500
1 0.670312 0.454167 0.025000 0.058333
1 0.647656 0.400000 0.025000 0.061111
1 0.632812 0.339583 0.026562 0.059722
1 0.607422 0.371528 0.025781 0.059722
1 0.625000 0.435417 0.020313 0.054167
0 0.565885 0.264815 0.011458 0.022222
0 0.569922 0.242361 0.010156 0.023611
0 0.583464 0.223148 0.010677 0.025926
0 0.626823 0.153704 0.011458 0.026852
0 0.653125 0.156944 0.010937 0.025000
0 0.666797 0.058333 0.011719 0.025000
0 0.685937 0.098611 0.014063 0.025000
1 0.724609 0.277778 0.027344 0.058333
1 0.697266 0.332639 0.025781 0.054167
1 0.673047 0.283333 0.025781 0.052778
1 0.778516 0.281250 0.027344 0.056944
1 0.821875 0.289583 0.029687 0.054167
0 0.846875 0.287500 0.014063 0.025000
0 0.828385 0.242593 0.010417 0.018519
0 0.807422 0.229167 0.013281 0.022222
0 0.796094 0.204861 0.012500 0.029167
0 0.789453 0.167361 0.013281 0.026389
0 0.778516 0.138194 0.013281 0.023611
0 0.762240 0.122222 0.011458 0.025000
0 0.847656 0.185417 0.012500 0.031944
0 0.832031 0.152778 0.012500 0.025000
0 0.028646 0.940046 0.015104 0.013426
0 0.239323 0.237500 0.015104 0.014815
0 0.255599 0.240278 0.014844 0.010185
0 0.395052 0.031944 0.008854 0.028704
0 0.402604 0.031481 0.007292 0.026852
2 0.656250 0.043056 0.011979 0.025926
0 0.689974 0.019907 0.012240 0.020370
0 0.695833 0.028009 0.013542 0.019907
0 0.700391 0.041435 0.015365 0.018056
0 0.796615 0.080093 0.012500 0.019444
0 0.802474 0.089583 0.011198 0.020833
0 0.836719 0.266667 0.010417 0.020370
1 0.224349 0.494676 0.016406 0.054167
0 0.315104 0.524769 0.007812 0.026389
0 0.311719 0.552546 0.008333 0.023611
1 0.413802 0.379398 0.014583 0.059722
1 0.423828 0.376157 0.014844 0.058796
1 0.432031 0.367824 0.013021 0.060648
1 0.442708 0.367361 0.015104 0.057870
0 0.600651 0.203241 0.012760 0.020370
0 0.620182 0.194676 0.013281 0.022685
0 0.636328 0.144907 0.011198 0.021296
0 0.643099 0.133565 0.011719 0.024537
0 0.649219 0.117593 0.010937 0.026852
0 0.657813 0.114120 0.010937 0.018981
0 0.665755 0.100926 0.012240 0.024074
1 0.735026 0.178472 0.026302 0.053241
1 0.727474 0.192593 0.025781 0.053704
1 0.757422 0.228935 0.025781 0.051389
1 0.748177 0.241204 0.025521 0.055556
1 0.836068 0.463426 0.025260 0.051852
1 0.829948 0.472685 0.027604 0.052778
1 0.822005 0.483333 0.028385 0.050000
1 0.813281 0.496065 0.027083 0.053241
1 0.806641 0.506944 0.024740 0.048148
1 0.799349 0.517824 0.027865 0.055093
1 0.790885 0.527546 0.030729 0.056944
1 0.783073 0.539583 0.028646 0.055093
1 0.776172 0.552546 0.030469 0.056944
1 0.885807 0.486806 0.028906 0.053241
1 0.896094 0.473843 0.031771 0.054167
0 0.993229 0.735185 0.010417 0.024074
1 0.966276 0.717824 0.027865 0.049537
0 0.241016 0.518056 0.009635 0.025000
0 0.757943 0.636574 0.014323 0.013889
0 0.684115 0.611343 0.008854 0.008796
0 0.707943 0.613426 0.016406 0.011111
0 0.837370 0.714120 0.014323 0.017130
0 0.839323 0.700926 0.014063 0.013889
3 0.867708 0.675463 0.005208 0.004630
1 0.341146 0.559259 0.012500 0.059259
0 0.508203 0.321065 0.008073 0.025463
0 0.547266 0.308102 0.010156 0.019907
1 0.608724 0.195370 0.023698 0.050000
2 0.863151 0.203009 0.012240 0.024537
0 0.803125 0.190741 0.010417 0.021296
0 0.842318 0.303935 0.009635 0.019907
0 0.825781 0.328935 0.011458 0.022685
2 0.335938 0.028241 0.006250 0.025926
