0 0.064062 0.242361 0.012500 0.029167
0 0.048437 0.248611 0.012500 0.022222
0 0.040625 0.267361 0.014062 0.023611
0 0.185547 0.474306 0.016406 0.026389
0 0.222656 0.743056 0.018750 0.022222
0 0.021875 0.828472 0.014062 0.020833
0 0.080859 0.962500 0.014844 0.030556
0 0.251172 0.812500 0.010156 0.027778
0 0.261719 0.872917 0.014062 0.029167
0 0.293359 0.854861 0.016406 0.029167
0 0.501953 0.799306 0.016406 0.020833
1 0.178906 0.254167 0.029687 0.055556
1 0.882422 0.923611 0.035156 0.033333
1 0.760156 0.927778 0.034375 0.022222
0 0.777344 0.970833 0.012500 0.022222
0 0.734375 0.988889 0.014062 0.022222
0 0.719922 0.966667 0.013281 0.022222
0 0.708203 0.945139 0.011719 0.023611
0 0.693750 0.927083 0.012500 0.020833
0 0.680078 0.906250 0.011719 0.023611
0 0.666406 0.888194 0.012500 0.023611
0 0.650000 0.862500 0.014062 0.022222
0 0.635156 0.844444 0.012500 0.019444
0 0.621094 0.827778 0.015625 0.022222
0 0.605469 0.811111 0.015625 0.022222
0 0.592188 0.791667 0.017188 0.022222
0 0.574219 0.777778 0.014062 0.019444
0 0.558203 0.760417 0.014844 0.020833
0 0.536719 0.739583 0.015625 0.020833
0 0.520703 0.728472 0.014844 0.020833
0 0.505078 0.713889 0.013281 0.016667
0 0.489844 0.701389 0.017188 0.025000
0 0.470313 0.684722 0.015625 0.022222
0 0.454297 0.669444 0.016406 0.022222
0 0.441016 0.659028 0.013281 0.020833
0 0.423438 0.640278 0.018750 0.022222
1 0.429688 0.573611 0.034375 0.036111
1 0.412109 0.513889 0.024219 0.058333
1 0.375391 0.481944 0.024219 0.061111
1 0.501953 0.363889 0.013281 0.063889
1 0.560938 0.386806 0.015625 0.065278
0 0.594531 0.383333 0.009375 0.030556
0 0.619531 0.361111 0.012500 0.027778
0 0.630469 0.338194 0.012500 0.031944
0 0.647266 0.336111 0.008594 0.033333
0 0.666406 0.328472 0.009375 0.029167
0 0.687500 0.334722 0.009375 0.030556
1 0.676562 0.329861 0.014062 0.059722
0 0.702734 0.304167 0.010156 0.030556
0 0.713281 0.302083 0.009375 0.026389
0 0.722266 0.299306 0.010156 0.029167
0 0.731641 0.289583 0.008594 0.031944
0 0.741016 0.292361 0.008594 0.031944
0 0.750781 0.286806 0.009375 0.031944
0 0.762500 0.245833 0.014062 0.013889
0 0.770312 0.297222 0.014062 0.013889
1 0.633203 0.488889 0.014844 0.061111
1 0.630469 0.554861 0.012500 0.051389
0 0.635547 0.604861 0.010156 0.029167
1 0.663281 0.477778 0.015625 0.063889
1 0.660547 0.546528 0.016406 0.062500
1 0.667578 0.609722 0.014844 0.061111
1 0.683594 0.555556 0.015625 0.058333
1 0.701953 0.532639 0.014844 0.056944
1 0.708594 0.597222 0.015625 0.063889
1 0.696875 0.678472 0.017188 0.056944
1 0.713281 0.458333 0.018750 0.066667
1 0.721484 0.521528 0.014844 0.062500
1 0.759766 0.493056 0.016406 0.063889
1 0.768750 0.576389 0.017188 0.061111
1 0.807031 0.538194 0.015625 0.059722
1 0.843750 0.579861 0.017188 0.062500
1 0.805469 0.826389 0.018750 0.066667
1 0.867969 0.716667 0.021875 0.058333
0 0.831250 0.736806 0.010937 0.031944
0 0.901953 0.533333 0.016406 0.019444
0 0.892969 0.512500 0.015625 0.019444
0 0.887109 0.466667 0.016406 0.013889
0 0.876562 0.384722 0.015625 0.016667
0 0.830859 0.382639 0.010156 0.026389
0 0.842969 0.409722 0.009375 0.025000
0 0.846484 0.444444 0.008594 0.030556
0 0.841797 0.483333 0.010156 0.030556
0 0.850781 0.477778 0.009375 0.030556
0 0.846094 0.514583 0.009375 0.026389
0 0.863281 0.568750 0.009375 0.026389
0 0.866797 0.595833 0.010156 0.027778
0 0.861328 0.541667 0.008594 0.025000
0 0.480859 0.643056 0.013281 0.027778
0 0.505469 0.665278 0.015625 0.022222
0 0.521875 0.675000 0.010937 0.016667
0 0.539844 0.694444 0.015625 0.022222
0 0.556250 0.709722 0.010937 0.022222
0 0.571484 0.722917 0.013281 0.023611
0 0.584375 0.737500 0.010937 0.022222
0 0.605469 0.757639 0.015625 0.031944
0 0.619531 0.772222 0.012500 0.022222
0 0.635156 0.790278 0.014062 0.025000
0 0.655078 0.810417 0.014844 0.020833
0 0.670703 0.824306 0.013281 0.026389
0 0.684766 0.843750 0.013281 0.026389
0 0.700781 0.866667 0.010937 0.022222
0 0.699609 0.836806 0.010156 0.023611
0 0.714063 0.861111 0.010937 0.022222
0 0.714063 0.887500 0.010937 0.027778
0 0.727344 0.884028 0.015625 0.029167
