0 0.141406 0.144444 0.012500 0.030556
0 0.108594 0.245139 0.010937 0.029167
0 0.105078 0.291667 0.013281 0.036111
0 0.146094 0.330556 0.010937 0.027778
0 0.171875 0.468750 0.012500 0.026389
0 0.188281 0.479167 0.010937 0.030556
0 0.207813 0.808333 0.012500 0.030556
0 0.223438 0.705556 0.012500 0.030556
0 0.247656 0.952083 0.010937 0.026389
0 0.242578 0.983333 0.013281 0.027778
0 0.380859 0.923611 0.011719 0.025000
0 0.343750 0.659028 0.012500 0.026389
1 0.221094 0.098611 0.020312 0.061111
0 0.261719 0.052778 0.014062 0.033333
1 0.292969 0.200694 0.035937 0.037500
0 0.294141 0.240278 0.014844 0.019444
0 0.292969 0.259722 0.015625 0.022222
0 0.307813 0.289583 0.015625 0.018056
0 0.351172 0.420139 0.016406 0.020833
1 0.517969 0.406250 0.025000 0.056944
1 0.381641 0.554861 0.036719 0.029167
0 0.391797 0.622222 0.016406 0.025000
0 0.405078 0.651389 0.011719 0.016667
0 0.416016 0.670139 0.011719 0.023611
0 0.430078 0.690972 0.013281 0.026389
0 0.443359 0.715972 0.014844 0.026389
0 0.457422 0.741667 0.010156 0.022222
0 0.469141 0.759722 0.011719 0.019444
0 0.482812 0.781250 0.014062 0.023611
0 0.498437 0.814583 0.012500 0.026389
0 0.510938 0.833333 0.014062 0.025000
0 0.524219 0.859028 0.012500 0.023611
0 0.535156 0.881944 0.012500 0.022222
0 0.546875 0.907639 0.012500 0.023611
0 0.557813 0.935417 0.010937 0.029167
0 0.568359 0.957639 0.008594 0.023611
0 0.579297 0.987500 0.011719 0.025000
0 0.604297 0.961111 0.011719 0.019444
0 0.594141 0.933333 0.013281 0.025000
0 0.580859 0.908333 0.013281 0.022222
0 0.566797 0.880556 0.011719 0.025000
0 0.554688 0.856944 0.014062 0.019444
0 0.542969 0.834028 0.012500 0.026389
0 0.528906 0.802083 0.010937 0.023611
0 0.516406 0.786806 0.010937 0.026389
0 0.505078 0.759722 0.013281 0.025000
0 0.491797 0.738194 0.013281 0.026389
0 0.479297 0.709722 0.013281 0.019444
0 0.464063 0.689583 0.012500 0.026389
0 0.445703 0.656250 0.011719 0.029167
1 0.603906 0.656944 0.012500 0.052778
1 0.617578 0.594444 0.013281 0.061111
1 0.647656 0.599306 0.012500 0.059722
1 0.633984 0.661111 0.011719 0.063889
1 0.631250 0.726389 0.014062 0.066667
1 0.647656 0.791667 0.015625 0.063889
1 0.653906 0.682639 0.009375 0.062500
1 0.675391 0.675694 0.010156 0.065278
1 0.671484 0.740278 0.013281 0.061111
1 0.699219 0.612500 0.009375 0.061111
1 0.695313 0.674306 0.010937 0.059722
1 0.736719 0.670139 0.012500 0.059722
1 0.731250 0.750000 0.014062 0.058333
1 0.771484 0.610417 0.011719 0.065278
1 0.783594 0.609722 0.009375 0.061111
1 0.767187 0.670139 0.012500 0.059722
1 0.779688 0.672917 0.009375 0.062500
1 0.775000 0.736806 0.014062 0.059722
1 0.800781 0.798611 0.012500 0.061111
0 0.788672 0.831944 0.007031 0.033333
0 0.810547 0.832639 0.008594 0.026389
0 0.820313 0.827083 0.007813 0.023611
0 0.821875 0.795833 0.007813 0.027778
0 0.824609 0.771528 0.007031 0.026389
0 0.815234 0.738194 0.008594 0.031944
0 0.816406 0.704861 0.007813 0.029167
0 0.827344 0.702778 0.007813 0.025000
0 0.826953 0.668750 0.010156 0.029167
0 0.823828 0.600694 0.007031 0.023611
0 0.831250 0.634722 0.007813 0.025000
0 0.866406 0.614583 0.015625 0.015278
0 0.867188 0.627778 0.017188 0.013889
0 0.864062 0.712500 0.017188 0.019444
0 0.861328 0.761111 0.014844 0.019444
0 0.864844 0.784722 0.015625 0.022222
1 0.801953 0.940278 0.013281 0.063889
0 0.762500 0.936806 0.007813 0.026389
1 0.664063 0.927778 0.010937 0.063889
1 0.675000 0.930556 0.007813 0.058333
1 0.685156 0.932639 0.009375 0.062500
1 0.694922 0.931944 0.010156 0.058333
1 0.704687 0.936111 0.009375 0.066667
1 0.714844 0.933333 0.009375 0.063889
1 0.724219 0.938889 0.009375 0.061111
1 0.733984 0.938194 0.008594 0.059722
1 0.743359 0.940972 0.010156 0.062500
0 0.600000 0.469444 0.007813 0.027778
0 0.628125 0.463889 0.007813 0.030556
0 0.639453 0.452778 0.008594 0.025000
0 0.657812 0.454861 0.007813 0.029167
0 0.676953 0.459722 0.008594 0.025000
1 0.686328 0.467361 0.010156 0.065278
0 0.694922 0.478472 0.007031 0.029167
0 0.715625 0.457639 0.007813 0.031944
0 0.726953 0.463889 0.008594 0.025000
0 0.735547 0.464583 0.007031 0.026389
0 0.734375 0.493056 0.007813 0.022222
0 0.745313 0.459028 0.007813 0.023611
0 0.756250 0.467361 0.010937 0.026389
0 0.764844 0.466667 0.007813 0.027778
0 0.783984 0.434722 0.014844 0.013889
0 0.814844 0.440278 0.015625 0.013889
0 0.813281 0.455556 0.015625 0.011111
0 0.813281 0.467361 0.015625 0.015278
