0 0.113672 0.057639 0.010156 0.031944
0 0.044141 0.277083 0.014844 0.034722
0 0.230078 0.966667 0.008594 0.036111
0 0.305469 0.820833 0.014062 0.033333
0 0.187500 0.526389 0.009375 0.030556
0 0.286328 0.549306 0.013281 0.026389
0 0.132422 0.336806 0.011719 0.031944
0 0.139062 0.295139 0.009375 0.031944
0 0.155859 0.255556 0.008594 0.030556
0 0.172266 0.304167 0.011719 0.030556
0 0.141797 0.115278 0.011719 0.033333
1 0.250000 0.048611 0.017188 0.061111
1 0.311719 0.167361 0.035937 0.029167
0 0.310156 0.209028 0.017188 0.018056
0 0.308984 0.227778 0.017969 0.016667
0 0.316016 0.243056 0.014844 0.013889
0 0.321094 0.258333 0.015625 0.013889
1 0.372656 0.436111 0.034375 0.047222
1 0.399219 0.487500 0.032812 0.038889
1 0.360938 0.530556 0.031250 0.038889
0 0.375000 0.611806 0.015625 0.026389
0 0.357422 0.063889 0.016406 0.019444
0 0.418750 0.258333 0.012500 0.025000
1 0.519531 0.427778 0.026563 0.061111
0 0.594141 0.518056 0.008594 0.027778
0 0.621875 0.515972 0.009375 0.029167
0 0.634375 0.509028 0.010937 0.026389
0 0.653125 0.516667 0.010937 0.033333
0 0.671484 0.527778 0.008594 0.022222
0 0.708594 0.534722 0.009375 0.030556
0 0.718750 0.545139 0.007813 0.026389
0 0.726953 0.546528 0.007031 0.029167
0 0.724609 0.573611 0.010156 0.025000
0 0.778125 0.531250 0.014062 0.018056
0 0.809375 0.541667 0.015625 0.016667
1 0.584375 0.704861 0.014062 0.048611
1 0.600781 0.644444 0.018750 0.061111
1 0.632813 0.653472 0.014062 0.054167
1 0.612109 0.718750 0.014844 0.056944
1 0.602734 0.781944 0.022656 0.061111
1 0.630078 0.738889 0.016406 0.066667
1 0.651563 0.738889 0.015625 0.061111
1 0.680859 0.679167 0.016406 0.061111
1 0.671484 0.739583 0.017969 0.059722
1 0.643359 0.802083 0.022656 0.056944
1 0.617969 0.838194 0.018750 0.056944
1 0.699609 0.828472 0.019531 0.056944
1 0.712891 0.751389 0.017969 0.058333
1 0.744531 0.827778 0.021875 0.058333
1 0.766797 0.895139 0.019531 0.054167
0 0.386328 0.642361 0.010156 0.023611
0 0.396094 0.665278 0.014062 0.019444
0 0.405859 0.690278 0.014844 0.022222
0 0.418359 0.715972 0.013281 0.023611
0 0.428906 0.742361 0.010937 0.020833
0 0.440625 0.768056 0.010937 0.022222
0 0.451562 0.790972 0.010937 0.026389
0 0.464844 0.827083 0.010937 0.023611
0 0.475781 0.852778 0.010937 0.027778
0 0.485938 0.878472 0.010937 0.026389
0 0.496094 0.906944 0.012500 0.025000
0 0.503906 0.934722 0.012500 0.027778
0 0.512500 0.964583 0.010937 0.026389
0 0.539063 0.944444 0.012500 0.027778
0 0.527344 0.914583 0.012500 0.029167
0 0.517187 0.887500 0.010937 0.025000
0 0.507422 0.860417 0.011719 0.023611
0 0.496484 0.828472 0.011719 0.026389
0 0.485547 0.804167 0.013281 0.025000
0 0.476953 0.779861 0.010156 0.023611
0 0.466016 0.752778 0.011719 0.030556
0 0.453906 0.720833 0.010937 0.022222
0 0.443750 0.700694 0.012500 0.023611
0 0.427344 0.659028 0.012500 0.026389
0 0.804688 0.709028 0.007813 0.029167
0 0.807813 0.740278 0.010937 0.033333
0 0.801953 0.774306 0.011719 0.029167
0 0.784375 0.836806 0.010937 0.026389
0 0.791016 0.870833 0.007031 0.022222
0 0.827344 0.872222 0.017188 0.016667
0 0.828906 0.897222 0.015625 0.019444
0 0.833203 0.825694 0.019531 0.018056
0 0.843750 0.743056 0.017188 0.016667
0 0.688281 0.550694 0.009375 0.026389
0 0.757031 0.555556 0.009375 0.030556
0 0.739844 0.545833 0.009375 0.033333
0 0.804688 0.570833 0.015625 0.016667
