0 0.215625 0.629861 0.012500 0.029167
0 0.191406 0.429167 0.010937 0.033333
0 0.159375 0.435417 0.012500 0.026389
0 0.150000 0.313889 0.012500 0.033333
0 0.124609 0.634028 0.011719 0.031944
0 0.102734 0.814583 0.011719 0.029167
0 0.075391 0.872917 0.013281 0.029167
0 0.076563 0.938194 0.012500 0.029167
0 0.026953 0.970833 0.011719 0.030556
0 0.060156 0.806944 0.010937 0.025000
0 0.210156 0.054861 0.010937 0.026389
0 0.236719 0.031250 0.010937 0.026389
0 0.269531 0.161806 0.010937 0.026389
1 0.337891 0.384028 0.016406 0.059722
0 0.337500 0.515972 0.010937 0.031944
0 0.338281 0.550000 0.007813 0.025000
0 0.339844 0.577083 0.007813 0.029167
0 0.342187 0.606944 0.009375 0.030556
0 0.345703 0.643750 0.007031 0.029167
0 0.348047 0.673611 0.008594 0.027778
0 0.350000 0.706250 0.009375 0.026389
0 0.353906 0.738194 0.009375 0.031944
0 0.356250 0.778472 0.009375 0.026389
0 0.358203 0.809028 0.008594 0.031944
1 0.369531 0.838889 0.010937 0.058333
0 0.358203 0.843056 0.007031 0.030556
0 0.360156 0.876389 0.006250 0.033333
0 0.360938 0.909028 0.007813 0.029167
0 0.360547 0.938889 0.007031 0.030556
0 0.360156 0.968056 0.007813 0.025000
0 0.386719 0.943750 0.007813 0.029167
0 0.389062 0.979167 0.007813 0.030556
0 0.385938 0.906944 0.007813 0.027778
0 0.384766 0.877083 0.007031 0.026389
0 0.383594 0.845139 0.007813 0.029167
0 0.381250 0.804167 0.009375 0.025000
0 0.379297 0.776389 0.008594 0.025000
0 0.378516 0.748611 0.007031 0.025000
0 0.376563 0.711111 0.009375 0.027778
0 0.374609 0.676389 0.008594 0.027778
0 0.371875 0.645833 0.006250 0.027778
1 0.355859 0.609028 0.011719 0.059722
0 0.367578 0.599306 0.008594 0.029167
0 0.470313 0.804167 0.014062 0.030556
1 0.491797 0.772222 0.021094 0.044444
1 0.523047 0.737500 0.027344 0.050000
1 0.548828 0.774306 0.028906 0.051389
1 0.513281 0.807639 0.029687 0.051389
1 0.488672 0.853472 0.030469 0.051389
1 0.486328 0.905556 0.028906 0.052778
1 0.515625 0.906944 0.026563 0.052778
1 0.541406 0.863889 0.025000 0.044444
1 0.582031 0.837500 0.026563 0.052778
1 0.591016 0.925000 0.030469 0.050000
0 0.550391 0.620139 0.014844 0.029167
0 0.577734 0.644444 0.013281 0.030556
0 0.591406 0.647917 0.012500 0.026389
0 0.604297 0.670833 0.013281 0.022222
0 0.616797 0.700000 0.011719 0.022222
0 0.648047 0.734722 0.013281 0.025000
0 0.651563 0.782639 0.014062 0.023611
0 0.708594 0.792361 0.012500 0.026389
1 0.533203 0.573611 0.035156 0.038889
1 0.511328 0.474306 0.038281 0.034722
1 0.485547 0.342361 0.033594 0.015278
0 0.493750 0.326389 0.017188 0.013889
0 0.478516 0.312500 0.019531 0.013889
0 0.476172 0.326389 0.017969 0.013889
0 0.489844 0.292361 0.017188 0.015278
0 0.488672 0.275694 0.016406 0.015278
0 0.489062 0.256944 0.015625 0.016667
0 0.471484 0.242361 0.013281 0.015278
0 0.486719 0.238194 0.017188 0.015278
0 0.485547 0.221528 0.016406 0.015278
0 0.485156 0.204167 0.015625 0.013889
0 0.469531 0.208333 0.017188 0.016667
0 0.468359 0.188889 0.016406 0.013889
0 0.484375 0.187500 0.015625 0.013889
0 0.483203 0.169444 0.014844 0.016667
0 0.467969 0.173611 0.017188 0.013889
0 0.478906 0.150694 0.014062 0.015278
0 0.465625 0.154861 0.015625 0.012500
0 0.464844 0.136111 0.017188 0.013889
0 0.459375 0.117361 0.015625 0.018056
0 0.475391 0.114583 0.016406 0.015278
0 0.481250 0.134028 0.017188 0.015278
0 0.478516 0.100000 0.016406 0.016667
0 0.476563 0.081944 0.015625 0.013889
0 0.476563 0.063194 0.018750 0.015278
0 0.474609 0.047222 0.016406 0.013889
0 0.469531 0.020833 0.017188 0.016667
1 0.386719 0.182639 0.035937 0.020833
0 0.387891 0.202778 0.016406 0.013889
0 0.383203 0.220139 0.016406 0.015278
0 0.399609 0.220833 0.014844 0.016667
0 0.382813 0.237500 0.017188 0.016667
0 0.396875 0.239583 0.014062 0.018056
0 0.379687 0.254167 0.015625 0.013889
0 0.396094 0.256944 0.014062 0.013889
0 0.377344 0.272917 0.012500 0.012500
0 0.392578 0.275000 0.014844 0.013889
1 0.382813 0.290278 0.035937 0.019444
0 0.373437 0.306250 0.015625 0.012500
1 0.382031 0.352778 0.035937 0.025000
1 0.387500 0.422917 0.037500 0.023611
1 0.401563 0.068056 0.032812 0.033333
0 0.682813 0.969444 0.014062 0.025000
0 0.381641 0.118056 0.017969 0.016667
0 0.384375 0.156944 0.015625 0.016667
0 0.383203 0.135417 0.016406 0.018056
0 0.390625 0.104167 0.015625 0.016667
