0 0.197266 0.051389 0.011719 0.030556
0 0.205859 0.114583 0.011719 0.031944
0 0.183984 0.264583 0.010156 0.031944
0 0.193750 0.461806 0.012500 0.034722
0 0.146094 0.329861 0.010937 0.029167
0 0.126563 0.357639 0.012500 0.029167
0 0.143750 0.425000 0.015625 0.030556
0 0.100391 0.631944 0.013281 0.027778
0 0.077734 0.655556 0.011719 0.027778
0 0.066016 0.749306 0.011719 0.029167
0 0.016406 0.928472 0.014062 0.023611
1 0.338281 0.332639 0.012500 0.059722
0 0.328125 0.484722 0.009375 0.030556
0 0.326562 0.522917 0.007813 0.029167
0 0.326953 0.551389 0.007031 0.022222
0 0.326172 0.579861 0.008594 0.031944
0 0.326953 0.614583 0.008594 0.029167
0 0.326562 0.647917 0.009375 0.031944
0 0.327344 0.680556 0.007813 0.025000
0 0.327344 0.706944 0.010937 0.025000
0 0.328516 0.752083 0.008594 0.029167
0 0.326953 0.784722 0.008594 0.030556
0 0.326953 0.816667 0.008594 0.027778
0 0.325000 0.848611 0.009375 0.027778
0 0.324219 0.881250 0.010937 0.031944
0 0.321094 0.913889 0.009375 0.030556
0 0.318359 0.944444 0.010156 0.030556
0 0.314063 0.982639 0.010937 0.029167
0 0.345313 0.961111 0.009375 0.033333
0 0.346484 0.922222 0.008594 0.033333
0 0.347656 0.886806 0.007813 0.026389
0 0.348437 0.856944 0.006250 0.027778
0 0.350781 0.825694 0.007813 0.026389
1 0.338281 0.773611 0.010937 0.061111
0 0.350000 0.785417 0.006250 0.029167
0 0.351172 0.756250 0.007031 0.026389
0 0.352734 0.725000 0.007031 0.027778
0 0.353516 0.690972 0.008594 0.029167
0 0.353906 0.656250 0.007813 0.026389
0 0.352734 0.626389 0.007031 0.025000
0 0.353516 0.576389 0.007031 0.027778
1 0.343359 0.557639 0.013281 0.056944
1 0.386719 0.407639 0.034375 0.015278
1 0.386719 0.334722 0.035937 0.016667
0 0.381250 0.288194 0.015625 0.018056
0 0.402344 0.188889 0.014062 0.016667
0 0.397266 0.203472 0.014844 0.018056
0 0.412891 0.209722 0.013281 0.019444
0 0.394531 0.219444 0.014062 0.016667
0 0.408984 0.227778 0.014844 0.016667
0 0.391406 0.239583 0.014062 0.018056
0 0.407031 0.243056 0.014062 0.016667
0 0.387500 0.253472 0.012500 0.012500
0 0.402344 0.259028 0.014062 0.015278
1 0.402734 0.165972 0.033594 0.031944
0 0.401953 0.140278 0.017969 0.019444
0 0.403906 0.122222 0.014062 0.019444
0 0.403906 0.103472 0.014062 0.020833
0 0.500000 0.027083 0.017188 0.015278
0 0.501953 0.054167 0.016406 0.019444
0 0.501172 0.071528 0.017969 0.015278
0 0.501562 0.090972 0.017188 0.015278
0 0.501172 0.106944 0.017969 0.013889
0 0.480469 0.123611 0.017188 0.013889
0 0.498047 0.123611 0.014844 0.013889
0 0.484766 0.143750 0.016406 0.015278
0 0.500000 0.143056 0.015625 0.013889
0 0.483594 0.160417 0.014062 0.018056
0 0.498047 0.159722 0.014844 0.013889
0 0.485156 0.177083 0.014062 0.015278
0 0.500391 0.179167 0.014844 0.016667
0 0.483984 0.193750 0.016406 0.012500
0 0.499609 0.195833 0.014844 0.011111
0 0.484375 0.213194 0.015625 0.012500
0 0.500000 0.211806 0.015625 0.015278
0 0.499219 0.231944 0.014062 0.016667
0 0.483984 0.247917 0.013281 0.015278
0 0.500000 0.250000 0.017188 0.016667
0 0.499609 0.265278 0.014844 0.011111
0 0.498047 0.282639 0.017969 0.015278
0 0.497656 0.302778 0.015625 0.013889
0 0.483203 0.316667 0.014844 0.013889
0 0.480078 0.334722 0.016406 0.016667
0 0.499219 0.337500 0.015625 0.013889
1 0.487500 0.352083 0.032812 0.020833
1 0.503516 0.488889 0.033594 0.033333
1 0.517969 0.592361 0.034375 0.031944
0 0.557422 0.670833 0.010156 0.022222
0 0.570703 0.679167 0.011719 0.022222
0 0.581250 0.702778 0.010937 0.025000
1 0.462109 0.777778 0.025781 0.044444
1 0.498047 0.751389 0.030469 0.047222
1 0.517969 0.788194 0.029687 0.054167
1 0.483203 0.811806 0.030469 0.056944
1 0.452734 0.852778 0.028906 0.047222
1 0.452344 0.906250 0.029687 0.045833
1 0.506250 0.878472 0.031250 0.045833
1 0.476563 0.918750 0.026563 0.062500
1 0.547266 0.864583 0.028906 0.045833
1 0.530859 0.891667 0.000781 0.038889
1 0.554297 0.950694 0.035156 0.045833
0 0.592188 0.735417 0.014062 0.026389
0 0.677344 0.847917 0.010937 0.031944
