0 0.138281 0.207639 0.014062 0.023611
0 0.147266 0.263889 0.013281 0.033333
0 0.146484 0.321528 0.011719 0.023611
0 0.153125 0.345833 0.012500 0.027778
0 0.109375 0.452083 0.015625 0.026389
0 0.069922 0.459722 0.013281 0.022222
0 0.046484 0.478472 0.013281 0.029167
0 0.044922 0.580556 0.014844 0.027778
0 0.045313 0.618750 0.015625 0.026389
0 0.193750 0.159722 0.009375 0.027778
0 0.237109 0.099306 0.013281 0.031944
1 0.348828 0.245833 0.019531 0.066667
1 0.391016 0.318056 0.035156 0.025000
1 0.383203 0.387500 0.035156 0.025000
1 0.348828 0.489583 0.033594 0.040278
0 0.318750 0.447222 0.009375 0.027778
0 0.314844 0.480556 0.007813 0.022222
0 0.312500 0.509028 0.009375 0.026389
0 0.310937 0.540972 0.009375 0.029167
0 0.307422 0.574306 0.008594 0.031944
0 0.304688 0.607639 0.007813 0.023611
0 0.301562 0.639583 0.009375 0.026389
0 0.300391 0.670833 0.007031 0.030556
0 0.295703 0.711111 0.010156 0.025000
0 0.292578 0.742361 0.010156 0.026389
0 0.289453 0.774306 0.011719 0.029167
0 0.286719 0.806944 0.010937 0.025000
0 0.280859 0.836806 0.010156 0.031944
0 0.274609 0.865278 0.010156 0.027778
0 0.267969 0.895139 0.010937 0.029167
0 0.260938 0.931944 0.012500 0.025000
0 0.256250 0.959028 0.009375 0.029167
0 0.283594 0.979861 0.010937 0.020833
0 0.290234 0.950694 0.008594 0.023611
0 0.294922 0.920139 0.010156 0.026389
0 0.300000 0.884028 0.007813 0.029167
0 0.303906 0.850694 0.007813 0.023611
0 0.307813 0.822222 0.006250 0.025000
0 0.312891 0.790972 0.008594 0.026389
0 0.319141 0.723611 0.008594 0.027778
0 0.317187 0.749306 0.009375 0.026389
1 0.313281 0.659722 0.014062 0.058333
0 0.323828 0.694444 0.008594 0.025000
0 0.327344 0.659722 0.007813 0.027778
0 0.330078 0.623611 0.007031 0.025000
0 0.331641 0.595833 0.005469 0.027778
0 0.337109 0.545139 0.007031 0.029167
1 0.430078 0.773611 0.030469 0.041667
1 0.464844 0.754861 0.035937 0.043056
1 0.480469 0.800000 0.031250 0.044444
1 0.441797 0.819444 0.032031 0.044444
1 0.410156 0.847222 0.029687 0.044444
1 0.408984 0.893750 0.033594 0.040278
1 0.460547 0.886111 0.032031 0.038889
1 0.503516 0.883333 0.032031 0.047222
1 0.499609 0.968750 0.033594 0.040278
1 0.498047 0.605556 0.033594 0.016667
0 0.510156 0.587500 0.018750 0.016667
1 0.492578 0.500000 0.035156 0.019444
1 0.491797 0.465972 0.033594 0.015278
1 0.494141 0.447222 0.035156 0.013889
1 0.490625 0.429861 0.034375 0.015278
1 0.490625 0.412500 0.034375 0.013889
0 0.389453 0.268056 0.016406 0.019444
0 0.398047 0.236111 0.011719 0.016667
0 0.413281 0.247222 0.014062 0.019444
0 0.420703 0.231944 0.013281 0.016667
0 0.403516 0.219444 0.014844 0.019444
0 0.413281 0.190278 0.017188 0.019444
0 0.428516 0.200694 0.013281 0.018056
1 0.422656 0.153472 0.035937 0.031944
1 0.531641 0.019444 0.033594 0.033333
0 0.529297 0.043750 0.013281 0.018056
0 0.528125 0.068750 0.017188 0.018056
0 0.528125 0.086806 0.017188 0.015278
0 0.525781 0.104167 0.015625 0.011111
0 0.524609 0.120833 0.014844 0.019444
0 0.503516 0.131944 0.016406 0.016667
0 0.519531 0.138194 0.015625 0.018056
0 0.505078 0.151389 0.016406 0.019444
0 0.520312 0.156944 0.014062 0.016667
0 0.503125 0.171528 0.014062 0.018056
0 0.517578 0.172917 0.014844 0.015278
0 0.501953 0.187500 0.014844 0.016667
0 0.517187 0.193750 0.017188 0.018056
0 0.500391 0.204861 0.016406 0.015278
0 0.515234 0.209028 0.014844 0.015278
0 0.496875 0.221528 0.014062 0.015278
0 0.512891 0.227083 0.013281 0.015278
0 0.510547 0.243750 0.014844 0.012500
0 0.495313 0.255556 0.012500 0.016667
0 0.509766 0.261111 0.013281 0.016667
0 0.509375 0.277778 0.014062 0.016667
0 0.503906 0.293750 0.015625 0.012500
0 0.505078 0.311806 0.016406 0.018056
0 0.488281 0.327083 0.015625 0.015278
0 0.482422 0.340278 0.014844 0.019444
0 0.502734 0.347222 0.014844 0.016667
1 0.490234 0.365972 0.035156 0.026389
0 0.510547 0.659028 0.013281 0.020833
0 0.530469 0.696528 0.010937 0.018056
0 0.542578 0.705556 0.014844 0.019444
0 0.555078 0.734028 0.014844 0.023611
0 0.558984 0.765972 0.013281 0.023611
0 0.585156 0.816667 0.017188 0.025000
0 0.632422 0.903472 0.011719 0.026389
