0 0.025000 0.609722 0.014062 0.027778
0 0.060547 0.440972 0.011719 0.023611
0 0.051562 0.393056 0.012500 0.025000
0 0.119141 0.399306 0.016406 0.029167
0 0.135547 0.330556 0.013281 0.027778
0 0.165234 0.202083 0.011719 0.023611
0 0.233594 0.145139 0.014062 0.026389
0 0.244922 0.079167 0.013281 0.022222
1 0.365625 0.195833 0.021875 0.061111
0 0.317578 0.440278 0.008594 0.025000
0 0.310937 0.479167 0.006250 0.022222
0 0.307813 0.502778 0.006250 0.025000
0 0.305078 0.531250 0.010156 0.026389
0 0.300781 0.565972 0.009375 0.026389
0 0.297656 0.600000 0.007813 0.027778
0 0.294531 0.631250 0.007813 0.023611
0 0.291016 0.661806 0.007031 0.023611
0 0.285547 0.704167 0.010156 0.027778
0 0.282031 0.736806 0.009375 0.029167
0 0.275391 0.766667 0.013281 0.025000
0 0.271875 0.797222 0.007813 0.033333
0 0.258594 0.857639 0.010937 0.026389
0 0.253516 0.884028 0.010156 0.026389
0 0.245312 0.920139 0.009375 0.029167
0 0.236719 0.946528 0.012500 0.020833
0 0.230469 0.973611 0.010937 0.022222
0 0.263281 0.972222 0.010937 0.030556
0 0.272656 0.940972 0.007813 0.026389
0 0.277344 0.907639 0.010937 0.029167
0 0.283594 0.877083 0.007813 0.023611
0 0.289063 0.843056 0.009375 0.027778
0 0.293359 0.811806 0.008594 0.026389
0 0.298828 0.782639 0.007031 0.029167
0 0.303906 0.741667 0.007813 0.025000
0 0.308984 0.715278 0.008594 0.025000
0 0.312500 0.688889 0.009375 0.027778
0 0.317969 0.652083 0.007813 0.026389
0 0.323047 0.620139 0.007031 0.026389
0 0.325000 0.590972 0.007813 0.026389
1 0.312500 0.588889 0.015625 0.055556
1 0.367188 0.475694 0.034375 0.029167
1 0.382813 0.386806 0.034375 0.023611
1 0.390625 0.315278 0.034375 0.027778
0 0.392578 0.268056 0.014844 0.016667
0 0.402344 0.238194 0.010937 0.018056
0 0.415625 0.250694 0.015625 0.020833
1 0.428516 0.157639 0.030469 0.034722
0 0.446875 0.086806 0.012500 0.026389
1 0.490625 0.616667 0.034375 0.016667
0 0.502734 0.600694 0.017969 0.015278
1 0.489062 0.513194 0.035937 0.015278
1 0.488672 0.477083 0.033594 0.018056
1 0.491797 0.459722 0.032031 0.019444
1 0.488672 0.440972 0.033594 0.018056
1 0.487500 0.424306 0.032812 0.018056
0 0.502734 0.360417 0.014844 0.015278
1 0.414844 0.779167 0.028125 0.027778
1 0.454688 0.764583 0.032812 0.037500
1 0.467187 0.810417 0.031250 0.040278
1 0.429297 0.822222 0.036719 0.041667
1 0.394531 0.846528 0.029687 0.045833
1 0.394141 0.894444 0.033594 0.036111
1 0.430078 0.867361 0.036719 0.037500
1 0.488672 0.895833 0.033594 0.041667
1 0.455469 0.916667 0.029687 0.044444
0 0.614453 0.925694 0.011719 0.026389
0 0.561328 0.884028 0.013281 0.020833
0 0.568750 0.838889 0.014062 0.022222
0 0.540625 0.749306 0.014062 0.020833
0 0.532031 0.720833 0.014062 0.016667
0 0.500000 0.668750 0.017188 0.020833
0 0.497656 0.268056 0.012500 0.019444
0 0.500391 0.235417 0.013281 0.015278
0 0.513672 0.257639 0.014844 0.015278
0 0.522266 0.205556 0.014844 0.016667
0 0.504297 0.215278 0.014844 0.013889
0 0.520312 0.224306 0.014062 0.018056
0 0.510547 0.145139 0.014844 0.015278
0 0.537891 0.055556 0.016406 0.019444
0 0.537891 0.086111 0.016406 0.016667
0 0.536328 0.102778 0.016406 0.016667
0 0.534375 0.118750 0.015625 0.018056
0 0.532422 0.135417 0.017969 0.012500
0 0.507813 0.182639 0.014062 0.015278
0 0.510156 0.163194 0.015625 0.018056
0 0.526172 0.168750 0.014844 0.018056
0 0.523438 0.187500 0.014062 0.016667
