1 0.310937 0.919444 0.032812 0.041667
0 0.325391 0.837500 0.013281 0.022222
0 0.346875 0.768750 0.015625 0.018056
0 0.341406 0.719444 0.014062 0.016667
0 0.335156 0.700694 0.014062 0.015278
0 0.335938 0.668750 0.015625 0.018056
0 0.339453 0.633333 0.014844 0.016667
1 0.341406 0.619444 0.032812 0.013889
0 0.348047 0.600694 0.016406 0.015278
0 0.337500 0.565278 0.017188 0.016667
0 0.339063 0.546528 0.015625 0.015278
0 0.339453 0.531250 0.013281 0.012500
0 0.355469 0.533333 0.010937 0.013889
0 0.336328 0.511111 0.016406 0.013889
0 0.340234 0.495833 0.014844 0.016667
0 0.340625 0.477778 0.015625 0.016667
0 0.325781 0.388194 0.007813 0.031944
0 0.333594 0.390972 0.007813 0.029167
0 0.341406 0.388194 0.007813 0.026389
0 0.324609 0.441667 0.008594 0.027778
0 0.353906 0.445139 0.007813 0.029167
0 0.418750 0.294444 0.006250 0.025000
0 0.426562 0.295833 0.006250 0.030556
0 0.473437 0.295139 0.007813 0.031944
0 0.500000 0.296528 0.007813 0.029167
0 0.513672 0.291667 0.007031 0.030556
0 0.414063 0.369444 0.015625 0.013889
0 0.430859 0.356250 0.016406 0.015278
0 0.450781 0.361806 0.014062 0.012500
0 0.469531 0.361111 0.014062 0.013889
0 0.471094 0.378472 0.014062 0.015278
0 0.487891 0.379861 0.016406 0.018056
0 0.507031 0.362500 0.012500 0.013889
0 0.522656 0.365278 0.014062 0.013889
0 0.538672 0.368056 0.014844 0.016667
0 0.541797 0.382639 0.013281 0.018056
1 0.522266 0.402083 0.035156 0.020833
0 0.540234 0.421528 0.016406 0.012500
1 0.416016 0.443750 0.033594 0.020833
1 0.418750 0.463889 0.035937 0.025000
1 0.453125 0.447917 0.034375 0.020833
1 0.454297 0.467361 0.033594 0.018056
1 0.489062 0.451389 0.032812 0.019444
1 0.451172 0.521528 0.033594 0.020833
1 0.497266 0.529167 0.032031 0.022222
1 0.420703 0.594444 0.033594 0.019444
1 0.455078 0.598611 0.033594 0.022222
1 0.456641 0.631944 0.032031 0.019444
1 0.493750 0.636111 0.032812 0.022222
1 0.462891 0.669444 0.033594 0.022222
1 0.414844 0.681250 0.032812 0.020833
1 0.450781 0.705556 0.034375 0.019444
1 0.487109 0.709722 0.033594 0.019444
1 0.414453 0.736111 0.032031 0.022222
1 0.450000 0.758333 0.026563 0.019444
0 0.512109 0.925000 0.011719 0.022222
0 0.524219 0.903472 0.012500 0.020833
0 0.536719 0.886111 0.009375 0.025000
0 0.551953 0.857639 0.011719 0.026389
0 0.564844 0.835417 0.010937 0.018056
0 0.577734 0.811806 0.011719 0.020833
0 0.592188 0.786806 0.014062 0.020833
0 0.605859 0.761806 0.013281 0.023611
0 0.620703 0.741667 0.013281 0.016667
0 0.637891 0.722917 0.014844 0.020833
0 0.652344 0.706250 0.012500 0.020833
0 0.553906 0.913194 0.014062 0.023611
0 0.566406 0.888194 0.012500 0.020833
0 0.578906 0.868750 0.012500 0.020833
0 0.594141 0.845139 0.013281 0.023611
0 0.606250 0.827083 0.012500 0.023611
0 0.620703 0.810417 0.011719 0.020833
0 0.637500 0.785417 0.014062 0.020833
0 0.651563 0.770139 0.010937 0.018056
0 0.667969 0.750000 0.012500 0.019444
0 0.682031 0.732639 0.015625 0.018056
0 0.695313 0.718750 0.014062 0.020833
0 0.715234 0.700000 0.013281 0.022222
0 0.741016 0.674306 0.016406 0.023611
0 0.755859 0.660417 0.011719 0.015278
0 0.773047 0.649306 0.014844 0.023611
0 0.792969 0.632639 0.012500 0.020833
0 0.826563 0.611111 0.015625 0.022222
0 0.842188 0.598611 0.017188 0.019444
0 0.864453 0.588889 0.014844 0.022222
0 0.900391 0.572222 0.017969 0.022222
1 0.661719 0.628472 0.035937 0.026389
0 0.621875 0.715972 0.014062 0.018056
0 0.638281 0.702083 0.014062 0.020833
0 0.655078 0.681250 0.014844 0.020833
0 0.581250 0.763889 0.014062 0.027778
0 0.562500 0.796528 0.014062 0.020833
1 0.599609 0.640972 0.033594 0.015278
1 0.599609 0.624306 0.035156 0.018056
1 0.599609 0.603472 0.035156 0.015278
1 0.600000 0.587500 0.035937 0.016667
1 0.601563 0.570139 0.032812 0.015278
1 0.602344 0.552778 0.034375 0.013889
1 0.601563 0.535417 0.032812 0.015278
1 0.601563 0.518750 0.032812 0.015278
1 0.601953 0.502778 0.032031 0.016667
0 0.603906 0.463889 0.015625 0.013889
1 0.603516 0.395833 0.033594 0.019444
1 0.645312 0.431944 0.035937 0.019444
1 0.645703 0.450694 0.035156 0.018056
1 0.641797 0.536111 0.032031 0.016667
1 0.717578 0.431250 0.010156 0.059722
1 0.714063 0.505556 0.010937 0.058333
0 0.698828 0.633333 0.013281 0.022222
0 0.714844 0.621528 0.015625 0.020833
0 0.731250 0.604861 0.010937 0.020833
0 0.749609 0.590972 0.014844 0.026389
0 0.766797 0.585417 0.011719 0.018056
0 0.824219 0.470833 0.015625 0.013889
1 0.796484 0.495139 0.033594 0.020833
0 0.823438 0.454861 0.017188 0.012500
0 0.823438 0.440972 0.014062 0.012500
0 0.832812 0.419444 0.007813 0.027778
0 0.900781 0.379167 0.009375 0.027778
0 0.899219 0.440278 0.009375 0.027778
0 0.914844 0.491667 0.007813 0.025000
0 0.880469 0.504167 0.010937 0.027778
1 0.599609 0.286111 0.035156 0.019444
1 0.646875 0.285417 0.032812 0.018056
0 0.828125 0.357639 0.017188 0.015278
