0 0.169141 0.329861 0.013281 0.037500
0 0.044922 0.769444 0.013281 0.027778
0 0.066016 0.829861 0.013281 0.029167
0 0.084766 0.802778 0.011719 0.025000
0 0.433594 0.065972 0.010937 0.031944
2 0.264844 0.903472 0.017188 0.056944
0 0.288672 0.876389 0.010156 0.025000
0 0.307031 0.850694 0.010937 0.029167
0 0.293359 0.726389 0.010156 0.027778
0 0.388672 0.338194 0.011719 0.029167
0 0.308594 0.482639 0.007813 0.031944
0 0.358203 0.540972 0.010156 0.026389
0 0.480078 0.049306 0.016406 0.018056
0 0.517578 0.023611 0.014844 0.013889
0 0.525000 0.084028 0.015625 0.015278
0 0.561328 0.033333 0.016406 0.016667
0 0.617188 0.032639 0.015625 0.018056
0 0.593359 0.064583 0.013281 0.015278
0 0.601172 0.088194 0.017969 0.015278
0 0.677734 0.116667 0.016406 0.016667
0 0.706641 0.065278 0.016406 0.016667
0 0.733984 0.075000 0.013281 0.016667
0 0.770703 0.111111 0.013281 0.016667
0 0.781641 0.098611 0.017969 0.022222
0 0.721094 0.115972 0.009375 0.012500
0 0.814453 0.029167 0.008594 0.027778
0 0.823438 0.029167 0.007813 0.025000
0 0.841797 0.032639 0.008594 0.026389
0 0.850781 0.025000 0.006250 0.027778
0 0.870703 0.025694 0.011719 0.031944
0 0.950391 0.046528 0.017969 0.018056
1 0.507031 0.238889 0.018750 0.063889
1 0.494531 0.334722 0.014062 0.063889
0 0.553906 0.234722 0.009375 0.025000
1 0.593359 0.224306 0.033594 0.018056
1 0.592578 0.243056 0.035156 0.016667
1 0.596094 0.262500 0.034375 0.016667
0 0.597266 0.279861 0.017969 0.012500
0 0.591016 0.298611 0.011719 0.013889
1 0.595312 0.313194 0.035937 0.015278
0 0.596875 0.334722 0.017188 0.016667
0 0.601953 0.363194 0.017969 0.015278
0 0.603516 0.377778 0.016406 0.016667
0 0.605469 0.396528 0.015625 0.012500
0 0.607813 0.414583 0.017188 0.015278
0 0.587891 0.435417 0.014844 0.015278
0 0.604688 0.431250 0.014062 0.015278
0 0.593359 0.450694 0.017969 0.015278
0 0.609766 0.448611 0.016406 0.016667
0 0.593750 0.468750 0.014062 0.012500
0 0.609766 0.465278 0.014844 0.016667
0 0.596875 0.487500 0.014062 0.011111
0 0.611719 0.481250 0.015625 0.018056
0 0.598437 0.504861 0.014062 0.015278
0 0.614453 0.500694 0.016406 0.012500
0 0.598437 0.522222 0.014062 0.013889
0 0.614453 0.516667 0.014844 0.013889
0 0.616016 0.534028 0.014844 0.012500
0 0.603125 0.554861 0.014062 0.015278
0 0.617969 0.548611 0.012500 0.013889
0 0.619922 0.569444 0.014844 0.013889
0 0.620703 0.586111 0.014844 0.013889
0 0.622656 0.604167 0.015625 0.016667
0 0.609766 0.625000 0.016406 0.013889
0 0.607813 0.640972 0.017188 0.012500
0 0.626953 0.636806 0.014844 0.015278
1 0.618359 0.659028 0.035156 0.020833
1 0.647656 0.784722 0.034375 0.038889
1 0.669531 0.881944 0.031250 0.038889
1 0.570703 0.817361 0.033594 0.034722
1 0.555469 0.688194 0.015625 0.059722
1 0.523047 0.744444 0.035156 0.022222
1 0.513672 0.675000 0.036719 0.027778
1 0.514453 0.611806 0.033594 0.020833
0 0.507422 0.628472 0.017969 0.012500
0 0.507422 0.592361 0.013281 0.015278
0 0.523047 0.594444 0.016406 0.013889
0 0.510547 0.575000 0.016406 0.016667
0 0.527344 0.577778 0.014062 0.013889
0 0.512500 0.557639 0.014062 0.012500
0 0.528125 0.560417 0.017188 0.015278
0 0.514844 0.541667 0.015625 0.016667
0 0.529688 0.541667 0.014062 0.013889
0 0.516797 0.524306 0.014844 0.015278
1 0.516406 0.506944 0.035937 0.022222
0 0.513281 0.477083 0.018750 0.018056
0 0.511328 0.458333 0.017969 0.016667
0 0.516406 0.425000 0.018750 0.022222
0 0.471875 0.833333 0.009375 0.030556
0 0.476953 0.898611 0.010156 0.027778
0 0.480859 0.926389 0.010156 0.025000
0 0.241406 0.136806 0.010937 0.029167
