0 0.044141 0.237500 0.021094 0.022222
0 0.088281 0.248611 0.017188 0.019444
0 0.057031 0.174306 0.020312 0.020833
0 0.163672 0.229861 0.010156 0.026389
0 0.165625 0.328472 0.009375 0.029167
0 0.122656 0.620139 0.010937 0.029167
0 0.119922 0.745833 0.010156 0.027778
0 0.144531 0.917361 0.010937 0.031944
0 0.164063 0.657639 0.009375 0.029167
0 0.161328 0.543056 0.010156 0.027778
0 0.223828 0.193750 0.011719 0.029167
0 0.313672 0.167361 0.017969 0.015278
0 0.412109 0.073611 0.011719 0.036111
0 0.444141 0.164583 0.011719 0.031944
0 0.418750 0.414583 0.009375 0.029167
0 0.402344 0.420139 0.010937 0.026389
0 0.377344 0.647222 0.010937 0.033333
0 0.382813 0.703472 0.009375 0.029167
0 0.363281 0.761111 0.010937 0.033333
0 0.248437 0.334722 0.012500 0.025000
0 0.329688 0.245139 0.018750 0.015278
0 0.340625 0.261806 0.018750 0.015278
0 0.509766 0.171528 0.017969 0.018056
0 0.514063 0.250000 0.014062 0.016667
0 0.537891 0.209722 0.017969 0.016667
0 0.568359 0.229167 0.016406 0.016667
0 0.595312 0.214583 0.017188 0.015278
0 0.593359 0.170139 0.014844 0.012500
0 0.636328 0.179861 0.014844 0.018056
0 0.651563 0.200000 0.017188 0.016667
0 0.680859 0.187500 0.016406 0.019444
0 0.733984 0.199306 0.017969 0.018056
0 0.810547 0.141667 0.008594 0.027778
0 0.819141 0.142361 0.008594 0.026389
0 0.839063 0.143750 0.007813 0.029167
0 0.846875 0.134028 0.007813 0.023611
0 0.868359 0.129167 0.010156 0.033333
0 0.907422 0.075000 0.008594 0.030556
0 0.948828 0.140278 0.019531 0.019444
0 0.871875 0.307639 0.014062 0.020833
0 0.828516 0.304861 0.016406 0.015278
1 0.851172 0.225694 0.038281 0.026389
0 0.908984 0.275000 0.019531 0.019444
0 0.944531 0.272917 0.018750 0.018056
0 0.967969 0.302778 0.018750 0.022222
0 0.727344 0.241667 0.015625 0.016667
0 0.732031 0.264583 0.015625 0.020833
0 0.639844 0.255556 0.018750 0.016667
1 0.515625 0.393750 0.012500 0.062500
1 0.510547 0.468056 0.014844 0.055556
0 0.561328 0.382639 0.008594 0.029167
1 0.600781 0.369444 0.034375 0.019444
1 0.604688 0.404861 0.034375 0.023611
0 0.602734 0.440278 0.016406 0.013889
1 0.607031 0.455556 0.035937 0.016667
0 0.608594 0.474306 0.015625 0.015278
0 0.616016 0.502083 0.016406 0.015278
0 0.619531 0.532639 0.017188 0.015278
0 0.622656 0.550000 0.015625 0.016667
0 0.605469 0.575000 0.015625 0.019444
0 0.622266 0.568056 0.014844 0.013889
0 0.625000 0.693056 0.014062 0.016667
1 0.544531 0.542361 0.034375 0.020833
0 0.533594 0.574306 0.015625 0.015278
0 0.528906 0.590972 0.015625 0.018056
0 0.530078 0.607639 0.013281 0.015278
0 0.533203 0.627083 0.014844 0.018056
1 0.537500 0.658333 0.032812 0.016667
0 0.539063 0.672222 0.015625 0.013889
0 0.536328 0.690278 0.016406 0.016667
0 0.551562 0.689583 0.014062 0.015278
0 0.535156 0.707639 0.015625 0.015278
0 0.551172 0.706250 0.014844 0.018056
0 0.534766 0.725000 0.016406 0.016667
0 0.551953 0.726389 0.017969 0.016667
0 0.532422 0.743056 0.011719 0.013889
0 0.548437 0.742361 0.014062 0.015278
1 0.540625 0.760417 0.032812 0.018056
0 0.533203 0.777083 0.017969 0.015278
1 0.544531 0.823611 0.034375 0.033333
1 0.599219 0.804861 0.031250 0.048611
1 0.554688 0.887500 0.032812 0.033333
1 0.682031 0.911806 0.031250 0.045833
0 0.610937 0.607639 0.014062 0.015278
0 0.616016 0.624306 0.014844 0.018056
0 0.618359 0.642361 0.014844 0.018056
