0 0.294792 0.385417 0.007292 0.026389
0 0.301432 0.385648 0.007552 0.025926
0 0.309766 0.387269 0.007031 0.025463
0 0.387891 0.290278 0.008594 0.027778
0 0.395703 0.290509 0.008594 0.028241
0 0.292839 0.440972 0.007552 0.024537
0 0.321224 0.443056 0.008073 0.025000
0 0.308464 0.478009 0.013802 0.011574
0 0.308984 0.496528 0.012240 0.009722
0 0.304297 0.511111 0.016406 0.011111
0 0.307161 0.531250 0.012760 0.011574
0 0.307031 0.545833 0.014063 0.011111
0 0.304427 0.563194 0.014583 0.012500
0 0.315885 0.600000 0.013542 0.013889
0 0.322526 0.530093 0.012760 0.010185
1 0.308594 0.616667 0.035937 0.019444
0 0.307422 0.631019 0.013281 0.012037
0 0.304297 0.665046 0.014844 0.011574
0 0.301953 0.696528 0.014844 0.015278
0 0.308203 0.715972 0.014844 0.018056
0 0.314063 0.766667 0.012500 0.013889
1 0.277734 0.916667 0.033594 0.041667
1 0.380859 0.735417 0.033594 0.018056
1 0.381641 0.681944 0.035156 0.019444
1 0.388672 0.590278 0.035156 0.019444
1 0.385937 0.461111 0.034375 0.016667
1 0.385156 0.443056 0.032813 0.016667
1 0.421094 0.446528 0.034375 0.020833
1 0.421094 0.465278 0.032813 0.019444
1 0.455469 0.450694 0.032813 0.018056
1 0.420703 0.521528 0.035156 0.020833
1 0.465365 0.529861 0.030729 0.020833
1 0.423047 0.595833 0.033594 0.019444
1 0.424219 0.632639 0.032813 0.020833
1 0.459766 0.639815 0.032031 0.020370
1 0.430469 0.668750 0.032813 0.020833
1 0.419922 0.704861 0.033594 0.018056
1 0.453516 0.710417 0.033594 0.015278
1 0.416016 0.756944 0.027344 0.019444
0 0.382552 0.367130 0.013542 0.012037
0 0.399740 0.354861 0.015104 0.010648
0 0.418620 0.359722 0.013802 0.011111
0 0.436979 0.358796 0.014583 0.010185
0 0.439844 0.375694 0.014063 0.015278
0 0.456641 0.378472 0.016406 0.015278
0 0.474609 0.362500 0.011719 0.011111
0 0.491667 0.365972 0.014063 0.009722
0 0.507812 0.367593 0.014063 0.014815
0 0.442188 0.297222 0.009375 0.027778
0 0.469531 0.296528 0.007812 0.026389
2 0.482422 0.289583 0.007031 0.026389
1 0.490625 0.400694 0.031250 0.018056
0 0.508594 0.421528 0.014063 0.015278
1 0.570312 0.395833 0.032813 0.019444
0 0.570833 0.466204 0.015104 0.012037
1 0.569922 0.502083 0.032031 0.018056
1 0.570703 0.517361 0.032031 0.018056
1 0.569922 0.534722 0.030469 0.016667
1 0.569531 0.553472 0.034375 0.018056
1 0.569922 0.570833 0.032031 0.013889
1 0.568359 0.587500 0.032031 0.019444
1 0.568750 0.604861 0.032813 0.020833
1 0.566406 0.622917 0.032813 0.018056
1 0.567187 0.641667 0.032813 0.016667
1 0.614062 0.434722 0.034375 0.013889
1 0.613281 0.449306 0.034375 0.018056
1 0.610938 0.536806 0.032813 0.015278
1 0.686719 0.431250 0.009375 0.059722
1 0.680859 0.507639 0.008594 0.059722
1 0.764062 0.498611 0.034375 0.016667
1 0.637240 0.636806 0.030208 0.037500
0 0.478906 0.924306 0.010937 0.026389
0 0.491016 0.905556 0.014844 0.025000
0 0.503906 0.884722 0.012500 0.025000
0 0.519010 0.856944 0.012500 0.022222
0 0.518750 0.913889 0.010937 0.022222
0 0.533203 0.888889 0.014844 0.022222
0 0.546875 0.868750 0.014063 0.020833
0 0.531510 0.835880 0.011979 0.020833
0 0.544922 0.812500 0.013281 0.025000
0 0.561068 0.847454 0.011198 0.022685
0 0.573698 0.828009 0.011458 0.019907
0 0.560156 0.788889 0.017188 0.022222
0 0.588281 0.810417 0.012500 0.020833
0 0.574740 0.763194 0.012500 0.018056
0 0.588021 0.742593 0.012500 0.019444
0 0.604688 0.786111 0.014063 0.022222
0 0.619141 0.769444 0.013281 0.016667
0 0.604297 0.725000 0.013281 0.019444
0 0.620182 0.707176 0.012240 0.017130
0 0.634375 0.751389 0.014063 0.019444
0 0.649609 0.736111 0.014844 0.022222
0 0.663281 0.718750 0.015625 0.015278
0 0.681250 0.699306 0.014063 0.020833
0 0.708984 0.676389 0.013281 0.016667
0 0.723828 0.663194 0.011719 0.023611
0 0.739583 0.650000 0.015104 0.018519
0 0.760547 0.634028 0.013281 0.018056
0 0.795443 0.610185 0.014323 0.020370
0 0.810937 0.602546 0.014063 0.016204
0 0.832943 0.590509 0.014323 0.017130
2 0.868359 0.573611 0.019531 0.019444
0 0.709375 0.632639 0.017188 0.023611
0 0.667188 0.634028 0.014063 0.020833
0 0.683984 0.622222 0.016406 0.019444
0 0.700000 0.606944 0.012500 0.016667
0 0.717187 0.594444 0.014063 0.025000
0 0.735156 0.584028 0.009375 0.020833
0 0.792318 0.458333 0.015885 0.011111
0 0.792708 0.474306 0.015104 0.012500
0 0.791276 0.444213 0.012240 0.011574
2 0.797526 0.362963 0.019010 0.012963
0 0.868620 0.384722 0.006510 0.024074
0 0.868229 0.443981 0.008333 0.022222
0 0.855469 0.389352 0.006250 0.021296
0 0.847917 0.390972 0.007292 0.026389
0 0.883333 0.495370 0.007292 0.017593
1 0.568359 0.286343 0.032031 0.017130
1 0.614583 0.286574 0.033854 0.015741
0 0.222396 0.186343 0.008333 0.022685
2 0.133203 0.474074 0.010156 0.027778
0 0.204427 0.520833 0.008854 0.020370
0 0.103255 0.778241 0.014844 0.018519
2 0.061068 0.850231 0.015885 0.022685
0 0.292708 0.832639 0.013021 0.018981
1 0.307552 0.825694 0.031771 0.041204
1 0.269531 0.947222 0.035937 0.045370
1 0.262240 0.961111 0.034375 0.044444
1 0.258594 0.976157 0.034375 0.040278
1 0.251693 0.986343 0.032552 0.027315
2 0.279297 0.443981 0.008073 0.028704
0 0.230078 0.434028 0.008594 0.023611
0 0.624609 0.068519 0.015885 0.013889
0 0.673177 0.065046 0.006250 0.021759
0 0.870573 0.499769 0.008333 0.023611
0 0.863411 0.501157 0.007031 0.022685
0 0.856771 0.504398 0.007292 0.023611
0 0.849609 0.506944 0.008594 0.025926
0 0.800911 0.420602 0.005990 0.025463
0 0.605599 0.701852 0.012240 0.017593
0 0.591667 0.718519 0.009896 0.017593
0 0.672526 0.653241 0.013802 0.016667
0 0.676302 0.666204 0.013542 0.020370
0 0.489974 0.967361 0.012240 0.022685
0 0.478776 0.989583 0.010677 0.020833
0 0.464974 0.949537 0.011719 0.024074
0 0.451562 0.975926 0.011458 0.022222
0 0.441667 0.993287 0.010417 0.013426
3 0.663932 0.669444 0.003385 0.010185
0 0.922266 0.451620 0.012240 0.011574
0 0.507161 0.936111 0.010156 0.021296
0 0.926432 0.463194 0.012760 0.010648
0 0.006510 0.842824 0.012500 0.012500
0 0.105859 0.766204 0.012760 0.014815
