0 0.156641 0.138426 0.008594 0.040741
0 0.180859 0.214815 0.011719 0.037963
0 0.152344 0.297222 0.009375 0.038889
1 0.134766 0.434722 0.016406 0.086111
0 0.144141 0.533333 0.010156 0.047222
0 0.143750 0.756944 0.009375 0.036111
0 0.125781 0.915278 0.009375 0.033333
0 0.170182 0.931944 0.010156 0.031481
0 0.415755 0.927778 0.007552 0.036111
0 0.416797 0.883333 0.008594 0.036111
0 0.416406 0.828472 0.007812 0.037500
0 0.416276 0.777546 0.007552 0.040278
0 0.416536 0.727315 0.008073 0.035185
0 0.417969 0.635417 0.007812 0.031944
0 0.416927 0.684491 0.008854 0.034722
1 0.474609 0.969213 0.049219 0.028241
0 0.513281 0.946528 0.009375 0.043056
0 0.483203 0.944213 0.021094 0.013426
1 0.473568 0.923611 0.049740 0.019444
1 0.473047 0.900694 0.050781 0.020833
1 0.471484 0.875694 0.049219 0.020833
0 0.467708 0.849306 0.020313 0.017130
1 0.460938 0.827546 0.047917 0.018056
1 0.459896 0.803704 0.048958 0.018519
1 0.460677 0.779398 0.052604 0.023611
0 0.473438 0.752778 0.021875 0.016667
1 0.458984 0.707407 0.049219 0.020370
1 0.459375 0.683333 0.050000 0.019444
1 0.458984 0.659722 0.052344 0.019444
1 0.458984 0.636806 0.050781 0.026389
2 0.453385 0.545370 0.020833 0.015741
0 0.510417 0.464815 0.020313 0.015741
0 0.502734 0.416435 0.019010 0.015278
0 0.499609 0.393287 0.022135 0.016204
0 0.523177 0.394676 0.020833 0.016204
1 0.504948 0.320602 0.050521 0.021759
1 0.503906 0.247917 0.050000 0.018056
0 0.510677 0.223611 0.018229 0.013889
1 0.502734 0.197917 0.052344 0.023611
0 0.488672 0.152083 0.021094 0.020833
0 0.510938 0.128472 0.021875 0.018056
0 0.512891 0.151389 0.022656 0.016667
1 0.501823 0.101389 0.050521 0.022222
1 0.610156 0.021528 0.050000 0.023611
1 0.610286 0.044907 0.052865 0.020370
1 0.611328 0.070139 0.050781 0.020833
1 0.609245 0.096296 0.046615 0.022222
0 0.612760 0.143519 0.019792 0.014815
0 0.607552 0.166667 0.021875 0.016667
0 0.603385 0.192130 0.019271 0.015741
0 0.608984 0.213657 0.019531 0.013426
0 0.602344 0.238657 0.020313 0.016204
0 0.614714 0.461806 0.017969 0.013426
1 0.615104 0.504630 0.051562 0.022222
0 0.602734 0.531944 0.019531 0.016667
1 0.615234 0.557639 0.050260 0.018981
1 0.614974 0.605093 0.051302 0.023148
0 0.613281 0.628472 0.018229 0.015278
1 0.614974 0.701620 0.049740 0.022685
1 0.616016 0.750000 0.049219 0.022222
0 0.603255 0.723843 0.018490 0.014352
1 0.614844 0.773611 0.050000 0.022222
1 0.615234 0.822222 0.052344 0.022222
0 0.609766 0.865972 0.022656 0.018056
0 0.598958 0.891898 0.020313 0.013426
1 0.613672 0.918056 0.050781 0.022222
1 0.614453 0.940972 0.050781 0.020833
1 0.613672 0.965972 0.050781 0.020833
0 0.415625 0.979630 0.009896 0.040741
1 0.614583 0.989815 0.048958 0.020370
