0 0.150521 0.066898 0.008854 0.037500
0 0.105469 0.285185 0.010937 0.039815
0 0.099479 0.465046 0.009896 0.039352
1 0.084766 0.664583 0.016406 0.084722
0 0.096745 0.735648 0.011198 0.037963
0 0.064323 0.758565 0.009896 0.032870
0 0.063802 0.922685 0.008333 0.034259
0 0.064062 0.974074 0.010417 0.035185
0 0.095312 0.909722 0.009375 0.038889
0 0.144922 0.396528 0.010156 0.040278
1 0.215625 0.656250 0.056250 0.020833
1 0.216797 0.702778 0.057031 0.025000
1 0.215625 0.751852 0.054688 0.023148
0 0.301953 0.781713 0.020573 0.017130
0 0.302344 0.759722 0.021354 0.016667
0 0.301953 0.735417 0.019531 0.016204
0 0.301953 0.713657 0.021094 0.015278
0 0.301172 0.695370 0.016406 0.014815
0 0.302214 0.674769 0.022135 0.013426
0 0.301953 0.654861 0.022656 0.015278
0 0.302083 0.628935 0.019792 0.016204
1 0.302214 0.542593 0.053906 0.023148
1 0.394010 0.964815 0.050521 0.024074
1 0.394661 0.938194 0.050781 0.021759
0 0.392318 0.860880 0.023177 0.017130
1 0.393750 0.792361 0.051562 0.023611
1 0.394271 0.766667 0.051562 0.019444
1 0.394141 0.718750 0.052344 0.020833
1 0.392969 0.691667 0.051562 0.022222
1 0.394401 0.643981 0.051823 0.017593
1 0.394401 0.617130 0.051823 0.020370
0 0.381771 0.589120 0.015625 0.018056
0 0.380469 0.571065 0.020313 0.013426
0 0.384766 0.534028 0.008594 0.040278
0 0.385677 0.352778 0.009375 0.038889
0 0.384245 0.429861 0.009635 0.034722
0 0.385547 0.259028 0.008594 0.037500
0 0.386328 0.204861 0.008594 0.037500
0 0.386328 0.155556 0.010156 0.036111
0 0.387630 0.106250 0.009635 0.031944
0 0.387891 0.063194 0.010156 0.034722
1 0.429688 0.016204 0.053125 0.023148
1 0.430599 0.040509 0.051823 0.024537
1 0.431641 0.065972 0.052344 0.023611
1 0.430599 0.091204 0.051823 0.021296
0 0.444401 0.137269 0.023698 0.014352
1 0.430469 0.160648 0.049479 0.020370
1 0.430208 0.183796 0.050521 0.018519
1 0.432292 0.210648 0.050521 0.022222
0 0.437500 0.234028 0.021875 0.015278
1 0.443359 0.256944 0.051823 0.020370
1 0.444401 0.279861 0.051823 0.018056
1 0.444010 0.306250 0.051562 0.020833
0 0.452995 0.329861 0.020052 0.015278
2 0.484896 0.337269 0.009896 0.039352
0 0.483724 0.403241 0.009115 0.036111
1 0.443490 0.353472 0.050521 0.017130
1 0.444792 0.376389 0.050000 0.015741
1 0.446745 0.401389 0.052344 0.018519
1 0.451823 0.426620 0.051042 0.017130
1 0.578385 0.850463 0.052604 0.020370
1 0.583594 0.826852 0.053125 0.024074
1 0.582943 0.779630 0.051823 0.023148
1 0.583203 0.756944 0.050781 0.022222
1 0.584375 0.707639 0.051562 0.023611
1 0.582682 0.659491 0.051302 0.018981
1 0.583724 0.565509 0.051823 0.022685
1 0.582812 0.540046 0.054688 0.019907
1 0.582682 0.515278 0.051302 0.019444
1 0.583984 0.490972 0.052344 0.018056
2 0.575781 0.465972 0.023438 0.015278
0 0.573047 0.444444 0.021094 0.013889
1 0.584375 0.419444 0.050000 0.022222
1 0.585156 0.395139 0.050000 0.020833
1 0.584635 0.371296 0.050521 0.020370
1 0.585156 0.345602 0.050000 0.021759
1 0.584896 0.321991 0.051042 0.021759
1 0.584375 0.299537 0.052604 0.021296
0 0.569922 0.275694 0.021094 0.015278
0 0.580859 0.250231 0.022656 0.016204
1 0.585677 0.205787 0.051042 0.022685
1 0.585807 0.154630 0.049740 0.023148
1 0.586719 0.129861 0.050000 0.023611
0 0.575781 0.107407 0.018229 0.011111
1 0.586328 0.081944 0.049219 0.023148
1 0.393880 0.987731 0.050260 0.022685
0 0.385026 0.303935 0.008073 0.037500
0 0.387760 0.016898 0.007292 0.026389
0 0.476823 0.464120 0.020833 0.026389
1 0.484375 0.545602 0.038021 0.056019
1 0.482943 0.612037 0.035677 0.056481
1 0.482682 0.682176 0.035156 0.055093
1 0.482031 0.750463 0.034896 0.057407
1 0.482682 0.814352 0.036198 0.054630
1 0.481771 0.977083 0.033854 0.045833
0 0.584635 0.010880 0.018229 0.014352
0 0.384505 0.485185 0.009635 0.036111
