0 0.092839 0.384259 0.009635 0.037963
0 0.091797 0.551157 0.008594 0.038426
1 0.083333 0.724306 0.016667 0.082870
0 0.100911 0.819444 0.008594 0.038889
0 0.096094 0.937963 0.009375 0.035185
0 0.064714 0.910648 0.008594 0.026852
0 0.060547 0.715972 0.010156 0.033796
0 0.061198 0.661806 0.008333 0.037500
0 0.061849 0.498148 0.009115 0.034259
1 0.213281 0.383333 0.056250 0.019444
1 0.214193 0.433102 0.054948 0.018981
1 0.213542 0.482870 0.054167 0.024074
0 0.232943 0.823843 0.022656 0.015278
0 0.234115 0.847222 0.018750 0.016667
0 0.202214 0.846528 0.022135 0.016204
0 0.202865 0.895139 0.022396 0.018981
0 0.201693 0.919213 0.021094 0.015278
0 0.273177 0.974306 0.022396 0.019907
0 0.271745 0.946759 0.009115 0.029630
0 0.281641 0.944444 0.009115 0.026852
2 0.306771 0.968287 0.022917 0.017130
0 0.276823 0.833565 0.010417 0.035648
0 0.286849 0.834722 0.008073 0.037963
0 0.299219 0.530556 0.020313 0.019444
0 0.300000 0.511806 0.021875 0.015278
0 0.299740 0.489583 0.019792 0.017130
0 0.300000 0.465741 0.020313 0.017593
0 0.299219 0.445833 0.020313 0.013889
0 0.298698 0.423611 0.016667 0.016667
0 0.300000 0.403935 0.021875 0.015278
0 0.299349 0.383565 0.019010 0.015278
0 0.299349 0.359259 0.020052 0.015741
1 0.297656 0.270833 0.053125 0.022222
0 0.383203 0.031944 0.008594 0.036111
0 0.382422 0.082870 0.010156 0.039815
0 0.381510 0.162963 0.008333 0.039815
0 0.382292 0.259722 0.008854 0.038889
0 0.378385 0.301389 0.020833 0.016667
0 0.380469 0.318056 0.015625 0.019444
1 0.391797 0.343287 0.050781 0.019907
1 0.391276 0.369907 0.051823 0.017593
1 0.391667 0.418750 0.052604 0.020833
1 0.391536 0.445602 0.051302 0.018981
1 0.392708 0.495139 0.052083 0.018056
1 0.391797 0.518750 0.052344 0.018056
0 0.390104 0.591667 0.022917 0.016667
1 0.392578 0.665741 0.052344 0.024074
1 0.392578 0.690278 0.052344 0.021296
1 0.391927 0.716898 0.052604 0.019907
1 0.388411 0.740972 0.051823 0.020833
1 0.389453 0.767361 0.052344 0.020833
1 0.388932 0.813426 0.050781 0.023148
1 0.387891 0.840046 0.050781 0.018981
0 0.391536 0.931713 0.015365 0.013426
0 0.371224 0.958333 0.017969 0.019444
0 0.372005 0.979630 0.018490 0.015741
1 0.580078 0.969213 0.050781 0.018981
1 0.580599 0.943519 0.051302 0.021296
1 0.581901 0.898148 0.053385 0.018519
1 0.582422 0.873611 0.050781 0.022222
1 0.578125 0.584722 0.053125 0.022222
1 0.581771 0.560417 0.052604 0.020833
1 0.582812 0.511806 0.051562 0.020833
1 0.581641 0.487731 0.050781 0.019907
1 0.582422 0.440972 0.050781 0.020833
1 0.581901 0.392593 0.051302 0.018519
1 0.581641 0.297685 0.051302 0.022222
1 0.581771 0.271065 0.051042 0.022685
1 0.582812 0.247917 0.051562 0.018056
1 0.582682 0.224537 0.051302 0.021296
2 0.573828 0.201157 0.022135 0.017130
0 0.571354 0.179398 0.019271 0.012500
1 0.582682 0.152315 0.050260 0.022222
1 0.582812 0.127315 0.051562 0.024074
1 0.582682 0.103472 0.050260 0.019907
1 0.583203 0.077083 0.050781 0.020833
1 0.583594 0.054861 0.051562 0.020833
1 0.582031 0.031944 0.053125 0.022222
0 0.568750 0.009722 0.018750 0.016667
2 0.482292 0.069444 0.008854 0.038889
0 0.482292 0.140278 0.009896 0.036111
1 0.449740 0.159259 0.050521 0.020370
1 0.444271 0.134954 0.052083 0.019907
1 0.442969 0.109722 0.050000 0.022222
1 0.439844 0.085417 0.048438 0.018056
0 0.451172 0.065972 0.021094 0.015278
1 0.441927 0.038194 0.052083 0.023611
1 0.441406 0.011111 0.050000 0.019444
1 0.387240 0.911111 0.053646 0.022222
0 0.135807 0.990741 0.008594 0.018519
0 0.309635 0.993750 0.021875 0.012500
0 0.474870 0.199769 0.020052 0.028241
1 0.482292 0.277778 0.038542 0.053704
1 0.480859 0.346065 0.035677 0.050463
1 0.480729 0.415278 0.036458 0.051852
1 0.480339 0.482870 0.035677 0.051852
1 0.481771 0.549074 0.036979 0.055556
1 0.480859 0.717130 0.036198 0.053704
1 0.480599 0.752546 0.035156 0.049537
1 0.479427 0.785880 0.033854 0.050463
1 0.478906 0.819213 0.034375 0.049537
1 0.479557 0.851620 0.034115 0.052315
1 0.480078 0.886343 0.035156 0.053241
1 0.582422 0.990509 0.050781 0.018981
0 0.381771 0.216204 0.009375 0.030556
