0 0.073958 0.129398 0.010417 0.036574
0 0.073047 0.180556 0.010156 0.038889
0 0.076823 0.377778 0.006771 0.030556
0 0.080339 0.562500 0.009635 0.033333
2 0.081120 0.622917 0.012760 0.043056
0 0.092839 0.670833 0.010677 0.036111
0 0.083984 0.726389 0.010156 0.038889
0 0.087109 0.767361 0.008594 0.037500
0 0.097656 0.770139 0.007812 0.040278
0 0.096484 0.817361 0.008594 0.037500
0 0.087109 0.859028 0.010156 0.043056
0 0.098047 0.888889 0.010156 0.041667
0 0.097786 0.929630 0.009635 0.039815
0 0.120313 0.916667 0.010937 0.038889
0 0.133984 0.931250 0.010156 0.040278
0 0.117188 0.806944 0.007812 0.036111
1 0.108854 0.633565 0.018229 0.084722
0 0.108594 0.522917 0.010937 0.034722
0 0.105208 0.419907 0.008854 0.037037
0 0.151823 0.580324 0.008333 0.038426
0 0.162630 0.934722 0.009635 0.025926
0 0.144922 0.162500 0.010156 0.036111
0 0.132812 0.029398 0.009375 0.038426
0 0.213802 0.300926 0.020313 0.020370
0 0.214844 0.350463 0.023438 0.021296
0 0.214583 0.374306 0.021354 0.016204
0 0.244922 0.278241 0.021615 0.013889
0 0.246484 0.300000 0.017969 0.019444
0 0.290234 0.286806 0.010156 0.037500
0 0.300000 0.285417 0.007812 0.040278
0 0.284766 0.400000 0.008594 0.030556
0 0.293750 0.399306 0.007812 0.029167
0 0.286328 0.427778 0.021094 0.022222
1 0.319271 0.420370 0.022917 0.016667
0 0.322917 0.450000 0.020313 0.016667
0 0.286719 0.472222 0.021875 0.019444
0 0.286849 0.521528 0.020052 0.020833
0 0.284766 0.545833 0.019531 0.016667
0 0.287891 0.568056 0.019531 0.016667
0 0.286328 0.594444 0.020573 0.016667
0 0.285547 0.618750 0.022656 0.020833
0 0.286198 0.643056 0.020833 0.018519
0 0.286068 0.668519 0.019010 0.016667
0 0.303125 0.652778 0.009375 0.036111
0 0.322786 0.643750 0.020052 0.018056
0 0.322917 0.618056 0.020833 0.016667
0 0.323828 0.594907 0.021615 0.017593
0 0.321354 0.569676 0.021354 0.017130
0 0.320703 0.545833 0.021094 0.013889
0 0.321615 0.524537 0.022396 0.015741
0 0.323568 0.498843 0.022135 0.017130
0 0.291406 0.723611 0.009375 0.036111
0 0.303776 0.730324 0.009115 0.041204
0 0.315625 0.728472 0.009375 0.037500
0 0.326562 0.732639 0.009375 0.040278
0 0.232682 0.915046 0.010677 0.038426
0 0.250130 0.858796 0.009115 0.039815
0 0.261068 0.852546 0.009115 0.036574
0 0.280208 0.854630 0.008333 0.037963
0 0.292187 0.852778 0.009375 0.038889
0 0.308203 0.851389 0.011719 0.038889
0 0.321094 0.852778 0.010937 0.036111
0 0.374219 0.467824 0.015625 0.017130
0 0.374219 0.484028 0.017188 0.015278
0 0.375781 0.501852 0.017188 0.017593
0 0.383203 0.409954 0.019531 0.018981
0 0.385547 0.431944 0.019531 0.016667
0 0.404427 0.383565 0.017708 0.014352
1 0.400781 0.359491 0.054688 0.018981
1 0.400391 0.285185 0.053385 0.023148
1 0.401693 0.259722 0.050260 0.019444
1 0.400911 0.212269 0.050260 0.022685
1 0.401562 0.186806 0.051562 0.020833
1 0.405599 0.161574 0.050781 0.020370
1 0.404297 0.138194 0.052344 0.023611
1 0.405078 0.113657 0.050260 0.020833
0 0.403125 0.040278 0.023438 0.019444
1 0.595052 0.980324 0.049479 0.020833
1 0.594531 0.958333 0.050000 0.022222
1 0.594792 0.934028 0.048438 0.018981
1 0.595443 0.910880 0.049219 0.021759
1 0.594531 0.888194 0.051562 0.020833
1 0.593750 0.861806 0.051562 0.026389
1 0.595182 0.812963 0.051823 0.023148
1 0.594792 0.789815 0.052604 0.023148
1 0.594271 0.743519 0.049479 0.020370
1 0.594531 0.716898 0.050000 0.024537
1 0.594792 0.671991 0.051042 0.021759
1 0.592448 0.649074 0.052604 0.020370
1 0.594922 0.574306 0.050781 0.020833
1 0.594401 0.551620 0.050260 0.021759
1 0.594792 0.503704 0.053125 0.022222
1 0.594922 0.479167 0.052344 0.019444
1 0.596484 0.455324 0.052344 0.021759
1 0.592969 0.430556 0.053125 0.022222
1 0.593490 0.406713 0.053646 0.021759
1 0.593359 0.359954 0.053906 0.025463
1 0.594401 0.334722 0.053385 0.022222
1 0.589453 0.046528 0.052344 0.023611
1 0.596094 0.020139 0.050000 0.020833
2 0.375521 0.781250 0.016667 0.020833
2 0.375651 0.763889 0.017969 0.012963
2 0.374349 0.742824 0.020052 0.016204
0 0.375260 0.721991 0.017188 0.015278
0 0.375130 0.700463 0.017969 0.015741
2 0.375651 0.684722 0.017969 0.015741
0 0.375000 0.666435 0.017708 0.016204
0 0.375911 0.646991 0.016927 0.015278
0 0.377083 0.607870 0.015104 0.013889
0 0.376432 0.591667 0.014323 0.013889
0 0.375521 0.572685 0.018229 0.014815
0 0.375651 0.553241 0.017969 0.015741
1 0.509375 0.013657 0.022917 0.025463
1 0.493359 0.180093 0.035677 0.051852
1 0.492578 0.212269 0.035156 0.047685
1 0.492578 0.248380 0.034635 0.048611
1 0.491927 0.281019 0.034896 0.050926
1 0.492318 0.312500 0.035156 0.047222
1 0.492578 0.350231 0.033594 0.047685
1 0.492839 0.649537 0.034635 0.051852
1 0.492708 0.719213 0.035937 0.053241
1 0.492839 0.784722 0.036198 0.052778
1 0.492448 0.915509 0.034896 0.051389
