0 0.086589 0.129398 0.011198 0.033796
2 0.086849 0.190278 0.011719 0.041667
0 0.099870 0.239583 0.010156 0.038426
0 0.090755 0.295139 0.011198 0.037500
0 0.093750 0.336806 0.009375 0.037500
0 0.103906 0.341667 0.007812 0.038889
0 0.120313 0.325000 0.009375 0.041667
0 0.102734 0.388194 0.010156 0.040278
0 0.094531 0.426389 0.010937 0.036111
0 0.104688 0.460417 0.009375 0.037500
0 0.103776 0.500926 0.011198 0.040741
0 0.124609 0.469444 0.011719 0.038889
2 0.099870 0.550926 0.009115 0.039815
0 0.102474 0.600463 0.011198 0.039815
0 0.105078 0.646528 0.011719 0.040278
2 0.105208 0.697222 0.010417 0.041667
0 0.109505 0.764352 0.009115 0.037037
0 0.109766 0.809491 0.011719 0.039352
0 0.114583 0.849074 0.008333 0.039815
0 0.115625 0.890972 0.009375 0.037500
0 0.135937 0.763889 0.009375 0.033333
0 0.140625 0.902083 0.009375 0.037500
0 0.208594 0.888194 0.010937 0.043056
0 0.219141 0.861806 0.011719 0.043056
1 0.124740 0.619213 0.017708 0.082870
0 0.171094 0.521759 0.010937 0.035185
0 0.165234 0.388889 0.008594 0.036111
0 0.156641 0.190278 0.010156 0.036111
0 0.217578 0.422917 0.010156 0.029167
0 0.240365 0.478472 0.009896 0.037500
0 0.257812 0.417361 0.009375 0.037500
0 0.268750 0.411111 0.009375 0.036111
0 0.287500 0.414352 0.010937 0.037963
0 0.299219 0.412500 0.010937 0.041667
0 0.316146 0.411574 0.011458 0.037963
0 0.328125 0.411806 0.010937 0.036574
0 0.298828 0.283333 0.010156 0.038889
0 0.311198 0.287037 0.009896 0.037037
0 0.323568 0.284259 0.009115 0.037963
0 0.334766 0.289583 0.007552 0.036574
0 0.293880 0.223380 0.020052 0.016204
0 0.293099 0.199769 0.021615 0.017130
0 0.310547 0.207639 0.010156 0.034722
0 0.329297 0.199306 0.022656 0.018056
0 0.330208 0.172685 0.020833 0.016667
0 0.293359 0.176389 0.023698 0.018519
0 0.293359 0.149306 0.022656 0.020833
0 0.330469 0.149306 0.023438 0.020833
0 0.330469 0.125694 0.020313 0.018056
0 0.295312 0.125231 0.021354 0.014352
0 0.292578 0.101389 0.021094 0.016667
0 0.294661 0.076852 0.022656 0.015741
0 0.294271 0.028241 0.022917 0.020370
0 0.330729 0.052083 0.023958 0.017130
0 0.328516 0.079861 0.021094 0.020833
0 0.327344 0.102083 0.020313 0.015278
1 0.600391 0.883333 0.052344 0.025000
1 0.602995 0.809491 0.051823 0.021759
1 0.601953 0.785185 0.051823 0.022222
1 0.602344 0.762500 0.053125 0.022222
1 0.602604 0.736343 0.052083 0.019907
1 0.602344 0.714583 0.050000 0.020833
1 0.602865 0.595833 0.051562 0.023148
1 0.602734 0.568056 0.053906 0.025000
1 0.603125 0.545139 0.053125 0.020833
1 0.603125 0.520833 0.051562 0.019444
1 0.602344 0.497917 0.053125 0.023611
1 0.602604 0.474306 0.053125 0.019907
1 0.602604 0.450694 0.052604 0.022685
1 0.602344 0.426389 0.053125 0.022222
1 0.603125 0.377083 0.053125 0.020833
1 0.603516 0.352778 0.050781 0.022222
1 0.602734 0.306250 0.050781 0.023611
1 0.603516 0.280556 0.052344 0.022222
1 0.602214 0.234491 0.051823 0.021759
1 0.601432 0.210648 0.051823 0.020370
1 0.603516 0.137500 0.052344 0.022222
1 0.602995 0.115972 0.051302 0.021759
1 0.603385 0.067361 0.052083 0.025463
1 0.603125 0.038889 0.051562 0.022222
1 0.604297 0.018056 0.052344 0.025000
0 0.585547 0.906250 0.022656 0.018056
2 0.106901 0.871065 0.009115 0.038426
0 0.114193 0.929398 0.008594 0.038426
0 0.114453 0.970833 0.008594 0.036111
0 0.210547 0.934491 0.009635 0.036574
0 0.212109 0.980093 0.010156 0.031481
0 0.228646 0.982176 0.007292 0.031019
0 0.228125 0.950231 0.007812 0.027315
0 0.225781 0.903009 0.009896 0.031944
2 0.383464 0.317130 0.017448 0.012037
2 0.382943 0.297685 0.019531 0.013889
2 0.383854 0.240509 0.017708 0.013426
0 0.383203 0.276852 0.018490 0.014815
0 0.383464 0.256944 0.019531 0.014815
0 0.384375 0.221528 0.018229 0.014352
0 0.383984 0.201852 0.018490 0.014815
0 0.384245 0.181250 0.016406 0.014352
0 0.385026 0.163194 0.015365 0.014352
0 0.384766 0.144213 0.015365 0.015278
0 0.383333 0.127083 0.017708 0.015278
0 0.383724 0.106250 0.017969 0.015278
0 0.384245 0.056713 0.017448 0.012500
0 0.383594 0.038657 0.018229 0.014352
0 0.383854 0.021528 0.017188 0.013426
0 0.330339 0.005787 0.021094 0.010648
1 0.501042 0.216667 0.035417 0.050000
1 0.501042 0.285648 0.035937 0.053704
1 0.501823 0.350000 0.034375 0.050926
1 0.501042 0.484954 0.034896 0.051389
1 0.501563 0.588194 0.035937 0.051389
1 0.501563 0.619676 0.034896 0.051389
1 0.602865 0.666435 0.052083 0.024537
1 0.602734 0.691435 0.051302 0.020833
1 0.501302 0.887500 0.036458 0.052778
1 0.502214 0.920602 0.035677 0.056019
