0 0.118620 0.124769 0.011198 0.037500
0 0.100781 0.101157 0.010937 0.036574
0 0.092318 0.158102 0.010677 0.041204
0 0.094010 0.201620 0.010417 0.037500
0 0.105078 0.205324 0.010156 0.038426
0 0.103516 0.249537 0.010156 0.037963
0 0.095052 0.290046 0.011979 0.031944
0 0.105859 0.323611 0.011719 0.038889
0 0.105208 0.365972 0.009896 0.037500
2 0.100521 0.416204 0.011458 0.042593
0 0.101953 0.463889 0.011719 0.038889
0 0.106120 0.511343 0.011198 0.042130
2 0.105990 0.562963 0.010417 0.043519
0 0.133464 0.545139 0.010677 0.038426
0 0.111068 0.627546 0.010677 0.038426
0 0.100391 0.690046 0.011719 0.041204
0 0.111198 0.673843 0.011458 0.036574
0 0.115234 0.715972 0.010156 0.040278
2 0.107031 0.735417 0.009375 0.040278
0 0.116406 0.755556 0.010937 0.041667
0 0.114844 0.794676 0.009375 0.037500
0 0.114193 0.837731 0.008073 0.039352
0 0.117057 0.885880 0.009635 0.041204
1 0.133594 0.862500 0.015625 0.080556
0 0.139974 0.710417 0.010677 0.040278
0 0.171354 0.758333 0.008854 0.038889
0 0.163932 0.551157 0.009635 0.041204
0 0.173698 0.479630 0.010417 0.035185
1 0.187630 0.565509 0.015365 0.081944
0 0.209375 0.754861 0.009375 0.043056
0 0.220703 0.728472 0.013281 0.040278
0 0.215625 0.914583 0.012500 0.037500
0 0.231641 0.893056 0.010156 0.038889
0 0.241536 0.340741 0.009115 0.037037
0 0.244401 0.239815 0.014323 0.019444
0 0.259115 0.276389 0.009896 0.036111
0 0.270313 0.274306 0.009375 0.037500
0 0.289583 0.273611 0.008854 0.037963
0 0.300000 0.271528 0.010937 0.043056
0 0.316927 0.271296 0.010937 0.037963
0 0.330208 0.272222 0.010417 0.033333
0 0.300130 0.142361 0.010677 0.036574
0 0.313542 0.145602 0.010417 0.035648
0 0.325781 0.142824 0.010417 0.038426
0 0.336328 0.147222 0.008594 0.041667
0 0.294792 0.082639 0.018229 0.015278
0 0.295052 0.056713 0.019271 0.016204
0 0.313151 0.067361 0.008073 0.037500
0 0.296224 0.031944 0.023177 0.019444
0 0.331771 0.031481 0.020833 0.016667
0 0.332161 0.057407 0.020573 0.018519
0 0.511719 0.873611 0.021875 0.033333
0 0.526172 0.917361 0.021094 0.029167
0 0.586979 0.772917 0.021354 0.018056
1 0.602344 0.750000 0.053125 0.025000
1 0.605990 0.674769 0.053646 0.021759
1 0.604297 0.651389 0.052344 0.022222
1 0.605078 0.627083 0.052344 0.020833
1 0.605599 0.602778 0.052865 0.022222
1 0.605469 0.577315 0.051562 0.018519
1 0.605469 0.553704 0.053125 0.026852
1 0.605469 0.530093 0.053125 0.021296
1 0.605469 0.459028 0.051562 0.020833
1 0.605859 0.433333 0.053906 0.022222
1 0.606380 0.409491 0.052865 0.021759
1 0.605339 0.385185 0.053385 0.021296
1 0.605078 0.361806 0.053906 0.023611
1 0.605078 0.336111 0.053906 0.019444
1 0.605078 0.313194 0.052344 0.020833
1 0.605859 0.289815 0.052344 0.020370
1 0.605599 0.240972 0.053385 0.023611
1 0.606641 0.215972 0.052344 0.018056
1 0.605339 0.167824 0.051823 0.024537
1 0.606250 0.143056 0.051562 0.019444
1 0.605208 0.097454 0.052083 0.020833
1 0.604818 0.071296 0.052344 0.020370
1 0.089844 0.053704 0.014583 0.045370
0 0.118620 0.007176 0.009635 0.013426
0 0.089063 0.006019 0.010417 0.011111
0 0.116927 0.955093 0.009896 0.037963
0 0.148307 0.959722 0.009635 0.036111
0 0.119271 0.989815 0.009375 0.020370
0 0.218359 0.966667 0.009115 0.037963
0 0.234635 0.976852 0.010937 0.037037
0 0.233464 0.934491 0.009635 0.036574
0 0.213281 0.850000 0.010937 0.037963
0 0.230599 0.851852 0.010156 0.038889
0 0.211719 0.798611 0.008854 0.037037
0 0.229167 0.816435 0.008854 0.028241
0 0.226953 0.767130 0.009635 0.031481
2 0.384896 0.156250 0.019792 0.016204
0 0.385156 0.135185 0.019792 0.016667
0 0.385286 0.114815 0.019531 0.015741
2 0.385677 0.097917 0.018229 0.017130
0 0.385677 0.079167 0.019271 0.016667
0 0.386589 0.059954 0.017969 0.016204
0 0.387109 0.040046 0.017448 0.014352
0 0.387630 0.021759 0.014844 0.012963
0 0.387240 0.005324 0.016667 0.009722
0 0.333203 0.009028 0.025260 0.017130
0 0.296354 0.007407 0.022396 0.013889
2 0.385807 0.174537 0.018490 0.015741
1 0.503255 0.077778 0.035677 0.051852
1 0.503646 0.144676 0.034896 0.051389
1 0.503516 0.212037 0.035677 0.051852
1 0.606250 0.006713 0.053125 0.012500
1 0.504167 0.347454 0.033854 0.050463
1 0.503516 0.452083 0.036198 0.049537
1 0.503776 0.484491 0.035677 0.050463
1 0.503516 0.753009 0.035156 0.055093
1 0.503385 0.787963 0.035417 0.056481
0 0.623047 0.933102 0.009635 0.038426
0 0.635026 0.932870 0.009635 0.032407
