0 0.093359 0.060185 0.008594 0.039815
0 0.103255 0.064583 0.009115 0.040278
0 0.102214 0.111343 0.010156 0.038426
0 0.124609 0.106250 0.010156 0.043056
0 0.152734 0.094676 0.009115 0.039352
0 0.165885 0.231019 0.010417 0.039815
1 0.180990 0.176157 0.016146 0.084722
0 0.210547 0.615278 0.011719 0.036111
0 0.216016 0.778472 0.010156 0.043056
0 0.219141 0.828472 0.010156 0.040278
0 0.232031 0.754167 0.010937 0.038889
0 0.233984 0.796528 0.013281 0.037500
0 0.235156 0.838889 0.010937 0.041667
0 0.236328 0.881250 0.010156 0.040278
0 0.239063 0.921528 0.009375 0.037500
0 0.190234 0.855556 0.010156 0.038889
0 0.208724 0.893519 0.010677 0.039815
2 0.193359 0.741667 0.007031 0.030556
0 0.170964 0.663426 0.009635 0.035185
0 0.150391 0.865509 0.010156 0.039352
0 0.141797 0.704167 0.010156 0.036111
0 0.121875 0.901389 0.010937 0.036111
0 0.119661 0.860417 0.010677 0.037500
0 0.117839 0.816667 0.011198 0.038889
0 0.116667 0.746991 0.010417 0.041204
0 0.115234 0.700694 0.010156 0.040278
0 0.114844 0.656944 0.010937 0.038889
0 0.117578 0.617361 0.010156 0.034722
0 0.115885 0.578704 0.009896 0.039815
0 0.109766 0.534954 0.010156 0.036574
0 0.110547 0.490972 0.011198 0.038426
2 0.105469 0.425000 0.010937 0.041667
0 0.105859 0.372917 0.011719 0.040278
0 0.101172 0.325000 0.010156 0.038889
2 0.100391 0.276389 0.010156 0.041667
0 0.104427 0.226157 0.008333 0.038426
0 0.124609 0.232870 0.008594 0.039815
0 0.104688 0.184028 0.009375 0.040278
0 0.513151 0.737963 0.020052 0.026852
0 0.527474 0.778935 0.020573 0.027315
0 0.625391 0.794444 0.011719 0.033333
0 0.636458 0.795139 0.009896 0.038426
0 0.588932 0.634954 0.020573 0.019907
1 0.604036 0.610648 0.051302 0.021296
1 0.606250 0.513194 0.051562 0.023611
1 0.606120 0.535417 0.050781 0.018056
1 0.606901 0.486111 0.053385 0.022222
1 0.606250 0.462731 0.053125 0.021759
1 0.606120 0.437963 0.052865 0.020370
1 0.605859 0.414583 0.052344 0.020833
1 0.606771 0.389120 0.051562 0.024537
1 0.605859 0.319444 0.051302 0.026852
1 0.606641 0.292361 0.052344 0.023611
1 0.607812 0.268056 0.053125 0.022222
1 0.607031 0.243750 0.053125 0.023611
1 0.606120 0.221065 0.052344 0.023611
1 0.606641 0.196528 0.053906 0.023611
1 0.606641 0.172222 0.052344 0.025000
1 0.606641 0.146991 0.050781 0.023611
1 0.606641 0.099306 0.052344 0.023611
1 0.606901 0.076852 0.051823 0.024074
1 0.607031 0.027083 0.051562 0.023611
0 0.241406 0.198380 0.010417 0.037500
0 0.248177 0.096296 0.014583 0.015741
0 0.258594 0.133333 0.009375 0.033333
0 0.269922 0.130324 0.010156 0.036574
0 0.289453 0.129861 0.010156 0.037500
0 0.300781 0.127083 0.010937 0.043056
0 0.316797 0.125000 0.010156 0.041667
0 0.329688 0.130556 0.009375 0.038889
0 0.090755 0.018519 0.010677 0.036111
0 0.221615 0.588194 0.013542 0.038426
0 0.227214 0.628472 0.009115 0.030093
0 0.229557 0.675463 0.007552 0.032407
0 0.212109 0.660417 0.009115 0.037500
0 0.213151 0.711343 0.010156 0.037500
0 0.230469 0.713426 0.010417 0.037037
2 0.107813 0.599537 0.009375 0.037037
0 0.124479 0.945370 0.010417 0.037963
0 0.125521 0.986343 0.009375 0.027315
0 0.182031 0.946528 0.009896 0.037500
0 0.236719 0.966204 0.010417 0.038889
2 0.385417 0.029861 0.017708 0.016204
2 0.385026 0.010880 0.019531 0.016204
1 0.504427 0.073611 0.036979 0.055556
1 0.503906 0.207870 0.035937 0.056481
1 0.504557 0.309954 0.035677 0.049537
1 0.606510 0.007176 0.053125 0.013426
1 0.504167 0.345370 0.035937 0.050926
1 0.504297 0.615741 0.034635 0.053704
1 0.504557 0.650000 0.034635 0.055556
0 0.398828 0.919907 0.020573 0.014815
0 0.445703 0.924537 0.020573 0.014815
0 0.399349 0.956481 0.020573 0.014815
0 0.512630 0.962500 0.022135 0.017593
0 0.513802 0.992824 0.021354 0.014352
