0 0.095182 0.040972 0.009635 0.037500
0 0.105469 0.045139 0.008854 0.040278
0 0.103516 0.090972 0.010156 0.043056
0 0.121745 0.102315 0.011198 0.040741
0 0.105859 0.163426 0.010677 0.040741
0 0.131250 0.255556 0.010937 0.038889
0 0.131120 0.374306 0.009635 0.040278
0 0.105859 0.206250 0.011719 0.040278
2 0.101562 0.256481 0.010937 0.038889
0 0.102344 0.307639 0.010937 0.037500
0 0.106250 0.352778 0.012500 0.041667
2 0.105599 0.404630 0.010677 0.040741
0 0.111328 0.471296 0.010156 0.035185
0 0.110807 0.515741 0.011198 0.039815
0 0.116016 0.558102 0.010677 0.038426
0 0.117839 0.598148 0.010677 0.037963
0 0.114974 0.638657 0.009115 0.038426
0 0.115495 0.681713 0.009635 0.040278
0 0.117188 0.729167 0.009375 0.038889
0 0.118359 0.798611 0.008594 0.038889
0 0.120313 0.840972 0.009375 0.037500
0 0.121875 0.882639 0.010937 0.037500
0 0.150130 0.889352 0.010677 0.037037
0 0.174089 0.711574 0.010677 0.037963
0 0.202734 0.765972 0.010156 0.037500
0 0.216797 0.760417 0.010156 0.040278
0 0.220052 0.809954 0.009375 0.037500
0 0.233724 0.735880 0.010156 0.039352
0 0.234375 0.776389 0.009375 0.041667
0 0.234896 0.819907 0.011458 0.039815
0 0.238151 0.861343 0.009635 0.037500
0 0.240104 0.906019 0.009896 0.037037
0 0.210938 0.596528 0.009375 0.037500
0 0.222526 0.570602 0.012240 0.037500
2 0.193620 0.572454 0.007552 0.029167
0 0.182812 0.631944 0.010937 0.041667
0 0.165365 0.415741 0.008333 0.035185
0 0.243099 0.180324 0.010677 0.038426
0 0.260937 0.077083 0.015625 0.015278
0 0.260547 0.117361 0.010156 0.034722
0 0.271875 0.110417 0.009375 0.034722
0 0.290625 0.110185 0.010937 0.037963
0 0.302344 0.107639 0.010937 0.040278
0 0.317969 0.106713 0.009375 0.039352
0 0.332161 0.107176 0.007552 0.031019
0 0.513802 0.721065 0.020313 0.025463
0 0.528385 0.763426 0.020313 0.026852
0 0.625781 0.778472 0.009375 0.037500
0 0.637240 0.780093 0.010417 0.035185
0 0.589844 0.616435 0.021875 0.018981
1 0.605469 0.592361 0.053125 0.020833
1 0.608203 0.516898 0.053906 0.022685
1 0.607422 0.492824 0.052344 0.021759
1 0.607682 0.469213 0.052865 0.020833
1 0.607031 0.444444 0.051562 0.022222
1 0.607161 0.420602 0.052344 0.020833
1 0.608073 0.396296 0.051562 0.023148
1 0.607682 0.373148 0.051823 0.021296
1 0.607682 0.300463 0.054948 0.023148
1 0.608724 0.274769 0.052865 0.021759
1 0.607682 0.250926 0.052865 0.024074
1 0.608464 0.226157 0.051823 0.021759
1 0.608594 0.201389 0.053125 0.022222
1 0.608594 0.177546 0.053125 0.021759
1 0.608594 0.152778 0.051562 0.022222
1 0.607943 0.128472 0.051823 0.023611
1 0.607943 0.081019 0.053385 0.025926
1 0.607812 0.054861 0.051562 0.023611
0 0.092188 0.008796 0.012500 0.016667
1 0.178385 0.016435 0.014583 0.031944
2 0.107682 0.579398 0.009635 0.039352
0 0.101953 0.533333 0.010677 0.037037
0 0.125130 0.927546 0.011719 0.036574
0 0.126172 0.971528 0.010677 0.036574
0 0.236849 0.949769 0.009115 0.039352
0 0.231510 0.694444 0.009375 0.037037
0 0.214714 0.691204 0.009115 0.036111
0 0.213021 0.641898 0.010417 0.038426
0 0.230339 0.658565 0.008073 0.029167
0 0.227865 0.612500 0.009375 0.036111
2 0.387760 0.012269 0.017708 0.014352
1 0.505990 0.052083 0.036458 0.055093
1 0.608073 0.010185 0.053125 0.019444
1 0.505859 0.291667 0.034635 0.048148
1 0.505599 0.189352 0.034115 0.054630
1 0.505859 0.326620 0.034635 0.047685
1 0.505990 0.596759 0.034375 0.050926
1 0.505859 0.630324 0.034635 0.053241
0 0.513932 0.979398 0.022135 0.016204
0 0.399089 0.901620 0.022135 0.016204
0 0.399089 0.939120 0.022135 0.016204
0 0.444401 0.909028 0.022135 0.016204
0 0.514323 0.944676 0.025000 0.018981
