1 0.159505 0.110185 0.017969 0.087963
0 0.175000 0.113889 0.009375 0.038889
0 0.205729 0.044676 0.008333 0.030093
0 0.178516 0.020833 0.008594 0.038889
0 0.169792 0.194213 0.008333 0.039352
0 0.165885 0.314352 0.010417 0.034259
0 0.160026 0.446296 0.011198 0.037037
0 0.156250 0.566667 0.009375 0.036111
0 0.148177 0.772222 0.009896 0.036111
0 0.133854 0.795139 0.010417 0.037500
0 0.274870 0.164120 0.009115 0.039352
0 0.376172 0.043056 0.022656 0.033333
0 0.518750 0.504861 0.009375 0.040278
0 0.506901 0.539583 0.008073 0.040278
0 0.507552 0.578472 0.007812 0.034722
0 0.522786 0.559491 0.009115 0.041204
0 0.504818 0.742130 0.021094 0.016667
0 0.506901 0.763194 0.022135 0.015278
0 0.482682 0.764815 0.022135 0.015741
0 0.404687 0.665509 0.009375 0.033796
0 0.506641 0.836111 0.016406 0.013889
0 0.597656 0.849306 0.020313 0.018056
0 0.603906 0.824769 0.019792 0.018056
0 0.597266 0.803241 0.020573 0.015741
0 0.602995 0.778009 0.022656 0.015278
0 0.608073 0.754630 0.020313 0.014815
1 0.498698 0.862269 0.052604 0.024537
1 0.497135 0.813657 0.052083 0.024537
1 0.495312 0.716435 0.052604 0.022685
1 0.603385 0.707870 0.046875 0.021296
1 0.604688 0.684722 0.051562 0.022222
1 0.604427 0.660185 0.051042 0.021296
1 0.603776 0.634259 0.049740 0.024074
1 0.603125 0.611806 0.051562 0.020833
1 0.602604 0.585880 0.050521 0.021759
1 0.599349 0.560880 0.047135 0.021759
0 0.603516 0.484259 0.017969 0.014815
2 0.589193 0.462269 0.021615 0.014352
0 0.587109 0.432407 0.022656 0.015741
2 0.589714 0.410648 0.021615 0.013889
0 0.588281 0.389352 0.018750 0.017593
2 0.588802 0.370139 0.019271 0.020833
0 0.848307 0.284722 0.020573 0.022222
0 0.296745 0.028241 0.021615 0.021296
0 0.092578 0.546296 0.022656 0.018519
1 0.499870 0.935185 0.052344 0.025926
0 0.410938 0.618287 0.006771 0.034722
1 0.398438 0.461111 0.013021 0.091667
1 0.435417 0.306944 0.019792 0.086111
0 0.954948 0.137500 0.009896 0.036111
2 0.943359 0.131713 0.012760 0.038426
