0 0.129688 0.064815 0.009375 0.037037
0 0.141406 0.132639 0.009375 0.040278
0 0.060156 0.563194 0.010937 0.034722
0 0.060026 0.725000 0.008073 0.036111
0 0.059896 0.778009 0.009896 0.036574
0 0.082682 0.893056 0.009635 0.038889
1 0.210156 0.448843 0.055208 0.023611
1 0.212630 0.496759 0.054427 0.020370
1 0.211328 0.546296 0.053906 0.023148
0 0.200260 0.912037 0.021354 0.016667
0 0.229948 0.887731 0.020833 0.018056
0 0.231510 0.910417 0.019271 0.018056
0 0.274479 0.897685 0.007812 0.037037
0 0.284375 0.897222 0.009375 0.038889
0 0.295964 0.595833 0.021094 0.016667
0 0.296745 0.576852 0.020052 0.014815
0 0.297266 0.554167 0.022656 0.016667
0 0.296875 0.530556 0.020313 0.019444
0 0.295833 0.508333 0.018750 0.016667
0 0.295312 0.488657 0.015625 0.014352
0 0.296745 0.468750 0.021094 0.015278
0 0.296745 0.447917 0.020573 0.015278
0 0.296094 0.425463 0.018229 0.016667
1 0.294401 0.336806 0.053385 0.023611
0 0.379167 0.054630 0.007292 0.037963
0 0.378125 0.147222 0.009375 0.041667
0 0.378125 0.096759 0.009375 0.037037
0 0.377344 0.325463 0.007812 0.040741
0 0.373698 0.364120 0.020833 0.014352
0 0.377604 0.381944 0.016146 0.014815
1 0.388021 0.409722 0.051562 0.019444
1 0.387370 0.435648 0.051823 0.022222
1 0.387630 0.484722 0.052344 0.022222
1 0.388021 0.509954 0.052083 0.020833
1 0.388802 0.557639 0.051562 0.021759
1 0.387240 0.582870 0.050521 0.021296
0 0.386849 0.655324 0.022656 0.018981
1 0.389193 0.730556 0.051302 0.020370
1 0.388932 0.757639 0.052344 0.023611
1 0.388151 0.781481 0.051823 0.023148
1 0.385807 0.804630 0.052865 0.023148
1 0.385026 0.830556 0.051302 0.025000
1 0.385156 0.877778 0.051562 0.030556
1 0.385417 0.904630 0.050521 0.019444
1 0.512109 0.597917 0.016406 0.093056
1 0.571745 0.647454 0.051302 0.019907
1 0.578385 0.621991 0.052604 0.022685
1 0.577344 0.576389 0.053125 0.022222
1 0.577734 0.550694 0.050781 0.023611
1 0.577734 0.500694 0.052344 0.023611
1 0.576172 0.454167 0.050781 0.019444
1 0.576953 0.358796 0.048698 0.021296
1 0.577083 0.333796 0.049479 0.020370
1 0.576823 0.309954 0.050000 0.018056
1 0.577604 0.284722 0.049479 0.019444
2 0.568750 0.261806 0.023438 0.015278
0 0.565625 0.240972 0.023438 0.018056
1 0.576823 0.214120 0.050521 0.022685
1 0.576953 0.189120 0.051302 0.022685
1 0.576562 0.164815 0.051562 0.021296
1 0.576562 0.140972 0.051562 0.023611
1 0.576562 0.116667 0.051562 0.022222
1 0.575781 0.093981 0.054167 0.024074
0 0.562891 0.072917 0.019531 0.016204
0 0.572917 0.046991 0.022396 0.014352
0 0.430859 0.032639 0.020573 0.015278
1 0.435156 0.052778 0.053125 0.019444
1 0.436979 0.075694 0.052083 0.018056
1 0.437240 0.101620 0.051042 0.022685
0 0.446094 0.127778 0.020313 0.015741
2 0.477083 0.134259 0.008854 0.040741
0 0.477995 0.202546 0.010156 0.036574
1 0.437630 0.148380 0.049740 0.016204
1 0.438542 0.172917 0.052083 0.020833
1 0.439714 0.196991 0.052344 0.019907
1 0.444010 0.220833 0.050521 0.019444
0 0.401562 0.219444 0.010937 0.036111
0 0.063932 0.973380 0.008073 0.026389
0 0.201823 0.959259 0.022917 0.016667
0 0.199479 0.984028 0.020313 0.012500
1 0.383984 0.974769 0.054427 0.025463
0 0.388281 0.993519 0.015104 0.012963
0 0.378125 0.277778 0.009896 0.037037
0 0.376823 0.226389 0.008333 0.037963
1 0.424870 0.009954 0.048698 0.018981
0 0.470573 0.260417 0.021354 0.027315
1 0.476953 0.339583 0.037760 0.052315
1 0.475651 0.407870 0.035156 0.051852
1 0.476172 0.544907 0.034635 0.052778
1 0.477214 0.778241 0.035677 0.050926
1 0.476562 0.811806 0.034896 0.048611
1 0.476172 0.846528 0.034115 0.048611
1 0.476302 0.879398 0.033333 0.049537
1 0.476562 0.912500 0.033333 0.050926
1 0.476432 0.946759 0.033594 0.049074
1 0.577083 0.931481 0.051042 0.022222
1 0.577083 0.956713 0.052604 0.020833
1 0.578255 0.005556 0.052344 0.010185
