0 0.097656 0.865972 0.010937 0.034722
0 0.167969 0.884028 0.010937 0.037500
1 0.248307 0.763194 0.055990 0.023611
1 0.250391 0.810185 0.055469 0.022222
1 0.249219 0.859491 0.054688 0.024537
1 0.333724 0.651389 0.053385 0.024074
0 0.334505 0.737269 0.020052 0.016204
0 0.335938 0.760880 0.019792 0.018056
0 0.335417 0.781713 0.020833 0.015278
0 0.333594 0.802083 0.017188 0.015278
0 0.334115 0.821759 0.018229 0.016667
0 0.335286 0.843981 0.020052 0.014815
0 0.334766 0.868056 0.020052 0.015741
0 0.335547 0.889120 0.021094 0.018056
0 0.335417 0.910880 0.021354 0.016204
1 0.427474 0.899074 0.052344 0.022222
1 0.426693 0.871296 0.050781 0.025000
1 0.426823 0.823611 0.052083 0.022222
1 0.427474 0.798380 0.051302 0.024537
1 0.427995 0.748843 0.051302 0.021759
1 0.427344 0.721296 0.051562 0.025000
0 0.415234 0.697454 0.016406 0.015278
0 0.413281 0.676389 0.020313 0.016667
0 0.416667 0.639583 0.008333 0.040278
0 0.415625 0.536806 0.010937 0.037500
0 0.416536 0.456713 0.009115 0.038426
0 0.416406 0.406713 0.009896 0.036574
0 0.417318 0.361574 0.009635 0.037037
0 0.416927 0.307176 0.009896 0.036574
0 0.416406 0.256250 0.010937 0.040278
0 0.416276 0.207176 0.010677 0.033796
0 0.416536 0.163194 0.009115 0.037500
0 0.416406 0.117824 0.007812 0.027315
0 0.436849 0.518056 0.011198 0.037037
1 0.481901 0.527778 0.048177 0.016667
1 0.477995 0.503935 0.051823 0.018981
1 0.475391 0.477778 0.050781 0.022222
1 0.474479 0.455093 0.050000 0.022222
0 0.483594 0.431944 0.020313 0.016667
1 0.473828 0.404861 0.050781 0.023611
1 0.473828 0.381944 0.050781 0.025000
1 0.472656 0.359028 0.051562 0.020833
0 0.468750 0.334028 0.021875 0.015278
1 0.461328 0.310417 0.049219 0.020833
1 0.460547 0.285417 0.052344 0.020833
1 0.460156 0.261806 0.053125 0.020833
0 0.473307 0.238426 0.022135 0.016667
1 0.460026 0.190046 0.051302 0.024537
1 0.460547 0.163426 0.050781 0.020370
1 0.459896 0.140509 0.051562 0.023611
1 0.459375 0.115509 0.051562 0.022685
2 0.515104 0.434028 0.008854 0.037500
0 0.516016 0.504861 0.011719 0.040278
1 0.615365 0.880093 0.051042 0.021296
1 0.615885 0.854861 0.051562 0.023611
1 0.615885 0.806713 0.051562 0.025463
1 0.615625 0.759722 0.051562 0.023148
1 0.614844 0.664120 0.051562 0.019907
1 0.614844 0.640278 0.053125 0.022222
1 0.614844 0.618056 0.053125 0.022222
1 0.615625 0.591667 0.051562 0.019444
2 0.606641 0.566667 0.024219 0.019444
0 0.604297 0.544444 0.022656 0.016667
1 0.614844 0.519444 0.051562 0.019444
1 0.615625 0.494444 0.051562 0.025000
1 0.615625 0.470602 0.052604 0.020833
1 0.615234 0.447222 0.050781 0.022222
1 0.614844 0.419444 0.051562 0.022222
1 0.615625 0.397222 0.054688 0.022222
0 0.599740 0.374074 0.020833 0.014815
0 0.610938 0.349306 0.023438 0.018056
1 0.616667 0.302083 0.052604 0.023611
1 0.614844 0.252083 0.053125 0.020833
1 0.616016 0.225694 0.052344 0.023611
0 0.603906 0.203472 0.018750 0.015278
1 0.616016 0.180556 0.052344 0.022222
0 0.612370 0.107176 0.018490 0.018056
1 0.614583 0.081481 0.052083 0.024074
1 0.615104 0.034028 0.051042 0.020833
2 0.452995 0.025000 0.022135 0.019444
0 0.425651 0.967130 0.024219 0.020370
0 0.416536 0.596759 0.008594 0.025000
0 0.507682 0.565278 0.020052 0.028704
0 0.604167 0.012500 0.020313 0.017593
1 0.515625 0.644444 0.038021 0.053704
1 0.514714 0.712500 0.035677 0.050926
1 0.514583 0.850231 0.034375 0.052315
1 0.615755 0.925926 0.051823 0.025000
1 0.610938 0.952083 0.051562 0.019907
