0 0.171354 0.127315 0.008854 0.042593
1 0.150651 0.275926 0.020573 0.085185
0 0.168750 0.225463 0.010937 0.040741
0 0.158203 0.477083 0.009115 0.037500
0 0.151953 0.620139 0.010156 0.038426
0 0.148438 0.745602 0.010937 0.036574
0 0.273698 0.177546 0.009896 0.036574
0 0.374870 0.055556 0.022135 0.025000
0 0.296484 0.041667 0.021094 0.022222
0 0.516146 0.519444 0.008854 0.038889
0 0.504167 0.552778 0.006771 0.038889
0 0.504557 0.593519 0.007552 0.031481
0 0.520052 0.573843 0.007292 0.038426
0 0.402344 0.676389 0.010937 0.041667
0 0.501953 0.755324 0.022135 0.015278
0 0.479818 0.780556 0.020052 0.013889
0 0.503385 0.777778 0.019792 0.015741
0 0.502734 0.850000 0.021094 0.016667
1 0.491927 0.731481 0.050521 0.025926
1 0.494010 0.827546 0.052083 0.022685
1 0.496484 0.877778 0.052344 0.027778
0 0.593620 0.862731 0.019010 0.016204
0 0.599609 0.840278 0.019531 0.016667
0 0.594661 0.819444 0.021615 0.013889
0 0.599219 0.791204 0.023438 0.015741
0 0.604167 0.770139 0.021354 0.018056
1 0.601172 0.722917 0.046094 0.020833
1 0.601172 0.698611 0.052344 0.025000
1 0.601562 0.675694 0.051562 0.023611
1 0.600781 0.651389 0.050000 0.022222
1 0.600391 0.628472 0.050781 0.026389
1 0.600000 0.600694 0.050000 0.020833
1 0.596875 0.578472 0.048438 0.020833
0 0.601042 0.501157 0.019271 0.014352
2 0.586328 0.477315 0.021094 0.014815
0 0.585547 0.448380 0.021094 0.016204
2 0.586979 0.425694 0.022396 0.016204
0 0.586198 0.406250 0.019792 0.018056
2 0.587109 0.387500 0.021094 0.019444
0 0.846094 0.303472 0.018750 0.029167
0 0.090234 0.556481 0.022656 0.017593
0 0.163542 0.331481 0.010937 0.032407
0 0.140234 0.948148 0.010677 0.036111
1 0.495833 0.947917 0.050521 0.023611
1 0.396875 0.474769 0.012500 0.089352
1 0.433203 0.320833 0.021094 0.084259
0 0.953646 0.158796 0.009375 0.036111
2 0.941016 0.153009 0.012240 0.037500
