0 0.168750 0.847917 0.010937 0.040278
0 0.503646 0.226389 0.020313 0.016667
0 0.496745 0.179861 0.018490 0.017130
0 0.493490 0.154167 0.022396 0.017593
2 0.516927 0.156713 0.020313 0.018056
0 0.610807 0.221528 0.023177 0.017130
0 0.598047 0.292361 0.021094 0.015278
2 0.448698 0.305556 0.021875 0.016667
0 0.469141 0.517361 0.021094 0.018056
0 0.463411 0.613889 0.022135 0.016667
0 0.478646 0.709259 0.021354 0.015741
0 0.435156 0.799306 0.009375 0.030093
0 0.510286 0.782639 0.010677 0.033796
2 0.509766 0.713657 0.008594 0.039352
0 0.594401 0.654398 0.019010 0.013426
0 0.604948 0.628704 0.021354 0.016667
0 0.599219 0.822222 0.023438 0.016667
2 0.600651 0.844444 0.024219 0.016667
0 0.598828 0.485185 0.019010 0.016667
0 0.606510 0.388889 0.019792 0.013889
0 0.411458 0.822917 0.008854 0.040278
0 0.411849 0.741898 0.009635 0.041204
0 0.411979 0.692593 0.008854 0.037037
0 0.412500 0.647917 0.009375 0.040278
0 0.412500 0.592130 0.009375 0.035185
0 0.412109 0.540509 0.010156 0.036574
0 0.411589 0.490278 0.008073 0.034259
0 0.412500 0.448611 0.009375 0.036111
0 0.412891 0.400694 0.008594 0.031944
1 0.455208 0.399074 0.052083 0.019444
1 0.455339 0.423843 0.053906 0.020833
1 0.455469 0.447222 0.053125 0.019444
1 0.455078 0.471528 0.050781 0.020833
1 0.455339 0.543519 0.051302 0.021296
1 0.456250 0.566204 0.051562 0.022222
1 0.457943 0.592361 0.051302 0.019907
1 0.468229 0.637963 0.052083 0.023148
1 0.469401 0.663889 0.051302 0.022222
1 0.469141 0.686806 0.052344 0.018056
1 0.469922 0.734491 0.050781 0.022685
1 0.470703 0.759722 0.050781 0.019444
1 0.471484 0.784722 0.050781 0.019444
1 0.477734 0.809028 0.049219 0.020833
1 0.610156 0.918056 0.052083 0.020370
1 0.610938 0.894213 0.052083 0.018981
1 0.610156 0.869444 0.050000 0.022222
1 0.610547 0.799306 0.050781 0.018056
1 0.610547 0.775000 0.050781 0.022222
1 0.609635 0.750463 0.051042 0.021296
1 0.609505 0.726389 0.052344 0.019444
1 0.609505 0.702083 0.051302 0.019907
1 0.609635 0.678472 0.054167 0.020833
1 0.610807 0.584028 0.050260 0.023611
1 0.608724 0.534491 0.050260 0.020833
1 0.610938 0.511111 0.050521 0.018519
1 0.608854 0.462731 0.054167 0.018981
1 0.608724 0.365741 0.051302 0.024074
1 0.608724 0.316204 0.051302 0.020370
1 0.609375 0.266667 0.050521 0.022222
1 0.576562 0.080556 0.039062 0.091667
1 0.497526 0.079630 0.051823 0.025000
1 0.330729 0.935648 0.054167 0.025000
0 0.409115 0.961806 0.020313 0.016204
0 0.411458 0.979167 0.015104 0.012963
0 0.412370 0.923843 0.008594 0.037500
0 0.412500 0.876852 0.010417 0.039815
1 0.498177 0.010648 0.052604 0.020370
0 0.503646 0.842361 0.021875 0.026389
1 0.511458 0.921065 0.036458 0.056944
1 0.510156 0.981713 0.034375 0.036574
1 0.609766 0.942593 0.050781 0.015741
