0 0.161979 0.093056 0.010417 0.039815
0 0.174609 0.127546 0.009635 0.039352
0 0.170443 0.844907 0.010156 0.036111
0 0.487240 0.450926 0.021875 0.015741
0 0.510938 0.450926 0.020313 0.017593
0 0.490495 0.472454 0.017969 0.015278
0 0.497786 0.520602 0.020052 0.017130
0 0.406250 0.692361 0.009375 0.029167
0 0.407422 0.742361 0.010156 0.034722
0 0.407422 0.784722 0.008594 0.036111
0 0.406641 0.836111 0.008594 0.038889
0 0.407031 0.887037 0.007812 0.037037
0 0.462891 0.808333 0.022656 0.016667
0 0.458984 0.904861 0.024219 0.018056
1 0.450781 0.885417 0.048438 0.023611
1 0.449219 0.862500 0.051562 0.019444
1 0.449609 0.838194 0.052344 0.026389
1 0.448437 0.765278 0.050000 0.022222
1 0.448437 0.743056 0.050000 0.019444
1 0.448828 0.718056 0.050781 0.025000
1 0.448437 0.693056 0.053125 0.022222
0 0.599349 0.918056 0.022135 0.016667
1 0.604036 0.877778 0.051823 0.024074
1 0.603516 0.828472 0.049219 0.020833
1 0.604297 0.802083 0.049219 0.023611
0 0.592318 0.776852 0.019010 0.014815
1 0.603125 0.756944 0.051562 0.022222
0 0.600781 0.682639 0.018750 0.015278
1 0.602604 0.659259 0.052604 0.020370
1 0.602344 0.611806 0.050000 0.023611
0 0.591406 0.587500 0.019792 0.014815
1 0.602604 0.561343 0.050521 0.024537
0 0.602083 0.516898 0.018750 0.016204
0 0.588411 0.292824 0.019531 0.016204
0 0.595182 0.269213 0.019010 0.016204
0 0.588672 0.247222 0.020573 0.017593
0 0.594141 0.221065 0.019531 0.018056
0 0.598047 0.200463 0.020573 0.015741
1 0.595182 0.152083 0.046615 0.022685
1 0.596094 0.125463 0.050000 0.023148
1 0.595703 0.101389 0.050781 0.022222
1 0.595573 0.078009 0.049479 0.023611
1 0.595182 0.053704 0.050781 0.024074
1 0.594531 0.027546 0.050000 0.021759
1 0.552474 0.183796 0.012240 0.090741
1 0.487891 0.157870 0.052344 0.024074
0 0.496615 0.185880 0.021354 0.014352
0 0.475000 0.207639 0.021875 0.018056
0 0.498958 0.207870 0.020833 0.016667
1 0.489453 0.255556 0.050781 0.022222
0 0.498437 0.281019 0.020313 0.015741
1 0.491276 0.304861 0.051302 0.020833
1 0.491927 0.375231 0.051042 0.022685
2 0.442839 0.601852 0.023698 0.015741
0 0.397656 0.108333 0.010937 0.041667
1 0.189583 0.026852 0.016146 0.052778
0 0.407161 0.941667 0.007031 0.037037
0 0.407161 0.984259 0.005990 0.029630
0 0.474089 0.995833 0.020573 0.008333
0 0.588542 0.943519 0.018229 0.013889
0 0.404036 0.062963 0.008594 0.038889
0 0.501432 0.024537 0.007031 0.035185
1 0.591797 0.008333 0.045573 0.015741
1 0.602344 0.968056 0.053125 0.024074
1 0.602734 0.991435 0.049740 0.017130
1 0.463802 0.930324 0.051042 0.027315
1 0.463802 0.953472 0.051042 0.027315
1 0.464974 0.977546 0.051302 0.023611
