0 0.159375 0.862500 0.014063 0.038889
0 0.168490 0.593287 0.011458 0.037500
0 0.158203 0.493981 0.010156 0.037037
0 0.170573 0.526389 0.009896 0.038889
0 0.160938 0.438889 0.008854 0.033333
0 0.173958 0.455324 0.009896 0.035648
0 0.174349 0.403935 0.010677 0.036574
0 0.162630 0.379398 0.008594 0.038426
0 0.179557 0.348380 0.008073 0.030093
1 0.189974 0.343981 0.017448 0.085185
0 0.165234 0.321296 0.010156 0.035185
0 0.170052 0.263426 0.011458 0.040741
0 0.181771 0.280093 0.009896 0.037963
0 0.195703 0.265046 0.010156 0.033796
0 0.173047 0.210880 0.010156 0.036574
0 0.185547 0.218750 0.009635 0.034722
0 0.199609 0.209722 0.011719 0.036111
0 0.258594 0.179167 0.010937 0.041667
0 0.358203 0.059722 0.022656 0.030556
0 0.280078 0.047222 0.022656 0.025000
0 0.487891 0.556250 0.008594 0.037500
0 0.489844 0.596296 0.009375 0.034259
2 0.504297 0.576389 0.008594 0.038889
0 0.499609 0.520833 0.008594 0.038889
1 0.475391 0.731481 0.050781 0.021296
0 0.485677 0.756250 0.021354 0.015278
0 0.464193 0.778704 0.021615 0.013889
0 0.488021 0.777778 0.021875 0.014815
1 0.477734 0.827083 0.052344 0.026389
0 0.486198 0.848843 0.019271 0.014352
1 0.479818 0.874074 0.051823 0.024074
0 0.575911 0.861574 0.018490 0.016667
0 0.583984 0.837963 0.019531 0.014815
0 0.576823 0.814815 0.021875 0.013889
0 0.582422 0.792130 0.021094 0.015741
0 0.587370 0.768750 0.019010 0.017130
1 0.583464 0.725000 0.047135 0.023148
1 0.584375 0.699306 0.051562 0.023611
1 0.583594 0.677083 0.050000 0.023611
1 0.583464 0.653472 0.050781 0.023611
1 0.583203 0.629167 0.050781 0.022222
1 0.581641 0.602778 0.050781 0.022222
1 0.580469 0.579861 0.046875 0.023611
0 0.583854 0.504861 0.018750 0.015278
2 0.569141 0.480556 0.022135 0.016667
0 0.568490 0.452315 0.021875 0.018519
2 0.570182 0.429861 0.023698 0.015278
0 0.569010 0.409722 0.020313 0.019444
2 0.569531 0.387500 0.020313 0.025000
1 0.488802 0.375926 0.050521 0.064815
0 0.825781 0.306944 0.017188 0.025000
1 0.480599 0.944676 0.050781 0.024537
0 0.388281 0.678009 0.009896 0.042130
0 0.393229 0.634028 0.008854 0.036574
1 0.417839 0.326157 0.022135 0.081019
1 0.381641 0.478472 0.012760 0.087500
0 0.932422 0.164815 0.010156 0.037963
2 0.920312 0.159491 0.010937 0.038426
0 0.077214 0.560648 0.021094 0.015741
