0 0.160547 0.818750 0.012240 0.038426
0 0.167187 0.600926 0.009896 0.037963
0 0.169141 0.534028 0.010156 0.038426
0 0.157682 0.496991 0.009635 0.036574
0 0.173047 0.462500 0.009635 0.035185
0 0.159635 0.443287 0.007292 0.035648
0 0.173437 0.409722 0.009375 0.038889
0 0.160807 0.387269 0.009635 0.038426
0 0.177734 0.357639 0.005469 0.027315
0 0.162891 0.328472 0.010156 0.040278
0 0.167969 0.270139 0.010937 0.034722
0 0.179818 0.287731 0.009115 0.037500
0 0.193359 0.270833 0.010156 0.036111
0 0.197526 0.216435 0.009115 0.036574
0 0.183854 0.226389 0.009896 0.036111
0 0.171094 0.218287 0.010937 0.032870
0 0.256250 0.188194 0.010937 0.043056
0 0.278516 0.053472 0.019531 0.023611
0 0.356641 0.065278 0.024219 0.025000
1 0.466276 0.383796 0.050781 0.023148
0 0.487240 0.563194 0.008333 0.035648
0 0.487891 0.602778 0.009115 0.036111
2 0.502995 0.583333 0.008073 0.039815
0 0.498958 0.529630 0.008854 0.036111
2 0.569271 0.398148 0.020833 0.017593
0 0.567578 0.417361 0.019531 0.018056
2 0.569271 0.437037 0.022396 0.015741
0 0.567187 0.458333 0.023438 0.013889
2 0.567839 0.486343 0.021094 0.013426
0 0.582161 0.511111 0.017969 0.016667
1 0.579036 0.586806 0.046094 0.019907
1 0.580599 0.609722 0.050781 0.022222
1 0.581120 0.635417 0.050260 0.018056
1 0.582031 0.658333 0.050000 0.022222
1 0.583203 0.681250 0.049219 0.020833
1 0.582161 0.706713 0.051823 0.018981
1 0.581510 0.731019 0.046354 0.021296
0 0.585156 0.775926 0.020313 0.017593
0 0.581641 0.797454 0.020573 0.016204
0 0.575911 0.824074 0.020052 0.014815
0 0.582682 0.843750 0.020052 0.017130
0 0.575651 0.867361 0.020052 0.015278
1 0.475391 0.737500 0.050781 0.025000
0 0.484766 0.762269 0.021094 0.016204
0 0.462760 0.784722 0.020833 0.017593
0 0.486979 0.783333 0.020313 0.014815
1 0.476562 0.833333 0.051562 0.025000
0 0.484635 0.855556 0.020833 0.015741
1 0.479036 0.882176 0.050781 0.025463
0 0.825000 0.312500 0.018750 0.030556
1 0.187760 0.350231 0.016146 0.086574
1 0.479297 0.950463 0.049740 0.023148
1 0.379167 0.485648 0.011979 0.089815
0 0.391667 0.639583 0.008854 0.036574
0 0.387109 0.690278 0.008594 0.033333
1 0.416797 0.334028 0.021615 0.081944
0 0.932031 0.170833 0.009896 0.038889
2 0.919271 0.165972 0.011979 0.039352
0 0.076302 0.568287 0.020833 0.015278
