0 0.170573 0.229861 0.009896 0.037500
0 0.184115 0.238426 0.009896 0.034259
0 0.197526 0.227546 0.010156 0.037500
0 0.192969 0.283796 0.009375 0.035185
0 0.180078 0.301157 0.010156 0.033796
0 0.167708 0.282870 0.010417 0.037037
0 0.163542 0.340278 0.009896 0.037963
0 0.177344 0.367361 0.007812 0.031944
0 0.160807 0.400000 0.010677 0.037963
0 0.159505 0.455556 0.008594 0.036111
0 0.156641 0.508565 0.008594 0.035648
0 0.172005 0.475000 0.009635 0.035185
0 0.173047 0.421528 0.008594 0.037500
0 0.167708 0.545370 0.010417 0.037963
0 0.165495 0.613657 0.011198 0.039352
0 0.160938 0.725231 0.009375 0.042130
1 0.187370 0.362500 0.015885 0.084259
1 0.426563 0.484491 0.024479 0.092130
0 0.256250 0.197917 0.012500 0.040278
0 0.279297 0.063889 0.021094 0.022222
0 0.357812 0.080556 0.021875 0.025000
0 0.827734 0.328472 0.017969 0.026389
1 0.569661 0.410880 0.019531 0.019907
0 0.569531 0.430787 0.019792 0.015278
1 0.570312 0.450926 0.021875 0.017593
0 0.567969 0.472222 0.021875 0.016667
1 0.569271 0.501852 0.021354 0.015741
0 0.583594 0.525694 0.018750 0.017130
1 0.579948 0.600463 0.046354 0.022222
1 0.582422 0.625694 0.047656 0.020833
1 0.582812 0.650000 0.051562 0.019444
1 0.582812 0.672917 0.051562 0.020833
1 0.583203 0.697454 0.050781 0.024537
1 0.583854 0.722685 0.050521 0.023148
1 0.583073 0.746528 0.047917 0.022685
0 0.586328 0.790972 0.021094 0.018056
0 0.581380 0.813889 0.020052 0.013889
0 0.576302 0.837963 0.021354 0.014815
0 0.583073 0.859954 0.019792 0.016204
0 0.575911 0.884954 0.019010 0.017130
1 0.478776 0.896528 0.051823 0.023611
0 0.485026 0.871759 0.019531 0.014815
1 0.476953 0.849306 0.050781 0.026389
0 0.463021 0.800694 0.020833 0.016204
0 0.484896 0.777546 0.021354 0.016204
0 0.486198 0.798843 0.020833 0.015278
1 0.474349 0.753241 0.051823 0.024074
0 0.488672 0.618056 0.008594 0.036111
2 0.503385 0.598380 0.009896 0.041204
0 0.487891 0.578472 0.008594 0.037500
0 0.499609 0.543287 0.008073 0.038426
0 0.385677 0.701852 0.010417 0.037963
1 0.478776 0.968287 0.050781 0.026389
0 0.392057 0.654630 0.008073 0.037037
1 0.380339 0.498611 0.012760 0.089815
1 0.416797 0.345833 0.021615 0.084259
0 0.934375 0.185880 0.009896 0.037500
2 0.922656 0.181019 0.013021 0.038889
0 0.074219 0.579861 0.020833 0.017130
