0 0.165234 0.697917 0.010156 0.037500
0 0.166797 0.632639 0.011719 0.037500
0 0.157812 0.529398 0.010937 0.036574
0 0.169271 0.566435 0.010417 0.035648
0 0.173828 0.493056 0.010156 0.036111
0 0.160938 0.475231 0.009375 0.035648
0 0.161589 0.418519 0.009635 0.037963
0 0.175000 0.440972 0.010937 0.037500
0 0.178125 0.387963 0.007812 0.026852
1 0.189714 0.381019 0.018490 0.083333
0 0.163932 0.360417 0.012240 0.037500
0 0.168490 0.301620 0.009896 0.039352
0 0.180729 0.321296 0.008333 0.035185
0 0.194792 0.303009 0.009896 0.035648
0 0.198828 0.247917 0.011198 0.037500
0 0.185677 0.258333 0.009896 0.033333
0 0.171875 0.249074 0.010937 0.037037
0 0.258203 0.220833 0.011719 0.041667
0 0.280469 0.083333 0.018750 0.022222
0 0.358854 0.101157 0.021354 0.022685
0 0.828125 0.346528 0.020313 0.031944
1 0.480729 0.915972 0.051042 0.026389
0 0.487500 0.890278 0.021875 0.016667
1 0.478906 0.868750 0.051562 0.026389
0 0.464193 0.819676 0.021615 0.016204
0 0.486589 0.796991 0.020573 0.014352
0 0.488411 0.818056 0.020052 0.014815
1 0.476693 0.771528 0.051823 0.024537
0 0.578385 0.903241 0.018750 0.016667
0 0.584505 0.879630 0.019010 0.016667
0 0.578776 0.857639 0.020573 0.016204
0 0.583984 0.831481 0.022135 0.017593
0 0.588411 0.808796 0.020052 0.018519
1 0.584766 0.764120 0.047656 0.022685
1 0.585938 0.740046 0.051562 0.023611
1 0.584375 0.714583 0.051042 0.022685
1 0.583724 0.691435 0.049740 0.019907
1 0.583464 0.666898 0.049219 0.018981
1 0.582812 0.642593 0.052083 0.020370
1 0.580859 0.618519 0.047656 0.021296
0 0.489453 0.635185 0.008594 0.034259
2 0.504427 0.616667 0.008333 0.040741
0 0.489063 0.595602 0.008333 0.036574
0 0.501172 0.560880 0.010156 0.036574
0 0.585547 0.543750 0.021094 0.020833
2 0.570443 0.519907 0.021615 0.015741
0 0.569010 0.490741 0.022917 0.015741
2 0.571224 0.468287 0.023177 0.016204
0 0.569792 0.448611 0.019792 0.016667
2 0.570443 0.428009 0.017969 0.018056
1 0.481380 0.985648 0.049740 0.023148
0 0.393229 0.673843 0.007292 0.038426
0 0.388021 0.721065 0.008854 0.032870
1 0.380990 0.516898 0.013021 0.092130
1 0.417708 0.365741 0.021875 0.081481
1 0.427734 0.528935 0.011719 0.045833
0 0.934505 0.202083 0.010156 0.037500
2 0.922786 0.197685 0.011719 0.037037
0 0.075781 0.600231 0.020833 0.016204
