0 0.164453 0.156944 0.010156 0.041667
1 0.144531 0.340509 0.018750 0.082870
0 0.162630 0.264352 0.009635 0.037963
0 0.155729 0.394907 0.008333 0.039815
0 0.151042 0.567593 0.008333 0.037963
0 0.145182 0.700463 0.010677 0.039815
0 0.141146 0.843981 0.011458 0.037037
0 0.169922 0.797222 0.010156 0.033333
0 0.273177 0.086343 0.009896 0.039352
0 0.401432 0.589583 0.009115 0.037500
0 0.491016 0.930556 0.022656 0.019444
1 0.495573 0.859722 0.050521 0.023148
1 0.495052 0.789120 0.053646 0.019907
0 0.503125 0.762500 0.018750 0.016667
1 0.493490 0.741204 0.052604 0.023148
0 0.478516 0.690278 0.022656 0.019444
0 0.501953 0.668056 0.022656 0.019444
0 0.502344 0.690278 0.023438 0.016667
1 0.491536 0.643750 0.051823 0.021759
0 0.592969 0.776389 0.018750 0.016667
0 0.600260 0.752315 0.019792 0.016667
0 0.594401 0.730787 0.021615 0.015278
0 0.599609 0.704630 0.020052 0.017593
0 0.604297 0.680324 0.019531 0.018981
1 0.600391 0.636806 0.047656 0.020833
1 0.601172 0.612037 0.050781 0.019444
1 0.600000 0.586806 0.051562 0.020833
1 0.600000 0.565046 0.050000 0.019907
1 0.600000 0.539815 0.049479 0.018519
1 0.599089 0.515278 0.050781 0.018519
1 0.597135 0.491204 0.047396 0.020370
0 0.600781 0.413889 0.020313 0.016667
2 0.587500 0.391667 0.021875 0.016667
0 0.585938 0.362500 0.023438 0.016667
2 0.587891 0.338889 0.024219 0.016667
0 0.586328 0.319444 0.019531 0.016667
2 0.588021 0.299537 0.020313 0.019444
0 0.516797 0.433333 0.010156 0.036111
0 0.504818 0.467130 0.007552 0.037037
0 0.505469 0.507639 0.009375 0.037500
2 0.519922 0.487731 0.007031 0.038426
0 0.847135 0.218056 0.017708 0.027778
0 0.089323 0.466435 0.023438 0.018981
0 0.514844 0.931481 0.020833 0.015741
0 0.494141 0.954861 0.018490 0.015278
0 0.501953 0.996296 0.020573 0.007407
0 0.407682 0.544213 0.007552 0.037500
1 0.395833 0.388194 0.010937 0.091204
1 0.433984 0.233333 0.021094 0.083333
0 0.956641 0.071528 0.010677 0.037500
2 0.944271 0.064815 0.011458 0.039815
