1 0.068099 0.101157 0.015365 0.079167
1 0.091797 0.101852 0.014323 0.081481
1 0.114583 0.097222 0.014063 0.082407
1 0.165495 0.224074 0.010156 0.076852
0 0.126693 0.226852 0.008594 0.028704
0 0.115885 0.227778 0.007292 0.030556
0 0.106771 0.228704 0.007812 0.033333
0 0.097656 0.227778 0.007812 0.027778
0 0.088672 0.230324 0.008594 0.034722
0 0.077865 0.228472 0.008854 0.029167
0 0.066406 0.227083 0.009375 0.029167
0 0.056250 0.228472 0.010937 0.031944
0 0.046875 0.228472 0.009375 0.031944
0 0.020182 0.363657 0.009635 0.031944
1 0.050521 0.365046 0.011458 0.075463
1 0.064062 0.366435 0.015625 0.076389
1 0.085417 0.365972 0.008854 0.076389
1 0.099609 0.365046 0.012760 0.076389
1 0.121484 0.364352 0.009635 0.075926
1 0.134766 0.365046 0.013802 0.075463
0 0.147786 0.346065 0.007552 0.023611
0 0.156250 0.342361 0.007812 0.031019
0 0.174479 0.349306 0.018750 0.011574
0 0.221354 0.347917 0.019271 0.012500
0 0.259635 0.347222 0.020313 0.012963
0 0.284245 0.347454 0.017969 0.012500
0 0.306641 0.348611 0.019531 0.013889
0 0.331510 0.346296 0.017708 0.012963
0 0.355729 0.346991 0.017708 0.014352
0 0.380078 0.346296 0.016406 0.012963
0 0.400651 0.347917 0.015365 0.015278
0 0.423958 0.346528 0.013542 0.012500
0 0.467969 0.400463 0.007812 0.031481
1 0.424349 0.409028 0.009635 0.078241
1 0.413672 0.409028 0.011719 0.076389
1 0.402344 0.410417 0.010937 0.076389
0 0.369010 0.431481 0.006771 0.031481
1 0.356250 0.412963 0.011458 0.075926
1 0.344401 0.411806 0.009115 0.073611
1 0.333464 0.413889 0.008594 0.072222
0 0.322786 0.424074 0.007552 0.030556
1 0.312370 0.432176 0.011198 0.074537
1 0.299870 0.432176 0.008594 0.074537
1 0.288021 0.433102 0.010417 0.073611
0 0.278125 0.446296 0.006250 0.031481
1 0.266797 0.433333 0.013281 0.075000
1 0.254688 0.436806 0.009375 0.073611
1 0.242578 0.437500 0.010156 0.077778
1 0.231380 0.444907 0.010156 0.073148
0 0.215365 0.484722 0.013021 0.030556
0 0.255208 0.490278 0.014583 0.012963
0 0.238151 0.504167 0.012760 0.011111
0 0.241276 0.518287 0.013802 0.011574
1 0.034505 0.639352 0.009635 0.073148
1 0.048828 0.644907 0.014844 0.074074
1 0.067057 0.646991 0.011198 0.073611
1 0.082292 0.645602 0.014583 0.069907
1 0.104427 0.644907 0.013542 0.075926
1 0.126693 0.645139 0.014844 0.069907
1 0.169010 0.643287 0.009896 0.075463
1 0.180078 0.644444 0.008594 0.075000
1 0.191016 0.644444 0.010156 0.074074
1 0.204557 0.643287 0.012760 0.076389
2 0.216016 0.631250 0.008594 0.034722
1 0.236589 0.644213 0.009115 0.073611
1 0.248307 0.643750 0.009635 0.073611
1 0.258984 0.645370 0.010156 0.074074
1 0.270443 0.643981 0.008594 0.073148
1 0.282031 0.644907 0.009896 0.075926
1 0.294661 0.642824 0.013281 0.078241
0 0.305469 0.621759 0.007292 0.028704
0 0.317708 0.637269 0.007292 0.030093
1 0.338281 0.644444 0.011979 0.077778
1 0.361719 0.641204 0.009896 0.075000
1 0.373047 0.644444 0.010677 0.075000
0 0.384505 0.626157 0.006510 0.027315
1 0.395833 0.641435 0.010937 0.077315
0 0.429818 0.637731 0.007552 0.026389
1 0.440885 0.640509 0.010417 0.077315
1 0.463281 0.641204 0.009896 0.076852
0 0.475781 0.624074 0.007812 0.030556
1 0.487630 0.639352 0.010156 0.077778
0 0.506901 0.485417 0.007031 0.031944
0 0.528646 0.471759 0.008333 0.029630
0 0.540365 0.467361 0.008333 0.031019
0 0.540234 0.501620 0.007031 0.031019
1 0.575260 0.473843 0.009375 0.074537
1 0.609245 0.473380 0.010677 0.075463
0 0.621745 0.485185 0.007031 0.030556
1 0.632292 0.470370 0.010937 0.077778
0 0.655078 0.447685 0.006510 0.030556
0 0.655208 0.483796 0.007812 0.031481
0 0.666406 0.481019 0.007812 0.030556
1 0.679167 0.467593 0.009896 0.076852
0 0.742448 0.487500 0.017708 0.012037
0 0.761068 0.485648 0.017448 0.012037
0 0.752344 0.509028 0.018750 0.012500
0 0.777995 0.503704 0.018490 0.012963
2 0.841406 0.609259 0.009375 0.028704
0 0.831641 0.608565 0.008594 0.027315
2 0.822396 0.609028 0.006771 0.033796
0 0.811328 0.607176 0.008594 0.031944
2 0.798177 0.609722 0.008333 0.031481
0 0.786328 0.630324 0.007552 0.029167
1 0.752344 0.624769 0.009896 0.070833
1 0.739974 0.625231 0.010677 0.077315
1 0.727734 0.628704 0.009635 0.076852
1 0.716797 0.628472 0.009635 0.076389
1 0.705729 0.629167 0.010417 0.074074
1 0.693620 0.628472 0.011719 0.073611
1 0.681901 0.628009 0.011198 0.070833
0 0.659375 0.635417 0.007292 0.031944
0 0.648958 0.625926 0.008333 0.028704
0 0.636068 0.619676 0.008073 0.031019
0 0.626172 0.628704 0.007031 0.028704
0 0.614583 0.619213 0.007292 0.028241
0 0.701953 0.334259 0.017969 0.012963
1 0.800260 0.322917 0.044271 0.016204
0 0.945182 0.140046 0.017969 0.015278
0 0.846094 0.011806 0.018750 0.015278
0 0.853385 0.034491 0.018229 0.014352
0 0.871094 0.013194 0.018750 0.020833
1 0.902734 0.042361 0.041406 0.024537
0 0.780339 0.006481 0.019531 0.012037
0 0.738542 0.004398 0.020313 0.007870
0 0.625781 0.007176 0.016146 0.013426
0 0.583073 0.004630 0.017708 0.008333
0 0.924609 0.028241 0.018490 0.015741
2 0.918490 0.006713 0.018750 0.012500
0 0.897005 0.022222 0.019010 0.013889
0 0.933333 0.050694 0.017188 0.017130
0 0.967187 0.552778 0.010417 0.029630
0 0.878255 0.990046 0.010677 0.019907
0 0.509115 0.640046 0.007812 0.028241
0 0.724349 0.341667 0.018490 0.012037
1 0.389323 0.409954 0.008333 0.076389
1 0.175130 0.493981 0.024740 0.050000
1 0.130078 0.493287 0.028385 0.048611
1 0.080729 0.495139 0.026042 0.051389
0 0.195703 0.347222 0.019010 0.012963
