1 0.069792 0.097917 0.014583 0.079167
1 0.094141 0.100463 0.014844 0.083333
1 0.115495 0.096065 0.013281 0.085648
1 0.167448 0.224537 0.009896 0.077778
0 0.048307 0.225231 0.009635 0.030093
0 0.056771 0.226157 0.008854 0.030093
0 0.067448 0.227083 0.008333 0.031019
0 0.079297 0.226157 0.008073 0.028241
0 0.089714 0.225694 0.009635 0.032870
0 0.098958 0.225463 0.007292 0.025000
0 0.107813 0.226620 0.006250 0.030093
0 0.116016 0.226389 0.008594 0.030556
0 0.127734 0.225000 0.008594 0.030556
0 0.020573 0.361574 0.009896 0.032407
1 0.050521 0.363426 0.008854 0.077778
1 0.065495 0.365046 0.014844 0.071759
1 0.085807 0.363426 0.010156 0.076852
1 0.099479 0.363194 0.014063 0.076389
1 0.120182 0.364120 0.009635 0.077315
1 0.134375 0.364583 0.014063 0.079167
0 0.148047 0.346991 0.007031 0.019907
0 0.156901 0.342593 0.007552 0.031481
0 0.174219 0.349306 0.017188 0.015278
0 0.221094 0.347917 0.018750 0.015278
0 0.260937 0.348611 0.021875 0.013889
0 0.284635 0.348611 0.018750 0.012963
0 0.306380 0.350000 0.017969 0.012963
0 0.333594 0.351157 0.017188 0.017130
0 0.357422 0.351157 0.017969 0.011574
0 0.381250 0.349537 0.017188 0.013889
0 0.401693 0.351157 0.016927 0.014352
0 0.424479 0.352315 0.014063 0.012037
1 0.231641 0.446296 0.009115 0.072222
1 0.242318 0.439352 0.009635 0.076852
1 0.255078 0.438194 0.010156 0.073611
1 0.266797 0.435648 0.012760 0.077778
0 0.278906 0.449306 0.007812 0.029167
1 0.287109 0.433333 0.008594 0.075000
1 0.299609 0.435417 0.008594 0.076389
1 0.311458 0.432870 0.010417 0.076852
0 0.323698 0.426389 0.007292 0.033333
1 0.333724 0.417593 0.010156 0.074074
1 0.344922 0.416898 0.009635 0.077315
1 0.356250 0.415046 0.012500 0.075463
0 0.369141 0.435417 0.007031 0.031944
1 0.389583 0.415278 0.009896 0.077778
1 0.401953 0.415509 0.008594 0.075463
1 0.412500 0.415278 0.009896 0.075926
1 0.425130 0.414583 0.009635 0.076389
0 0.215365 0.485417 0.013542 0.031019
0 0.241146 0.521759 0.013542 0.012963
0 0.255859 0.492130 0.016927 0.014815
0 0.316927 0.581713 0.012500 0.014352
0 0.304036 0.623611 0.006510 0.027778
0 0.317057 0.640278 0.008594 0.034259
1 0.032813 0.636111 0.009375 0.072222
1 0.046875 0.645833 0.015625 0.075000
1 0.066016 0.645833 0.011719 0.077778
1 0.080469 0.645139 0.014063 0.076389
1 0.102344 0.645833 0.014063 0.077778
1 0.125000 0.644444 0.015625 0.075000
1 0.167187 0.643750 0.009375 0.073611
1 0.178516 0.645139 0.010156 0.076389
1 0.189844 0.644444 0.010937 0.075000
1 0.201953 0.645139 0.011719 0.076389
2 0.214323 0.631481 0.008333 0.037037
1 0.235547 0.646991 0.010156 0.078241
1 0.246094 0.644444 0.010937 0.075000
1 0.257031 0.645139 0.010937 0.076389
1 0.268750 0.644444 0.010937 0.075000
1 0.280859 0.644444 0.008594 0.075000
1 0.292969 0.644444 0.010937 0.075000
1 0.336589 0.646991 0.012240 0.076389
1 0.360417 0.645833 0.008854 0.077778
1 0.372656 0.648380 0.010417 0.074537
0 0.383854 0.631019 0.005729 0.030556
1 0.395182 0.647917 0.011198 0.079167
0 0.428906 0.644444 0.007812 0.030556
1 0.439844 0.647222 0.010937 0.080556
1 0.463281 0.646991 0.009375 0.075463
0 0.474870 0.630787 0.008073 0.030093
1 0.487109 0.647685 0.011719 0.075926
0 0.508073 0.647454 0.008333 0.028241
0 0.506901 0.491204 0.008073 0.031481
0 0.529818 0.477778 0.007552 0.027778
0 0.540625 0.473611 0.007292 0.030556
0 0.539844 0.510185 0.007812 0.029630
1 0.575130 0.482176 0.009635 0.077315
1 0.610417 0.482176 0.010937 0.078241
1 0.632682 0.478009 0.011198 0.077315
0 0.621224 0.491204 0.007552 0.026852
0 0.656641 0.495139 0.007031 0.034722
0 0.656380 0.458796 0.008594 0.028704
0 0.666406 0.492361 0.009375 0.037500
1 0.679688 0.476157 0.010937 0.074537
0 0.743750 0.498148 0.017188 0.013889
0 0.761589 0.497685 0.016927 0.012963
2 0.752995 0.521759 0.020052 0.013889
0 0.778906 0.517593 0.017708 0.012963
0 0.702344 0.343750 0.016667 0.014352
1 0.802083 0.334954 0.046354 0.017130
0 0.614193 0.627778 0.007031 0.027778
0 0.626172 0.638889 0.008594 0.032407
0 0.636068 0.629861 0.009115 0.032870
0 0.648438 0.635648 0.008333 0.030556
0 0.659505 0.646296 0.005990 0.031481
0 0.673307 0.708796 0.017969 0.014815
1 0.682161 0.640046 0.011719 0.070833
1 0.694792 0.639120 0.010937 0.075463
1 0.706120 0.638889 0.011198 0.077778
1 0.717187 0.639120 0.010937 0.078241
1 0.728385 0.639120 0.010937 0.076389
1 0.740234 0.638889 0.011719 0.075000
1 0.751042 0.635417 0.009896 0.069907
0 0.786458 0.643056 0.008854 0.027778
2 0.798177 0.621296 0.007292 0.032407
0 0.811589 0.618750 0.009115 0.032870
2 0.822526 0.624537 0.009115 0.035185
0 0.832292 0.621065 0.006250 0.030093
2 0.840625 0.624769 0.007812 0.031019
0 0.504036 0.007176 0.015365 0.013426
0 0.701432 0.025231 0.017448 0.013426
0 0.691276 0.004630 0.015885 0.008333
0 0.729036 0.007870 0.017969 0.014815
0 0.756901 0.012037 0.015885 0.014815
0 0.768359 0.034491 0.015365 0.015278
0 0.792318 0.016204 0.017969 0.015741
0 0.804167 0.037269 0.017188 0.016204
0 0.822396 0.021296 0.020313 0.017593
0 0.849479 0.025694 0.019792 0.015278
0 0.829297 0.043981 0.016406 0.015741
0 0.857031 0.048380 0.018229 0.015278
1 0.906250 0.057176 0.042188 0.027315
0 0.874089 0.028472 0.015885 0.015278
0 0.900651 0.034259 0.017448 0.012963
0 0.907422 0.017361 0.018490 0.014352
2 0.943880 0.027315 0.018490 0.020370
0 0.927995 0.043750 0.018490 0.015278
0 0.936458 0.064583 0.016667 0.016204
0 0.948307 0.155093 0.019531 0.016667
0 0.726172 0.352083 0.017448 0.012500
1 0.174740 0.495139 0.025521 0.050463
1 0.130469 0.493056 0.028646 0.049074
1 0.080339 0.493056 0.025260 0.049074
0 0.197135 0.349537 0.021354 0.015741
2 0.468620 0.406019 0.007552 0.032407
