0 0.324219 0.012731 0.016667 0.013426
0 0.352604 0.040741 0.015104 0.012963
0 0.353906 0.056250 0.017188 0.015278
0 0.351562 0.084722 0.018750 0.013889
0 0.353385 0.103472 0.019792 0.017130
0 0.352995 0.127083 0.019531 0.015278
0 0.351432 0.149074 0.016927 0.014815
0 0.367188 0.041667 0.009375 0.030556
0 0.413411 0.106019 0.017448 0.012963
0 0.410938 0.124306 0.018750 0.015278
0 0.412500 0.143056 0.018750 0.016667
0 0.409766 0.159954 0.017969 0.014352
0 0.441667 0.100926 0.009896 0.028704
0 0.452995 0.101389 0.008073 0.032407
0 0.465104 0.101157 0.008854 0.036574
0 0.477344 0.104167 0.010937 0.038889
0 0.487500 0.104861 0.009375 0.034722
0 0.499219 0.103472 0.007812 0.031944
0 0.511719 0.104167 0.009375 0.030556
0 0.535807 0.105556 0.008073 0.030556
0 0.557422 0.106481 0.011719 0.032407
0 0.569010 0.105324 0.013021 0.012500
0 0.570443 0.120139 0.012760 0.012500
0 0.597005 0.047454 0.006510 0.027315
0 0.619531 0.049306 0.009896 0.027315
0 0.629948 0.046991 0.005729 0.030093
0 0.622917 0.115509 0.018229 0.016204
0 0.622917 0.132407 0.018229 0.015741
0 0.449219 0.128241 0.018750 0.016667
0 0.452865 0.157176 0.008333 0.031019
0 0.464453 0.157639 0.008594 0.031944
0 0.476562 0.156944 0.009375 0.030556
0 0.487109 0.156250 0.008594 0.029167
0 0.498047 0.154861 0.008594 0.031944
0 0.509766 0.159722 0.008594 0.036111
0 0.520703 0.160417 0.008594 0.034722
0 0.531641 0.163889 0.008594 0.033333
0 0.544922 0.161806 0.007031 0.034722
2 0.558854 0.159259 0.008333 0.037963
0 0.428906 0.209028 0.020313 0.026389
0 0.371875 0.202778 0.015625 0.033333
0 0.625391 0.198611 0.014844 0.013889
0 0.684766 0.205556 0.014844 0.013889
0 0.561979 0.255787 0.009375 0.028241
0 0.574219 0.286574 0.008333 0.025926
1 0.585547 0.282639 0.008594 0.081944
1 0.621094 0.286806 0.012500 0.081944
1 0.632031 0.285417 0.012500 0.079167
1 0.656250 0.286111 0.010937 0.077778
1 0.667969 0.287500 0.009375 0.077778
1 0.680469 0.292361 0.009375 0.079167
1 0.691406 0.294444 0.009375 0.077778
1 0.703516 0.295139 0.011719 0.079167
0 0.737240 0.295833 0.008333 0.038889
1 0.773568 0.300231 0.013281 0.081944
1 0.787109 0.301157 0.010156 0.081944
1 0.809115 0.300694 0.012500 0.076389
1 0.822266 0.302778 0.013281 0.077778
1 0.844922 0.301389 0.011719 0.080556
1 0.858203 0.302083 0.013281 0.079167
0 0.870313 0.284028 0.007812 0.026389
0 0.878125 0.283333 0.007812 0.030556
0 0.897266 0.289583 0.019531 0.015278
0 0.945833 0.292824 0.016146 0.017130
0 0.981771 0.296296 0.019792 0.017593
1 0.938281 0.395139 0.015625 0.079167
1 0.952344 0.384722 0.009375 0.075000
1 0.964063 0.383333 0.010937 0.077778
1 0.976172 0.383333 0.008594 0.080556
0 0.983203 0.398611 0.006510 0.029630
0 0.945312 0.444907 0.017708 0.016667
1 0.986328 0.600000 0.010156 0.075000
1 0.975000 0.597222 0.009375 0.077778
1 0.962500 0.596528 0.010937 0.073611
1 0.950781 0.596528 0.010937 0.081944
1 0.935547 0.594444 0.014844 0.077778
0 0.923828 0.580556 0.008594 0.036111
2 0.914062 0.581944 0.007812 0.036111
1 0.902734 0.593056 0.010156 0.077778
1 0.892188 0.590972 0.010937 0.076389
1 0.880078 0.591667 0.010156 0.077778
1 0.866667 0.589352 0.016667 0.074074
1 0.819792 0.586806 0.012500 0.073611
1 0.798438 0.587500 0.012500 0.077778
1 0.776172 0.585417 0.011719 0.076389
1 0.762500 0.584722 0.014063 0.077778
1 0.741406 0.584028 0.009375 0.076389
1 0.728906 0.574769 0.011458 0.074537
1 0.591797 0.575000 0.011719 0.080556
1 0.580078 0.572222 0.011719 0.083333
1 0.557813 0.572222 0.010937 0.083333
1 0.545052 0.569676 0.012500 0.077315
1 0.524219 0.572222 0.010937 0.077778
1 0.511328 0.570139 0.010677 0.078241
1 0.477344 0.570139 0.010937 0.073611
1 0.442188 0.565278 0.012500 0.077778
1 0.431641 0.566667 0.010156 0.080556
1 0.408594 0.563889 0.010937 0.075000
1 0.397656 0.563194 0.010937 0.076389
2 0.388151 0.563194 0.008073 0.031944
1 0.376563 0.561806 0.012500 0.076389
1 0.363281 0.564583 0.010937 0.081944
1 0.341797 0.559028 0.011719 0.073611
1 0.329688 0.557639 0.009375 0.079167
1 0.318359 0.557639 0.010156 0.079167
1 0.307031 0.557176 0.007812 0.074537
1 0.296484 0.558796 0.010156 0.074074
1 0.283984 0.556944 0.010156 0.080556
1 0.274219 0.557639 0.010937 0.079167
1 0.261849 0.555787 0.010677 0.071759
1 0.229297 0.554167 0.013281 0.077778
1 0.216406 0.550694 0.010937 0.079167
1 0.205469 0.550000 0.010937 0.075000
1 0.193750 0.550000 0.010937 0.077778
1 0.183203 0.548611 0.010156 0.075000
1 0.172266 0.547917 0.011719 0.073611
1 0.161328 0.547454 0.011719 0.075463
1 0.129036 0.542824 0.017448 0.080093
0 0.116797 0.518056 0.007031 0.033333
0 0.050391 0.423611 0.011719 0.028704
0 0.071094 0.404630 0.011979 0.028704
0 0.042188 0.566667 0.020313 0.019444
0 0.042578 0.584028 0.016406 0.018056
1 0.896094 0.165509 0.012500 0.083796
0 0.769141 0.157870 0.009115 0.032407
0 0.778776 0.160417 0.008073 0.033796
0 0.789714 0.160417 0.009635 0.030093
0 0.801172 0.163657 0.008073 0.031944
0 0.812109 0.161111 0.008594 0.033333
0 0.821875 0.159722 0.007812 0.022222
0 0.830859 0.162500 0.008073 0.032407
0 0.842057 0.164815 0.009115 0.034259
0 0.852474 0.163194 0.008073 0.032870
1 0.111198 0.394676 0.026042 0.055093
1 0.127995 0.394213 0.025260 0.052315
1 0.252344 0.402315 0.023438 0.052778
1 0.267578 0.402778 0.022135 0.050926
1 0.316927 0.405093 0.022917 0.050926
1 0.379036 0.408333 0.023698 0.051852
1 0.411458 0.412269 0.023438 0.051389
1 0.442839 0.413426 0.023177 0.052778
1 0.588021 0.419907 0.022396 0.052778
1 0.604297 0.420833 0.021094 0.050926
1 0.621094 0.422454 0.021354 0.050463
1 0.636198 0.423611 0.018750 0.050000
1 0.652604 0.425463 0.021354 0.054630
1 0.668620 0.425463 0.022135 0.051852
1 0.780729 0.432176 0.023438 0.051389
1 0.830599 0.437037 0.024219 0.050926
1 0.877604 0.440046 0.023958 0.056944
1 0.994401 0.596991 0.011198 0.082870
1 0.994401 0.384028 0.011198 0.078241
0 0.919922 0.290046 0.018490 0.016204
0 0.534896 0.241435 0.007292 0.026389
0 0.526563 0.240741 0.007812 0.031481
0 0.518099 0.240509 0.009115 0.027315
0 0.494792 0.238889 0.008333 0.025926
0 0.485938 0.237963 0.008854 0.025926
0 0.476562 0.239120 0.008854 0.024537
0 0.468099 0.240046 0.008073 0.024537
0 0.458854 0.237269 0.007292 0.026389
0 0.440755 0.236111 0.007552 0.029630
2 0.431641 0.235417 0.006510 0.026389
0 0.423568 0.235185 0.007031 0.027778
0 0.414453 0.234259 0.009635 0.029630
2 0.404036 0.232176 0.009115 0.028241
0 0.385417 0.084722 0.007812 0.034259
0 0.595313 0.009491 0.009375 0.018056
0 0.584635 0.008333 0.007292 0.015741
0 0.619661 0.010185 0.010677 0.019444
1 0.844271 0.036574 0.013542 0.072222
1 0.819531 0.036806 0.015104 0.072685
1 0.796094 0.035880 0.011979 0.070833
