0 0.377474 0.033565 0.020573 0.014352
0 0.405469 0.058333 0.017188 0.016667
0 0.408594 0.075000 0.015625 0.013889
0 0.407422 0.104167 0.017969 0.013889
0 0.409375 0.121528 0.018750 0.012500
0 0.410677 0.145833 0.016146 0.017593
0 0.409375 0.163889 0.018750 0.013889
0 0.450911 0.185648 0.016927 0.026852
0 0.443359 0.218056 0.017969 0.030556
0 0.469531 0.118056 0.020313 0.016667
0 0.468359 0.135417 0.019531 0.015278
0 0.470313 0.156250 0.018750 0.015278
0 0.469141 0.171528 0.017969 0.015278
0 0.498047 0.107639 0.008594 0.029167
0 0.510938 0.107639 0.009375 0.034722
0 0.521875 0.106944 0.009375 0.033333
0 0.534505 0.106481 0.009115 0.032407
0 0.546094 0.108796 0.008854 0.034259
0 0.556641 0.104167 0.008594 0.027778
0 0.568620 0.105787 0.009115 0.032870
0 0.592839 0.103472 0.009635 0.032870
0 0.614193 0.101852 0.008594 0.030556
0 0.627734 0.097917 0.013281 0.015278
0 0.629297 0.112500 0.013281 0.013889
0 0.651172 0.038194 0.007031 0.029167
0 0.673828 0.037500 0.008073 0.029630
0 0.685547 0.035417 0.008073 0.033796
0 0.681250 0.101389 0.018750 0.013889
0 0.681641 0.117361 0.019531 0.018056
0 0.489193 0.216667 0.019010 0.017593
0 0.502865 0.191204 0.012500 0.011111
0 0.506250 0.136111 0.020313 0.019444
0 0.510938 0.164583 0.007812 0.031944
0 0.523177 0.162269 0.007292 0.030093
0 0.535156 0.162731 0.008333 0.032870
0 0.546745 0.159259 0.007552 0.028704
0 0.557682 0.158333 0.006510 0.032407
0 0.568359 0.156944 0.008594 0.030556
0 0.579036 0.159491 0.007031 0.032870
0 0.590625 0.162037 0.007812 0.034259
0 0.603906 0.157176 0.007812 0.031019
0 0.617839 0.152546 0.008594 0.036574
0 0.559896 0.191667 0.013021 0.012963
0 0.624349 0.250231 0.009115 0.029167
0 0.637500 0.280556 0.007812 0.027778
1 0.648438 0.272685 0.013021 0.081481
1 0.683594 0.275000 0.015625 0.083333
1 0.697266 0.273611 0.013281 0.086111
1 0.719141 0.271528 0.013281 0.079167
1 0.732422 0.271528 0.013281 0.081944
1 0.744922 0.278472 0.011719 0.081944
1 0.756641 0.277083 0.013281 0.081944
1 0.767969 0.273611 0.012500 0.080556
0 0.802344 0.266667 0.012500 0.033333
1 0.837891 0.268056 0.013281 0.080556
1 0.851562 0.270833 0.012500 0.077778
1 0.874219 0.266667 0.015625 0.080556
1 0.887500 0.264583 0.010937 0.079167
1 0.909505 0.265741 0.015885 0.076852
1 0.923828 0.264815 0.009115 0.079630
0 0.828125 0.128472 0.007812 0.031944
0 0.837500 0.129167 0.007812 0.033333
0 0.849219 0.128472 0.007812 0.031944
0 0.860417 0.128009 0.008854 0.031019
0 0.871094 0.125000 0.009375 0.030556
0 0.880859 0.127083 0.008594 0.029167
0 0.889453 0.126389 0.008594 0.033333
0 0.900391 0.125463 0.007031 0.032407
0 0.911979 0.123148 0.008333 0.032407
1 0.954818 0.121065 0.015365 0.079167
0 0.934375 0.244444 0.006250 0.027778
0 0.960156 0.245833 0.018750 0.013889
0 0.942969 0.243056 0.009375 0.033333
0 0.994922 0.530556 0.007031 0.027778
2 0.985938 0.536806 0.009375 0.034722
1 0.977474 0.547917 0.011198 0.073611
1 0.965234 0.547222 0.013281 0.075000
1 0.953125 0.547917 0.010937 0.073611
1 0.938932 0.547454 0.014323 0.075463
1 0.893359 0.551620 0.013281 0.075463
1 0.869141 0.554630 0.013281 0.075926
1 0.847526 0.555093 0.012240 0.074074
1 0.835026 0.554630 0.015885 0.075926
1 0.813281 0.555556 0.010937 0.075000
1 0.801172 0.548380 0.014844 0.077315
1 0.663542 0.564120 0.009896 0.074537
1 0.651693 0.565741 0.013802 0.081481
1 0.630078 0.565278 0.013281 0.075000
1 0.617578 0.568750 0.011719 0.079167
1 0.595703 0.570370 0.010156 0.074074
1 0.584375 0.571528 0.012500 0.076389
1 0.548438 0.572917 0.012500 0.076389
1 0.514453 0.570139 0.010156 0.079167
1 0.503516 0.575000 0.011719 0.077778
1 0.481771 0.577546 0.010937 0.073611
1 0.469531 0.578472 0.010937 0.076389
2 0.459375 0.576389 0.009375 0.036111
1 0.447005 0.575926 0.012760 0.076852
1 0.435417 0.579167 0.010417 0.077778
1 0.412500 0.578472 0.012500 0.073611
1 0.401172 0.577083 0.011719 0.076389
1 0.389453 0.578472 0.010156 0.076389
1 0.377344 0.581250 0.010937 0.076389
1 0.367188 0.582639 0.012500 0.073611
1 0.354297 0.581250 0.010156 0.076389
1 0.344661 0.581944 0.011719 0.075000
1 0.332422 0.583333 0.011719 0.071296
1 0.299219 0.584028 0.014063 0.076389
1 0.287109 0.583333 0.011719 0.075000
1 0.275130 0.586806 0.010156 0.079167
1 0.265234 0.586111 0.010156 0.073148
1 0.254427 0.588426 0.010937 0.075000
1 0.242188 0.588194 0.012500 0.079167
1 0.230859 0.589583 0.011719 0.073611
1 0.198698 0.583102 0.014063 0.079167
0 0.185156 0.563889 0.007812 0.027778
0 0.135156 0.453472 0.010937 0.031944
0 0.116276 0.475000 0.011198 0.027778
0 0.112240 0.621991 0.017188 0.012500
0 0.113021 0.638889 0.015625 0.010185
0 0.022135 0.457639 0.009375 0.035648
0 0.005990 0.460185 0.009896 0.033333
0 0.020052 0.289352 0.010417 0.032407
0 0.036719 0.287500 0.009375 0.037037
0 0.063802 0.278472 0.008333 0.030093
0 0.015234 0.042824 0.019010 0.015278
0 0.035286 0.046528 0.019531 0.016204
0 0.055208 0.042130 0.019271 0.014815
0 0.075130 0.036806 0.017969 0.015278
0 0.096224 0.033102 0.017969 0.013426
0 0.114583 0.031250 0.020313 0.017130
0 0.079557 0.012963 0.019531 0.014815
0 0.102865 0.007176 0.018229 0.013426
0 0.134635 0.027315 0.019271 0.012037
0 0.172396 0.021528 0.020313 0.014352
0 0.193750 0.011806 0.019792 0.019907
0 0.153125 0.024074 0.018750 0.014815
0 0.137760 0.005556 0.023438 0.010185
0 0.267318 0.011111 0.015885 0.020370
0 0.441406 0.097454 0.008333 0.031019
2 0.465755 0.243287 0.009115 0.027315
0 0.475911 0.243287 0.009115 0.027315
0 0.485807 0.244213 0.007552 0.029167
2 0.492839 0.243519 0.008594 0.027778
0 0.501953 0.243287 0.007552 0.027315
0 0.511198 0.242361 0.009375 0.027315
2 0.455859 0.247222 0.008073 0.027778
0 0.520443 0.243287 0.007031 0.024537
0 0.529297 0.244444 0.007031 0.022222
0 0.538021 0.242361 0.009375 0.021759
0 0.547005 0.241435 0.009115 0.028241
0 0.556641 0.240972 0.009115 0.027315
0 0.580599 0.239815 0.006510 0.024074
0 0.588802 0.239120 0.008854 0.027315
0 0.596745 0.237037 0.008073 0.027778
1 0.852214 0.019907 0.013802 0.038889
1 0.876302 0.021759 0.014583 0.042593
1 0.898568 0.018750 0.012760 0.036574
0 0.983724 0.244444 0.019531 0.016667
0 0.984115 0.386111 0.013021 0.032407
1 0.945182 0.397222 0.025260 0.052778
1 0.898047 0.397917 0.026302 0.050463
1 0.847526 0.403935 0.026823 0.053241
1 0.736198 0.407870 0.023438 0.052778
1 0.719010 0.409491 0.021354 0.050463
1 0.702604 0.409028 0.019792 0.046759
1 0.687370 0.409491 0.022656 0.048611
1 0.670833 0.411806 0.021875 0.048611
1 0.653125 0.409259 0.022917 0.047222
1 0.509635 0.419444 0.022396 0.050926
1 0.476823 0.422454 0.022917 0.052315
1 0.444661 0.423843 0.024740 0.050463
1 0.382292 0.427315 0.021875 0.050000
1 0.333203 0.430093 0.024219 0.050000
1 0.317578 0.432176 0.023698 0.051389
1 0.174349 0.439120 0.026302 0.053241
1 0.192578 0.437269 0.024740 0.053241
