0 0.107422 0.116435 0.018490 0.020833
2 0.166536 0.033102 0.021615 0.018981
0 0.029687 0.208565 0.018750 0.019907
0 0.051302 0.192824 0.018750 0.021759
0 0.127734 0.145139 0.017969 0.020833
0 0.028646 0.232639 0.020313 0.023611
0 0.048698 0.223380 0.018750 0.017130
0 0.066276 0.210880 0.019531 0.020833
0 0.320703 0.106944 0.017969 0.019444
0 0.396875 0.178009 0.009375 0.024537
0 0.404687 0.205787 0.010937 0.022685
0 0.589974 0.219676 0.011719 0.029167
0 0.765495 0.168287 0.011198 0.033796
0 0.917057 0.083333 0.020052 0.020370
1 0.884896 0.268981 0.035417 0.057407
1 0.892188 0.408333 0.023438 0.075000
1 0.867839 0.417824 0.021615 0.079167
1 0.557682 0.567130 0.018490 0.073148
0 0.139063 0.616204 0.013021 0.026852
0 0.123307 0.646528 0.012760 0.027315
0 0.021745 0.493750 0.011719 0.031944
0 0.047656 0.475463 0.010937 0.026852
0 0.028516 0.666204 0.011719 0.032407
0 0.012500 0.675463 0.010937 0.031481
0 0.540234 0.088889 0.011719 0.030556
0 0.519141 0.105556 0.011719 0.033333
0 0.558333 0.137963 0.009896 0.030556
2 0.571484 0.128704 0.013281 0.033333
0 0.481380 0.210648 0.017448 0.020370
0 0.532292 0.206944 0.018750 0.017593
0 0.454167 0.243519 0.018229 0.016667
0 0.607161 0.245602 0.008594 0.029167
0 0.460547 0.156250 0.017969 0.020833
0 0.202344 0.704167 0.010937 0.030556
0 0.986979 0.206481 0.017188 0.020370
0 0.006641 0.501852 0.010156 0.031481
0 0.009505 0.246296 0.018490 0.021296
0 0.084245 0.201620 0.017448 0.017130
0 0.082161 0.174306 0.018490 0.021759
0 0.122526 0.177778 0.017969 0.017593
0 0.139583 0.161111 0.017708 0.026852
0 0.013542 0.055787 0.018750 0.021759
0 0.044792 0.037500 0.018750 0.019444
0 0.065755 0.027083 0.019531 0.021759
0 0.085286 0.017361 0.018490 0.019907
0 0.104167 0.011111 0.019271 0.014815
2 0.152214 0.020370 0.017448 0.016667
0 0.122266 0.005787 0.013802 0.010648
0 0.211979 0.129630 0.014063 0.016667
0 0.354818 0.121065 0.014323 0.017130
0 0.357943 0.135648 0.017448 0.019444
0 0.361198 0.164815 0.018229 0.014815
0 0.364714 0.180093 0.018490 0.018519
0 0.368750 0.204167 0.018229 0.018519
0 0.370182 0.222917 0.015365 0.015278
0 0.424609 0.171065 0.017969 0.017130
0 0.428516 0.188657 0.018490 0.018981
0 0.428255 0.206481 0.017969 0.018519
0 0.423568 0.153472 0.017448 0.017130
2 0.425130 0.284954 0.008594 0.029167
2 0.435156 0.277546 0.010417 0.029167
0 0.444401 0.273843 0.009635 0.030093
0 0.453906 0.270833 0.009375 0.029630
2 0.460938 0.268056 0.009896 0.028704
0 0.468490 0.181250 0.009896 0.030093
0 0.449609 0.132407 0.010156 0.028704
0 0.461589 0.126389 0.010677 0.030556
0 0.472135 0.121065 0.011979 0.032870
0 0.484375 0.116435 0.009896 0.031944
0 0.494531 0.113889 0.012500 0.033333
0 0.504167 0.163426 0.010417 0.030556
0 0.513932 0.156250 0.008594 0.031944
0 0.506380 0.106019 0.011719 0.033333
0 0.524479 0.153241 0.010417 0.033333
0 0.535286 0.150000 0.010156 0.032407
0 0.492188 0.172685 0.011979 0.034259
0 0.480859 0.174769 0.011198 0.031019
0 0.470443 0.263889 0.009635 0.027778
0 0.479167 0.259722 0.009375 0.027778
0 0.488802 0.256944 0.009896 0.025926
0 0.497135 0.253009 0.009896 0.023611
0 0.505599 0.248380 0.008594 0.022685
0 0.514323 0.242130 0.008854 0.027778
0 0.523438 0.239583 0.010417 0.027315
0 0.546484 0.228241 0.010677 0.025000
0 0.554427 0.223611 0.009896 0.027778
0 0.562370 0.220139 0.009635 0.026389
0 0.561068 0.081250 0.011198 0.029167
0 0.573828 0.071528 0.014323 0.015278
0 0.576562 0.085880 0.014063 0.015278
1 0.616667 0.233796 0.021875 0.079630
1 0.651823 0.218981 0.020313 0.080556
1 0.664062 0.212500 0.017708 0.073148
0 0.627734 0.053935 0.017969 0.019907
0 0.630078 0.070139 0.019010 0.017130
1 0.685156 0.203472 0.020833 0.078241
1 0.696615 0.197454 0.021354 0.078241
1 0.710417 0.195833 0.018750 0.077778
1 0.721224 0.192361 0.021094 0.079167
1 0.733073 0.186111 0.018750 0.077778
1 0.800130 0.153472 0.022656 0.076389
1 0.813281 0.149306 0.020313 0.077315
1 0.835156 0.137963 0.020313 0.080556
1 0.847917 0.130556 0.019792 0.080556
1 0.870313 0.123148 0.022396 0.084259
1 0.883203 0.114583 0.019531 0.078241
0 0.890885 0.092824 0.009375 0.024537
0 0.898307 0.086574 0.010677 0.035185
0 0.938411 0.071528 0.019531 0.021759
0 0.963021 0.061111 0.019792 0.018519
0 0.782813 0.018287 0.009375 0.031944
0 0.773047 0.022685 0.010156 0.032407
0 0.793359 0.015741 0.011198 0.030556
0 0.804167 0.011574 0.010417 0.022222
0 0.816276 0.010417 0.010156 0.019907
0 0.835026 0.006713 0.009635 0.012500
0 0.995313 0.047222 0.009375 0.019444
1 0.973307 0.163194 0.018490 0.080093
1 0.985417 0.148611 0.018229 0.074074
1 0.993750 0.141435 0.012500 0.074537
0 0.958594 0.209028 0.014583 0.029167
1 0.920052 0.235185 0.030208 0.049074
1 0.827083 0.279630 0.028646 0.047222
1 0.717969 0.331250 0.026562 0.049537
1 0.703516 0.338426 0.026823 0.047222
1 0.686458 0.343750 0.026562 0.045833
1 0.671615 0.348843 0.027083 0.043056
1 0.656120 0.357407 0.026302 0.045370
1 0.640234 0.366204 0.026823 0.047222
1 0.499870 0.432407 0.027865 0.046296
1 0.468750 0.448148 0.029167 0.045370
1 0.438021 0.461806 0.027604 0.049537
1 0.377083 0.490046 0.028646 0.044907
1 0.329688 0.513889 0.029687 0.045370
1 0.314583 0.520370 0.028125 0.046296
1 0.191016 0.576852 0.030469 0.045370
1 0.176172 0.586111 0.028906 0.044444
1 0.217708 0.721528 0.023438 0.075463
1 0.249349 0.708796 0.019531 0.077778
1 0.261198 0.703935 0.020833 0.077315
1 0.270703 0.700231 0.022135 0.076389
1 0.283203 0.694213 0.020052 0.079167
1 0.293620 0.686111 0.019010 0.075926
1 0.304688 0.683796 0.020833 0.077778
1 0.317318 0.678935 0.021615 0.078241
1 0.348438 0.663194 0.018750 0.073611
1 0.359766 0.659491 0.020052 0.075463
1 0.370182 0.653472 0.019010 0.077315
1 0.382292 0.648148 0.020313 0.074074
1 0.392839 0.641667 0.018490 0.079630
1 0.403776 0.636111 0.018490 0.081481
1 0.413802 0.631019 0.018750 0.075926
1 0.425391 0.625694 0.020573 0.074537
1 0.447396 0.615509 0.018750 0.075463
1 0.457943 0.609954 0.020052 0.075463
2 0.470703 0.606019 0.010156 0.034259
1 0.480859 0.600000 0.018490 0.076852
1 0.491927 0.595139 0.019271 0.073611
1 0.512370 0.583102 0.019010 0.075463
1 0.524349 0.576389 0.021094 0.075926
1 0.591146 0.547685 0.018750 0.082407
1 0.603385 0.542593 0.019792 0.076852
1 0.623437 0.531944 0.019271 0.077778
1 0.634635 0.524537 0.020833 0.080556
1 0.657422 0.515278 0.021094 0.084259
1 0.668490 0.509491 0.020313 0.077315
1 0.800260 0.440509 0.020833 0.079167
1 0.813021 0.443750 0.021354 0.079167
1 0.834505 0.433102 0.021615 0.078241
1 0.846354 0.427546 0.019271 0.075463
1 0.933854 0.384491 0.022917 0.075463
1 0.947005 0.378241 0.021094 0.075000
1 0.959766 0.373611 0.020052 0.075926
1 0.971224 0.368981 0.021094 0.078704
2 0.978385 0.351852 0.015625 0.037963
0 0.986458 0.343750 0.009896 0.032870
