0 0.129948 0.077315 0.006771 0.031481
0 0.130599 0.121759 0.008594 0.033333
0 0.132812 0.193519 0.007292 0.029630
0 0.133594 0.287500 0.006771 0.024074
0 0.138281 0.350694 0.007812 0.034722
0 0.138281 0.400000 0.009375 0.036111
0 0.137891 0.444444 0.008594 0.033333
2 0.139453 0.497222 0.010156 0.038889
0 0.146875 0.543750 0.008854 0.031019
0 0.166406 0.523611 0.010937 0.033333
2 0.143229 0.585185 0.008333 0.033333
0 0.146094 0.620833 0.007812 0.033333
0 0.153906 0.662500 0.007812 0.036111
0 0.167057 0.659259 0.008594 0.036111
0 0.147396 0.696528 0.010417 0.034722
0 0.154427 0.759028 0.008333 0.032870
2 0.152995 0.801389 0.010156 0.036111
2 0.154297 0.843056 0.008594 0.030556
2 0.172266 0.804861 0.011719 0.056944
0 0.180990 0.922917 0.010417 0.033796
0 0.192578 0.227778 0.007031 0.028704
0 0.250781 0.214583 0.018750 0.018056
0 0.275781 0.195139 0.017188 0.018056
0 0.279297 0.213889 0.016406 0.016667
0 0.251953 0.257639 0.021094 0.018056
0 0.276953 0.252083 0.014844 0.015278
0 0.251953 0.277778 0.021094 0.016667
0 0.314974 0.201852 0.007552 0.034259
0 0.323568 0.201852 0.006510 0.036111
1 0.410938 0.050000 0.043750 0.019444
1 0.412109 0.068056 0.042969 0.016667
1 0.409766 0.089583 0.044531 0.018056
1 0.408984 0.112500 0.042969 0.016667
1 0.408464 0.134722 0.042969 0.023148
1 0.408854 0.175926 0.043750 0.019444
1 0.409375 0.197917 0.043750 0.020833
1 0.409375 0.259722 0.046875 0.022222
0 0.411719 0.281250 0.014063 0.015278
0 0.394531 0.302778 0.017188 0.016667
2 0.341146 0.312963 0.020833 0.015741
0 0.343620 0.337269 0.017448 0.012500
0 0.343750 0.380556 0.018750 0.019444
0 0.343750 0.400000 0.018750 0.019444
0 0.343359 0.420833 0.017969 0.019444
0 0.343750 0.438889 0.017188 0.016667
0 0.344922 0.459722 0.017969 0.016667
0 0.344141 0.480556 0.017969 0.016667
0 0.375521 0.400000 0.009375 0.031481
0 0.310156 0.297222 0.007812 0.027778
0 0.319531 0.294444 0.007812 0.025000
0 0.312500 0.320139 0.017188 0.020833
0 0.312891 0.354861 0.017969 0.018056
0 0.313932 0.399537 0.017969 0.015741
0 0.313802 0.421296 0.018229 0.013889
0 0.314974 0.440972 0.019010 0.014352
0 0.313672 0.460417 0.019531 0.018056
0 0.313672 0.482639 0.019531 0.018056
0 0.313802 0.502315 0.019271 0.015741
0 0.314193 0.523843 0.014323 0.014352
0 0.329688 0.512500 0.007812 0.033333
0 0.345052 0.501389 0.017188 0.012963
2 0.375781 0.542361 0.007812 0.034722
0 0.319271 0.573611 0.007812 0.031481
0 0.329688 0.576389 0.009375 0.033333
0 0.339714 0.574769 0.007552 0.031019
0 0.349349 0.576620 0.007031 0.031019
0 0.360677 0.600000 0.013021 0.030556
0 0.343359 0.618519 0.011719 0.014815
0 0.325781 0.625694 0.013542 0.012500
0 0.270703 0.737500 0.008594 0.029630
0 0.285677 0.688194 0.006771 0.031944
0 0.294922 0.682639 0.008594 0.031944
0 0.311328 0.684028 0.008594 0.034722
0 0.320573 0.682639 0.007292 0.032870
0 0.334245 0.681713 0.008594 0.032870
0 0.344531 0.682639 0.010937 0.031944
1 0.572917 0.234722 0.044792 0.019444
1 0.572266 0.256250 0.044531 0.020833
1 0.572266 0.295139 0.046094 0.018056
1 0.572656 0.318056 0.043750 0.019444
1 0.575391 0.355556 0.044531 0.019444
1 0.575000 0.379167 0.045312 0.019444
1 0.575781 0.440046 0.043750 0.021759
1 0.574609 0.502778 0.044531 0.022222
1 0.576953 0.522222 0.042969 0.016667
1 0.577344 0.562500 0.043750 0.016667
1 0.576562 0.581944 0.042188 0.019444
2 0.577083 0.600231 0.019271 0.014352
1 0.576953 0.622917 0.042969 0.018056
1 0.577344 0.643056 0.043750 0.019444
1 0.577344 0.684028 0.043750 0.018056
1 0.577734 0.704167 0.044531 0.016667
1 0.578125 0.724306 0.043750 0.018056
1 0.577995 0.744676 0.044010 0.019907
1 0.579427 0.764120 0.042708 0.019907
1 0.579297 0.786111 0.042969 0.016667
1 0.579297 0.806250 0.042969 0.015278
1 0.579297 0.827778 0.042969 0.016667
1 0.580078 0.886806 0.042969 0.020833
1 0.578906 0.908333 0.043750 0.022222
2 0.056901 0.313426 0.019010 0.029630
2 0.157031 0.925463 0.009896 0.034259
0 0.162500 0.982176 0.009896 0.033796
0 0.206771 0.956481 0.006771 0.031481
0 0.257031 0.933102 0.010417 0.022685
2 0.390755 0.535880 0.015885 0.013426
0 0.390365 0.566898 0.016146 0.015278
2 0.389844 0.583102 0.017708 0.012500
2 0.390625 0.601620 0.015625 0.012500
0 0.391146 0.549537 0.017188 0.012037
0 0.389844 0.519676 0.016146 0.013426
0 0.390755 0.503241 0.015365 0.014815
0 0.390885 0.486111 0.015104 0.012963
0 0.391146 0.470833 0.013542 0.012037
0 0.390625 0.454861 0.013542 0.013426
0 0.390234 0.439815 0.014323 0.012963
0 0.389583 0.423611 0.015625 0.015741
0 0.389714 0.381481 0.015365 0.013889
0 0.388672 0.364815 0.015365 0.014815
0 0.388932 0.351620 0.014844 0.013426
1 0.485417 0.105093 0.029687 0.042593
1 0.485677 0.134722 0.028646 0.037037
1 0.485807 0.165972 0.029427 0.035648
1 0.485547 0.192361 0.028906 0.038426
1 0.486068 0.221528 0.027865 0.041204
1 0.486979 0.252315 0.027604 0.041667
1 0.489063 0.508565 0.029687 0.043981
1 0.490104 0.566435 0.029687 0.043981
1 0.490625 0.623148 0.030208 0.042593
1 0.491536 0.736111 0.029948 0.044444
1 0.493229 0.823380 0.030208 0.040278
1 0.493490 0.851852 0.029687 0.042593
1 0.580078 0.988194 0.044531 0.020833
1 0.580339 0.968519 0.045052 0.022222
1 0.579688 0.947917 0.043229 0.020833
1 0.578125 0.928472 0.042708 0.018981
