0 0.219922 0.075000 0.010156 0.030556
0 0.216406 0.167361 0.007812 0.031944
0 0.252083 0.142824 0.007292 0.032870
0 0.244531 0.016667 0.007812 0.030556
0 0.252734 0.271296 0.008594 0.037037
0 0.247656 0.425694 0.007812 0.031944
0 0.234766 0.486343 0.008073 0.031944
0 0.242969 0.576389 0.010937 0.033333
0 0.202083 0.470833 0.008333 0.031481
0 0.203385 0.701157 0.007812 0.029167
0 0.176693 0.803704 0.008594 0.029630
1 0.305859 0.718750 0.046094 0.020833
1 0.308333 0.759491 0.046354 0.019907
1 0.306641 0.802083 0.044531 0.018056
1 0.377995 0.627546 0.042969 0.017130
0 0.448828 0.620139 0.008594 0.034722
0 0.445052 0.652083 0.018229 0.013426
0 0.448177 0.668056 0.014063 0.013889
0 0.379167 0.699769 0.017188 0.014352
0 0.379818 0.720602 0.016927 0.014352
0 0.379427 0.736806 0.018229 0.012500
0 0.378255 0.753935 0.013802 0.014352
0 0.379036 0.769907 0.019531 0.013889
0 0.379427 0.789583 0.017188 0.014352
0 0.378906 0.809954 0.017708 0.014352
0 0.378646 0.827778 0.017188 0.013889
0 0.376953 0.843750 0.017969 0.015278
0 0.453906 0.897917 0.020313 0.015278
1 0.455208 0.838426 0.044271 0.018519
1 0.455078 0.815046 0.045573 0.019907
1 0.455469 0.775694 0.045312 0.015278
1 0.455339 0.753704 0.045573 0.023148
1 0.456510 0.712963 0.043229 0.017593
1 0.457813 0.690278 0.046875 0.016667
0 0.449740 0.535185 0.008333 0.034259
0 0.450391 0.467361 0.008594 0.037500
0 0.451562 0.423611 0.009375 0.033333
0 0.451693 0.387269 0.009115 0.032870
0 0.451953 0.341204 0.007552 0.030556
0 0.452865 0.299074 0.008333 0.032407
0 0.452734 0.257639 0.007031 0.026389
0 0.453125 0.220833 0.006771 0.029630
0 0.454297 0.181481 0.008073 0.026852
1 0.489453 0.181944 0.044531 0.022222
1 0.489453 0.202778 0.044531 0.022222
1 0.489844 0.222222 0.042188 0.019444
1 0.488672 0.241667 0.042969 0.022222
0 0.499870 0.283565 0.018490 0.013426
1 0.487891 0.303472 0.042969 0.020833
1 0.489063 0.323611 0.043750 0.016667
1 0.489844 0.344444 0.040625 0.016667
0 0.493750 0.363889 0.018750 0.016667
1 0.498437 0.386111 0.042188 0.016667
1 0.499219 0.404167 0.042188 0.019444
1 0.499219 0.424306 0.043750 0.018056
0 0.506641 0.445833 0.016927 0.012963
1 0.498958 0.467361 0.042708 0.017130
1 0.499870 0.486343 0.041406 0.015278
1 0.500391 0.508333 0.042969 0.019444
1 0.504687 0.527083 0.040625 0.012500
0 0.533073 0.510648 0.008333 0.029630
0 0.526172 0.560648 0.017448 0.023148
1 0.609896 0.891435 0.044792 0.018981
1 0.614062 0.868750 0.045312 0.020833
1 0.614844 0.830556 0.043750 0.016667
1 0.614844 0.809722 0.043750 0.022222
1 0.616016 0.766667 0.044531 0.019444
1 0.616016 0.726389 0.042969 0.019444
1 0.615625 0.645833 0.045312 0.016667
1 0.615625 0.626389 0.045312 0.022222
1 0.616016 0.606713 0.044531 0.019907
1 0.616927 0.585185 0.044271 0.017593
2 0.609766 0.566667 0.021094 0.013889
0 0.608203 0.547917 0.017969 0.015278
1 0.617188 0.526389 0.043750 0.019444
1 0.616797 0.502083 0.044531 0.018056
1 0.617578 0.482639 0.042969 0.018056
1 0.617188 0.463889 0.043750 0.019444
1 0.617969 0.443750 0.043750 0.020833
1 0.617188 0.422917 0.045312 0.015278
0 0.605990 0.402778 0.016146 0.011111
0 0.615495 0.381713 0.017969 0.015278
1 0.620313 0.342824 0.043750 0.018981
1 0.619141 0.301389 0.042969 0.022222
1 0.621094 0.279167 0.043750 0.019444
0 0.610677 0.260417 0.015625 0.013426
1 0.621094 0.238194 0.045312 0.018056
0 0.618750 0.179861 0.017188 0.014352
1 0.621354 0.157870 0.043229 0.019444
1 0.621094 0.116898 0.043750 0.019907
0 0.611328 0.096528 0.017969 0.015278
1 0.621354 0.073611 0.043229 0.019444
0 0.620703 0.037500 0.016406 0.016667
0 0.532943 0.037963 0.017448 0.013889
1 0.579427 0.116204 0.010937 0.080556
2 0.485156 0.104630 0.020313 0.013889
0 0.175000 0.942824 0.007292 0.032870
0 0.190234 0.963889 0.007552 0.033333
0 0.173568 0.985417 0.009115 0.029167
1 0.454036 0.959491 0.044010 0.022685
1 0.454688 0.981481 0.044271 0.022222
0 0.448828 0.585880 0.007552 0.020833
1 0.530990 0.633565 0.029687 0.039352
1 0.529167 0.802546 0.028125 0.039352
1 0.528646 0.988657 0.028646 0.022685
