0 0.224609 0.107639 0.010156 0.029167
0 0.247917 0.143056 0.008333 0.033333
0 0.248047 0.272222 0.008594 0.031481
0 0.248438 0.408102 0.006771 0.031019
0 0.236458 0.471528 0.008333 0.031944
0 0.245703 0.564583 0.010156 0.029167
0 0.174870 0.662963 0.008594 0.028704
0 0.196094 0.793750 0.007812 0.034722
0 0.204167 0.486111 0.008333 0.031481
0 0.208203 0.397454 0.007552 0.030093
0 0.220703 0.315972 0.008073 0.031944
1 0.525781 0.019444 0.043750 0.025000
1 0.525391 0.079861 0.042969 0.023611
0 0.608984 0.014352 0.016406 0.013889
0 0.521484 0.143750 0.021094 0.018056
0 0.539974 0.145602 0.019010 0.014352
0 0.523047 0.163194 0.017969 0.015278
0 0.528646 0.203472 0.017708 0.013426
1 0.569401 0.215741 0.016927 0.077778
1 0.601953 0.168981 0.030469 0.068519
1 0.618359 0.240278 0.044531 0.019444
0 0.607812 0.262731 0.018750 0.013426
1 0.615625 0.283565 0.043750 0.019907
1 0.615755 0.324769 0.044010 0.018981
0 0.613802 0.344676 0.016146 0.014352
1 0.615625 0.405324 0.045312 0.019907
0 0.605990 0.425463 0.016667 0.011111
1 0.615495 0.445602 0.044010 0.017130
1 0.614453 0.465972 0.044531 0.020833
1 0.615234 0.509028 0.042969 0.019907
0 0.609896 0.546759 0.018229 0.012037
0 0.600651 0.567824 0.016406 0.011574
1 0.612891 0.588194 0.044531 0.020833
1 0.613281 0.609722 0.042188 0.019444
1 0.613281 0.627778 0.042188 0.019444
1 0.612500 0.650000 0.045312 0.019444
1 0.612891 0.669444 0.044531 0.019444
1 0.612891 0.689583 0.046094 0.020833
0 0.601953 0.710648 0.019010 0.013889
2 0.604167 0.728935 0.019271 0.016204
1 0.611719 0.749306 0.043750 0.018056
1 0.611328 0.770833 0.044531 0.019444
1 0.610547 0.792361 0.044531 0.015278
1 0.610547 0.812500 0.044531 0.022222
1 0.609766 0.891667 0.041406 0.025000
2 0.481380 0.270602 0.017448 0.017130
1 0.483984 0.344444 0.046094 0.019444
1 0.485547 0.365278 0.044531 0.019444
1 0.486328 0.386111 0.041406 0.016667
1 0.484766 0.409028 0.041406 0.018056
0 0.495182 0.447917 0.018490 0.012500
1 0.483594 0.468056 0.043750 0.016667
1 0.483594 0.488889 0.043750 0.019444
1 0.484375 0.510417 0.042188 0.015278
0 0.489583 0.530556 0.018229 0.013889
1 0.493750 0.548611 0.040625 0.016667
1 0.494922 0.571528 0.042969 0.018056
1 0.493750 0.590278 0.043750 0.019444
0 0.502865 0.611574 0.017188 0.011111
1 0.494531 0.632639 0.042188 0.015278
1 0.495312 0.650694 0.040625 0.018056
1 0.494922 0.671528 0.042969 0.018056
1 0.500781 0.693056 0.042188 0.013889
0 0.528125 0.674537 0.008333 0.028704
0 0.521094 0.725000 0.018750 0.022222
0 0.449609 0.347222 0.007031 0.030556
0 0.449219 0.384028 0.007812 0.031944
0 0.448568 0.423843 0.007552 0.030093
0 0.448177 0.464352 0.009896 0.034259
0 0.448047 0.507639 0.008594 0.029167
0 0.447135 0.553472 0.007292 0.031944
0 0.446875 0.591667 0.007812 0.036111
0 0.445833 0.633333 0.008333 0.036111
0 0.444922 0.787500 0.007031 0.036111
0 0.439453 0.816667 0.017969 0.019444
1 0.373828 0.794444 0.044531 0.016667
1 0.451172 0.859028 0.042969 0.018056
1 0.452083 0.880787 0.044271 0.019907
1 0.451562 0.922222 0.043750 0.025000
0 0.373047 0.868056 0.017969 0.016667
0 0.374219 0.886806 0.018750 0.018056
0 0.375000 0.904167 0.018750 0.016667
0 0.373307 0.919907 0.013281 0.013889
1 0.302344 0.888889 0.045312 0.025000
1 0.303906 0.927083 0.045312 0.020833
0 0.251042 0.011806 0.008854 0.019907
0 0.172917 0.963426 0.006771 0.033333
1 0.302083 0.966435 0.045833 0.022685
0 0.373568 0.993056 0.020052 0.013889
0 0.374479 0.975694 0.019271 0.015278
0 0.373958 0.954861 0.017188 0.014352
0 0.374219 0.938426 0.019271 0.015741
1 0.450651 0.982176 0.044531 0.022685
1 0.450651 0.942361 0.044531 0.022685
0 0.442578 0.833796 0.014323 0.014815
0 0.444531 0.746991 0.008854 0.032870
0 0.445052 0.701389 0.007292 0.033333
1 0.526042 0.796759 0.030208 0.042593
1 0.525130 0.964815 0.028385 0.038889
1 0.608594 0.990741 0.045833 0.018519
1 0.608594 0.973148 0.043750 0.023148
1 0.609375 0.931250 0.044271 0.023611
0 0.618880 0.203704 0.015365 0.012037
