0 0.267969 0.046528 0.009375 0.029167
0 0.261849 0.126852 0.009115 0.031481
0 0.256641 0.237731 0.010156 0.033796
0 0.250911 0.330093 0.010677 0.031481
0 0.246875 0.453704 0.009375 0.031481
0 0.234375 0.494444 0.007812 0.030556
0 0.249479 0.595370 0.009375 0.029630
2 0.214453 0.730324 0.010156 0.034722
0 0.206380 0.806481 0.008594 0.035185
0 0.440755 0.289120 0.008594 0.031019
0 0.539453 0.156944 0.007031 0.030556
2 0.540625 0.204167 0.007812 0.033333
0 0.528906 0.222917 0.007812 0.029167
0 0.529297 0.187500 0.008594 0.033333
2 0.600000 0.049306 0.017188 0.020833
0 0.597656 0.066667 0.017188 0.013889
2 0.599219 0.083333 0.018750 0.016667
0 0.596875 0.102083 0.020313 0.015278
2 0.598437 0.126389 0.019271 0.012037
0 0.610938 0.146991 0.017708 0.013426
1 0.607031 0.209028 0.040625 0.018056
1 0.606641 0.227778 0.042969 0.016667
1 0.607812 0.247917 0.040625 0.020833
1 0.607812 0.269444 0.042188 0.016667
1 0.608203 0.289583 0.041406 0.020833
1 0.607292 0.309028 0.043750 0.018056
1 0.606510 0.331713 0.041667 0.022685
1 0.563281 0.457639 0.014063 0.076389
0 0.608594 0.370833 0.018750 0.013889
0 0.604818 0.391204 0.019531 0.013889
0 0.600651 0.412963 0.018490 0.013889
0 0.605859 0.430787 0.016406 0.014352
0 0.600000 0.450231 0.017188 0.015278
1 0.515755 0.334722 0.041927 0.019444
0 0.523438 0.357639 0.017708 0.013426
0 0.505339 0.375463 0.017448 0.012963
0 0.525260 0.376157 0.017188 0.013426
1 0.516667 0.416898 0.043229 0.018981
0 0.523958 0.435185 0.016146 0.012963
1 0.517318 0.457407 0.044010 0.018519
1 0.517057 0.517130 0.043490 0.018519
0 0.512891 0.578472 0.019531 0.018056
0 0.531771 0.579630 0.017188 0.015741
0 0.514062 0.597917 0.017188 0.012500
0 0.520052 0.637963 0.018750 0.014815
1 0.566927 0.690278 0.023438 0.070370
2 0.472396 0.703472 0.018229 0.013426
0 0.442188 0.780556 0.007812 0.025000
0 0.441406 0.857639 0.007812 0.031944
0 0.441016 0.821528 0.008594 0.029167
0 0.440365 0.901157 0.007812 0.034722
1 0.476953 0.781944 0.042969 0.022222
1 0.476562 0.802083 0.043750 0.018056
1 0.476562 0.823611 0.040625 0.016667
1 0.476172 0.844444 0.041406 0.016667
0 0.487500 0.881250 0.018750 0.015278
1 0.477344 0.902083 0.043750 0.018056
1 0.476172 0.925000 0.041406 0.019444
1 0.605729 0.901157 0.041667 0.018981
1 0.606641 0.879861 0.041406 0.020833
0 0.597266 0.858565 0.016406 0.014352
1 0.606641 0.839815 0.045052 0.018519
0 0.605469 0.779861 0.015625 0.015278
1 0.607812 0.760417 0.043750 0.018056
1 0.608203 0.720139 0.042969 0.020833
0 0.598047 0.697222 0.016406 0.013889
1 0.608594 0.678472 0.043750 0.020833
0 0.608854 0.638194 0.018229 0.015278
1 0.438281 0.116204 0.008333 0.079630
0 0.259115 0.009954 0.008333 0.018981
0 0.440365 0.987269 0.007812 0.025463
0 0.439844 0.942824 0.008333 0.031944
1 0.487500 0.982407 0.044271 0.020370
0 0.482682 0.961574 0.018490 0.013889
1 0.477865 0.944907 0.042708 0.019444
0 0.446875 0.249306 0.007292 0.031944
1 0.555599 0.029861 0.016927 0.058796
1 0.605859 0.941435 0.044010 0.021759
0 0.601172 0.977546 0.020052 0.014352
0 0.591927 0.995602 0.018229 0.008796
0 0.182682 0.171065 0.019010 0.014352
