0 0.277474 0.659491 0.008073 0.030093
0 0.266016 0.649306 0.008594 0.034722
0 0.258724 0.567361 0.008594 0.030093
0 0.270313 0.572454 0.008333 0.034722
0 0.274349 0.504861 0.009115 0.037500
0 0.278516 0.404861 0.008594 0.031944
0 0.272526 0.333333 0.010156 0.029630
0 0.278516 0.278009 0.009115 0.023611
2 0.289714 0.271759 0.009115 0.034259
0 0.285417 0.311806 0.009375 0.029167
0 0.282292 0.359259 0.008333 0.027778
1 0.298698 0.298611 0.012500 0.072222
0 0.369271 0.158333 0.015625 0.019444
0 0.434115 0.171296 0.017708 0.017593
0 0.349479 0.269213 0.010417 0.032870
0 0.822396 0.390509 0.016146 0.021759
0 0.879818 0.052778 0.017448 0.020370
0 0.871875 0.011111 0.017188 0.019444
0 0.989062 0.076620 0.016146 0.019907
1 0.447786 0.519676 0.010156 0.076389
1 0.559766 0.462500 0.013281 0.075000
0 0.547005 0.560417 0.008073 0.031944
2 0.550260 0.605787 0.007292 0.033796
0 0.537500 0.589583 0.007812 0.037500
0 0.538151 0.620139 0.008073 0.031944
1 0.579297 0.706250 0.011719 0.076389
2 0.606901 0.451389 0.015885 0.016667
0 0.605859 0.468750 0.017969 0.015278
2 0.607422 0.485648 0.019010 0.013889
0 0.605469 0.504167 0.018750 0.016667
2 0.605599 0.525694 0.019531 0.014352
0 0.617578 0.545370 0.016927 0.013889
1 0.613151 0.611574 0.040365 0.021296
1 0.615625 0.631944 0.042188 0.019444
1 0.616797 0.653472 0.042969 0.018056
1 0.616016 0.670833 0.042969 0.019444
1 0.616016 0.691667 0.044531 0.019444
1 0.616016 0.712500 0.042969 0.016667
1 0.615625 0.731944 0.039062 0.022222
0 0.618750 0.771528 0.017188 0.015278
0 0.613802 0.788889 0.018229 0.014815
0 0.609115 0.810880 0.018229 0.014352
0 0.614844 0.828704 0.015625 0.012963
0 0.608984 0.848843 0.016406 0.013426
1 0.527214 0.916898 0.041927 0.019907
1 0.527865 0.855787 0.041667 0.020833
0 0.533594 0.836574 0.014583 0.011111
1 0.526563 0.816204 0.045312 0.019444
0 0.514323 0.775463 0.018229 0.012963
0 0.533073 0.756713 0.016667 0.014352
0 0.534635 0.775926 0.018750 0.012963
1 0.525781 0.736111 0.043750 0.022222
0 0.193359 0.580556 0.017969 0.012963
2 0.697786 0.111574 0.018490 0.019444
2 0.903385 0.268750 0.010937 0.032870
0 0.912630 0.273611 0.008594 0.030556
0 0.523177 0.976157 0.017708 0.015278
0 0.542318 0.978009 0.017969 0.016204
0 0.525130 0.994444 0.016927 0.011111
0 0.451693 0.690972 0.006510 0.028241
0 0.456250 0.650694 0.006250 0.032870
