0 0.248307 0.736806 0.007031 0.023611
1 0.254818 0.605787 0.011719 0.078241
0 0.248438 0.473611 0.007812 0.031481
0 0.245833 0.244676 0.008854 0.031944
0 0.260286 0.146065 0.009115 0.032870
0 0.250521 0.100694 0.008854 0.031944
0 0.263542 0.064583 0.008854 0.031944
0 0.454557 0.070370 0.005990 0.032407
0 0.448568 0.110417 0.008073 0.032870
0 0.536068 0.040509 0.005990 0.029167
0 0.535937 0.010880 0.006250 0.020833
2 0.548698 0.023843 0.006771 0.034722
1 0.613151 0.026852 0.040365 0.020370
1 0.614583 0.046528 0.042188 0.020833
1 0.615104 0.065509 0.043750 0.020833
1 0.614844 0.085880 0.042708 0.019907
1 0.615104 0.108333 0.042708 0.021296
1 0.615495 0.128704 0.042448 0.021296
1 0.614323 0.150231 0.039062 0.020833
0 0.616667 0.190046 0.017188 0.013426
0 0.612370 0.208796 0.017448 0.012963
0 0.608984 0.229861 0.017448 0.015278
0 0.612760 0.246991 0.016667 0.015278
0 0.607682 0.268519 0.016927 0.013889
1 0.523438 0.153009 0.043750 0.023611
0 0.531641 0.176157 0.017448 0.014352
0 0.532682 0.195370 0.017969 0.013889
0 0.512500 0.194444 0.018229 0.013889
1 0.524609 0.235185 0.043490 0.019444
0 0.531771 0.254861 0.016667 0.011574
1 0.525130 0.274306 0.042969 0.019907
1 0.525521 0.335417 0.043750 0.021759
0 0.521354 0.396528 0.018229 0.013426
0 0.540495 0.399769 0.017969 0.013426
0 0.523438 0.417824 0.016667 0.016204
0 0.530078 0.456713 0.017448 0.015278
2 0.481901 0.523843 0.018490 0.012500
0 0.451823 0.599074 0.006771 0.025000
0 0.451562 0.639120 0.007292 0.028241
0 0.450781 0.676620 0.007292 0.030093
0 0.451172 0.718519 0.007552 0.030556
0 0.450521 0.761343 0.007812 0.031019
0 0.450391 0.808796 0.008594 0.033333
0 0.449609 0.845833 0.008073 0.033333
0 0.449479 0.888657 0.008333 0.035648
0 0.448177 0.956019 0.007812 0.034259
0 0.525000 0.971065 0.016146 0.021759
0 0.531250 0.921296 0.008333 0.028704
1 0.503516 0.941204 0.040885 0.019444
1 0.499609 0.921991 0.041406 0.022685
1 0.498568 0.900463 0.042448 0.020370
1 0.498047 0.879861 0.042448 0.020833
0 0.504948 0.858796 0.017188 0.013889
1 0.497005 0.840972 0.042448 0.020833
1 0.497656 0.821065 0.042708 0.021759
1 0.496875 0.799074 0.041667 0.020370
0 0.492318 0.780324 0.017448 0.014352
1 0.488411 0.762037 0.042448 0.019444
1 0.486979 0.740509 0.044271 0.020833
1 0.486849 0.721065 0.042969 0.019907
0 0.498177 0.700463 0.018229 0.014815
1 0.486979 0.660417 0.042708 0.019907
1 0.487630 0.640972 0.043490 0.019907
1 0.487500 0.620370 0.043229 0.019444
1 0.486979 0.601389 0.042708 0.021296
0 0.604688 0.956481 0.017708 0.012037
2 0.607292 0.975694 0.019271 0.016204
1 0.613932 0.991898 0.044010 0.016204
1 0.614323 0.935648 0.042708 0.019444
1 0.615365 0.917130 0.042708 0.019444
1 0.614844 0.896296 0.043229 0.020370
1 0.614453 0.875000 0.042969 0.022222
1 0.614714 0.855324 0.043490 0.020833
1 0.614453 0.835648 0.045052 0.022222
0 0.602083 0.815741 0.017708 0.013889
0 0.611328 0.794444 0.018490 0.014815
1 0.616276 0.758102 0.043490 0.020833
1 0.615104 0.715278 0.042708 0.019444
1 0.616536 0.696065 0.042969 0.018981
0 0.607552 0.674769 0.016146 0.012500
1 0.616016 0.656250 0.044531 0.020833
0 0.614844 0.596296 0.015625 0.012963
1 0.616667 0.577778 0.043229 0.020370
1 0.616406 0.535417 0.041667 0.019907
0 0.607161 0.514352 0.016927 0.012037
1 0.617448 0.493750 0.043229 0.019907
0 0.617839 0.456019 0.016406 0.013889
