2 0.120703 0.372917 0.055469 0.026389
0 0.987109 0.440278 0.017969 0.019444
0 0.932422 0.407639 0.019531 0.018056
0 0.931250 0.368750 0.020312 0.018056
0 0.960156 0.257639 0.018750 0.020833
0 0.906641 0.352778 0.019531 0.016667
0 0.860547 0.378472 0.017969 0.018056
0 0.806250 0.387500 0.023438 0.019444
0 0.801953 0.344444 0.016406 0.016667
0 0.815625 0.295139 0.020312 0.015278
0 0.881250 0.285417 0.020312 0.023611
0 0.735547 0.307639 0.019531 0.015278
0 0.715625 0.333333 0.018750 0.016667
0 0.750391 0.394444 0.019531 0.016667
0 0.678125 0.377778 0.015625 0.016667
0 0.672656 0.399306 0.018750 0.012500
0 0.651953 0.361806 0.017969 0.015278
0 0.608203 0.384722 0.017969 0.019444
0 0.566016 0.406944 0.017969 0.019444
0 0.532812 0.386111 0.017188 0.016667
0 0.514453 0.443750 0.017969 0.018056
0 0.596484 0.458333 0.016406 0.016667
0 0.729688 0.428472 0.020312 0.018056
0 0.907812 0.491667 0.018750 0.016667
0 0.679297 0.493750 0.017969 0.018056
0 0.395703 0.482639 0.017969 0.018056
0 0.429688 0.388889 0.017188 0.019444
0 0.436719 0.410417 0.017188 0.015278
0 0.326953 0.504861 0.017969 0.020833
0 0.295312 0.485417 0.018750 0.018056
0 0.246875 0.477778 0.018750 0.016667
0 0.208984 0.520833 0.019531 0.016667
0 0.152344 0.440278 0.017188 0.019444
0 0.194141 0.406944 0.017969 0.016667
0 0.275000 0.413194 0.015625 0.018056
0 0.308984 0.389583 0.014844 0.012500
0 0.284766 0.374306 0.016406 0.018056
0 0.201953 0.331250 0.016406 0.015278
0 0.219922 0.372917 0.013281 0.015278
0 0.246094 0.392361 0.014062 0.012500
0 0.168750 0.347917 0.017188 0.015278
0 0.178516 0.389583 0.016406 0.015278
0 0.028125 0.382639 0.015625 0.012500
0 0.053125 0.405556 0.018750 0.016667
0 0.065234 0.504861 0.017969 0.015278
0 0.501953 0.504167 0.016406 0.016667
0 0.340625 0.400694 0.018750 0.018056
0 0.451562 0.497917 0.018750 0.015278
0 0.867578 0.317361 0.019531 0.015278
0 0.916797 0.311806 0.019531 0.018056
0 0.903516 0.333333 0.022656 0.019444
0 0.795313 0.484028 0.020312 0.020833
0 0.798828 0.504861 0.016406 0.018056
