2 0.301562 0.359028 0.039063 0.026389
0 0.039844 0.329861 0.014062 0.020833
0 0.029687 0.368056 0.018750 0.016667
0 0.055859 0.353472 0.017969 0.020833
0 0.066797 0.372222 0.016406 0.016667
0 0.069531 0.390972 0.017188 0.018056
0 0.039844 0.463194 0.020312 0.015278
0 0.091406 0.428472 0.017188 0.018056
0 0.103516 0.484722 0.019531 0.019444
0 0.134375 0.451389 0.018750 0.022222
0 0.174219 0.452083 0.015625 0.026389
0 0.168359 0.336806 0.017969 0.020833
0 0.200781 0.429861 0.020312 0.023611
0 0.230078 0.468750 0.019531 0.020833
0 0.238281 0.340278 0.017188 0.019444
0 0.246094 0.378472 0.017188 0.018056
0 0.269922 0.318750 0.016406 0.018056
0 0.348437 0.313194 0.017188 0.012500
0 0.402734 0.318056 0.024219 0.019444
0 0.376172 0.338889 0.019531 0.016667
0 0.341406 0.382639 0.015625 0.015278
0 0.313281 0.338194 0.018750 0.018056
0 0.413672 0.378472 0.017969 0.018056
0 0.423438 0.400694 0.018750 0.015278
0 0.448828 0.337500 0.013281 0.016667
0 0.455469 0.359722 0.020312 0.016667
0 0.497656 0.334028 0.014062 0.015278
0 0.540625 0.338194 0.017188 0.018056
0 0.523828 0.358333 0.019531 0.013889
0 0.483594 0.450000 0.018750 0.016667
0 0.514453 0.488889 0.019531 0.016667
0 0.535156 0.470833 0.015625 0.016667
0 0.607031 0.430556 0.018750 0.019444
0 0.592969 0.360417 0.015625 0.018056
0 0.586719 0.339583 0.017188 0.023611
0 0.564844 0.400000 0.015625 0.019444
0 0.648047 0.354861 0.017969 0.018056
0 0.669531 0.323611 0.018750 0.016667
0 0.718750 0.305556 0.014062 0.019444
0 0.730078 0.330556 0.016406 0.022222
0 0.703516 0.389583 0.019531 0.018056
0 0.817969 0.330556 0.018750 0.019444
0 0.841016 0.288889 0.021094 0.022222
0 0.887891 0.429861 0.019531 0.018056
0 0.910937 0.406944 0.014062 0.013889
0 0.901563 0.469444 0.017188 0.019444
0 0.986328 0.234028 0.019531 0.029167
0 0.828125 0.352778 0.015625 0.016667
0 0.315234 0.472222 0.014844 0.019444
0 0.519141 0.379167 0.019531 0.019444
0 0.419141 0.434722 0.019531 0.016667
0 0.396484 0.513194 0.019531 0.020833
0 0.298047 0.434028 0.021094 0.018056
0 0.921094 0.268750 0.021875 0.023611
