2 0.018750 0.484722 0.028125 0.022222
0 0.012891 0.334028 0.017969 0.018056
0 0.094922 0.346528 0.017969 0.015278
0 0.119531 0.431250 0.017188 0.018056
0 0.102344 0.452778 0.023438 0.025000
0 0.099609 0.496528 0.017969 0.020833
0 0.134375 0.486111 0.015625 0.013889
0 0.165234 0.450000 0.017969 0.019444
0 0.159375 0.368056 0.018750 0.016667
0 0.228125 0.429861 0.017188 0.015278
0 0.239844 0.456250 0.017188 0.023611
0 0.312891 0.364583 0.016406 0.020833
0 0.297266 0.322917 0.014844 0.015278
0 0.928906 0.494444 0.012500 0.013889
0 0.336719 0.457639 0.014062 0.018056
0 0.314844 0.434722 0.015625 0.025000
0 0.316016 0.478472 0.019531 0.018056
0 0.385156 0.455556 0.017188 0.016667
0 0.384766 0.384028 0.017969 0.020833
0 0.416406 0.363889 0.017188 0.022222
0 0.469531 0.320833 0.017188 0.019444
0 0.505859 0.455556 0.017969 0.022222
0 0.451953 0.495833 0.021094 0.019444
0 0.414063 0.472222 0.015625 0.013889
0 0.550000 0.499306 0.020312 0.020833
0 0.608984 0.515972 0.017969 0.018056
0 0.603125 0.454861 0.015625 0.015278
0 0.594531 0.433333 0.014062 0.013889
0 0.608594 0.340278 0.017188 0.019444
0 0.566406 0.322917 0.018750 0.020833
0 0.550391 0.343750 0.013281 0.018056
0 0.711719 0.327083 0.020312 0.015278
0 0.782812 0.324306 0.017188 0.015278
0 0.755859 0.444444 0.016406 0.013889
0 0.926953 0.329167 0.019531 0.016667
0 0.925000 0.373611 0.020312 0.022222
0 0.850000 0.379861 0.020312 0.020833
0 0.033984 0.465972 0.017969 0.018056
0 0.821094 0.363194 0.021875 0.026389
0 0.080469 0.316667 0.020312 0.016667
0 0.286328 0.343056 0.019531 0.022222
