2 0.650781 0.503472 0.031250 0.023611
2 0.780859 0.368750 0.042969 0.031944
2 0.380859 0.396528 0.052344 0.023611
2 0.176172 0.536806 0.046094 0.023611
2 0.301172 0.532639 0.039844 0.020833
0 0.372656 0.375000 0.017188 0.016667
0 0.291016 0.361806 0.016406 0.018056
0 0.290234 0.384722 0.014844 0.011111
0 0.292578 0.400000 0.016406 0.013889
0 0.354297 0.418056 0.016406 0.016667
0 0.043359 0.394444 0.016406 0.019444
0 0.061719 0.413889 0.017188 0.016667
0 0.096875 0.434028 0.018750 0.012500
0 0.021875 0.527778 0.017188 0.019444
0 0.082031 0.525694 0.017188 0.015278
0 0.107422 0.502083 0.017969 0.015278
0 0.121094 0.466667 0.017188 0.016667
0 0.185156 0.426389 0.014062 0.013889
0 0.230859 0.479167 0.017969 0.016667
0 0.266016 0.498611 0.017969 0.016667
0 0.364062 0.527083 0.017188 0.015278
0 0.458594 0.347222 0.015625 0.016667
0 0.471875 0.368056 0.015625 0.016667
0 0.497266 0.329861 0.019531 0.020833
0 0.510547 0.477778 0.017969 0.019444
0 0.551953 0.457639 0.014844 0.020833
0 0.557813 0.363194 0.017188 0.020833
0 0.567969 0.333333 0.015625 0.016667
0 0.595312 0.356250 0.015625 0.018056
0 0.621484 0.330556 0.016406 0.022222
0 0.640625 0.344444 0.017188 0.016667
0 0.638672 0.368750 0.014844 0.018056
0 0.705078 0.377778 0.021094 0.022222
0 0.735156 0.356250 0.021875 0.018056
0 0.771484 0.325694 0.017969 0.018056
0 0.781641 0.346528 0.014844 0.015278
0 0.685938 0.439583 0.015625 0.018056
0 0.616016 0.485417 0.016406 0.015278
0 0.591406 0.469444 0.015625 0.019444
0 0.583203 0.514583 0.016406 0.023611
0 0.726563 0.425000 0.018750 0.022222
0 0.768750 0.405556 0.018750 0.019444
0 0.858984 0.310417 0.019531 0.020833
0 0.891406 0.284722 0.015625 0.016667
0 0.887500 0.319444 0.017188 0.019444
0 0.927344 0.319444 0.018750 0.019444
0 0.936328 0.418750 0.019531 0.023611
0 0.879687 0.406944 0.018750 0.022222
0 0.855859 0.476389 0.016406 0.016667
0 0.916406 0.468056 0.018750 0.019444
0 0.470313 0.389583 0.018750 0.020833
0 0.440234 0.329861 0.019531 0.020833
0 0.146875 0.488194 0.021875 0.020833
0 0.724219 0.315278 0.023438 0.022222
