1 0.600391 0.450000 0.024219 0.019444
2 0.854688 0.328472 0.023438 0.023611
2 0.626172 0.309722 0.019531 0.019444
2 0.340234 0.456944 0.032031 0.019444
2 0.168359 0.452778 0.027344 0.025000
0 0.055469 0.391667 0.017188 0.016667
0 0.032031 0.447917 0.020312 0.012500
0 0.053516 0.475694 0.014844 0.015278
0 0.111719 0.508333 0.018750 0.016667
0 0.137891 0.432639 0.016406 0.018056
0 0.179297 0.471528 0.017969 0.015278
0 0.235938 0.489583 0.018750 0.020833
0 0.228125 0.507639 0.015625 0.015278
0 0.271094 0.436111 0.017188 0.013889
0 0.287891 0.402778 0.016406 0.013889
0 0.307031 0.378472 0.017188 0.015278
0 0.294922 0.454861 0.016406 0.018056
0 0.322656 0.512500 0.017188 0.013889
0 0.374609 0.492361 0.016406 0.015278
0 0.385547 0.473611 0.016406 0.016667
0 0.500000 0.336806 0.014062 0.015278
0 0.438672 0.490972 0.017969 0.018056
0 0.456250 0.474306 0.018750 0.018056
0 0.466797 0.435417 0.017969 0.020833
0 0.593750 0.356250 0.020312 0.015278
0 0.621094 0.334028 0.018750 0.018056
0 0.480469 0.513194 0.015625 0.012500
0 0.493359 0.490278 0.014844 0.016667
0 0.536328 0.514583 0.011719 0.018056
0 0.566797 0.501389 0.013281 0.016667
0 0.592969 0.486111 0.015625 0.019444
0 0.670703 0.509028 0.017969 0.018056
0 0.693359 0.481944 0.017969 0.019444
0 0.739844 0.440278 0.015625 0.019444
0 0.761328 0.417361 0.021094 0.015278
0 0.771094 0.360417 0.015625 0.018056
0 0.703906 0.302778 0.018750 0.019444
0 0.831250 0.289583 0.017188 0.020833
0 0.897266 0.268056 0.021094 0.022222
0 0.951563 0.247222 0.014062 0.019444
0 0.971484 0.455556 0.017969 0.013889
0 0.971875 0.476389 0.014062 0.016667
0 0.897656 0.399306 0.017188 0.015278
0 0.876953 0.423611 0.016406 0.016667
0 0.823438 0.450694 0.018750 0.020833
0 0.832031 0.493056 0.015625 0.013889
0 0.135937 0.379861 0.018750 0.020833
0 0.544531 0.472917 0.018750 0.015278
0 0.937109 0.427083 0.019531 0.020833
0 0.782031 0.315278 0.018750 0.019444
0 0.305078 0.493056 0.017969 0.019444
