2 0.487500 0.491667 0.053125 0.022222
2 0.549219 0.451389 0.031250 0.022222
2 0.539063 0.376389 0.032812 0.025000
2 0.355859 0.397917 0.052344 0.023611
2 0.216016 0.363889 0.022656 0.022222
2 0.936719 0.340972 0.062500 0.031944
2 0.087891 0.513889 0.032031 0.019444
2 0.015234 0.361806 0.024219 0.023611
0 0.060156 0.461111 0.017188 0.016667
0 0.121094 0.341667 0.017188 0.013889
0 0.125781 0.319444 0.017188 0.019444
0 0.174219 0.400694 0.017188 0.020833
0 0.141016 0.473611 0.017969 0.022222
0 0.180078 0.508333 0.017969 0.022222
0 0.217578 0.492361 0.019531 0.020833
0 0.215625 0.458333 0.018750 0.022222
0 0.205469 0.434722 0.017188 0.016667
0 0.275391 0.491667 0.014844 0.016667
0 0.320313 0.515278 0.017188 0.013889
0 0.365625 0.472222 0.018750 0.016667
0 0.384766 0.495139 0.017969 0.018056
0 0.397656 0.517361 0.017188 0.018056
0 0.424609 0.455556 0.016406 0.016667
0 0.347656 0.321528 0.020312 0.018056
0 0.429688 0.340278 0.015625 0.019444
0 0.498828 0.338194 0.016406 0.018056
0 0.604688 0.335417 0.017188 0.018056
0 0.597656 0.468750 0.018750 0.020833
0 0.619922 0.504167 0.017969 0.019444
0 0.659375 0.468750 0.017188 0.015278
0 0.681250 0.486111 0.017188 0.016667
0 0.530859 0.471528 0.016406 0.018056
0 0.761719 0.458333 0.018750 0.016667
0 0.866016 0.456250 0.017969 0.026389
0 0.891016 0.420833 0.017969 0.019444
0 0.935547 0.395833 0.016406 0.013889
0 0.963672 0.411806 0.019531 0.018056
0 0.941406 0.459028 0.018750 0.020833
0 0.911328 0.439583 0.014844 0.018056
0 0.950000 0.361111 0.017188 0.016667
0 0.942578 0.253472 0.016406 0.018056
0 0.892578 0.304861 0.019531 0.018056
0 0.846094 0.364583 0.018750 0.018056
0 0.798437 0.357639 0.017188 0.015278
0 0.750000 0.359028 0.017188 0.020833
0 0.727344 0.340972 0.018750 0.018056
0 0.671094 0.347222 0.014062 0.016667
0 0.238281 0.349306 0.017188 0.018056
0 0.795313 0.313889 0.017188 0.019444
0 0.702344 0.316667 0.018750 0.022222
0 0.129688 0.491667 0.020312 0.019444
2 0.067578 0.488889 0.024219 0.022222
