2 0.794141 0.434722 0.033594 0.027778
2 0.725781 0.479167 0.056250 0.027778
2 0.687500 0.367361 0.059375 0.026389
2 0.195313 0.386111 0.034375 0.022222
2 0.026172 0.394444 0.052344 0.030556
2 0.063672 0.488889 0.041406 0.022222
2 0.292578 0.515278 0.028906 0.019444
0 0.062891 0.318750 0.021094 0.018056
0 0.123047 0.341667 0.017969 0.016667
0 0.214844 0.340278 0.020312 0.019444
0 0.044531 0.452083 0.020312 0.018056
0 0.007813 0.487500 0.015625 0.016667
0 0.020703 0.505556 0.016406 0.019444
0 0.068750 0.470139 0.018750 0.018056
0 0.081641 0.453472 0.014844 0.018056
0 0.108203 0.461111 0.019531 0.019444
0 0.135937 0.512500 0.018750 0.016667
0 0.135937 0.435417 0.018750 0.015278
0 0.196875 0.515972 0.015625 0.015278
0 0.204297 0.476389 0.016406 0.016667
0 0.322266 0.475694 0.019531 0.018056
0 0.392969 0.477778 0.017188 0.019444
0 0.402344 0.514583 0.020312 0.015278
0 0.365625 0.341667 0.015625 0.016667
0 0.396094 0.359028 0.014062 0.018056
0 0.448828 0.361111 0.019531 0.016667
0 0.439063 0.436111 0.018750 0.016667
0 0.428516 0.493056 0.017969 0.016667
0 0.484375 0.454861 0.018750 0.018056
0 0.494922 0.488889 0.013281 0.013889
0 0.501953 0.363194 0.016406 0.015278
0 0.527344 0.380556 0.014062 0.016667
0 0.564844 0.511111 0.015625 0.019444
0 0.598437 0.489583 0.017188 0.018056
0 0.603125 0.359722 0.017188 0.016667
0 0.633203 0.315972 0.017969 0.015278
0 0.617578 0.391667 0.016406 0.016667
0 0.646875 0.463889 0.017188 0.016667
0 0.676953 0.511111 0.017969 0.016667
0 0.694531 0.440278 0.018750 0.019444
0 0.753906 0.363194 0.018750 0.020833
0 0.760547 0.319444 0.019531 0.019444
0 0.722266 0.301389 0.013281 0.011111
0 0.773047 0.340278 0.021094 0.019444
0 0.820313 0.334028 0.018750 0.023611
0 0.836719 0.377083 0.018750 0.018056
0 0.833594 0.449306 0.017188 0.020833
0 0.874219 0.446528 0.018750 0.018056
0 0.962500 0.471528 0.020312 0.023611
0 0.921094 0.359028 0.018750 0.020833
0 0.885547 0.325000 0.019531 0.022222
0 0.873047 0.304167 0.019531 0.016667
0 0.850000 0.281250 0.017188 0.018056
0 0.929688 0.255556 0.017188 0.013889
0 0.810156 0.308333 0.021875 0.019444
0 0.531641 0.334028 0.019531 0.023611
0 0.446484 0.317361 0.016406 0.018056
0 0.338281 0.493056 0.020312 0.022222
0 0.156250 0.493056 0.017188 0.019444
0 0.016016 0.454167 0.022656 0.019444
2 0.255469 0.508333 0.023438 0.022222
