0 0.498047 0.400694 0.017969 0.018056
2 0.330469 0.497917 0.043750 0.023611
2 0.194141 0.383333 0.057031 0.030556
2 0.691797 0.510417 0.028906 0.023611
2 0.626562 0.513194 0.023438 0.018056
2 0.962109 0.314583 0.063281 0.029167
2 0.512109 0.377778 0.055469 0.019444
0 0.034766 0.357639 0.014844 0.015278
0 0.068750 0.398611 0.018750 0.016667
0 0.039844 0.454167 0.017188 0.013889
0 0.012109 0.486111 0.016406 0.019444
0 0.057813 0.510417 0.018750 0.018056
0 0.079297 0.488889 0.017969 0.016667
0 0.096484 0.463194 0.017969 0.015278
0 0.107031 0.437500 0.020312 0.022222
0 0.110937 0.320139 0.015625 0.018056
0 0.133984 0.361806 0.014844 0.020833
0 0.146875 0.451389 0.017188 0.016667
0 0.139453 0.490972 0.016406 0.023611
0 0.142188 0.515278 0.018750 0.022222
0 0.183594 0.487500 0.017188 0.016667
0 0.176172 0.435417 0.017969 0.018056
0 0.208984 0.457639 0.017969 0.020833
0 0.228906 0.515972 0.017188 0.018056
0 0.241406 0.434722 0.017188 0.016667
0 0.219531 0.404167 0.014062 0.013889
0 0.233594 0.345139 0.017188 0.023611
0 0.248828 0.365972 0.016406 0.015278
0 0.269141 0.385417 0.016406 0.018056
0 0.290234 0.359722 0.021094 0.019444
0 0.314844 0.322222 0.015625 0.016667
0 0.324609 0.405556 0.017969 0.016667
0 0.357812 0.359722 0.018750 0.022222
0 0.388672 0.334722 0.017969 0.016667
0 0.441016 0.334028 0.014844 0.020833
0 0.448438 0.359722 0.018750 0.019444
0 0.505469 0.327083 0.015625 0.018056
0 0.601172 0.329167 0.014844 0.019444
0 0.646875 0.352083 0.020312 0.018056
0 0.652734 0.326389 0.019531 0.016667
0 0.733203 0.327778 0.017969 0.016667
0 0.815234 0.320139 0.016406 0.020833
0 0.876953 0.278472 0.019531 0.018056
0 0.975391 0.237500 0.019531 0.025000
0 0.981641 0.339583 0.021094 0.018056
0 0.932422 0.440278 0.017969 0.019444
0 0.947266 0.454861 0.016406 0.018056
0 0.899609 0.488889 0.019531 0.019444
0 0.855859 0.410417 0.016406 0.018056
0 0.831250 0.453472 0.017188 0.018056
0 0.806641 0.477083 0.017969 0.020833
0 0.700000 0.465972 0.014062 0.018056
0 0.683984 0.429167 0.019531 0.022222
0 0.581250 0.469444 0.014062 0.019444
0 0.568750 0.432639 0.017188 0.018056
0 0.567969 0.515972 0.015625 0.020833
0 0.480859 0.515278 0.019531 0.019444
0 0.447656 0.511111 0.017188 0.016667
0 0.425000 0.490278 0.020312 0.022222
0 0.415625 0.454861 0.018750 0.018056
0 0.358594 0.438194 0.017188 0.015278
0 0.285156 0.475000 0.018750 0.019444
0 0.251563 0.495833 0.015625 0.019444
0 0.902734 0.327778 0.016406 0.022222
0 0.744922 0.479167 0.017969 0.019444
0 0.484766 0.464583 0.017969 0.015278
0 0.396094 0.474306 0.017188 0.018056
0 0.345313 0.465278 0.018750 0.019444
0 0.341797 0.518750 0.019531 0.020833
0 0.338281 0.319444 0.017188 0.022222
0 0.537891 0.512500 0.017969 0.019444
0 0.471094 0.433333 0.018750 0.016667
