2 0.124609 0.427083 0.050781 0.026389
2 0.407031 0.528472 0.045313 0.023611
2 0.517187 0.521528 0.039063 0.023611
2 0.439453 0.409722 0.041406 0.019444
2 0.923828 0.463194 0.036719 0.026389
0 0.967578 0.220833 0.017969 0.022222
0 0.958594 0.271528 0.018750 0.020833
0 0.939062 0.415278 0.020312 0.022222
0 0.885547 0.402083 0.017969 0.018056
0 0.866406 0.449306 0.018750 0.018056
0 0.824609 0.434722 0.021094 0.016667
0 0.823828 0.479861 0.017969 0.020833
0 0.971875 0.334028 0.017188 0.020833
0 0.855469 0.292361 0.018750 0.023611
0 0.817578 0.320139 0.017969 0.020833
0 0.764063 0.284722 0.018750 0.019444
0 0.755859 0.309028 0.017969 0.018056
0 0.756250 0.350694 0.020312 0.018056
0 0.761719 0.370139 0.018750 0.023611
0 0.636719 0.388889 0.015625 0.019444
0 0.613672 0.371528 0.019531 0.020833
0 0.609375 0.343750 0.014062 0.018056
0 0.625000 0.313194 0.017188 0.020833
0 0.008594 0.396528 0.017188 0.012500
0 0.023438 0.513889 0.018750 0.011111
0 0.041406 0.467361 0.018750 0.015278
0 0.060547 0.413889 0.014844 0.013889
0 0.084375 0.395139 0.018750 0.015278
0 0.089453 0.488194 0.017969 0.018056
0 0.085547 0.543750 0.016406 0.018056
0 0.156250 0.522222 0.015625 0.019444
0 0.199609 0.520139 0.017969 0.018056
0 0.222266 0.495833 0.016406 0.016667
0 0.197266 0.462500 0.021094 0.019444
0 0.194922 0.391667 0.017969 0.016667
0 0.203125 0.350000 0.017188 0.019444
0 0.226563 0.368750 0.015625 0.018056
0 0.301172 0.361806 0.014844 0.018056
0 0.313281 0.386111 0.017188 0.022222
0 0.307031 0.456944 0.020312 0.016667
0 0.301562 0.511806 0.017188 0.018056
0 0.348047 0.471528 0.017969 0.015278
0 0.342187 0.400000 0.015625 0.019444
0 0.349609 0.377778 0.016406 0.019444
0 0.373047 0.355556 0.016406 0.019444
0 0.398828 0.371528 0.016406 0.018056
0 0.370313 0.415972 0.015625 0.015278
0 0.466406 0.443056 0.017188 0.016667
0 0.452344 0.388889 0.017188 0.016667
0 0.487109 0.369444 0.016406 0.022222
0 0.484375 0.394444 0.015625 0.019444
0 0.560938 0.359028 0.017188 0.020833
0 0.532812 0.455556 0.018750 0.019444
0 0.534375 0.477083 0.017188 0.018056
0 0.595703 0.508333 0.017969 0.019444
0 0.126953 0.348611 0.019531 0.016667
0 0.185156 0.409722 0.020312 0.019444
0 0.217969 0.541667 0.020312 0.022222
0 0.480469 0.346528 0.021875 0.020833
0 0.438672 0.481250 0.019531 0.023611
0 0.988281 0.304861 0.021875 0.023611
0 0.901953 0.325694 0.024219 0.023611
