2 0.575000 0.377778 0.057813 0.025000
0 0.047656 0.345139 0.020312 0.020833
0 0.021094 0.396528 0.018750 0.015278
0 0.056250 0.490972 0.018750 0.020833
0 0.089844 0.384722 0.020312 0.019444
0 0.083594 0.362500 0.017188 0.016667
0 0.118750 0.345833 0.018750 0.025000
0 0.148828 0.401389 0.019531 0.016667
0 0.197656 0.365972 0.017188 0.018056
0 0.244531 0.354861 0.017188 0.015278
0 0.242969 0.386806 0.018750 0.018056
0 0.230469 0.404167 0.020312 0.022222
0 0.275000 0.402778 0.018750 0.016667
0 0.321484 0.361111 0.021094 0.022222
0 0.357031 0.356944 0.017188 0.025000
0 0.363672 0.320833 0.016406 0.016667
0 0.364844 0.404861 0.014062 0.018056
0 0.437500 0.331944 0.017188 0.022222
0 0.465625 0.321528 0.021875 0.020833
0 0.472656 0.342361 0.015625 0.018056
0 0.517969 0.318750 0.015625 0.018056
0 0.505859 0.338889 0.016406 0.019444
0 0.502344 0.380556 0.017188 0.019444
0 0.524219 0.399306 0.018750 0.018056
0 0.448438 0.400000 0.018750 0.019444
0 0.610937 0.317361 0.020312 0.023611
0 0.659375 0.372222 0.017188 0.025000
0 0.683594 0.345833 0.018750 0.025000
0 0.730078 0.326389 0.019531 0.022222
0 0.751953 0.309722 0.019531 0.019444
0 0.695703 0.390278 0.022656 0.025000
0 0.846875 0.316667 0.018750 0.022222
0 0.951172 0.300694 0.025781 0.023611
0 0.957031 0.322222 0.018750 0.022222
0 0.987891 0.339583 0.021094 0.026389
0 0.907422 0.368056 0.022656 0.022222
0 0.976172 0.413889 0.021094 0.025000
0 0.940625 0.458333 0.017188 0.022222
0 0.861719 0.407639 0.025000 0.023611
0 0.873047 0.430556 0.017969 0.025000
0 0.868750 0.468056 0.020312 0.022222
0 0.872266 0.490972 0.017969 0.020833
0 0.805469 0.499306 0.021875 0.020833
0 0.790625 0.478472 0.020312 0.023611
0 0.733594 0.506250 0.018750 0.029167
0 0.642578 0.514583 0.019531 0.023611
0 0.588281 0.513889 0.020312 0.019444
0 0.472656 0.438194 0.020312 0.023611
0 0.466016 0.516667 0.017969 0.019444
0 0.427344 0.459722 0.015625 0.022222
0 0.377344 0.516667 0.018750 0.022222
0 0.357422 0.479167 0.016406 0.022222
0 0.291797 0.459028 0.017969 0.018056
0 0.217969 0.519444 0.017188 0.019444
0 0.198437 0.495139 0.012500 0.018056
0 0.127344 0.453472 0.020312 0.018056
