2 0.591406 0.318750 0.040625 0.026389
2 0.758203 0.477083 0.036719 0.026389
1 0.954687 0.416667 0.032812 0.025000
1 0.414844 0.401389 0.025000 0.022222
2 0.191406 0.318056 0.028125 0.025000
2 0.862109 0.329861 0.036719 0.026389
0 0.945703 0.454167 0.017969 0.019444
0 0.912109 0.486806 0.017969 0.015278
0 0.891797 0.410417 0.021094 0.018056
0 0.939453 0.318056 0.019531 0.019444
0 0.946094 0.250694 0.021875 0.020833
0 0.804688 0.293056 0.021875 0.019444
0 0.777734 0.340972 0.017969 0.018056
0 0.705469 0.386806 0.018750 0.020833
0 0.672656 0.350694 0.018750 0.018056
0 0.647266 0.313889 0.016406 0.019444
0 0.655859 0.389583 0.021094 0.026389
0 0.721875 0.459722 0.020312 0.019444
0 0.616406 0.448611 0.018750 0.016667
0 0.578906 0.512500 0.018750 0.016667
0 0.520312 0.476389 0.020312 0.022222
0 0.447656 0.495139 0.020312 0.020833
0 0.397266 0.517361 0.019531 0.020833
0 0.321094 0.459028 0.017188 0.020833
0 0.313281 0.437500 0.017188 0.016667
0 0.375391 0.386111 0.017969 0.022222
0 0.411719 0.347222 0.015625 0.019444
0 0.388672 0.319444 0.017969 0.019444
0 0.462500 0.340972 0.017188 0.020833
0 0.496484 0.365278 0.019531 0.016667
0 0.292969 0.365278 0.017188 0.025000
0 0.283984 0.325000 0.017969 0.022222
0 0.239453 0.365972 0.016406 0.018056
0 0.190625 0.366667 0.018750 0.019444
0 0.048437 0.320833 0.020312 0.019444
0 0.009766 0.339583 0.019531 0.018056
0 0.024609 0.359028 0.014844 0.018056
0 0.066797 0.381250 0.021094 0.018056
0 0.082031 0.344444 0.020312 0.022222
0 0.020312 0.436806 0.018750 0.015278
0 0.033984 0.477083 0.019531 0.020833
0 0.085938 0.489583 0.014062 0.020833
0 0.093359 0.456944 0.021094 0.025000
0 0.155078 0.513194 0.017969 0.018056
0 0.271094 0.516667 0.017188 0.019444
0 0.312109 0.495833 0.022656 0.019444
0 0.165625 0.400694 0.018750 0.020833
0 0.586328 0.356944 0.024219 0.022222
