2 0.284375 0.321528 0.035937 0.023611
2 0.133203 0.516667 0.058594 0.022222
2 0.091016 0.474306 0.033594 0.029167
1 0.017578 0.397222 0.027344 0.016667
2 0.565625 0.357639 0.037500 0.023611
0 0.078125 0.343750 0.018750 0.020833
0 0.105859 0.317361 0.016406 0.015278
0 0.150391 0.346528 0.019531 0.018056
0 0.141406 0.385417 0.018750 0.018056
0 0.235938 0.365972 0.021875 0.018056
0 0.287109 0.406250 0.019531 0.023611
0 0.331250 0.342361 0.020312 0.023611
0 0.339844 0.365278 0.020312 0.022222
0 0.337500 0.405556 0.020312 0.019444
0 0.457422 0.363194 0.019531 0.023611
0 0.519141 0.338194 0.021094 0.023611
0 0.561719 0.319444 0.021875 0.022222
0 0.577734 0.395139 0.017969 0.023611
0 0.649219 0.352778 0.020312 0.025000
0 0.687109 0.313194 0.022656 0.023611
0 0.714453 0.345139 0.019531 0.020833
0 0.054297 0.458333 0.017969 0.019444
0 0.167578 0.436111 0.021094 0.022222
0 0.122656 0.493056 0.020312 0.019444
0 0.166406 0.493750 0.020312 0.018056
2 0.223828 0.516667 0.033594 0.027778
0 0.271875 0.459722 0.015625 0.019444
0 0.351563 0.518750 0.018750 0.020833
0 0.364844 0.499306 0.017188 0.015278
0 0.367969 0.477083 0.020312 0.018056
0 0.408203 0.481944 0.019531 0.025000
0 0.428516 0.520139 0.021094 0.018056
0 0.469531 0.463194 0.020312 0.026389
0 0.471875 0.438194 0.018750 0.020833
0 0.561719 0.515278 0.018750 0.019444
0 0.677734 0.506944 0.016406 0.022222
0 0.736719 0.495833 0.021875 0.022222
0 0.757031 0.436806 0.018750 0.020833
0 0.806641 0.496528 0.022656 0.023611
0 0.881250 0.446528 0.023438 0.029167
0 0.901953 0.460417 0.021094 0.023611
0 0.857813 0.415278 0.020312 0.022222
0 0.932031 0.340278 0.021875 0.019444
0 0.986719 0.225694 0.015625 0.023611
0 0.814062 0.336806 0.020312 0.020833
0 0.797656 0.359028 0.018750 0.020833
0 0.735937 0.304167 0.020312 0.016667
