2 0.042578 0.320833 0.039844 0.025000
2 0.322266 0.367361 0.038281 0.023611
0 0.063281 0.343056 0.017188 0.019444
0 0.064453 0.368056 0.017969 0.016667
0 0.046484 0.402778 0.019531 0.019444
0 0.046484 0.438889 0.014844 0.016667
0 0.036328 0.459722 0.019531 0.019444
0 0.102734 0.468056 0.021094 0.019444
0 0.137109 0.440278 0.017969 0.019444
0 0.155859 0.506944 0.017969 0.019444
0 0.228516 0.478472 0.017969 0.020833
0 0.238281 0.439583 0.017188 0.020833
0 0.255469 0.463889 0.017188 0.016667
0 0.267188 0.500000 0.018750 0.019444
0 0.255469 0.406250 0.018750 0.020833
0 0.188281 0.358333 0.017188 0.019444
0 0.286328 0.346528 0.017969 0.018056
0 0.296875 0.325694 0.021875 0.015278
0 0.403906 0.363194 0.017188 0.018056
0 0.470313 0.340972 0.018750 0.018056
0 0.473828 0.365278 0.016406 0.025000
0 0.493750 0.384028 0.017188 0.015278
0 0.512109 0.319444 0.017969 0.016667
0 0.559766 0.359722 0.021094 0.019444
0 0.699219 0.369444 0.021875 0.019444
0 0.687891 0.388889 0.017969 0.022222
0 0.760156 0.299306 0.014062 0.018056
0 0.817969 0.374306 0.021875 0.020833
0 0.847266 0.287500 0.019531 0.022222
0 0.856641 0.352778 0.021094 0.022222
0 0.930859 0.256944 0.021094 0.030556
0 0.978125 0.233333 0.020312 0.030556
0 0.973828 0.303472 0.019531 0.026389
0 0.924609 0.302778 0.017969 0.019444
0 0.900391 0.343750 0.017969 0.026389
0 0.913672 0.363889 0.021094 0.022222
0 0.952344 0.479167 0.020312 0.022222
2 0.375391 0.521528 0.058594 0.023611
2 0.334766 0.479167 0.032031 0.022222
0 0.337109 0.439583 0.019531 0.018056
0 0.339063 0.458333 0.015625 0.016667
0 0.382813 0.493750 0.018750 0.020833
0 0.437500 0.497917 0.018750 0.018056
2 0.494922 0.517361 0.030469 0.026389
0 0.489453 0.436806 0.022656 0.023611
0 0.573047 0.508333 0.016406 0.022222
0 0.588672 0.453472 0.016406 0.023611
0 0.675391 0.487500 0.021094 0.025000
0 0.679297 0.508333 0.021094 0.022222
0 0.725391 0.476389 0.017969 0.022222
0 0.759375 0.502083 0.018750 0.023611
0 0.777344 0.437500 0.021875 0.019444
0 0.842578 0.419444 0.019531 0.022222
0 0.862109 0.490972 0.017969 0.023611
