0 0.094922 0.323611 0.021094 0.022222
0 0.042188 0.341667 0.020312 0.019444
0 0.068750 0.386111 0.018750 0.016667
0 0.075391 0.402083 0.019531 0.020833
0 0.043750 0.436806 0.018750 0.020833
0 0.035937 0.460417 0.018750 0.020833
0 0.013281 0.397917 0.017188 0.018056
0 0.122656 0.457639 0.017188 0.018056
0 0.120703 0.479861 0.019531 0.023611
0 0.131641 0.498611 0.021094 0.019444
0 0.157422 0.440278 0.021094 0.022222
0 0.141797 0.388889 0.017969 0.022222
0 0.140625 0.366667 0.018750 0.025000
0 0.209375 0.348611 0.018750 0.022222
0 0.212109 0.437500 0.021094 0.025000
0 0.233984 0.481250 0.017969 0.023611
0 0.257031 0.459028 0.018750 0.020833
0 0.325781 0.407639 0.023438 0.026389
0 0.350391 0.448611 0.021094 0.025000
0 0.333594 0.518056 0.021875 0.022222
0 0.396484 0.477778 0.017969 0.025000
0 0.425391 0.500694 0.021094 0.020833
0 0.468359 0.490278 0.022656 0.022222
0 0.476563 0.520139 0.021875 0.020833
0 0.504297 0.437500 0.017969 0.019444
0 0.513672 0.402083 0.019531 0.020833
0 0.487500 0.323611 0.018750 0.022222
2 0.460156 0.347222 0.026563 0.025000
0 0.561719 0.340972 0.018750 0.020833
0 0.596875 0.362500 0.017188 0.022222
0 0.630859 0.452778 0.019531 0.025000
0 0.673047 0.425000 0.017969 0.022222
0 0.683984 0.468750 0.022656 0.018056
0 0.824219 0.456944 0.023438 0.025000
0 0.792969 0.475694 0.021875 0.018056
0 0.867188 0.492361 0.017188 0.023611
0 0.914844 0.426389 0.018750 0.027778
0 0.937109 0.443056 0.016406 0.022222
0 0.924609 0.304861 0.022656 0.020833
0 0.912109 0.327083 0.021094 0.018056
0 0.990625 0.413194 0.017188 0.020833
0 0.870313 0.281250 0.020312 0.018056
0 0.944141 0.256250 0.024219 0.026389
0 0.641406 0.331944 0.021875 0.022222
0 0.702734 0.387500 0.021094 0.025000
0 0.706641 0.330556 0.019531 0.025000
0 0.760938 0.382639 0.020312 0.026389
0 0.731641 0.302778 0.021094 0.025000
0 0.823828 0.356250 0.019531 0.026389
0 0.839844 0.374306 0.021875 0.026389
0 0.826563 0.293056 0.020312 0.030556
