0 0.091406 0.379167 0.018750 0.022222
0 0.021094 0.339583 0.020312 0.020833
0 0.023438 0.469444 0.018750 0.019444
0 0.046094 0.436111 0.020312 0.027778
0 0.030859 0.490278 0.022656 0.013889
0 0.019531 0.509722 0.020312 0.019444
0 0.069141 0.479861 0.017969 0.020833
0 0.100781 0.497222 0.020312 0.025000
0 0.141797 0.490278 0.017969 0.022222
0 0.152344 0.471528 0.020312 0.018056
0 0.195703 0.494444 0.024219 0.022222
0 0.225781 0.513194 0.020312 0.018056
0 0.254687 0.493056 0.018750 0.022222
0 0.237500 0.455556 0.021875 0.022222
0 0.242578 0.400000 0.021094 0.019444
0 0.203516 0.343056 0.021094 0.019444
0 0.227344 0.319444 0.020312 0.019444
0 0.147266 0.325000 0.014844 0.019444
0 0.284375 0.443056 0.021875 0.019444
0 0.292188 0.516667 0.018750 0.019444
0 0.349609 0.435417 0.017969 0.023611
0 0.358594 0.477083 0.017188 0.020833
0 0.417969 0.458333 0.020312 0.022222
0 0.472656 0.479167 0.017188 0.022222
0 0.479688 0.493750 0.018750 0.023611
0 0.470703 0.519444 0.019531 0.022222
0 0.536719 0.511806 0.018750 0.015278
0 0.562500 0.489583 0.018750 0.026389
0 0.580469 0.514583 0.018750 0.023611
0 0.574219 0.433333 0.018750 0.022222
0 0.631641 0.488889 0.019531 0.027778
0 0.689062 0.464583 0.014062 0.020833
0 0.740234 0.477778 0.017969 0.025000
0 0.762109 0.416667 0.022656 0.027778
0 0.798437 0.475694 0.023438 0.026389
0 0.826172 0.454861 0.019531 0.020833
0 0.933984 0.427778 0.019531 0.025000
0 0.966797 0.481250 0.017969 0.023611
0 0.880469 0.276389 0.020312 0.022222
0 0.957422 0.319444 0.022656 0.022222
0 0.848828 0.333333 0.019531 0.016667
0 0.739453 0.324306 0.017969 0.020833
0 0.721875 0.345833 0.020312 0.025000
0 0.733203 0.368750 0.019531 0.023611
0 0.683984 0.394444 0.019531 0.025000
0 0.627734 0.320833 0.021094 0.027778
0 0.599609 0.338194 0.019531 0.020833
0 0.628906 0.376389 0.015625 0.016667
0 0.610937 0.397917 0.017188 0.023611
0 0.564453 0.397222 0.021094 0.025000
0 0.448047 0.363889 0.021094 0.027778
0 0.381250 0.344444 0.020312 0.022222
2 0.382813 0.496528 0.040625 0.026389
2 0.505859 0.453472 0.030469 0.031944
1 0.321094 0.459722 0.037500 0.027778
