0 0.054688 0.361806 0.018750 0.018056
0 0.126953 0.343056 0.019531 0.022222
0 0.156250 0.493056 0.023438 0.025000
0 0.134375 0.513194 0.015625 0.020833
0 0.236328 0.517361 0.022656 0.018056
0 0.232422 0.366667 0.019531 0.022222
0 0.208594 0.344444 0.021875 0.019444
0 0.255859 0.329167 0.019531 0.022222
0 0.286328 0.364583 0.017969 0.020833
0 0.332031 0.365972 0.017188 0.023611
0 0.390625 0.344444 0.018750 0.022222
0 0.405859 0.367361 0.021094 0.020833
0 0.416016 0.385417 0.019531 0.026389
0 0.387500 0.404167 0.021875 0.019444
0 0.404687 0.457639 0.021875 0.023611
0 0.383984 0.495139 0.021094 0.023611
0 0.590234 0.517361 0.016406 0.018056
0 0.603906 0.379861 0.018750 0.020833
0 0.605859 0.338194 0.019531 0.029167
0 0.673437 0.349306 0.020312 0.026389
0 0.694141 0.305556 0.022656 0.025000
0 0.455469 0.320139 0.021875 0.020833
0 0.464453 0.363889 0.016406 0.027778
0 0.733594 0.352778 0.018750 0.025000
0 0.732422 0.326389 0.021094 0.022222
0 0.782031 0.338889 0.021875 0.030556
0 0.766797 0.385417 0.025781 0.026389
0 0.748047 0.420139 0.017969 0.023611
0 0.758594 0.443056 0.021875 0.025000
0 0.774609 0.504167 0.022656 0.027778
0 0.705859 0.509028 0.019531 0.018056
0 0.668359 0.426389 0.021094 0.025000
0 0.832812 0.479861 0.021875 0.029167
0 0.853125 0.452778 0.021875 0.025000
0 0.911719 0.465972 0.021875 0.026389
0 0.922656 0.484028 0.021875 0.029167
0 0.973047 0.474306 0.022656 0.031944
0 0.936328 0.400000 0.019531 0.025000
0 0.971484 0.357639 0.024219 0.031944
0 0.948047 0.327083 0.024219 0.026389
0 0.947656 0.300000 0.021875 0.019444
0 0.978516 0.238889 0.024219 0.036111
0 0.890234 0.370833 0.019531 0.022222
0 0.862109 0.331250 0.024219 0.018056
0 0.864062 0.308333 0.020312 0.025000
0 0.849219 0.359722 0.018750 0.019444
0 0.817578 0.318750 0.021094 0.023611
