2 0.647656 0.318750 0.028125 0.023611
0 0.580469 0.493056 0.021875 0.027778
0 0.067188 0.359028 0.018750 0.023611
0 0.009766 0.398611 0.017969 0.022222
0 0.098047 0.499306 0.025781 0.020833
0 0.121094 0.440278 0.020312 0.022222
0 0.142578 0.326389 0.022656 0.019444
0 0.167578 0.405556 0.022656 0.022222
0 0.187109 0.368056 0.019531 0.016667
0 0.213672 0.329167 0.017969 0.019444
0 0.236719 0.359028 0.021875 0.023611
0 0.243750 0.387500 0.018750 0.013889
0 0.273828 0.406250 0.019531 0.018056
0 0.286328 0.322222 0.019531 0.016667
0 0.313281 0.368056 0.018750 0.025000
0 0.316797 0.344444 0.021094 0.016667
0 0.385938 0.365972 0.020312 0.023611
0 0.419141 0.345139 0.021094 0.023611
0 0.460938 0.332639 0.021875 0.023611
0 0.503516 0.361806 0.019531 0.023611
0 0.549219 0.355556 0.021875 0.022222
0 0.731250 0.308333 0.020312 0.016667
0 0.708594 0.393056 0.023438 0.025000
0 0.805859 0.362500 0.022656 0.025000
0 0.828125 0.379167 0.026563 0.022222
0 0.783203 0.345833 0.017969 0.022222
0 0.792578 0.308333 0.024219 0.030556
0 0.855469 0.316667 0.017188 0.025000
0 0.879297 0.334028 0.019531 0.026389
0 0.959375 0.344444 0.020312 0.027778
0 0.952344 0.488194 0.018750 0.020833
0 0.782031 0.481250 0.020312 0.023611
0 0.728906 0.511111 0.023438 0.025000
0 0.631641 0.514583 0.014844 0.023611
0 0.596094 0.455556 0.018750 0.019444
0 0.303516 0.499306 0.019531 0.020833
0 0.241406 0.459722 0.020312 0.019444
