0 0.923828 0.327778 0.027344 0.027778
0 0.971875 0.304861 0.021875 0.029167
0 0.044922 0.341667 0.019531 0.027778
0 0.036328 0.378472 0.016406 0.023611
0 0.041797 0.400000 0.019531 0.025000
0 0.089844 0.346528 0.021875 0.026389
2 0.221484 0.327778 0.025781 0.030556
0 0.251953 0.349306 0.017969 0.026389
0 0.258594 0.402778 0.020312 0.019444
0 0.301172 0.370139 0.021094 0.020833
0 0.305078 0.327778 0.022656 0.022222
0 0.357422 0.360417 0.019531 0.023611
0 0.385547 0.402778 0.014844 0.022222
0 0.387109 0.386111 0.021094 0.027778
0 0.434766 0.343056 0.017969 0.019444
0 0.478516 0.393056 0.019531 0.025000
0 0.620703 0.337500 0.017969 0.025000
0 0.659375 0.377778 0.017188 0.025000
2 0.688281 0.393056 0.028125 0.030556
0 0.724219 0.388194 0.021875 0.020833
0 0.717578 0.334028 0.021094 0.020833
0 0.734375 0.310417 0.017188 0.026389
0 0.777734 0.304861 0.017969 0.026389
0 0.773047 0.345139 0.019531 0.023611
0 0.809766 0.384722 0.021094 0.022222
0 0.803906 0.364583 0.018750 0.023611
0 0.867188 0.354167 0.020312 0.022222
0 0.864062 0.375694 0.020312 0.023611
0 0.931250 0.370139 0.021875 0.026389
0 0.966406 0.459722 0.025000 0.033333
0 0.872266 0.472222 0.022656 0.025000
0 0.767187 0.443056 0.018750 0.025000
0 0.673047 0.489583 0.024219 0.029167
0 0.640625 0.434028 0.020312 0.029167
0 0.561719 0.456944 0.018750 0.019444
0 0.466406 0.517361 0.020312 0.023611
0 0.370703 0.460417 0.022656 0.020833
0 0.301953 0.513194 0.019531 0.020833
0 0.233203 0.436806 0.019531 0.023611
0 0.155078 0.479861 0.019531 0.023611
0 0.146094 0.435417 0.020312 0.018056
0 0.048437 0.488889 0.017188 0.022222
