2 0.087500 0.493056 0.034375 0.025000
2 0.703516 0.388889 0.022656 0.019444
2 0.945313 0.343056 0.032812 0.025000
0 0.905078 0.478472 0.021094 0.023611
0 0.873828 0.354167 0.022656 0.022222
0 0.845312 0.338194 0.020312 0.020833
0 0.864453 0.284028 0.017969 0.018056
0 0.797656 0.363194 0.020312 0.023611
0 0.773828 0.387500 0.021094 0.019444
0 0.729688 0.366667 0.017188 0.019444
0 0.726563 0.327083 0.020312 0.026389
0 0.658594 0.371528 0.015625 0.023611
0 0.635156 0.334722 0.018750 0.022222
0 0.604688 0.357639 0.014062 0.023611
0 0.601563 0.397222 0.023438 0.022222
0 0.560547 0.336806 0.021094 0.023611
0 0.553125 0.381250 0.018750 0.026389
0 0.486328 0.316667 0.017969 0.019444
0 0.489453 0.340972 0.017969 0.020833
0 0.501172 0.402778 0.011719 0.016667
0 0.469531 0.402778 0.017188 0.025000
0 0.450781 0.381944 0.017188 0.025000
0 0.401172 0.399306 0.019531 0.020833
0 0.403516 0.343750 0.016406 0.026389
0 0.358203 0.343056 0.021094 0.025000
0 0.359375 0.382639 0.018750 0.023611
0 0.344531 0.401389 0.018750 0.030556
0 0.307422 0.381250 0.014844 0.020833
0 0.299609 0.350694 0.019531 0.023611
0 0.264453 0.318750 0.016406 0.018056
0 0.246484 0.343056 0.016406 0.019444
0 0.272266 0.402778 0.016406 0.016667
0 0.164844 0.344444 0.020312 0.027778
0 0.161719 0.324306 0.017188 0.020833
0 0.180078 0.393056 0.021094 0.019444
0 0.154297 0.377083 0.017969 0.020833
0 0.129688 0.365278 0.018750 0.019444
0 0.095703 0.377778 0.019531 0.019444
0 0.121875 0.399306 0.018750 0.018056
0 0.028906 0.374306 0.017188 0.026389
0 0.020703 0.352083 0.016406 0.015278
0 0.020312 0.500000 0.020312 0.019444
0 0.051562 0.503472 0.023438 0.023611
0 0.169141 0.491667 0.014844 0.019444
0 0.223438 0.456250 0.021875 0.026389
0 0.269141 0.492361 0.019531 0.023611
0 0.282813 0.439583 0.018750 0.020833
0 0.421094 0.491667 0.020312 0.022222
0 0.474609 0.476389 0.019531 0.022222
0 0.565234 0.433333 0.021094 0.030556
0 0.581641 0.454167 0.017969 0.019444
0 0.660547 0.513194 0.021094 0.020833
0 0.680859 0.428472 0.016406 0.026389
0 0.849609 0.471528 0.021094 0.029167
