2 0.633594 0.377083 0.037500 0.026389
2 0.050391 0.463889 0.041406 0.027778
2 0.232422 0.458333 0.038281 0.025000
2 0.486328 0.459028 0.024219 0.020833
0 0.122266 0.343750 0.019531 0.023611
0 0.116797 0.379861 0.017969 0.020833
0 0.144531 0.363194 0.017188 0.020833
0 0.141797 0.404167 0.014844 0.019444
0 0.065625 0.377083 0.018750 0.015278
0 0.060156 0.395833 0.017188 0.019444
0 0.223828 0.402083 0.016406 0.015278
0 0.228906 0.383333 0.018750 0.013889
0 0.242188 0.364583 0.020312 0.020833
0 0.271094 0.343750 0.017188 0.020833
0 0.291406 0.364583 0.020312 0.018056
0 0.296094 0.387500 0.017188 0.022222
0 0.310937 0.402778 0.018750 0.016667
0 0.350391 0.366667 0.022656 0.019444
0 0.315234 0.318750 0.021094 0.020833
0 0.372266 0.343750 0.019531 0.020833
0 0.368359 0.400000 0.016406 0.019444
0 0.419922 0.385417 0.014844 0.018056
0 0.459766 0.402083 0.019531 0.020833
0 0.461719 0.340278 0.017188 0.022222
0 0.517578 0.400694 0.016406 0.020833
0 0.522656 0.381250 0.018750 0.018056
0 0.531250 0.336806 0.017188 0.018056
0 0.536719 0.316667 0.018750 0.019444
0 0.608594 0.356944 0.015625 0.025000
0 0.645703 0.397917 0.021094 0.018056
0 0.690625 0.368750 0.020312 0.018056
0 0.746875 0.346528 0.020312 0.018056
0 0.748828 0.386111 0.017969 0.019444
0 0.771484 0.364583 0.017969 0.018056
0 0.808984 0.340972 0.019531 0.018056
0 0.871484 0.287500 0.019531 0.019444
0 0.917578 0.304167 0.019531 0.022222
0 0.915234 0.367361 0.017969 0.023611
0 0.966797 0.363889 0.017969 0.022222
0 0.933594 0.422917 0.018750 0.020833
0 0.969922 0.480556 0.019531 0.025000
0 0.904297 0.488194 0.019531 0.018056
0 0.861328 0.450000 0.021094 0.027778
0 0.849609 0.411111 0.022656 0.022222
0 0.855469 0.491667 0.020312 0.019444
0 0.819922 0.493750 0.016406 0.018056
0 0.788672 0.502778 0.019531 0.022222
0 0.750000 0.503472 0.020312 0.018056
0 0.771094 0.461806 0.018750 0.020833
0 0.783594 0.438194 0.021875 0.023611
0 0.747656 0.420833 0.018750 0.019444
0 0.693750 0.463889 0.018750 0.019444
0 0.661719 0.426389 0.021875 0.022222
0 0.630469 0.490972 0.020312 0.026389
0 0.615234 0.469444 0.017969 0.019444
0 0.583984 0.514583 0.017969 0.018056
0 0.580859 0.450694 0.021094 0.026389
0 0.547266 0.494444 0.019531 0.027778
0 0.541797 0.473611 0.019531 0.016667
0 0.484375 0.517361 0.020312 0.018056
0 0.461719 0.493056 0.017188 0.016667
0 0.450391 0.476389 0.017969 0.019444
0 0.402734 0.515972 0.022656 0.020833
0 0.391016 0.440278 0.016406 0.019444
0 0.320703 0.501389 0.017969 0.022222
0 0.320313 0.435417 0.018750 0.020833
0 0.267188 0.439583 0.018750 0.018056
0 0.246875 0.489583 0.018750 0.020833
0 0.192578 0.478472 0.021094 0.020833
0 0.137109 0.438194 0.017969 0.018056
0 0.126953 0.475694 0.021094 0.020833
0 0.074609 0.432639 0.017969 0.018056
0 0.861719 0.334028 0.015625 0.023611
