0 0.576172 0.359028 0.017969 0.020833
0 0.480859 0.354167 0.016406 0.016667
0 0.600000 0.378472 0.014062 0.018056
0 0.587500 0.399306 0.017188 0.020833
0 0.392578 0.344444 0.021094 0.025000
0 0.378516 0.362500 0.017969 0.019444
0 0.346875 0.384028 0.018750 0.020833
0 0.330859 0.404167 0.017969 0.019444
0 0.314844 0.362500 0.018750 0.022222
0 0.301562 0.339583 0.017188 0.018056
0 0.297656 0.397917 0.017188 0.023611
0 0.263281 0.379167 0.017188 0.019444
0 0.233203 0.363194 0.017969 0.020833
0 0.211328 0.337500 0.016406 0.019444
0 0.168359 0.395139 0.019531 0.020833
2 0.378125 0.319444 0.040625 0.022222
2 0.814844 0.440972 0.025000 0.020833
2 0.935156 0.491667 0.034375 0.025000
2 0.973437 0.445139 0.042188 0.029167
1 0.582812 0.313194 0.025000 0.020833
0 0.470313 0.475694 0.018750 0.018056
0 0.187109 0.461111 0.021094 0.022222
2 0.241016 0.490972 0.025781 0.023611
0 0.251172 0.512500 0.019531 0.019444
0 0.248828 0.454861 0.021094 0.020833
0 0.266797 0.431944 0.019531 0.016667
0 0.126953 0.358333 0.016406 0.022222
0 0.127344 0.315972 0.018750 0.020833
0 0.057422 0.309722 0.017969 0.019444
0 0.073828 0.353472 0.021094 0.020833
0 0.097656 0.426389 0.020312 0.027778
0 0.101953 0.449306 0.016406 0.018056
0 0.160156 0.489583 0.017188 0.020833
0 0.121094 0.484028 0.020312 0.018056
0 0.058203 0.498611 0.016406 0.016667
0 0.354297 0.436806 0.021094 0.018056
0 0.330859 0.456250 0.016406 0.026389
0 0.305078 0.472917 0.019531 0.023611
0 0.401953 0.474306 0.016406 0.018056
0 0.463281 0.517361 0.017188 0.023611
0 0.548047 0.472917 0.017969 0.020833
0 0.552344 0.437500 0.020312 0.025000
0 0.557813 0.491667 0.017188 0.016667
0 0.543750 0.515278 0.017188 0.019444
0 0.644141 0.432639 0.019531 0.023611
0 0.676172 0.450694 0.017969 0.020833
0 0.660937 0.473611 0.018750 0.027778
0 0.647266 0.515278 0.017969 0.019444
0 0.734375 0.513194 0.020312 0.023611
0 0.864062 0.497222 0.021875 0.022222
0 0.900000 0.453472 0.017188 0.018056
0 0.944922 0.427083 0.022656 0.026389
0 0.957031 0.329861 0.023438 0.023611
0 0.926172 0.275000 0.019531 0.030556
0 0.876562 0.288194 0.023438 0.020833
0 0.818359 0.298611 0.017969 0.022222
0 0.771484 0.325000 0.017969 0.016667
0 0.516406 0.379861 0.018750 0.020833
0 0.489453 0.402778 0.017969 0.025000
0 0.635938 0.359722 0.017188 0.019444
0 0.645703 0.334028 0.017969 0.023611
0 0.673828 0.321528 0.021094 0.020833
0 0.677344 0.355556 0.018750 0.022222
0 0.675781 0.378472 0.015625 0.023611
0 0.705469 0.393750 0.021875 0.020833
0 0.726172 0.334722 0.019531 0.025000
0 0.728516 0.306944 0.019531 0.025000
0 0.776563 0.349306 0.020312 0.023611
0 0.841406 0.320833 0.018750 0.022222
0 0.880078 0.317361 0.021094 0.023611
0 0.988281 0.240972 0.020312 0.031944
0 0.837500 0.376389 0.020312 0.022222
0 0.809766 0.419444 0.021094 0.019444
