1 0.360547 0.318056 0.028906 0.022222
2 0.103516 0.307639 0.042969 0.026389
2 0.513281 0.497222 0.028125 0.030556
2 0.026563 0.426389 0.037500 0.025000
0 0.500000 0.321528 0.020312 0.020833
0 0.424219 0.322917 0.017188 0.020833
0 0.053125 0.327778 0.015625 0.016667
0 0.028906 0.364583 0.017188 0.018056
0 0.058203 0.386111 0.016406 0.019444
0 0.090234 0.350694 0.016406 0.018056
0 0.102734 0.372917 0.016406 0.018056
0 0.103125 0.392361 0.017188 0.015278
0 0.120703 0.336111 0.017969 0.019444
0 0.144531 0.354861 0.017188 0.015278
0 0.218750 0.338194 0.015625 0.015278
0 0.239844 0.399306 0.018750 0.020833
0 0.283203 0.358333 0.016406 0.016667
0 0.283594 0.379861 0.018750 0.020833
0 0.324219 0.400000 0.017188 0.019444
0 0.340625 0.356250 0.018750 0.015278
0 0.383203 0.381944 0.014844 0.011111
0 0.405859 0.401389 0.021094 0.016667
0 0.427734 0.383333 0.021094 0.016667
0 0.426172 0.358333 0.019531 0.019444
0 0.437109 0.343056 0.016406 0.019444
0 0.516797 0.340972 0.022656 0.020833
0 0.516797 0.360417 0.016406 0.018056
0 0.532422 0.403472 0.017969 0.020833
0 0.546484 0.322222 0.019531 0.016667
0 0.596484 0.327083 0.017969 0.020833
0 0.648438 0.332639 0.017188 0.020833
0 0.673437 0.315972 0.020312 0.020833
0 0.681641 0.332639 0.019531 0.018056
0 0.666016 0.356944 0.019531 0.025000
0 0.160547 0.427778 0.016406 0.016667
0 0.129688 0.445833 0.018750 0.016667
0 0.098438 0.426389 0.018750 0.019444
0 0.099219 0.468056 0.020312 0.025000
0 0.027344 0.470833 0.014062 0.022222
0 0.025781 0.496528 0.021875 0.018056
0 0.139844 0.482639 0.017188 0.020833
0 0.244141 0.507639 0.019531 0.020833
0 0.321094 0.474306 0.018750 0.026389
0 0.357812 0.516667 0.018750 0.016667
0 0.373437 0.497222 0.018750 0.025000
0 0.375000 0.455556 0.015625 0.022222
0 0.409375 0.436806 0.018750 0.020833
0 0.432422 0.493750 0.019531 0.023611
0 0.465234 0.445139 0.019531 0.018056
0 0.509766 0.457639 0.017969 0.020833
0 0.578906 0.434722 0.017188 0.013889
0 0.591797 0.454861 0.016406 0.020833
0 0.575000 0.475694 0.017188 0.020833
0 0.571484 0.514583 0.017969 0.018056
0 0.672266 0.433333 0.019531 0.022222
0 0.680469 0.469444 0.015625 0.019444
0 0.740234 0.509722 0.016406 0.019444
0 0.805078 0.502083 0.021094 0.015278
0 0.806641 0.463889 0.021094 0.019444
0 0.805078 0.441667 0.022656 0.022222
0 0.851563 0.423611 0.020312 0.022222
0 0.892969 0.500000 0.020312 0.019444
0 0.925391 0.469444 0.019531 0.019444
0 0.974609 0.493750 0.021094 0.018056
0 0.973828 0.406944 0.021094 0.019444
0 0.973828 0.428472 0.017969 0.023611
0 0.938672 0.339583 0.017969 0.018056
0 0.912891 0.283333 0.019531 0.022222
0 0.903906 0.323611 0.018750 0.019444
0 0.890625 0.359722 0.017188 0.022222
0 0.856250 0.344444 0.020312 0.019444
0 0.858594 0.297917 0.015625 0.018056
0 0.808594 0.301389 0.018750 0.019444
0 0.783203 0.328472 0.019531 0.020833
0 0.746094 0.309028 0.018750 0.018056
0 0.732422 0.326389 0.017969 0.025000
0 0.754297 0.352083 0.019531 0.018056
