2 0.921875 0.447917 0.032812 0.023611
2 0.440234 0.495139 0.057031 0.026389
2 0.407031 0.475000 0.031250 0.027778
0 0.092969 0.358333 0.020312 0.022222
0 0.041406 0.307639 0.020312 0.020833
0 0.039063 0.372222 0.018750 0.016667
0 0.016797 0.504167 0.019531 0.022222
0 0.073437 0.504861 0.015625 0.023611
0 0.094531 0.430556 0.021875 0.022222
0 0.115234 0.470139 0.019531 0.020833
0 0.116406 0.503472 0.017188 0.023611
0 0.163672 0.447917 0.017969 0.018056
0 0.189453 0.509722 0.019531 0.019444
0 0.107031 0.315972 0.018750 0.015278
0 0.145703 0.357639 0.017969 0.015278
0 0.155469 0.338889 0.017188 0.016667
0 0.186328 0.316667 0.017969 0.013889
0 0.215625 0.396528 0.020312 0.023611
0 0.226172 0.329167 0.017969 0.022222
0 0.244922 0.379167 0.017969 0.022222
0 0.286719 0.323611 0.014062 0.016667
0 0.283984 0.401389 0.013281 0.022222
0 0.378906 0.364583 0.021875 0.023611
0 0.397266 0.341667 0.019531 0.019444
0 0.423828 0.384028 0.019531 0.020833
0 0.449609 0.401389 0.016406 0.022222
0 0.451953 0.322222 0.014844 0.019444
0 0.478125 0.339583 0.020312 0.026389
0 0.531250 0.314583 0.020312 0.020833
0 0.545703 0.339583 0.017969 0.020833
0 0.557031 0.377778 0.017188 0.022222
0 0.591797 0.340278 0.019531 0.019444
0 0.636719 0.325000 0.018750 0.022222
0 0.644141 0.368056 0.017969 0.022222
0 0.659375 0.311111 0.018750 0.019444
0 0.687109 0.320833 0.021094 0.022222
0 0.717578 0.387500 0.022656 0.019444
0 0.759766 0.308333 0.017969 0.019444
0 0.761719 0.327083 0.015625 0.023611
0 0.792188 0.340972 0.021875 0.020833
0 0.818359 0.381944 0.021094 0.022222
0 0.840234 0.359722 0.019531 0.019444
0 0.838672 0.315278 0.017969 0.013889
0 0.880078 0.281944 0.021094 0.019444
0 0.891406 0.333333 0.018750 0.019444
0 0.900391 0.311806 0.021094 0.020833
0 0.978125 0.302778 0.020312 0.022222
0 0.985937 0.400000 0.020312 0.019444
0 0.940234 0.416667 0.019531 0.022222
0 0.882813 0.489583 0.015625 0.020833
0 0.761328 0.465972 0.016406 0.020833
0 0.756641 0.425000 0.017969 0.019444
0 0.698438 0.487500 0.023438 0.025000
0 0.701953 0.448611 0.021094 0.022222
0 0.667188 0.429167 0.018750 0.019444
0 0.644922 0.487500 0.021094 0.019444
0 0.624609 0.514583 0.019531 0.018056
0 0.582031 0.470139 0.015625 0.018056
0 0.565625 0.450694 0.017188 0.018056
0 0.544141 0.432639 0.019531 0.015278
0 0.532812 0.487500 0.014062 0.016667
0 0.505859 0.513194 0.017969 0.018056
0 0.467969 0.447917 0.020312 0.023611
0 0.380859 0.454167 0.021094 0.019444
0 0.347656 0.514583 0.017188 0.018056
0 0.312500 0.491667 0.018750 0.022222
0 0.430469 0.517361 0.021875 0.018056
