0 0.350000 0.345139 0.018750 0.015278
1 0.459766 0.400694 0.036719 0.020833
1 0.439063 0.518056 0.042188 0.022222
1 0.934766 0.334722 0.042969 0.030556
2 0.721875 0.331250 0.057813 0.029167
2 0.717969 0.371528 0.028125 0.020833
2 0.803516 0.461806 0.032031 0.023611
2 0.267578 0.503472 0.028906 0.026389
2 0.255469 0.456250 0.029687 0.020833
0 0.038672 0.309722 0.022656 0.019444
0 0.022266 0.337500 0.017969 0.013889
0 0.040234 0.362500 0.019531 0.019444
0 0.086328 0.393056 0.019531 0.013889
0 0.112109 0.377083 0.017969 0.020833
0 0.125781 0.338194 0.017188 0.020833
0 0.150781 0.314583 0.020312 0.015278
0 0.160156 0.359028 0.014062 0.018056
0 0.185937 0.395833 0.018750 0.016667
0 0.254297 0.318750 0.022656 0.018056
0 0.282813 0.364583 0.018750 0.020833
0 0.294531 0.333333 0.017188 0.016667
0 0.306641 0.386111 0.017969 0.022222
0 0.371094 0.319444 0.017188 0.019444
0 0.400781 0.347222 0.017188 0.019444
0 0.417969 0.381250 0.017188 0.018056
0 0.468359 0.326389 0.019531 0.019444
0 0.491797 0.382639 0.017969 0.020833
0 0.507813 0.353472 0.018750 0.020833
0 0.517187 0.319444 0.020312 0.019444
0 0.593750 0.323611 0.017188 0.019444
0 0.622266 0.376389 0.019531 0.022222
0 0.638672 0.316667 0.019531 0.019444
0 0.642578 0.336111 0.013281 0.019444
0 0.693359 0.309722 0.022656 0.019444
0 0.675781 0.354861 0.018750 0.015278
0 0.720703 0.393750 0.019531 0.020833
0 0.794922 0.318750 0.019531 0.020833
0 0.835156 0.296528 0.021875 0.020833
0 0.911719 0.276389 0.021875 0.019444
0 0.887109 0.318750 0.021094 0.018056
0 0.974609 0.252778 0.021094 0.025000
0 0.944922 0.372222 0.021094 0.016667
0 0.844141 0.382639 0.019531 0.015278
0 0.839453 0.363194 0.021094 0.020833
0 0.833594 0.345139 0.021875 0.020833
0 0.844922 0.319444 0.021094 0.022222
0 0.931641 0.313889 0.019531 0.013889
0 0.964844 0.490972 0.018750 0.020833
0 0.920703 0.468056 0.019531 0.022222
0 0.897656 0.490972 0.018750 0.020833
0 0.819531 0.437500 0.018750 0.025000
0 0.845703 0.419444 0.021094 0.022222
0 0.760156 0.475000 0.018750 0.019444
0 0.760156 0.506250 0.018750 0.020833
0 0.661719 0.433333 0.020312 0.016667
0 0.622266 0.468750 0.017969 0.020833
0 0.649219 0.511111 0.018750 0.019444
0 0.596875 0.516667 0.014062 0.013889
0 0.526563 0.516667 0.017188 0.019444
0 0.483984 0.476389 0.019531 0.022222
0 0.263281 0.431250 0.018750 0.020833
0 0.222266 0.487500 0.016406 0.025000
0 0.201953 0.510417 0.016406 0.018056
0 0.188281 0.450000 0.020312 0.019444
0 0.164063 0.471528 0.015625 0.020833
0 0.150781 0.450000 0.014062 0.019444
0 0.116406 0.429167 0.017188 0.019444
0 0.089453 0.445833 0.019531 0.016667
0 0.092188 0.479167 0.018750 0.022222
0 0.082813 0.504167 0.018750 0.022222
