2 0.646484 0.518056 0.033594 0.025000
2 0.680469 0.311806 0.026563 0.023611
0 0.045703 0.329167 0.017969 0.016667
0 0.071484 0.310417 0.019531 0.018056
0 0.083984 0.370833 0.016406 0.019444
0 0.126953 0.362500 0.019531 0.016667
0 0.188281 0.391667 0.020312 0.016667
0 0.190625 0.334028 0.018750 0.023611
0 0.232031 0.377083 0.020312 0.015278
0 0.242188 0.356944 0.018750 0.016667
0 0.263672 0.393056 0.019531 0.019444
0 0.274219 0.318750 0.020312 0.023611
0 0.302344 0.340278 0.020312 0.019444
0 0.304297 0.360417 0.017969 0.020833
0 0.339063 0.335417 0.020312 0.023611
0 0.357031 0.400694 0.020312 0.018056
0 0.384766 0.342361 0.017969 0.020833
0 0.507422 0.322917 0.019531 0.020833
0 0.430859 0.318750 0.021094 0.018056
0 0.487891 0.400694 0.017969 0.018056
0 0.542188 0.345833 0.020312 0.019444
0 0.588281 0.320139 0.018750 0.018056
0 0.623828 0.327083 0.021094 0.020833
0 0.685547 0.380556 0.021094 0.019444
0 0.687891 0.356944 0.014844 0.016667
0 0.792188 0.388889 0.020312 0.025000
0 0.821484 0.361111 0.017969 0.022222
0 0.871875 0.323611 0.020312 0.019444
0 0.902344 0.339583 0.021875 0.020833
0 0.958984 0.318750 0.019531 0.018056
0 0.976953 0.490972 0.021094 0.018056
0 0.930859 0.500000 0.019531 0.019444
0 0.883203 0.456944 0.014844 0.019444
0 0.808203 0.423611 0.017969 0.016667
0 0.695313 0.452083 0.020312 0.015278
0 0.682422 0.429861 0.021094 0.020833
0 0.680859 0.473611 0.017969 0.022222
0 0.585156 0.494444 0.018750 0.019444
0 0.582031 0.435417 0.020312 0.018056
0 0.451953 0.434028 0.022656 0.018056
0 0.407813 0.472222 0.018750 0.019444
0 0.300000 0.450694 0.015625 0.018056
0 0.240625 0.450000 0.017188 0.022222
0 0.196484 0.486111 0.017969 0.019444
0 0.100781 0.467361 0.020312 0.023611
