2 0.478906 0.367361 0.025000 0.026389
2 0.180469 0.365972 0.040625 0.029167
2 0.019922 0.338194 0.025781 0.023611
2 0.685156 0.376389 0.034375 0.027778
2 0.950781 0.304167 0.037500 0.027778
2 0.860547 0.431944 0.028906 0.025000
0 0.032031 0.395139 0.020312 0.020833
0 0.074609 0.343750 0.021094 0.020833
0 0.141406 0.345833 0.020312 0.019444
0 0.155078 0.399306 0.017969 0.018056
0 0.196094 0.345139 0.020312 0.018056
0 0.232031 0.387500 0.021875 0.016667
0 0.306250 0.348611 0.020312 0.019444
0 0.314063 0.368750 0.018750 0.018056
0 0.341797 0.325694 0.019531 0.020833
0 0.355078 0.347917 0.017969 0.020833
0 0.342187 0.389583 0.015625 0.015278
0 0.414063 0.345833 0.021875 0.022222
0 0.422656 0.404861 0.020312 0.023611
0 0.457031 0.389583 0.021875 0.020833
0 0.495313 0.344444 0.017188 0.022222
0 0.516797 0.404167 0.017969 0.022222
0 0.560156 0.334722 0.018750 0.016667
0 0.572266 0.362500 0.017969 0.019444
0 0.592578 0.400694 0.019531 0.020833
0 0.619141 0.338889 0.019531 0.019444
0 0.701953 0.313889 0.019531 0.019444
0 0.745313 0.329861 0.025000 0.023611
0 0.764063 0.366667 0.023438 0.025000
0 0.769141 0.388889 0.019531 0.022222
0 0.911719 0.277083 0.026563 0.023611
0 0.948438 0.346528 0.026563 0.020833
0 0.928906 0.406944 0.025000 0.025000
0 0.894531 0.495139 0.021875 0.023611
0 0.880078 0.451389 0.019531 0.025000
0 0.822266 0.477083 0.019531 0.026389
0 0.777734 0.461111 0.019531 0.019444
0 0.757422 0.506944 0.019531 0.016667
0 0.728125 0.469444 0.018750 0.019444
0 0.701563 0.428472 0.020312 0.023611
0 0.685547 0.395139 0.017969 0.023611
0 0.678906 0.448611 0.018750 0.025000
0 0.651563 0.473611 0.020312 0.025000
0 0.654688 0.514583 0.020312 0.018056
0 0.606641 0.506250 0.017969 0.023611
0 0.575000 0.477083 0.017188 0.018056
0 0.579687 0.435417 0.020312 0.023611
0 0.546484 0.516667 0.022656 0.022222
0 0.528125 0.495833 0.014062 0.016667
0 0.523047 0.477083 0.021094 0.023611
0 0.483984 0.524306 0.014844 0.018056
0 0.424609 0.520139 0.017969 0.020833
0 0.376953 0.502083 0.014844 0.018056
0 0.370313 0.463889 0.018750 0.025000
0 0.318359 0.439583 0.019531 0.020833
0 0.352734 0.520833 0.019531 0.022222
0 0.287891 0.506944 0.019531 0.019444
0 0.244922 0.498611 0.016406 0.022222
0 0.215234 0.518056 0.019531 0.022222
0 0.207031 0.493750 0.017188 0.018056
0 0.137109 0.438194 0.021094 0.020833
0 0.135156 0.495833 0.018750 0.019444
0 0.114453 0.514583 0.019531 0.026389
0 0.082813 0.459722 0.018750 0.019444
0 0.073437 0.483333 0.020312 0.025000
0 0.007031 0.494444 0.014062 0.019444
