2 0.279297 0.311111 0.025781 0.022222
0 0.022656 0.304167 0.017188 0.016667
0 0.050781 0.366667 0.020312 0.019444
0 0.108984 0.386111 0.021094 0.013889
0 0.123438 0.352083 0.015625 0.018056
0 0.126172 0.327083 0.019531 0.018056
0 0.180859 0.310417 0.019531 0.020833
0 0.266016 0.379861 0.019531 0.020833
0 0.316797 0.359028 0.019531 0.018056
0 0.345703 0.336806 0.019531 0.023611
0 0.372266 0.358333 0.017969 0.019444
0 0.371875 0.393056 0.018750 0.019444
0 0.463281 0.343750 0.017188 0.015278
0 0.497656 0.380556 0.018750 0.019444
0 0.518750 0.398611 0.020312 0.019444
0 0.556641 0.340278 0.019531 0.019444
0 0.565625 0.318056 0.018750 0.022222
0 0.574219 0.359028 0.018750 0.015278
0 0.580859 0.380556 0.016406 0.022222
0 0.721875 0.393056 0.018750 0.025000
0 0.763672 0.325000 0.022656 0.019444
0 0.896094 0.316667 0.020312 0.019444
0 0.900781 0.285417 0.018750 0.023611
0 0.968750 0.256944 0.020312 0.022222
0 0.954687 0.331250 0.020312 0.018056
0 0.946094 0.354167 0.021875 0.016667
0 0.890234 0.369444 0.014844 0.019444
0 0.850781 0.363889 0.018750 0.013889
0 0.984375 0.425694 0.020312 0.018056
0 0.955859 0.488889 0.019531 0.019444
0 0.874219 0.454861 0.021875 0.023611
0 0.807813 0.423611 0.020312 0.019444
0 0.740625 0.488889 0.020312 0.022222
0 0.536328 0.494444 0.021094 0.019444
0 0.394531 0.488889 0.017188 0.019444
0 0.317187 0.467361 0.018750 0.018056
0 0.279297 0.448611 0.017969 0.019444
0 0.236719 0.431944 0.023438 0.019444
0 0.188281 0.493750 0.017188 0.018056
0 0.128516 0.459028 0.016406 0.018056
0 0.103516 0.486806 0.019531 0.023611
