2 0.399219 0.381944 0.029687 0.025000
0 0.953125 0.429861 0.020312 0.023611
0 0.916406 0.477083 0.018750 0.026389
0 0.854297 0.420139 0.014844 0.020833
0 0.880078 0.362500 0.021094 0.019444
0 0.858203 0.345833 0.024219 0.019444
0 0.852344 0.320833 0.020312 0.019444
0 0.951953 0.334028 0.017969 0.020833
0 0.840625 0.439583 0.020312 0.020833
0 0.812891 0.468056 0.021094 0.016667
0 0.744141 0.429167 0.021094 0.019444
0 0.726172 0.469444 0.017969 0.019444
0 0.701172 0.377083 0.017969 0.018056
0 0.773438 0.335417 0.020312 0.018056
0 0.700781 0.310417 0.021875 0.018056
0 0.658594 0.343056 0.020312 0.019444
0 0.656641 0.398611 0.019531 0.022222
0 0.631641 0.379861 0.017969 0.020833
0 0.598828 0.360417 0.014844 0.020833
0 0.598828 0.403472 0.017969 0.020833
0 0.558203 0.320139 0.017969 0.023611
0 0.551562 0.343750 0.017188 0.018056
0 0.541406 0.401389 0.018750 0.016667
0 0.528906 0.364583 0.018750 0.018056
0 0.516797 0.384028 0.017969 0.018056
0 0.456250 0.321528 0.018750 0.018056
0 0.260938 0.359722 0.018750 0.019444
0 0.258594 0.400000 0.015625 0.019444
0 0.204688 0.359028 0.018750 0.018056
0 0.159375 0.336111 0.018750 0.013889
0 0.098438 0.356250 0.018750 0.023611
0 0.068750 0.330556 0.018750 0.022222
0 0.039844 0.425694 0.023438 0.026389
0 0.106641 0.471528 0.019531 0.018056
0 0.148438 0.506944 0.018750 0.016667
0 0.164453 0.445139 0.021094 0.023611
0 0.265234 0.493750 0.017969 0.018056
0 0.309766 0.436806 0.019531 0.023611
0 0.444922 0.459722 0.021094 0.022222
0 0.535937 0.497222 0.020312 0.022222
0 0.617188 0.434028 0.020312 0.020833
0 0.644531 0.458333 0.021875 0.022222
0 0.625391 0.497222 0.019531 0.022222
