2 0.107422 0.374306 0.032031 0.026389
2 0.907422 0.359722 0.035156 0.025000
0 0.917188 0.338194 0.020312 0.015278
2 0.937891 0.313889 0.050781 0.027778
0 0.988281 0.244444 0.018750 0.025000
0 0.988672 0.487500 0.017969 0.025000
0 0.860937 0.480556 0.020312 0.022222
0 0.827734 0.443056 0.021094 0.016667
0 0.865625 0.380556 0.015625 0.019444
0 0.862500 0.296528 0.023438 0.023611
0 0.789844 0.347917 0.018750 0.023611
0 0.675781 0.355556 0.015625 0.022222
0 0.675391 0.396528 0.013281 0.020833
0 0.674219 0.435417 0.018750 0.026389
0 0.587109 0.363889 0.021094 0.019444
0 0.576563 0.336806 0.020312 0.020833
0 0.565625 0.384028 0.015625 0.020833
0 0.569531 0.495833 0.015625 0.016667
0 0.555859 0.518750 0.016406 0.020833
0 0.487109 0.457639 0.017969 0.020833
0 0.499219 0.359722 0.020312 0.019444
0 0.433594 0.336111 0.018750 0.025000
0 0.412891 0.384028 0.014844 0.023611
0 0.392969 0.463889 0.017188 0.019444
0 0.363281 0.401389 0.018750 0.019444
0 0.342578 0.382639 0.016406 0.018056
0 0.341797 0.363194 0.016406 0.015278
0 0.350781 0.339583 0.017188 0.020833
0 0.276563 0.320139 0.015625 0.018056
0 0.173828 0.317361 0.021094 0.023611
0 0.230859 0.395139 0.019531 0.026389
0 0.246094 0.379861 0.020312 0.020833
0 0.260547 0.338889 0.017969 0.019444
0 0.285156 0.362500 0.020312 0.019444
0 0.298828 0.401389 0.019531 0.022222
0 0.025391 0.348611 0.019531 0.025000
0 0.021875 0.481250 0.017188 0.023611
0 0.101172 0.427083 0.019531 0.015278
0 0.109375 0.492361 0.015625 0.015278
0 0.127344 0.471528 0.017188 0.015278
0 0.194141 0.509028 0.021094 0.018056
0 0.256641 0.492361 0.016406 0.018056
0 0.231250 0.434722 0.021875 0.022222
0 0.314453 0.436111 0.022656 0.019444
