2 0.493359 0.514583 0.039844 0.023611
2 0.350000 0.438889 0.031250 0.022222
1 0.186719 0.470139 0.029687 0.023611
0 0.429688 0.318056 0.018750 0.019444
0 0.037891 0.309028 0.021094 0.020833
0 0.058203 0.369444 0.017969 0.022222
0 0.036328 0.388194 0.019531 0.015278
0 0.045703 0.425000 0.024219 0.019444
0 0.060547 0.443750 0.019531 0.020833
0 0.010156 0.450000 0.018750 0.019444
0 0.087109 0.499306 0.021094 0.026389
0 0.121875 0.424306 0.018750 0.018056
0 0.114063 0.447222 0.018750 0.019444
0 0.130469 0.465972 0.026563 0.018056
0 0.152734 0.445139 0.021094 0.023611
0 0.157422 0.499306 0.014844 0.020833
0 0.178125 0.431944 0.018750 0.019444
0 0.239063 0.425000 0.017188 0.019444
0 0.232812 0.448611 0.018750 0.027778
0 0.250781 0.490278 0.017188 0.019444
0 0.258203 0.470139 0.016406 0.018056
0 0.269531 0.451389 0.020312 0.019444
0 0.321094 0.489583 0.017188 0.020833
0 0.310547 0.510417 0.017969 0.018056
0 0.348437 0.509028 0.020312 0.018056
0 0.390625 0.475000 0.018750 0.019444
0 0.417188 0.511111 0.018750 0.016667
0 0.458594 0.431944 0.014062 0.016667
0 0.537500 0.450000 0.020312 0.019444
0 0.553516 0.501389 0.021094 0.019444
0 0.630078 0.468750 0.017969 0.023611
0 0.672266 0.423611 0.017969 0.016667
0 0.742188 0.464583 0.018750 0.020833
0 0.755078 0.483333 0.019531 0.025000
0 0.770312 0.440972 0.020312 0.020833
0 0.803516 0.459722 0.019531 0.019444
0 0.870703 0.452778 0.017969 0.019444
0 0.900781 0.409028 0.018750 0.018056
0 0.943750 0.425000 0.017188 0.016667
0 0.989844 0.457639 0.018750 0.023611
0 0.989844 0.484722 0.015625 0.025000
0 0.957812 0.368056 0.020312 0.022222
0 0.981250 0.322917 0.020312 0.018056
0 0.942969 0.309722 0.021875 0.019444
0 0.890625 0.343750 0.020312 0.018056
0 0.810938 0.361806 0.017188 0.020833
0 0.797656 0.341667 0.018750 0.022222
0 0.810547 0.322222 0.021094 0.019444
0 0.767187 0.386806 0.020312 0.015278
0 0.700391 0.372917 0.017969 0.015278
0 0.693359 0.348611 0.019531 0.019444
0 0.676562 0.390278 0.020312 0.019444
0 0.623438 0.355556 0.020312 0.025000
0 0.622656 0.336111 0.018750 0.025000
0 0.554297 0.338889 0.016406 0.016667
0 0.528125 0.398611 0.020312 0.016667
0 0.473437 0.359722 0.018750 0.019444
0 0.376172 0.317361 0.014844 0.012500
0 0.398047 0.376389 0.017969 0.022222
0 0.398047 0.400000 0.017969 0.019444
0 0.358984 0.341667 0.017969 0.019444
0 0.319531 0.331944 0.020312 0.019444
0 0.305859 0.397222 0.016406 0.019444
0 0.221484 0.336111 0.016406 0.016667
0 0.182031 0.369444 0.018750 0.019444
0 0.270312 0.359028 0.018750 0.018056
