0 0.047656 0.328472 0.020312 0.023611
0 0.031250 0.350000 0.018750 0.022222
0 0.088672 0.371528 0.019531 0.018056
0 0.117578 0.392361 0.019531 0.015278
0 0.126953 0.354167 0.016406 0.022222
0 0.142578 0.315972 0.019531 0.020833
0 0.169531 0.354167 0.017188 0.019444
0 0.167969 0.428472 0.020312 0.020833
0 0.153516 0.446528 0.017969 0.018056
0 0.167187 0.468056 0.021875 0.019444
0 0.066797 0.424306 0.021094 0.015278
0 0.071875 0.462500 0.018750 0.022222
0 0.036719 0.463194 0.018750 0.018056
0 0.019922 0.479861 0.021094 0.020833
0 0.008984 0.500000 0.017969 0.019444
0 0.198828 0.489583 0.021094 0.020833
0 0.209375 0.447917 0.018750 0.023611
0 0.214062 0.429167 0.017188 0.016667
0 0.231641 0.507639 0.021094 0.020833
0 0.271094 0.490278 0.017188 0.019444
0 0.298438 0.455556 0.018750 0.019444
0 0.314844 0.474306 0.017188 0.020833
0 0.297656 0.435417 0.018750 0.020833
0 0.340234 0.435417 0.017969 0.020833
0 0.343750 0.454861 0.017188 0.018056
0 0.369922 0.493750 0.014844 0.015278
0 0.405469 0.437500 0.020312 0.019444
0 0.415625 0.465972 0.018750 0.023611
0 0.437891 0.456944 0.017969 0.016667
0 0.450000 0.437500 0.018750 0.025000
0 0.453125 0.495833 0.018750 0.022222
0 0.485938 0.475694 0.018750 0.018056
0 0.525781 0.515278 0.018750 0.019444
0 0.570313 0.456944 0.020312 0.025000
0 0.575391 0.431944 0.021094 0.019444
0 0.611328 0.459722 0.017969 0.019444
0 0.646484 0.512500 0.014844 0.013889
0 0.726563 0.508333 0.017188 0.019444
0 0.761328 0.485417 0.016406 0.023611
0 0.776172 0.508333 0.019531 0.019444
0 0.798437 0.462500 0.020312 0.019444
0 0.818359 0.418750 0.017969 0.018056
0 0.855469 0.477083 0.018750 0.020833
0 0.895703 0.494444 0.021094 0.019444
2 0.907812 0.447222 0.032812 0.025000
0 0.978516 0.446528 0.022656 0.018056
0 0.923437 0.353472 0.015625 0.015278
0 0.916797 0.333333 0.021094 0.019444
0 0.897656 0.284028 0.021875 0.018056
0 0.959766 0.256250 0.019531 0.026389
0 0.833594 0.296528 0.020312 0.018056
0 0.797656 0.327083 0.021875 0.015278
0 0.760547 0.354167 0.021094 0.022222
0 0.739453 0.331944 0.017969 0.019444
0 0.712891 0.394444 0.021094 0.019444
0 0.667578 0.342361 0.017969 0.018056
0 0.661719 0.319444 0.020312 0.022222
0 0.629297 0.357639 0.019531 0.015278
0 0.573047 0.320833 0.017969 0.019444
0 0.528906 0.340278 0.018750 0.019444
0 0.551562 0.359722 0.020312 0.016667
0 0.564062 0.380556 0.020312 0.019444
0 0.559766 0.397917 0.017969 0.018056
0 0.445313 0.401389 0.018750 0.016667
0 0.431250 0.329861 0.018750 0.020833
0 0.358984 0.359028 0.016406 0.015278
0 0.354297 0.400000 0.014844 0.016667
0 0.316797 0.381944 0.017969 0.022222
0 0.261719 0.379861 0.017188 0.020833
0 0.254297 0.397222 0.017969 0.022222
0 0.864453 0.338194 0.021094 0.020833
1 0.683984 0.470833 0.025781 0.022222
