0 0.013281 0.347222 0.020312 0.025000
0 0.052734 0.372222 0.019531 0.016667
0 0.008984 0.385417 0.014844 0.018056
0 0.013672 0.426389 0.021094 0.016667
0 0.019922 0.477083 0.019531 0.018056
0 0.083203 0.458333 0.019531 0.016667
0 0.095312 0.484028 0.018750 0.015278
0 0.095312 0.426389 0.021875 0.019444
0 0.116797 0.447222 0.021094 0.016667
0 0.139844 0.487500 0.017188 0.019444
0 0.147266 0.429167 0.017969 0.025000
0 0.158984 0.469444 0.022656 0.019444
0 0.179297 0.450000 0.021094 0.019444
0 0.209766 0.474306 0.019531 0.020833
0 0.226953 0.493750 0.017969 0.026389
0 0.227734 0.432639 0.021094 0.026389
0 0.253906 0.469444 0.018750 0.019444
0 0.282422 0.511806 0.017969 0.015278
0 0.307813 0.454167 0.015625 0.019444
0 0.326953 0.434722 0.019531 0.019444
0 0.361328 0.453472 0.017969 0.018056
0 0.379687 0.436111 0.018750 0.019444
0 0.382422 0.479167 0.019531 0.022222
0 0.412500 0.494444 0.018750 0.025000
0 0.420312 0.459028 0.018750 0.018056
0 0.448828 0.516667 0.017969 0.019444
0 0.458594 0.456944 0.020312 0.019444
0 0.469922 0.438194 0.019531 0.018056
0 0.500391 0.474306 0.017969 0.020833
0 0.496875 0.499306 0.018750 0.020833
0 0.512109 0.436111 0.017969 0.022222
0 0.525391 0.459722 0.021094 0.019444
0 0.582422 0.436111 0.021094 0.025000
0 0.605859 0.471528 0.017969 0.020833
0 0.653516 0.492361 0.016406 0.020833
0 0.667188 0.436806 0.021875 0.020833
0 0.728906 0.469444 0.018750 0.022222
0 0.752344 0.489583 0.018750 0.020833
0 0.770703 0.509028 0.021094 0.018056
0 0.799219 0.442361 0.021875 0.020833
0 0.846484 0.458333 0.019531 0.016667
0 0.886328 0.500000 0.014844 0.016667
0 0.901172 0.414583 0.021094 0.020833
1 0.953906 0.448611 0.029687 0.025000
0 0.951563 0.493056 0.020312 0.022222
0 0.978906 0.351389 0.015625 0.022222
0 0.965625 0.313194 0.020312 0.020833
0 0.955469 0.263889 0.020312 0.022222
0 0.948047 0.331944 0.017969 0.022222
0 0.928906 0.375000 0.015625 0.019444
0 0.757031 0.390278 0.018750 0.019444
0 0.752734 0.352778 0.027344 0.022222
0 0.760156 0.304861 0.021875 0.018056
0 0.728125 0.373611 0.023438 0.022222
0 0.689453 0.314583 0.024219 0.023611
0 0.660937 0.356944 0.023438 0.025000
0 0.644531 0.376389 0.017188 0.025000
0 0.611328 0.359722 0.019531 0.019444
0 0.604688 0.340278 0.018750 0.016667
0 0.626562 0.320833 0.020312 0.022222
0 0.539453 0.342361 0.017969 0.018056
0 0.491406 0.382639 0.018750 0.023611
0 0.448438 0.369444 0.017188 0.019444
0 0.388672 0.333333 0.017969 0.019444
0 0.350781 0.363194 0.017188 0.018056
0 0.374219 0.400694 0.021875 0.023611
0 0.342578 0.323611 0.017969 0.022222
0 0.300000 0.380556 0.018750 0.022222
0 0.275000 0.363194 0.018750 0.018056
0 0.250391 0.341667 0.021094 0.022222
0 0.227344 0.394444 0.017188 0.019444
0 0.111719 0.392361 0.020312 0.018056
0 0.150391 0.319444 0.022656 0.022222
0 0.855859 0.363194 0.024219 0.020833
