0 0.103906 0.315278 0.017188 0.019444
0 0.096094 0.336111 0.017188 0.019444
0 0.055078 0.359722 0.017969 0.019444
0 0.010156 0.347917 0.014062 0.018056
0 0.063672 0.390972 0.019531 0.018056
0 0.183594 0.393750 0.017188 0.020833
0 0.254687 0.379167 0.020312 0.022222
0 0.318359 0.343750 0.019531 0.018056
0 0.346094 0.360417 0.017188 0.018056
0 0.397266 0.343750 0.019531 0.020833
0 0.405859 0.362500 0.019531 0.019444
0 0.410547 0.381250 0.017969 0.020833
0 0.433203 0.401389 0.017969 0.019444
0 0.434766 0.335417 0.021094 0.020833
0 0.474219 0.385417 0.020312 0.015278
0 0.501172 0.364583 0.024219 0.018056
0 0.483594 0.320833 0.020312 0.022222
0 0.095312 0.355556 0.018750 0.022222
0 0.114844 0.426389 0.020312 0.022222
0 0.015625 0.422917 0.018750 0.018056
0 0.031250 0.444444 0.023438 0.016667
0 0.064844 0.471528 0.017188 0.020833
0 0.108984 0.494444 0.017969 0.019444
0 0.145313 0.489583 0.018750 0.015278
0 0.153516 0.450694 0.019531 0.020833
0 0.204297 0.488194 0.017969 0.018056
0 0.221484 0.434028 0.017969 0.023611
0 0.229687 0.454861 0.018750 0.020833
0 0.271094 0.434028 0.018750 0.020833
0 0.289844 0.454861 0.020312 0.020833
0 0.287109 0.493056 0.021094 0.022222
0 0.307031 0.435417 0.020312 0.023611
0 0.337891 0.477083 0.019531 0.020833
0 0.336328 0.497917 0.016406 0.015278
0 0.358594 0.455556 0.017188 0.016667
0 0.400781 0.437500 0.020312 0.022222
0 0.411328 0.493750 0.017969 0.020833
0 0.434766 0.478472 0.017969 0.018056
0 0.439844 0.456944 0.017188 0.022222
0 0.469531 0.496528 0.018750 0.020833
0 0.475391 0.456944 0.017969 0.022222
0 0.479297 0.436806 0.021094 0.020833
0 0.530859 0.459722 0.021094 0.025000
0 0.532031 0.518750 0.018750 0.020833
0 0.668750 0.438889 0.020312 0.019444
0 0.588672 0.379861 0.021094 0.020833
0 0.612891 0.401389 0.013281 0.013889
0 0.553125 0.325694 0.018750 0.023611
0 0.693750 0.335417 0.020312 0.018056
0 0.678516 0.376389 0.016406 0.013889
0 0.719141 0.356944 0.017969 0.016667
0 0.740625 0.308333 0.020312 0.013889
0 0.769922 0.391667 0.017969 0.016667
0 0.793750 0.329167 0.020312 0.019444
0 0.855078 0.299306 0.022656 0.018056
2 0.963281 0.259028 0.031250 0.031944
2 0.882813 0.348611 0.032812 0.025000
0 0.569922 0.454167 0.019531 0.013889
0 0.596875 0.478472 0.020312 0.018056
0 0.621484 0.454167 0.017969 0.016667
0 0.642969 0.493056 0.018750 0.013889
0 0.673437 0.516667 0.020312 0.022222
0 0.708594 0.433333 0.018750 0.019444
0 0.704687 0.467361 0.017188 0.020833
0 0.749609 0.486806 0.017969 0.015278
0 0.796094 0.426389 0.021875 0.022222
0 0.860156 0.459028 0.018750 0.018056
0 0.917578 0.415972 0.019531 0.018056
0 0.951172 0.452083 0.019531 0.018056
0 0.938281 0.477778 0.015625 0.019444
0 0.976172 0.372917 0.019531 0.018056
0 0.970312 0.352083 0.020312 0.018056
0 0.987109 0.331250 0.021094 0.018056
0 0.914453 0.358333 0.017969 0.016667
0 0.903906 0.381250 0.020312 0.020833
0 0.545313 0.436111 0.018750 0.022222
