0 0.019531 0.369444 0.018750 0.022222
0 0.014062 0.479167 0.018750 0.019444
0 0.078516 0.436806 0.021094 0.020833
0 0.083594 0.467361 0.020312 0.015278
2 0.049219 0.332639 0.028125 0.026389
2 0.112891 0.354861 0.058594 0.029167
2 0.362500 0.381944 0.056250 0.025000
2 0.367969 0.359028 0.032812 0.023611
2 0.533984 0.342361 0.039844 0.031944
2 0.759375 0.486806 0.046875 0.034722
2 0.690625 0.509028 0.029687 0.026389
0 0.972266 0.487500 0.022656 0.019444
0 0.989453 0.444444 0.019531 0.019444
0 0.983203 0.363889 0.019531 0.022222
0 0.893359 0.318750 0.022656 0.020833
0 0.904688 0.280556 0.020312 0.022222
0 0.879687 0.351389 0.020312 0.016667
0 0.896484 0.379167 0.021094 0.019444
0 0.741016 0.311111 0.019531 0.019444
0 0.775000 0.328472 0.020312 0.015278
0 0.801953 0.300000 0.016406 0.019444
0 0.801172 0.377083 0.016406 0.018056
0 0.758594 0.389583 0.018750 0.018056
0 0.766406 0.424306 0.018750 0.020833
0 0.842188 0.440972 0.020312 0.020833
0 0.688672 0.450694 0.021094 0.018056
0 0.643359 0.380556 0.017969 0.016667
0 0.611719 0.363194 0.021875 0.018056
0 0.621875 0.327778 0.020312 0.025000
0 0.682031 0.317361 0.021875 0.018056
0 0.600781 0.400694 0.018750 0.018056
0 0.556250 0.315278 0.018750 0.019444
0 0.491797 0.362500 0.013281 0.016667
0 0.483984 0.318750 0.016406 0.018056
0 0.478906 0.383333 0.018750 0.022222
0 0.492578 0.437500 0.019531 0.025000
0 0.558594 0.478472 0.018750 0.020833
0 0.589844 0.436111 0.021875 0.022222
0 0.446484 0.459722 0.017969 0.019444
0 0.338281 0.345833 0.020312 0.019444
0 0.318750 0.322917 0.017188 0.018056
0 0.277344 0.318056 0.020312 0.019444
0 0.257031 0.341667 0.017188 0.019444
0 0.218750 0.330556 0.018750 0.022222
0 0.194922 0.357639 0.019531 0.018056
0 0.147656 0.335417 0.017188 0.020833
0 0.068750 0.310417 0.018750 0.018056
0 0.186328 0.431944 0.021094 0.019444
0 0.230078 0.454167 0.019531 0.022222
0 0.239844 0.491667 0.023438 0.022222
