2 0.119531 0.379167 0.056250 0.019444
0 0.126563 0.315278 0.020312 0.019444
0 0.137109 0.509722 0.017969 0.019444
0 0.155859 0.400694 0.017969 0.018056
0 0.181250 0.357639 0.020312 0.020833
0 0.219531 0.438194 0.018750 0.020833
0 0.217969 0.492361 0.020312 0.018056
0 0.243359 0.513194 0.019531 0.015278
0 0.271484 0.498611 0.019531 0.016667
0 0.297266 0.438889 0.021094 0.019444
0 0.281250 0.361806 0.018750 0.018056
0 0.263281 0.383333 0.020312 0.022222
0 0.319922 0.345139 0.017969 0.023611
0 0.351563 0.321528 0.018750 0.018056
0 0.378125 0.343750 0.020312 0.020833
0 0.433594 0.385417 0.020312 0.020833
0 0.448047 0.347917 0.016406 0.018056
0 0.481641 0.354167 0.013281 0.019444
0 0.514844 0.327778 0.018750 0.016667
0 0.528125 0.364583 0.017188 0.023611
0 0.492578 0.467361 0.016406 0.018056
0 0.567969 0.499306 0.018750 0.020833
0 0.599609 0.477083 0.021094 0.018056
0 0.617188 0.457639 0.021875 0.023611
0 0.647266 0.497222 0.017969 0.019444
0 0.695313 0.443056 0.018750 0.022222
0 0.718359 0.489583 0.017969 0.020833
0 0.733984 0.472222 0.014844 0.019444
0 0.764063 0.428472 0.017188 0.018056
0 0.917188 0.434028 0.020312 0.023611
2 0.888281 0.477778 0.034375 0.025000
0 0.973047 0.409028 0.021094 0.020833
0 0.982031 0.427778 0.018750 0.025000
0 0.939062 0.375694 0.017188 0.018056
0 0.955078 0.262500 0.019531 0.027778
0 0.881250 0.289583 0.020312 0.023611
0 0.864453 0.382639 0.017969 0.020833
0 0.830859 0.367361 0.022656 0.023611
0 0.804297 0.388194 0.019531 0.023611
0 0.794922 0.345139 0.021094 0.020833
0 0.732422 0.350694 0.019531 0.023611
0 0.696484 0.338889 0.013281 0.016667
0 0.696484 0.311806 0.022656 0.023611
0 0.665234 0.355556 0.016406 0.022222
0 0.588672 0.343056 0.017969 0.025000
0 0.585938 0.384722 0.020312 0.019444
2 0.137500 0.487500 0.025000 0.022222
