2 0.211719 0.472222 0.034375 0.025000
2 0.349609 0.495139 0.025781 0.023611
2 0.769922 0.369444 0.063281 0.027778
0 0.785547 0.345833 0.019531 0.022222
0 0.812891 0.300694 0.019531 0.020833
0 0.884766 0.339583 0.021094 0.026389
0 0.884375 0.359722 0.018750 0.019444
0 0.879297 0.381250 0.024219 0.020833
0 0.981641 0.328472 0.022656 0.020833
0 0.983984 0.347222 0.017969 0.025000
0 0.958594 0.427778 0.023438 0.022222
0 0.987109 0.461806 0.019531 0.020833
0 0.938281 0.484722 0.018750 0.019444
0 0.914844 0.452778 0.018750 0.019444
0 0.847656 0.478472 0.021875 0.020833
0 0.832422 0.440278 0.016406 0.019444
0 0.991406 0.368750 0.015625 0.020833
0 0.614844 0.434722 0.018750 0.019444
0 0.606641 0.452083 0.016406 0.023611
0 0.635938 0.397917 0.017188 0.020833
0 0.636328 0.337500 0.017969 0.019444
0 0.733594 0.334722 0.021875 0.022222
0 0.734375 0.315972 0.020312 0.018056
0 0.564844 0.402083 0.017188 0.023611
0 0.556641 0.384028 0.019531 0.020833
0 0.552344 0.359722 0.015625 0.019444
0 0.508203 0.405556 0.019531 0.016667
0 0.475000 0.359722 0.017188 0.019444
0 0.453516 0.325694 0.019531 0.026389
0 0.413672 0.341667 0.014844 0.019444
0 0.408984 0.360417 0.017969 0.023611
0 0.319141 0.340972 0.017969 0.018056
0 0.318750 0.384722 0.017188 0.016667
0 0.280078 0.359722 0.016406 0.019444
0 0.242578 0.318056 0.016406 0.016667
0 0.213672 0.337500 0.017969 0.016667
0 0.225391 0.372917 0.013281 0.015278
0 0.156641 0.376389 0.017969 0.016667
0 0.133984 0.337500 0.017969 0.025000
0 0.099219 0.313194 0.018750 0.018056
0 0.066406 0.336111 0.017188 0.019444
0 0.016016 0.444444 0.019531 0.016667
0 0.017969 0.501389 0.020312 0.016667
0 0.062891 0.465972 0.019531 0.020833
0 0.090234 0.445833 0.024219 0.019444
0 0.103125 0.427778 0.018750 0.019444
0 0.148828 0.450000 0.021094 0.022222
0 0.178906 0.508333 0.018750 0.022222
0 0.261328 0.512500 0.017969 0.019444
0 0.321875 0.438194 0.018750 0.018056
0 0.412500 0.514583 0.018750 0.015278
0 0.478125 0.495139 0.018750 0.018056
0 0.536328 0.500694 0.017969 0.018056
0 0.565234 0.518056 0.017969 0.016667
