2 0.533203 0.380556 0.057031 0.030556
2 0.287109 0.321528 0.035156 0.029167
2 0.061719 0.489583 0.045313 0.026389
2 0.699219 0.447917 0.028125 0.023611
2 0.975391 0.334028 0.047656 0.029167
2 0.850781 0.361111 0.032812 0.027778
0 0.042969 0.375694 0.017188 0.018056
0 0.067188 0.340278 0.014062 0.019444
0 0.063672 0.395833 0.022656 0.016667
0 0.107422 0.342361 0.017969 0.018056
0 0.118750 0.359722 0.017188 0.019444
0 0.207813 0.379861 0.021875 0.018056
0 0.219531 0.434028 0.020312 0.020833
0 0.114063 0.432639 0.017188 0.020833
0 0.244922 0.479167 0.017969 0.019444
0 0.269531 0.492361 0.017188 0.018056
0 0.402344 0.477778 0.020312 0.022222
0 0.430078 0.518750 0.016406 0.020833
0 0.460156 0.459722 0.020312 0.019444
0 0.474609 0.439583 0.017969 0.020833
0 0.464063 0.405556 0.018750 0.019444
0 0.466406 0.336111 0.020312 0.027778
0 0.541406 0.333333 0.021875 0.022222
0 0.609766 0.315278 0.019531 0.025000
0 0.647656 0.397917 0.018750 0.023611
0 0.663672 0.359722 0.019531 0.025000
0 0.677344 0.325694 0.018750 0.023611
0 0.757031 0.328472 0.025000 0.020833
0 0.754297 0.370139 0.019531 0.020833
0 0.779297 0.345139 0.021094 0.023611
0 0.892187 0.376389 0.023438 0.022222
0 0.905078 0.311111 0.019531 0.025000
0 0.928906 0.274306 0.021875 0.020833
0 0.964063 0.464583 0.020312 0.023611
0 0.940234 0.445139 0.017969 0.020833
0 0.912891 0.493750 0.021094 0.023611
0 0.890625 0.459722 0.014062 0.019444
0 0.836719 0.502778 0.020312 0.016667
0 0.783594 0.504861 0.018750 0.020833
0 0.752344 0.490278 0.020312 0.022222
0 0.748047 0.465278 0.017969 0.016667
0 0.676953 0.489583 0.019531 0.020833
