0 0.345703 0.452083 0.021094 0.018056
2 0.371094 0.475694 0.035937 0.023611
2 0.351953 0.513194 0.047656 0.023611
2 0.522656 0.318750 0.032812 0.018056
2 0.763281 0.369444 0.059375 0.025000
0 0.094531 0.306944 0.020312 0.025000
0 0.056250 0.328472 0.018750 0.018056
0 0.051953 0.388889 0.021094 0.022222
0 0.017188 0.447222 0.015625 0.013889
0 0.014453 0.365972 0.019531 0.018056
0 0.022266 0.500000 0.019531 0.019444
0 0.067578 0.481944 0.017969 0.016667
0 0.080469 0.465972 0.018750 0.020833
0 0.129688 0.444444 0.018750 0.016667
0 0.129688 0.373611 0.018750 0.016667
0 0.133984 0.354167 0.017969 0.016667
0 0.144922 0.393750 0.017969 0.015278
0 0.167969 0.337500 0.017188 0.019444
0 0.242578 0.339583 0.019531 0.018056
0 0.235547 0.386111 0.014844 0.013889
0 0.283594 0.395833 0.018750 0.019444
0 0.306250 0.352778 0.017188 0.019444
0 0.401563 0.360417 0.018750 0.023611
0 0.427734 0.383333 0.017969 0.016667
0 0.444922 0.400000 0.017969 0.019444
0 0.490234 0.397917 0.022656 0.018056
0 0.601953 0.396528 0.017969 0.018056
0 0.630078 0.336111 0.016406 0.016667
0 0.666406 0.319444 0.018750 0.019444
0 0.693359 0.329167 0.021094 0.019444
0 0.750391 0.301389 0.017969 0.022222
0 0.775391 0.321528 0.017969 0.020833
0 0.839063 0.322222 0.017188 0.016667
0 0.867969 0.290278 0.021875 0.019444
0 0.936328 0.369444 0.021094 0.022222
0 0.942187 0.331250 0.017188 0.018056
0 0.816797 0.343056 0.017969 0.022222
0 0.853906 0.382639 0.018750 0.018056
0 0.937500 0.427778 0.020312 0.019444
0 0.899609 0.469444 0.019531 0.019444
0 0.665234 0.438889 0.016406 0.016667
0 0.611719 0.453472 0.014062 0.020833
0 0.604297 0.490972 0.017969 0.018056
0 0.589453 0.475694 0.013281 0.015278
0 0.555859 0.432639 0.017969 0.018056
0 0.508984 0.494444 0.016406 0.022222
0 0.519531 0.518056 0.015625 0.016667
0 0.451953 0.359028 0.017969 0.020833
0 0.270312 0.431250 0.020312 0.020833
0 0.253125 0.509722 0.018750 0.019444
0 0.208594 0.450000 0.020312 0.019444
0 0.179688 0.468056 0.018750 0.019444
0 0.175391 0.484722 0.017969 0.019444
0 0.148828 0.428472 0.017969 0.018056
0 0.543750 0.358333 0.017188 0.016667
0 0.578516 0.340972 0.019531 0.018056
