2 0.337891 0.317361 0.030469 0.018056
2 0.503125 0.380556 0.054688 0.022222
2 0.608203 0.515278 0.050781 0.025000
2 0.556641 0.491667 0.035156 0.025000
0 0.167969 0.333333 0.017188 0.016667
0 0.156250 0.355556 0.018750 0.016667
0 0.153125 0.376389 0.015625 0.022222
0 0.138281 0.392361 0.017188 0.020833
0 0.062891 0.350000 0.019531 0.019444
0 0.035156 0.331250 0.017188 0.018056
0 0.013281 0.388194 0.017188 0.018056
0 0.018750 0.422222 0.018750 0.022222
0 0.029297 0.445139 0.017969 0.015278
0 0.028125 0.468750 0.018750 0.018056
0 0.048828 0.500694 0.017969 0.018056
0 0.076172 0.472222 0.019531 0.016667
0 0.137500 0.450000 0.017188 0.019444
0 0.101953 0.482639 0.017969 0.018056
0 0.168359 0.506944 0.019531 0.013889
0 0.187891 0.457639 0.019531 0.023611
0 0.250781 0.451389 0.017188 0.013889
0 0.283984 0.357639 0.016406 0.015278
0 0.290625 0.393750 0.015625 0.018056
0 0.199219 0.394444 0.020312 0.019444
0 0.295703 0.433333 0.013281 0.016667
0 0.307813 0.473611 0.018750 0.022222
0 0.297656 0.493750 0.017188 0.015278
0 0.301953 0.513194 0.019531 0.018056
0 0.382813 0.457639 0.018750 0.018056
0 0.358594 0.374306 0.020312 0.015278
0 0.422266 0.341667 0.016406 0.022222
0 0.473437 0.347222 0.018750 0.019444
0 0.506641 0.325000 0.017969 0.013889
0 0.556250 0.361111 0.018750 0.022222
0 0.558594 0.335417 0.018750 0.015278
0 0.532031 0.401389 0.015625 0.016667
0 0.474219 0.438194 0.017188 0.018056
0 0.477344 0.457639 0.018750 0.018056
0 0.428906 0.457639 0.017188 0.018056
0 0.428125 0.493056 0.017188 0.019444
0 0.499609 0.515972 0.017969 0.018056
0 0.593750 0.436111 0.017188 0.016667
0 0.634375 0.452778 0.017188 0.016667
0 0.789844 0.482639 0.018750 0.020833
0 0.813281 0.463194 0.015625 0.018056
0 0.841797 0.499306 0.017969 0.018056
0 0.897266 0.434028 0.013281 0.012500
0 0.891406 0.411806 0.018750 0.023611
0 0.920703 0.457639 0.019531 0.023611
0 0.974219 0.326389 0.021875 0.016667
0 0.940234 0.310417 0.019531 0.018056
0 0.881641 0.352778 0.021094 0.022222
0 0.873438 0.319444 0.018750 0.022222
0 0.851172 0.343750 0.017969 0.020833
0 0.799219 0.343056 0.018750 0.022222
0 0.786719 0.320833 0.018750 0.019444
0 0.719531 0.354167 0.017188 0.016667
0 0.669922 0.312500 0.021094 0.019444
0 0.629687 0.336111 0.017188 0.016667
0 0.602734 0.315972 0.016406 0.018056
0 0.639063 0.396528 0.020312 0.018056
