0 0.029687 0.311111 0.015625 0.019444
0 0.072266 0.331944 0.017969 0.016667
0 0.072656 0.354861 0.014062 0.018056
0 0.054688 0.385417 0.020312 0.018056
0 0.050781 0.459722 0.017188 0.019444
0 0.071094 0.483333 0.020312 0.022222
0 0.118359 0.431250 0.017969 0.015278
0 0.126563 0.352083 0.015625 0.018056
0 0.133203 0.315972 0.016406 0.020833
0 0.154297 0.338889 0.017969 0.019444
0 0.181641 0.454167 0.017969 0.019444
0 0.265625 0.511806 0.018750 0.020833
0 0.281250 0.461111 0.017188 0.022222
0 0.266797 0.360417 0.021094 0.018056
0 0.317969 0.331944 0.020312 0.019444
0 0.338672 0.361111 0.017969 0.022222
0 0.326172 0.446528 0.017969 0.026389
0 0.391016 0.452778 0.019531 0.022222
0 0.389453 0.473611 0.019531 0.013889
0 0.395703 0.513889 0.019531 0.022222
0 0.418750 0.436111 0.015625 0.016667
0 0.434375 0.459722 0.020312 0.019444
0 0.436328 0.361806 0.017969 0.023611
0 0.447266 0.322222 0.021094 0.022222
0 0.490625 0.340278 0.017188 0.019444
2 0.515234 0.362500 0.033594 0.022222
0 0.523438 0.384028 0.017188 0.015278
0 0.557031 0.336806 0.017188 0.023611
0 0.567969 0.318750 0.015625 0.020833
0 0.618750 0.377083 0.017188 0.015278
0 0.644141 0.399306 0.016406 0.015278
0 0.683203 0.388889 0.019531 0.016667
0 0.729297 0.347917 0.016406 0.018056
0 0.782422 0.371528 0.019531 0.018056
0 0.821484 0.351389 0.019531 0.016667
0 0.862109 0.318056 0.019531 0.016667
0 0.930078 0.271528 0.019531 0.023611
0 0.982031 0.245139 0.020312 0.023611
0 0.954297 0.329861 0.016406 0.023611
0 0.932031 0.309028 0.020312 0.020833
0 0.943750 0.375000 0.021875 0.025000
0 0.895312 0.334028 0.017188 0.015278
0 0.864844 0.377778 0.017188 0.019444
0 0.918750 0.442361 0.017188 0.020833
0 0.978516 0.442361 0.022656 0.023611
0 0.864844 0.436111 0.015625 0.016667
0 0.825000 0.419444 0.017188 0.019444
0 0.850391 0.497917 0.016406 0.020833
0 0.792578 0.478472 0.017969 0.018056
0 0.742969 0.465278 0.015625 0.019444
0 0.737500 0.448611 0.020312 0.016667
0 0.734766 0.424306 0.022656 0.018056
0 0.684375 0.429167 0.018750 0.022222
0 0.664844 0.450000 0.012500 0.019444
0 0.697656 0.513889 0.020312 0.022222
0 0.612891 0.513194 0.021094 0.023611
0 0.550391 0.456250 0.019531 0.018056
0 0.515234 0.474306 0.021094 0.020833
0 0.527734 0.514583 0.016406 0.020833
0 0.486328 0.513889 0.017969 0.016667
