0 0.020312 0.355556 0.018750 0.022222
0 0.040625 0.427083 0.020312 0.020833
0 0.038672 0.502778 0.022656 0.016667
0 0.149219 0.493750 0.017188 0.020833
0 0.219531 0.492361 0.020312 0.015278
0 0.276953 0.493056 0.019531 0.022222
0 0.313281 0.455556 0.020312 0.022222
0 0.363281 0.436111 0.020312 0.016667
0 0.376953 0.461806 0.017969 0.015278
0 0.358984 0.495833 0.016406 0.016667
0 0.460938 0.436806 0.018750 0.018056
0 0.493750 0.457639 0.017188 0.020833
0 0.589844 0.474306 0.018750 0.018056
0 0.612891 0.513194 0.021094 0.020833
0 0.644922 0.510417 0.017969 0.020833
0 0.665625 0.429861 0.017188 0.020833
0 0.699219 0.445833 0.021875 0.016667
0 0.710547 0.465972 0.019531 0.018056
0 0.713672 0.507639 0.017969 0.015278
0 0.764453 0.505556 0.019531 0.019444
0 0.777344 0.444444 0.020312 0.016667
0 0.763281 0.423611 0.018750 0.022222
0 0.840234 0.456944 0.019531 0.019444
0 0.862500 0.434028 0.021875 0.020833
0 0.868359 0.496528 0.016406 0.015278
0 0.898047 0.373611 0.021094 0.019444
0 0.951172 0.368056 0.019531 0.016667
0 0.964844 0.422222 0.015625 0.019444
0 0.959375 0.348611 0.017188 0.019444
0 0.986719 0.325000 0.021875 0.019444
0 0.944531 0.264583 0.015625 0.020833
0 0.913281 0.313194 0.018750 0.020833
0 0.930469 0.336111 0.023438 0.027778
0 0.837500 0.293750 0.020312 0.018056
0 0.813281 0.362500 0.018750 0.016667
0 0.830859 0.381944 0.021094 0.022222
0 0.775000 0.312500 0.017188 0.016667
0 0.762109 0.345833 0.017969 0.016667
0 0.750781 0.387500 0.018750 0.022222
0 0.724609 0.311111 0.021094 0.025000
0 0.711328 0.375000 0.021094 0.019444
0 0.676172 0.354861 0.021094 0.023611
0 0.664844 0.331944 0.015625 0.025000
0 0.606250 0.358333 0.017188 0.022222
0 0.578906 0.335417 0.018750 0.023611
0 0.582031 0.398611 0.017188 0.022222
0 0.548047 0.378472 0.016406 0.020833
0 0.523438 0.398611 0.014062 0.016667
0 0.434766 0.360417 0.019531 0.018056
0 0.431250 0.395139 0.018750 0.026389
0 0.354688 0.381944 0.017188 0.019444
0 0.325391 0.400694 0.017969 0.020833
0 0.283984 0.400000 0.014844 0.016667
0 0.264062 0.383333 0.017188 0.019444
0 0.262500 0.327778 0.018750 0.016667
2 0.254687 0.360417 0.034375 0.020833
0 0.221875 0.323611 0.018750 0.019444
0 0.169141 0.315972 0.017969 0.015278
0 0.172266 0.337500 0.016406 0.013889
0 0.168359 0.354861 0.017969 0.020833
0 0.106250 0.354861 0.018750 0.020833
0 0.011719 0.310417 0.017188 0.020833
