0 0.056250 0.306944 0.014062 0.016667
0 0.057422 0.336111 0.016406 0.013889
0 0.042969 0.426389 0.020312 0.013889
0 0.102734 0.356250 0.019531 0.018056
0 0.140234 0.377083 0.021094 0.018056
0 0.149609 0.338889 0.017969 0.019444
0 0.125391 0.316667 0.019531 0.016667
0 0.128516 0.485417 0.017969 0.020833
0 0.159766 0.430556 0.019531 0.019444
0 0.221094 0.479167 0.020312 0.019444
0 0.217187 0.361806 0.018750 0.018056
0 0.276953 0.320833 0.017969 0.016667
2 0.259766 0.379861 0.027344 0.020833
2 0.364453 0.362500 0.055469 0.027778
2 0.632031 0.513889 0.043750 0.027778
0 0.832422 0.495833 0.014844 0.013889
0 0.906641 0.471528 0.017969 0.018056
0 0.903125 0.411806 0.018750 0.018056
0 0.948438 0.269444 0.020312 0.025000
0 0.820313 0.298611 0.020312 0.022222
0 0.793359 0.386111 0.017969 0.016667
0 0.737109 0.330556 0.019531 0.022222
0 0.708203 0.306250 0.019531 0.023611
0 0.609375 0.334722 0.017188 0.019444
0 0.601563 0.379167 0.017188 0.019444
0 0.578906 0.359722 0.018750 0.019444
0 0.550781 0.317361 0.017188 0.018056
0 0.535547 0.436806 0.014844 0.018056
0 0.459766 0.362500 0.016406 0.016667
0 0.432031 0.379167 0.014062 0.019444
0 0.430078 0.435417 0.019531 0.020833
0 0.394922 0.513194 0.016406 0.018056
0 0.338281 0.435417 0.017188 0.018056
0 0.342969 0.383333 0.017188 0.019444
0 0.309375 0.474306 0.017188 0.018056
