0 0.092188 0.311806 0.018750 0.020833
0 0.064062 0.331250 0.018750 0.023611
0 0.075781 0.390278 0.020312 0.022222
0 0.119531 0.357639 0.023438 0.018056
0 0.185547 0.437500 0.019531 0.025000
0 0.187891 0.489583 0.017969 0.020833
0 0.110937 0.483333 0.015625 0.016667
0 0.107813 0.505556 0.018750 0.019444
0 0.203906 0.397222 0.017188 0.016667
0 0.236328 0.337500 0.017969 0.013889
0 0.279687 0.332639 0.020312 0.020833
0 0.326953 0.476389 0.017969 0.019444
0 0.344141 0.451389 0.019531 0.016667
0 0.385156 0.350000 0.020312 0.019444
0 0.460547 0.497917 0.021094 0.018056
0 0.536719 0.434722 0.018750 0.019444
0 0.539063 0.318750 0.020312 0.018056
0 0.605469 0.399306 0.018750 0.018056
0 0.624609 0.316667 0.019531 0.019444
0 0.666797 0.336111 0.019531 0.019444
0 0.664453 0.357639 0.017969 0.029167
0 0.662109 0.397222 0.014844 0.016667
0 0.650391 0.431944 0.016406 0.019444
0 0.685547 0.490278 0.017969 0.019444
0 0.712891 0.466667 0.021094 0.019444
0 0.781250 0.422222 0.017188 0.016667
0 0.928516 0.409722 0.021094 0.019444
0 0.964453 0.454167 0.019531 0.019444
0 0.989844 0.489583 0.017188 0.020833
0 0.949219 0.367361 0.018750 0.018056
0 0.878906 0.377083 0.018750 0.018056
0 0.832812 0.340278 0.020312 0.022222
2 0.801172 0.363194 0.058594 0.026389
0 0.770312 0.328472 0.020312 0.023611
0 0.777344 0.389583 0.018750 0.018056
0 0.822656 0.384722 0.020312 0.019444
