0 0.155859 0.365278 0.017969 0.019444
0 0.155859 0.384722 0.017969 0.019444
0 0.089453 0.377778 0.021094 0.019444
0 0.071875 0.296528 0.015625 0.020833
0 0.067969 0.319444 0.014062 0.016667
0 0.008594 0.374306 0.017188 0.018056
0 0.191797 0.475000 0.022656 0.022222
0 0.317187 0.314583 0.020312 0.020833
0 0.347266 0.356250 0.017969 0.018056
0 0.385156 0.311806 0.020312 0.020833
0 0.420312 0.337500 0.018750 0.022222
0 0.404687 0.356944 0.021875 0.019444
0 0.501172 0.329861 0.017969 0.023611
0 0.563281 0.355556 0.018750 0.019444
0 0.571875 0.399306 0.017188 0.018056
0 0.696094 0.336111 0.020312 0.019444
0 0.700000 0.355556 0.020312 0.027778
0 0.717969 0.311111 0.020312 0.016667
0 0.766016 0.306250 0.019531 0.023611
0 0.778906 0.368056 0.018750 0.022222
0 0.841016 0.302778 0.019531 0.022222
0 0.947656 0.272917 0.023438 0.023611
0 0.980469 0.315972 0.023438 0.018056
0 0.931641 0.318056 0.021094 0.016667
0 0.944141 0.382639 0.019531 0.020833
0 0.948438 0.437500 0.017188 0.019444
0 0.920313 0.458333 0.017188 0.016667
0 0.903906 0.503472 0.018750 0.020833
0 0.858984 0.382639 0.014844 0.012500
0 0.877734 0.338194 0.019531 0.015278
0 0.830859 0.388194 0.019531 0.020833
0 0.604297 0.434028 0.021094 0.015278
0 0.555078 0.513889 0.017969 0.025000
0 0.474219 0.516667 0.017188 0.013889
0 0.447656 0.431944 0.018750 0.016667
1 0.459375 0.377778 0.025000 0.016667
2 0.095312 0.340972 0.057813 0.023611
2 0.227734 0.304861 0.032031 0.023611
2 0.634375 0.316667 0.029687 0.027778
2 0.844141 0.365972 0.028906 0.018056
2 0.924609 0.361111 0.027344 0.022222
2 0.655859 0.516667 0.044531 0.022222
