2 0.419531 0.315278 0.023438 0.019444
2 0.725391 0.377778 0.028906 0.022222
2 0.648438 0.379861 0.023438 0.020833
2 0.871875 0.508333 0.048437 0.025000
1 0.238672 0.370833 0.027344 0.022222
2 0.017969 0.290972 0.035937 0.026389
0 0.108203 0.303472 0.021094 0.023611
0 0.127734 0.342361 0.016406 0.015278
0 0.166406 0.335417 0.020312 0.018056
0 0.186328 0.304167 0.019531 0.016667
0 0.219922 0.345833 0.019531 0.016667
0 0.300391 0.333333 0.017969 0.022222
0 0.333984 0.394444 0.017969 0.019444
0 0.362500 0.354167 0.018750 0.019444
0 0.470313 0.337500 0.020312 0.016667
0 0.506641 0.318750 0.019531 0.020833
0 0.537500 0.347917 0.018750 0.023611
0 0.555469 0.317361 0.015625 0.023611
0 0.568359 0.400000 0.017969 0.019444
0 0.580859 0.379167 0.017969 0.019444
0 0.592188 0.397222 0.014062 0.019444
0 0.626562 0.333333 0.020312 0.027778
0 0.658203 0.336111 0.016406 0.027778
0 0.680078 0.396528 0.019531 0.018056
0 0.707422 0.328472 0.021094 0.020833
0 0.754687 0.313194 0.023438 0.023611
0 0.755469 0.335417 0.018750 0.026389
0 0.814844 0.333333 0.017188 0.016667
0 0.851563 0.370833 0.018750 0.022222
0 0.914844 0.322222 0.018750 0.025000
0 0.920313 0.341667 0.020312 0.019444
0 0.951172 0.359722 0.019531 0.025000
0 0.830469 0.436806 0.018750 0.020833
0 0.920313 0.418750 0.020312 0.018056
0 0.771875 0.509722 0.017188 0.019444
0 0.694141 0.518056 0.016406 0.016667
0 0.526563 0.490972 0.020312 0.020833
0 0.978516 0.377778 0.022656 0.027778
