2 0.419141 0.494444 0.032031 0.022222
2 0.294141 0.393750 0.022656 0.015278
2 0.232422 0.371528 0.022656 0.020833
2 0.666016 0.338889 0.035156 0.022222
2 0.202734 0.497222 0.024219 0.022222
0 0.028125 0.426389 0.018750 0.019444
0 0.014062 0.375000 0.017188 0.016667
0 0.044531 0.310417 0.020312 0.020833
0 0.101172 0.300000 0.017969 0.019444
0 0.120703 0.384028 0.019531 0.018056
0 0.140234 0.363889 0.017969 0.016667
0 0.171875 0.358333 0.020312 0.019444
0 0.167187 0.332639 0.015625 0.020833
0 0.208984 0.308333 0.017969 0.016667
0 0.276953 0.312500 0.016406 0.019444
0 0.283594 0.334722 0.020312 0.019444
0 0.354688 0.361111 0.018750 0.019444
0 0.376172 0.342361 0.021094 0.015278
0 0.397656 0.399306 0.018750 0.020833
0 0.406250 0.380556 0.017188 0.019444
0 0.416016 0.325694 0.016406 0.018056
0 0.484766 0.380556 0.017969 0.019444
0 0.512891 0.400694 0.014844 0.020833
0 0.522656 0.347917 0.015625 0.018056
0 0.501562 0.323611 0.018750 0.013889
0 0.584766 0.382639 0.014844 0.020833
0 0.598828 0.342361 0.019531 0.023611
0 0.639063 0.401389 0.020312 0.022222
0 0.713281 0.329861 0.018750 0.020833
0 0.735156 0.400000 0.018750 0.025000
0 0.755078 0.336111 0.022656 0.019444
0 0.806641 0.356250 0.021094 0.020833
0 0.813672 0.334028 0.017969 0.020833
0 0.856250 0.330556 0.020312 0.019444
0 0.856641 0.392361 0.019531 0.020833
0 0.878906 0.348611 0.018750 0.016667
0 0.883203 0.297222 0.021094 0.022222
0 0.932422 0.327778 0.024219 0.019444
0 0.931641 0.346528 0.024219 0.018056
0 0.951563 0.386111 0.023438 0.016667
0 0.965234 0.362500 0.016406 0.019444
0 0.979297 0.322222 0.022656 0.022222
0 0.434375 0.450694 0.018750 0.018056
0 0.382813 0.513194 0.017188 0.018056
0 0.364453 0.468056 0.019531 0.019444
0 0.360156 0.431944 0.020312 0.025000
0 0.295703 0.437500 0.016406 0.019444
0 0.241797 0.500694 0.019531 0.018056
0 0.190234 0.461806 0.017969 0.023611
0 0.149219 0.493750 0.018750 0.020833
0 0.112109 0.456944 0.016406 0.025000
0 0.088672 0.435417 0.016406 0.020833
