0 0.963672 0.344444 0.022656 0.025000
0 0.984766 0.365278 0.017969 0.022222
0 0.968359 0.420139 0.019531 0.020833
0 0.967969 0.486806 0.018750 0.018056
0 0.918359 0.460417 0.019531 0.018056
0 0.776953 0.518750 0.019531 0.018056
0 0.741406 0.509722 0.020312 0.019444
0 0.723437 0.490972 0.021875 0.018056
0 0.664063 0.436806 0.020312 0.018056
0 0.596484 0.455556 0.014844 0.016667
0 0.550781 0.477778 0.015625 0.016667
0 0.543750 0.434722 0.020312 0.019444
0 0.475000 0.490278 0.018750 0.019444
0 0.350000 0.474306 0.021875 0.018056
0 0.397266 0.429861 0.019531 0.020833
0 0.175781 0.418056 0.020312 0.016667
2 0.210938 0.459028 0.037500 0.020833
2 0.842578 0.509722 0.022656 0.019444
2 0.132813 0.296528 0.034375 0.023611
0 0.055469 0.410417 0.018750 0.018056
0 0.087891 0.300694 0.016406 0.020833
2 0.175000 0.440278 0.023438 0.019444
0 0.114844 0.490278 0.020312 0.016667
0 0.122656 0.379167 0.021875 0.022222
0 0.153516 0.365278 0.019531 0.016667
0 0.023047 0.368750 0.017969 0.018056
0 0.014844 0.350694 0.014062 0.020833
0 0.197266 0.350694 0.016406 0.015278
0 0.206641 0.385417 0.017969 0.018056
0 0.225000 0.323611 0.018750 0.019444
0 0.271484 0.346528 0.017969 0.018056
0 0.280859 0.307639 0.016406 0.015278
0 0.308594 0.331250 0.018750 0.018056
0 0.312891 0.347917 0.017969 0.015278
0 0.301172 0.390972 0.017969 0.023611
0 0.346484 0.310417 0.019531 0.018056
0 0.393359 0.358333 0.019531 0.016667
0 0.406250 0.395833 0.018750 0.019444
0 0.417188 0.336806 0.018750 0.018056
0 0.455859 0.340278 0.017969 0.019444
0 0.475391 0.322917 0.022656 0.020833
0 0.467578 0.379167 0.019531 0.019444
0 0.491797 0.359722 0.017969 0.019444
0 0.506641 0.399306 0.016406 0.018056
0 0.553516 0.325694 0.013281 0.018056
0 0.591016 0.363889 0.019531 0.019444
0 0.626562 0.340278 0.017188 0.019444
0 0.661719 0.361806 0.021875 0.023611
0 0.684375 0.315278 0.017188 0.019444
0 0.715625 0.360417 0.020312 0.018056
0 0.728125 0.316667 0.020312 0.022222
0 0.799609 0.331944 0.019531 0.016667
0 0.803906 0.389583 0.015625 0.018056
0 0.849219 0.373611 0.018750 0.016667
0 0.891797 0.350694 0.019531 0.018056
