2 0.920313 0.490278 0.028125 0.022222
2 0.642969 0.513194 0.034375 0.020833
2 0.600781 0.491667 0.056250 0.025000
2 0.573438 0.320139 0.032812 0.018056
2 0.785156 0.329167 0.050000 0.027778
2 0.185156 0.375000 0.042188 0.022222
0 0.139453 0.331250 0.019531 0.018056
0 0.084766 0.387500 0.021094 0.019444
0 0.034766 0.348611 0.017969 0.016667
0 0.080078 0.423611 0.019531 0.013889
0 0.088281 0.488194 0.018750 0.020833
0 0.189844 0.502083 0.017188 0.020833
0 0.192969 0.468056 0.023438 0.019444
0 0.207813 0.450000 0.018750 0.019444
0 0.240625 0.468750 0.018750 0.020833
0 0.319531 0.512500 0.017188 0.016667
0 0.325781 0.493056 0.021875 0.013889
0 0.362109 0.458333 0.017969 0.016667
0 0.406641 0.452083 0.017969 0.020833
0 0.460938 0.457639 0.018750 0.015278
0 0.496094 0.471528 0.017188 0.018056
0 0.688281 0.449306 0.017188 0.018056
0 0.744531 0.500694 0.018750 0.026389
0 0.762109 0.421528 0.016406 0.015278
0 0.847266 0.497222 0.016406 0.022222
0 0.857422 0.455556 0.019531 0.016667
0 0.892969 0.431250 0.018750 0.018056
0 0.912891 0.406944 0.017969 0.019444
0 0.965625 0.365278 0.021875 0.016667
0 0.924219 0.358333 0.017188 0.016667
0 0.925781 0.309722 0.021875 0.019444
0 0.870313 0.355556 0.020312 0.016667
0 0.854297 0.379861 0.017969 0.018056
0 0.781641 0.298611 0.016406 0.016667
0 0.712500 0.314583 0.014062 0.018056
0 0.737500 0.366667 0.018750 0.022222
0 0.679688 0.373611 0.020312 0.016667
0 0.635156 0.318056 0.017188 0.016667
0 0.601172 0.395833 0.019531 0.016667
0 0.516016 0.358333 0.013281 0.013889
0 0.511328 0.378472 0.014844 0.015278
0 0.433203 0.400000 0.019531 0.019444
0 0.414844 0.378472 0.020312 0.018056
0 0.397266 0.358333 0.017969 0.016667
0 0.411328 0.316667 0.021094 0.016667
0 0.355469 0.378472 0.017188 0.018056
0 0.334375 0.359722 0.018750 0.016667
0 0.308984 0.322917 0.017969 0.018056
0 0.167187 0.392361 0.012500 0.015278
