2 0.304688 0.318750 0.034375 0.020833
2 0.502344 0.338194 0.043750 0.026389
2 0.751172 0.325694 0.044531 0.026389
2 0.898828 0.470833 0.060156 0.030556
2 0.912891 0.494444 0.032031 0.027778
0 0.075391 0.308333 0.019531 0.019444
0 0.081250 0.331944 0.020312 0.016667
0 0.045703 0.348611 0.019531 0.016667
0 0.051562 0.371528 0.018750 0.018056
0 0.076953 0.390278 0.021094 0.019444
0 0.070313 0.427083 0.021875 0.018056
0 0.024609 0.459722 0.021094 0.019444
0 0.085156 0.479861 0.017188 0.020833
0 0.082031 0.502778 0.020312 0.016667
0 0.141406 0.448611 0.020312 0.013889
0 0.164844 0.491667 0.017188 0.016667
0 0.204688 0.451389 0.020312 0.016667
0 0.235938 0.486111 0.015625 0.013889
0 0.253906 0.470833 0.020312 0.022222
0 0.390234 0.509722 0.016406 0.019444
0 0.409766 0.433333 0.021094 0.019444
0 0.426562 0.477083 0.018750 0.018056
0 0.478125 0.475000 0.017188 0.019444
0 0.542969 0.511111 0.018750 0.016667
0 0.580078 0.434722 0.019531 0.019444
0 0.623438 0.515972 0.017188 0.015278
0 0.663672 0.465972 0.019531 0.020833
0 0.687109 0.488194 0.019531 0.023611
0 0.699609 0.446528 0.021094 0.020833
0 0.744141 0.465972 0.021094 0.023611
0 0.843750 0.453472 0.017188 0.020833
0 0.917188 0.334028 0.017188 0.023611
0 0.887500 0.315278 0.020312 0.022222
0 0.817969 0.382639 0.015625 0.015278
0 0.785547 0.346528 0.019531 0.023611
0 0.743750 0.367361 0.017188 0.020833
0 0.726953 0.390972 0.017969 0.018056
0 0.667188 0.326389 0.020312 0.025000
0 0.556250 0.379167 0.020312 0.019444
0 0.562109 0.397222 0.014844 0.013889
0 0.629687 0.394444 0.020312 0.013889
0 0.553906 0.323611 0.017188 0.013889
0 0.447266 0.353472 0.014844 0.018056
0 0.435937 0.377083 0.018750 0.020833
0 0.380469 0.379861 0.020312 0.020833
0 0.372266 0.313889 0.017969 0.019444
0 0.271094 0.396528 0.018750 0.018056
0 0.230469 0.375694 0.014062 0.018056
0 0.169922 0.336111 0.016406 0.016667
0 0.117578 0.370139 0.021094 0.015278
