2 0.170703 0.334028 0.044531 0.023611
0 0.033594 0.368056 0.020312 0.016667
0 0.053516 0.422917 0.024219 0.015278
0 0.061328 0.481250 0.022656 0.020833
0 0.089453 0.446528 0.021094 0.018056
0 0.113672 0.348611 0.021094 0.022222
0 0.120312 0.390278 0.020312 0.025000
0 0.155469 0.373611 0.017188 0.016667
0 0.210938 0.394444 0.012500 0.016667
0 0.200781 0.429861 0.020312 0.020833
0 0.119141 0.467361 0.021094 0.018056
0 0.211719 0.487500 0.020312 0.019444
0 0.321875 0.494444 0.018750 0.019444
0 0.335547 0.474306 0.019531 0.020833
0 0.344141 0.451389 0.017969 0.022222
0 0.341406 0.361111 0.017188 0.016667
0 0.353516 0.318750 0.017969 0.018056
0 0.364062 0.384028 0.018750 0.018056
0 0.444922 0.341667 0.016406 0.019444
0 0.504687 0.379861 0.017188 0.020833
0 0.517969 0.339583 0.018750 0.018056
0 0.532031 0.397917 0.017188 0.020833
0 0.630078 0.377778 0.017969 0.025000
0 0.654688 0.338194 0.017188 0.020833
0 0.655859 0.317361 0.014844 0.015278
0 0.710156 0.327083 0.018750 0.018056
0 0.711328 0.352083 0.017969 0.015278
0 0.752734 0.389583 0.019531 0.018056
0 0.750781 0.307639 0.015625 0.018056
0 0.789453 0.321528 0.016406 0.018056
0 0.848437 0.382639 0.020312 0.020833
0 0.896484 0.281250 0.014844 0.018056
0 0.948828 0.310417 0.021094 0.020833
0 0.978906 0.329861 0.018750 0.020833
0 0.960156 0.447917 0.021875 0.018056
0 0.938281 0.488889 0.018750 0.019444
0 0.840625 0.438194 0.020312 0.018056
0 0.973437 0.368056 0.023438 0.025000
0 0.825781 0.474306 0.012500 0.018056
0 0.436328 0.494444 0.019531 0.016667
0 0.464844 0.436806 0.017188 0.018056
0 0.514063 0.515278 0.020312 0.016667
0 0.583984 0.508333 0.017969 0.016667
0 0.639063 0.452778 0.021875 0.016667
0 0.663281 0.512500 0.015625 0.013889
0 0.682813 0.476389 0.020312 0.013889
0 0.678125 0.431250 0.020312 0.018056
0 0.714063 0.511806 0.018750 0.015278
0 0.743359 0.485417 0.016406 0.015278
0 0.775000 0.447917 0.020312 0.015278
