0 0.132813 0.308333 0.018750 0.016667
0 0.092188 0.348611 0.015625 0.016667
0 0.106250 0.371528 0.018750 0.018056
0 0.086328 0.425000 0.019531 0.019444
0 0.110937 0.443056 0.018750 0.016667
0 0.040234 0.458333 0.014844 0.016667
0 0.205469 0.484722 0.018750 0.016667
0 0.214453 0.505556 0.021094 0.025000
0 0.253516 0.428472 0.021094 0.020833
0 0.314844 0.490972 0.018750 0.020833
0 0.318750 0.452778 0.018750 0.019444
0 0.342969 0.431944 0.023438 0.016667
0 0.364844 0.473611 0.017188 0.016667
0 0.485156 0.495139 0.017188 0.020833
0 0.493359 0.435417 0.021094 0.015278
0 0.567578 0.475000 0.021094 0.019444
0 0.601563 0.494444 0.017188 0.019444
0 0.624219 0.450694 0.018750 0.018056
0 0.721875 0.429861 0.014062 0.020833
0 0.730078 0.488194 0.017969 0.020833
0 0.736719 0.511806 0.020312 0.020833
0 0.834766 0.501389 0.017969 0.016667
0 0.861328 0.475000 0.021094 0.019444
0 0.876562 0.500694 0.017188 0.015278
0 0.928125 0.496528 0.020312 0.015278
0 0.903906 0.435417 0.020312 0.018056
0 0.935156 0.411111 0.018750 0.016667
0 0.927734 0.333333 0.022656 0.016667
0 0.893750 0.357639 0.018750 0.023611
0 0.829687 0.381944 0.017188 0.022222
0 0.752344 0.327083 0.018750 0.015278
0 0.735156 0.390278 0.018750 0.022222
0 0.713672 0.351389 0.016406 0.022222
0 0.676562 0.311806 0.012500 0.015278
0 0.610547 0.397222 0.017969 0.016667
0 0.596094 0.317361 0.015625 0.015278
0 0.537500 0.320833 0.014062 0.019444
0 0.524219 0.359722 0.018750 0.019444
0 0.485938 0.334722 0.012500 0.016667
0 0.500000 0.399306 0.017188 0.018056
0 0.455078 0.361111 0.019531 0.016667
0 0.416406 0.343056 0.015625 0.019444
0 0.378906 0.379861 0.017188 0.018056
0 0.271094 0.324306 0.015625 0.018056
0 0.250000 0.375694 0.017188 0.015278
0 0.227734 0.395139 0.013281 0.015278
0 0.198437 0.336111 0.017188 0.013889
