0 0.017188 0.325000 0.018750 0.019444
0 0.023047 0.362500 0.017969 0.019444
0 0.035156 0.438194 0.018750 0.015278
0 0.111328 0.423611 0.021094 0.022222
0 0.111719 0.442361 0.020312 0.020833
0 0.091406 0.346528 0.018750 0.018056
0 0.122656 0.386111 0.021875 0.013889
0 0.172266 0.467361 0.017969 0.020833
0 0.214453 0.503472 0.017969 0.018056
0 0.191797 0.316667 0.016406 0.016667
0 0.200391 0.352083 0.011719 0.015278
0 0.201562 0.425000 0.018750 0.013889
0 0.256641 0.393056 0.017969 0.016667
0 0.280859 0.315278 0.019531 0.019444
0 0.344922 0.359722 0.017969 0.019444
0 0.351953 0.335417 0.013281 0.015278
0 0.406641 0.400000 0.019531 0.013889
0 0.472656 0.336806 0.020312 0.018056
0 0.391406 0.490972 0.020312 0.018056
0 0.321875 0.468750 0.018750 0.020833
0 0.309375 0.487500 0.018750 0.016667
0 0.303125 0.510417 0.021875 0.020833
0 0.492578 0.399306 0.016406 0.018056
0 0.504687 0.454861 0.017188 0.018056
0 0.550781 0.493750 0.018750 0.015278
0 0.583203 0.517361 0.017969 0.015278
0 0.590625 0.434722 0.017188 0.016667
0 0.659766 0.452083 0.019531 0.015278
0 0.688672 0.432639 0.019531 0.015278
0 0.697656 0.490278 0.018750 0.016667
0 0.725000 0.468750 0.017188 0.018056
0 0.772656 0.427778 0.018750 0.016667
0 0.850000 0.482639 0.017188 0.015278
0 0.913672 0.456944 0.017969 0.019444
0 0.952344 0.475000 0.018750 0.016667
0 0.978906 0.427778 0.018750 0.016667
0 0.927344 0.415278 0.017188 0.016667
0 0.987500 0.313194 0.023438 0.023611
0 0.885156 0.340972 0.018750 0.020833
0 0.798047 0.350000 0.021094 0.019444
0 0.809375 0.326389 0.020312 0.013889
0 0.817578 0.368056 0.014844 0.016667
0 0.779297 0.388194 0.017969 0.020833
0 0.724219 0.371528 0.017188 0.018056
0 0.572656 0.342361 0.018750 0.015278
0 0.566797 0.380556 0.016406 0.016667
0 0.209375 0.375694 0.021875 0.018056
0 0.445313 0.473611 0.014062 0.016667
