2 0.250000 0.506944 0.059375 0.025000
2 0.541797 0.315278 0.030469 0.025000
0 0.922656 0.343750 0.018750 0.020833
0 0.784375 0.350000 0.020312 0.016667
0 0.816406 0.370139 0.018750 0.018056
0 0.939062 0.379167 0.020312 0.025000
0 0.954297 0.418750 0.019531 0.023611
0 0.969531 0.499306 0.021875 0.018056
0 0.901563 0.459722 0.017188 0.019444
0 0.893750 0.436111 0.023438 0.025000
0 0.843359 0.506250 0.019531 0.015278
0 0.740234 0.429167 0.019531 0.019444
0 0.689062 0.397222 0.017188 0.016667
0 0.710547 0.357639 0.014844 0.020833
0 0.679297 0.314583 0.016406 0.020833
0 0.617188 0.380556 0.017188 0.022222
0 0.607031 0.359722 0.018750 0.019444
0 0.591406 0.337500 0.015625 0.019444
0 0.598437 0.397222 0.017188 0.016667
0 0.653125 0.456944 0.017188 0.022222
0 0.653516 0.500000 0.016406 0.019444
0 0.561719 0.456250 0.018750 0.018056
0 0.547266 0.429861 0.017969 0.018056
0 0.545703 0.492361 0.014844 0.012500
0 0.509375 0.513889 0.015625 0.016667
0 0.476172 0.452778 0.019531 0.013889
0 0.451172 0.472917 0.016406 0.015278
0 0.432813 0.512500 0.015625 0.016667
0 0.398047 0.451389 0.017969 0.016667
0 0.361719 0.490278 0.017188 0.019444
0 0.319141 0.487500 0.017969 0.016667
0 0.316797 0.438889 0.016406 0.016667
0 0.264062 0.424306 0.018750 0.015278
0 0.214844 0.463194 0.018750 0.015278
0 0.187500 0.499306 0.018750 0.018056
0 0.088281 0.476389 0.020312 0.013889
0 0.139453 0.419444 0.016406 0.016667
0 0.072656 0.456250 0.020312 0.015278
0 0.059375 0.417361 0.020312 0.015278
0 0.008984 0.438889 0.017969 0.016667
0 0.016406 0.317361 0.017188 0.015278
0 0.092969 0.380556 0.017188 0.019444
0 0.184766 0.368056 0.014844 0.016667
0 0.203516 0.331250 0.016406 0.018056
0 0.228125 0.355556 0.018750 0.016667
0 0.244922 0.375694 0.016406 0.015278
0 0.347266 0.357639 0.014844 0.020833
0 0.379687 0.338889 0.018750 0.016667
0 0.508203 0.398611 0.016406 0.016667
0 0.514453 0.381944 0.014844 0.016667
