0 0.014844 0.443750 0.020312 0.018056
2 0.027344 0.466667 0.054688 0.022222
2 0.375781 0.355556 0.051562 0.016667
2 0.970312 0.505556 0.057813 0.027778
1 0.735156 0.354167 0.043750 0.022222
0 0.812891 0.306250 0.019531 0.015278
0 0.855078 0.328472 0.019531 0.020833
0 0.878125 0.299306 0.014062 0.018056
0 0.955469 0.339583 0.018750 0.018056
0 0.839453 0.347917 0.019531 0.018056
0 0.809375 0.427778 0.020312 0.016667
0 0.811719 0.484028 0.018750 0.018056
0 0.908984 0.502083 0.017969 0.015278
0 0.960938 0.477083 0.020312 0.015278
0 0.951953 0.459028 0.019531 0.018056
0 0.692578 0.515278 0.017969 0.016667
0 0.618359 0.456944 0.019531 0.016667
0 0.608203 0.493750 0.019531 0.018056
0 0.533984 0.476389 0.019531 0.016667
0 0.478906 0.434722 0.017188 0.016667
0 0.461328 0.470139 0.016406 0.020833
0 0.423828 0.449306 0.017969 0.018056
0 0.373828 0.429861 0.019531 0.020833
0 0.353906 0.449306 0.020312 0.018056
0 0.357031 0.506944 0.017188 0.016667
0 0.226953 0.504167 0.014844 0.013889
0 0.112500 0.434722 0.020312 0.016667
0 0.096094 0.451389 0.014062 0.016667
0 0.257031 0.355556 0.018750 0.019444
0 0.263281 0.388889 0.018750 0.016667
0 0.278516 0.373611 0.017969 0.013889
0 0.316797 0.316667 0.016406 0.016667
0 0.338672 0.390972 0.016406 0.018056
0 0.414844 0.315278 0.018750 0.019444
0 0.455469 0.397222 0.017188 0.016667
0 0.479297 0.365972 0.016406 0.018056
0 0.480859 0.340972 0.017969 0.018056
0 0.525781 0.322917 0.018750 0.015278
0 0.577734 0.399306 0.019531 0.018056
0 0.585547 0.317361 0.017969 0.015278
0 0.658203 0.361111 0.017969 0.016667
0 0.678906 0.336806 0.017188 0.018056
0 0.730078 0.318056 0.016406 0.019444
