0 0.039844 0.406250 0.020312 0.018056
0 0.091406 0.418750 0.023438 0.018056
0 0.090234 0.468750 0.021094 0.020833
0 0.076953 0.338194 0.016406 0.015278
0 0.076953 0.297222 0.019531 0.022222
0 0.129688 0.319444 0.015625 0.019444
0 0.152344 0.435417 0.015625 0.018056
0 0.172656 0.417361 0.020312 0.015278
2 0.259375 0.500694 0.031250 0.020833
1 0.582031 0.491667 0.042188 0.022222
2 0.593750 0.380556 0.054688 0.022222
2 0.340234 0.374306 0.025781 0.020833
0 0.380859 0.356250 0.019531 0.015278
0 0.415625 0.337500 0.018750 0.016667
0 0.428906 0.314583 0.018750 0.018056
0 0.338281 0.313194 0.017188 0.015278
0 0.235156 0.327083 0.017188 0.015278
0 0.243359 0.347917 0.016406 0.015278
0 0.268359 0.461806 0.019531 0.015278
0 0.288672 0.422917 0.017969 0.015278
0 0.319922 0.454861 0.016406 0.018056
0 0.324609 0.490972 0.019531 0.018056
0 0.387109 0.487500 0.019531 0.016667
0 0.419141 0.431944 0.017969 0.019444
0 0.479688 0.473611 0.018750 0.016667
0 0.502344 0.493750 0.015625 0.012500
0 0.508594 0.516667 0.015625 0.016667
0 0.524609 0.454167 0.019531 0.019444
0 0.531641 0.435417 0.019531 0.018056
0 0.558203 0.473611 0.017969 0.016667
0 0.600781 0.513889 0.018750 0.016667
0 0.737500 0.454861 0.018750 0.018056
0 0.790234 0.433333 0.017969 0.016667
0 0.802734 0.488889 0.016406 0.019444
0 0.786328 0.517361 0.017969 0.015278
0 0.822266 0.472222 0.016406 0.013889
0 0.877344 0.511806 0.018750 0.015278
0 0.925781 0.444444 0.018750 0.022222
0 0.955469 0.461111 0.018750 0.016667
0 0.970312 0.479861 0.014062 0.015278
0 0.896875 0.349306 0.023438 0.020833
0 0.931250 0.287500 0.017188 0.022222
0 0.984375 0.263889 0.018750 0.022222
0 0.882031 0.302083 0.023438 0.020833
0 0.812109 0.309722 0.019531 0.022222
0 0.762891 0.321528 0.019531 0.018056
0 0.798437 0.358333 0.020312 0.013889
0 0.736719 0.354861 0.020312 0.015278
0 0.726563 0.397222 0.020312 0.016667
0 0.707422 0.379861 0.019531 0.020833
0 0.630469 0.360417 0.018750 0.018056
0 0.622656 0.401389 0.018750 0.016667
0 0.548828 0.400000 0.017969 0.016667
0 0.523047 0.360417 0.019531 0.015278
0 0.483594 0.398611 0.017188 0.016667
0 0.467969 0.377778 0.017188 0.016667
