2 0.511719 0.339583 0.035937 0.020833
2 0.383594 0.465972 0.029687 0.020833
2 0.137500 0.480556 0.032812 0.019444
2 0.903906 0.515278 0.028125 0.019444
0 0.103516 0.331250 0.017969 0.018056
0 0.134375 0.372222 0.018750 0.016667
0 0.060938 0.402083 0.018750 0.015278
0 0.123828 0.407639 0.024219 0.018056
0 0.205469 0.489583 0.017188 0.018056
0 0.228516 0.454167 0.019531 0.013889
0 0.217969 0.434028 0.020312 0.015278
0 0.203906 0.379861 0.017188 0.018056
0 0.212500 0.347917 0.018750 0.015278
0 0.251953 0.347917 0.017969 0.015278
0 0.276563 0.384028 0.017188 0.012500
0 0.291797 0.330556 0.021094 0.019444
0 0.351953 0.373611 0.017969 0.016667
0 0.369531 0.357639 0.015625 0.015278
0 0.366406 0.314583 0.017188 0.012500
0 0.396875 0.331944 0.015625 0.019444
0 0.405469 0.377083 0.017188 0.018056
0 0.453516 0.394444 0.019531 0.019444
0 0.498047 0.317361 0.017969 0.018056
0 0.582031 0.359722 0.018750 0.019444
0 0.581250 0.331250 0.017188 0.020833
0 0.608984 0.399306 0.019531 0.015278
0 0.634766 0.316667 0.021094 0.019444
0 0.675781 0.363194 0.015625 0.015278
0 0.681250 0.341667 0.017188 0.019444
0 0.732813 0.331250 0.018750 0.018056
0 0.733594 0.400000 0.018750 0.013889
0 0.810547 0.336111 0.021094 0.016667
0 0.837891 0.308333 0.021094 0.019444
0 0.882422 0.306250 0.021094 0.018056
0 0.949219 0.286111 0.018750 0.016667
0 0.946094 0.349306 0.015625 0.020833
0 0.930469 0.372917 0.018750 0.023611
0 0.984375 0.390278 0.017188 0.019444
0 0.911719 0.393056 0.018750 0.019444
0 0.857422 0.378472 0.017969 0.018056
0 0.833984 0.396528 0.021094 0.015278
0 0.939453 0.425694 0.019531 0.018056
0 0.985156 0.426389 0.021875 0.013889
0 0.960547 0.445139 0.017969 0.012500
0 0.948047 0.467361 0.017969 0.018056
0 0.934375 0.488889 0.020312 0.019444
0 0.839844 0.490972 0.020312 0.018056
0 0.802344 0.503472 0.018750 0.020833
0 0.715234 0.457639 0.022656 0.018056
0 0.721484 0.437500 0.017969 0.016667
0 0.687109 0.477778 0.017969 0.016667
0 0.581641 0.458333 0.017969 0.016667
0 0.537891 0.488194 0.017969 0.018056
0 0.516406 0.434722 0.018750 0.013889
0 0.409375 0.445833 0.015625 0.016667
0 0.296094 0.437500 0.017188 0.016667
0 0.293359 0.500000 0.017969 0.019444
0 0.255859 0.418056 0.017969 0.016667
