2 0.718750 0.479167 0.032812 0.022222
2 0.630469 0.520139 0.028125 0.023611
2 0.062891 0.301389 0.038281 0.022222
0 0.017188 0.277083 0.018750 0.020833
0 0.037500 0.322222 0.018750 0.016667
0 0.048047 0.358333 0.016406 0.016667
0 0.086328 0.417361 0.019531 0.015278
0 0.068359 0.469444 0.019531 0.019444
0 0.235156 0.483333 0.020312 0.016667
0 0.246094 0.457639 0.015625 0.015278
0 0.312891 0.476389 0.014844 0.013889
0 0.319922 0.442361 0.021094 0.018056
0 0.362109 0.465278 0.016406 0.016667
0 0.404687 0.428472 0.018750 0.015278
0 0.460547 0.451389 0.016406 0.016667
0 0.638281 0.439583 0.018750 0.018056
0 0.114453 0.284722 0.019531 0.013889
0 0.123438 0.350000 0.018750 0.016667
0 0.137500 0.369444 0.018750 0.016667
0 0.193750 0.358333 0.017188 0.016667
0 0.212891 0.377778 0.017969 0.019444
0 0.199219 0.317361 0.017188 0.018056
0 0.271875 0.384028 0.014062 0.015278
0 0.295312 0.305556 0.018750 0.016667
0 0.332422 0.367361 0.016406 0.015278
0 0.335156 0.390278 0.017188 0.016667
0 0.379687 0.354167 0.015625 0.013889
0 0.457031 0.337500 0.017188 0.019444
0 0.393359 0.313194 0.017969 0.018056
0 0.403125 0.375000 0.015625 0.016667
0 0.503906 0.378472 0.018750 0.018056
0 0.510938 0.357639 0.017188 0.018056
0 0.553516 0.322917 0.016406 0.015278
0 0.594141 0.340972 0.019531 0.020833
0 0.612500 0.321528 0.017188 0.018056
0 0.649609 0.366667 0.019531 0.016667
0 0.686328 0.345139 0.019531 0.018056
0 0.712891 0.322917 0.019531 0.015278
0 0.759375 0.331250 0.017188 0.018056
0 0.810156 0.317361 0.018750 0.020833
0 0.891406 0.310417 0.018750 0.018056
0 0.966797 0.280556 0.017969 0.019444
0 0.895312 0.359028 0.020312 0.018056
0 0.872656 0.340972 0.018750 0.018056
0 0.871094 0.383333 0.018750 0.019444
0 0.839844 0.360417 0.020312 0.018056
0 0.828125 0.403472 0.023438 0.018056
0 0.781250 0.361806 0.017188 0.020833
0 0.755469 0.405556 0.018750 0.016667
0 0.731250 0.385417 0.017188 0.015278
0 0.954687 0.472222 0.020312 0.019444
0 0.972656 0.431944 0.021875 0.016667
0 0.808594 0.437500 0.021875 0.022222
0 0.783984 0.461111 0.019531 0.022222
0 0.852734 0.518750 0.016406 0.020833
0 0.730469 0.439583 0.018750 0.020833
0 0.708594 0.518750 0.018750 0.018056
0 0.651953 0.479861 0.017969 0.015278
0 0.525391 0.434722 0.019531 0.013889
