2 0.910547 0.358333 0.057031 0.025000
2 0.726563 0.392361 0.032812 0.020833
2 0.879297 0.458333 0.033594 0.022222
2 0.891797 0.500694 0.030469 0.020833
0 0.021484 0.302778 0.017969 0.016667
0 0.014062 0.379167 0.017188 0.019444
0 0.027734 0.438889 0.019531 0.019444
0 0.010547 0.470833 0.017969 0.016667
0 0.082422 0.458333 0.024219 0.016667
0 0.124219 0.422222 0.020312 0.016667
0 0.076563 0.367361 0.015625 0.015278
0 0.082422 0.348611 0.013281 0.016667
0 0.117969 0.334028 0.020312 0.012500
0 0.145313 0.313889 0.021875 0.016667
0 0.153516 0.348611 0.017969 0.016667
0 0.170312 0.374306 0.018750 0.015278
0 0.232422 0.354861 0.017969 0.018056
0 0.240625 0.373611 0.018750 0.013889
0 0.237500 0.447222 0.018750 0.016667
0 0.301562 0.506250 0.018750 0.015278
0 0.364453 0.509722 0.019531 0.019444
0 0.370313 0.454167 0.018750 0.019444
0 0.327734 0.331250 0.019531 0.018056
0 0.291016 0.316667 0.014844 0.016667
0 0.354688 0.338194 0.017188 0.015278
0 0.379297 0.360417 0.019531 0.018056
0 0.423828 0.340972 0.019531 0.015278
0 0.410937 0.379167 0.015625 0.016667
0 0.453906 0.391667 0.018750 0.016667
0 0.482812 0.341667 0.018750 0.013889
0 0.508594 0.401389 0.017188 0.016667
0 0.511328 0.359722 0.017969 0.019444
0 0.515625 0.316667 0.017188 0.019444
0 0.552344 0.379861 0.018750 0.020833
0 0.575781 0.358333 0.018750 0.016667
0 0.592969 0.319444 0.018750 0.022222
0 0.628906 0.360417 0.018750 0.018056
0 0.637500 0.338889 0.020312 0.016667
0 0.671094 0.313889 0.021875 0.016667
0 0.724219 0.348611 0.018750 0.019444
0 0.736719 0.306944 0.018750 0.013889
0 0.759375 0.329861 0.020312 0.018056
0 0.809375 0.302083 0.020312 0.015278
0 0.861719 0.294444 0.018750 0.016667
0 0.933984 0.277778 0.019531 0.019444
0 0.828125 0.345833 0.020312 0.019444
0 0.858984 0.421528 0.017969 0.020833
0 0.975781 0.491667 0.018750 0.019444
0 0.973828 0.409722 0.019531 0.019444
0 0.813281 0.460417 0.018750 0.018056
0 0.738672 0.427778 0.019531 0.016667
0 0.714063 0.450000 0.017188 0.019444
0 0.703906 0.474306 0.017188 0.015278
0 0.644141 0.488889 0.014844 0.019444
0 0.607813 0.513889 0.018750 0.013889
0 0.585156 0.453472 0.021875 0.015278
0 0.500391 0.505556 0.014844 0.016667
