2 0.477734 0.356944 0.024219 0.019444
2 0.831641 0.372222 0.047656 0.025000
2 0.964844 0.318056 0.037500 0.025000
2 0.914063 0.442361 0.029687 0.023611
0 0.904688 0.507639 0.020312 0.020833
0 0.922656 0.420833 0.018750 0.022222
0 0.909375 0.364583 0.020312 0.023611
0 0.791016 0.331250 0.019531 0.020833
0 0.781250 0.356250 0.023438 0.020833
0 0.699609 0.359028 0.016406 0.020833
0 0.708594 0.338889 0.015625 0.022222
0 0.182422 0.331944 0.017969 0.019444
0 0.078125 0.365972 0.018750 0.018056
0 0.025391 0.438194 0.019531 0.020833
0 0.025781 0.471528 0.017188 0.018056
0 0.095312 0.501389 0.015625 0.019444
0 0.116797 0.469444 0.017969 0.019444
0 0.147656 0.452083 0.020312 0.020833
0 0.201562 0.484722 0.018750 0.019444
0 0.221875 0.506250 0.015625 0.018056
0 0.215234 0.446528 0.019531 0.012500
0 0.227734 0.427778 0.016406 0.016667
0 0.216016 0.396528 0.016406 0.015278
0 0.218359 0.356250 0.017969 0.018056
0 0.256641 0.309722 0.017969 0.019444
0 0.260156 0.376389 0.017188 0.019444
0 0.267578 0.358333 0.016406 0.016667
0 0.286719 0.339583 0.017188 0.018056
0 0.294922 0.395139 0.017969 0.018056
0 0.333203 0.316667 0.017969 0.013889
0 0.316406 0.451389 0.017188 0.016667
0 0.307422 0.484028 0.016406 0.015278
0 0.348437 0.445139 0.018750 0.020833
0 0.367578 0.511806 0.017969 0.020833
0 0.389844 0.493750 0.017188 0.015278
0 0.417969 0.519444 0.017188 0.016667
0 0.446875 0.440278 0.017188 0.016667
0 0.431641 0.404861 0.016406 0.015278
0 0.487500 0.384028 0.018750 0.018056
0 0.516016 0.365278 0.017969 0.019444
0 0.529688 0.437500 0.017188 0.016667
0 0.513281 0.461806 0.018750 0.018056
0 0.529297 0.496528 0.019531 0.018056
0 0.637109 0.496528 0.019531 0.018056
0 0.625391 0.454861 0.016406 0.018056
0 0.617188 0.403472 0.014062 0.015278
0 0.600000 0.346528 0.017188 0.018056
0 0.628516 0.329861 0.017969 0.020833
0 0.638672 0.384028 0.017969 0.018056
0 0.665625 0.320139 0.017188 0.015278
0 0.700781 0.400694 0.017188 0.018056
0 0.744922 0.450694 0.017969 0.020833
0 0.704687 0.434028 0.017188 0.018056
0 0.691406 0.456944 0.018750 0.016667
0 0.668359 0.475694 0.019531 0.018056
0 0.690625 0.497917 0.017188 0.018056
0 0.771094 0.472222 0.015625 0.016667
0 0.804688 0.489583 0.017188 0.020833
0 0.802734 0.436806 0.019531 0.020833
0 0.864062 0.463889 0.020312 0.016667
0 0.977734 0.341667 0.021094 0.022222
