2 0.253906 0.377778 0.042188 0.019444
2 0.439844 0.345833 0.029687 0.022222
2 0.715234 0.360417 0.060156 0.029167
2 0.794922 0.357639 0.027344 0.020833
0 0.176953 0.359028 0.019531 0.018056
0 0.188672 0.316667 0.014844 0.013889
0 0.129688 0.352778 0.018750 0.019444
0 0.088281 0.371528 0.017188 0.015278
0 0.105078 0.387500 0.017969 0.013889
0 0.084375 0.418056 0.018750 0.019444
0 0.102734 0.444444 0.019531 0.016667
0 0.012109 0.301389 0.019531 0.013889
0 0.281250 0.474306 0.018750 0.015278
0 0.233984 0.430556 0.019531 0.013889
0 0.301953 0.490278 0.017969 0.013889
0 0.329688 0.517361 0.018750 0.015278
0 0.336328 0.458333 0.019531 0.016667
0 0.329688 0.435417 0.017188 0.015278
0 0.324609 0.383333 0.017969 0.013889
0 0.334766 0.364583 0.019531 0.018056
0 0.294922 0.342361 0.019531 0.015278
0 0.289844 0.323611 0.020312 0.013889
0 0.364062 0.402778 0.018750 0.016667
0 0.419531 0.438194 0.017188 0.015278
0 0.426953 0.497222 0.014844 0.016667
0 0.442969 0.522917 0.017188 0.015278
0 0.451562 0.464583 0.018750 0.015278
0 0.483984 0.481944 0.017969 0.016667
0 0.501562 0.519444 0.018750 0.019444
0 0.537500 0.498611 0.017188 0.016667
0 0.535937 0.461806 0.017188 0.015278
0 0.507031 0.443056 0.017188 0.013889
0 0.493359 0.384028 0.016406 0.012500
0 0.523047 0.390972 0.016406 0.015278
0 0.603906 0.463194 0.018750 0.018056
0 0.616406 0.481944 0.018750 0.016667
0 0.658984 0.500000 0.019531 0.016667
0 0.654297 0.526389 0.014844 0.013889
0 0.757031 0.520833 0.014062 0.016667
0 0.769531 0.499306 0.018750 0.018056
0 0.758984 0.458333 0.017969 0.016667
0 0.829297 0.518750 0.016406 0.018056
0 0.961719 0.481250 0.021875 0.018056
0 0.919141 0.427083 0.021094 0.018056
0 0.945313 0.390278 0.020312 0.019444
0 0.945313 0.331250 0.020312 0.018056
0 0.921094 0.347917 0.018750 0.015278
0 0.848828 0.356944 0.016406 0.013889
0 0.826172 0.399306 0.016406 0.015278
0 0.760547 0.403472 0.019531 0.015278
0 0.761328 0.340972 0.017969 0.018056
0 0.673047 0.342361 0.017969 0.015278
0 0.647656 0.405556 0.015625 0.016667
0 0.228906 0.359028 0.017188 0.015278
