2 0.429297 0.497222 0.030469 0.022222
1 0.474219 0.477778 0.029687 0.019444
2 0.811328 0.484028 0.028906 0.020833
2 0.901953 0.322222 0.033594 0.022222
2 0.979688 0.311806 0.032812 0.023611
0 0.981250 0.430556 0.020312 0.019444
0 0.929688 0.411111 0.020312 0.016667
0 0.922656 0.364583 0.021875 0.018056
0 0.931641 0.340278 0.021094 0.019444
0 0.851563 0.388889 0.017188 0.013889
0 0.827344 0.351389 0.018750 0.016667
0 0.923828 0.455556 0.019531 0.016667
0 0.896094 0.504861 0.015625 0.012500
0 0.833203 0.507639 0.016406 0.015278
0 0.770703 0.428472 0.019531 0.018056
0 0.731250 0.491667 0.020312 0.019444
0 0.671875 0.518056 0.014062 0.019444
0 0.662109 0.476389 0.017969 0.016667
0 0.638672 0.496528 0.017969 0.015278
0 0.581641 0.517361 0.016406 0.015278
0 0.492969 0.517361 0.017188 0.018056
0 0.451562 0.520833 0.017188 0.016667
0 0.425781 0.439583 0.018750 0.015278
0 0.365234 0.459722 0.017969 0.013889
0 0.336719 0.497917 0.017188 0.015278
0 0.267969 0.452778 0.017188 0.013889
0 0.259375 0.513194 0.018750 0.018056
0 0.225000 0.454167 0.017188 0.016667
0 0.190234 0.509028 0.017969 0.018056
0 0.176172 0.472917 0.016406 0.015278
0 0.153906 0.452778 0.017188 0.016667
0 0.026953 0.426389 0.017969 0.016667
0 0.023047 0.481944 0.017969 0.016667
0 0.025000 0.334028 0.017188 0.012500
0 0.078125 0.356944 0.015625 0.013889
0 0.114844 0.397917 0.017188 0.015278
0 0.120703 0.377083 0.016406 0.015278
0 0.181641 0.363194 0.017969 0.015278
0 0.229687 0.402083 0.015625 0.015278
0 0.274609 0.327083 0.019531 0.015278
0 0.300391 0.386111 0.019531 0.013889
0 0.425781 0.327083 0.017188 0.015278
0 0.545703 0.404861 0.017969 0.020833
0 0.580859 0.384722 0.017969 0.019444
0 0.589063 0.325694 0.020312 0.015278
0 0.665234 0.334722 0.019531 0.019444
0 0.697656 0.398611 0.018750 0.016667
0 0.711328 0.378472 0.019531 0.018056
0 0.735156 0.356250 0.018750 0.015278
0 0.742188 0.335417 0.020312 0.015278
