2 0.526172 0.324306 0.028906 0.023611
2 0.447656 0.343750 0.026563 0.023611
2 0.975000 0.468750 0.029687 0.020833
0 0.102344 0.315278 0.020312 0.019444
0 0.020312 0.331944 0.018750 0.022222
0 0.053125 0.372222 0.018750 0.019444
0 0.051562 0.388889 0.018750 0.016667
0 0.020312 0.446528 0.021875 0.018056
0 0.130078 0.432639 0.021094 0.018056
0 0.144531 0.470139 0.021875 0.018056
0 0.187109 0.508333 0.017969 0.013889
0 0.234375 0.472222 0.015625 0.013889
0 0.246094 0.452083 0.017188 0.015278
0 0.317187 0.495833 0.018750 0.016667
0 0.358203 0.440972 0.017969 0.015278
0 0.442187 0.511111 0.018750 0.019444
0 0.499219 0.437500 0.018750 0.016667
0 0.517578 0.491667 0.016406 0.016667
0 0.579687 0.457639 0.020312 0.015278
0 0.671094 0.434028 0.018750 0.015278
0 0.681641 0.452778 0.017969 0.016667
0 0.749219 0.470139 0.015625 0.015278
0 0.793359 0.513194 0.016406 0.015278
0 0.796484 0.447917 0.017969 0.015278
0 0.870703 0.479861 0.016406 0.018056
0 0.877734 0.501389 0.017969 0.016667
0 0.964453 0.357639 0.019531 0.015278
0 0.979297 0.313194 0.017969 0.020833
0 0.987891 0.246528 0.019531 0.023611
0 0.934375 0.275694 0.020312 0.020833
0 0.907422 0.339583 0.021094 0.018056
0 0.803516 0.347222 0.019531 0.016667
0 0.749219 0.375694 0.018750 0.015278
0 0.770312 0.308333 0.020312 0.019444
0 0.715625 0.333333 0.018750 0.013889
0 0.670703 0.358333 0.019531 0.016667
0 0.628906 0.324306 0.018750 0.012500
0 0.577344 0.336111 0.020312 0.013889
0 0.512109 0.386111 0.013281 0.013889
0 0.365234 0.363194 0.019531 0.012500
0 0.431250 0.325694 0.012500 0.012500
0 0.331641 0.384028 0.019531 0.012500
0 0.297656 0.345139 0.017188 0.015278
0 0.219141 0.401389 0.017969 0.013889
0 0.218359 0.342361 0.021094 0.015278
0 0.181641 0.354861 0.021094 0.015278
