2 0.243750 0.312500 0.031250 0.022222
2 0.192578 0.338889 0.028906 0.025000
2 0.803906 0.327778 0.032812 0.022222
0 0.873438 0.296528 0.020312 0.018056
0 0.833594 0.304861 0.018750 0.015278
0 0.847656 0.367361 0.018750 0.015278
0 0.833203 0.347222 0.016406 0.016667
0 0.985156 0.352083 0.017188 0.015278
0 0.973047 0.429861 0.019531 0.020833
0 0.869922 0.421528 0.017969 0.018056
0 0.838281 0.445833 0.018750 0.016667
0 0.817969 0.465972 0.018750 0.015278
0 0.741016 0.519444 0.017969 0.016667
0 0.678906 0.436806 0.017188 0.015278
0 0.660547 0.382639 0.017969 0.018056
0 0.636719 0.359028 0.018750 0.018056
0 0.696875 0.324306 0.017188 0.015278
0 0.739062 0.334722 0.015625 0.013889
0 0.762500 0.311111 0.017188 0.016667
0 0.538281 0.336111 0.018750 0.016667
0 0.497656 0.365278 0.020312 0.016667
0 0.480469 0.384722 0.017188 0.016667
0 0.396484 0.322917 0.017969 0.015278
0 0.372656 0.343056 0.014062 0.013889
0 0.353906 0.364583 0.017188 0.015278
0 0.286328 0.329861 0.016406 0.015278
0 0.224219 0.381944 0.012500 0.013889
0 0.172656 0.318056 0.014062 0.016667
0 0.046094 0.352083 0.020312 0.018056
0 0.023047 0.372917 0.017969 0.015278
0 0.013281 0.330556 0.017188 0.016667
0 0.027344 0.463889 0.020312 0.013889
0 0.089453 0.429861 0.016406 0.018056
0 0.115625 0.485417 0.018750 0.018056
0 0.236328 0.512500 0.014844 0.013889
0 0.267578 0.493750 0.022656 0.018056
0 0.321875 0.456944 0.018750 0.013889
0 0.399219 0.477778 0.020312 0.016667
0 0.459375 0.518750 0.015625 0.018056
0 0.493359 0.479167 0.021094 0.016667
0 0.509375 0.440278 0.020312 0.016667
0 0.566016 0.497222 0.019531 0.013889
0 0.596094 0.461806 0.018750 0.015278
