0 0.094531 0.332639 0.020312 0.018056
2 0.095703 0.307639 0.033594 0.023611
0 0.044141 0.331944 0.017969 0.019444
0 0.027344 0.347222 0.015625 0.016667
0 0.041797 0.369444 0.017969 0.019444
0 0.111328 0.371528 0.017969 0.018056
0 0.115625 0.393056 0.015625 0.013889
0 0.061719 0.444444 0.018750 0.016667
0 0.018359 0.423611 0.016406 0.013889
0 0.130859 0.466667 0.021094 0.016667
0 0.212109 0.429861 0.019531 0.015278
0 0.230078 0.324306 0.017969 0.015278
0 0.243750 0.398611 0.015625 0.013889
0 0.236719 0.450694 0.014062 0.009722
0 0.230859 0.502778 0.016406 0.013889
0 0.285937 0.513194 0.017188 0.015278
0 0.325000 0.436806 0.018750 0.015278
0 0.328906 0.397222 0.014062 0.013889
0 0.302734 0.379167 0.017969 0.013889
0 0.372656 0.348611 0.018750 0.016667
0 0.411719 0.369444 0.017188 0.016667
0 0.424219 0.456250 0.020312 0.012500
0 0.435937 0.493750 0.015625 0.015278
0 0.474609 0.487500 0.017969 0.016667
0 0.545313 0.474306 0.017188 0.015278
0 0.570313 0.517361 0.017188 0.018056
0 0.620313 0.452083 0.017188 0.015278
0 0.667969 0.432639 0.015625 0.018056
0 0.763281 0.504861 0.018750 0.015278
0 0.780078 0.424306 0.017969 0.018056
0 0.867188 0.493750 0.017188 0.015278
0 0.969531 0.408333 0.020312 0.016667
0 0.968750 0.311806 0.020312 0.020833
0 0.877734 0.288889 0.021094 0.016667
0 0.849609 0.323611 0.019531 0.016667
2 0.873047 0.363889 0.025781 0.016667
0 0.839844 0.345139 0.014062 0.015278
0 0.785547 0.340972 0.019531 0.020833
0 0.783203 0.303472 0.021094 0.018056
0 0.753906 0.352778 0.018750 0.022222
0 0.704687 0.318056 0.018750 0.019444
0 0.676172 0.332639 0.014844 0.015278
0 0.640625 0.324306 0.015625 0.015278
0 0.604297 0.323611 0.017969 0.013889
0 0.575781 0.359028 0.018750 0.015278
0 0.566016 0.340972 0.013281 0.015278
0 0.557031 0.383333 0.012500 0.013889
0 0.499609 0.364583 0.017969 0.018056
