2 0.150651 0.319213 0.018490 0.014352
2 0.115495 0.454630 0.032031 0.018519
2 0.138542 0.490972 0.054688 0.018981
2 0.416797 0.360880 0.021615 0.015278
2 0.612630 0.449306 0.027344 0.019907
2 0.830599 0.433102 0.033594 0.018981
2 0.657292 0.353935 0.022396 0.016204
1 0.633464 0.393750 0.023177 0.016204
2 0.937240 0.341667 0.056250 0.025000
0 0.060547 0.321065 0.014844 0.011574
0 0.055469 0.470139 0.015104 0.011574
0 0.033464 0.488426 0.016927 0.012963
0 0.196224 0.486111 0.016406 0.012037
0 0.223307 0.492824 0.015885 0.010648
0 0.269010 0.490046 0.014583 0.014352
0 0.303776 0.435417 0.014844 0.013426
0 0.132031 0.382176 0.015625 0.013426
0 0.230859 0.323843 0.014323 0.012500
0 0.305208 0.475463 0.016146 0.012963
0 0.307812 0.510880 0.017188 0.015278
0 0.356380 0.396759 0.013802 0.012963
0 0.362370 0.457870 0.014844 0.015741
0 0.396094 0.435417 0.016146 0.013426
0 0.392969 0.383102 0.014063 0.010648
0 0.376823 0.321528 0.014063 0.014352
0 0.408333 0.340046 0.016667 0.011574
0 0.452083 0.399769 0.017188 0.012500
0 0.497656 0.324306 0.015625 0.018056
0 0.505729 0.454861 0.015625 0.012500
0 0.474479 0.510880 0.015625 0.013426
0 0.428906 0.514583 0.014063 0.012500
0 0.422266 0.474537 0.014844 0.010185
0 0.551302 0.431713 0.016667 0.013426
0 0.557552 0.376852 0.014583 0.012963
0 0.606771 0.337731 0.014583 0.011574
0 0.605990 0.312963 0.014583 0.012963
0 0.652734 0.484722 0.014323 0.012037
0 0.622526 0.510417 0.012240 0.012500
0 0.671224 0.442593 0.015365 0.014815
0 0.692969 0.504398 0.015625 0.016204
0 0.705339 0.422454 0.015885 0.014352
0 0.732031 0.308796 0.016667 0.013889
0 0.832552 0.287731 0.015625 0.013426
0 0.844922 0.377083 0.016406 0.018056
0 0.798958 0.415741 0.015104 0.012037
0 0.806901 0.452778 0.015885 0.011111
0 0.822526 0.472222 0.016406 0.013889
0 0.831641 0.497222 0.014844 0.013889
0 0.894531 0.487269 0.014583 0.014352
0 0.919922 0.443056 0.015885 0.014815
0 0.955859 0.418056 0.017969 0.016667
0 0.960026 0.479861 0.016406 0.011574
0 0.977734 0.455556 0.014844 0.011111
0 0.962891 0.308796 0.018490 0.015741
0 0.756380 0.501852 0.014844 0.012963
0 0.734115 0.481481 0.016667 0.016667
2 0.337630 0.322222 0.015885 0.012963
0 0.006250 0.478704 0.011979 0.018519
0 0.019271 0.199537 0.006771 0.024074
0 0.061068 0.154398 0.013281 0.018981
0 0.074479 0.139815 0.014063 0.019444
0 0.079427 0.125000 0.015104 0.015741
0 0.086328 0.102315 0.012760 0.014815
0 0.088672 0.087037 0.011719 0.014815
0 0.064062 0.088426 0.012500 0.015741
0 0.065234 0.069213 0.013281 0.016204
0 0.063672 0.057639 0.010156 0.014352
0 0.064323 0.043056 0.012500 0.014815
0 0.036979 0.081944 0.006771 0.024074
0 0.023177 0.061574 0.013542 0.013889
0 0.268359 0.027778 0.015885 0.019444
0 0.265755 0.047454 0.015885 0.014352
0 0.436458 0.092824 0.015104 0.008796
2 0.440885 0.104861 0.015625 0.010648
2 0.497526 0.117361 0.019010 0.023611
2 0.454036 0.159491 0.024740 0.017130
2 0.498828 0.182870 0.025781 0.021296
0 0.545833 0.393519 0.013542 0.006481
