2 0.254557 0.384028 0.049219 0.014352
2 0.016667 0.491667 0.032813 0.015741
2 0.855859 0.307639 0.027344 0.017130
2 0.097135 0.375463 0.016667 0.013889
0 0.038932 0.399537 0.012240 0.011111
0 0.126172 0.397917 0.013281 0.014352
0 0.142187 0.326157 0.016146 0.011574
0 0.170313 0.360880 0.014063 0.011574
2 0.183464 0.327083 0.011719 0.009722
0 0.234635 0.324537 0.014583 0.012037
0 0.202083 0.343056 0.012500 0.010185
0 0.190495 0.384954 0.014323 0.011574
0 0.196354 0.401620 0.015104 0.010648
0 0.310417 0.329398 0.017188 0.011574
0 0.329427 0.382870 0.014583 0.011111
0 0.337240 0.401157 0.016667 0.013426
0 0.376432 0.359491 0.014844 0.011574
0 0.472005 0.341898 0.014844 0.012500
0 0.501563 0.355324 0.015625 0.015278
0 0.553385 0.396991 0.014583 0.011574
0 0.600130 0.335185 0.016406 0.011111
0 0.630599 0.387963 0.015365 0.012037
0 0.654818 0.352315 0.017969 0.012963
2 0.699349 0.311574 0.018490 0.013889
0 0.756380 0.321991 0.015885 0.013426
0 0.731380 0.345139 0.016927 0.011574
0 0.756120 0.365741 0.015885 0.012037
0 0.762240 0.384259 0.015104 0.011111
0 0.863411 0.350000 0.016406 0.011111
0 0.859896 0.372454 0.014063 0.013426
0 0.905859 0.325926 0.015365 0.013889
2 0.929036 0.302778 0.016927 0.012963
2 0.932682 0.258796 0.020052 0.017593
0 0.953776 0.396065 0.015365 0.015278
0 0.977604 0.474537 0.017188 0.014815
0 0.883984 0.490741 0.016927 0.014815
0 0.832031 0.491204 0.015104 0.012037
0 0.741667 0.503935 0.016146 0.013426
0 0.665234 0.510880 0.014844 0.014352
0 0.673047 0.446528 0.011719 0.010648
0 0.629167 0.467824 0.016146 0.011574
0 0.561328 0.469444 0.014323 0.010185
0 0.543620 0.513657 0.014323 0.010648
0 0.473698 0.491435 0.011458 0.010648
2 0.459766 0.456250 0.015885 0.011574
0 0.357812 0.494213 0.013542 0.013426
0 0.286068 0.497454 0.014844 0.011574
0 0.244531 0.494213 0.014583 0.010648
2 0.237891 0.475926 0.015885 0.011111
2 0.221875 0.455324 0.017708 0.011574
0 0.147917 0.435880 0.017708 0.011574
0 0.157812 0.512963 0.016146 0.012963
0 0.019141 0.199074 0.008594 0.026852
0 0.061458 0.155093 0.014063 0.020370
0 0.073958 0.140046 0.015104 0.020833
0 0.079297 0.126620 0.013281 0.016204
0 0.085677 0.103935 0.013021 0.013426
0 0.088281 0.090741 0.010417 0.012037
0 0.063932 0.088657 0.013802 0.018056
0 0.064193 0.070602 0.012760 0.018981
0 0.063411 0.057407 0.010156 0.016667
0 0.064453 0.043287 0.011198 0.017130
0 0.036458 0.082407 0.006250 0.024074
0 0.022917 0.063426 0.014063 0.014815
0 0.267839 0.028935 0.015365 0.020833
0 0.265234 0.046296 0.015365 0.017593
0 0.436458 0.091435 0.015625 0.009722
2 0.440104 0.104398 0.014583 0.009722
2 0.453516 0.157870 0.026823 0.018519
2 0.497526 0.117361 0.019531 0.026389
2 0.497917 0.180787 0.027083 0.022685
