1 0.200781 0.315972 0.023438 0.020833
2 0.236849 0.442593 0.028385 0.018519
2 0.707812 0.488889 0.023958 0.014815
0 0.058333 0.423843 0.015104 0.011574
0 0.053906 0.387963 0.014063 0.009259
0 0.031641 0.329167 0.013802 0.012037
0 0.084766 0.350926 0.016927 0.009259
0 0.125130 0.335417 0.015885 0.014352
0 0.124870 0.371991 0.015365 0.010648
0 0.146484 0.392130 0.013802 0.010185
0 0.048828 0.444676 0.013802 0.011574
0 0.040885 0.477546 0.017708 0.012500
0 0.097526 0.463657 0.013281 0.012500
0 0.109896 0.500694 0.015104 0.015278
2 0.176172 0.506250 0.016406 0.009722
0 0.200651 0.486806 0.014844 0.010648
0 0.189323 0.466667 0.016667 0.014815
2 0.233854 0.396065 0.014583 0.010648
0 0.230859 0.377083 0.012240 0.009722
0 0.229297 0.353704 0.014323 0.008333
0 0.242318 0.337500 0.014323 0.011111
0 0.276432 0.320833 0.012240 0.010185
0 0.279557 0.379861 0.016927 0.011574
0 0.325651 0.358565 0.014323 0.013426
0 0.341797 0.320139 0.013281 0.013426
2 0.367969 0.340509 0.015625 0.012500
0 0.386979 0.320370 0.014583 0.012037
0 0.420182 0.345602 0.014323 0.014352
0 0.476432 0.357407 0.015885 0.011111
0 0.500260 0.339352 0.013021 0.012963
0 0.510286 0.319213 0.015885 0.013426
2 0.540104 0.332870 0.016667 0.012963
0 0.560417 0.359722 0.016146 0.012963
2 0.586328 0.323148 0.016927 0.013889
0 0.633203 0.316435 0.013802 0.010648
0 0.646615 0.335880 0.014063 0.012500
2 0.670703 0.356713 0.016406 0.012500
0 0.675651 0.374306 0.015365 0.011574
0 0.684766 0.313426 0.015365 0.010185
0 0.727995 0.315046 0.011198 0.010648
0 0.735026 0.333565 0.016927 0.010648
0 0.734896 0.351157 0.016146 0.009722
0 0.789193 0.318287 0.015365 0.009722
0 0.807552 0.385185 0.016146 0.012963
0 0.876693 0.319444 0.017969 0.012963
0 0.882943 0.339583 0.017969 0.014352
0 0.909375 0.284028 0.015104 0.013426
0 0.966146 0.256944 0.016667 0.017593
0 0.965234 0.312500 0.016406 0.014815
0 0.934896 0.334722 0.016146 0.015741
0 0.915234 0.492824 0.014323 0.014352
0 0.900521 0.412731 0.016146 0.011574
0 0.877083 0.455787 0.011979 0.010648
0 0.790104 0.423843 0.013542 0.013426
0 0.792969 0.443056 0.013542 0.012037
0 0.770182 0.462963 0.016927 0.012963
0 0.795443 0.501157 0.016406 0.012500
0 0.696875 0.450694 0.014583 0.009722
0 0.675521 0.429398 0.016146 0.010648
2 0.628776 0.492130 0.017969 0.012037
0 0.612630 0.433333 0.015365 0.010185
0 0.591406 0.517361 0.014063 0.012500
0 0.562500 0.455324 0.011458 0.012500
0 0.553906 0.473148 0.015104 0.011111
0 0.562370 0.496759 0.016406 0.012037
2 0.432292 0.513426 0.016667 0.012963
0 0.383984 0.434954 0.014844 0.014352
0 0.359375 0.490741 0.014583 0.014815
2 0.342318 0.471296 0.015365 0.012963
0 0.316797 0.452546 0.016927 0.012500
0 0.294922 0.431481 0.015365 0.013889
0 0.034375 0.053009 0.013542 0.012500
0 0.074609 0.036111 0.013281 0.016667
0 0.047786 0.073148 0.008594 0.025000
0 0.074609 0.050463 0.012240 0.012963
0 0.075391 0.064352 0.017448 0.016667
0 0.075000 0.079398 0.013542 0.015278
0 0.072005 0.147222 0.013802 0.017593
0 0.084505 0.130556 0.015365 0.014815
0 0.028516 0.190046 0.009115 0.023611
0 0.277604 0.025463 0.016146 0.019444
0 0.274870 0.044907 0.015365 0.015741
0 0.445833 0.091898 0.017188 0.008796
2 0.448958 0.105556 0.015104 0.012037
2 0.462240 0.156944 0.026562 0.016667
2 0.504557 0.118981 0.017969 0.020370
2 0.505729 0.182639 0.023438 0.023611
0 0.350781 0.399074 0.011979 0.012963
2 0.992057 0.441204 0.015885 0.012037
0 0.990365 0.484259 0.017708 0.009259
