2 0.645573 0.514352 0.028125 0.016667
2 0.680859 0.312037 0.020573 0.015741
0 0.045703 0.328935 0.015365 0.010648
0 0.071354 0.309259 0.015625 0.009259
0 0.083594 0.367593 0.013542 0.010185
0 0.127344 0.362269 0.016146 0.011574
0 0.187760 0.390741 0.015625 0.009259
0 0.189193 0.336111 0.012240 0.012963
2 0.231901 0.377546 0.018490 0.011574
2 0.243750 0.355324 0.015104 0.011574
0 0.263021 0.394676 0.015104 0.013426
0 0.276562 0.319213 0.019792 0.014352
0 0.301823 0.338194 0.014583 0.012500
0 0.303776 0.360185 0.014323 0.013889
0 0.338672 0.332407 0.014844 0.014815
2 0.358464 0.399769 0.018490 0.015278
0 0.386068 0.338889 0.014323 0.010185
0 0.507812 0.321528 0.015625 0.012500
0 0.430729 0.320370 0.013542 0.009259
0 0.487370 0.399769 0.014323 0.014352
0 0.542839 0.343056 0.015365 0.012037
0 0.588151 0.318750 0.015885 0.012500
0 0.622656 0.325926 0.015625 0.011111
0 0.686328 0.377315 0.015365 0.011111
0 0.688411 0.354861 0.010156 0.010648
0 0.793099 0.389352 0.015885 0.013889
2 0.821745 0.361574 0.014844 0.012963
0 0.872396 0.323843 0.016667 0.013426
0 0.902865 0.339120 0.018229 0.014352
0 0.959896 0.315741 0.016667 0.012037
0 0.977604 0.489352 0.016667 0.011111
0 0.931250 0.498380 0.016146 0.016204
0 0.883594 0.455093 0.013021 0.011111
0 0.808464 0.423148 0.015365 0.012037
2 0.694922 0.450926 0.015885 0.012037
0 0.682422 0.429630 0.017448 0.012037
0 0.680990 0.473843 0.014583 0.015278
0 0.585156 0.492824 0.016146 0.014352
0 0.582161 0.436343 0.014844 0.013426
0 0.451953 0.434491 0.016927 0.011574
0 0.407682 0.471065 0.014844 0.011574
0 0.298828 0.450463 0.013802 0.013889
0 0.240625 0.449306 0.015104 0.014352
0 0.195964 0.486343 0.016406 0.016204
0 0.100000 0.464815 0.015625 0.013889
0 0.036068 0.051620 0.014844 0.015278
0 0.077083 0.032639 0.012500 0.017130
0 0.075781 0.048611 0.010937 0.009259
0 0.075000 0.062037 0.011979 0.019444
0 0.076693 0.079630 0.014323 0.013889
0 0.049479 0.072222 0.006250 0.025000
0 0.084635 0.129398 0.014583 0.018056
0 0.072917 0.145602 0.014063 0.018056
0 0.030339 0.186574 0.008073 0.024074
0 0.279167 0.024537 0.016667 0.017593
0 0.276302 0.043056 0.013021 0.014815
0 0.445964 0.091667 0.014844 0.011111
2 0.450781 0.105787 0.016667 0.012500
2 0.465104 0.159259 0.031250 0.019444
2 0.506771 0.119907 0.017708 0.023148
2 0.506771 0.184491 0.027083 0.024537
