2 0.106510 0.374769 0.025521 0.016204
2 0.907552 0.359028 0.031250 0.018056
0 0.917318 0.337963 0.016927 0.011111
2 0.937891 0.314583 0.046094 0.021759
0 0.988802 0.243056 0.017188 0.021296
0 0.988542 0.487731 0.016146 0.014352
0 0.859896 0.478241 0.016146 0.013889
2 0.827995 0.441898 0.016927 0.011574
0 0.866406 0.381713 0.011979 0.010648
0 0.862109 0.295602 0.017448 0.015278
0 0.789583 0.347917 0.016667 0.014352
0 0.675781 0.355324 0.011458 0.012500
0 0.675651 0.396759 0.010677 0.010185
0 0.674219 0.435417 0.018750 0.026389
2 0.587760 0.362963 0.016146 0.012963
2 0.577214 0.334722 0.015885 0.011111
0 0.566016 0.381713 0.014844 0.011574
0 0.568490 0.495139 0.011458 0.011574
0 0.554948 0.517593 0.014583 0.011111
0 0.486458 0.456019 0.014063 0.010185
0 0.499349 0.361111 0.014844 0.012037
0 0.432031 0.335417 0.015104 0.010648
0 0.412370 0.381944 0.013802 0.012963
0 0.393099 0.461806 0.014323 0.011574
0 0.361979 0.400694 0.015104 0.012500
0 0.341667 0.380324 0.014583 0.011574
0 0.341797 0.360648 0.013281 0.009259
0 0.350391 0.339352 0.013802 0.011111
0 0.275651 0.318981 0.013281 0.011111
0 0.174609 0.315278 0.014323 0.012037
2 0.230469 0.395139 0.014063 0.011574
0 0.245182 0.378009 0.014844 0.012500
0 0.261719 0.336806 0.014583 0.011574
2 0.284766 0.361343 0.015885 0.011574
0 0.298958 0.400231 0.015625 0.011574
0 0.025130 0.349769 0.016406 0.011574
0 0.022005 0.481944 0.012240 0.012037
0 0.101302 0.426389 0.015625 0.012037
0 0.108594 0.492130 0.013542 0.011111
2 0.126693 0.470139 0.011719 0.009722
2 0.194010 0.507407 0.015625 0.011111
0 0.256250 0.492361 0.014063 0.013426
0 0.231250 0.431019 0.014583 0.012037
0 0.314583 0.433796 0.017188 0.011111
0 0.034896 0.055324 0.014583 0.017130
0 0.076172 0.037500 0.013281 0.018519
0 0.048438 0.076389 0.005208 0.025926
0 0.074740 0.051389 0.011458 0.011111
0 0.074219 0.066667 0.014063 0.018519
0 0.075521 0.081250 0.013021 0.018981
0 0.073177 0.149074 0.013021 0.019444
0 0.085677 0.132407 0.016146 0.019444
0 0.029557 0.191898 0.007031 0.025463
0 0.278125 0.028472 0.016146 0.017130
0 0.275260 0.045602 0.015104 0.015278
0 0.445312 0.093519 0.016146 0.010185
2 0.449089 0.106019 0.016927 0.010185
2 0.462240 0.160417 0.024479 0.018056
2 0.504687 0.121296 0.018750 0.022222
2 0.506901 0.184722 0.025781 0.026852
0 0.991797 0.405093 0.012760 0.009259
