0 0.391016 0.491667 0.015885 0.012963
2 0.076953 0.498380 0.036719 0.014352
2 0.439974 0.376852 0.038281 0.016667
2 0.232552 0.376620 0.025000 0.018056
0 0.019401 0.423843 0.013802 0.010648
0 0.037500 0.444444 0.018750 0.022222
0 0.029818 0.470602 0.021094 0.018056
0 0.062109 0.422685 0.016927 0.012037
2 0.059375 0.347917 0.015104 0.011574
0 0.116536 0.333333 0.011198 0.011111
0 0.177604 0.392361 0.010937 0.008796
0 0.220182 0.342361 0.015365 0.011574
0 0.321615 0.357870 0.014063 0.012963
0 0.343750 0.338889 0.015104 0.012037
0 0.372917 0.400231 0.015104 0.010648
0 0.493229 0.358333 0.016146 0.012963
0 0.517318 0.335648 0.015885 0.015741
2 0.539062 0.381019 0.015625 0.011111
0 0.556510 0.335185 0.014063 0.012037
0 0.601693 0.378472 0.015885 0.014352
0 0.641276 0.393287 0.015885 0.011574
0 0.675130 0.318981 0.015885 0.011111
0 0.706901 0.386806 0.015365 0.013426
0 0.755208 0.342361 0.015104 0.012500
2 0.783984 0.322454 0.015885 0.011574
0 0.826432 0.323380 0.013802 0.012500
0 0.854297 0.339583 0.016927 0.017130
0 0.885156 0.314815 0.011458 0.010185
0 0.960677 0.307176 0.017708 0.011574
0 0.956120 0.367824 0.017448 0.013426
0 0.917188 0.408333 0.014063 0.012963
0 0.896224 0.489352 0.015885 0.014815
0 0.795443 0.418981 0.016406 0.012963
2 0.781120 0.497917 0.016927 0.015278
0 0.692969 0.428009 0.017188 0.014352
0 0.649089 0.510880 0.011719 0.011574
2 0.524479 0.487963 0.011458 0.011111
0 0.500391 0.453009 0.014323 0.013426
0 0.475130 0.469213 0.015885 0.012500
0 0.475260 0.516435 0.011979 0.010648
0 0.374479 0.439815 0.012500 0.012037
0 0.342708 0.470833 0.014583 0.013889
0 0.285938 0.432407 0.014063 0.011111
2 0.256380 0.460185 0.018490 0.012963
0 0.264714 0.488657 0.012760 0.012500
0 0.217969 0.466667 0.015104 0.012037
0 0.200911 0.425694 0.013802 0.011574
0 0.195964 0.484259 0.015365 0.012963
0 0.147917 0.426852 0.013021 0.011111
2 0.105078 0.445833 0.016406 0.010185
2 0.115234 0.501157 0.018490 0.011574
0 0.045703 0.073843 0.007552 0.025463
0 0.032682 0.054630 0.014844 0.017593
0 0.072786 0.036111 0.013802 0.017593
0 0.072917 0.050463 0.011458 0.012037
0 0.071224 0.065278 0.012760 0.019444
0 0.072135 0.081250 0.013021 0.017130
0 0.082682 0.131713 0.015365 0.018056
0 0.070443 0.147685 0.014323 0.018519
0 0.027214 0.190741 0.008073 0.022222
0 0.276172 0.024769 0.015365 0.018056
0 0.273568 0.042361 0.015365 0.016204
0 0.443620 0.090741 0.014844 0.009259
2 0.447266 0.103935 0.015885 0.011574
2 0.461849 0.156481 0.026823 0.015741
2 0.503646 0.118287 0.018750 0.021759
2 0.505339 0.181713 0.026302 0.025463
0 0.004818 0.386111 0.009115 0.010185
0 0.006901 0.494676 0.013281 0.010648
