2 0.012760 0.362037 0.025000 0.023148
2 0.319922 0.369676 0.021615 0.013426
2 0.491276 0.387269 0.025260 0.018981
2 0.804818 0.322454 0.028906 0.018056
0 0.981250 0.449769 0.015625 0.015278
0 0.946484 0.404398 0.018490 0.015278
0 0.923047 0.448380 0.014844 0.015278
0 0.908073 0.493056 0.017188 0.013889
2 0.876302 0.454630 0.019792 0.017593
0 0.836719 0.453009 0.014583 0.018981
2 0.809896 0.417130 0.017708 0.013889
2 0.790755 0.459491 0.019010 0.013426
0 0.803125 0.505324 0.017188 0.015278
0 0.733854 0.506019 0.018229 0.014815
0 0.707812 0.466898 0.013542 0.012500
2 0.685417 0.509722 0.018229 0.014815
0 0.667188 0.489352 0.013021 0.010185
0 0.658073 0.471065 0.014583 0.014352
0 0.047135 0.344213 0.015625 0.013426
0 0.048828 0.382176 0.015365 0.018981
0 0.130729 0.357176 0.013021 0.011574
0 0.169792 0.347917 0.015104 0.013426
0 0.173828 0.325231 0.015885 0.013426
0 0.161979 0.387269 0.016146 0.012500
0 0.225651 0.348380 0.014323 0.013426
0 0.244922 0.388889 0.015365 0.014815
0 0.215234 0.402778 0.016406 0.012963
2 0.283464 0.347454 0.016927 0.015278
0 0.302083 0.404630 0.014063 0.010185
0 0.353906 0.345833 0.018750 0.016667
0 0.378255 0.407176 0.016927 0.016204
0 0.413932 0.366898 0.015885 0.015278
0 0.413542 0.346296 0.012500 0.011111
0 0.465495 0.328472 0.016927 0.013426
0 0.469271 0.404398 0.014063 0.012500
2 0.533464 0.322222 0.016406 0.014815
2 0.570312 0.343750 0.018229 0.015278
0 0.582031 0.381481 0.015104 0.012963
0 0.550651 0.404167 0.015365 0.013889
0 0.652865 0.337037 0.011458 0.012963
0 0.660417 0.380093 0.016146 0.014815
0 0.743880 0.350231 0.018490 0.013426
2 0.755469 0.369907 0.019792 0.016667
0 0.819922 0.342361 0.020052 0.017130
0 0.618490 0.518981 0.010417 0.013889
0 0.564453 0.459954 0.017448 0.015278
0 0.562240 0.519444 0.015104 0.015741
0 0.557031 0.494213 0.011979 0.013426
0 0.521484 0.440278 0.018490 0.021296
0 0.496224 0.517361 0.015365 0.014352
0 0.424089 0.499537 0.014323 0.014815
0 0.376823 0.496296 0.013021 0.014815
2 0.367839 0.440741 0.016406 0.013889
2 0.365625 0.521065 0.016146 0.016204
0 0.328255 0.497222 0.015885 0.012963
2 0.317708 0.464352 0.017188 0.012963
0 0.272005 0.519213 0.014844 0.012500
0 0.262240 0.497454 0.015104 0.010648
0 0.242839 0.476157 0.014844 0.011574
0 0.200130 0.512500 0.012760 0.013889
0 0.010807 0.455324 0.017448 0.015278
0 0.009505 0.490972 0.014844 0.013426
2 0.763411 0.307407 0.017448 0.011111
0 0.033984 0.204167 0.008073 0.026852
0 0.076563 0.158565 0.014583 0.019907
0 0.088932 0.143519 0.017448 0.022222
0 0.095703 0.130093 0.015365 0.016667
0 0.100260 0.109954 0.014063 0.019907
0 0.103255 0.096065 0.012760 0.018981
0 0.077995 0.094444 0.012760 0.020370
0 0.078646 0.075926 0.015104 0.022222
0 0.078385 0.063194 0.011979 0.016204
0 0.079036 0.047917 0.010156 0.018981
0 0.051953 0.088194 0.008594 0.028241
0 0.280859 0.032639 0.016927 0.019907
0 0.277604 0.051620 0.016146 0.018981
0 0.316406 0.011111 0.014063 0.021296
0 0.319661 0.063194 0.016927 0.018981
0 0.447656 0.095833 0.015625 0.010185
2 0.452734 0.109722 0.016406 0.012037
2 0.465755 0.160880 0.028906 0.017130
2 0.509245 0.182176 0.025260 0.021759
2 0.510026 0.121528 0.021615 0.024537
0 0.039583 0.067824 0.015625 0.018056
