2 0.492708 0.513426 0.034375 0.015741
2 0.350000 0.438889 0.031250 0.022222
1 0.187630 0.468750 0.025260 0.014352
2 0.429557 0.316435 0.014323 0.013426
0 0.038932 0.309491 0.015885 0.011574
0 0.057422 0.369907 0.014844 0.012963
0 0.036068 0.388194 0.015365 0.010648
2 0.045312 0.424306 0.018750 0.010648
0 0.058854 0.444213 0.015625 0.012500
0 0.009635 0.450926 0.016146 0.012037
0 0.087500 0.502083 0.016667 0.012500
0 0.121224 0.424537 0.016927 0.013889
0 0.114453 0.446296 0.015365 0.010185
2 0.129557 0.464120 0.021094 0.011574
0 0.153125 0.444676 0.017188 0.013426
2 0.158333 0.499306 0.012500 0.009722
0 0.177865 0.431250 0.014583 0.011574
0 0.238151 0.427315 0.014323 0.011111
0 0.233073 0.448380 0.015104 0.013426
0 0.250000 0.490509 0.013542 0.012500
0 0.257812 0.468519 0.014063 0.012037
2 0.269010 0.450231 0.016146 0.012500
0 0.321224 0.488194 0.013802 0.012500
0 0.310026 0.511343 0.015365 0.011574
2 0.347917 0.508333 0.016667 0.011111
0 0.390234 0.472917 0.014844 0.012500
0 0.416536 0.510185 0.012760 0.010185
0 0.458464 0.429861 0.010677 0.011574
0 0.536719 0.449537 0.015625 0.012037
2 0.553906 0.499306 0.016146 0.012500
0 0.630599 0.469213 0.014323 0.010648
0 0.672396 0.423148 0.014583 0.011111
0 0.742839 0.462037 0.014844 0.011111
0 0.756380 0.481944 0.015885 0.014815
2 0.770443 0.440741 0.016406 0.012963
0 0.802734 0.459259 0.014844 0.010185
0 0.870703 0.450463 0.015365 0.014815
0 0.900260 0.408102 0.014583 0.012500
0 0.943490 0.425694 0.015104 0.011574
2 0.988932 0.453935 0.013802 0.012500
0 0.990234 0.484491 0.013281 0.013426
0 0.957682 0.363889 0.017448 0.012037
0 0.981510 0.322917 0.016667 0.013426
0 0.943359 0.308333 0.018490 0.012037
0 0.889974 0.341667 0.015885 0.012037
0 0.809896 0.360185 0.013021 0.013889
0 0.798177 0.341435 0.015625 0.012500
0 0.810807 0.320139 0.016406 0.011574
2 0.767448 0.384491 0.015625 0.011574
0 0.700260 0.371759 0.016146 0.012963
0 0.693620 0.347917 0.015365 0.013426
0 0.676823 0.390741 0.017708 0.015741
0 0.623828 0.353935 0.016406 0.012500
0 0.621745 0.333102 0.014844 0.015278
0 0.553906 0.337963 0.012500 0.012963
0 0.527865 0.397222 0.016146 0.011111
2 0.473698 0.358565 0.015104 0.013426
0 0.376823 0.316898 0.010937 0.008796
0 0.397917 0.379630 0.014583 0.011111
0 0.396745 0.397685 0.014844 0.012963
0 0.358724 0.340278 0.013802 0.012963
2 0.320443 0.331019 0.016406 0.012037
0 0.305339 0.397454 0.014844 0.013426
0 0.222135 0.336806 0.013542 0.008796
0 0.182422 0.367130 0.014323 0.014815
0 0.270182 0.356944 0.014844 0.011111
0 0.031901 0.054167 0.013281 0.014815
0 0.072005 0.036574 0.012760 0.018519
0 0.072005 0.050231 0.011198 0.011574
0 0.044922 0.074306 0.007031 0.023611
0 0.071615 0.064815 0.013542 0.018519
0 0.072266 0.080787 0.014323 0.017130
0 0.082292 0.130787 0.015104 0.019907
0 0.069531 0.146759 0.015625 0.019444
0 0.027083 0.189352 0.006250 0.023148
0 0.275651 0.025231 0.014844 0.018981
0 0.272526 0.043056 0.014323 0.014815
0 0.443490 0.090046 0.015104 0.008796
2 0.447005 0.103241 0.016406 0.012037
2 0.461589 0.154861 0.027865 0.015278
2 0.502865 0.116898 0.018750 0.020833
2 0.504036 0.178704 0.024740 0.023148
0 0.892578 0.468287 0.015885 0.012500
0 0.994010 0.228009 0.011979 0.018981
