0 0.047917 0.330093 0.015625 0.012963
0 0.030990 0.347917 0.016146 0.011574
0 0.088021 0.372454 0.013542 0.009722
2 0.117448 0.391204 0.015104 0.011111
0 0.126953 0.352546 0.014323 0.012500
0 0.142318 0.315972 0.015365 0.011574
0 0.170182 0.353935 0.012240 0.010648
0 0.167318 0.428009 0.015365 0.011574
2 0.153125 0.445833 0.012500 0.010185
2 0.166797 0.466435 0.018490 0.011574
0 0.065755 0.424769 0.015885 0.008796
0 0.070573 0.461574 0.015625 0.012037
0 0.035937 0.463657 0.015625 0.011574
0 0.020052 0.478704 0.017188 0.009259
0 0.008073 0.499537 0.015625 0.011111
0 0.198698 0.489352 0.015625 0.012037
0 0.209245 0.447917 0.015885 0.010648
0 0.213802 0.428241 0.013542 0.012037
0 0.230859 0.506713 0.015885 0.013426
0 0.271094 0.489583 0.014583 0.013426
0 0.297656 0.453472 0.016146 0.011574
0 0.315104 0.472917 0.014063 0.012500
0 0.297135 0.433333 0.016146 0.011111
0 0.340234 0.432870 0.013802 0.011111
0 0.343620 0.453241 0.014844 0.012037
2 0.370312 0.491898 0.010417 0.008796
2 0.405339 0.434722 0.016406 0.013889
0 0.415755 0.463889 0.015365 0.012037
2 0.438281 0.455556 0.015625 0.012037
0 0.449740 0.433102 0.015104 0.013426
0 0.452734 0.494444 0.015365 0.014815
0 0.485938 0.475694 0.018750 0.018056
0 0.526172 0.513889 0.015885 0.012037
2 0.571484 0.454861 0.015885 0.012500
0 0.575651 0.431713 0.015885 0.012500
0 0.611198 0.458796 0.014063 0.013889
0 0.645964 0.512500 0.011198 0.009259
0 0.726432 0.509491 0.014844 0.013426
0 0.760807 0.484491 0.014323 0.014352
2 0.775651 0.508565 0.016406 0.013426
0 0.799089 0.461111 0.017969 0.013889
0 0.818490 0.418519 0.014583 0.013889
0 0.855859 0.477083 0.013802 0.012500
0 0.895573 0.493287 0.016146 0.011574
2 0.908073 0.447917 0.029687 0.018981
0 0.978646 0.444907 0.016667 0.012037
0 0.922526 0.353009 0.013802 0.011574
0 0.916667 0.332870 0.017708 0.013889
0 0.897917 0.283333 0.017188 0.012037
0 0.958854 0.256944 0.015625 0.017593
2 0.833984 0.296296 0.016927 0.012963
0 0.798177 0.325463 0.017188 0.011111
0 0.760026 0.353704 0.015885 0.013889
0 0.739453 0.331019 0.014844 0.012963
0 0.712891 0.393750 0.016927 0.013426
0 0.667969 0.342361 0.013542 0.013426
0 0.661849 0.316898 0.015365 0.013426
0 0.629297 0.357176 0.015885 0.011574
0 0.573568 0.318750 0.015365 0.013426
2 0.528646 0.339352 0.017188 0.013889
0 0.551562 0.359722 0.020313 0.016667
0 0.563672 0.380093 0.014844 0.012037
0 0.559766 0.397917 0.014844 0.011574
2 0.445573 0.400231 0.015625 0.011574
0 0.431380 0.330324 0.013802 0.012500
0 0.359505 0.357870 0.015365 0.010185
0 0.353776 0.399537 0.011198 0.010185
0 0.316667 0.381250 0.013542 0.013426
0 0.260807 0.378241 0.014844 0.012037
0 0.253385 0.398843 0.014583 0.014352
0 0.865104 0.338426 0.016667 0.013889
1 0.683594 0.469676 0.023438 0.014352
0 0.032031 0.052778 0.015104 0.014815
0 0.071354 0.036806 0.012500 0.018056
0 0.044010 0.074074 0.006771 0.025926
0 0.070964 0.050926 0.010677 0.012963
0 0.070312 0.065278 0.011979 0.017593
0 0.070573 0.081713 0.013542 0.018056
0 0.081120 0.131250 0.014323 0.018981
0 0.069010 0.146759 0.014583 0.021296
0 0.025781 0.190509 0.008333 0.025463
0 0.275651 0.025231 0.015885 0.018056
0 0.272396 0.044907 0.014583 0.014815
0 0.443490 0.091435 0.016146 0.009722
2 0.447917 0.104398 0.016667 0.011574
2 0.461328 0.157407 0.027344 0.017593
2 0.503125 0.118519 0.017708 0.023148
2 0.504427 0.182407 0.026042 0.022222
2 0.007552 0.382870 0.014583 0.012037
0 0.995443 0.325926 0.009115 0.012963
0 0.995313 0.483333 0.009375 0.014815
