2 0.664844 0.375463 0.052604 0.020370
2 0.755208 0.328241 0.033333 0.018519
2 0.348698 0.360185 0.051562 0.016667
2 0.256771 0.338889 0.022917 0.015741
2 0.506250 0.495833 0.038542 0.017593
2 0.398047 0.505556 0.027865 0.018519
2 0.619792 0.352083 0.027604 0.015278
0 0.569531 0.339120 0.015104 0.010648
0 0.542448 0.322222 0.014583 0.013889
0 0.495312 0.321065 0.016146 0.015278
0 0.491797 0.347685 0.012760 0.012963
0 0.111979 0.315509 0.016146 0.009722
0 0.073307 0.351852 0.014844 0.011111
0 0.101302 0.390741 0.016146 0.012037
0 0.017708 0.387731 0.014583 0.013426
0 0.138151 0.354630 0.014323 0.012963
0 0.157031 0.395370 0.013542 0.011111
0 0.180469 0.351157 0.014063 0.009722
0 0.225260 0.365278 0.018229 0.011111
0 0.337891 0.381250 0.015365 0.013426
0 0.375781 0.338889 0.012500 0.012037
0 0.421224 0.360417 0.015365 0.013426
0 0.437630 0.322917 0.015365 0.013426
0 0.700911 0.309259 0.014323 0.011111
0 0.757943 0.350463 0.010677 0.009259
0 0.760807 0.369444 0.013281 0.012037
0 0.831250 0.295833 0.014063 0.014815
0 0.951172 0.264352 0.014844 0.017593
0 0.986458 0.236574 0.013021 0.016667
0 0.951693 0.352083 0.017448 0.014352
2 0.916016 0.372917 0.019531 0.011574
0 0.892578 0.353009 0.016927 0.013426
2 0.894271 0.315509 0.019792 0.011574
0 0.321094 0.318981 0.012500 0.010185
0 0.139063 0.428704 0.015625 0.012963
0 0.155599 0.449074 0.013281 0.012037
2 0.226823 0.430787 0.015625 0.012500
0 0.248698 0.474537 0.015104 0.011111
0 0.342187 0.456713 0.015625 0.012500
0 0.441016 0.455324 0.016927 0.011574
0 0.469531 0.433796 0.014583 0.012037
0 0.707161 0.508796 0.016406 0.012037
0 0.732812 0.466435 0.015104 0.013426
0 0.781641 0.421991 0.015365 0.013426
0 0.821094 0.465278 0.017188 0.016667
0 0.899089 0.431944 0.018490 0.012963
0 0.894531 0.412500 0.014063 0.011111
0 0.950391 0.428009 0.015885 0.015278
0 0.977474 0.404398 0.016927 0.012500
0 0.029818 0.055093 0.015885 0.016667
0 0.070573 0.037500 0.013542 0.019444
0 0.070182 0.052083 0.011198 0.014352
0 0.069271 0.065741 0.013021 0.016667
0 0.069922 0.081250 0.014323 0.014352
0 0.042318 0.075000 0.007031 0.027778
0 0.078906 0.133333 0.015104 0.022222
0 0.067448 0.148843 0.014063 0.020833
0 0.024219 0.191435 0.007812 0.026389
0 0.273828 0.026389 0.015365 0.019444
0 0.270833 0.044444 0.015625 0.013889
0 0.441667 0.092361 0.015104 0.011574
2 0.446224 0.106019 0.015885 0.011111
2 0.460417 0.158565 0.029167 0.018056
2 0.502604 0.119907 0.019792 0.022222
2 0.503776 0.183565 0.025781 0.024537
0 0.763281 0.300231 0.015625 0.009722
0 0.993880 0.304398 0.010677 0.012500
