0 0.020703 0.368981 0.016927 0.014815
2 0.014063 0.476852 0.016146 0.013889
0 0.078516 0.437037 0.015885 0.012037
0 0.083594 0.464583 0.016146 0.011574
2 0.048698 0.331019 0.025000 0.018519
2 0.112891 0.354861 0.058594 0.029167
2 0.362630 0.381713 0.050260 0.016204
2 0.367839 0.360880 0.027865 0.016204
2 0.535547 0.339815 0.035156 0.019444
2 0.760807 0.485648 0.040365 0.020370
2 0.690234 0.508333 0.024219 0.016667
0 0.973568 0.484954 0.018490 0.013426
0 0.990625 0.444444 0.015625 0.015741
0 0.982031 0.366435 0.015104 0.012500
0 0.892578 0.317130 0.015885 0.012963
0 0.904036 0.280556 0.016406 0.014815
0 0.881120 0.350231 0.016927 0.010648
0 0.895833 0.378704 0.015104 0.012037
0 0.740234 0.311343 0.013281 0.012500
0 0.774740 0.328009 0.016667 0.011574
0 0.800391 0.302083 0.011719 0.010648
0 0.801432 0.378009 0.014844 0.013426
0 0.757292 0.390278 0.014583 0.012963
0 0.766146 0.424537 0.014063 0.012963
0 0.842448 0.440046 0.017708 0.014352
0 0.688542 0.450694 0.015625 0.010648
0 0.643359 0.379167 0.015365 0.012963
0 0.612370 0.360880 0.015365 0.012500
0 0.621875 0.326389 0.015625 0.013889
2 0.681510 0.317130 0.015104 0.010185
2 0.601172 0.399306 0.016406 0.012500
0 0.556771 0.315509 0.015104 0.013426
0 0.492318 0.363194 0.011198 0.011574
0 0.484115 0.317593 0.013021 0.011111
0 0.478516 0.382407 0.015365 0.012963
0 0.492708 0.436574 0.014063 0.012037
0 0.558203 0.477315 0.013281 0.012037
2 0.590625 0.433333 0.015625 0.012963
0 0.446354 0.456250 0.014063 0.013426
0 0.336849 0.345602 0.015885 0.013426
0 0.318750 0.322222 0.013021 0.011111
2 0.278906 0.316204 0.014583 0.011111
0 0.256771 0.339583 0.013021 0.012500
0 0.218099 0.331481 0.015885 0.012037
0 0.193620 0.357407 0.014844 0.011111
0 0.147266 0.333565 0.012760 0.013426
0 0.067839 0.310417 0.012760 0.011574
0 0.186849 0.430787 0.014844 0.013426
0 0.229687 0.452546 0.014583 0.012500
0 0.239323 0.489815 0.015625 0.013889
0 0.027995 0.054398 0.013802 0.017130
0 0.068099 0.036343 0.012760 0.017130
0 0.067839 0.050463 0.011198 0.013889
0 0.067448 0.064352 0.012500 0.015741
0 0.068359 0.080787 0.013281 0.016204
0 0.041016 0.074074 0.006510 0.025000
0 0.077214 0.131481 0.016406 0.020370
0 0.065495 0.147917 0.012760 0.018981
0 0.022656 0.191667 0.007292 0.025000
0 0.272526 0.025463 0.015365 0.017593
0 0.270182 0.042824 0.014323 0.016204
0 0.440625 0.092130 0.014583 0.009259
2 0.444922 0.105556 0.015365 0.011111
2 0.458724 0.158333 0.027865 0.016667
2 0.501042 0.119676 0.017708 0.023611
2 0.502214 0.184028 0.024740 0.023611
