2 0.212240 0.471296 0.030208 0.015741
2 0.350260 0.493287 0.020833 0.015278
2 0.768880 0.367130 0.053385 0.021296
0 0.786589 0.346528 0.016406 0.014352
0 0.813281 0.301389 0.016146 0.012963
0 0.883333 0.338194 0.016146 0.014352
0 0.883854 0.359722 0.017708 0.011111
0 0.879427 0.381713 0.016146 0.014352
0 0.980990 0.329167 0.017708 0.012963
0 0.983073 0.347222 0.015104 0.013889
2 0.958594 0.428241 0.016667 0.012037
0 0.986849 0.462500 0.016927 0.013889
0 0.938021 0.482870 0.014063 0.012037
0 0.914583 0.452546 0.016146 0.016204
0 0.847266 0.476620 0.016406 0.014352
0 0.831901 0.439583 0.013281 0.012500
0 0.992188 0.367130 0.014063 0.014815
0 0.614583 0.434028 0.015625 0.013426
0 0.605990 0.452778 0.014063 0.014815
0 0.636068 0.399769 0.013281 0.012500
0 0.635807 0.338657 0.015885 0.012500
0 0.733464 0.334491 0.016406 0.011574
2 0.734505 0.315741 0.016406 0.012963
0 0.564323 0.401157 0.014583 0.012500
0 0.555859 0.382176 0.015365 0.013426
0 0.552734 0.359259 0.014323 0.012037
0 0.509245 0.402778 0.015365 0.011111
0 0.475391 0.360880 0.016406 0.014352
2 0.452995 0.324769 0.015885 0.011574
0 0.413672 0.342824 0.011719 0.010648
0 0.409505 0.358796 0.015885 0.010185
0 0.320052 0.340278 0.016146 0.012963
0 0.319010 0.382639 0.014063 0.011574
0 0.280469 0.359954 0.014583 0.013426
0 0.242839 0.317593 0.014323 0.011111
0 0.213802 0.337037 0.013542 0.011111
0 0.227083 0.371759 0.011979 0.011111
0 0.156771 0.375926 0.014583 0.011111
0 0.133984 0.336806 0.014323 0.014352
0 0.098958 0.312731 0.014063 0.011574
0 0.067578 0.333333 0.014323 0.013889
0 0.015625 0.445833 0.019271 0.009259
0 0.017969 0.501389 0.016146 0.012037
0 0.063021 0.462963 0.015625 0.012963
2 0.090104 0.447454 0.019271 0.014352
0 0.102214 0.427778 0.014844 0.012037
0 0.149349 0.448611 0.016927 0.012963
0 0.179297 0.507176 0.016927 0.013426
0 0.261458 0.508565 0.015104 0.013426
0 0.321094 0.438426 0.015104 0.012963
0 0.413021 0.514352 0.014063 0.011111
0 0.477344 0.494213 0.015625 0.014352
0 0.537109 0.500000 0.015885 0.012963
0 0.565495 0.516204 0.016406 0.012963
0 0.031901 0.056944 0.015365 0.017593
0 0.072396 0.037963 0.013542 0.020370
0 0.072656 0.052083 0.012500 0.012500
0 0.071354 0.067130 0.013542 0.016667
0 0.072005 0.083333 0.014323 0.017593
0 0.044531 0.075231 0.007292 0.025463
0 0.080859 0.131019 0.015885 0.021296
0 0.069401 0.149074 0.012240 0.018519
0 0.025781 0.190972 0.007292 0.024537
0 0.275521 0.027778 0.015104 0.016667
0 0.272786 0.045139 0.013802 0.013426
0 0.442578 0.092824 0.015365 0.010648
2 0.446875 0.106250 0.015625 0.012500
2 0.461198 0.159259 0.027604 0.018519
2 0.503255 0.120370 0.017969 0.018519
2 0.503255 0.183333 0.024740 0.021296
0 0.744401 0.391667 0.016927 0.015741
0 0.791276 0.388426 0.017448 0.011111
