2 0.451042 0.475926 0.027083 0.013889
2 0.569141 0.492130 0.019010 0.014815
2 0.531510 0.379398 0.051042 0.020833
0 0.822786 0.383102 0.017448 0.013426
0 0.949349 0.372222 0.015365 0.012037
0 0.979818 0.345370 0.016406 0.014815
0 0.970573 0.254398 0.017708 0.018056
0 0.926432 0.271065 0.016927 0.017130
0 0.943750 0.485648 0.017188 0.013889
0 0.822526 0.500000 0.016406 0.014815
0 0.768490 0.480787 0.016667 0.015278
0 0.718490 0.350694 0.014583 0.015278
0 0.721745 0.371528 0.014844 0.012500
0 0.684896 0.392130 0.016146 0.016667
0 0.636719 0.356713 0.017188 0.016204
0 0.625911 0.387269 0.015885 0.011574
0 0.589844 0.399306 0.013542 0.011574
0 0.674089 0.451620 0.013802 0.012500
0 0.678125 0.501157 0.014063 0.017130
0 0.584505 0.516898 0.013281 0.013426
0 0.462760 0.515741 0.016146 0.012037
0 0.916536 0.408565 0.016927 0.016204
0 0.797656 0.321991 0.014063 0.013426
0 0.577865 0.316204 0.013542 0.011111
0 0.524219 0.360185 0.015104 0.012963
2 0.478646 0.325231 0.018229 0.016204
0 0.464062 0.399074 0.013542 0.012963
0 0.438411 0.338194 0.014844 0.013426
0 0.385937 0.373148 0.015625 0.012037
0 0.438021 0.434491 0.015625 0.010648
0 0.447786 0.454630 0.015885 0.012037
2 0.384375 0.454398 0.018229 0.010648
0 0.320443 0.471991 0.014844 0.010648
0 0.305990 0.512037 0.015104 0.011111
0 0.272266 0.460880 0.015365 0.013426
0 0.220182 0.469444 0.014844 0.012963
0 0.212891 0.448843 0.014323 0.014352
0 0.124479 0.502778 0.011979 0.011111
0 0.014974 0.442361 0.015885 0.011574
0 0.073307 0.370370 0.013802 0.010185
0 0.063281 0.330556 0.016146 0.012963
0 0.135807 0.334722 0.011198 0.012963
0 0.163672 0.352778 0.014323 0.013889
2 0.222266 0.332176 0.014323 0.011574
0 0.229036 0.356944 0.014844 0.012963
0 0.227604 0.398611 0.016146 0.011111
0 0.281641 0.397685 0.015365 0.011111
0 0.292708 0.379630 0.014583 0.013889
0 0.313932 0.357870 0.014323 0.012037
0 0.362630 0.399537 0.013281 0.011111
0 0.031901 0.054167 0.015365 0.014815
0 0.072396 0.036343 0.013542 0.018056
0 0.071354 0.050694 0.010417 0.012500
0 0.044661 0.074074 0.008073 0.025000
0 0.071745 0.065509 0.014323 0.017130
0 0.071875 0.081481 0.014063 0.015741
0 0.081510 0.131944 0.015104 0.020370
0 0.069661 0.146991 0.013281 0.020833
0 0.026302 0.190046 0.008854 0.024537
0 0.276042 0.026157 0.015625 0.016204
0 0.272786 0.045602 0.014323 0.012500
0 0.443359 0.090972 0.015365 0.011574
2 0.447135 0.103009 0.014063 0.012500
2 0.460677 0.156713 0.027604 0.018056
2 0.503125 0.118750 0.018229 0.022685
2 0.504297 0.181944 0.024219 0.024074
0 0.996745 0.419213 0.006510 0.012500
