2 0.020313 0.352083 0.016146 0.012500
0 0.039844 0.424769 0.016146 0.013426
0 0.038411 0.503472 0.018490 0.011574
0 0.149609 0.490741 0.013802 0.012037
0 0.218490 0.491435 0.015104 0.011574
0 0.275521 0.490972 0.016667 0.014352
2 0.312760 0.454398 0.016146 0.012500
0 0.362760 0.435648 0.014583 0.012963
0 0.377083 0.460417 0.014583 0.010648
2 0.358724 0.493287 0.015885 0.011574
0 0.461068 0.436111 0.014844 0.009259
0 0.494010 0.454630 0.014583 0.012963
0 0.590234 0.474769 0.015365 0.010648
0 0.613151 0.510185 0.015365 0.012037
0 0.643880 0.509954 0.015885 0.010648
0 0.666276 0.427315 0.014323 0.012963
0 0.699349 0.446065 0.017448 0.013426
0 0.710807 0.467361 0.016406 0.011574
0 0.713281 0.508102 0.015625 0.012500
0 0.765104 0.503009 0.016667 0.013426
0 0.777214 0.444907 0.016406 0.012963
0 0.763802 0.423148 0.014063 0.011111
0 0.839583 0.456019 0.017188 0.014815
0 0.862240 0.433796 0.017188 0.012963
0 0.868620 0.497454 0.013281 0.010648
0 0.898047 0.373611 0.016406 0.014815
0 0.952083 0.367824 0.016667 0.014352
0 0.966927 0.419907 0.015625 0.019444
0 0.959896 0.346991 0.014583 0.013426
0 0.986849 0.323843 0.017969 0.013426
0 0.944531 0.263426 0.013542 0.014815
0 0.913021 0.312037 0.016667 0.013889
0 0.932422 0.332870 0.017969 0.013889
0 0.836719 0.294213 0.016146 0.012500
0 0.812240 0.362037 0.016667 0.013889
0 0.831250 0.382639 0.017188 0.013426
0 0.774349 0.312269 0.016406 0.014352
0 0.761719 0.344676 0.015104 0.013426
0 0.751953 0.387269 0.015885 0.011574
0 0.723828 0.309722 0.014844 0.012963
2 0.711458 0.371991 0.017188 0.012500
0 0.675130 0.354630 0.015365 0.012037
0 0.664193 0.332870 0.015365 0.012963
0 0.605990 0.359491 0.014063 0.013426
0 0.578125 0.333796 0.015104 0.013889
2 0.582292 0.400463 0.014583 0.009259
0 0.548177 0.376852 0.014063 0.011111
0 0.523958 0.398611 0.010417 0.010185
0 0.434505 0.359954 0.013281 0.012500
0 0.431510 0.396065 0.015625 0.014352
0 0.354948 0.380324 0.014063 0.010648
0 0.325911 0.402546 0.013281 0.011574
0 0.283724 0.400694 0.012240 0.010648
0 0.264323 0.381713 0.014583 0.010648
0 0.261328 0.329398 0.013281 0.011574
2 0.255208 0.359491 0.029687 0.016204
0 0.221745 0.323380 0.013802 0.013426
0 0.168620 0.315741 0.014323 0.012037
0 0.171484 0.338889 0.014323 0.012037
0 0.168490 0.357407 0.013542 0.012963
0 0.106510 0.354861 0.013021 0.013426
0 0.012500 0.312037 0.013542 0.012963
0 0.031250 0.059954 0.014583 0.018056
0 0.073307 0.038889 0.012760 0.017593
0 0.073307 0.053935 0.011198 0.011574
0 0.072005 0.068981 0.013802 0.017593
0 0.072656 0.085185 0.014583 0.016667
0 0.045312 0.077546 0.006771 0.024537
0 0.082292 0.134259 0.014583 0.016667
0 0.069531 0.150231 0.014583 0.016204
0 0.026953 0.193750 0.007552 0.024537
0 0.275521 0.027315 0.015104 0.016667
0 0.273047 0.045602 0.014844 0.013426
0 0.443099 0.093056 0.015365 0.009259
2 0.447656 0.106019 0.014583 0.011111
2 0.461719 0.156944 0.027604 0.019444
2 0.503255 0.119444 0.019010 0.022222
2 0.504167 0.182407 0.025000 0.023148
