2 0.038542 0.443981 0.016146 0.012037
0 0.014844 0.372222 0.015104 0.009259
0 0.096224 0.392130 0.014323 0.010185
0 0.106641 0.374306 0.013802 0.011574
0 0.138672 0.340509 0.014323 0.009722
0 0.098177 0.456019 0.015625 0.011111
0 0.190755 0.396528 0.011198 0.011574
0 0.186979 0.469213 0.014583 0.012500
2 0.209635 0.489815 0.015625 0.011111
2 0.263802 0.398843 0.016667 0.011574
0 0.273177 0.377778 0.013021 0.011111
0 0.282552 0.319444 0.014063 0.011111
0 0.299219 0.358565 0.013021 0.010648
0 0.353255 0.340741 0.014323 0.011111
0 0.385156 0.361574 0.015104 0.012963
0 0.427995 0.400000 0.014844 0.013889
2 0.435286 0.382870 0.015885 0.011111
0 0.499089 0.398380 0.015365 0.011574
0 0.514974 0.378935 0.014844 0.011574
0 0.502865 0.360880 0.010417 0.012500
0 0.522266 0.339815 0.014844 0.012963
0 0.515625 0.321065 0.014063 0.013426
0 0.606380 0.314815 0.015365 0.014815
0 0.571354 0.396296 0.015104 0.013889
0 0.616667 0.394907 0.015104 0.012037
0 0.647396 0.334259 0.015104 0.009259
0 0.666276 0.375000 0.012240 0.012037
0 0.680729 0.353472 0.015104 0.012500
0 0.731510 0.348843 0.015104 0.013426
0 0.724609 0.306944 0.013281 0.011111
0 0.776432 0.304398 0.012760 0.012500
0 0.884505 0.284491 0.017448 0.012500
2 0.944531 0.309491 0.017188 0.011574
0 0.977083 0.241667 0.017188 0.017593
0 0.931380 0.330093 0.017448 0.012037
0 0.952214 0.368750 0.015365 0.012500
0 0.991406 0.344676 0.017188 0.011574
0 0.886719 0.374306 0.014583 0.011574
0 0.974609 0.419444 0.015365 0.012037
0 0.960417 0.482176 0.016146 0.013426
0 0.904167 0.450000 0.016146 0.012037
0 0.878906 0.492130 0.014583 0.012963
0 0.823438 0.342130 0.015104 0.012963
0 0.805078 0.321759 0.014323 0.012963
0 0.821875 0.362963 0.017708 0.013889
0 0.750130 0.388194 0.013281 0.012500
0 0.776563 0.422454 0.015625 0.011574
0 0.810807 0.439583 0.015885 0.011574
0 0.830339 0.498843 0.014323 0.013426
0 0.680599 0.447685 0.014844 0.013889
0 0.665755 0.428935 0.015365 0.009722
2 0.643490 0.490741 0.016146 0.011111
2 0.606510 0.452083 0.014583 0.012500
0 0.554036 0.490046 0.016406 0.011574
0 0.498698 0.496528 0.013542 0.011574
0 0.420312 0.495833 0.015625 0.016667
0 0.351042 0.516435 0.015625 0.012500
0 0.323437 0.433565 0.014063 0.012500
0 0.291667 0.454630 0.015625 0.012037
0 0.030339 0.057176 0.013281 0.016204
0 0.072005 0.038657 0.012240 0.018056
0 0.044661 0.077546 0.007552 0.024537
0 0.071094 0.053935 0.011979 0.012500
0 0.070312 0.067130 0.013542 0.016667
0 0.071484 0.083333 0.013802 0.014815
0 0.081380 0.133565 0.013281 0.015278
0 0.068620 0.150463 0.014323 0.018519
0 0.026172 0.194213 0.007031 0.024537
0 0.274740 0.026389 0.015625 0.019444
0 0.272135 0.044444 0.014583 0.015741
0 0.442578 0.092130 0.015365 0.009259
0 0.446484 0.105324 0.015365 0.010648
0 0.460286 0.158102 0.027865 0.015278
0 0.502214 0.119444 0.016927 0.020370
0 0.503646 0.182407 0.026042 0.025926
