0 0.092969 0.310880 0.016146 0.016204
0 0.064583 0.332639 0.016146 0.018981
0 0.075391 0.388889 0.016406 0.015741
0 0.119661 0.356944 0.017448 0.014815
0 0.185547 0.437963 0.016406 0.017593
0 0.188672 0.490046 0.016406 0.018056
0 0.110026 0.483102 0.014844 0.012500
0 0.108203 0.504861 0.017448 0.015278
0 0.204687 0.396528 0.015104 0.012500
2 0.237630 0.338889 0.016927 0.011111
0 0.279948 0.332639 0.016667 0.013426
0 0.327865 0.475000 0.015625 0.014815
0 0.343750 0.452546 0.016667 0.013426
0 0.384635 0.350926 0.016146 0.017593
2 0.460807 0.497917 0.021094 0.018056
0 0.536198 0.434954 0.015625 0.015278
0 0.539974 0.317824 0.017448 0.014352
0 0.605469 0.399074 0.016667 0.014815
0 0.625260 0.318287 0.016146 0.016204
0 0.666927 0.334722 0.017188 0.016667
0 0.665755 0.355556 0.015885 0.014815
0 0.663021 0.396528 0.014063 0.012500
0 0.650000 0.432407 0.015104 0.014815
0 0.686719 0.491667 0.017188 0.014815
2 0.713281 0.467361 0.018229 0.015278
0 0.781250 0.422222 0.017188 0.016667
0 0.928516 0.409722 0.021094 0.019444
0 0.964453 0.454167 0.019531 0.019444
0 0.989844 0.489583 0.017188 0.020833
0 0.949219 0.367361 0.018750 0.018056
0 0.878906 0.377083 0.018750 0.018056
0 0.832812 0.340278 0.020313 0.022222
2 0.801172 0.363194 0.058594 0.026389
0 0.770312 0.328472 0.020313 0.023611
0 0.777344 0.389583 0.018750 0.018056
2 0.822396 0.383565 0.016667 0.016204
0 0.034896 0.193750 0.006771 0.028241
0 0.077344 0.150463 0.014063 0.020370
0 0.089193 0.134954 0.012760 0.018981
0 0.094792 0.124306 0.013021 0.017130
0 0.101562 0.102546 0.013021 0.018056
0 0.104427 0.088194 0.009375 0.018056
0 0.079948 0.085417 0.013021 0.018981
0 0.080729 0.068287 0.013542 0.019907
0 0.079948 0.053009 0.014063 0.016204
0 0.081641 0.038426 0.011198 0.016667
0 0.053255 0.078241 0.008594 0.026852
0 0.040104 0.058333 0.014583 0.016667
0 0.282161 0.027546 0.014323 0.018056
0 0.316016 0.006250 0.016927 0.011574
0 0.448828 0.092130 0.016406 0.011111
2 0.452474 0.106019 0.014323 0.012963
2 0.511198 0.117361 0.023438 0.023611
2 0.468490 0.156944 0.030729 0.017593
2 0.511719 0.179167 0.026042 0.020370
0 0.732812 0.308333 0.016146 0.012963
0 0.322917 0.057870 0.016146 0.020370
