0 0.085286 0.398843 0.014844 0.012500
0 0.074609 0.437731 0.018490 0.014352
0 0.036328 0.451389 0.016406 0.012963
0 0.053255 0.491204 0.019010 0.012037
0 0.065755 0.511806 0.016406 0.011574
0 0.074870 0.475463 0.015365 0.012963
2 0.008594 0.507639 0.016667 0.012500
0 0.121745 0.493750 0.012760 0.012500
0 0.132943 0.479630 0.011719 0.011111
0 0.146224 0.435185 0.015885 0.014815
0 0.164714 0.493519 0.017969 0.013889
0 0.206901 0.514352 0.014844 0.012963
2 0.203516 0.494676 0.016927 0.013426
0 0.205990 0.467130 0.019792 0.013889
0 0.195312 0.439120 0.016667 0.011574
0 0.249479 0.469213 0.013021 0.013426
0 0.275521 0.471991 0.016667 0.013426
0 0.333594 0.456481 0.017708 0.014815
0 0.334896 0.478704 0.014583 0.014815
0 0.306380 0.389120 0.014323 0.013426
2 0.319531 0.368287 0.016667 0.013426
2 0.294141 0.346991 0.019531 0.017130
2 0.266797 0.324769 0.017969 0.012500
0 0.231510 0.346296 0.012500 0.012963
0 0.165104 0.404861 0.015625 0.016204
0 0.121875 0.325000 0.013021 0.013889
0 0.123828 0.382407 0.014844 0.015741
0 0.362500 0.505093 0.015104 0.013889
0 0.384375 0.347222 0.017188 0.015741
0 0.428516 0.328241 0.011719 0.010185
0 0.494661 0.323148 0.018490 0.012963
0 0.536198 0.323611 0.015104 0.012963
0 0.542057 0.363194 0.014844 0.012500
0 0.585026 0.323843 0.018490 0.012500
0 0.590495 0.342130 0.014844 0.012037
0 0.609635 0.362500 0.015625 0.012963
0 0.606510 0.378935 0.016667 0.011574
0 0.627474 0.401389 0.013802 0.012037
0 0.679557 0.375926 0.017448 0.016667
2 0.697656 0.329398 0.037500 0.018981
2 0.745964 0.307870 0.026823 0.024074
2 0.681771 0.470602 0.024479 0.017130
0 0.898438 0.469213 0.015104 0.011574
0 0.926302 0.410880 0.017188 0.018056
0 0.961328 0.345139 0.017969 0.020833
0 0.936849 0.310417 0.014844 0.016204
0 0.923047 0.275926 0.016927 0.018519
0 0.990495 0.245602 0.015365 0.018981
0 0.846484 0.296759 0.016406 0.014815
0 0.844661 0.362037 0.018490 0.015741
0 0.804297 0.386111 0.017969 0.014815
0 0.769531 0.347222 0.017188 0.013889
0 0.731510 0.391204 0.017188 0.015741
2 0.723047 0.494907 0.017969 0.012963
0 0.652474 0.450926 0.017969 0.013889
0 0.646094 0.519213 0.014063 0.016204
0 0.597917 0.432870 0.012500 0.013889
0 0.589844 0.494444 0.015625 0.016667
0 0.492318 0.497454 0.017448 0.014352
0 0.473958 0.478472 0.015625 0.013426
0 0.477214 0.521528 0.016406 0.014352
0 0.280599 0.496296 0.015365 0.012963
0 0.039974 0.204630 0.009115 0.025926
0 0.081120 0.159954 0.014323 0.020833
0 0.094271 0.145139 0.015104 0.024537
0 0.100651 0.129861 0.016406 0.016204
0 0.106250 0.109491 0.013021 0.018056
0 0.107161 0.096296 0.010677 0.017593
0 0.083464 0.094444 0.012760 0.018519
0 0.083724 0.076389 0.012760 0.020370
0 0.083203 0.064583 0.012760 0.018056
0 0.083984 0.049769 0.012760 0.018981
0 0.057161 0.087037 0.007031 0.026852
0 0.045052 0.069444 0.015104 0.016667
0 0.283984 0.033796 0.015365 0.018519
0 0.281901 0.050926 0.013802 0.016667
0 0.320312 0.012500 0.013542 0.021296
0 0.450521 0.096065 0.016667 0.012500
2 0.455599 0.111111 0.016927 0.012963
2 0.469531 0.162500 0.028125 0.020370
2 0.512500 0.186111 0.023958 0.023148
2 0.512630 0.122222 0.021615 0.023148
0 0.004297 0.318287 0.008073 0.009722
0 0.861328 0.437500 0.018490 0.015741
0 0.324609 0.064815 0.016406 0.019444
