2 0.034505 0.375000 0.029948 0.017593
2 0.534766 0.500000 0.021615 0.018519
2 0.752995 0.373843 0.030469 0.018056
0 0.009375 0.394213 0.014583 0.014352
2 0.061849 0.451389 0.017969 0.013889
0 0.057031 0.469213 0.017708 0.015278
0 0.052344 0.488194 0.015104 0.012500
0 0.102214 0.451852 0.017448 0.014815
0 0.114583 0.471759 0.016667 0.013889
0 0.135026 0.452083 0.016927 0.018056
0 0.156510 0.433333 0.015104 0.013889
0 0.147266 0.494444 0.014844 0.012037
0 0.189193 0.473611 0.015885 0.012963
0 0.234115 0.456481 0.016667 0.012963
0 0.326562 0.460648 0.016146 0.012963
0 0.332161 0.496065 0.019010 0.014352
0 0.489974 0.461111 0.017969 0.015741
0 0.486458 0.496296 0.016667 0.017593
0 0.543620 0.440046 0.017448 0.016204
0 0.548307 0.461806 0.013802 0.014352
0 0.582031 0.458333 0.014063 0.013889
0 0.608203 0.515509 0.015885 0.011574
0 0.646094 0.517824 0.015104 0.014352
0 0.680339 0.513889 0.012760 0.014815
0 0.669401 0.454630 0.017448 0.012037
0 0.642708 0.436111 0.017708 0.012963
0 0.750781 0.430556 0.016667 0.012963
0 0.743359 0.471991 0.017448 0.014352
0 0.806380 0.485185 0.014844 0.012963
0 0.850781 0.423148 0.016146 0.013889
0 0.872917 0.482407 0.017188 0.017593
2 0.883203 0.503009 0.018490 0.018056
2 0.937760 0.499537 0.017188 0.015741
2 0.966536 0.468056 0.017448 0.015741
0 0.990885 0.490972 0.016146 0.017130
0 0.936979 0.449537 0.014063 0.011111
0 0.921615 0.413889 0.017708 0.013889
0 0.991276 0.406713 0.016927 0.014352
0 0.910156 0.361574 0.021875 0.014815
0 0.939193 0.273148 0.015885 0.019444
0 0.865234 0.321991 0.015365 0.013426
0 0.854297 0.343287 0.017969 0.014352
0 0.700391 0.332176 0.014323 0.015278
0 0.690625 0.360417 0.015104 0.012500
0 0.636719 0.342824 0.016146 0.014352
0 0.587500 0.344213 0.016146 0.013426
0 0.548438 0.363194 0.016667 0.013426
0 0.505208 0.347917 0.012500 0.013426
0 0.509115 0.367130 0.016667 0.014815
0 0.413281 0.347454 0.015625 0.017130
0 0.415104 0.384491 0.015625 0.012500
2 0.378646 0.365972 0.017708 0.016204
0 0.360938 0.388426 0.014063 0.012963
0 0.352995 0.407639 0.014844 0.013426
0 0.344531 0.329398 0.014583 0.014352
0 0.317188 0.386574 0.015104 0.014815
0 0.253516 0.346065 0.015885 0.013426
0 0.208724 0.320370 0.012760 0.013889
0 0.207422 0.400694 0.014844 0.013426
0 0.169271 0.344444 0.015104 0.014815
0 0.151693 0.317593 0.014323 0.012963
0 0.099349 0.353009 0.015885 0.015278
0 0.034115 0.199537 0.007292 0.024074
0 0.076432 0.155093 0.013802 0.021296
0 0.088411 0.138426 0.013802 0.018519
0 0.079036 0.089815 0.012760 0.018519
0 0.079557 0.072222 0.012760 0.019444
0 0.079036 0.059259 0.009635 0.013889
0 0.079687 0.043981 0.011458 0.015741
0 0.051562 0.084028 0.007292 0.024537
0 0.039193 0.065509 0.013281 0.015278
0 0.280469 0.033102 0.015625 0.018056
0 0.277344 0.050231 0.013542 0.018056
0 0.316536 0.011111 0.013802 0.019444
0 0.320182 0.064120 0.015885 0.018056
0 0.447526 0.098611 0.015885 0.009259
2 0.451432 0.111574 0.015365 0.012963
2 0.465625 0.163426 0.026042 0.015741
2 0.508724 0.125000 0.020052 0.021296
2 0.507422 0.187963 0.024219 0.023148
0 0.004427 0.447685 0.008333 0.012963
0 0.354948 0.348843 0.015625 0.014352
0 0.996745 0.342361 0.006510 0.013426
0 0.102344 0.092824 0.009375 0.014352
0 0.100000 0.105556 0.009896 0.013889
