2 0.155208 0.489583 0.039583 0.018981
2 0.593229 0.386574 0.030208 0.017593
2 0.382422 0.367130 0.033594 0.019444
0 0.056771 0.353241 0.013542 0.012963
0 0.052734 0.428241 0.012240 0.010185
0 0.017839 0.443981 0.015365 0.013889
2 0.057161 0.483796 0.015885 0.010185
0 0.081510 0.467361 0.016146 0.013426
0 0.189193 0.509259 0.016927 0.012963
0 0.222917 0.511574 0.013542 0.011111
0 0.215755 0.452546 0.015885 0.013426
2 0.198958 0.432176 0.018750 0.014352
0 0.182552 0.451157 0.014583 0.015278
0 0.172786 0.399537 0.016406 0.012963
0 0.162630 0.378935 0.016406 0.015278
0 0.208594 0.400694 0.015104 0.014352
0 0.251172 0.344213 0.014323 0.011574
0 0.251042 0.320139 0.010937 0.008796
0 0.311979 0.321991 0.014583 0.011574
0 0.296094 0.383796 0.013021 0.012963
0 0.298177 0.403935 0.013542 0.012500
0 0.280469 0.453241 0.011979 0.012037
2 0.289323 0.481250 0.016667 0.012500
0 0.369010 0.459722 0.013021 0.013889
0 0.434115 0.497454 0.013021 0.013426
0 0.463542 0.387037 0.016146 0.012037
0 0.470964 0.407639 0.015885 0.013426
2 0.457161 0.343519 0.015365 0.012037
0 0.439714 0.322222 0.015885 0.012037
2 0.405339 0.345370 0.017448 0.012963
2 0.372917 0.387037 0.012500 0.013889
0 0.508594 0.458565 0.014583 0.010648
0 0.512891 0.506250 0.015365 0.013426
0 0.588281 0.364583 0.018750 0.020833
0 0.514974 0.347685 0.014323 0.013889
2 0.612109 0.476620 0.016406 0.011574
0 0.677865 0.504167 0.014583 0.013889
0 0.694661 0.455556 0.017969 0.014815
0 0.677734 0.402083 0.014844 0.018056
0 0.647656 0.323611 0.018750 0.022222
0 0.731510 0.335648 0.014583 0.015741
0 0.714323 0.355324 0.017708 0.013426
0 0.782552 0.308102 0.013542 0.011574
0 0.796224 0.331944 0.017969 0.013889
0 0.848177 0.299537 0.016146 0.016667
0 0.859896 0.346065 0.015104 0.011574
0 0.952734 0.273611 0.019531 0.022222
0 0.984766 0.376389 0.021094 0.019444
0 0.966406 0.438194 0.018750 0.020833
0 0.971094 0.478472 0.015625 0.020833
0 0.921875 0.461806 0.017188 0.020833
0 0.947005 0.416435 0.018490 0.017130
0 0.888151 0.444907 0.015365 0.016667
0 0.867578 0.421296 0.019531 0.012963
0 0.786328 0.428472 0.017969 0.013426
2 0.787760 0.382407 0.017708 0.017593
0 0.806641 0.352778 0.016406 0.013889
0 0.727083 0.396065 0.016667 0.014352
0 0.754427 0.452778 0.018229 0.012037
0 0.029427 0.193056 0.009375 0.024074
0 0.072135 0.150000 0.014063 0.020370
0 0.084896 0.136806 0.015104 0.019907
0 0.090885 0.123843 0.014583 0.017130
0 0.097266 0.100694 0.012760 0.014352
0 0.098307 0.087269 0.011719 0.018056
0 0.075521 0.084722 0.011979 0.017593
0 0.075521 0.066667 0.013542 0.015741
0 0.074740 0.054398 0.010417 0.011574
0 0.076432 0.038889 0.010677 0.013889
0 0.035026 0.058102 0.014323 0.013426
0 0.048177 0.077546 0.005729 0.025463
0 0.277474 0.030324 0.014844 0.017130
0 0.275000 0.048148 0.015104 0.016667
0 0.316667 0.060648 0.015625 0.016667
0 0.313672 0.008796 0.014844 0.016667
0 0.444531 0.096759 0.015104 0.010185
2 0.448698 0.110417 0.015625 0.012500
2 0.463151 0.163426 0.030469 0.017593
2 0.507422 0.124537 0.023698 0.022222
2 0.506120 0.186574 0.026823 0.022222
