2 0.334375 0.446528 0.019792 0.011574
2 0.457813 0.473380 0.032813 0.017130
0 0.972135 0.322685 0.016146 0.011111
0 0.947917 0.343981 0.015625 0.012037
0 0.930339 0.391435 0.015365 0.012500
0 0.948307 0.425000 0.016406 0.014815
0 0.984375 0.499537 0.016146 0.012037
0 0.849740 0.429630 0.016146 0.013889
0 0.814844 0.471065 0.015104 0.008796
0 0.764453 0.487269 0.014844 0.014352
0 0.726042 0.433565 0.016146 0.014352
0 0.711979 0.473380 0.014583 0.012500
0 0.764062 0.397685 0.015625 0.014815
0 0.809375 0.354167 0.015104 0.011111
0 0.870703 0.351389 0.015885 0.012037
0 0.725000 0.359259 0.014583 0.012963
0 0.658984 0.362269 0.014844 0.012500
0 0.656120 0.380324 0.015365 0.011574
0 0.567187 0.335185 0.016146 0.011111
0 0.809896 0.451852 0.012500 0.009259
0 0.506120 0.379167 0.015885 0.012963
0 0.488151 0.343750 0.013281 0.011574
0 0.484766 0.396065 0.011198 0.010648
0 0.451823 0.348611 0.015625 0.012963
0 0.458464 0.314352 0.013802 0.010185
0 0.385807 0.332870 0.014323 0.011111
2 0.366146 0.354398 0.011458 0.010648
0 0.338411 0.331481 0.010156 0.011111
0 0.316667 0.352315 0.015104 0.013889
2 0.267448 0.312731 0.016667 0.011574
0 0.241927 0.387269 0.012500 0.010648
2 0.226823 0.368056 0.015104 0.011111
0 0.227604 0.324537 0.015104 0.012037
0 0.206901 0.343981 0.015365 0.011111
0 0.190495 0.324537 0.014323 0.011111
0 0.145313 0.378241 0.014063 0.012963
0 0.109766 0.340509 0.015365 0.013426
0 0.120703 0.293981 0.014844 0.012963
0 0.083464 0.323148 0.013802 0.012037
0 0.057943 0.286574 0.012760 0.010185
0 0.024609 0.310185 0.017448 0.014815
0 0.045443 0.369907 0.016927 0.012963
0 0.097135 0.450463 0.014583 0.012037
0 0.247135 0.424074 0.014583 0.011111
0 0.386458 0.507870 0.016667 0.015741
0 0.416536 0.451389 0.012240 0.012963
0 0.388802 0.429398 0.013021 0.012500
0 0.026693 0.170602 0.007031 0.025463
0 0.070312 0.128241 0.012500 0.020370
0 0.083073 0.113889 0.014063 0.021296
0 0.090234 0.102083 0.014844 0.015278
0 0.096354 0.078704 0.011979 0.016667
0 0.098177 0.066204 0.010417 0.013889
0 0.073568 0.062500 0.013281 0.016667
0 0.075000 0.045370 0.013542 0.019444
0 0.073958 0.031250 0.010937 0.014352
0 0.075000 0.018519 0.013542 0.017593
0 0.047005 0.055787 0.007031 0.026389
0 0.033594 0.034722 0.013021 0.015741
0 0.278385 0.015046 0.014063 0.018981
0 0.275000 0.031944 0.014063 0.018519
0 0.317969 0.045602 0.015104 0.018981
0 0.445312 0.087269 0.015625 0.008796
2 0.449609 0.100000 0.015365 0.011111
2 0.463411 0.153704 0.027344 0.019444
2 0.504948 0.116435 0.017708 0.021759
2 0.505859 0.179167 0.025260 0.022222
