0 0.046354 0.414120 0.015104 0.010648
2 0.041276 0.448380 0.014844 0.012500
0 0.119922 0.460185 0.016406 0.010185
0 0.144010 0.419676 0.017188 0.011574
0 0.141406 0.352083 0.017188 0.023611
2 0.180859 0.460185 0.017969 0.011111
0 0.237370 0.392130 0.013281 0.011111
0 0.244922 0.354167 0.015365 0.010185
0 0.258073 0.331713 0.015625 0.015278
0 0.261849 0.445833 0.017448 0.012037
0 0.257422 0.490046 0.014323 0.012500
0 0.332813 0.357176 0.015625 0.015278
0 0.428385 0.380787 0.015625 0.012500
0 0.398828 0.318519 0.013281 0.015741
0 0.442578 0.357407 0.013802 0.012963
0 0.426953 0.510417 0.016927 0.010648
0 0.682292 0.481250 0.015625 0.011574
0 0.695443 0.356481 0.015365 0.012037
0 0.693880 0.335417 0.013281 0.011574
2 0.683854 0.394213 0.018750 0.013426
0 0.779948 0.393056 0.011458 0.012963
0 0.870703 0.343981 0.016927 0.015741
0 0.849219 0.323148 0.015104 0.012037
0 0.901172 0.345139 0.017969 0.011574
0 0.928646 0.356481 0.017708 0.013889
0 0.960026 0.316435 0.017448 0.015278
0 0.920964 0.456019 0.012760 0.015741
0 0.877474 0.478472 0.015885 0.015278
0 0.865885 0.426620 0.015625 0.015278
2 0.757161 0.372685 0.040885 0.018519
2 0.673047 0.452778 0.020573 0.015741
2 0.307812 0.487731 0.021354 0.013426
2 0.068880 0.474537 0.055990 0.025000
2 0.146615 0.497685 0.031771 0.016667
0 0.066276 0.307176 0.015365 0.011574
0 0.023958 0.180556 0.006250 0.025000
0 0.067187 0.139815 0.013542 0.018519
0 0.080078 0.122454 0.015885 0.018056
0 0.084375 0.110185 0.012500 0.012963
0 0.091927 0.088194 0.014063 0.015278
0 0.094141 0.075000 0.011198 0.012963
0 0.069922 0.071065 0.012760 0.014352
0 0.042448 0.064815 0.007292 0.023148
0 0.070964 0.054861 0.013802 0.017130
0 0.069661 0.042130 0.009635 0.015741
0 0.071484 0.026389 0.010677 0.013889
0 0.029557 0.045370 0.013802 0.014815
0 0.273698 0.019444 0.014583 0.019444
0 0.271745 0.037963 0.014323 0.014815
0 0.314323 0.050694 0.015625 0.017130
0 0.442057 0.089583 0.014323 0.009722
2 0.445964 0.103009 0.016406 0.012500
2 0.459505 0.155324 0.027865 0.018056
2 0.500521 0.117361 0.019271 0.022685
2 0.502214 0.179630 0.024219 0.024074
0 0.005729 0.377315 0.010937 0.010185
2 0.991276 0.352315 0.016927 0.011111
