0 0.036458 0.288426 0.015625 0.012963
0 0.119271 0.376852 0.016667 0.011111
2 0.094141 0.433333 0.016927 0.012963
0 0.087370 0.452315 0.014323 0.010185
2 0.055469 0.485880 0.018750 0.014352
2 0.109635 0.474074 0.017188 0.014815
0 0.126432 0.413889 0.016406 0.014815
2 0.078516 0.326620 0.049740 0.024537
2 0.282813 0.481713 0.053646 0.019907
1 0.452214 0.355093 0.038281 0.015741
0 0.176693 0.342824 0.015885 0.010648
2 0.211198 0.299769 0.015625 0.012500
0 0.167708 0.445833 0.015104 0.013889
0 0.161979 0.471296 0.013542 0.012037
0 0.198828 0.456713 0.013802 0.013426
0 0.215365 0.438889 0.017188 0.014815
0 0.252734 0.459491 0.016406 0.014352
0 0.252865 0.420833 0.015625 0.011111
0 0.276562 0.442361 0.015104 0.015278
0 0.323568 0.461111 0.012240 0.012037
0 0.403255 0.430787 0.016927 0.010648
0 0.517839 0.515972 0.012760 0.011574
0 0.523958 0.352083 0.014583 0.013426
0 0.566276 0.323611 0.015885 0.016667
0 0.585156 0.357870 0.015104 0.013889
0 0.595703 0.337731 0.015885 0.010648
0 0.643359 0.318287 0.012240 0.009722
0 0.677995 0.357176 0.015365 0.012500
0 0.680469 0.433796 0.017188 0.013889
0 0.678125 0.517361 0.017188 0.015278
0 0.730208 0.450000 0.015625 0.013889
0 0.752214 0.428472 0.017448 0.012500
0 0.754297 0.471528 0.017969 0.015278
2 0.863802 0.423611 0.017708 0.013889
0 0.890104 0.461806 0.017708 0.013426
0 0.912109 0.438194 0.017969 0.018056
0 0.933203 0.477778 0.016406 0.012963
0 0.962370 0.497685 0.016927 0.013889
0 0.975911 0.337963 0.016406 0.012037
0 0.991406 0.314815 0.016667 0.012963
0 0.990365 0.253704 0.017188 0.020370
0 0.917578 0.321296 0.017969 0.013889
0 0.833333 0.388194 0.015104 0.012500
0 0.792188 0.325694 0.012500 0.015278
0 0.755859 0.312963 0.014844 0.013889
0 0.412370 0.334722 0.015885 0.012963
0 0.362109 0.356019 0.016927 0.011111
0 0.311328 0.311343 0.014323 0.010648
0 0.263672 0.330093 0.014323 0.014815
0 0.265625 0.389583 0.018750 0.018056
0 0.012370 0.306481 0.017969 0.012963
0 0.034896 0.037963 0.015625 0.012037
0 0.027865 0.174306 0.005729 0.024537
0 0.070443 0.131481 0.013802 0.018519
0 0.084375 0.117130 0.015625 0.017593
0 0.090755 0.104398 0.016406 0.015278
0 0.096615 0.083102 0.012500 0.016204
0 0.099349 0.070602 0.011198 0.015278
0 0.075000 0.066667 0.012500 0.015741
0 0.074479 0.048611 0.014063 0.017593
0 0.074740 0.034028 0.010417 0.015278
0 0.075781 0.020139 0.010937 0.013426
0 0.046615 0.057639 0.008333 0.025463
0 0.277865 0.014583 0.014583 0.017130
0 0.275651 0.033333 0.014323 0.016667
0 0.318620 0.048380 0.015365 0.017130
0 0.445312 0.086574 0.015104 0.010185
2 0.448698 0.100231 0.013542 0.012500
2 0.462891 0.152778 0.028906 0.015741
2 0.505469 0.116667 0.019271 0.022222
2 0.505339 0.177315 0.025260 0.025000
0 0.007812 0.343056 0.015104 0.011111
0 0.005729 0.370370 0.010937 0.012037
0 0.002214 0.460417 0.003906 0.009722
0 0.001563 0.479167 0.002604 0.015741
