2 0.634375 0.325231 0.054688 0.021759
2 0.552083 0.386806 0.030208 0.018981
2 0.058594 0.293056 0.031250 0.016667
2 0.169922 0.367593 0.026823 0.014815
1 0.206250 0.481019 0.023958 0.019444
2 0.828516 0.469907 0.024740 0.018519
2 0.097786 0.360417 0.016927 0.013426
0 0.125000 0.383333 0.015104 0.011111
0 0.059245 0.375000 0.014844 0.012037
2 0.026432 0.352778 0.015365 0.011111
2 0.119922 0.321296 0.017969 0.014815
0 0.173828 0.344444 0.013802 0.012963
2 0.009505 0.369444 0.016927 0.013889
0 0.015104 0.413194 0.016146 0.012500
0 0.026693 0.457407 0.015885 0.013889
0 0.036068 0.483102 0.017969 0.013426
0 0.111328 0.452546 0.015885 0.010648
0 0.183984 0.387500 0.014323 0.010185
0 0.189453 0.419907 0.017448 0.011111
0 0.244401 0.444444 0.012240 0.012037
0 0.269661 0.425694 0.014323 0.010648
0 0.308724 0.506944 0.016927 0.013889
0 0.402214 0.475463 0.015885 0.011111
2 0.422005 0.517361 0.016406 0.009722
0 0.457682 0.474537 0.016927 0.014815
0 0.526042 0.478472 0.015104 0.011574
0 0.564714 0.520139 0.014323 0.014352
0 0.573568 0.458565 0.016406 0.014352
0 0.613672 0.500000 0.016927 0.014815
0 0.657161 0.495370 0.015365 0.015741
0 0.749479 0.523843 0.018750 0.015278
0 0.776432 0.476389 0.017448 0.015741
2 0.896094 0.474306 0.017708 0.015278
2 0.971354 0.490046 0.017188 0.012500
2 0.987760 0.448611 0.016667 0.012963
0 0.962370 0.376620 0.015885 0.010648
2 0.963932 0.352546 0.021094 0.014352
0 0.925521 0.336574 0.013542 0.010185
2 0.966406 0.277083 0.018229 0.018981
2 0.872005 0.337269 0.017969 0.011574
0 0.769141 0.341435 0.014844 0.012500
0 0.769271 0.385185 0.015104 0.012037
0 0.805859 0.403009 0.016406 0.013426
0 0.733333 0.364352 0.013542 0.014815
0 0.719141 0.346528 0.018490 0.012500
0 0.670052 0.388194 0.016146 0.012500
0 0.657292 0.363194 0.014583 0.011574
0 0.566146 0.365278 0.014063 0.012963
0 0.470313 0.382870 0.014583 0.012963
0 0.464453 0.364583 0.012760 0.012500
0 0.432943 0.342361 0.013281 0.012500
0 0.424349 0.363194 0.013802 0.014352
0 0.411849 0.401157 0.013802 0.010648
0 0.392578 0.314583 0.016406 0.012500
0 0.347396 0.378704 0.016146 0.013889
2 0.305339 0.394444 0.016406 0.012037
0 0.291016 0.334954 0.017969 0.012500
0 0.240755 0.309491 0.014323 0.010648
0 0.259375 0.391435 0.014583 0.011574
0 0.226693 0.374306 0.014844 0.011574
0 0.028776 0.173380 0.007031 0.024537
0 0.071615 0.133565 0.014063 0.018981
0 0.083333 0.115509 0.015104 0.025463
0 0.092448 0.106713 0.016667 0.018056
0 0.096094 0.083565 0.012500 0.014352
0 0.098047 0.069213 0.009115 0.011574
0 0.076172 0.068519 0.013281 0.017593
0 0.077344 0.049537 0.014583 0.018519
0 0.076172 0.036806 0.010156 0.013426
0 0.077995 0.021759 0.010677 0.013889
0 0.048958 0.059954 0.007812 0.028241
0 0.036068 0.039120 0.014323 0.016204
0 0.279167 0.019213 0.015625 0.020833
0 0.276953 0.039815 0.015885 0.017593
0 0.318490 0.053009 0.017188 0.016204
0 0.445964 0.094213 0.015365 0.009722
2 0.450391 0.107639 0.016927 0.010648
2 0.462109 0.160185 0.026823 0.020370
2 0.505339 0.123148 0.017969 0.023148
2 0.505078 0.185880 0.023698 0.023611
2 0.993490 0.326389 0.013021 0.014815
