2 0.036719 0.329167 0.027083 0.016667
2 0.060286 0.303704 0.028906 0.014815
2 0.663021 0.326852 0.027083 0.018519
0 0.705339 0.333333 0.014844 0.012037
0 0.759115 0.309028 0.018229 0.013426
0 0.787370 0.369907 0.014844 0.010185
0 0.771745 0.391435 0.015365 0.011574
0 0.942969 0.338889 0.020313 0.016667
0 0.940625 0.378472 0.020313 0.018056
0 0.891016 0.421528 0.017969 0.015278
0 0.943359 0.501389 0.017969 0.019444
0 0.823828 0.453935 0.017969 0.014352
0 0.740104 0.431944 0.015625 0.012963
0 0.737240 0.488889 0.017188 0.014815
0 0.665495 0.472454 0.014844 0.013426
0 0.630729 0.517593 0.015104 0.016667
2 0.561719 0.475000 0.015104 0.010185
0 0.530729 0.457407 0.016146 0.012963
2 0.437370 0.495139 0.019531 0.015278
0 0.424740 0.515972 0.013542 0.010648
0 0.301302 0.436343 0.013021 0.011574
0 0.280990 0.503704 0.016667 0.012037
0 0.249870 0.471528 0.016406 0.011574
0 0.165625 0.488194 0.015625 0.012500
0 0.120703 0.442824 0.015365 0.012500
0 0.157943 0.429398 0.016406 0.013426
2 0.104557 0.316204 0.015365 0.011111
0 0.044661 0.369907 0.012760 0.011111
0 0.144010 0.354630 0.016146 0.014815
0 0.194010 0.316204 0.013542 0.011111
0 0.206250 0.338889 0.015625 0.013889
2 0.304297 0.363657 0.017969 0.013426
0 0.314063 0.384028 0.015625 0.012500
0 0.374609 0.342593 0.016406 0.012963
0 0.464453 0.352083 0.015365 0.012500
0 0.476823 0.386111 0.014583 0.011111
0 0.534245 0.347222 0.015365 0.014815
0 0.595573 0.340741 0.010937 0.010185
0 0.620313 0.325694 0.017188 0.015278
0 0.649479 0.360417 0.011458 0.010648
2 0.664974 0.380556 0.017448 0.012037
0 0.020703 0.191204 0.007552 0.023148
0 0.064583 0.147222 0.013542 0.017593
0 0.076042 0.131019 0.013542 0.018519
0 0.083594 0.120370 0.014583 0.015741
0 0.089453 0.097222 0.013802 0.015741
0 0.092057 0.085417 0.010677 0.017130
0 0.066536 0.081944 0.012240 0.017593
0 0.069010 0.063426 0.014063 0.019444
0 0.066927 0.053009 0.012500 0.016204
0 0.067448 0.037500 0.010417 0.015741
0 0.040234 0.074306 0.006510 0.025463
0 0.026823 0.053704 0.013021 0.014815
0 0.271094 0.026157 0.015104 0.018056
0 0.306901 0.008333 0.014844 0.015741
0 0.267578 0.043519 0.013281 0.014815
0 0.310417 0.057870 0.014063 0.017593
2 0.361068 0.030324 0.018490 0.018056
2 0.443099 0.107870 0.015365 0.011111
2 0.457552 0.159259 0.026562 0.020370
2 0.499219 0.123380 0.018229 0.022685
2 0.500260 0.184954 0.023958 0.019907
0 0.438802 0.093981 0.014583 0.009259
