0 0.430208 0.023148 0.015104 0.025000
0 0.440885 0.025926 0.015104 0.025000
0 0.450260 0.029167 0.012500 0.022222
0 0.508464 0.012731 0.009115 0.024537
0 0.535286 0.020833 0.009115 0.028704
0 0.542448 0.022917 0.008854 0.030093
0 0.552474 0.028241 0.009115 0.028704
0 0.494401 0.082176 0.009635 0.031944
0 0.543620 0.102083 0.009635 0.031944
0 0.570052 0.108333 0.009896 0.033333
0 0.572005 0.039583 0.009115 0.029167
0 0.588672 0.042824 0.008594 0.030093
0 0.595833 0.043750 0.008854 0.026389
0 0.612109 0.051157 0.009115 0.029167
0 0.620964 0.053472 0.009115 0.029167
0 0.631901 0.059028 0.009115 0.029167
2 0.564714 0.034491 0.009115 0.029167
2 0.602995 0.119213 0.008073 0.036574
2 0.542318 0.184954 0.008594 0.021759
2 0.566536 0.193287 0.009115 0.025463
0 0.492839 0.165278 0.008594 0.022222
0 0.509766 0.169907 0.008594 0.022222
0 0.517708 0.174537 0.007812 0.018519
0 0.533594 0.181019 0.007292 0.018519
0 0.558464 0.192130 0.007031 0.020370
0 0.406901 0.059028 0.006510 0.024537
0 0.429297 0.173843 0.009115 0.032870
0 0.437240 0.176852 0.010417 0.033333
0 0.443229 0.191204 0.010937 0.030556
0 0.426823 0.290741 0.007292 0.027778
2 0.421484 0.274306 0.007552 0.030093
0 0.513281 0.125694 0.018750 0.018981
0 0.462370 0.324306 0.015885 0.013426
0 0.460026 0.342824 0.015885 0.013426
0 0.479818 0.348380 0.015885 0.013426
0 0.543620 0.327083 0.015885 0.013426
2 0.521354 0.321296 0.019271 0.018519
0 0.648828 0.064120 0.009115 0.025463
0 0.807161 0.196065 0.017448 0.027315
0 0.713151 0.302315 0.018490 0.025926
2 0.870182 0.094213 0.013281 0.032870
0 0.605339 0.408565 0.017969 0.023611
0 0.813411 0.212037 0.017969 0.024074
0 0.979688 0.148148 0.017708 0.023148
0 0.887760 0.292130 0.016667 0.021296
2 0.870833 0.274537 0.019792 0.025000
0 0.874089 0.323611 0.014323 0.025926
2 0.856901 0.353241 0.016927 0.029630
0 0.641797 0.853009 0.017448 0.018981
0 0.986068 0.651389 0.014844 0.025000
2 0.564583 0.879630 0.019271 0.017593
2 0.531641 0.909722 0.019010 0.017593
0 0.884245 0.763657 0.015885 0.018981
0 0.850911 0.630093 0.017448 0.017593
0 0.846224 0.644907 0.017448 0.017593
0 0.821745 0.630093 0.019010 0.021296
0 0.828516 0.616667 0.014323 0.014815
0 0.803255 0.599306 0.017448 0.018981
0 0.796875 0.643750 0.015625 0.016204
0 0.780208 0.633565 0.015625 0.016204
0 0.720313 0.598611 0.016146 0.018519
0 0.676823 0.517824 0.016667 0.016204
0 0.684115 0.577083 0.013542 0.015278
2 0.739974 0.610880 0.019010 0.020833
2 0.820182 0.596759 0.017969 0.016667
2 0.837630 0.607176 0.019010 0.018981
0 0.772656 0.514352 0.013542 0.029630
0 0.731250 0.331713 0.013021 0.021759
0 0.442708 0.462269 0.015625 0.011574
0 0.286458 0.063889 0.011979 0.026852
0 0.246615 0.180093 0.008854 0.028704
0 0.332813 0.271065 0.007812 0.027315
0 0.325521 0.288194 0.007812 0.027315
0 0.296615 0.314583 0.016146 0.011574
0 0.316927 0.316667 0.015104 0.012963
0 0.077083 0.294213 0.015625 0.026389
0 0.069271 0.257176 0.016667 0.020833
2 0.075130 0.267130 0.017969 0.021296
2 0.059375 0.246528 0.013021 0.026389
0 0.244271 0.483333 0.013542 0.012963
0 0.420833 0.498611 0.017708 0.013889
0 0.477344 0.512037 0.016667 0.012037
0 0.231641 0.616898 0.015885 0.015278
0 0.222005 0.628009 0.013802 0.016204
0 0.183333 0.622222 0.016667 0.023148
0 0.200260 0.682639 0.017708 0.013426
0 0.205990 0.701620 0.016146 0.014352
0 0.218490 0.735417 0.015625 0.015278
0 0.213411 0.718056 0.013281 0.012037
0 0.224219 0.752546 0.017708 0.013426
0 0.230990 0.771296 0.015104 0.016667
0 0.179557 0.700231 0.012240 0.025463
0 0.189062 0.723843 0.010937 0.021759
0 0.203125 0.763657 0.014063 0.025463
0 0.210938 0.791898 0.011979 0.027315
0 0.084505 0.713657 0.012240 0.027315
0 0.102865 0.767824 0.011979 0.027315
0 0.059766 0.605787 0.011719 0.031019
0 0.074349 0.584954 0.015885 0.025463
0 0.183724 0.453241 0.017448 0.015741
0 0.277344 0.545370 0.008854 0.035185
0 0.310677 0.470370 0.016667 0.012037
0 0.233203 0.445833 0.016927 0.012037
0 0.411198 0.444444 0.016667 0.012037
0 0.293750 0.452315 0.016667 0.012037
2 0.299349 0.539815 0.017448 0.026852
0 0.281250 0.670370 0.007812 0.030556
0 0.008464 0.794444 0.013802 0.028704
0 0.066797 0.964352 0.010156 0.027778
0 0.143359 0.878009 0.011198 0.025463
0 0.154036 0.905787 0.011198 0.025463
0 0.174219 0.966435 0.011458 0.021759
2 0.256120 0.798148 0.009115 0.033333
2 0.243359 0.928704 0.009115 0.033333
0 0.338411 0.626157 0.017448 0.017130
0 0.332943 0.667593 0.016406 0.012963
0 0.337760 0.641204 0.016667 0.016667
0 0.372917 0.640278 0.016146 0.015741
0 0.392448 0.645139 0.017188 0.014352
0 0.370312 0.668519 0.016667 0.014815
0 0.387240 0.687963 0.015625 0.013889
0 0.366406 0.694907 0.015625 0.013889
0 0.385417 0.715509 0.017188 0.013426
0 0.380859 0.741667 0.016927 0.015741
0 0.419141 0.741204 0.016927 0.015741
0 0.428646 0.655093 0.017188 0.016667
0 0.427995 0.669213 0.015885 0.015278
0 0.463932 0.685417 0.015365 0.014352
0 0.462500 0.696296 0.017188 0.016667
0 0.458854 0.724074 0.017188 0.016667
0 0.455208 0.765278 0.017188 0.016667
0 0.456120 0.751620 0.011719 0.012500
0 0.395313 0.586111 0.009896 0.029630
0 0.440885 0.600463 0.009896 0.029630
2 0.455859 0.608102 0.009635 0.035648
0 0.352214 0.792130 0.008073 0.030556
0 0.391016 0.804167 0.008073 0.030556
0 0.405859 0.808796 0.008073 0.030556
0 0.437370 0.818056 0.008073 0.030556
0 0.444401 0.820370 0.008073 0.030556
0 0.368099 0.796296 0.008073 0.022222
0 0.279167 0.893056 0.016146 0.014815
0 0.277865 0.908796 0.016146 0.014815
0 0.308984 0.931944 0.014844 0.025000
0 0.326823 0.851157 0.008854 0.030093
0 0.334375 0.855787 0.008854 0.030093
0 0.343490 0.860417 0.008854 0.030093
0 0.384115 0.936574 0.010937 0.024074
0 0.395833 0.922454 0.009896 0.027315
0 0.409115 0.907407 0.010417 0.025000
0 0.416667 0.899537 0.010417 0.025000
0 0.429167 0.887963 0.010417 0.025000
0 0.439063 0.867824 0.016146 0.017130
2 0.351302 0.455787 0.018229 0.012500
2 0.612500 0.510880 0.017708 0.018981
0 0.504427 0.784259 0.009896 0.029630
0 0.666536 0.527778 0.017969 0.017593
0 0.529167 0.716667 0.007292 0.027778
0 0.513542 0.774537 0.007292 0.027778
0 0.526823 0.756481 0.007292 0.027778
0 0.521615 0.794907 0.007292 0.031481
0 0.529297 0.934954 0.017969 0.018056
0 0.454557 0.927546 0.017969 0.018056
0 0.680208 0.877778 0.016667 0.015741
0 0.610938 0.906250 0.017188 0.016204
0 0.566406 0.963889 0.009896 0.021296
2 0.859375 0.806481 0.016667 0.023148
2 0.542969 0.816667 0.012500 0.032407
0 0.730599 0.854167 0.015885 0.017593
0 0.774740 0.835185 0.018229 0.017593
0 0.656901 0.814120 0.013281 0.029167
0 0.652344 0.688194 0.015104 0.013426
0 0.631120 0.720602 0.019531 0.012500
1 0.667969 0.563426 0.018229 0.019444
0 0.645703 0.560880 0.013802 0.016204
0 0.704036 0.668750 0.017448 0.017130
0 0.839063 0.795139 0.017188 0.018056
0 0.759635 0.783796 0.014063 0.015741
1 0.977734 0.601389 0.036719 0.060185
0 0.785417 0.803472 0.013021 0.015278
0 0.391536 0.994676 0.013802 0.010648
0 0.771094 0.246065 0.018229 0.025463
0 0.031120 0.320139 0.015365 0.025463
0 0.937630 0.713426 0.017448 0.024074
0 0.836458 0.755324 0.019271 0.018056
2 0.799609 0.614815 0.020052 0.019444
0 0.862630 0.088657 0.011198 0.025463
0 0.041667 0.304861 0.010417 0.027315
0 0.020964 0.833796 0.013802 0.028704
0 0.045573 0.900000 0.011458 0.025926
0 0.054167 0.926389 0.011458 0.025926
0 0.183073 0.989120 0.011458 0.021759
2 0.463672 0.667361 0.016406 0.017130
0 0.297005 0.043287 0.003906 0.022685
0 0.688542 0.740741 0.015104 0.014815
0 0.706250 0.728704 0.014063 0.009259
2 0.878776 0.035417 0.013281 0.032870
0 0.567708 0.166435 0.018750 0.018981
0 0.031120 0.862500 0.014323 0.026852
2 0.466016 0.975694 0.015885 0.020833
2 0.463281 0.990972 0.027604 0.018056
3 0.528646 0.982176 0.004167 0.012500
3 0.478255 0.497454 0.009635 0.006944
0 0.750391 0.711343 0.017969 0.012500
0 0.731510 0.719907 0.012500 0.011111
0 0.056901 0.229167 0.009115 0.020370
