0 0.839714 0.007407 0.007031 0.013889
0 0.990365 0.037500 0.009896 0.033333
0 0.933073 0.101852 0.006250 0.017593
0 0.862630 0.113657 0.009115 0.032870
0 0.871615 0.117130 0.010417 0.033333
0 0.876563 0.134722 0.010937 0.030556
0 0.862630 0.233796 0.004948 0.028704
0 0.953776 0.061806 0.020052 0.018981
0 0.901693 0.265509 0.015885 0.013426
0 0.900911 0.283565 0.015885 0.013426
0 0.920573 0.288194 0.015104 0.011574
0 0.983464 0.263657 0.016927 0.016204
2 0.962760 0.259259 0.019271 0.018519
0 0.990885 0.411343 0.016667 0.031019
0 0.811849 0.948380 0.016927 0.023611
0 0.634635 0.394676 0.015625 0.011574
0 0.719271 0.015278 0.010937 0.029630
0 0.679427 0.132870 0.008854 0.028704
0 0.763281 0.220139 0.007812 0.027315
0 0.727865 0.261806 0.016146 0.011574
0 0.749870 0.266435 0.016927 0.013426
0 0.509375 0.252546 0.015625 0.026389
2 0.508333 0.226620 0.016667 0.020833
2 0.494271 0.206019 0.016146 0.028704
0 0.947656 0.452315 0.013542 0.012963
0 0.662891 0.569213 0.015885 0.015278
0 0.654036 0.582639 0.013802 0.016204
0 0.632031 0.636343 0.017708 0.013426
0 0.638151 0.656250 0.016406 0.014352
0 0.650000 0.689583 0.015625 0.015278
0 0.643880 0.669907 0.013281 0.012037
0 0.655990 0.704861 0.017708 0.013426
0 0.662500 0.725000 0.015104 0.016667
0 0.611068 0.654861 0.012240 0.025463
0 0.621875 0.682639 0.010937 0.021759
0 0.632422 0.719213 0.012240 0.024537
0 0.644531 0.745139 0.011979 0.027315
0 0.514193 0.673380 0.012240 0.027315
0 0.531510 0.723611 0.012500 0.026852
0 0.496224 0.565972 0.011719 0.031019
0 0.510417 0.542361 0.016146 0.022685
0 0.700391 0.718981 0.007031 0.030556
0 0.713281 0.618750 0.008854 0.028241
0 0.569661 0.359722 0.015885 0.016667
0 0.844792 0.388889 0.016667 0.012037
0 0.594141 0.372685 0.015885 0.015741
2 0.731120 0.489815 0.017448 0.026852
0 0.330339 0.763426 0.015885 0.022222
0 0.574870 0.834954 0.011198 0.025463
0 0.585026 0.863194 0.011198 0.025463
0 0.604688 0.918750 0.011458 0.021759
2 0.689453 0.750000 0.009115 0.033333
2 0.676953 0.882870 0.009115 0.033333
0 0.778776 0.573611 0.017448 0.013889
0 0.774870 0.617593 0.016406 0.012963
0 0.777214 0.589352 0.017969 0.014815
0 0.813672 0.584954 0.016406 0.016204
0 0.869792 0.598843 0.017188 0.014352
0 0.811458 0.612269 0.017708 0.015278
0 0.829688 0.631481 0.016146 0.012963
0 0.808594 0.639120 0.015104 0.016204
0 0.826172 0.658565 0.017448 0.013426
0 0.823568 0.687500 0.015885 0.014815
0 0.861458 0.682407 0.016146 0.015741
0 0.869010 0.614120 0.015625 0.013426
0 0.833073 0.589583 0.017708 0.013426
0 0.906380 0.624306 0.019531 0.016204
0 0.904167 0.639815 0.017708 0.013889
0 0.902083 0.666204 0.017188 0.016667
0 0.897396 0.705556 0.017708 0.016667
0 0.899349 0.692593 0.013281 0.012037
0 0.836719 0.529398 0.009896 0.032870
0 0.883594 0.543056 0.009896 0.029630
2 0.899089 0.549306 0.009635 0.035648
0 0.794141 0.737500 0.008073 0.030556
0 0.832682 0.750000 0.008073 0.030556
0 0.847266 0.752315 0.008073 0.030556
0 0.878125 0.762500 0.009375 0.028704
0 0.888151 0.763889 0.008073 0.030556
0 0.809505 0.742130 0.008073 0.022222
0 0.711719 0.844907 0.016667 0.012037
0 0.710938 0.861574 0.016146 0.014815
0 0.738151 0.882870 0.014844 0.025000
0 0.760677 0.801157 0.008854 0.030093
0 0.769271 0.803935 0.008854 0.030093
0 0.778125 0.807639 0.008854 0.030093
0 0.817448 0.881944 0.010937 0.024074
0 0.831250 0.867361 0.011979 0.027315
0 0.841667 0.850926 0.010417 0.025000
0 0.850391 0.844444 0.012760 0.026852
0 0.863021 0.830787 0.011458 0.025463
2 0.534635 0.355324 0.017708 0.021759
0 0.963021 0.654630 0.007292 0.027778
0 0.948958 0.716667 0.007292 0.027778
0 0.961458 0.695833 0.007292 0.027778
0 0.955859 0.735880 0.008594 0.031944
0 0.871745 0.811343 0.017969 0.018056
2 0.925391 0.406713 0.020052 0.013426
0 0.841797 0.953935 0.016927 0.023611
0 0.875260 0.880093 0.014063 0.015741
0 0.909635 0.842824 0.016667 0.020833
0 0.502995 0.217824 0.016406 0.024537
0 0.437109 0.758796 0.013802 0.028704
0 0.614062 0.943750 0.011458 0.026389
2 0.906510 0.608565 0.016667 0.018056
3 0.964583 0.916898 0.004687 0.016204
0 0.345703 0.765046 0.015885 0.021759
0 0.388932 0.611574 0.014323 0.024074
0 0.404687 0.633333 0.013021 0.024074
0 0.287109 0.540972 0.015885 0.020833
0 0.941667 0.018056 0.009896 0.032407
0 0.342187 0.045139 0.016146 0.014352
3 0.978906 0.936806 0.004687 0.016204
3 0.957031 0.431713 0.009375 0.006944
2 0.427214 0.037731 0.011719 0.060648
2 0.331120 0.075694 0.019531 0.011574
2 0.334635 0.060185 0.021354 0.015741
0 0.301953 0.017824 0.016406 0.013426
0 0.454818 0.323843 0.013802 0.026389
0 0.370964 0.362037 0.012240 0.028704
0 0.361849 0.474769 0.019531 0.023611
0 0.325651 0.507176 0.017448 0.020833
0 0.385807 0.822917 0.013802 0.012500
2 0.275651 0.771528 0.015365 0.028241
0 0.311849 0.809028 0.015885 0.023611
0 0.299219 0.815046 0.012500 0.024537
0 0.265104 0.770139 0.011458 0.021759
0 0.295443 0.768056 0.011719 0.021296
0 0.623177 0.972222 0.012500 0.023148
0 0.604427 0.848611 0.014063 0.013889
2 0.586068 0.796759 0.019531 0.016667
0 0.555729 0.715972 0.015625 0.012500
0 0.549479 0.697917 0.014583 0.012500
0 0.532682 0.655324 0.016406 0.012500
0 0.527344 0.640278 0.016146 0.013889
3 0.561328 0.728009 0.008073 0.006019
0 0.565495 0.740972 0.015365 0.012500
0 0.292448 0.825694 0.012500 0.024537
0 0.218750 0.818750 0.016146 0.024537
0 0.254427 0.814815 0.010417 0.023148
0 0.491406 0.185648 0.014063 0.025000
2 0.262109 0.116667 0.017969 0.018519
0 0.334375 0.113889 0.016667 0.015741
0 0.193359 0.104630 0.019010 0.012963
0 0.320703 0.347685 0.017448 0.017593
0 0.307422 0.524306 0.017448 0.020833
2 0.243359 0.532639 0.014323 0.032870
0 0.274479 0.601620 0.017708 0.020833
2 0.990495 0.818519 0.019010 0.024074
0 0.973828 0.966667 0.007031 0.024074
0 0.967057 0.971991 0.008594 0.027315
3 0.868880 0.220833 0.003385 0.013889
0 0.213542 0.109028 0.016146 0.015278
0 0.175521 0.087269 0.009375 0.025463
0 0.173307 0.146991 0.018490 0.013426
0 0.223177 0.149074 0.019271 0.008333
0 0.252734 0.151852 0.015365 0.009259
0 0.286589 0.364120 0.006510 0.024537
0 0.437500 0.677083 0.007812 0.021759
0 0.445052 0.708102 0.009896 0.029167
0 0.451823 0.723611 0.008854 0.029630
0 0.458984 0.738194 0.009635 0.031019
0 0.194922 0.799074 0.010677 0.023148
0 0.196615 0.929398 0.010937 0.023611
0 0.218359 0.984954 0.014844 0.030093
0 0.230208 0.545370 0.012500 0.033333
0 0.173828 0.562037 0.011719 0.029630
0 0.181901 0.556019 0.012240 0.029630
0 0.195312 0.537500 0.009375 0.020370
2 0.202734 0.538194 0.012240 0.025463
2 0.218099 0.603009 0.014323 0.032870
0 0.209766 0.609491 0.011198 0.031019
0 0.202344 0.615509 0.011458 0.027315
3 0.170443 0.728472 0.008073 0.010648
0 0.363542 0.523843 0.018229 0.020833
0 0.464193 0.754861 0.006510 0.021759
0 0.470313 0.778241 0.007292 0.029630
0 0.476302 0.786574 0.005729 0.018519
0 0.481120 0.802083 0.007552 0.031019
0 0.358594 0.762269 0.014583 0.018981
0 0.165755 0.568056 0.011719 0.029630
0 0.151172 0.579167 0.011719 0.029630
0 0.145964 0.588889 0.011719 0.029630
0 0.111719 0.613889 0.011979 0.029630
0 0.102865 0.704630 0.011979 0.029630
0 0.089453 0.717593 0.012240 0.026852
0 0.123958 0.685648 0.013542 0.030556
0 0.139063 0.670833 0.013021 0.025000
0 0.145833 0.665046 0.013542 0.029167
0 0.151432 0.659491 0.010156 0.027315
0 0.158464 0.653935 0.010156 0.027315
2 0.165234 0.645833 0.018490 0.035185
0 0.259375 0.379630 0.006771 0.016667
0 0.227083 0.393287 0.009896 0.023611
0 0.139453 0.372917 0.010156 0.019907
0 0.449870 0.271991 0.013802 0.026389
0 0.463411 0.283565 0.013802 0.026389
0 0.434245 0.243750 0.013802 0.026389
0 0.418359 0.209954 0.013802 0.026389
0 0.439844 0.222917 0.014583 0.029167
0 0.165885 0.079398 0.009375 0.025463
0 0.148958 0.068981 0.008854 0.027778
0 0.146615 0.009954 0.008333 0.018981
0 0.117318 0.104167 0.017969 0.012963
2 0.159115 0.101389 0.021354 0.017593
0 0.100000 0.141204 0.023958 0.016667
0 0.067187 0.434954 0.010417 0.024537
0 0.073568 0.139583 0.021615 0.012500
0 0.051953 0.100000 0.019531 0.013889
0 0.097917 0.408565 0.010417 0.024537
0 0.083073 0.421065 0.010417 0.024537
0 0.212760 0.529167 0.009375 0.020370
0 0.069401 0.655556 0.012760 0.031481
0 0.056771 0.668056 0.013542 0.030556
0 0.034115 0.687500 0.013021 0.031481
0 0.017969 0.700926 0.013021 0.031481
0 0.011719 0.707407 0.013021 0.031481
0 0.060417 0.741898 0.015625 0.033796
0 0.039583 0.762037 0.015104 0.029630
0 0.032422 0.769213 0.010156 0.021759
0 0.010286 0.784491 0.010156 0.021759
0 0.017708 0.779167 0.011979 0.027778
0 0.497917 0.845370 0.007292 0.029630
0 0.503125 0.862037 0.007292 0.029630
0 0.508594 0.873611 0.007292 0.029630
0 0.521094 0.907407 0.007292 0.029630
0 0.531250 0.937500 0.007292 0.029630
0 0.536458 0.948148 0.007292 0.029630
0 0.554688 0.990278 0.007812 0.019444
0 0.549740 0.981481 0.007812 0.019444
0 0.452474 0.794907 0.013802 0.028704
0 0.463151 0.822685 0.013802 0.028704
0 0.476042 0.861806 0.010937 0.025463
0 0.485677 0.888194 0.010937 0.025463
0 0.498958 0.924306 0.010937 0.025463
0 0.507292 0.949306 0.010937 0.025463
0 0.523307 0.984722 0.010677 0.022222
0 0.402344 0.868519 0.010417 0.012037
0 0.397135 0.855093 0.010417 0.012037
0 0.409115 0.881944 0.010417 0.012037
0 0.427604 0.940741 0.010417 0.012037
0 0.435156 0.958796 0.011458 0.012963
0 0.439844 0.971759 0.011458 0.012963
0 0.386719 0.894444 0.011979 0.026852
0 0.409375 0.954167 0.011979 0.026852
0 0.417969 0.978241 0.011979 0.026852
0 0.357682 0.728935 0.009115 0.028241
0 0.368880 0.731481 0.013802 0.024074
2 0.329427 0.667593 0.015104 0.032407
0 0.265885 0.847685 0.010417 0.023148
0 0.291016 0.912269 0.011198 0.026389
0 0.302734 0.943519 0.012760 0.037037
0 0.315625 0.973843 0.012500 0.029167
0 0.185547 0.805093 0.010677 0.023148
0 0.179297 0.808796 0.010677 0.023148
0 0.171224 0.813889 0.010677 0.023148
