2 0.976562 0.274306 0.018750 0.028241
0 0.973698 0.043056 0.016146 0.015741
0 0.992578 0.045139 0.014844 0.014352
0 0.982422 0.671528 0.015365 0.026389
0 0.955469 0.634028 0.017708 0.015278
0 0.954688 0.648380 0.017708 0.015278
0 0.915495 0.912037 0.015885 0.021296
0 0.925130 0.869213 0.016406 0.020833
0 0.970833 0.835880 0.013542 0.018056
0 0.956901 0.404167 0.009115 0.028704
0 0.907292 0.354167 0.017708 0.015741
0 0.770312 0.427315 0.017708 0.015741
0 0.896224 0.368056 0.014323 0.015741
2 0.921745 0.673843 0.009635 0.033796
2 0.933203 0.537731 0.009635 0.033796
0 0.918880 0.759722 0.008594 0.027778
0 0.685807 0.496759 0.008073 0.031481
0 0.695443 0.589352 0.012240 0.026852
0 0.751042 0.741898 0.011979 0.026389
0 0.765625 0.779398 0.011979 0.026389
0 0.775260 0.808102 0.011979 0.026389
0 0.789323 0.843750 0.011979 0.026389
0 0.800000 0.875694 0.011979 0.026389
0 0.627474 0.616204 0.015365 0.013889
0 0.626823 0.687963 0.011979 0.029630
0 0.616146 0.515509 0.017708 0.029167
0 0.603646 0.516204 0.009375 0.026852
0 0.599870 0.556944 0.015365 0.023148
0 0.585026 0.554630 0.015365 0.023148
0 0.572786 0.555556 0.015365 0.023148
0 0.535807 0.560185 0.015365 0.023148
0 0.506250 0.562269 0.013021 0.023611
2 0.517318 0.563194 0.015365 0.028241
0 0.547005 0.675231 0.011719 0.031019
0 0.551432 0.601157 0.016406 0.022685
0 0.539974 0.609259 0.013802 0.026852
0 0.533203 0.617593 0.011198 0.025926
0 0.468359 0.747454 0.014844 0.011574
0 0.533594 0.648843 0.010417 0.029167
0 0.522135 0.960648 0.011458 0.026852
0 0.434245 0.591204 0.011719 0.025000
0 0.427214 0.599074 0.011719 0.025000
0 0.418750 0.604167 0.010937 0.027778
0 0.410807 0.608796 0.011719 0.025000
0 0.457813 0.611806 0.016667 0.023611
0 0.309635 0.793750 0.015625 0.019907
0 0.277344 0.821065 0.015625 0.019907
0 0.239323 0.857639 0.015625 0.019907
0 0.199349 0.805556 0.012240 0.026852
0 0.192188 0.811111 0.012500 0.032407
0 0.184766 0.817130 0.012240 0.026852
0 0.173047 0.827546 0.010156 0.018981
0 0.315625 0.596991 0.015625 0.018981
0 0.267969 0.638889 0.018750 0.024074
2 0.417318 0.425463 0.016406 0.036111
3 0.416016 0.512963 0.009635 0.009259
0 0.448047 0.318750 0.010156 0.025463
2 0.455599 0.313657 0.012240 0.028241
0 0.482031 0.325694 0.011458 0.030093
2 0.496094 0.312963 0.013021 0.031481
0 0.461719 0.389352 0.010937 0.026852
2 0.469271 0.382870 0.011458 0.032407
0 0.476953 0.415278 0.016406 0.013889
0 0.472135 0.446296 0.016146 0.021296
0 0.575781 0.121759 0.016146 0.018519
0 0.392839 0.150463 0.011198 0.027778
0 0.349740 0.189815 0.011458 0.027778
0 0.335026 0.200000 0.011198 0.027778
0 0.322526 0.217593 0.011198 0.027778
0 0.681510 0.027315 0.014583 0.027778
0 0.693229 0.019907 0.014583 0.027778
0 0.694401 0.055556 0.013281 0.029630
0 0.709115 0.065278 0.011979 0.025000
2 0.753906 0.010185 0.019792 0.019444
0 0.755339 0.034722 0.016927 0.025000
2 0.755339 0.113889 0.018490 0.026852
0 0.696354 0.222454 0.016667 0.028241
0 0.797005 0.136574 0.017969 0.015741
2 0.575000 0.453704 0.013542 0.029630
0 0.635938 0.395139 0.014583 0.025463
0 0.649870 0.417361 0.013281 0.020833
0 0.727474 0.401852 0.011719 0.016667
0 0.755208 0.325694 0.016667 0.021759
0 0.741927 0.350694 0.013542 0.031944
0 0.856901 0.953935 0.016406 0.020833
0 0.954818 0.890972 0.016406 0.020833
0 0.904036 0.950694 0.013802 0.017130
3 0.803255 0.517593 0.010677 0.007407
0 0.862760 0.978009 0.015625 0.019907
0 0.494271 0.606250 0.010417 0.021759
0 0.542318 0.736574 0.014323 0.036111
0 0.534896 0.990278 0.010937 0.019444
0 0.474740 0.762731 0.014063 0.009722
0 0.147266 0.861574 0.013802 0.018519
0 0.247656 0.821065 0.015625 0.019907
0 0.202214 0.863657 0.017969 0.023611
0 0.162370 0.912731 0.018490 0.021759
0 0.166797 0.923380 0.014323 0.020833
0 0.316797 0.915278 0.016927 0.020370
0 0.616536 0.250000 0.015885 0.019444
0 0.579167 0.285880 0.018229 0.023611
0 0.559245 0.301852 0.016406 0.020370
0 0.524349 0.491898 0.016406 0.018056
0 0.376693 0.468056 0.011719 0.032407
0 0.859375 0.365509 0.016146 0.023611
0 0.873958 0.422917 0.016667 0.011574
0 0.880729 0.444213 0.016667 0.011574
0 0.898438 0.493750 0.016667 0.011574
0 0.891406 0.474306 0.016667 0.011574
0 0.905729 0.512731 0.016667 0.011574
0 0.887500 0.459259 0.014063 0.010185
0 0.775000 0.441667 0.017708 0.015741
0 0.793229 0.487037 0.017708 0.015741
0 0.798177 0.503704 0.017708 0.015741
0 0.808073 0.530556 0.017708 0.015741
0 0.847396 0.637963 0.017708 0.015741
2 0.830469 0.590278 0.017708 0.015741
0 0.692578 0.513889 0.008073 0.031481
0 0.698828 0.530093 0.008073 0.031481
0 0.705599 0.543287 0.007031 0.024537
0 0.711458 0.565741 0.007812 0.031481
0 0.720573 0.592593 0.007812 0.031481
0 0.727083 0.604167 0.007812 0.031481
0 0.736979 0.637037 0.007812 0.031481
0 0.744010 0.654167 0.007812 0.031481
0 0.750651 0.667593 0.007031 0.026852
0 0.717578 0.578241 0.007031 0.026852
0 0.762630 0.699306 0.008594 0.027315
0 0.773828 0.728472 0.008594 0.027315
0 0.778516 0.741898 0.008594 0.027315
0 0.806641 0.816898 0.008594 0.027315
0 0.825130 0.866898 0.008594 0.027315
0 0.818620 0.849769 0.007031 0.021759
0 0.813411 0.835417 0.007031 0.021759
0 0.791016 0.772454 0.007031 0.021759
2 0.797135 0.790046 0.008854 0.031944
0 0.742188 0.718287 0.011979 0.026389
0 0.727865 0.681713 0.011979 0.026389
0 0.718490 0.655324 0.011979 0.026389
0 0.703906 0.616898 0.011979 0.026389
0 0.638932 0.646296 0.015365 0.013889
0 0.644661 0.662037 0.015365 0.013889
0 0.650130 0.676620 0.013281 0.011574
0 0.670573 0.735648 0.015625 0.013889
0 0.677604 0.751852 0.015625 0.013889
0 0.681771 0.766667 0.015625 0.013889
0 0.691536 0.794676 0.013802 0.026389
0 0.711068 0.848380 0.013802 0.026389
0 0.738021 0.923611 0.020833 0.013889
0 0.752995 0.956019 0.019010 0.014815
0 0.649740 0.748611 0.011979 0.029630
0 0.658203 0.771991 0.012760 0.026389
0 0.694661 0.871065 0.012760 0.026389
0 0.704818 0.898380 0.012760 0.026389
0 0.683464 0.834491 0.012760 0.026389
2 0.672786 0.808102 0.012760 0.026389
0 0.729167 0.958565 0.013021 0.026389
0 0.551042 0.688889 0.008854 0.030556
0 0.562240 0.718981 0.008854 0.030556
0 0.573958 0.750926 0.008854 0.030556
0 0.585417 0.780093 0.008854 0.030556
0 0.601823 0.825000 0.008854 0.030556
0 0.608333 0.841667 0.008854 0.030556
0 0.615104 0.857870 0.008854 0.030556
0 0.597135 0.812500 0.006771 0.023148
0 0.621745 0.889583 0.011198 0.026389
0 0.642057 0.932176 0.009635 0.030093
0 0.646224 0.947454 0.009635 0.030093
0 0.656641 0.976620 0.009635 0.030093
0 0.505990 0.640972 0.010417 0.021759
0 0.531380 0.708102 0.012240 0.025463
0 0.554818 0.768750 0.012240 0.025463
0 0.588411 0.861806 0.012240 0.025463
0 0.601693 0.900231 0.012240 0.025463
0 0.611328 0.925231 0.012240 0.025463
0 0.625391 0.962269 0.012240 0.025463
0 0.637240 0.988657 0.012500 0.022685
0 0.480990 0.777083 0.014063 0.009722
0 0.486328 0.792361 0.012240 0.011574
0 0.510417 0.860185 0.017708 0.012963
0 0.531771 0.918519 0.015104 0.013889
0 0.542969 0.946296 0.015104 0.013889
0 0.553646 0.975926 0.015104 0.013889
0 0.549089 0.961111 0.011719 0.010185
2 0.515755 0.876852 0.016927 0.015741
0 0.501302 0.902778 0.011458 0.026852
0 0.477865 0.840741 0.011458 0.026852
0 0.457161 0.782176 0.011719 0.026389
0 0.436849 0.728472 0.011719 0.026389
0 0.181380 0.971759 0.017969 0.023148
0 0.183984 0.878009 0.014323 0.020833
0 0.318880 0.934259 0.016927 0.020370
0 0.283333 0.941204 0.016667 0.017593
2 0.009635 0.972222 0.016667 0.036111
2 0.028125 0.825694 0.013021 0.018056
0 0.543099 0.319444 0.016406 0.020370
0 0.463281 0.305787 0.011458 0.030093
0 0.433073 0.335417 0.011458 0.030093
0 0.425000 0.341435 0.011458 0.030093
0 0.417187 0.348843 0.011458 0.030093
0 0.403646 0.359491 0.011458 0.030093
0 0.396094 0.369213 0.011458 0.030093
0 0.454427 0.395370 0.010937 0.026852
0 0.412240 0.435185 0.010937 0.026852
0 0.405469 0.440278 0.010937 0.026852
0 0.398698 0.447685 0.010937 0.026852
0 0.389844 0.456481 0.010937 0.026852
0 0.362760 0.397917 0.011458 0.030093
0 0.320312 0.440046 0.011458 0.030093
0 0.306250 0.450231 0.011458 0.030093
0 0.284115 0.471528 0.011458 0.030093
0 0.266406 0.485880 0.011458 0.030093
0 0.259896 0.493750 0.011458 0.030093
0 0.246615 0.506481 0.010937 0.023148
0 0.354427 0.487963 0.011979 0.032407
0 0.340104 0.501852 0.011979 0.032407
0 0.311458 0.525694 0.012500 0.031019
0 0.290365 0.545602 0.012500 0.031019
0 0.269271 0.565046 0.012500 0.031019
0 0.284115 0.555787 0.011979 0.025463
0 0.263021 0.567824 0.011979 0.025463
0 0.074870 0.411111 0.010156 0.031481
0 0.071484 0.378704 0.010156 0.031481
0 0.063411 0.311574 0.010156 0.031481
0 0.057682 0.278704 0.010156 0.031481
0 0.029557 0.268519 0.010156 0.031481
0 0.029557 0.204167 0.010156 0.031481
0 0.019401 0.207407 0.010156 0.031481
0 0.011849 0.209722 0.010156 0.031481
0 0.005208 0.210185 0.009896 0.031481
0 0.047656 0.251852 0.008333 0.025926
0 0.046875 0.425231 0.009896 0.029167
0 0.037500 0.422917 0.009896 0.029167
0 0.027865 0.422917 0.009896 0.029167
0 0.006771 0.421065 0.009896 0.029167
0 0.054818 0.421296 0.008073 0.025000
0 0.075651 0.500000 0.010156 0.031481
0 0.512370 0.157176 0.007552 0.013426
0 0.538672 0.134028 0.007552 0.013426
0 0.836328 0.157407 0.017969 0.015741
0 0.860807 0.174074 0.017969 0.015741
0 0.030339 0.107407 0.011719 0.032407
