0 0.926693 0.059491 0.020052 0.022685
0 0.920443 0.588426 0.010156 0.028704
0 0.485547 0.050231 0.007552 0.030093
0 0.902474 0.098611 0.021615 0.024074
0 0.817448 0.680556 0.016146 0.016667
0 0.835938 0.278241 0.013021 0.018519
2 0.496094 0.591204 0.012500 0.032407
0 0.747266 0.277546 0.017448 0.015278
0 0.541797 0.325000 0.007552 0.021296
0 0.341146 0.565741 0.010417 0.023148
2 0.609375 0.390972 0.018750 0.024537
0 0.719531 0.587963 0.017708 0.015741
0 0.421484 0.254861 0.014323 0.023611
0 0.432161 0.320139 0.008073 0.020833
2 0.451562 0.357870 0.022396 0.028704
2 0.439453 0.398611 0.016406 0.019444
0 0.402865 0.434259 0.009375 0.021296
2 0.547656 0.656944 0.013021 0.025000
0 0.476823 0.566898 0.015104 0.018056
2 0.633203 0.510185 0.012240 0.032407
0 0.779948 0.462731 0.011458 0.023611
0 0.965365 0.236574 0.016667 0.019444
0 0.972005 0.360185 0.016406 0.022222
0 0.942708 0.572454 0.015104 0.024537
0 0.335417 0.574306 0.013021 0.029167
0 0.335417 0.509954 0.014583 0.017130
0 0.530859 0.427083 0.019531 0.027315
0 0.652734 0.337963 0.017448 0.024074
0 0.531250 0.628472 0.010937 0.025463
0 0.685547 0.409722 0.013802 0.033333
2 0.692578 0.399074 0.014844 0.034259
0 0.817187 0.484722 0.014063 0.017593
0 0.927474 0.621296 0.015365 0.022222
0 0.888542 0.402778 0.011979 0.030556
0 0.692187 0.295370 0.016667 0.022222
0 0.176172 0.620833 0.013281 0.027778
0 0.651302 0.318287 0.018229 0.022685
0 0.995703 0.204861 0.008594 0.018056
0 0.935807 0.234954 0.018490 0.024537
0 0.851042 0.326389 0.011979 0.014815
0 0.851432 0.431019 0.016406 0.020370
0 0.916016 0.435185 0.016406 0.020370
0 0.979167 0.532870 0.017188 0.022222
0 0.926302 0.272685 0.016667 0.019444
0 0.864844 0.239352 0.008854 0.021296
0 0.749609 0.419676 0.012240 0.014352
0 0.719271 0.325463 0.016667 0.024074
2 0.653255 0.570833 0.013281 0.030556
0 0.220312 0.738657 0.017708 0.014352
2 0.161198 0.648380 0.018229 0.031944
0 0.278385 0.687731 0.016146 0.019907
0 0.562109 0.359491 0.011198 0.024537
0 0.456250 0.230093 0.009375 0.025000
0 0.474219 0.154398 0.010417 0.027315
0 0.862109 0.068750 0.007552 0.032870
2 0.712760 0.248148 0.020313 0.023148
0 0.697396 0.177546 0.006771 0.030093
2 0.700260 0.209491 0.006771 0.030093
0 0.812760 0.776389 0.015625 0.015741
0 0.644141 0.540278 0.010156 0.026852
0 0.151953 0.673148 0.012760 0.021296
0 0.340625 0.524074 0.015104 0.018519
0 0.218359 0.634259 0.017969 0.020370
0 0.191016 0.365509 0.013802 0.023611
0 0.123828 0.366435 0.015365 0.025463
0 0.113672 0.467593 0.013281 0.028704
0 0.136328 0.452315 0.016406 0.021296
0 0.444531 0.369213 0.014063 0.018981
0 0.445573 0.170139 0.015104 0.018981
0 0.457943 0.114120 0.016406 0.021759
0 0.866536 0.035185 0.007552 0.030556
0 0.739062 0.394444 0.017708 0.021296
0 0.893880 0.213889 0.011198 0.028704
0 0.869792 0.296296 0.016667 0.019444
0 0.678516 0.799306 0.008594 0.018981
0 0.754818 0.545139 0.018490 0.028241
0 0.575391 0.869676 0.015365 0.023611
0 0.505208 0.770602 0.015104 0.021759
0 0.439323 0.709954 0.015104 0.021759
0 0.423958 0.671528 0.011979 0.019907
0 0.385026 0.808796 0.014323 0.023148
0 0.311068 0.839583 0.009115 0.031944
0 0.322786 0.589120 0.011719 0.029167
0 0.141146 0.701389 0.013021 0.027778
0 0.086849 0.676620 0.013281 0.019907
0 0.058333 0.693981 0.013542 0.021296
0 0.108594 0.823611 0.017188 0.025000
0 0.068490 0.790278 0.016667 0.013889
0 0.061458 0.811111 0.015104 0.026852
0 0.054427 0.823148 0.015104 0.026852
0 0.046094 0.829630 0.015104 0.026852
0 0.036328 0.859722 0.011719 0.028704
0 0.034766 0.722685 0.014844 0.026852
0 0.026693 0.713889 0.014844 0.026852
0 0.020443 0.704167 0.013802 0.022222
2 0.177344 0.549074 0.008333 0.025926
2 0.130599 0.378472 0.016927 0.028241
0 0.124219 0.399306 0.013542 0.022685
0 0.454297 0.134028 0.016406 0.021759
0 0.450391 0.148843 0.016406 0.021759
0 0.447396 0.157639 0.015104 0.018981
0 0.884115 0.221759 0.013542 0.029630
0 0.876823 0.232870 0.013542 0.029630
0 0.890495 0.277546 0.018490 0.024537
0 0.853906 0.338426 0.011979 0.014815
0 0.869531 0.385648 0.011979 0.014815
0 0.934766 0.449074 0.016406 0.020370
0 0.908984 0.475000 0.016406 0.020370
0 0.900781 0.450463 0.015104 0.018519
0 0.993880 0.519444 0.012240 0.015741
0 0.935547 0.642361 0.013281 0.020833
0 0.938672 0.654861 0.013281 0.020833
0 0.945833 0.677315 0.010937 0.016667
0 0.991536 0.872917 0.013802 0.022685
0 0.945182 0.826157 0.011198 0.023611
0 0.791667 0.698611 0.016146 0.016667
0 0.724479 0.337963 0.016667 0.024074
0 0.726823 0.351389 0.016667 0.024074
0 0.755208 0.432176 0.010417 0.014352
0 0.759245 0.449769 0.012240 0.014352
0 0.666667 0.425231 0.010417 0.029167
0 0.669401 0.795602 0.008594 0.018981
0 0.458594 0.708102 0.015104 0.021759
0 0.488542 0.745139 0.015104 0.021759
0 0.402995 0.829630 0.014323 0.023148
0 0.450130 0.868519 0.014323 0.023148
0 0.476172 0.940278 0.014323 0.023148
0 0.357031 0.930787 0.013542 0.019907
0 0.393750 0.978704 0.014063 0.020370
0 0.334245 0.934491 0.010677 0.031944
0 0.328125 0.925926 0.008333 0.025926
0 0.466146 0.187731 0.010417 0.027315
0 0.449219 0.259028 0.010417 0.027315
0 0.439844 0.289583 0.010417 0.027315
0 0.439974 0.381944 0.016927 0.021296
0 0.433073 0.407176 0.014063 0.019907
0 0.429167 0.219676 0.015104 0.018981
0 0.441667 0.183102 0.015104 0.018981
0 0.425781 0.232639 0.015104 0.018981
0 0.292057 0.615972 0.011719 0.029167
0 0.276693 0.628009 0.011719 0.029167
0 0.270964 0.634491 0.011719 0.029167
0 0.209766 0.611574 0.011198 0.016667
0 0.039453 0.735185 0.014844 0.026852
0 0.045703 0.747222 0.014844 0.026852
0 0.052474 0.754630 0.014844 0.026852
0 0.059766 0.766204 0.014844 0.026852
0 0.017318 0.809028 0.014844 0.028241
0 0.011328 0.795370 0.014844 0.023148
0 0.006250 0.785417 0.011979 0.029167
0 0.015234 0.863194 0.016406 0.033796
0 0.183464 0.355093 0.012240 0.020370
0 0.111979 0.344907 0.013021 0.025000
0 0.106120 0.335880 0.015365 0.025463
0 0.099609 0.323843 0.015365 0.025463
0 0.093880 0.311806 0.015365 0.025463
0 0.086849 0.298380 0.015365 0.025463
0 0.074089 0.278009 0.015365 0.025463
0 0.059766 0.302315 0.014844 0.022222
0 0.012630 0.226157 0.015885 0.022685
0 0.107682 0.456481 0.013281 0.028704
0 0.101172 0.446296 0.013281 0.028704
0 0.091016 0.421759 0.013281 0.028704
0 0.064714 0.415278 0.013281 0.028704
0 0.058724 0.405093 0.013281 0.028704
0 0.045964 0.381944 0.013281 0.028704
0 0.037891 0.372685 0.013281 0.028704
0 0.029818 0.363889 0.013281 0.028704
0 0.016797 0.339815 0.013281 0.028704
0 0.931510 0.925694 0.009896 0.015278
0 0.602083 0.493287 0.013542 0.017130
0 0.181771 0.686574 0.008333 0.021296
0 0.020573 0.193519 0.014063 0.025000
0 0.065625 0.315278 0.015625 0.026852
0 0.118750 0.352778 0.011979 0.020370
0 0.041927 0.841898 0.011979 0.020833
0 0.287630 0.897454 0.015885 0.013426
