0 0.993620 0.025463 0.012760 0.013889
0 0.954297 0.046528 0.017448 0.015278
0 0.900391 0.078472 0.017448 0.015278
0 0.881901 0.082639 0.017448 0.015278
0 0.879687 0.061806 0.015625 0.012500
0 0.833333 0.057870 0.017708 0.013889
0 0.874479 0.198611 0.016146 0.015741
0 0.950781 0.210648 0.016146 0.015741
0 0.900781 0.219676 0.016667 0.013426
0 0.967448 0.228009 0.016667 0.013426
0 0.969010 0.176157 0.016667 0.013426
0 0.995573 0.178241 0.008854 0.012037
0 0.997266 0.203009 0.005469 0.010648
0 0.996875 0.234259 0.006250 0.013889
0 0.878516 0.250463 0.009115 0.019444
0 0.885807 0.250926 0.009115 0.019444
0 0.984766 0.346296 0.007552 0.026852
0 0.975651 0.344444 0.009635 0.027778
0 0.951693 0.376852 0.017969 0.016667
0 0.986719 0.453009 0.011458 0.030093
0 0.961849 0.467824 0.016927 0.018056
2 0.979818 0.515741 0.016927 0.038889
0 0.862630 0.741898 0.016927 0.013426
0 0.850911 0.800926 0.007552 0.029630
0 0.871484 0.847222 0.007552 0.029630
2 0.865365 0.816667 0.008854 0.026852
2 0.875000 0.875463 0.008854 0.026852
0 0.763672 0.700231 0.015365 0.015278
0 0.669010 0.875463 0.016667 0.012037
2 0.676693 0.893750 0.021094 0.019907
0 0.783203 0.569213 0.012240 0.013426
0 0.724349 0.424306 0.016927 0.018056
0 0.751042 0.084954 0.011458 0.032870
0 0.728516 0.069907 0.018490 0.018519
0 0.726172 0.085648 0.018490 0.018519
0 0.686328 0.146065 0.008594 0.024537
0 0.669531 0.137963 0.008333 0.023148
2 0.631641 0.100231 0.018490 0.023611
2 0.655208 0.208102 0.010417 0.035648
0 0.654818 0.248843 0.009115 0.031019
0 0.654167 0.288657 0.007812 0.031944
0 0.654948 0.175231 0.006250 0.026389
0 0.673828 0.433102 0.012240 0.033796
0 0.497786 0.989583 0.013802 0.020833
0 0.625130 0.681481 0.016927 0.013889
0 0.617839 0.661111 0.016927 0.013889
0 0.596875 0.657639 0.015104 0.014352
0 0.576432 0.655324 0.013281 0.014352
0 0.564193 0.667130 0.016406 0.014815
0 0.547526 0.681019 0.015365 0.010185
0 0.548307 0.652315 0.014844 0.012037
0 0.529036 0.650463 0.017448 0.012963
0 0.507943 0.648380 0.014323 0.009722
0 0.631510 0.624537 0.008333 0.031481
0 0.622396 0.623148 0.008333 0.031481
0 0.614062 0.622222 0.008333 0.031481
0 0.603906 0.621296 0.008333 0.031481
0 0.595052 0.618519 0.008333 0.031481
0 0.585938 0.616667 0.008333 0.031481
0 0.577344 0.617130 0.008333 0.031481
0 0.567448 0.616204 0.008333 0.031481
0 0.558333 0.616204 0.008333 0.031481
0 0.549740 0.614815 0.008333 0.031481
0 0.540365 0.612500 0.008333 0.031481
0 0.531510 0.612963 0.008333 0.031481
0 0.512500 0.607870 0.008333 0.031481
0 0.502865 0.609722 0.008333 0.031481
2 0.521354 0.610648 0.008333 0.031481
0 0.641276 0.588889 0.006510 0.024074
0 0.638932 0.531713 0.007552 0.031944
0 0.617057 0.555324 0.007552 0.031944
0 0.608464 0.554861 0.007552 0.031944
0 0.599349 0.554398 0.007552 0.031944
0 0.591276 0.552546 0.007552 0.031944
0 0.582682 0.552083 0.007552 0.031944
0 0.574089 0.550231 0.007552 0.031944
0 0.564714 0.550231 0.007552 0.031944
0 0.556380 0.548843 0.007552 0.031944
0 0.547526 0.546528 0.007552 0.031944
0 0.537630 0.547454 0.007552 0.031944
0 0.525651 0.552083 0.007552 0.031944
0 0.516276 0.550000 0.005990 0.030556
0 0.528516 0.584259 0.018490 0.019444
0 0.527083 0.458565 0.007812 0.031944
0 0.537500 0.462269 0.007812 0.031944
0 0.555469 0.464120 0.007812 0.031944
0 0.573438 0.477546 0.007812 0.031944
0 0.582031 0.478935 0.007812 0.031944
0 0.591406 0.481250 0.007812 0.031944
0 0.600521 0.482176 0.007812 0.031944
0 0.609245 0.481944 0.008073 0.028704
0 0.618750 0.485185 0.009375 0.033333
0 0.564193 0.474074 0.008073 0.028704
0 0.546094 0.464120 0.006771 0.023611
0 0.653776 0.500000 0.016406 0.014815
0 0.651302 0.464120 0.019271 0.014352
0 0.652865 0.447917 0.019271 0.014352
0 0.654948 0.430324 0.019271 0.014352
0 0.651823 0.480556 0.014583 0.014815
0 0.652604 0.407870 0.017708 0.022222
0 0.635417 0.400926 0.008854 0.032407
0 0.626432 0.399074 0.009115 0.027778
0 0.617318 0.399306 0.008594 0.030093
0 0.608203 0.400231 0.008594 0.030093
0 0.598828 0.399769 0.008594 0.030093
0 0.589974 0.398380 0.008594 0.031944
0 0.580078 0.397917 0.008594 0.031944
0 0.570964 0.397454 0.008594 0.031944
0 0.561589 0.392824 0.008594 0.031944
0 0.553255 0.393287 0.008594 0.031944
0 0.544141 0.389583 0.008594 0.031944
0 0.535026 0.389120 0.008594 0.031944
0 0.525391 0.387731 0.008594 0.031944
0 0.484505 0.604398 0.008073 0.030093
0 0.455859 0.608565 0.008073 0.030093
0 0.456901 0.570139 0.008073 0.030093
0 0.484766 0.568750 0.008073 0.030093
0 0.486849 0.531713 0.007552 0.027315
0 0.458464 0.532639 0.008073 0.030093
0 0.487500 0.495139 0.007292 0.029167
0 0.459896 0.488194 0.007292 0.029167
0 0.460156 0.455324 0.007292 0.029167
0 0.489063 0.456713 0.007292 0.029167
0 0.489193 0.416435 0.006510 0.032870
0 0.490365 0.385648 0.007292 0.025000
0 0.615495 0.310417 0.007552 0.023611
0 0.607031 0.306481 0.009375 0.031481
0 0.598437 0.306250 0.008333 0.032870
0 0.590625 0.305324 0.008333 0.032870
0 0.581510 0.306713 0.008333 0.032870
0 0.572656 0.307176 0.008333 0.032870
0 0.559896 0.303935 0.008333 0.032870
0 0.550781 0.303472 0.008333 0.032870
0 0.541406 0.300231 0.008333 0.032870
0 0.532813 0.299306 0.008333 0.032870
0 0.523958 0.298843 0.008333 0.032870
0 0.515104 0.297917 0.008333 0.032870
0 0.506380 0.296296 0.008073 0.030556
0 0.498568 0.295370 0.008073 0.030556
0 0.489974 0.292824 0.009635 0.035648
0 0.480859 0.293287 0.007031 0.031944
0 0.471745 0.290972 0.007552 0.034722
0 0.453255 0.289583 0.007552 0.034722
0 0.445182 0.286806 0.007552 0.034722
0 0.435026 0.284954 0.007552 0.034722
0 0.426172 0.284491 0.007552 0.034722
0 0.417708 0.283796 0.007812 0.030556
0 0.408594 0.283333 0.007812 0.030556
0 0.400000 0.282407 0.007812 0.030556
0 0.391146 0.278704 0.007812 0.030556
0 0.382031 0.277778 0.007812 0.030556
0 0.372917 0.277315 0.007812 0.030556
0 0.364323 0.275926 0.007812 0.030556
0 0.345052 0.274537 0.007812 0.030556
0 0.335417 0.271759 0.007812 0.030556
0 0.326823 0.273843 0.007292 0.028241
0 0.317969 0.270139 0.008333 0.033796
0 0.308854 0.268287 0.008333 0.033796
0 0.300521 0.266898 0.008333 0.033796
0 0.290365 0.265509 0.008333 0.033796
0 0.446745 0.345139 0.015885 0.012500
0 0.437109 0.365741 0.016927 0.014815
0 0.417839 0.362037 0.018490 0.012963
0 0.394922 0.358796 0.018490 0.012963
0 0.339583 0.349537 0.020313 0.013889
0 0.318359 0.347685 0.016406 0.012037
0 0.297526 0.344444 0.016406 0.012037
0 0.338932 0.332176 0.014323 0.010648
0 0.311068 0.328009 0.016927 0.014352
0 0.252083 0.339352 0.018229 0.015741
0 0.230339 0.335417 0.018490 0.013426
0 0.241667 0.318981 0.020833 0.012963
0 0.239974 0.301620 0.020052 0.014352
0 0.232422 0.282870 0.017969 0.012963
0 0.254948 0.262269 0.008333 0.031944
0 0.426302 0.421296 0.007812 0.032407
0 0.417708 0.422222 0.007812 0.032407
0 0.408594 0.419444 0.007812 0.032407
0 0.400521 0.420370 0.007812 0.032407
0 0.383594 0.417593 0.007812 0.032407
0 0.374740 0.417130 0.007812 0.032407
0 0.435937 0.512037 0.007812 0.032407
0 0.444531 0.514352 0.007812 0.032407
0 0.418490 0.509259 0.007812 0.032407
0 0.410156 0.508333 0.007812 0.032407
0 0.401562 0.506944 0.007812 0.032407
0 0.383594 0.506944 0.007812 0.032407
0 0.374740 0.506019 0.007812 0.032407
0 0.365365 0.504630 0.007812 0.032407
0 0.356510 0.502778 0.007812 0.032407
0 0.347656 0.499537 0.007812 0.032407
0 0.338802 0.501852 0.007812 0.032407
0 0.329427 0.500463 0.007812 0.032407
0 0.321094 0.498148 0.007812 0.032407
0 0.302083 0.496296 0.007812 0.032407
0 0.293229 0.496296 0.007812 0.032407
0 0.283594 0.494907 0.007812 0.032407
0 0.439063 0.485880 0.019792 0.017130
0 0.441667 0.469213 0.017188 0.015278
0 0.273568 0.493287 0.008594 0.033796
0 0.265234 0.492824 0.008594 0.033796
0 0.256120 0.493750 0.008594 0.033796
0 0.237630 0.490509 0.008594 0.033796
0 0.205729 0.444907 0.017188 0.016667
0 0.214844 0.399769 0.007812 0.033796
0 0.223698 0.402083 0.007812 0.033796
0 0.234896 0.404861 0.007812 0.033796
0 0.244922 0.406481 0.007552 0.030556
0 0.254167 0.408565 0.008333 0.034722
0 0.263542 0.408565 0.008333 0.034722
0 0.271875 0.407176 0.008333 0.034722
0 0.280990 0.409028 0.008333 0.034722
0 0.300651 0.412037 0.007552 0.032407
0 0.309115 0.411806 0.008333 0.031019
2 0.324219 0.446991 0.021875 0.015278
0 0.191406 0.285417 0.017708 0.031019
0 0.176042 0.255787 0.017708 0.031019
0 0.165625 0.214352 0.008333 0.026852
0 0.133464 0.289815 0.009115 0.032407
0 0.116797 0.286111 0.009115 0.032407
0 0.096484 0.284259 0.009115 0.032407
0 0.048047 0.275231 0.009115 0.030093
0 0.036589 0.276157 0.009115 0.030093
0 0.018359 0.269676 0.009115 0.031019
0 0.033854 0.183565 0.009896 0.034722
0 0.044531 0.180556 0.009896 0.034259
0 0.084115 0.189352 0.009896 0.034259
0 0.093620 0.190509 0.009635 0.032870
0 0.103776 0.153472 0.009635 0.032870
0 0.112891 0.066435 0.009635 0.032870
2 0.102734 0.062269 0.008594 0.040278
2 0.093099 0.060880 0.008594 0.040278
2 0.073568 0.058565 0.008594 0.040278
2 0.063672 0.055787 0.008594 0.040278
2 0.034245 0.050694 0.010677 0.040278
2 0.023307 0.047917 0.010677 0.040278
0 0.213411 0.006019 0.012240 0.011111
0 0.525651 0.088194 0.005990 0.024537
0 0.544922 0.089583 0.005990 0.024537
0 0.552995 0.090046 0.005990 0.024537
0 0.563151 0.089583 0.005990 0.024537
0 0.575521 0.053472 0.012500 0.031944
0 0.543620 0.027315 0.016406 0.012037
0 0.535286 0.004630 0.007552 0.008333
0 0.473177 0.021759 0.007292 0.032407
0 0.465104 0.021296 0.007292 0.032407
0 0.402474 0.012963 0.007552 0.025000
0 0.375391 0.011806 0.007552 0.022685
0 0.367057 0.011806 0.007552 0.022685
0 0.321354 0.008333 0.009375 0.015741
0 0.312240 0.008333 0.009375 0.015741
0 0.285677 0.005556 0.009375 0.010185
0 0.276172 0.004630 0.008073 0.008333
0 0.600260 0.359028 0.018229 0.014352
0 0.578125 0.357639 0.018229 0.014352
0 0.555729 0.354861 0.018229 0.014352
0 0.535286 0.349769 0.016406 0.013426
2 0.562240 0.334954 0.020313 0.015278
0 0.734505 0.040741 0.018490 0.018519
0 0.174870 0.465278 0.017448 0.012963
0 0.176693 0.482870 0.017448 0.012963
0 0.174349 0.500463 0.017448 0.012963
3 0.597526 0.671296 0.007031 0.012037
2 0.866146 0.873380 0.008333 0.022685
