0 0.204948 0.079861 0.016146 0.014352
0 0.136979 0.121065 0.016146 0.014352
0 0.155859 0.115046 0.015885 0.014352
0 0.246094 0.056713 0.016667 0.015278
0 0.260417 0.207639 0.016146 0.011574
0 0.261458 0.247917 0.011458 0.011574
0 0.261589 0.232870 0.013802 0.012037
0 0.230599 0.209259 0.016406 0.012963
0 0.227865 0.259491 0.016146 0.012500
0 0.211719 0.242593 0.015625 0.013889
0 0.136068 0.234722 0.017448 0.015741
0 0.164193 0.253241 0.013281 0.012963
0 0.065625 0.127778 0.012500 0.030556
0 0.245573 0.375000 0.007812 0.025926
0 0.253906 0.376389 0.007812 0.025926
0 0.237240 0.496991 0.016667 0.013426
0 0.217448 0.475694 0.008854 0.020833
0 0.451693 0.511343 0.012240 0.026389
0 0.426042 0.400231 0.008854 0.020833
2 0.349740 0.505787 0.013021 0.031944
0 0.357031 0.935185 0.015104 0.016667
2 0.384635 0.490046 0.013542 0.029167
0 0.375911 0.945370 0.015365 0.016667
0 0.328516 0.703704 0.012240 0.028704
0 0.171745 0.793519 0.007552 0.017593
0 0.155729 0.785648 0.007812 0.026852
0 0.087240 0.101157 0.017708 0.013426
0 0.446224 0.337037 0.010677 0.029630
0 0.391406 0.665741 0.009896 0.029630
0 0.418099 0.331944 0.012240 0.028704
0 0.482682 0.184028 0.011198 0.026389
0 0.467969 0.173148 0.011979 0.032407
1 0.420833 0.277315 0.026042 0.063889
2 0.442448 0.210648 0.013021 0.031481
2 0.481250 0.134259 0.011979 0.030556
0 0.463672 0.144907 0.011719 0.028704
0 0.495964 0.081713 0.010156 0.029167
0 0.466016 0.543750 0.011198 0.021759
0 0.092188 0.241898 0.010937 0.029167
2 0.338411 0.927315 0.017969 0.019444
0 0.430990 0.470139 0.011458 0.022685
0 0.131901 0.836574 0.010156 0.029630
2 0.431901 0.339815 0.009115 0.022222
0 0.320052 0.593056 0.010937 0.030556
0 0.334505 0.654398 0.008594 0.021759
2 0.489714 0.991204 0.005990 0.017593
2 0.522917 0.696528 0.014063 0.032870
0 0.558203 0.748148 0.011719 0.028704
0 0.568880 0.775000 0.014323 0.020370
2 0.491667 0.849306 0.014063 0.029167
0 0.100260 0.744444 0.007292 0.030556
2 0.570573 0.792824 0.016667 0.024537
3 0.558073 0.789583 0.005208 0.014352
2 0.605208 0.897917 0.014063 0.031019
0 0.386068 0.784491 0.010156 0.015278
0 0.457552 0.581481 0.012500 0.027778
2 0.360807 0.597685 0.012240 0.028704
0 0.511849 0.041667 0.013281 0.028704
0 0.155339 0.878472 0.008594 0.028241
2 0.148698 0.851157 0.008854 0.031019
0 0.141927 0.776852 0.016667 0.012963
2 0.149089 0.909259 0.010156 0.029630
2 0.160156 0.907870 0.010937 0.029630
2 0.134115 0.887037 0.009896 0.028704
0 0.146354 0.880324 0.006771 0.025463
0 0.130729 0.925926 0.007812 0.024074
0 0.181641 0.445139 0.008073 0.026389
0 0.565625 0.111806 0.011458 0.016204
0 0.586589 0.037963 0.014844 0.017593
2 0.700391 0.729630 0.010156 0.028704
0 0.538021 0.696759 0.012500 0.027778
0 0.536198 0.642130 0.014583 0.017593
0 0.513542 0.541204 0.017188 0.021296
0 0.641146 0.943056 0.012500 0.014815
2 0.647266 0.959722 0.019531 0.021296
0 0.514062 0.817130 0.015625 0.014815
0 0.410156 0.454630 0.011979 0.028704
0 0.360677 0.564352 0.014063 0.032407
0 0.422786 0.686111 0.017969 0.021296
0 0.386458 0.621991 0.013542 0.029167
0 0.480339 0.581713 0.013802 0.027315
2 0.311068 0.730556 0.012240 0.041667
0 0.043880 0.610417 0.014323 0.016204
0 0.101562 0.831481 0.009375 0.026852
2 0.160547 0.378009 0.020052 0.024537
0 0.596224 0.625926 0.015885 0.020370
0 0.386849 0.523843 0.011719 0.029167
0 0.440104 0.265972 0.011458 0.029167
0 0.486719 0.073611 0.011458 0.030556
0 0.556250 0.665046 0.010937 0.023611
0 0.624219 0.651620 0.009896 0.020833
0 0.623828 0.715972 0.016927 0.020833
0 0.714714 0.420370 0.013802 0.015741
0 0.790495 0.563889 0.015365 0.012037
0 0.141276 0.284028 0.008073 0.013426
0 0.528516 0.804398 0.013281 0.018981
0 0.528776 0.531944 0.011719 0.029630
0 0.616927 0.646296 0.010417 0.026852
0 0.682813 0.229398 0.010417 0.027315
0 0.640495 0.285417 0.014844 0.018981
0 0.641276 0.430556 0.011198 0.025926
2 0.644531 0.452778 0.014063 0.031481
0 0.650911 0.457639 0.011198 0.026389
0 0.704688 0.474074 0.012500 0.029630
0 0.812630 0.557870 0.015365 0.012037
0 0.260677 0.262500 0.011979 0.012963
0 0.401042 0.674769 0.011979 0.030093
0 0.383594 0.696528 0.011979 0.030093
0 0.392708 0.702546 0.011979 0.030093
0 0.675391 0.222222 0.011198 0.026852
0 0.647656 0.324074 0.014583 0.019444
2 0.612370 0.430324 0.016406 0.018981
0 0.696745 0.465972 0.011719 0.028241
2 0.896745 0.096065 0.017448 0.013426
0 0.924479 0.075000 0.017188 0.013889
2 0.793359 0.341204 0.016927 0.011111
0 0.757943 0.487500 0.013802 0.011111
0 0.757943 0.500926 0.015365 0.012037
0 0.860286 0.553704 0.015365 0.012037
0 0.880078 0.556481 0.015365 0.012037
0 0.937109 0.578935 0.015365 0.012500
0 0.751432 0.593287 0.014323 0.012500
0 0.604688 0.612731 0.008333 0.022685
0 0.504818 0.580093 0.010156 0.024074
0 0.608594 0.638657 0.010417 0.027315
0 0.638672 0.733565 0.016927 0.020833
0 0.656901 0.749769 0.016927 0.020833
0 0.852083 0.940972 0.005729 0.029167
0 0.109375 0.832870 0.007812 0.026852
0 0.222266 0.605556 0.016927 0.015741
0 0.390885 0.414583 0.013021 0.027315
0 0.682943 0.809954 0.006510 0.029167
0 0.508073 0.552778 0.017188 0.020370
0 0.529948 0.556250 0.015625 0.021759
0 0.895312 0.584722 0.012500 0.012037
0 0.906510 0.075231 0.015104 0.010648
0 0.651432 0.251620 0.014844 0.018981
2 0.654818 0.239120 0.017969 0.020833
0 0.658333 0.226852 0.014583 0.017593
0 0.635547 0.299306 0.014844 0.018981
0 0.623958 0.333333 0.011458 0.016667
0 0.620313 0.346759 0.014583 0.019444
0 0.601823 0.404630 0.016146 0.020370
0 0.642708 0.338426 0.014583 0.019444
0 0.130208 0.099306 0.016146 0.014352
0 0.397656 0.346296 0.009375 0.028704
0 0.412109 0.406481 0.012240 0.028704
2 0.643359 0.275231 0.017969 0.020833
0 0.726172 0.372222 0.011719 0.027778
0 0.948177 0.072454 0.015104 0.011574
2 0.941797 0.597917 0.009635 0.015278
0 0.511719 0.584028 0.011979 0.029167
0 0.547266 0.620602 0.010677 0.025463
0 0.535026 0.537037 0.011719 0.029630
0 0.551562 0.552083 0.010417 0.027315
0 0.915104 0.583102 0.015625 0.012500
0 0.148828 0.281250 0.008073 0.013426
3 0.319661 0.751389 0.003906 0.015741
0 0.518750 0.592361 0.011979 0.029167
0 0.526042 0.599306 0.011979 0.029167
0 0.533594 0.606713 0.011979 0.029167
0 0.540104 0.610880 0.011979 0.029167
0 0.533073 0.655093 0.014583 0.017593
0 0.528906 0.669444 0.014583 0.017593
0 0.562109 0.672685 0.011719 0.027778
0 0.569141 0.678704 0.011719 0.027778
0 0.580859 0.653704 0.011719 0.027778
0 0.573568 0.646296 0.011719 0.027778
0 0.567839 0.641204 0.011719 0.027778
0 0.545833 0.574769 0.015625 0.021759
0 0.558073 0.560880 0.010417 0.027315
0 0.564323 0.566435 0.010417 0.027315
0 0.572396 0.572454 0.010417 0.027315
0 0.578125 0.580787 0.010417 0.027315
0 0.585156 0.587731 0.010417 0.027315
0 0.591927 0.594213 0.010417 0.027315
0 0.599740 0.600694 0.010417 0.027315
0 0.629036 0.659722 0.011198 0.026852
0 0.637760 0.667130 0.010937 0.028704
0 0.644792 0.672222 0.010417 0.026852
0 0.733724 0.666435 0.014844 0.014352
0 0.657943 0.463194 0.011198 0.026389
0 0.664844 0.470833 0.011458 0.030556
0 0.676953 0.484259 0.010677 0.028704
0 0.682682 0.491667 0.010677 0.028704
0 0.604948 0.392130 0.016146 0.020370
0 0.620313 0.406944 0.016146 0.020370
0 0.616406 0.418056 0.016146 0.020370
0 0.971354 0.072917 0.015104 0.011574
0 0.963411 0.545833 0.017448 0.011111
0 0.029297 0.743287 0.011719 0.014352
0 0.972656 0.587963 0.008333 0.021296
0 0.980990 0.586111 0.008333 0.021296
2 0.622526 0.395139 0.017969 0.021759
0 0.698698 0.869213 0.009375 0.012500
