0 0.087500 0.305556 0.016146 0.015741
0 0.004427 0.384028 0.008333 0.028241
0 0.009635 0.942824 0.009896 0.028241
0 0.102474 0.846065 0.007552 0.023611
0 0.129688 0.628472 0.017188 0.011574
0 0.098698 0.683102 0.018229 0.014352
0 0.099740 0.670139 0.014583 0.012500
0 0.067969 0.677546 0.009375 0.030093
0 0.232292 0.632639 0.016667 0.012500
0 0.167057 0.652778 0.017448 0.012037
0 0.052214 0.690741 0.014844 0.012037
0 0.097005 0.067361 0.017448 0.017130
0 0.227474 0.225926 0.015885 0.010185
0 0.142578 0.845139 0.017448 0.014352
0 0.285547 0.738426 0.016406 0.012963
0 0.054688 0.672917 0.013021 0.016204
0 0.301432 0.221065 0.012760 0.012500
0 0.042188 0.640046 0.010417 0.028241
0 0.033594 0.643750 0.008854 0.031944
0 0.031120 0.683102 0.008594 0.024537
2 0.336198 0.221065 0.017188 0.015278
0 0.019010 0.638657 0.008854 0.031944
0 0.099740 0.656019 0.011979 0.011111
0 0.242448 0.067593 0.007812 0.029630
0 0.077083 0.614815 0.007812 0.027778
0 0.277734 0.995833 0.009635 0.008333
0 0.155208 0.941898 0.007812 0.015278
0 0.147917 0.952778 0.009896 0.025926
0 0.376953 0.938426 0.009115 0.025926
2 0.015365 0.267824 0.017188 0.018056
0 0.356771 0.221065 0.015625 0.010648
2 0.525391 0.634491 0.017448 0.016204
0 0.362891 0.818056 0.007552 0.023148
0 0.285807 0.222917 0.015365 0.011574
0 0.270052 0.182870 0.006771 0.022222
0 0.159375 0.124537 0.007812 0.022222
0 0.155729 0.161111 0.008333 0.027778
0 0.190234 0.218519 0.015365 0.012963
0 0.206771 0.223611 0.015104 0.011111
2 0.441016 0.357639 0.016927 0.011574
0 0.516927 0.708565 0.007812 0.025463
0 0.532552 0.802083 0.008854 0.030093
0 0.302865 0.032407 0.016667 0.012037
0 0.744531 0.344907 0.017188 0.012037
0 0.238932 0.495370 0.006510 0.030556
2 0.660286 0.533333 0.011198 0.032407
0 0.267448 0.146991 0.008333 0.024537
0 0.302083 0.047685 0.016667 0.012037
0 0.368099 0.055093 0.016927 0.012963
2 0.393359 0.059491 0.017448 0.012500
0 0.587630 0.419907 0.015365 0.012037
0 0.230859 0.357639 0.017448 0.014352
2 0.511328 0.342824 0.016927 0.024537
0 0.627083 0.363426 0.014063 0.011111
0 0.006641 0.909259 0.009115 0.027778
2 0.552604 0.622222 0.018750 0.020370
2 0.495964 0.647685 0.017448 0.015741
0 0.303646 0.017130 0.016146 0.010185
3 0.351042 0.374306 0.007812 0.006944
0 0.017318 0.982870 0.006510 0.024074
0 0.166927 0.639120 0.016146 0.009722
0 0.185286 0.631019 0.016406 0.010185
0 0.189974 0.614583 0.016406 0.011574
0 0.368620 0.855787 0.009115 0.026389
0 0.452083 0.751620 0.008333 0.025463
0 0.460938 0.813889 0.008333 0.027778
2 0.487500 0.867130 0.006771 0.023148
2 0.716536 0.188194 0.014844 0.025463
0 0.701172 0.333796 0.016927 0.012037
1 0.679948 0.378704 0.038021 0.021296
0 0.115365 0.849306 0.009375 0.028241
0 0.455990 0.781944 0.006771 0.023148
0 0.477995 0.907176 0.007031 0.019907
0 0.490755 0.988194 0.008594 0.023611
0 0.508333 0.986806 0.009375 0.026389
0 0.684245 0.600926 0.013281 0.015741
0 0.670443 0.724306 0.010156 0.030093
0 0.672135 0.754398 0.008854 0.027315
0 0.767448 0.949537 0.014583 0.021296
0 0.708594 0.629167 0.015625 0.021296
0 0.745833 0.638889 0.015625 0.021296
0 0.791146 0.688426 0.015625 0.021296
2 0.924089 0.857639 0.017969 0.023611
0 0.554036 0.366898 0.017448 0.012500
0 0.891276 0.329630 0.018490 0.012963
0 0.717057 0.096528 0.013802 0.022685
0 0.713542 0.039815 0.008333 0.027778
0 0.803385 0.181944 0.015625 0.025000
0 0.888542 0.011343 0.013542 0.021759
0 0.629818 0.015046 0.015885 0.024537
0 0.630339 0.034028 0.010677 0.017130
0 0.801172 0.022222 0.007552 0.029630
0 0.225000 0.648380 0.016667 0.012500
0 0.206510 0.646528 0.017188 0.010648
0 0.232292 0.614583 0.016667 0.012500
0 0.655990 0.403704 0.016667 0.012963
0 0.482552 0.827778 0.008333 0.027778
2 0.858984 0.797454 0.018490 0.024537
0 0.686198 0.807407 0.009896 0.023148
0 0.351823 0.717361 0.012500 0.011574
0 0.055990 0.400000 0.017708 0.014815
2 0.110807 0.432407 0.022135 0.017593
0 0.152604 0.343519 0.013021 0.013889
0 0.216146 0.372454 0.015625 0.016204
0 0.272005 0.382176 0.016406 0.012500
0 0.312630 0.366898 0.013281 0.009722
0 0.465234 0.375231 0.016406 0.012500
0 0.842318 0.366204 0.018490 0.012963
0 0.915495 0.366204 0.018490 0.012963
0 0.802995 0.090046 0.007552 0.030093
0 0.716016 0.112269 0.013802 0.022685
0 0.717318 0.151389 0.014323 0.025926
0 0.717057 0.206713 0.016406 0.022685
0 0.889844 0.043750 0.014583 0.021759
0 0.889844 0.063889 0.013021 0.023148
2 0.891276 0.119676 0.012760 0.026389
0 0.891406 0.175926 0.011979 0.019444
0 0.892448 0.193981 0.011979 0.019444
0 0.891016 0.214120 0.012760 0.025463
0 0.924479 0.240509 0.015625 0.013426
0 0.904297 0.242824 0.013281 0.010648
0 0.607943 0.050463 0.007552 0.026852
0 0.504167 0.163657 0.017188 0.013426
0 0.504297 0.181944 0.018490 0.014815
0 0.061849 0.628009 0.015885 0.015278
0 0.128385 0.641898 0.017188 0.011574
0 0.127604 0.657176 0.017188 0.011574
0 0.126172 0.687037 0.019010 0.012963
0 0.213411 0.614583 0.016406 0.011574
0 0.240495 0.532407 0.006510 0.030556
0 0.098958 0.818056 0.009375 0.027778
0 0.140755 0.818750 0.017448 0.014352
0 0.137240 0.800694 0.016146 0.012500
0 0.466927 0.843287 0.008333 0.024537
0 0.471094 0.875231 0.008333 0.024537
0 0.478385 0.798148 0.008333 0.027778
0 0.472396 0.766667 0.008333 0.027778
0 0.577865 0.883333 0.015625 0.014815
0 0.303906 0.005556 0.017188 0.010185
2 0.492578 0.071528 0.017969 0.016204
0 0.500651 0.101157 0.016927 0.013426
0 0.501693 0.115972 0.016927 0.013426
2 0.517318 0.231481 0.005990 0.031481
0 0.517708 0.277315 0.006771 0.019444
0 0.607682 0.081944 0.007552 0.026852
0 0.608724 0.150926 0.007552 0.026852
0 0.608464 0.196759 0.006510 0.028704
0 0.608464 0.124537 0.004948 0.022222
0 0.607422 0.012731 0.008594 0.024537
0 0.629818 0.049769 0.015885 0.024537
0 0.631120 0.121991 0.015885 0.024537
0 0.630078 0.137269 0.015885 0.024537
0 0.631120 0.171065 0.015885 0.024537
0 0.630859 0.209954 0.015885 0.024537
0 0.630729 0.190046 0.014063 0.020833
0 0.630339 0.085185 0.010677 0.017593
0 0.695964 0.184722 0.005469 0.027778
0 0.716016 0.009028 0.014844 0.017130
0 0.717318 0.168981 0.014323 0.025926
0 0.717839 0.229398 0.016406 0.022685
0 0.803906 0.220833 0.015625 0.025000
0 0.890625 0.154167 0.013021 0.025000
0 0.891406 0.097685 0.009896 0.017593
0 0.979427 0.033102 0.013021 0.022685
0 0.227083 0.422685 0.018750 0.016667
0 0.319271 0.415972 0.016146 0.011574
0 0.746094 0.374537 0.017188 0.012037
0 0.064974 0.593287 0.015885 0.015278
0 0.059245 0.641435 0.015885 0.015278
0 0.100651 0.615046 0.015885 0.015278
0 0.106120 0.601157 0.015885 0.015278
0 0.100391 0.641435 0.015885 0.015278
0 0.248047 0.707407 0.008594 0.021296
0 0.802214 0.566204 0.014844 0.017593
2 0.681380 0.894213 0.009115 0.032870
0 0.980208 0.892361 0.015104 0.016204
0 0.015365 0.315741 0.018750 0.017593
0 0.565755 0.582176 0.009115 0.028241
0 0.500651 0.584491 0.009115 0.023611
0 0.740885 0.830324 0.015104 0.020833
0 0.744010 0.852546 0.013021 0.011574
