0 0.115234 0.301157 0.008594 0.029167
0 0.141146 0.328009 0.013021 0.015278
0 0.222656 0.373148 0.015625 0.019444
2 0.200651 0.360417 0.019010 0.025463
0 0.405339 0.441435 0.011198 0.026389
0 0.305469 0.634954 0.017188 0.022685
0 0.322396 0.642824 0.018750 0.022685
0 0.338672 0.663426 0.011719 0.017593
0 0.372526 0.696528 0.016406 0.022685
0 0.445182 0.721296 0.016927 0.023148
2 0.467187 0.725000 0.017188 0.021296
0 0.210807 0.904167 0.016927 0.014815
0 0.275391 0.785417 0.016927 0.013426
0 0.350521 0.760185 0.017188 0.019444
2 0.300391 0.735185 0.019531 0.021296
2 0.185026 0.702778 0.011719 0.032407
0 0.337500 0.601852 0.016667 0.021296
0 0.051042 0.579398 0.013021 0.030093
2 0.109115 0.681713 0.016146 0.018981
2 0.108073 0.622685 0.014583 0.035185
0 0.011589 0.918750 0.010156 0.027315
0 0.665234 0.744907 0.017448 0.025000
0 0.144922 0.837500 0.015885 0.016667
0 0.610286 0.808565 0.018490 0.023611
2 0.534245 0.440278 0.017969 0.034259
2 0.526953 0.498611 0.015885 0.026852
0 0.543880 0.476620 0.013802 0.022685
0 0.558984 0.450231 0.014323 0.023611
0 0.430469 0.629630 0.016146 0.025926
0 0.183984 0.792824 0.011198 0.028241
0 0.031510 0.979398 0.016146 0.016204
0 0.093620 0.607176 0.011198 0.029167
0 0.106380 0.697917 0.012240 0.012500
0 0.138672 0.361111 0.016406 0.014815
0 0.630078 0.288889 0.013802 0.020370
2 0.352734 0.924074 0.020573 0.016667
0 0.497005 0.911806 0.015365 0.017130
2 0.375130 0.412037 0.019531 0.021296
0 0.006641 0.289583 0.012760 0.019907
2 0.561719 0.254630 0.015104 0.026852
0 0.657943 0.339352 0.016406 0.025926
0 0.338281 0.950231 0.016667 0.013426
2 0.553125 0.839120 0.018750 0.019907
0 0.036328 0.438889 0.013802 0.012963
0 0.073438 0.868750 0.017708 0.019907
0 0.698047 0.758333 0.017969 0.028704
0 0.706380 0.420833 0.014844 0.025000
0 0.928776 0.407176 0.020052 0.020833
2 0.692839 0.684491 0.019531 0.031019
2 0.232031 0.238657 0.011979 0.031944
0 0.530729 0.289120 0.015104 0.027315
0 0.641927 0.222685 0.014583 0.027778
2 0.544141 0.426852 0.017969 0.034259
0 0.718099 0.445833 0.014844 0.025000
2 0.482031 0.739815 0.018229 0.022222
0 0.486198 0.759259 0.013542 0.017593
0 0.027474 0.912269 0.010156 0.027315
0 0.048568 0.894676 0.010156 0.027315
0 0.062630 0.888657 0.010156 0.027315
0 0.025000 0.795833 0.011458 0.030556
0 0.039062 0.800926 0.011458 0.030556
0 0.068229 0.823611 0.011458 0.030556
0 0.078125 0.826852 0.011458 0.030556
0 0.004297 0.779861 0.008073 0.024537
0 0.802474 0.418287 0.012760 0.028241
1 0.839974 0.412500 0.034115 0.060185
0 0.436719 0.379398 0.015625 0.020833
0 0.493229 0.336111 0.014583 0.024074
0 0.126172 0.185185 0.014323 0.030556
0 0.186068 0.202315 0.010677 0.031481
0 0.209635 0.164815 0.017708 0.022222
0 0.238411 0.155093 0.012240 0.032407
2 0.294271 0.187731 0.009896 0.032870
0 0.076563 0.659028 0.018229 0.018981
0 0.104036 0.709722 0.013281 0.015741
0 0.099219 0.736574 0.012500 0.015741
0 0.094271 0.762731 0.010417 0.012500
0 0.089453 0.773148 0.013802 0.017593
0 0.579688 0.771065 0.015625 0.025463
2 0.643229 0.654861 0.016146 0.023611
0 0.717057 0.055787 0.013802 0.030093
0 0.192708 0.118056 0.010417 0.030556
0 0.154297 0.819213 0.009635 0.030093
0 0.297656 0.761343 0.014063 0.017130
3 0.554297 0.241435 0.007031 0.018981
2 0.816667 0.390278 0.015625 0.030556
2 0.896875 0.336111 0.016146 0.028704
2 0.839323 0.446759 0.018750 0.031481
0 0.945312 0.243056 0.014063 0.028704
0 0.662500 0.782639 0.016667 0.025463
0 0.241667 0.958565 0.016667 0.013426
0 0.573698 0.759491 0.015625 0.025463
0 0.013151 0.262269 0.010156 0.028241
2 0.088932 0.950694 0.017448 0.019907
0 0.074219 0.671065 0.018229 0.018981
0 0.060937 0.740046 0.018229 0.018981
0 0.022135 0.730324 0.018229 0.018981
0 0.027083 0.703935 0.018229 0.018981
0 0.033594 0.676620 0.018229 0.018981
0 0.041146 0.636806 0.018229 0.018981
0 0.021875 0.625694 0.018229 0.018981
0 0.017188 0.653009 0.018229 0.018981
0 0.011719 0.676620 0.018229 0.018981
0 0.024349 0.477546 0.017969 0.018056
0 0.084505 0.465509 0.017969 0.018056
0 0.085547 0.445602 0.017969 0.018056
0 0.142578 0.477546 0.017969 0.018056
0 0.141536 0.344444 0.016406 0.014815
0 0.157682 0.372685 0.016406 0.014815
0 0.135547 0.189352 0.014323 0.030556
0 0.141406 0.202778 0.011458 0.017593
0 0.201693 0.212037 0.010677 0.031481
0 0.208464 0.219444 0.010677 0.031481
0 0.224609 0.231019 0.010677 0.031481
0 0.263672 0.257870 0.010677 0.031481
0 0.247786 0.249769 0.009115 0.027315
2 0.254948 0.256250 0.011979 0.031944
0 0.134896 0.036574 0.016667 0.023148
0 0.145052 0.043056 0.016667 0.023148
0 0.152344 0.053241 0.016667 0.023148
2 0.181641 0.021296 0.012760 0.022222
0 0.191406 0.025463 0.011458 0.026852
0 0.213281 0.050694 0.012500 0.029167
0 0.237500 0.069676 0.012500 0.029167
0 0.245052 0.075231 0.012500 0.029167
0 0.253646 0.082176 0.012500 0.029167
0 0.273177 0.100694 0.012500 0.029167
0 0.288542 0.108102 0.012500 0.029167
0 0.295833 0.114583 0.012500 0.029167
0 0.309375 0.127546 0.012500 0.029167
0 0.318490 0.130787 0.012500 0.029167
0 0.328385 0.140046 0.012500 0.029167
0 0.345573 0.152315 0.010937 0.022222
2 0.265625 0.094213 0.011979 0.029167
0 0.394141 0.025926 0.012240 0.027778
2 0.401302 0.033333 0.012500 0.030556
0 0.162630 0.824306 0.009635 0.030093
0 0.171484 0.778472 0.009635 0.030093
0 0.159505 0.781250 0.009635 0.030093
0 0.169661 0.740046 0.009635 0.030093
0 0.178516 0.742824 0.009635 0.030093
0 0.177995 0.692824 0.009635 0.030093
0 0.415755 0.837500 0.015885 0.017593
2 0.388411 0.712500 0.017448 0.024074
0 0.426693 0.747917 0.016406 0.022685
0 0.442057 0.764352 0.015365 0.019444
0 0.466797 0.741667 0.016927 0.023148
0 0.504036 0.774537 0.016927 0.023148
0 0.489063 0.786111 0.014583 0.021296
0 0.469271 0.760185 0.013542 0.017593
0 0.458464 0.416204 0.014844 0.025000
0 0.571615 0.208565 0.013542 0.028241
2 0.609375 0.261343 0.015104 0.028241
2 0.622656 0.121296 0.018229 0.042593
2 0.610807 0.030093 0.010156 0.031481
2 0.604036 0.124537 0.013281 0.034259
0 0.635156 0.032639 0.013021 0.029167
0 0.756641 0.642593 0.015885 0.028704
0 0.790234 0.539120 0.014323 0.028241
0 0.771615 0.477546 0.016146 0.025463
0 0.785807 0.453472 0.012760 0.026389
2 0.929427 0.248611 0.017708 0.038889
0 0.971615 0.090972 0.015625 0.030093
0 0.963151 0.075463 0.014323 0.022222
0 0.987109 0.199074 0.016406 0.027778
