0 0.053255 0.108796 0.014323 0.023148
0 0.251823 0.296296 0.007812 0.016667
0 0.242578 0.292593 0.010156 0.022222
0 0.008854 0.491204 0.017188 0.013889
0 0.065365 0.709259 0.015104 0.019444
0 0.170052 0.615972 0.012500 0.012500
0 0.424349 0.725926 0.016406 0.012037
0 0.119141 0.843287 0.016927 0.013426
0 0.211849 0.825926 0.008594 0.029630
0 0.468490 0.687731 0.008333 0.029167
2 0.407943 0.595602 0.006510 0.032870
0 0.067578 0.684954 0.013281 0.026389
0 0.179948 0.212731 0.016667 0.023611
0 0.187891 0.203935 0.012240 0.021759
0 0.005469 0.241898 0.010417 0.022685
2 0.005208 0.165278 0.009896 0.036111
0 0.473177 0.507407 0.011979 0.027778
0 0.164583 0.836111 0.017188 0.011111
0 0.164974 0.819213 0.013802 0.012500
0 0.286328 0.390278 0.007031 0.027778
0 0.314193 0.706019 0.016927 0.013889
0 0.333724 0.701852 0.012760 0.011111
0 0.369531 0.707407 0.016146 0.012963
0 0.388542 0.714583 0.015104 0.012500
0 0.404948 0.679398 0.011458 0.025463
2 0.309766 0.329861 0.019531 0.014352
0 0.576302 0.395833 0.011458 0.020370
0 0.545443 0.359259 0.012240 0.028704
0 0.169922 0.723148 0.011198 0.015741
0 0.197135 0.551157 0.007292 0.011574
0 0.296224 0.482407 0.006510 0.030556
0 0.395182 0.442361 0.007031 0.029167
0 0.420312 0.429861 0.015625 0.028241
0 0.410677 0.391898 0.017188 0.022685
0 0.047135 0.345139 0.018229 0.014352
2 0.070703 0.008333 0.011719 0.015741
0 0.317188 0.049537 0.015104 0.028704
0 0.271615 0.017361 0.013021 0.014352
0 0.283594 0.047222 0.016667 0.012963
0 0.512109 0.047685 0.011198 0.027778
0 0.464714 0.728009 0.015885 0.012500
0 0.197005 0.930787 0.017448 0.013426
0 0.759245 0.794907 0.012240 0.026852
0 0.004557 0.958333 0.008594 0.013889
0 0.021224 0.944444 0.018490 0.013889
0 0.171354 0.599306 0.012500 0.012500
0 0.169271 0.571528 0.012500 0.012500
0 0.168620 0.554861 0.016927 0.013426
0 0.200260 0.583565 0.014063 0.011574
0 0.149740 0.019444 0.007812 0.025000
2 0.346745 0.772685 0.009635 0.045370
2 0.347656 0.813657 0.006771 0.029167
0 0.389714 0.614352 0.007031 0.029630
0 0.589714 0.459491 0.012240 0.030093
0 0.518750 0.297917 0.019271 0.020833
0 0.718229 0.019213 0.013021 0.031019
0 0.754948 0.067593 0.015625 0.018519
0 0.666536 0.390741 0.014323 0.027778
0 0.276953 0.031250 0.012760 0.013426
0 0.356120 0.033333 0.015885 0.027778
0 0.291016 0.133333 0.015885 0.027778
0 0.276042 0.158333 0.013542 0.022222
0 0.361328 0.369907 0.016927 0.017593
0 0.557943 0.191435 0.010156 0.025463
0 0.728385 0.053241 0.013542 0.027778
0 0.771745 0.053009 0.016406 0.022685
2 0.788672 0.035648 0.017969 0.023148
0 0.767578 0.823843 0.010677 0.025463
2 0.771615 0.846991 0.017188 0.034722
0 0.781120 0.878009 0.010677 0.030093
2 0.769401 0.952546 0.013802 0.037500
0 0.779948 0.950000 0.013021 0.033333
0 0.790104 0.946991 0.014063 0.030093
0 0.825781 0.605556 0.008854 0.019444
0 0.807552 0.593981 0.013542 0.026852
0 0.209505 0.146296 0.007552 0.031481
0 0.152604 0.792824 0.009375 0.024537
0 0.143880 0.800000 0.008073 0.018519
0 0.396224 0.554630 0.007031 0.029630
0 0.400391 0.617130 0.007031 0.029630
0 0.401953 0.649537 0.007031 0.029630
0 0.396354 0.584491 0.007292 0.022685
2 0.384245 0.187731 0.012240 0.031944
0 0.388411 0.412269 0.014844 0.018056
0 0.476693 0.685880 0.008073 0.020833
0 0.659635 0.746296 0.012500 0.027778
0 0.669531 0.788194 0.010417 0.029167
0 0.684896 0.846065 0.010417 0.029167
0 0.667188 0.860417 0.010417 0.029167
0 0.674740 0.892361 0.010417 0.029167
0 0.635156 0.752778 0.013542 0.020370
0 0.687630 0.484954 0.015885 0.029167
0 0.703906 0.550231 0.013542 0.024537
0 0.708984 0.578241 0.014844 0.025000
0 0.734635 0.686574 0.014583 0.027778
0 0.738281 0.704167 0.014583 0.027778
0 0.742708 0.717593 0.014583 0.027778
0 0.749870 0.747917 0.012760 0.029167
0 0.751693 0.766667 0.010156 0.024074
0 0.912240 0.336343 0.011458 0.031019
0 0.880599 0.502546 0.010156 0.029167
0 0.085807 0.162963 0.015885 0.023148
0 0.097526 0.162037 0.014323 0.023148
0 0.116276 0.185648 0.014323 0.023148
0 0.096875 0.332176 0.018229 0.014352
0 0.151302 0.328472 0.018229 0.014352
0 0.199609 0.125000 0.007552 0.031481
0 0.191797 0.110185 0.007552 0.031481
0 0.183464 0.086111 0.007552 0.031481
0 0.166797 0.055556 0.007552 0.031481
0 0.173307 0.067593 0.006510 0.024074
0 0.157031 0.034259 0.007812 0.025000
0 0.208464 0.953935 0.017448 0.013426
2 0.686849 0.982870 0.015365 0.033333
0 0.616016 0.690509 0.011198 0.028241
0 0.609766 0.663657 0.011198 0.028241
0 0.600130 0.621991 0.011198 0.028241
0 0.593099 0.591898 0.011198 0.028241
0 0.581250 0.542593 0.011458 0.032407
0 0.574740 0.511574 0.011458 0.032407
0 0.564063 0.464352 0.011458 0.032407
0 0.556380 0.434259 0.009115 0.023148
0 0.554818 0.352315 0.012240 0.028704
0 0.595964 0.481713 0.012240 0.030093
0 0.603776 0.509028 0.012240 0.030093
0 0.609505 0.543287 0.012240 0.030093
0 0.613932 0.560417 0.012240 0.030093
0 0.619922 0.585417 0.012240 0.030093
0 0.624089 0.601157 0.012240 0.030093
0 0.626953 0.619213 0.012240 0.030093
0 0.630859 0.631944 0.013281 0.025926
0 0.633464 0.649074 0.013281 0.025926
0 0.637891 0.663889 0.013281 0.025926
0 0.646484 0.703241 0.013281 0.025926
2 0.642448 0.689583 0.014063 0.029167
0 0.804036 0.910880 0.017969 0.016204
0 0.858464 0.862269 0.008073 0.023611
0 0.829167 0.729861 0.012500 0.025463
0 0.800911 0.557639 0.014323 0.021759
0 0.793490 0.530556 0.011979 0.026852
0 0.781510 0.483796 0.011979 0.026852
0 0.778646 0.465741 0.011979 0.026852
0 0.775130 0.451157 0.013281 0.026389
0 0.767578 0.419213 0.013281 0.026389
0 0.763151 0.402546 0.013281 0.026389
0 0.755859 0.370602 0.013281 0.026389
0 0.745443 0.326620 0.013281 0.026389
0 0.733203 0.277083 0.013281 0.026389
0 0.730078 0.259722 0.010677 0.020370
2 0.736458 0.290972 0.015104 0.031944
0 0.969661 0.643519 0.013802 0.026852
0 0.951562 0.208565 0.015104 0.014352
0 0.940365 0.154167 0.009896 0.026852
0 0.931771 0.184028 0.014063 0.028241
0 0.991536 0.028472 0.012240 0.032870
0 0.953516 0.105324 0.016406 0.041204
2 0.399219 0.139815 0.012500 0.034259
