0 0.127474 0.263194 0.010677 0.035648
2 0.347656 0.301157 0.016146 0.031944
2 0.360026 0.175231 0.023177 0.043981
2 0.344531 0.205324 0.014583 0.026389
0 0.374740 0.112500 0.011458 0.022222
0 0.436458 0.183333 0.008854 0.026852
0 0.445964 0.159259 0.014844 0.027778
0 0.459245 0.134954 0.014323 0.024537
0 0.480339 0.084722 0.016406 0.028704
0 0.468229 0.106713 0.012500 0.022685
0 0.451432 0.119676 0.013281 0.024537
0 0.398568 0.162037 0.011719 0.025926
0 0.330469 0.305093 0.014583 0.026852
0 0.353646 0.343287 0.014583 0.029167
0 0.404557 0.871528 0.008594 0.029167
0 0.391536 0.985648 0.011719 0.028704
0 0.400651 0.446065 0.010677 0.024537
0 0.464714 0.965972 0.018490 0.022685
2 0.521354 0.757639 0.018750 0.019907
2 0.637760 0.760417 0.017708 0.017130
2 0.606380 0.484028 0.018490 0.012500
0 0.657943 0.252778 0.016406 0.018519
0 0.666406 0.124306 0.010417 0.027315
0 0.674349 0.128935 0.010156 0.031019
0 0.547526 0.024074 0.008594 0.031481
0 0.570312 0.089120 0.009375 0.032870
0 0.835938 0.282639 0.012500 0.010648
0 0.828125 0.298148 0.017708 0.013889
2 0.830078 0.311806 0.018490 0.014352
0 0.791927 0.491204 0.014063 0.011111
0 0.773438 0.652546 0.016667 0.023611
0 0.631250 0.795370 0.009375 0.027778
0 0.643620 0.739815 0.017969 0.016667
0 0.852734 0.641898 0.014323 0.029167
0 0.940234 0.558796 0.019531 0.027778
0 0.921745 0.113194 0.009115 0.026389
0 0.934245 0.160185 0.017969 0.019444
0 0.953776 0.169907 0.016406 0.020370
2 0.972917 0.174769 0.018229 0.020833
2 0.190234 0.476852 0.015885 0.033333
0 0.232031 0.698380 0.018750 0.015278
0 0.164453 0.705324 0.021094 0.017130
0 0.197266 0.682639 0.017969 0.020833
0 0.198307 0.432639 0.015365 0.026389
0 0.152734 0.325926 0.017448 0.023148
0 0.029687 0.715278 0.017708 0.021296
0 0.410286 0.433565 0.010156 0.031019
0 0.240365 0.046991 0.014063 0.028241
0 0.230078 0.201157 0.015365 0.024537
0 0.246615 0.202083 0.016667 0.031944
0 0.212500 0.151389 0.017188 0.029630
0 0.191797 0.415741 0.017969 0.025000
0 0.156510 0.348843 0.015104 0.021759
2 0.138672 0.257176 0.010156 0.031944
0 0.143229 0.314352 0.015625 0.026852
0 0.058984 0.535648 0.012760 0.031481
2 0.186068 0.718981 0.020052 0.021296
0 0.376693 0.389120 0.012760 0.028241
0 0.595052 0.547222 0.009375 0.032407
2 0.588021 0.818056 0.011458 0.034259
0 0.952214 0.018287 0.011198 0.028241
0 0.075260 0.064120 0.014583 0.011574
0 0.086458 0.092593 0.013542 0.012037
0 0.091797 0.107870 0.018490 0.013889
0 0.192318 0.144907 0.014844 0.030556
0 0.411068 0.186111 0.010677 0.024074
2 0.385807 0.450694 0.015885 0.031944
2 0.190234 0.550463 0.015885 0.033333
0 0.219010 0.546065 0.013542 0.027315
0 0.051432 0.566898 0.010677 0.018056
0 0.064583 0.567361 0.010417 0.028241
0 0.042708 0.619213 0.010417 0.028241
0 0.090365 0.538426 0.012500 0.030556
0 0.253906 0.834028 0.021354 0.019907
0 0.317708 0.866898 0.021354 0.019907
0 0.295312 0.854167 0.015104 0.015741
0 0.337109 0.876852 0.016927 0.019444
2 0.276432 0.843750 0.015365 0.015278
2 0.224219 0.856019 0.018229 0.024074
0 0.215755 0.812963 0.014323 0.014815
2 0.196354 0.803241 0.020833 0.025926
2 0.150391 0.815741 0.020573 0.020370
0 0.672786 0.596528 0.016927 0.017130
0 0.656510 0.681481 0.013542 0.014815
0 0.696745 0.487731 0.015365 0.013426
0 0.705859 0.459954 0.015365 0.013426
0 0.716927 0.393287 0.016146 0.013426
0 0.739583 0.297917 0.016146 0.013426
0 0.549349 0.676620 0.009635 0.032870
0 0.556380 0.640972 0.010677 0.032870
0 0.576953 0.521296 0.009635 0.026852
0 0.565104 0.481481 0.015104 0.025000
0 0.584766 0.455324 0.010677 0.030093
0 0.608203 0.352546 0.010677 0.030093
0 0.627995 0.270139 0.010677 0.030093
0 0.645312 0.191435 0.008333 0.021759
0 0.787760 0.506019 0.014063 0.011111
0 0.725000 0.746759 0.011458 0.028704
0 0.601432 0.843750 0.009115 0.030093
0 0.611458 0.855556 0.008333 0.033333
0 0.641406 0.831481 0.017708 0.018519
2 0.594401 0.834722 0.011198 0.036111
0 0.159375 0.363194 0.015104 0.021759
0 0.166016 0.378704 0.016406 0.025000
0 0.177344 0.399306 0.017188 0.025463
0 0.204818 0.447917 0.015365 0.026389
0 0.212630 0.459954 0.015365 0.026389
2 0.205859 0.508333 0.011719 0.032407
0 0.011458 0.400000 0.014583 0.025926
0 0.021745 0.491435 0.013802 0.027315
0 0.014193 0.480324 0.013802 0.027315
0 0.007422 0.471991 0.013802 0.027315
0 0.008724 0.515509 0.013802 0.027315
0 0.004167 0.501852 0.007812 0.024074
0 0.099740 0.565741 0.012500 0.030556
0 0.109896 0.597685 0.012500 0.030556
0 0.071094 0.573843 0.010417 0.028241
0 0.032292 0.613889 0.014583 0.030556
0 0.052865 0.626157 0.010417 0.028241
0 0.060677 0.633796 0.010417 0.031481
0 0.077083 0.644444 0.010417 0.031481
0 0.085286 0.649769 0.011719 0.032870
0 0.092578 0.654398 0.011719 0.032870
0 0.102995 0.661343 0.011719 0.032870
0 0.110807 0.670139 0.011719 0.032870
0 0.119922 0.673380 0.011719 0.032870
0 0.230729 0.717361 0.018750 0.015278
0 0.231250 0.736343 0.018750 0.015278
0 0.072396 0.738889 0.018750 0.017593
0 0.091667 0.748611 0.018750 0.017593
0 0.114844 0.759259 0.018750 0.017593
0 0.135677 0.772685 0.018750 0.017593
0 0.152604 0.781019 0.018750 0.017593
0 0.173437 0.791898 0.020833 0.017130
0 0.016016 0.765741 0.018490 0.020370
0 0.228255 0.176157 0.012240 0.021759
0 0.207161 0.169676 0.012240 0.021759
0 0.432943 0.240046 0.013281 0.027315
0 0.460807 0.295602 0.013281 0.027315
0 0.478516 0.267824 0.013281 0.027315
0 0.484766 0.276852 0.007031 0.021296
0 0.637630 0.222685 0.009115 0.033333
0 0.618620 0.303472 0.010677 0.030093
0 0.592318 0.424769 0.010677 0.030093
0 0.602214 0.385185 0.008073 0.024074
0 0.654036 0.277546 0.017448 0.015278
0 0.647526 0.308102 0.017448 0.015278
0 0.639974 0.339120 0.017448 0.015278
0 0.636328 0.356250 0.017448 0.015278
0 0.630339 0.381019 0.016406 0.014815
0 0.626953 0.398148 0.016406 0.014815
0 0.623047 0.415278 0.016406 0.014815
0 0.620443 0.428704 0.016406 0.011111
0 0.616016 0.443519 0.016406 0.011111
0 0.612760 0.460648 0.016667 0.012963
0 0.675521 0.188426 0.014063 0.012963
0 0.604297 0.500463 0.019531 0.012963
0 0.587500 0.588889 0.009375 0.032407
0 0.575260 0.647685 0.009375 0.032407
0 0.493620 0.797685 0.018490 0.014815
0 0.576693 0.738657 0.016406 0.017130
0 0.594271 0.751852 0.014583 0.016667
0 0.670703 0.613194 0.016927 0.017130
0 0.666536 0.629630 0.017448 0.015741
0 0.660547 0.661574 0.017448 0.015741
0 0.649609 0.707407 0.017448 0.015741
0 0.823958 0.350000 0.017708 0.013889
0 0.813021 0.393519 0.017708 0.013889
0 0.807292 0.428241 0.017708 0.013889
0 0.802604 0.444444 0.017708 0.013889
0 0.794531 0.476852 0.017708 0.013889
0 0.778125 0.557407 0.017708 0.013889
0 0.771094 0.586574 0.017708 0.013889
0 0.761328 0.621991 0.015885 0.015278
0 0.784375 0.659954 0.016667 0.023611
0 0.794271 0.665509 0.016667 0.023611
2 0.928906 0.981250 0.009896 0.037500
0 0.175391 0.991435 0.009635 0.017130
2 0.468099 0.613657 0.013281 0.039352
0 0.971875 0.301157 0.006771 0.033796
0 0.928516 0.076852 0.012240 0.030556
