0 0.425260 0.830324 0.009375 0.031944
0 0.402214 0.936806 0.012240 0.032870
0 0.519141 0.751620 0.018490 0.022685
2 0.556901 0.786806 0.016406 0.021759
2 0.695573 0.571528 0.017708 0.017130
2 0.684505 0.290046 0.018490 0.012500
2 0.915495 0.159954 0.018490 0.014352
0 0.862760 0.346296 0.014063 0.011111
0 0.688932 0.604630 0.012760 0.028704
0 0.703516 0.551389 0.017969 0.016667
0 0.845182 0.656481 0.029427 0.000000
0 0.926302 0.131250 0.014583 0.014352
2 0.272786 0.199074 0.015885 0.033333
0 0.157682 0.455093 0.018490 0.021296
0 0.139193 0.441898 0.017969 0.020833
0 0.050260 0.560185 0.011979 0.025926
0 0.489323 0.425694 0.007812 0.032870
0 0.234115 0.031481 0.015625 0.026852
0 0.169401 0.243056 0.012760 0.031481
2 0.210286 0.535185 0.020052 0.021296
0 0.667708 0.352778 0.010937 0.028704
0 0.418880 0.059028 0.013281 0.028241
2 0.565885 0.284259 0.014583 0.040741
2 0.266536 0.273611 0.015885 0.033333
0 0.296354 0.273380 0.013542 0.027315
0 0.222135 0.719907 0.011979 0.026852
0 0.743099 0.414352 0.016927 0.012963
0 0.720833 0.493981 0.014063 0.012963
0 0.773047 0.309954 0.015365 0.013426
0 0.782161 0.283102 0.015365 0.013426
0 0.798698 0.221065 0.016146 0.013426
0 0.826302 0.129398 0.016146 0.013426
0 0.637760 0.540046 0.015625 0.021759
0 0.552604 0.581250 0.015625 0.013426
0 0.615234 0.470602 0.009115 0.027315
0 0.601042 0.240972 0.017708 0.019907
0 0.664714 0.256250 0.010677 0.030093
0 0.657943 0.649306 0.009115 0.030093
0 0.575521 0.950926 0.015104 0.023148
0 0.696745 0.643981 0.015365 0.020370
2 0.651823 0.637731 0.011458 0.034722
2 0.285807 0.234259 0.011719 0.032407
0 0.150260 0.346065 0.013542 0.032870
0 0.118229 0.316435 0.013021 0.028241
0 0.129297 0.267130 0.011719 0.022222
0 0.097917 0.410417 0.018229 0.022685
0 0.108073 0.311111 0.015625 0.029630
0 0.080729 0.457870 0.017708 0.022222
0 0.043620 0.425463 0.017969 0.024074
0 0.410938 0.298843 0.011979 0.023611
0 0.717057 0.078472 0.011719 0.027315
0 0.679818 0.306250 0.018490 0.013426
0 0.749219 0.066204 0.017708 0.015741
2 0.583203 0.544907 0.019010 0.016667
0 0.739062 0.432176 0.016146 0.013426
0 0.734505 0.448611 0.018490 0.012963
0 0.724479 0.476157 0.015625 0.013426
0 0.711328 0.521759 0.017448 0.015741
0 0.907292 0.196759 0.017708 0.013889
0 0.865625 0.331481 0.014583 0.009259
0 0.849219 0.393056 0.017708 0.013889
0 0.839714 0.488657 0.016927 0.022685
0 0.859115 0.507639 0.017188 0.022685
0 0.739714 0.617361 0.011719 0.028241
0 0.918229 0.489583 0.015625 0.031019
0 0.137500 0.236574 0.013021 0.027778
0 0.186328 0.306944 0.012760 0.031481
0 0.176563 0.275231 0.010937 0.028241
0 0.232552 0.424537 0.018229 0.019444
2 0.034766 0.571296 0.012760 0.027778
0 0.100911 0.479630 0.014844 0.025000
0 0.327474 0.747222 0.010677 0.033333
0 0.336198 0.753009 0.009896 0.030093
0 0.318490 0.782639 0.010417 0.032870
2 0.585807 0.802315 0.015885 0.031481
0 0.537630 0.877315 0.013802 0.025000
0 0.741927 0.091667 0.017708 0.013889
0 0.735026 0.119213 0.019010 0.013426
0 0.654948 0.556019 0.012500 0.015741
0 0.663932 0.662731 0.009115 0.030093
0 0.907682 0.142130 0.013281 0.017593
0 0.871615 0.315741 0.017708 0.013889
0 0.841146 0.422222 0.017708 0.013889
0 0.830208 0.457407 0.014063 0.014815
0 0.849219 0.500463 0.016146 0.022222
0 0.811849 0.879630 0.017448 0.011111
0 0.863542 0.877315 0.014583 0.010185
2 0.978906 0.828935 0.009375 0.040278
0 0.007552 0.339352 0.014583 0.023148
0 0.242708 0.040278 0.015625 0.026852
0 0.245573 0.060185 0.015625 0.026852
0 0.247917 0.081019 0.017708 0.023148
0 0.253646 0.094907 0.017708 0.023148
0 0.262760 0.120833 0.017708 0.023148
0 0.276302 0.139815 0.017708 0.023148
0 0.283073 0.159722 0.015625 0.025926
0 0.290365 0.170833 0.015625 0.025926
0 0.296615 0.187037 0.015625 0.025926
0 0.012630 0.072222 0.014844 0.016667
0 0.037370 0.066435 0.015885 0.012500
0 0.095964 0.094444 0.012240 0.027778
0 0.058724 0.100926 0.017448 0.027778
0 0.064974 0.117593 0.017448 0.027778
0 0.083464 0.148148 0.017448 0.027778
0 0.102214 0.185648 0.017448 0.027778
0 0.090495 0.207870 0.017448 0.027778
0 0.082161 0.196296 0.017448 0.027778
0 0.074609 0.186111 0.017448 0.027778
0 0.070182 0.174537 0.017448 0.027778
0 0.064844 0.163194 0.014063 0.027315
0 0.052344 0.140509 0.014063 0.027315
0 0.043229 0.128009 0.014063 0.027315
0 0.060156 0.147917 0.012500 0.021759
0 0.074479 0.123843 0.012500 0.021759
0 0.087760 0.162731 0.012500 0.021759
0 0.096094 0.173380 0.012500 0.021759
0 0.020703 0.100231 0.017969 0.022685
0 0.006510 0.153935 0.012500 0.023611
0 0.014714 0.180787 0.015365 0.024537
0 0.021484 0.192593 0.016406 0.025000
0 0.028776 0.198611 0.016406 0.025000
0 0.034766 0.210185 0.016406 0.025000
0 0.040495 0.224074 0.016406 0.025000
0 0.050651 0.247685 0.016406 0.025000
0 0.046354 0.238194 0.010937 0.021759
0 0.058594 0.258102 0.010937 0.021759
0 0.076042 0.275231 0.015104 0.025463
0 0.066536 0.266898 0.017969 0.030093
0 0.140885 0.265972 0.011458 0.028241
0 0.148177 0.276620 0.011458 0.028241
0 0.126562 0.323380 0.013021 0.028241
0 0.134245 0.332639 0.012240 0.030093
0 0.158073 0.353472 0.013542 0.032870
0 0.165365 0.360417 0.013542 0.032870
0 0.174089 0.368981 0.013281 0.028704
0 0.189844 0.384954 0.013542 0.032870
0 0.181250 0.376852 0.011979 0.028704
2 0.256120 0.441204 0.020052 0.021296
0 0.268750 0.406481 0.018229 0.019444
0 0.300521 0.429630 0.017708 0.016667
0 0.296745 0.448611 0.019531 0.018519
0 0.294922 0.467593 0.016927 0.018519
0 0.176953 0.473611 0.018490 0.021296
0 0.199609 0.487500 0.018490 0.021296
0 0.217057 0.502315 0.018490 0.021296
0 0.237109 0.517130 0.018490 0.021296
0 0.313672 0.571296 0.018490 0.021296
2 0.255729 0.531481 0.018750 0.021296
2 0.334245 0.585648 0.015885 0.017593
2 0.282552 0.588194 0.020313 0.024537
0 0.275521 0.544907 0.013542 0.018519
0 0.352995 0.601389 0.014323 0.014815
0 0.373828 0.617593 0.017969 0.023148
0 0.392839 0.632407 0.017969 0.023148
0 0.284375 0.796065 0.014063 0.018056
0 0.115365 0.926157 0.011979 0.035648
0 0.090495 0.957639 0.012760 0.029167
0 0.076042 0.974306 0.014063 0.021759
2 0.432943 0.053935 0.015885 0.032870
0 0.433724 0.091667 0.012760 0.030556
0 0.452344 0.097454 0.013021 0.028241
0 0.449740 0.128935 0.013021 0.028241
0 0.472656 0.184722 0.010937 0.023148
0 0.524479 0.016667 0.011458 0.027778
0 0.547656 0.075000 0.011458 0.027778
0 0.568880 0.050926 0.014844 0.028704
0 0.574870 0.062731 0.011198 0.024537
0 0.547656 0.928009 0.012500 0.027315
0 0.625781 0.908102 0.010417 0.026389
2 0.521094 0.686343 0.015625 0.031019
0 0.724609 0.149306 0.019010 0.013426
0 0.719401 0.166898 0.019010 0.013426
0 0.711849 0.192361 0.019010 0.013426
0 0.708464 0.208565 0.019010 0.013426
0 0.703776 0.223843 0.019010 0.013426
0 0.700651 0.237269 0.019010 0.013426
0 0.694141 0.251157 0.019010 0.013426
0 0.689974 0.268750 0.019010 0.013426
0 0.657031 0.391204 0.010937 0.028704
0 0.641797 0.449074 0.009635 0.025000
0 0.623307 0.440046 0.011198 0.032870
0 0.650911 0.323148 0.007552 0.027778
0 0.672786 0.230787 0.010677 0.030093
0 0.692057 0.160417 0.010677 0.030093
0 0.706510 0.115046 0.010937 0.030093
0 0.685026 0.188194 0.008073 0.022685
0 0.729818 0.034259 0.011198 0.032407
0 0.737630 0.007639 0.008073 0.014352
0 0.562891 0.552778 0.015885 0.017593
0 0.881510 0.285185 0.017708 0.013889
0 0.885677 0.272222 0.017708 0.013889
0 0.894792 0.238426 0.017708 0.013889
0 0.711719 0.889352 0.014583 0.010185
0 0.673047 0.990278 0.010677 0.019444
