0 0.505078 0.909722 0.010156 0.031481
2 0.577865 0.544907 0.013021 0.033333
2 0.762500 0.445139 0.017708 0.017130
2 0.720443 0.171528 0.018490 0.012500
2 0.919661 0.089583 0.018490 0.014352
0 0.758073 0.481019 0.011979 0.028704
0 0.718750 0.444444 0.013542 0.017593
0 0.933464 0.007407 0.017448 0.013889
2 0.308464 0.209722 0.015885 0.033333
0 0.220182 0.504630 0.018490 0.021296
0 0.200130 0.496528 0.017969 0.020833
0 0.166536 0.543056 0.016406 0.023148
2 0.548438 0.482639 0.007812 0.032870
0 0.211068 0.286574 0.012760 0.031481
0 0.712500 0.239815 0.010937 0.028704
0 0.429948 0.016898 0.014063 0.024537
2 0.609115 0.127315 0.014583 0.040741
2 0.309766 0.285648 0.015885 0.033333
0 0.338802 0.276620 0.013542 0.027315
0 0.311068 0.742824 0.010677 0.030093
0 0.790234 0.291667 0.016927 0.012963
0 0.772917 0.392361 0.017188 0.018981
0 0.791276 0.277083 0.015365 0.013426
0 0.812109 0.163657 0.015365 0.013426
0 0.817708 0.134491 0.016146 0.013426
0 0.828906 0.068287 0.016146 0.013426
0 0.620052 0.502083 0.015625 0.013426
0 0.627604 0.147917 0.017708 0.019907
0 0.636068 0.793981 0.010156 0.020370
2 0.666276 0.694907 0.017448 0.028704
2 0.325911 0.238426 0.011719 0.032407
0 0.173828 0.321296 0.011719 0.022222
0 0.157292 0.475231 0.018229 0.022685
0 0.105859 0.508333 0.017448 0.018519
0 0.061198 0.435185 0.017708 0.019444
0 0.718490 0.189815 0.018750 0.016667
0 0.748437 0.022222 0.017708 0.015741
2 0.647266 0.456944 0.019010 0.016667
0 0.787240 0.310880 0.016146 0.013426
0 0.781120 0.343750 0.017448 0.014352
0 0.778385 0.360880 0.014063 0.016204
0 0.700391 0.432870 0.017448 0.015741
0 0.911198 0.139352 0.017708 0.013889
0 0.889323 0.252315 0.017708 0.013889
0 0.894922 0.315972 0.016927 0.022685
0 0.916146 0.331250 0.017188 0.022685
2 0.723307 0.525231 0.010156 0.033796
0 0.974609 0.294907 0.013802 0.035185
0 0.181120 0.288426 0.010677 0.029630
0 0.233984 0.343519 0.013802 0.027778
0 0.223568 0.313889 0.012240 0.026852
0 0.292448 0.445370 0.018229 0.019444
2 0.111328 0.653472 0.009635 0.031944
0 0.145443 0.527778 0.019531 0.020370
0 0.414714 0.732870 0.010677 0.033333
0 0.422656 0.736806 0.009896 0.030093
0 0.411458 0.772454 0.010417 0.032870
0 0.610417 0.679167 0.019271 0.017593
0 0.882812 0.288657 0.016146 0.016204
0 0.905990 0.325000 0.016146 0.022222
0 0.811979 0.755556 0.018229 0.012037
0 0.911589 0.944907 0.013281 0.023148
0 0.007552 0.339352 0.014583 0.023148
0 0.292708 0.133796 0.017708 0.027778
0 0.308333 0.151389 0.017708 0.023148
0 0.315365 0.168287 0.016667 0.030093
0 0.323437 0.179167 0.015625 0.025926
0 0.330599 0.193056 0.014323 0.030556
0 0.039974 0.167593 0.014844 0.016667
0 0.124609 0.162500 0.014323 0.026852
0 0.064844 0.155324 0.016146 0.021759
0 0.140755 0.252083 0.015885 0.028241
0 0.099479 0.239583 0.014063 0.027315
0 0.093490 0.227083 0.012500 0.021759
0 0.106510 0.196528 0.012500 0.021759
0 0.123438 0.231713 0.012500 0.021759
0 0.132552 0.237269 0.012500 0.021759
0 0.051693 0.191435 0.017969 0.022685
0 0.103906 0.334491 0.012500 0.023611
0 0.041536 0.250231 0.012760 0.029167
0 0.185417 0.318750 0.011458 0.028241
0 0.195052 0.326157 0.011458 0.028241
0 0.246615 0.418750 0.013542 0.032870
2 0.312630 0.454630 0.020052 0.021296
0 0.323177 0.417130 0.018229 0.019444
0 0.357943 0.429398 0.017448 0.012500
0 0.356380 0.447685 0.019531 0.018519
0 0.355599 0.467593 0.016927 0.018519
0 0.241797 0.512500 0.018490 0.021296
0 0.262891 0.520833 0.018490 0.021296
0 0.283464 0.527778 0.018490 0.021296
0 0.303776 0.538426 0.018490 0.021296
0 0.380859 0.566667 0.018490 0.021296
2 0.324479 0.546065 0.017708 0.016204
2 0.404036 0.575463 0.015885 0.017593
2 0.279036 0.561574 0.020052 0.018519
0 0.345052 0.553704 0.013021 0.016667
0 0.425651 0.585648 0.015885 0.016667
0 0.447526 0.593056 0.019010 0.020370
0 0.467187 0.600926 0.017188 0.019444
0 0.379427 0.796296 0.017188 0.012037
2 0.440104 0.006481 0.015104 0.012037
0 0.452083 0.050000 0.015104 0.028704
0 0.466927 0.045833 0.013542 0.024074
0 0.470964 0.080787 0.014844 0.024537
0 0.496354 0.125000 0.010937 0.023148
0 0.644661 0.703935 0.019010 0.018981
0 0.649349 0.843981 0.012240 0.025926
0 0.694792 0.344213 0.007292 0.027315
0 0.670573 0.372917 0.009375 0.025463
0 0.677344 0.336806 0.008333 0.031019
0 0.698438 0.144213 0.009896 0.026389
0 0.625911 0.469444 0.015885 0.017593
0 0.895833 0.222685 0.017708 0.013889
0 0.681510 0.857870 0.016146 0.024074
0 0.281250 0.115278 0.017708 0.027778
0 0.274219 0.104167 0.017708 0.027778
0 0.271094 0.087037 0.017708 0.027778
0 0.265625 0.064815 0.017708 0.024074
0 0.255469 0.055556 0.017708 0.024074
0 0.259375 0.014120 0.016146 0.025463
0 0.235547 0.012500 0.009115 0.024074
0 0.052995 0.273843 0.012760 0.029167
0 0.060547 0.283102 0.012760 0.029167
0 0.069401 0.287731 0.012760 0.029167
0 0.076432 0.298380 0.012760 0.029167
0 0.083984 0.309722 0.013802 0.027778
0 0.092188 0.321528 0.010417 0.020833
0 0.097005 0.327778 0.013802 0.027778
0 0.112891 0.341204 0.013802 0.027778
0 0.123307 0.348148 0.013802 0.027778
0 0.230469 0.410417 0.013542 0.032870
0 0.211458 0.398843 0.013542 0.032870
0 0.203385 0.396065 0.013542 0.032870
0 0.186979 0.385417 0.013542 0.032870
0 0.177474 0.380556 0.012760 0.029630
0 0.167839 0.374537 0.012760 0.029630
0 0.158203 0.370370 0.012760 0.029630
0 0.220573 0.405787 0.011979 0.033796
0 0.237109 0.413889 0.010156 0.028704
0 0.129557 0.280787 0.015885 0.028241
0 0.123047 0.267361 0.015885 0.028241
0 0.113672 0.261343 0.015885 0.028241
0 0.106901 0.250694 0.015885 0.028241
0 0.118620 0.221991 0.015885 0.028241
0 0.096484 0.193750 0.015885 0.028241
0 0.089714 0.181713 0.014323 0.034722
0 0.078255 0.212731 0.012760 0.028241
0 0.086849 0.218287 0.012760 0.028241
0 0.126693 0.637269 0.011198 0.031019
2 0.355859 0.591667 0.019010 0.019444
0 0.224479 0.975694 0.010417 0.031019
0 0.725781 0.149074 0.018750 0.016667
0 0.732161 0.117130 0.016927 0.014815
0 0.728776 0.131944 0.016927 0.014815
0 0.734245 0.100926 0.016927 0.014815
0 0.738151 0.086111 0.016927 0.014815
0 0.745052 0.040278 0.017708 0.015741
0 0.740885 0.066204 0.017708 0.015741
0 0.725521 0.798148 0.012500 0.024074
2 0.780339 0.866898 0.014323 0.031019
2 0.792318 0.896528 0.014323 0.031019
0 0.811198 0.934028 0.015625 0.031019
0 0.824479 0.966898 0.015625 0.031019
0 0.907161 0.712037 0.016927 0.015741
0 0.959505 0.693750 0.015365 0.014352
0 0.767969 0.423380 0.017188 0.018981
0 0.731380 0.533333 0.009635 0.028704
0 0.739062 0.545602 0.006771 0.032870
0 0.768880 0.517130 0.016406 0.018519
0 0.925130 0.052546 0.018490 0.010648
0 0.916927 0.104398 0.017708 0.016204
0 0.904687 0.171528 0.015104 0.012500
0 0.907292 0.153241 0.017708 0.013889
