2 0.578385 0.192593 0.009375 0.030556
0 0.594531 0.206481 0.013021 0.028704
0 0.481120 0.049769 0.015365 0.018056
2 0.664844 0.377083 0.017708 0.029167
2 0.687500 0.402546 0.017188 0.031944
2 0.679948 0.449306 0.010417 0.033796
0 0.704688 0.430093 0.015625 0.024074
0 0.462500 0.442824 0.010937 0.023611
0 0.476693 0.403704 0.014323 0.025926
0 0.579557 0.489815 0.015365 0.024074
0 0.593359 0.513426 0.015365 0.024074
0 0.607812 0.539120 0.015104 0.028241
0 0.544271 0.538657 0.009896 0.024537
0 0.494531 0.514815 0.011458 0.030556
0 0.567448 0.533565 0.008333 0.029167
0 0.675521 0.612500 0.018229 0.012037
0 0.741927 0.608796 0.017708 0.012963
2 0.699349 0.611806 0.018490 0.012500
0 0.203906 0.750463 0.017708 0.020370
0 0.370182 0.689120 0.019010 0.014352
0 0.346224 0.818981 0.008594 0.029630
0 0.446875 0.692824 0.017708 0.014352
0 0.543490 0.697454 0.017708 0.014352
0 0.498698 0.745833 0.017188 0.013889
0 0.561458 0.721296 0.017188 0.013889
2 0.712891 0.697685 0.016927 0.012963
2 0.671875 0.730556 0.019271 0.012963
2 0.795052 0.693519 0.019271 0.012963
0 0.535026 0.863426 0.008073 0.029630
2 0.525391 0.887963 0.010677 0.038889
0 0.723828 0.897454 0.005990 0.030093
0 0.797005 0.921296 0.015365 0.009259
0 0.834245 0.844907 0.008073 0.029630
2 0.749479 0.730093 0.019271 0.012963
0 0.917578 0.533565 0.010677 0.024537
0 0.893620 0.454167 0.011198 0.025926
0 0.247526 0.273380 0.017448 0.018981
0 0.684766 0.351852 0.012240 0.031481
0 0.239063 0.697685 0.017708 0.020370
0 0.261719 0.689583 0.016146 0.014352
0 0.278646 0.686806 0.016146 0.014352
0 0.318490 0.691898 0.016146 0.014352
0 0.345313 0.689120 0.016146 0.014352
0 0.429427 0.975694 0.008333 0.029167
0 0.586198 0.697222 0.017188 0.013889
0 0.733724 0.695833 0.012760 0.011111
0 0.477474 0.581019 0.009115 0.022222
0 0.895964 0.410417 0.016406 0.032870
0 0.600130 0.015509 0.013281 0.019907
0 0.406380 0.522917 0.011719 0.031019
0 0.539323 0.750463 0.017188 0.013889
0 0.561849 0.757639 0.017969 0.017130
0 0.497396 0.586574 0.011979 0.030556
0 0.629167 0.605093 0.008854 0.034259
0 0.503516 0.483796 0.011719 0.030556
0 0.549349 0.504861 0.008594 0.033796
0 0.826693 0.842593 0.005990 0.028704
0 0.827995 0.882639 0.005469 0.027315
0 0.858724 0.693056 0.019010 0.012037
0 0.676172 0.341898 0.011198 0.028241
0 0.667318 0.333565 0.013281 0.031944
0 0.495052 0.071065 0.013542 0.018981
0 0.934375 0.666667 0.010417 0.032407
0 0.924479 0.726389 0.010417 0.032407
0 0.429688 0.943750 0.008333 0.029167
0 0.429427 0.898380 0.008333 0.029167
0 0.425521 0.838657 0.008333 0.029167
0 0.411979 0.948843 0.008333 0.029167
0 0.410677 0.982176 0.008333 0.029167
0 0.608073 0.697685 0.017188 0.013889
0 0.627865 0.697685 0.017188 0.013889
0 0.650260 0.697222 0.017188 0.013889
0 0.670833 0.697222 0.017188 0.013889
0 0.691927 0.696296 0.017188 0.013889
0 0.839193 0.693519 0.019010 0.012037
0 0.817839 0.694444 0.019010 0.012037
0 0.774349 0.694444 0.019010 0.012037
2 0.940495 0.012269 0.009635 0.023611
0 0.831641 0.276389 0.017448 0.027778
0 0.740885 0.589352 0.017708 0.012963
0 0.740104 0.571296 0.017708 0.012963
0 0.704427 0.573611 0.017708 0.012963
0 0.611979 0.604167 0.008854 0.034259
0 0.602344 0.601389 0.008854 0.034259
0 0.593750 0.600000 0.008854 0.034259
0 0.585417 0.600926 0.008854 0.034259
0 0.566406 0.597685 0.008854 0.034259
0 0.557552 0.596296 0.010417 0.031481
0 0.548958 0.594444 0.010417 0.031481
0 0.538021 0.594213 0.010937 0.031019
0 0.619922 0.605556 0.007552 0.029630
0 0.487240 0.583796 0.013542 0.030556
0 0.469792 0.577778 0.013542 0.030556
0 0.461589 0.572222 0.009115 0.022222
0 0.419922 0.542361 0.011719 0.031019
0 0.429297 0.546065 0.011719 0.031019
0 0.437891 0.549306 0.011719 0.031019
0 0.446224 0.553935 0.011719 0.031019
0 0.454036 0.562731 0.011719 0.031019
0 0.558854 0.532639 0.008333 0.029167
0 0.486458 0.508333 0.011458 0.030556
0 0.477604 0.504630 0.011458 0.030556
0 0.469792 0.496759 0.011458 0.030556
0 0.462500 0.490278 0.011458 0.030556
0 0.445833 0.476389 0.011458 0.030556
0 0.436068 0.471296 0.009635 0.029630
0 0.454427 0.478935 0.008854 0.021759
0 0.478776 0.463889 0.011719 0.030556
0 0.452995 0.446296 0.011719 0.030556
0 0.445443 0.436574 0.011719 0.030556
0 0.494271 0.473843 0.010937 0.023611
0 0.485156 0.471528 0.010937 0.023611
0 0.408464 0.463889 0.017448 0.028704
0 0.414974 0.420833 0.017969 0.028704
0 0.392318 0.443287 0.014844 0.021759
0 0.502083 0.083565 0.017708 0.021759
0 0.571615 0.208565 0.010937 0.032870
0 0.658333 0.319907 0.014583 0.027778
0 0.642057 0.312500 0.015885 0.031481
0 0.628776 0.296759 0.015885 0.031481
0 0.618620 0.287500 0.015885 0.031481
0 0.611849 0.272222 0.015885 0.031481
0 0.606641 0.253241 0.013281 0.027778
0 0.595052 0.248148 0.014583 0.031481
0 0.895182 0.032639 0.012760 0.026389
0 0.901042 0.038889 0.008854 0.020370
