2 0.866927 0.205093 0.009375 0.030556
0 0.762109 0.065972 0.015365 0.018056
2 0.975781 0.418056 0.016667 0.031481
2 0.954167 0.391898 0.018229 0.028241
2 0.968750 0.467361 0.010417 0.033796
0 0.993359 0.448148 0.013281 0.024074
0 0.669661 0.461806 0.015365 0.023611
0 0.879557 0.531944 0.015365 0.024074
0 0.895182 0.557407 0.015365 0.024074
0 0.787109 0.503241 0.012240 0.033333
2 0.987370 0.630787 0.018490 0.012500
0 0.483333 0.775463 0.017708 0.020370
0 0.780990 0.766204 0.017188 0.013889
0 0.713672 0.966204 0.008073 0.029630
0 0.818229 0.885185 0.006771 0.026852
2 0.953646 0.751389 0.021875 0.012963
0 0.523828 0.292824 0.017448 0.018981
0 0.518359 0.720833 0.016406 0.015741
0 0.826693 0.715278 0.017448 0.012963
0 0.821354 0.770370 0.017188 0.013889
0 0.839974 0.777546 0.017969 0.017130
0 0.915885 0.625000 0.008854 0.034259
0 0.777344 0.085880 0.013542 0.018981
0 0.713021 0.918287 0.008333 0.029167
0 0.960938 0.632870 0.017708 0.012963
0 0.906250 0.625231 0.008854 0.028241
0 0.691536 0.481944 0.017969 0.028704
0 0.783594 0.098380 0.017708 0.021759
0 0.859896 0.224306 0.010937 0.032870
2 0.262891 0.976852 0.012760 0.036111
0 0.559375 0.709028 0.016146 0.014352
0 0.347135 0.916898 0.011979 0.021759
2 0.329557 0.893519 0.016406 0.024074
0 0.990885 0.591435 0.018229 0.013426
0 0.864193 0.505093 0.015365 0.024074
0 0.894141 0.269907 0.013802 0.029630
0 0.882682 0.264120 0.014323 0.029167
0 0.882031 0.222222 0.013021 0.027778
0 0.898438 0.621296 0.008854 0.034259
0 0.854948 0.555787 0.007812 0.030093
0 0.695703 0.441204 0.017969 0.026852
0 0.758854 0.422685 0.016146 0.025000
0 0.777604 0.532639 0.011979 0.031019
0 0.983333 0.733796 0.017188 0.013889
0 0.868490 0.715278 0.017188 0.013889
0 0.712891 0.990741 0.008073 0.018519
0 0.695703 0.970833 0.007031 0.029630
0 0.901432 0.287500 0.013802 0.029630
0 0.906380 0.302778 0.013802 0.029630
0 0.915625 0.314120 0.015625 0.031944
0 0.929297 0.329398 0.014844 0.031944
0 0.945964 0.337500 0.013802 0.029630
0 0.955339 0.349074 0.013802 0.029630
0 0.964974 0.358333 0.013802 0.029630
0 0.974089 0.368056 0.013802 0.029630
0 0.890104 0.620833 0.008854 0.034259
0 0.879687 0.619444 0.008854 0.034259
0 0.870833 0.619444 0.008854 0.034259
0 0.852865 0.618519 0.008854 0.034259
0 0.844271 0.617593 0.008854 0.034259
0 0.833333 0.614352 0.008854 0.034259
0 0.823047 0.615509 0.011719 0.032870
0 0.844922 0.551389 0.008594 0.028704
0 0.833464 0.559028 0.009115 0.023611
0 0.835938 0.524769 0.010417 0.031944
0 0.770312 0.528935 0.011979 0.031019
0 0.758073 0.523843 0.011979 0.031019
0 0.750260 0.515509 0.011979 0.031019
0 0.744531 0.509491 0.011979 0.031019
0 0.728646 0.493287 0.011979 0.031019
0 0.718490 0.489120 0.011979 0.031019
0 0.725391 0.454167 0.012240 0.032407
0 0.735026 0.463426 0.012240 0.032407
0 0.759766 0.479167 0.012240 0.032407
0 0.744661 0.463426 0.009115 0.023148
0 0.768099 0.490741 0.009115 0.023148
0 0.778776 0.492130 0.009115 0.023148
0 0.737370 0.499537 0.009115 0.023148
0 0.781510 0.606250 0.013542 0.031019
0 0.769792 0.602083 0.013542 0.031019
0 0.751823 0.597454 0.013542 0.031019
0 0.736198 0.584028 0.013542 0.031019
0 0.727344 0.572454 0.013542 0.031019
0 0.719141 0.568750 0.010677 0.031944
0 0.709896 0.565509 0.013542 0.031019
0 0.701172 0.560648 0.010156 0.033333
0 0.687370 0.543519 0.010156 0.033333
0 0.744661 0.592824 0.010156 0.029167
0 0.759896 0.598380 0.010417 0.024537
2 0.808984 0.907870 0.010677 0.038889
0 0.710026 0.859491 0.007552 0.026389
0 0.629427 0.841898 0.008854 0.030093
0 0.401432 0.824074 0.009115 0.029630
0 0.413932 0.897917 0.009115 0.028241
0 0.541536 0.712500 0.016406 0.015741
0 0.598307 0.712269 0.015885 0.013426
0 0.626432 0.710648 0.019010 0.013889
0 0.649609 0.709722 0.019010 0.013889
0 0.728255 0.712963 0.017448 0.012963
0 0.888542 0.716204 0.017188 0.013889
0 0.909115 0.716667 0.017188 0.013889
0 0.931250 0.714815 0.017188 0.013889
0 0.951042 0.715741 0.017188 0.013889
0 0.972656 0.714815 0.017188 0.013889
