0 0.908854 0.256250 0.017708 0.018056
0 0.987500 0.678009 0.016667 0.016204
0 0.948958 0.675231 0.017188 0.012500
0 0.928906 0.675926 0.018750 0.014815
0 0.905599 0.688426 0.016927 0.017593
0 0.868880 0.741204 0.017969 0.020370
0 0.801302 0.864815 0.008333 0.027778
0 0.748568 0.905324 0.014323 0.023611
0 0.688021 0.934491 0.015625 0.020833
2 0.654167 0.945139 0.007812 0.031944
0 0.616536 0.996991 0.016927 0.006019
0 0.697266 0.835417 0.014844 0.026389
2 0.716406 0.860185 0.019792 0.032407
0 0.733724 0.881019 0.014323 0.026852
