2 0.340104 0.378009 0.008854 0.056019
0 0.335156 0.232870 0.014583 0.012037
2 0.276823 0.707639 0.007292 0.028241
0 0.519010 0.441204 0.015104 0.023148
2 0.467708 0.461343 0.005729 0.029167
0 0.425651 0.465278 0.007552 0.025926
2 0.425911 0.545602 0.009115 0.064352
2 0.424609 0.385648 0.009635 0.062963
0 0.635417 0.455787 0.016146 0.011574
0 0.610938 0.462963 0.007812 0.027778
2 0.611198 0.125463 0.008333 0.035185
2 0.594141 0.200694 0.016406 0.015278
0 0.594010 0.216667 0.014583 0.011111
2 0.596484 0.230556 0.022656 0.016667
2 0.016927 0.496528 0.009375 0.028241
2 0.029948 0.494213 0.010937 0.029167
2 0.079297 0.498611 0.008073 0.027778
2 0.155469 0.496528 0.007292 0.025463
0 0.166406 0.495602 0.005729 0.023611
0 0.194271 0.494444 0.007812 0.030556
2 0.203776 0.494676 0.007031 0.030093
0 0.232422 0.496296 0.007031 0.026852
2 0.239844 0.492361 0.006250 0.029167
0 0.249609 0.490046 0.007552 0.026389
2 0.261198 0.489352 0.007292 0.030556
2 0.212760 0.630093 0.018229 0.010185
0 0.255990 0.704630 0.008333 0.022222
0 0.250260 0.844444 0.016667 0.014815
0 0.250000 0.894676 0.016146 0.011574
2 0.252474 0.933796 0.016406 0.012037
2 0.287760 0.974306 0.015104 0.014352
2 0.285807 0.938657 0.017969 0.013426
2 0.303385 0.939120 0.014583 0.013426
2 0.304427 0.913889 0.017188 0.012963
2 0.302995 0.890046 0.017448 0.012500
2 0.302344 0.852778 0.016146 0.013889
0 0.301823 0.827315 0.014583 0.013889
0 0.287760 0.494213 0.006250 0.025463
0 0.294271 0.696991 0.007812 0.024537
2 0.303776 0.705093 0.008073 0.033333
2 0.301953 0.739815 0.016927 0.012963
2 0.300000 0.754861 0.017188 0.011574
2 0.300911 0.770602 0.016927 0.013426
2 0.330208 0.703704 0.007292 0.028704
0 0.340234 0.704398 0.005469 0.024537
2 0.348438 0.693519 0.007292 0.034259
0 0.374870 0.724769 0.007031 0.027315
0 0.373307 0.781481 0.008594 0.029630
2 0.373177 0.820602 0.007292 0.027315
0 0.375521 0.857407 0.006771 0.026852
0 0.375651 0.898380 0.006510 0.027315
0 0.375000 0.934722 0.006771 0.027778
0 0.376042 0.975694 0.007292 0.028241
0 0.413802 0.787269 0.006771 0.027315
0 0.430729 0.668287 0.013542 0.013426
0 0.354948 0.584259 0.014583 0.012037
0 0.354818 0.521991 0.014323 0.013426
2 0.374349 0.538426 0.009115 0.037963
0 0.374740 0.496991 0.005208 0.022685
2 0.375521 0.447917 0.008854 0.057870
2 0.399870 0.597222 0.007031 0.027778
2 0.425651 0.598148 0.006510 0.030556
0 0.099089 0.229861 0.014844 0.012500
0 0.323177 0.155556 0.007292 0.027778
0 0.336198 0.098611 0.006771 0.030556
2 0.371094 0.073148 0.006771 0.033333
2 0.404427 0.046528 0.006771 0.031019
2 0.427865 0.064583 0.008333 0.040278
0 0.431771 0.115278 0.006771 0.027778
2 0.428906 0.158102 0.006250 0.029167
2 0.398828 0.181944 0.016927 0.014815
2 0.423568 0.246528 0.009635 0.056019
2 0.391016 0.310880 0.011198 0.057870
2 0.469922 0.576620 0.009115 0.056019
2 0.465755 0.331250 0.007031 0.030093
2 0.495964 0.220139 0.016927 0.012500
2 0.497786 0.238889 0.015885 0.011111
2 0.497135 0.255093 0.015104 0.012037
2 0.466667 0.246991 0.008333 0.040278
2 0.496615 0.271296 0.014583 0.011111
2 0.498698 0.297454 0.016146 0.013426
2 0.496484 0.324769 0.015885 0.011574
2 0.497396 0.375231 0.016146 0.011574
2 0.495703 0.393750 0.020573 0.015278
0 0.500911 0.490741 0.016927 0.012963
0 0.500781 0.534259 0.016667 0.013889
0 0.496875 0.571528 0.014583 0.012500
2 0.546745 0.584491 0.024219 0.016204
0 0.536849 0.546065 0.015365 0.013426
0 0.556250 0.544676 0.014583 0.010648
0 0.557813 0.559722 0.017188 0.013889
0 0.556771 0.519444 0.014583 0.010185
0 0.539062 0.506481 0.014583 0.012963
0 0.539323 0.480556 0.016146 0.013889
2 0.538542 0.377315 0.016667 0.013889
2 0.535807 0.350463 0.015885 0.012963
2 0.536328 0.303009 0.015885 0.010648
2 0.535417 0.268056 0.015625 0.012963
2 0.535807 0.217824 0.017448 0.012500
0 0.552995 0.202778 0.014323 0.012037
2 0.555078 0.319676 0.015365 0.012500
2 0.555599 0.334722 0.016406 0.011111
2 0.555599 0.349537 0.017969 0.011111
2 0.555990 0.363889 0.018750 0.013889
2 0.593359 0.570370 0.015885 0.012963
2 0.594531 0.544444 0.021875 0.013889
2 0.592057 0.518056 0.020052 0.013889
2 0.594010 0.497685 0.022917 0.013889
2 0.594010 0.473611 0.021875 0.013889
2 0.592839 0.455556 0.016927 0.012037
0 0.592448 0.428472 0.015104 0.013426
2 0.596745 0.374769 0.020573 0.014352
0 0.612760 0.381019 0.006771 0.027778
2 0.612240 0.276157 0.007812 0.028241
0 0.674219 0.547917 0.016667 0.014352
0 0.678516 0.571991 0.013802 0.015278
0 0.488151 0.702546 0.015885 0.012500
0 0.557813 0.673380 0.014063 0.019907
0 0.582682 0.661343 0.014844 0.018056
2 0.622266 0.640741 0.035677 0.030556
0 0.690885 0.606019 0.013542 0.016667
2 0.759505 0.407870 0.017969 0.019444
2 0.771745 0.453009 0.016927 0.017130
2 0.689844 0.124306 0.015104 0.026389
2 0.684245 0.027778 0.020052 0.015741
2 0.944531 0.407176 0.014063 0.031019
2 0.339193 0.876157 0.017969 0.013426
2 0.971094 0.387037 0.013021 0.030556
2 0.930469 0.364120 0.014063 0.011574
2 0.980208 0.381250 0.011979 0.028241
2 0.799479 0.468750 0.007812 0.027315
2 0.791146 0.472917 0.008333 0.028241
0 0.835547 0.565046 0.013281 0.013426
2 0.899479 0.543056 0.014063 0.013889
2 0.915755 0.531944 0.014323 0.013889
2 0.932292 0.548380 0.008333 0.027315
2 0.791927 0.542130 0.020313 0.025000
2 0.737630 0.576620 0.016406 0.018056
2 0.765625 0.558796 0.023438 0.024074
0 0.539453 0.684259 0.013802 0.016667
0 0.515495 0.696065 0.016927 0.018056
0 0.539583 0.569676 0.014583 0.011574
0 0.465104 0.138657 0.007292 0.031944
2 0.820833 0.024074 0.013021 0.025926
0 0.294271 0.251157 0.011979 0.011574
2 0.346224 0.022917 0.017969 0.012500
2 0.337500 0.176157 0.006250 0.027315
2 0.353516 0.168750 0.015885 0.012500
0 0.403125 0.007639 0.006250 0.014352
0 0.429557 0.190278 0.010156 0.021296
0 0.412891 0.350231 0.006510 0.026389
2 0.269141 0.495139 0.006510 0.030093
0 0.078906 0.437963 0.018229 0.009259
2 0.320833 0.504167 0.010417 0.058333
0 0.002604 0.629398 0.004687 0.011574
2 0.356641 0.614352 0.017448 0.012963
2 0.355339 0.628241 0.016406 0.012037
2 0.337630 0.995139 0.016406 0.009722
2 0.337370 0.920139 0.017448 0.013426
0 0.305078 0.996759 0.015885 0.006481
2 0.249479 0.823148 0.018229 0.010185
0 0.250911 0.681019 0.010156 0.025000
0 0.240885 0.683565 0.008333 0.024537
0 0.373568 0.331944 0.007552 0.030556
