2 0.605990 0.215278 0.035417 0.033333
2 0.006510 0.093750 0.009896 0.031944
2 0.056901 0.095370 0.007031 0.025926
2 0.133724 0.091435 0.006510 0.029167
0 0.144792 0.092130 0.006771 0.022222
0 0.172266 0.087963 0.007552 0.028704
2 0.181771 0.088194 0.007292 0.029167
0 0.210677 0.086806 0.007812 0.027315
2 0.219401 0.084028 0.007552 0.027315
0 0.228646 0.082407 0.007812 0.027778
2 0.240234 0.080556 0.007552 0.028704
2 0.267188 0.085185 0.006771 0.025000
2 0.299479 0.092593 0.011458 0.063889
0 0.335026 0.109491 0.015365 0.012500
2 0.354297 0.031944 0.008073 0.055556
0 0.354297 0.082407 0.005990 0.021296
2 0.354687 0.123843 0.009375 0.041204
2 0.406641 0.125463 0.008594 0.066667
0 0.405339 0.048380 0.006510 0.026389
2 0.381510 0.183102 0.007292 0.031019
0 0.407422 0.182639 0.008073 0.032870
0 0.335807 0.171759 0.014844 0.012963
2 0.192839 0.222917 0.018490 0.011574
0 0.237891 0.300463 0.007031 0.021296
2 0.258854 0.299537 0.008333 0.026852
0 0.276432 0.289583 0.008594 0.024537
2 0.285807 0.296759 0.008073 0.037037
2 0.313151 0.293750 0.007552 0.030093
0 0.322526 0.295139 0.005469 0.027315
2 0.331380 0.283102 0.007031 0.036574
2 0.284505 0.331713 0.016406 0.012500
2 0.282422 0.346065 0.019531 0.013426
2 0.284635 0.362037 0.016146 0.010185
2 0.232422 0.417130 0.018490 0.012037
0 0.233984 0.440741 0.016406 0.013889
0 0.285677 0.421528 0.014063 0.014352
2 0.286849 0.447222 0.016927 0.012963
2 0.286979 0.485185 0.016146 0.011111
2 0.323047 0.468056 0.019531 0.011111
2 0.289323 0.508796 0.017708 0.012963
0 0.234766 0.491667 0.015885 0.012963
2 0.237240 0.532870 0.016146 0.012037
2 0.243490 0.658565 0.020313 0.015278
2 0.244141 0.689583 0.021615 0.013426
0 0.246875 0.724306 0.012500 0.024537
2 0.251172 0.770139 0.015885 0.016204
0 0.290885 0.682176 0.014063 0.011574
0 0.290104 0.648148 0.016146 0.012963
0 0.289714 0.621991 0.016406 0.014352
0 0.290365 0.596296 0.013542 0.012963
2 0.273177 0.570833 0.017188 0.014815
2 0.271615 0.534722 0.018229 0.012963
2 0.289193 0.534028 0.014844 0.013426
0 0.038932 0.663194 0.015885 0.018981
2 0.057161 0.655787 0.017448 0.017130
2 0.295182 0.776389 0.023177 0.016667
2 0.343099 0.858102 0.015365 0.028241
0 0.327604 0.892130 0.015104 0.014815
0 0.407682 0.890046 0.014323 0.016204
0 0.362240 0.812963 0.008854 0.023148
2 0.337240 0.201157 0.020313 0.015278
2 0.337500 0.216435 0.015625 0.013426
0 0.358073 0.315278 0.007292 0.029630
0 0.356641 0.374306 0.008073 0.027315
2 0.357812 0.410880 0.007292 0.029167
0 0.359766 0.450000 0.006510 0.027778
0 0.360938 0.492593 0.007812 0.028704
0 0.360807 0.529167 0.006510 0.028704
0 0.371224 0.506019 0.005469 0.025000
0 0.362760 0.572454 0.006771 0.029167
2 0.447526 0.042593 0.005990 0.031481
2 0.451172 0.156481 0.009635 0.062037
0 0.480729 0.069676 0.016146 0.013426
0 0.481641 0.114583 0.015365 0.011574
0 0.479297 0.152083 0.014844 0.013426
0 0.519661 0.032176 0.016406 0.013426
0 0.520703 0.059259 0.016406 0.013889
0 0.520312 0.085185 0.014063 0.013889
0 0.538151 0.097917 0.015365 0.013426
0 0.518880 0.126852 0.016406 0.012037
0 0.537370 0.122917 0.014323 0.011574
0 0.539062 0.139120 0.015625 0.011574
2 0.528385 0.162731 0.027604 0.018981
2 0.574349 0.029861 0.015885 0.014352
2 0.575130 0.048380 0.023698 0.019907
2 0.574219 0.070139 0.025000 0.020833
2 0.573698 0.094676 0.020313 0.018056
2 0.576823 0.118981 0.022917 0.018519
2 0.575911 0.146759 0.017448 0.013889
0 0.592708 0.036574 0.006250 0.027778
0 0.616146 0.028935 0.015104 0.012500
0 0.656901 0.121296 0.016406 0.012037
0 0.662109 0.143519 0.014844 0.017593
0 0.674349 0.180093 0.014844 0.016667
0 0.753776 0.019907 0.019531 0.020370
0 0.820703 0.135880 0.014323 0.015278
2 0.791016 0.636343 0.011719 0.027315
2 0.915234 0.605556 0.015365 0.017593
0 0.946615 0.626852 0.018750 0.016667
2 0.815885 0.672454 0.015104 0.014352
2 0.785156 0.851157 0.012500 0.019907
0 0.799219 0.863426 0.010937 0.016667
0 0.793099 0.954398 0.012760 0.019907
0 0.764453 0.934954 0.009635 0.018056
0 0.699740 0.796296 0.014063 0.013889
0 0.679036 0.790278 0.014844 0.016667
0 0.704167 0.888657 0.015104 0.017130
0 0.664323 0.849769 0.015104 0.013426
0 0.652344 0.870139 0.015625 0.011574
0 0.589453 0.789583 0.014323 0.012500
0 0.571094 0.792361 0.011979 0.013426
0 0.485938 0.835648 0.014583 0.014815
0 0.425911 0.824306 0.009635 0.023611
2 0.431641 0.765972 0.006510 0.033796
2 0.438672 0.804861 0.011198 0.028241
0 0.885026 0.605324 0.011198 0.013426
0 0.868880 0.609491 0.013802 0.014352
2 0.879427 0.619213 0.016146 0.017130
0 0.856120 0.674769 0.008073 0.022685
0 0.811719 0.631019 0.005729 0.021296
0 0.804818 0.634259 0.006510 0.027778
0 0.778646 0.650694 0.007812 0.027315
0 0.699479 0.672222 0.007292 0.022222
0 0.521745 0.815278 0.014844 0.013889
0 0.465625 0.845139 0.016667 0.015278
2 0.297135 0.899074 0.015104 0.019444
2 0.327474 0.768056 0.019531 0.014815
2 0.327604 0.747917 0.020313 0.015278
2 0.327995 0.721759 0.016406 0.015741
0 0.323958 0.630556 0.011458 0.010185
2 0.324089 0.592361 0.016927 0.012500
2 0.323177 0.513889 0.019271 0.012037
0 0.232161 0.275694 0.009635 0.026389
0 0.222656 0.278704 0.009375 0.027778
0 0.025130 0.706713 0.008073 0.025463
0 0.018099 0.716898 0.010677 0.027315
0 0.055859 0.036111 0.017969 0.012963
2 0.248177 0.083796 0.007812 0.028704
0 0.472396 0.284954 0.016146 0.011574
0 0.500260 0.278241 0.014583 0.012963
0 0.523307 0.265278 0.013281 0.013889
0 0.541406 0.253704 0.015104 0.016667
0 0.565625 0.239815 0.015625 0.015741
2 0.777474 0.106481 0.017969 0.027778
0 0.572786 0.004630 0.015885 0.008333
0 0.773177 0.038657 0.009896 0.031944
0 0.781771 0.033796 0.008333 0.033333
2 0.901953 0.097685 0.017969 0.016667
2 0.884505 0.108333 0.014844 0.014815
2 0.917969 0.112037 0.008854 0.032407
2 0.991536 0.054167 0.012760 0.027778
