0 0.125521 0.169676 0.012500 0.022685
0 0.148047 0.133102 0.013281 0.023611
0 0.187891 0.195139 0.014844 0.026389
0 0.266797 0.478704 0.009635 0.025000
2 0.295703 0.425000 0.016406 0.027778
0 0.299219 0.460880 0.012500 0.019907
0 0.316146 0.457407 0.015104 0.015741
0 0.288802 0.864120 0.006771 0.027315
0 0.336068 0.863657 0.008594 0.028241
0 0.334245 0.831019 0.007552 0.021296
2 0.349349 0.586111 0.018490 0.012037
2 0.327214 0.596065 0.014323 0.021759
2 0.341797 0.343519 0.009115 0.037963
2 0.345703 0.262500 0.008594 0.025000
0 0.371615 0.254167 0.013021 0.022222
2 0.391276 0.250000 0.008073 0.037037
2 0.408464 0.249306 0.007552 0.035648
0 0.395573 0.333796 0.005729 0.023148
0 0.415495 0.332639 0.007552 0.025463
0 0.430859 0.332639 0.008594 0.029167
0 0.444401 0.334028 0.007031 0.023611
2 0.459375 0.303935 0.006250 0.031019
2 0.481250 0.239583 0.006250 0.030093
0 0.503646 0.232639 0.006771 0.027315
0 0.532813 0.233333 0.007812 0.027778
2 0.547005 0.232407 0.007031 0.033333
2 0.611979 0.278241 0.016146 0.011111
0 0.618359 0.311111 0.013281 0.012037
2 0.614193 0.329630 0.019010 0.012037
2 0.480339 0.299537 0.005990 0.028704
2 0.481250 0.331481 0.006250 0.029630
2 0.494531 0.331481 0.006250 0.031481
2 0.507943 0.327546 0.006510 0.027315
2 0.529818 0.328472 0.005990 0.030093
0 0.543880 0.325694 0.005990 0.025463
2 0.577214 0.325231 0.005990 0.028241
2 0.586719 0.321065 0.006771 0.025463
2 0.594792 0.326157 0.006771 0.029167
2 0.615885 0.376620 0.017188 0.011574
0 0.615755 0.393287 0.014844 0.008796
2 0.621745 0.409491 0.019531 0.011574
0 0.459505 0.463657 0.015885 0.011574
0 0.482943 0.459491 0.016406 0.011574
0 0.504036 0.460185 0.014844 0.011111
0 0.527604 0.459722 0.015104 0.011111
2 0.548958 0.455324 0.016667 0.011574
0 0.570312 0.453704 0.017188 0.010185
0 0.603646 0.456019 0.016146 0.010185
2 0.659115 0.419444 0.007292 0.029630
2 0.668359 0.420833 0.005990 0.025000
0 0.684375 0.418287 0.006250 0.025463
2 0.729167 0.354398 0.033333 0.015278
2 0.801432 0.387731 0.032552 0.016204
2 0.763021 0.452546 0.030729 0.013426
0 0.734505 0.451389 0.012760 0.009259
2 0.711328 0.452778 0.024219 0.013889
0 0.719661 0.414815 0.006510 0.026852
2 0.731380 0.055093 0.014844 0.012963
0 0.730859 0.074074 0.011198 0.010185
0 0.732812 0.125000 0.014583 0.011111
2 0.732943 0.143519 0.016927 0.012963
0 0.732682 0.195370 0.015365 0.012963
2 0.734375 0.210648 0.017188 0.012037
0 0.736068 0.225926 0.014323 0.012037
2 0.736589 0.248611 0.015885 0.011111
0 0.734115 0.295370 0.015104 0.012037
2 0.975000 0.437731 0.020313 0.013426
2 0.980339 0.540741 0.023177 0.012963
0 0.950391 0.546296 0.016927 0.011111
2 0.927083 0.542824 0.016667 0.010648
2 0.913672 0.488657 0.009635 0.029167
2 0.877474 0.536806 0.033073 0.016204
2 0.798698 0.539815 0.037500 0.016667
0 0.752995 0.543750 0.014844 0.011574
2 0.709766 0.546296 0.036719 0.013889
0 0.677344 0.546528 0.018229 0.012500
2 0.678125 0.500000 0.017188 0.011111
2 0.691667 0.625926 0.034375 0.014815
2 0.755729 0.618750 0.016146 0.011574
0 0.694401 0.672685 0.006510 0.026852
0 0.715625 0.678241 0.006771 0.028704
0 0.740495 0.677315 0.006510 0.027778
2 0.795964 0.667361 0.009115 0.035648
2 0.806250 0.668981 0.007812 0.026852
2 0.835156 0.668056 0.005729 0.025926
2 0.850521 0.669676 0.006771 0.025463
2 0.864974 0.666667 0.007031 0.025926
2 0.875260 0.667593 0.007292 0.026852
2 0.883594 0.669907 0.006771 0.025000
2 0.878125 0.613426 0.025000 0.012963
2 0.831380 0.612731 0.019531 0.010648
2 0.893490 0.663657 0.007812 0.029167
2 0.894922 0.733796 0.008594 0.029630
2 0.903125 0.765509 0.006250 0.025463
2 0.947396 0.868056 0.019792 0.013889
2 0.904948 0.837731 0.009375 0.031944
2 0.862500 0.871065 0.015625 0.013426
2 0.807031 0.842361 0.009375 0.037500
0 0.803776 0.873380 0.015365 0.012500
0 0.761198 0.915741 0.007292 0.027778
0 0.757682 0.872454 0.015365 0.012500
0 0.776432 0.838426 0.006510 0.027778
2 0.761979 0.840278 0.007812 0.028704
2 0.751302 0.843750 0.008854 0.040278
2 0.738021 0.843519 0.009896 0.043519
2 0.726042 0.839352 0.008854 0.035185
2 0.711719 0.846759 0.009896 0.039815
2 0.696484 0.844213 0.007031 0.031019
0 0.676693 0.937500 0.008073 0.028704
2 0.656901 0.898843 0.016927 0.064352
2 0.687500 0.762269 0.008333 0.044907
0 0.701172 0.778935 0.006510 0.029167
0 0.709375 0.776389 0.006250 0.025926
0 0.708203 0.742361 0.007031 0.026389
0 0.723958 0.778009 0.005729 0.025463
0 0.731120 0.745602 0.007031 0.023611
0 0.746224 0.746065 0.008594 0.025463
0 0.760938 0.744907 0.007292 0.027778
0 0.805859 0.743750 0.010156 0.029167
2 0.820443 0.737269 0.008073 0.027315
2 0.846745 0.737731 0.008594 0.030093
2 0.867318 0.733796 0.006510 0.025000
2 0.812370 0.772222 0.007552 0.029630
2 0.822135 0.772685 0.008333 0.029630
0 0.829688 0.772917 0.007812 0.031944
2 0.838281 0.772454 0.006771 0.031019
2 0.840365 0.479167 0.031771 0.016667
0 0.913802 0.381481 0.016146 0.013889
2 0.889453 0.841204 0.009635 0.038889
0 0.321224 0.744213 0.008073 0.026389
0 0.303776 0.643750 0.008073 0.025463
0 0.314063 0.573148 0.013021 0.013889
2 0.272526 0.344444 0.009635 0.025000
2 0.169010 0.127546 0.014583 0.021759
0 0.080729 0.059259 0.014583 0.019444
0 0.057682 0.030787 0.014323 0.020833
0 0.042188 0.010185 0.014063 0.019444
1 0.021224 0.038889 0.034635 0.048148
2 0.347526 0.397454 0.009115 0.034722
2 0.358464 0.398148 0.007552 0.036111
2 0.373307 0.398843 0.007031 0.029167
0 0.425781 0.393981 0.005208 0.021296
2 0.447526 0.392593 0.007031 0.026852
2 0.491536 0.394213 0.006510 0.031019
2 0.517708 0.394907 0.006250 0.031481
0 0.613021 0.241435 0.010937 0.011574
0 0.626042 0.231481 0.016146 0.017593
0 0.625391 0.215278 0.016406 0.017593
2 0.656120 0.161111 0.005469 0.031481
2 0.734896 0.261343 0.015625 0.011574
0 0.827734 0.446296 0.018490 0.012037
0 0.918750 0.343056 0.018750 0.010185
0 0.960547 0.375000 0.018490 0.012037
2 0.989583 0.497222 0.016667 0.012037
0 0.907161 0.543981 0.013281 0.020370
0 0.619401 0.659028 0.005990 0.029167
0 0.623307 0.710648 0.008594 0.026852
0 0.629948 0.749306 0.008333 0.023611
0 0.636328 0.781250 0.009635 0.028241
0 0.643880 0.826389 0.008073 0.024074
0 0.694661 0.746991 0.005990 0.026389
0 0.897656 0.842361 0.005208 0.018981
0 0.709375 0.983333 0.006250 0.028704
0 0.697005 0.990509 0.009635 0.018981
