0 0.099479 0.229398 0.014583 0.011574
2 0.346615 0.024074 0.018750 0.011111
0 0.336589 0.099074 0.007031 0.030556
0 0.322917 0.164815 0.008333 0.028704
0 0.338411 0.175926 0.005990 0.023148
2 0.353906 0.169444 0.016667 0.014815
0 0.340365 0.234954 0.015104 0.011574
2 0.017188 0.496759 0.007812 0.028704
2 0.029297 0.492593 0.007552 0.030556
2 0.078776 0.496759 0.007031 0.025926
2 0.154948 0.495139 0.007812 0.025463
0 0.165755 0.495833 0.005469 0.021296
0 0.193620 0.493750 0.007552 0.029167
2 0.203646 0.494676 0.007292 0.031019
0 0.232422 0.497685 0.005990 0.025926
2 0.240234 0.492361 0.007552 0.029167
0 0.249609 0.490046 0.007031 0.025463
2 0.261068 0.490046 0.007552 0.028241
0 0.287370 0.495139 0.007031 0.026389
2 0.320833 0.505787 0.009896 0.059722
2 0.212370 0.629630 0.017969 0.011111
0 0.255599 0.704167 0.007552 0.021296
2 0.275651 0.707176 0.008073 0.024537
0 0.294531 0.697222 0.007292 0.025926
2 0.302995 0.706019 0.008073 0.034259
2 0.301693 0.740509 0.015365 0.013426
2 0.299609 0.756481 0.017448 0.012037
2 0.301563 0.771528 0.017188 0.010648
0 0.249479 0.844444 0.015625 0.012037
0 0.249740 0.894907 0.015104 0.012037
2 0.251953 0.934259 0.015885 0.012037
2 0.286589 0.975231 0.016406 0.013426
2 0.285547 0.940278 0.016406 0.013889
2 0.303125 0.940278 0.015625 0.013889
2 0.302734 0.915741 0.016406 0.012963
2 0.301693 0.892130 0.015885 0.013889
2 0.302214 0.853704 0.017448 0.012037
0 0.301432 0.827778 0.015365 0.012037
2 0.329557 0.704861 0.007031 0.029167
0 0.339193 0.704398 0.005469 0.023611
2 0.348307 0.694676 0.006510 0.032870
2 0.338281 0.876620 0.018750 0.014352
0 0.375781 0.977546 0.006771 0.029167
0 0.373958 0.937269 0.006250 0.029167
0 0.375130 0.900231 0.007552 0.027315
0 0.374609 0.859259 0.006510 0.026852
2 0.373307 0.822222 0.007031 0.026852
0 0.372396 0.783796 0.006771 0.030556
0 0.373828 0.725463 0.006510 0.028704
0 0.354687 0.585185 0.013542 0.012037
2 0.373828 0.539352 0.008073 0.038889
0 0.374609 0.497685 0.004948 0.023148
0 0.354557 0.523380 0.013802 0.012500
2 0.375260 0.447685 0.007812 0.055556
2 0.391536 0.311806 0.008073 0.054167
2 0.339974 0.379861 0.008594 0.056944
2 0.371354 0.074537 0.007292 0.033333
2 0.404687 0.047222 0.006771 0.031481
2 0.428516 0.065278 0.008073 0.038889
0 0.432031 0.116898 0.006250 0.029167
2 0.429167 0.159259 0.006771 0.028704
2 0.399349 0.183102 0.016406 0.012500
2 0.424089 0.247454 0.008594 0.057870
0 0.413932 0.328009 0.004948 0.027315
2 0.424349 0.386111 0.010156 0.062037
0 0.425521 0.466435 0.006250 0.026389
2 0.425651 0.547454 0.009115 0.060648
2 0.400000 0.599074 0.007812 0.028704
2 0.425391 0.601389 0.008594 0.030556
0 0.429167 0.668519 0.013542 0.011111
2 0.469792 0.578704 0.009375 0.057407
2 0.467708 0.462500 0.006250 0.028704
2 0.466146 0.331944 0.006771 0.031481
2 0.466927 0.248843 0.007812 0.039352
2 0.495964 0.220602 0.015885 0.012500
2 0.497786 0.240741 0.015365 0.012037
2 0.497135 0.256250 0.015104 0.012500
2 0.496875 0.272685 0.014583 0.011111
2 0.498958 0.298611 0.016667 0.012963
2 0.497135 0.325463 0.014063 0.011111
2 0.497526 0.376852 0.016406 0.012037
2 0.495833 0.395139 0.021354 0.015278
0 0.521094 0.445139 0.015104 0.022685
0 0.500521 0.490972 0.015104 0.012500
0 0.500911 0.535648 0.016406 0.012963
0 0.497656 0.572685 0.015104 0.010185
2 0.546094 0.585417 0.028125 0.015278
0 0.536719 0.547917 0.016146 0.012500
0 0.555078 0.546528 0.014844 0.012500
0 0.557422 0.561574 0.015885 0.012037
0 0.556380 0.520833 0.014844 0.011111
0 0.538672 0.508333 0.015365 0.011111
0 0.539453 0.482639 0.014844 0.012500
2 0.592969 0.571991 0.016146 0.011574
2 0.594661 0.545833 0.021094 0.012963
2 0.592448 0.520139 0.019271 0.013426
2 0.593880 0.499306 0.022135 0.013426
2 0.593359 0.475463 0.022135 0.012037
2 0.592708 0.457870 0.016146 0.011111
0 0.611328 0.463426 0.007031 0.026852
0 0.592448 0.430093 0.014063 0.011111
2 0.538802 0.379167 0.016146 0.013889
2 0.555339 0.366435 0.016927 0.010648
2 0.555729 0.351389 0.016667 0.011111
2 0.555339 0.336806 0.015885 0.010648
2 0.555078 0.320139 0.016406 0.011574
2 0.536068 0.352083 0.017448 0.012500
2 0.536589 0.305093 0.016927 0.011111
0 0.533984 0.268056 0.019531 0.022222
2 0.535937 0.219676 0.017188 0.014352
0 0.553906 0.205556 0.014063 0.012037
2 0.611589 0.126620 0.008594 0.038426
2 0.594531 0.203009 0.017188 0.012500
0 0.596484 0.217824 0.013281 0.009722
2 0.595964 0.231713 0.020052 0.015278
2 0.612109 0.277778 0.005990 0.028704
2 0.595703 0.376620 0.021615 0.013426
0 0.612630 0.381944 0.006510 0.027778
0 0.635938 0.457407 0.016146 0.012963
0 0.673307 0.550000 0.017448 0.012963
0 0.678776 0.574537 0.013281 0.015741
0 0.581901 0.663889 0.012760 0.016667
0 0.488411 0.703009 0.015365 0.015278
2 0.622266 0.641667 0.035677 0.030556
2 0.759896 0.409028 0.017188 0.018981
2 0.771615 0.456944 0.018229 0.016667
0 0.690495 0.608102 0.014323 0.015278
2 0.944141 0.410185 0.012240 0.027778
2 0.685417 0.028935 0.019792 0.013426
2 0.689974 0.127083 0.014323 0.026389
2 0.822005 0.027083 0.014323 0.027315
0 0.557031 0.676157 0.015104 0.018056
2 0.970052 0.390972 0.013021 0.030093
2 0.980339 0.384722 0.012240 0.029630
2 0.799349 0.471296 0.007031 0.029630
2 0.791536 0.475000 0.008073 0.028704
0 0.835807 0.568056 0.012760 0.014815
2 0.914844 0.535417 0.016667 0.015278
2 0.898438 0.546296 0.014583 0.012963
2 0.932943 0.550926 0.009115 0.035185
2 0.791797 0.544676 0.023177 0.022685
2 0.766406 0.562037 0.022917 0.026852
2 0.737891 0.579398 0.016927 0.018981
0 0.539193 0.686343 0.014844 0.017130
0 0.515885 0.696528 0.016667 0.017130
0 0.539323 0.572222 0.015104 0.012037
0 0.465365 0.139583 0.006771 0.030093
0 0.293620 0.253009 0.014323 0.012500
2 0.268880 0.495833 0.005990 0.030556
0 0.078646 0.437269 0.017708 0.011574
2 0.356641 0.615278 0.016927 0.012037
2 0.355469 0.629167 0.015625 0.011111
0 0.413932 0.753935 0.006510 0.024537
0 0.250391 0.681713 0.008594 0.024537
0 0.240495 0.685185 0.009115 0.025926
2 0.248698 0.822917 0.019271 0.012500
2 0.336458 0.921065 0.016146 0.013426
2 0.336719 0.995370 0.015104 0.009259
0 0.304297 0.996759 0.013802 0.006481
2 0.932813 0.366435 0.015104 0.014352
0 0.429818 0.189583 0.013281 0.024537
0 0.374219 0.333565 0.008333 0.028241
