2 0.211198 0.151620 0.017708 0.015278
0 0.254167 0.230556 0.007812 0.022222
2 0.274609 0.231481 0.008594 0.025000
0 0.292839 0.223843 0.008594 0.025463
2 0.302344 0.231250 0.008333 0.038426
2 0.321484 0.030093 0.010156 0.059259
0 0.288151 0.018056 0.007552 0.025000
0 0.262500 0.015509 0.009375 0.030093
0 0.250391 0.015509 0.008594 0.030093
0 0.240234 0.013889 0.008594 0.025000
2 0.300130 0.265741 0.016406 0.011111
2 0.298177 0.279398 0.018229 0.010648
2 0.299609 0.296528 0.016927 0.011574
2 0.298438 0.355787 0.015625 0.012500
0 0.246224 0.346065 0.019010 0.011574
0 0.246484 0.372222 0.016406 0.012963
0 0.246484 0.423148 0.014323 0.013889
0 0.247396 0.462963 0.015625 0.011111
2 0.250781 0.591667 0.019271 0.012963
2 0.250521 0.621991 0.021354 0.012500
0 0.252604 0.657639 0.011979 0.024537
0 0.255729 0.702546 0.014583 0.013426
2 0.299609 0.712731 0.023698 0.020833
0 0.297135 0.617824 0.015104 0.012500
0 0.297005 0.581481 0.017448 0.013889
0 0.297526 0.555556 0.017448 0.012037
0 0.299479 0.532176 0.014583 0.012500
2 0.282813 0.503704 0.018229 0.012037
2 0.282552 0.468056 0.016146 0.015741
2 0.298568 0.381713 0.019010 0.012500
2 0.298307 0.418287 0.016406 0.012500
2 0.300391 0.443750 0.017969 0.012500
2 0.299219 0.468056 0.014063 0.011111
0 0.355078 0.109954 0.014844 0.013426
2 0.356380 0.138657 0.017448 0.014352
2 0.355729 0.156713 0.014063 0.012500
0 0.375911 0.024537 0.004427 0.024074
2 0.375000 0.064815 0.009375 0.044444
0 0.400521 0.125231 0.008333 0.031944
2 0.427083 0.072454 0.009375 0.068056
2 0.425391 0.125231 0.007552 0.029167
2 0.470703 0.103472 0.009115 0.058796
0 0.502474 0.021065 0.015365 0.015278
0 0.502083 0.064583 0.016146 0.015278
0 0.498828 0.101852 0.015885 0.011111
0 0.541927 0.012500 0.014583 0.013889
0 0.540885 0.038889 0.015104 0.012963
0 0.558984 0.052546 0.014323 0.013426
0 0.538802 0.079167 0.016146 0.014815
0 0.557422 0.076620 0.014323 0.010648
0 0.559115 0.093056 0.016146 0.012963
2 0.547656 0.115741 0.026042 0.017593
2 0.597656 0.006481 0.021875 0.012037
2 0.597266 0.027083 0.024219 0.018056
2 0.594922 0.049306 0.021094 0.018056
2 0.596745 0.076389 0.021615 0.017593
0 0.596094 0.102778 0.018750 0.013889
2 0.623568 0.174769 0.037760 0.031019
0 0.582812 0.196759 0.014063 0.014815
2 0.558073 0.209259 0.014583 0.018519
0 0.373177 0.256481 0.007812 0.030556
0 0.371094 0.312269 0.007292 0.030093
2 0.370833 0.351389 0.006771 0.026852
0 0.372526 0.390046 0.006510 0.027315
0 0.371745 0.432176 0.007031 0.028241
0 0.371224 0.470370 0.007031 0.029630
0 0.372266 0.511343 0.007031 0.029167
2 0.334375 0.406250 0.021875 0.020833
2 0.347396 0.220833 0.007812 0.037963
2 0.328385 0.230556 0.006771 0.029630
0 0.338802 0.231944 0.007812 0.027778
2 0.332552 0.686574 0.021354 0.015741
0 0.332031 0.708333 0.021875 0.013889
2 0.345052 0.798843 0.014063 0.027315
0 0.346875 0.882407 0.013542 0.014815
0 0.488151 0.786574 0.014844 0.012963
0 0.538281 0.788194 0.017188 0.015278
0 0.549349 0.765972 0.013281 0.024537
0 0.561589 0.794907 0.013802 0.013889
0 0.547917 0.825000 0.016146 0.013889
0 0.574740 0.749074 0.011979 0.012037
0 0.593359 0.747917 0.013802 0.012500
0 0.607031 0.779398 0.015625 0.014352
0 0.652995 0.778704 0.011719 0.011111
0 0.677474 0.776620 0.015365 0.015278
0 0.682031 0.754630 0.014583 0.015741
0 0.703125 0.763426 0.014583 0.012963
0 0.684635 0.818750 0.014063 0.014352
0 0.764714 0.878241 0.016406 0.019444
0 0.801042 0.918056 0.015104 0.019444
0 0.877214 0.948843 0.015365 0.021759
0 0.812109 0.608565 0.007552 0.024537
0 0.785286 0.622454 0.007552 0.029167
2 0.924089 0.588889 0.015885 0.016667
0 0.676042 0.084491 0.018229 0.011574
0 0.681120 0.107407 0.014323 0.015741
0 0.692708 0.143750 0.015104 0.018056
0 0.364974 0.756250 0.008594 0.026389
2 0.436198 0.712731 0.007812 0.031944
2 0.442318 0.752778 0.014844 0.030556
0 0.046354 0.579167 0.014583 0.017593
2 0.065104 0.573843 0.017188 0.016204
0 0.031641 0.622685 0.005990 0.027778
0 0.840495 0.109954 0.013802 0.015278
2 0.924740 0.079167 0.015104 0.013889
2 0.905859 0.088657 0.015365 0.015278
2 0.822786 0.648380 0.017448 0.010648
0 0.893099 0.585417 0.011719 0.014352
2 0.788151 0.824537 0.013281 0.017593
0 0.802083 0.838194 0.011458 0.015278
0 0.873437 0.991667 0.016667 0.016667
0 0.212370 0.992824 0.011719 0.014352
2 0.297786 0.835185 0.012760 0.019444
0 0.467578 0.794676 0.013802 0.012500
0 0.507552 0.779630 0.014063 0.020370
0 0.505990 0.817130 0.014583 0.011111
0 0.735026 0.878241 0.014323 0.016667
0 0.926042 0.993287 0.016667 0.013426
0 0.799479 0.612963 0.010417 0.024074
0 0.818750 0.605787 0.006250 0.020833
0 0.876693 0.589815 0.015365 0.013889
2 0.887630 0.601157 0.015885 0.015278
0 0.954818 0.612037 0.017448 0.012963
2 0.023307 0.631944 0.009115 0.026852
2 0.016276 0.012963 0.007552 0.023148
2 0.028906 0.012037 0.008854 0.023148
2 0.078906 0.013657 0.007812 0.023611
2 0.156510 0.015278 0.008333 0.023148
0 0.166406 0.015741 0.006771 0.020370
2 0.194401 0.014120 0.007552 0.027315
2 0.204036 0.015278 0.007031 0.027778
0 0.232161 0.017130 0.007031 0.025000
0 0.250651 0.013889 0.007552 0.026852
2 0.262630 0.014352 0.006510 0.026852
2 0.269792 0.015046 0.006771 0.025463
0 0.239974 0.207870 0.008594 0.027778
0 0.249349 0.207870 0.009635 0.026852
0 0.487891 0.234722 0.014844 0.009259
2 0.516797 0.229630 0.014323 0.013889
0 0.540104 0.218750 0.013542 0.013426
2 0.797526 0.078704 0.019531 0.023148
2 0.795703 0.013889 0.008073 0.026852
2 0.804297 0.012269 0.007031 0.021759
2 0.770443 0.096065 0.022656 0.018981
0 0.863281 0.655324 0.007812 0.023611
0 0.354818 0.049074 0.015365 0.012037
2 0.333073 0.659722 0.016667 0.013889
0 0.331771 0.568056 0.011979 0.012037
2 0.333464 0.529167 0.016927 0.013889
2 0.334766 0.452315 0.019010 0.012963
0 0.706120 0.640046 0.005990 0.022685
2 0.939193 0.095139 0.009115 0.030093
