2 0.012760 0.619444 0.007812 0.027778
2 0.025000 0.617361 0.009375 0.034722
2 0.073828 0.618056 0.007031 0.027778
2 0.150391 0.618750 0.008594 0.026389
0 0.161719 0.619444 0.007812 0.022222
2 0.198698 0.619907 0.007812 0.033333
0 0.227734 0.620139 0.007031 0.026389
2 0.234766 0.615972 0.005469 0.029167
0 0.244531 0.612500 0.007812 0.025000
2 0.255599 0.613889 0.008594 0.027778
0 0.282161 0.617824 0.007552 0.026389
2 0.314844 0.629167 0.010937 0.057407
2 0.205729 0.752546 0.018229 0.013426
0 0.248958 0.828472 0.007812 0.021759
2 0.269922 0.832639 0.007031 0.028241
0 0.288021 0.822685 0.007292 0.025926
2 0.296745 0.830093 0.008073 0.033333
2 0.294661 0.865278 0.015885 0.014815
2 0.292969 0.880093 0.017708 0.012037
2 0.294271 0.895370 0.015625 0.012963
0 0.242969 0.966204 0.015625 0.012963
0 0.293620 0.950694 0.013281 0.012500
2 0.294401 0.978009 0.015365 0.012500
2 0.323047 0.826620 0.009115 0.030093
0 0.332813 0.831944 0.007812 0.027778
2 0.341927 0.819213 0.007292 0.031019
2 0.045052 0.074306 0.010417 0.031944
2 0.043359 0.111806 0.011719 0.026389
0 0.053906 0.106944 0.007812 0.027778
0 0.063021 0.112731 0.007292 0.025463
0 0.097656 0.090278 0.007812 0.030556
2 0.109375 0.090972 0.012500 0.070833
2 0.119922 0.078472 0.008594 0.029167
2 0.114844 0.050926 0.021875 0.016667
2 0.166406 0.051389 0.029687 0.016667
2 0.228906 0.050231 0.028125 0.018056
2 0.256510 0.043519 0.022396 0.014815
2 0.344010 0.071065 0.023958 0.015278
2 0.348568 0.095602 0.019531 0.015278
0 0.346484 0.125694 0.016406 0.012500
2 0.343229 0.151852 0.019271 0.012963
2 0.367578 0.201389 0.007031 0.032407
0 0.316667 0.316898 0.006771 0.028241
2 0.349740 0.296528 0.013542 0.011574
2 0.334505 0.505556 0.009115 0.059259
0 0.348177 0.648148 0.014583 0.013889
0 0.348438 0.709722 0.014063 0.012963
2 0.350391 0.740972 0.015885 0.015278
0 0.367318 0.851157 0.006510 0.031944
0 0.365104 0.907176 0.007292 0.031944
2 0.365365 0.945833 0.005729 0.025926
0 0.366797 0.981019 0.005469 0.025926
0 0.412630 0.847917 0.012240 0.030093
2 0.419141 0.725000 0.006510 0.032407
2 0.394271 0.723611 0.009375 0.027778
2 0.419010 0.673380 0.008333 0.064352
2 0.367969 0.663889 0.008333 0.037963
0 0.368620 0.622222 0.005990 0.022222
2 0.369661 0.575463 0.007552 0.055556
0 0.419661 0.592824 0.005990 0.025463
2 0.418750 0.514815 0.009896 0.064815
2 0.419401 0.376389 0.009115 0.055556
0 0.378125 0.342593 0.014583 0.016667
2 0.394271 0.309722 0.016667 0.012963
2 0.389062 0.038657 0.009375 0.040278
2 0.399479 0.038889 0.007812 0.031481
2 0.387370 0.082870 0.007552 0.034259
2 0.400911 0.175231 0.006510 0.033796
0 0.419661 0.070139 0.008594 0.026389
2 0.424609 0.194444 0.008073 0.037963
0 0.428125 0.243519 0.006771 0.026852
2 0.425130 0.288194 0.006510 0.028241
0 0.461589 0.266898 0.007031 0.031019
2 0.461719 0.589815 0.006771 0.030556
0 0.471354 0.633565 0.006250 0.023611
2 0.463542 0.705093 0.009896 0.058333
0 0.482031 0.829861 0.014583 0.013426
0 0.508594 0.825694 0.018229 0.018981
0 0.531901 0.813889 0.015365 0.014815
0 0.550000 0.802546 0.015625 0.017130
0 0.574219 0.790509 0.015625 0.016204
2 0.615625 0.772917 0.035937 0.031019
2 0.540495 0.715278 0.025781 0.018519
0 0.490234 0.700000 0.015365 0.012963
0 0.494010 0.662731 0.016667 0.012500
0 0.494531 0.618056 0.016146 0.012963
2 0.489453 0.523843 0.021094 0.015278
2 0.491406 0.505093 0.016146 0.015741
2 0.460417 0.459722 0.006250 0.028704
2 0.461719 0.377083 0.007292 0.041204
2 0.491276 0.350926 0.015885 0.012037
2 0.493490 0.368750 0.015104 0.011574
2 0.492578 0.386806 0.014844 0.012500
2 0.493229 0.401620 0.015104 0.011574
2 0.493229 0.426620 0.016146 0.010648
2 0.491406 0.455093 0.014063 0.012963
2 0.531250 0.348611 0.017188 0.013889
0 0.548958 0.334491 0.014063 0.009722
2 0.529948 0.398843 0.014063 0.011574
2 0.530990 0.433796 0.016667 0.012037
2 0.530208 0.481481 0.017188 0.012037
2 0.533203 0.508102 0.015885 0.012500
2 0.550130 0.450231 0.015885 0.011574
2 0.549609 0.465509 0.015365 0.010648
2 0.549609 0.479861 0.014844 0.009722
2 0.550260 0.494907 0.016146 0.010185
0 0.533333 0.610185 0.015625 0.012037
0 0.533464 0.635880 0.013281 0.012500
0 0.550391 0.650694 0.014844 0.012500
0 0.530208 0.676620 0.015625 0.011574
0 0.549479 0.675926 0.013021 0.012037
0 0.550000 0.691667 0.014063 0.013889
2 0.607031 0.256481 0.007812 0.035185
2 0.589063 0.333796 0.016667 0.012037
0 0.590495 0.349306 0.013281 0.008796
2 0.590104 0.363194 0.019271 0.013426
2 0.607031 0.408333 0.006771 0.029630
2 0.589844 0.506944 0.021875 0.013889
0 0.607031 0.512963 0.006771 0.034259
0 0.586328 0.558565 0.015365 0.014352
2 0.587109 0.586111 0.016927 0.012963
2 0.587891 0.606019 0.022656 0.014815
2 0.587891 0.628935 0.022135 0.014352
2 0.585286 0.650000 0.020052 0.013889
2 0.587630 0.674769 0.020052 0.013426
0 0.586198 0.702083 0.016146 0.012500
0 0.605469 0.592361 0.006250 0.034722
0 0.628125 0.587500 0.020313 0.022222
0 0.668880 0.679398 0.020052 0.013426
0 0.673047 0.707407 0.016406 0.022222
0 0.683984 0.738889 0.013281 0.016667
2 0.754036 0.541204 0.017969 0.017593
2 0.765625 0.587269 0.018229 0.018981
0 0.937109 0.545139 0.016406 0.037500
2 0.680990 0.160880 0.020313 0.013426
2 0.685156 0.257870 0.015104 0.024074
2 0.834245 0.055787 0.012760 0.025463
2 0.817057 0.162963 0.014323 0.032407
0 0.855599 0.107870 0.013802 0.029630
0 0.932813 0.052083 0.007292 0.027315
0 0.911849 0.054167 0.007031 0.031481
0 0.095964 0.352083 0.015365 0.011574
0 0.244922 0.804167 0.009115 0.024074
0 0.235156 0.807870 0.009375 0.024074
2 0.263932 0.619444 0.007031 0.030556
0 0.188411 0.617593 0.008073 0.035185
0 0.202604 0.368750 0.017188 0.011574
0 0.066016 0.032639 0.015885 0.012500
2 0.043490 0.008796 0.025521 0.014815
0 0.316146 0.068519 0.010417 0.026852
0 0.302865 0.007639 0.005729 0.014352
0 0.289323 0.006944 0.009896 0.012963
0 0.332813 0.225231 0.005729 0.031019
0 0.400391 0.090509 0.007552 0.032870
2 0.385807 0.438889 0.008594 0.055556
2 0.348958 0.754398 0.015625 0.009722
0 0.532292 0.698148 0.014583 0.010185
2 0.981641 0.032407 0.020573 0.013889
2 0.979036 0.017824 0.017448 0.015278
2 0.731641 0.710417 0.017969 0.016204
2 0.785677 0.675463 0.021875 0.022222
2 0.784896 0.608565 0.007292 0.026389
2 0.793359 0.603704 0.007552 0.028704
0 0.829557 0.699306 0.013802 0.014352
0 0.926693 0.684954 0.008594 0.034722
2 0.911589 0.666667 0.019531 0.014815
2 0.893099 0.678241 0.015365 0.012963
2 0.965365 0.523843 0.011458 0.031019
2 0.975651 0.520139 0.012240 0.031019
0 0.074740 0.559259 0.017188 0.010185
2 0.697786 0.094444 0.013281 0.020370
0 0.424609 0.320370 0.012240 0.026852
0 0.368359 0.460185 0.008594 0.029630
