1 0.189193 0.392593 0.020052 0.061111
0 0.227344 0.450231 0.008854 0.022685
0 0.256120 0.437269 0.013802 0.021759
0 0.144271 0.128241 0.014583 0.022222
0 0.230078 0.612500 0.008594 0.024074
1 0.290625 0.859954 0.013542 0.068981
0 0.311458 0.863657 0.006250 0.026389
0 0.310026 0.832407 0.007031 0.021296
2 0.323958 0.586806 0.019792 0.012500
2 0.316797 0.343981 0.009635 0.037963
2 0.366406 0.250694 0.008333 0.037500
2 0.383594 0.252546 0.008854 0.035648
2 0.469401 0.334491 0.007031 0.031019
2 0.466146 0.396528 0.006250 0.031944
2 0.492318 0.396991 0.005469 0.031019
2 0.455339 0.302546 0.006510 0.030093
2 0.322526 0.400231 0.009115 0.036574
2 0.334115 0.400000 0.008333 0.034259
2 0.589063 0.331250 0.019792 0.012500
2 0.595703 0.410880 0.019010 0.012500
2 0.685677 0.454861 0.023958 0.013426
2 0.703385 0.356944 0.033854 0.017593
2 0.775651 0.390741 0.032552 0.015741
2 0.736849 0.454167 0.030990 0.014815
2 0.683594 0.548611 0.036979 0.015741
2 0.773177 0.543750 0.036979 0.016204
2 0.851693 0.539120 0.033594 0.018056
2 0.953516 0.543750 0.023177 0.013426
2 0.853125 0.615278 0.026562 0.016667
2 0.666797 0.628241 0.034115 0.014815
2 0.662240 0.763426 0.009896 0.046296
2 0.780599 0.845139 0.008594 0.039352
2 0.631771 0.899306 0.017708 0.066204
2 0.712630 0.844907 0.010156 0.044444
2 0.725391 0.844676 0.009635 0.041204
2 0.686458 0.848148 0.008854 0.039815
2 0.863021 0.843519 0.009896 0.040741
2 0.920833 0.868519 0.021354 0.015741
2 0.700391 0.840972 0.009115 0.037500
2 0.320703 0.264352 0.007552 0.025926
0 0.346745 0.255324 0.013802 0.022685
0 0.370703 0.335648 0.006510 0.023148
0 0.391276 0.334722 0.007552 0.026852
0 0.406120 0.334491 0.008594 0.028241
0 0.419922 0.336806 0.005990 0.024537
2 0.434375 0.305787 0.006771 0.031019
2 0.456510 0.241435 0.007812 0.031019
0 0.478776 0.236806 0.007552 0.027315
0 0.508073 0.236574 0.007812 0.029630
2 0.521354 0.235185 0.006771 0.032407
0 0.587240 0.244907 0.013021 0.012963
2 0.586719 0.281250 0.017708 0.013426
2 0.551562 0.328472 0.006250 0.031019
2 0.560807 0.325231 0.006510 0.028241
2 0.569792 0.327778 0.006771 0.028704
0 0.400521 0.395139 0.005208 0.022685
2 0.422266 0.395602 0.007031 0.031019
2 0.455469 0.333565 0.007292 0.028241
2 0.482812 0.331713 0.007812 0.029167
2 0.504687 0.331481 0.007292 0.030556
0 0.519010 0.328472 0.005729 0.024537
0 0.592839 0.314583 0.014323 0.009722
2 0.630339 0.163889 0.005990 0.031481
0 0.707422 0.197917 0.014323 0.012500
2 0.707812 0.145833 0.017188 0.012963
0 0.707031 0.128472 0.018750 0.015278
0 0.705990 0.077778 0.012500 0.010185
2 0.706120 0.059028 0.014323 0.012500
0 0.710026 0.230324 0.014844 0.012500
2 0.708594 0.213426 0.016146 0.012037
2 0.711068 0.251389 0.014844 0.013889
2 0.708594 0.265278 0.016146 0.012963
0 0.708333 0.298611 0.014583 0.011111
0 0.858854 0.092361 0.009375 0.026389
2 0.642578 0.423843 0.006510 0.026389
0 0.658854 0.420602 0.007292 0.025463
0 0.889974 0.385648 0.013281 0.010185
0 0.934375 0.377315 0.018750 0.012963
2 0.948307 0.440509 0.020052 0.012500
2 0.962891 0.500000 0.017448 0.012037
2 0.887760 0.491204 0.009375 0.028704
2 0.900391 0.544907 0.016406 0.012037
0 0.923307 0.548148 0.016927 0.011111
2 0.976562 0.393287 0.009375 0.031944
0 0.990755 0.400231 0.006510 0.025463
0 0.988542 0.496528 0.016146 0.011574
0 0.804688 0.613889 0.020313 0.013889
0 0.730469 0.618750 0.018750 0.018056
0 0.727344 0.545370 0.015625 0.010185
2 0.652604 0.502083 0.017708 0.012500
0 0.709115 0.454167 0.011458 0.009259
0 0.802995 0.448843 0.017448 0.012500
2 0.813932 0.481019 0.033594 0.016667
2 0.651953 0.548380 0.017969 0.010648
0 0.606771 0.617824 0.006771 0.028241
0 0.434115 0.465741 0.016146 0.012037
0 0.457943 0.462500 0.015885 0.011111
0 0.478255 0.462500 0.014844 0.012037
0 0.502865 0.461343 0.015104 0.011574
2 0.524089 0.458102 0.015365 0.010648
0 0.545964 0.456713 0.015885 0.012500
0 0.578646 0.458565 0.016667 0.013426
2 0.590104 0.378704 0.016146 0.012037
0 0.590885 0.395833 0.015104 0.010185
2 0.634245 0.422222 0.006510 0.026852
0 0.669010 0.674769 0.006771 0.028241
0 0.690104 0.680093 0.007292 0.027778
0 0.714714 0.678704 0.008073 0.029630
2 0.770312 0.669444 0.011458 0.037037
2 0.780208 0.671528 0.006771 0.028241
2 0.808854 0.669676 0.006771 0.027315
2 0.824089 0.672454 0.008594 0.028241
2 0.838411 0.668981 0.007552 0.026852
2 0.847786 0.668750 0.008073 0.028241
2 0.856901 0.669907 0.007552 0.027778
2 0.866927 0.666898 0.008333 0.031019
2 0.868620 0.736806 0.009115 0.030093
0 0.876302 0.766898 0.006771 0.024537
2 0.841667 0.736111 0.006771 0.027778
2 0.821354 0.739352 0.008333 0.028704
2 0.794010 0.738426 0.009375 0.030556
2 0.779036 0.745370 0.008594 0.028704
0 0.734896 0.746528 0.007812 0.027315
0 0.721094 0.746759 0.007812 0.028704
0 0.705599 0.747917 0.007031 0.025463
0 0.682943 0.744676 0.005990 0.025463
0 0.669922 0.749306 0.005469 0.026389
0 0.675521 0.780093 0.007292 0.027778
0 0.684245 0.778009 0.006510 0.026389
0 0.698438 0.778241 0.006250 0.025926
2 0.786328 0.775463 0.008073 0.033333
2 0.794922 0.774769 0.007552 0.030093
2 0.803516 0.774306 0.007031 0.031019
2 0.811849 0.773611 0.008073 0.030556
0 0.751432 0.840972 0.007031 0.026389
0 0.731901 0.873843 0.014844 0.012500
0 0.735547 0.916204 0.006510 0.030556
0 0.777474 0.875000 0.015885 0.011111
2 0.837109 0.872917 0.015885 0.013426
2 0.879036 0.839815 0.009115 0.033333
2 0.735156 0.842130 0.007812 0.031481
0 0.618359 0.827315 0.008073 0.025000
0 0.610807 0.783796 0.010156 0.027778
0 0.293750 0.991667 0.007292 0.016667
0 0.297396 0.744444 0.009896 0.025926
0 0.279557 0.645370 0.008594 0.025000
0 0.291276 0.574074 0.013802 0.014815
2 0.302214 0.597222 0.016927 0.019444
2 0.271745 0.426852 0.016406 0.027778
0 0.251432 0.393519 0.008594 0.023148
2 0.247526 0.345370 0.010677 0.025926
0 0.070443 0.057870 0.013281 0.022222
0 0.057292 0.061111 0.015104 0.022222
0 0.033073 0.030787 0.013542 0.019907
0 0.016667 0.009954 0.015104 0.018981
2 0.348568 0.400694 0.007552 0.031019
0 0.600781 0.234722 0.015104 0.018519
0 0.599609 0.217130 0.015885 0.017593
0 0.693750 0.417361 0.006250 0.026389
0 0.848568 0.306481 0.004427 0.019444
0 0.893229 0.346065 0.018229 0.009722
0 0.594531 0.662269 0.005729 0.029167
0 0.598568 0.711343 0.007031 0.026389
0 0.604688 0.750694 0.009375 0.023611
0 0.912500 0.609491 0.018229 0.012500
2 0.976302 0.987731 0.009896 0.024537
2 0.671094 0.845602 0.007812 0.031019
0 0.684245 0.984954 0.006510 0.027315
0 0.882031 0.546759 0.015104 0.022222
