0 0.169661 0.137500 0.013281 0.027778
0 0.188411 0.145833 0.012760 0.027778
0 0.188281 0.178704 0.011458 0.027778
0 0.234375 0.159722 0.008854 0.027778
0 0.256771 0.201389 0.009375 0.027778
2 0.277995 0.224074 0.014844 0.024074
0 0.233724 0.353704 0.008594 0.023148
0 0.257552 0.411574 0.010937 0.026852
0 0.342318 0.618981 0.008594 0.021296
0 0.344922 0.651157 0.008594 0.024537
0 0.287760 0.959722 0.009896 0.025926
2 0.315104 0.049769 0.008854 0.026389
0 0.340104 0.036806 0.014583 0.021759
2 0.360156 0.027778 0.009375 0.037963
2 0.377214 0.023380 0.009115 0.032870
2 0.317188 0.129398 0.011458 0.041204
2 0.325651 0.184259 0.009635 0.033333
2 0.337500 0.182176 0.008854 0.034722
0 0.370443 0.112037 0.007031 0.024074
0 0.390365 0.106019 0.007812 0.029630
0 0.404687 0.101389 0.006771 0.030556
0 0.418490 0.101157 0.008333 0.026389
2 0.430859 0.066435 0.008073 0.030093
2 0.450781 0.060185 0.009375 0.030556
2 0.452995 0.091898 0.007552 0.026389
2 0.467578 0.087037 0.007552 0.031481
2 0.480599 0.081481 0.006510 0.029630
2 0.501953 0.076852 0.007552 0.028704
0 0.516536 0.071991 0.007031 0.027315
2 0.549740 0.062963 0.006771 0.029630
2 0.557552 0.058333 0.007292 0.030556
2 0.566667 0.060417 0.006250 0.027315
0 0.588932 0.040509 0.013802 0.011574
2 0.702214 0.060648 0.032552 0.025926
2 0.776172 0.077315 0.034115 0.018519
2 0.494401 0.144676 0.007031 0.032870
0 0.441016 0.225926 0.015885 0.012037
0 0.464714 0.217824 0.015365 0.013426
0 0.484896 0.213657 0.015625 0.010648
0 0.509245 0.207870 0.014323 0.012963
2 0.530208 0.198611 0.016667 0.013889
0 0.305339 0.366898 0.012760 0.018056
2 0.339974 0.370833 0.018490 0.013889
2 0.319401 0.387963 0.013802 0.022222
0 0.307943 0.474306 0.009115 0.024537
0 0.354427 0.805556 0.007292 0.025000
0 0.352734 0.846296 0.007552 0.026852
2 0.666276 0.619213 0.020573 0.061574
0 0.711979 0.708333 0.009896 0.026852
0 0.724089 0.696296 0.007031 0.029630
0 0.692969 0.734259 0.010417 0.025926
0 0.701562 0.556250 0.008854 0.028241
2 0.716927 0.555324 0.010417 0.038426
2 0.730859 0.547222 0.010156 0.036111
2 0.743620 0.547917 0.011198 0.043056
2 0.756901 0.544676 0.010677 0.041204
0 0.765365 0.573380 0.014063 0.011574
0 0.781771 0.535185 0.008854 0.026852
2 0.766797 0.540972 0.007031 0.031019
2 0.812109 0.535417 0.009115 0.037500
0 0.771354 0.616667 0.008333 0.026852
2 0.813672 0.827778 0.011719 0.032407
2 0.789714 0.855556 0.011719 0.030556
0 0.854297 0.690972 0.010156 0.037500
2 0.869401 0.550463 0.015885 0.013889
2 0.894531 0.514583 0.010417 0.036574
2 0.910417 0.507870 0.010937 0.029630
2 0.954688 0.527546 0.021875 0.017130
2 0.689063 0.475926 0.010417 0.047222
0 0.702734 0.491898 0.007031 0.029167
0 0.707292 0.451852 0.007292 0.025000
0 0.710938 0.486806 0.006771 0.025463
0 0.725000 0.484491 0.007812 0.027315
0 0.730339 0.450463 0.005990 0.025000
0 0.745443 0.448380 0.008594 0.027315
0 0.760026 0.444444 0.008594 0.029630
2 0.804818 0.432870 0.008594 0.031481
2 0.818750 0.423843 0.009375 0.031944
2 0.845573 0.418287 0.008333 0.031019
2 0.866146 0.411343 0.006771 0.029167
2 0.893750 0.405556 0.009896 0.031481
0 0.904036 0.435648 0.007031 0.026852
2 0.887370 0.334954 0.009115 0.030093
2 0.877604 0.342361 0.007292 0.025463
2 0.867969 0.341204 0.007812 0.026852
2 0.858854 0.342361 0.008333 0.025463
2 0.844531 0.350000 0.007292 0.028704
2 0.829036 0.350231 0.008073 0.027315
2 0.800521 0.358796 0.007812 0.027778
1 0.790104 0.357870 0.010417 0.040741
0 0.734635 0.380324 0.007812 0.029167
0 0.710547 0.386574 0.008594 0.027778
0 0.689193 0.385648 0.007552 0.029630
2 0.682943 0.338194 0.033073 0.022685
2 0.746875 0.317824 0.016667 0.013426
2 0.821745 0.295139 0.016927 0.013426
2 0.868359 0.285185 0.025781 0.018519
2 0.863802 0.209028 0.031250 0.021759
2 0.784635 0.230324 0.036979 0.024537
0 0.738802 0.243287 0.014583 0.012500
2 0.694531 0.253241 0.037500 0.023148
2 0.663672 0.261806 0.017448 0.013426
2 0.661068 0.215741 0.017448 0.015741
2 0.691667 0.160880 0.023438 0.019907
0 0.696875 0.123148 0.005729 0.029630
2 0.742969 0.150694 0.031250 0.018056
0 0.713932 0.156481 0.012760 0.012037
2 0.590755 0.104630 0.016406 0.014815
0 0.591797 0.121991 0.014844 0.010648
2 0.599089 0.136111 0.019531 0.015741
2 0.822266 0.159028 0.030990 0.022685
2 0.896484 0.155324 0.010156 0.030093
2 0.966276 0.192593 0.024219 0.019444
2 0.972396 0.146759 0.016667 0.014815
2 0.953906 0.088889 0.020313 0.017593
0 0.661979 0.132870 0.006771 0.025926
2 0.646354 0.136574 0.008333 0.031481
0 0.967187 0.665972 0.017188 0.029167
2 0.585807 0.057870 0.020573 0.018519
0 0.442708 0.965278 0.014063 0.015741
0 0.449479 0.990046 0.013542 0.017130
0 0.422005 0.829630 0.012760 0.011111
0 0.332552 0.993981 0.007812 0.012037
0 0.324219 0.534722 0.007812 0.023148
0 0.299740 0.440278 0.008333 0.025000
0 0.123698 0.029167 0.015104 0.021296
0 0.305859 0.253704 0.013281 0.012963
2 0.424349 0.159954 0.008073 0.029167
0 0.402995 0.163889 0.005469 0.019444
0 0.448958 0.006713 0.006250 0.011574
2 0.467708 0.149769 0.006771 0.031019
2 0.580469 0.010185 0.017188 0.012037
0 0.584375 0.188889 0.017188 0.012037
0 0.552344 0.193056 0.016146 0.012037
0 0.406901 0.258796 0.014844 0.010185
2 0.636849 0.141204 0.005990 0.026852
2 0.913281 0.205556 0.016146 0.012037
0 0.936198 0.204398 0.015625 0.012500
0 0.892839 0.007639 0.015885 0.012500
0 0.935156 0.029630 0.019792 0.014815
0 0.893229 0.043056 0.014063 0.011111
0 0.702995 0.003935 0.014844 0.006944
2 0.978776 0.037963 0.008594 0.031481
0 0.993359 0.040509 0.007031 0.027315
0 0.929297 0.268519 0.019010 0.014815
0 0.629427 0.476157 0.009896 0.022685
0 0.638802 0.507870 0.010937 0.025926
0 0.648568 0.549306 0.009635 0.024537
2 0.838932 0.454398 0.009115 0.028241
2 0.830599 0.456250 0.009115 0.028241
2 0.821354 0.458102 0.008854 0.029167
2 0.813281 0.459954 0.008854 0.029167
0 0.811198 0.565278 0.016146 0.012037
0 0.902344 0.511574 0.007292 0.023148
2 0.743229 0.905787 0.015625 0.032870
2 0.783594 0.907407 0.017188 0.017593
2 0.780208 0.893056 0.017188 0.016667
0 0.731510 0.984722 0.009375 0.024074
2 0.249089 0.148843 0.011198 0.027315
0 0.808073 0.131250 0.017708 0.014352
2 0.351432 0.181019 0.008594 0.030556
