0 0.094141 0.130093 0.015885 0.012037
0 0.073177 0.338657 0.018750 0.012500
2 0.010156 0.397685 0.009375 0.030556
2 0.022526 0.393287 0.008073 0.031019
2 0.071745 0.398380 0.009115 0.030093
2 0.147786 0.396991 0.008594 0.026389
0 0.159115 0.396759 0.007292 0.021296
2 0.196615 0.396759 0.007812 0.031481
0 0.224609 0.398380 0.007552 0.028241
2 0.233464 0.395139 0.008073 0.030093
0 0.242708 0.393750 0.006250 0.027315
2 0.254557 0.393056 0.007552 0.029630
0 0.280859 0.398148 0.008073 0.023148
2 0.204036 0.531481 0.017969 0.011111
2 0.313281 0.409954 0.009375 0.056944
2 0.332813 0.282870 0.009375 0.055556
0 0.346484 0.427315 0.015885 0.013889
0 0.346875 0.489583 0.015104 0.011574
2 0.348698 0.519444 0.017188 0.012037
2 0.348177 0.534722 0.016667 0.011111
0 0.247526 0.609028 0.008073 0.020833
2 0.267708 0.611343 0.007812 0.027315
0 0.286198 0.601620 0.007812 0.025463
2 0.295443 0.609954 0.007552 0.034722
2 0.293750 0.644444 0.017188 0.013889
2 0.290625 0.659722 0.018750 0.011111
2 0.293490 0.675694 0.015104 0.012500
2 0.240104 0.726389 0.018750 0.012963
0 0.241016 0.748148 0.016406 0.012963
0 0.240495 0.798843 0.015365 0.013426
2 0.243099 0.838426 0.016406 0.013889
2 0.246875 0.965972 0.021875 0.020833
0 0.292708 0.990509 0.013542 0.011574
0 0.292839 0.956944 0.015885 0.012963
0 0.292708 0.929167 0.016667 0.013889
0 0.294141 0.906481 0.014323 0.012037
2 0.277734 0.880787 0.016406 0.017130
2 0.276432 0.844444 0.017448 0.014815
2 0.294141 0.843750 0.015885 0.013426
2 0.293620 0.820370 0.016406 0.012963
2 0.293099 0.795602 0.016927 0.012500
2 0.293750 0.758333 0.017188 0.012963
0 0.292318 0.731944 0.015365 0.013889
2 0.321484 0.609722 0.008073 0.029630
0 0.332031 0.610417 0.006250 0.023611
2 0.340104 0.599769 0.007292 0.032870
0 0.366276 0.631250 0.007031 0.026389
0 0.363672 0.688426 0.008594 0.029630
2 0.363672 0.727083 0.008073 0.028241
0 0.366016 0.763657 0.006510 0.026389
0 0.365495 0.806019 0.006510 0.027778
0 0.365104 0.841435 0.006771 0.028241
0 0.366016 0.883333 0.006510 0.028704
0 0.404948 0.848380 0.005729 0.029167
2 0.368359 0.353009 0.008594 0.056019
2 0.367057 0.443981 0.009115 0.038889
0 0.366667 0.402083 0.005208 0.022685
2 0.383854 0.215972 0.010937 0.055093
2 0.391927 0.503472 0.008854 0.031019
2 0.417969 0.451157 0.008854 0.063426
0 0.417578 0.504861 0.007031 0.029167
0 0.418099 0.372917 0.006510 0.027315
2 0.416927 0.291667 0.007812 0.064815
2 0.418099 0.152315 0.010677 0.054630
2 0.348568 0.072454 0.014844 0.012500
2 0.392839 0.087500 0.016406 0.013889
2 0.422656 0.064352 0.005729 0.029630
2 0.459896 0.153935 0.007292 0.041204
2 0.458984 0.238426 0.005990 0.032407
0 0.468099 0.300231 0.005990 0.028241
2 0.460156 0.368981 0.005729 0.030556
2 0.461719 0.483333 0.009375 0.056481
0 0.459505 0.048380 0.006510 0.031944
2 0.490234 0.127315 0.015885 0.013889
2 0.491406 0.143750 0.018750 0.012500
2 0.490885 0.162731 0.015104 0.013426
2 0.490495 0.178241 0.015365 0.012963
2 0.491406 0.204167 0.016667 0.012963
2 0.490885 0.232407 0.016146 0.013889
2 0.490104 0.281713 0.016667 0.012500
2 0.488672 0.301157 0.021615 0.018056
0 0.492969 0.398148 0.016667 0.012963
0 0.492969 0.441204 0.015104 0.012963
0 0.489453 0.478472 0.016406 0.011574
2 0.538672 0.493981 0.024740 0.014815
0 0.530990 0.478472 0.016667 0.011574
0 0.528906 0.454398 0.017188 0.012500
0 0.549089 0.468981 0.015885 0.012963
0 0.548307 0.454167 0.014323 0.012963
0 0.531641 0.414815 0.014844 0.013889
0 0.549609 0.427083 0.014844 0.012500
0 0.531510 0.388426 0.016146 0.012963
0 0.531901 0.284722 0.016406 0.012963
2 0.528906 0.258333 0.017708 0.013889
2 0.529427 0.210648 0.017188 0.013889
2 0.528646 0.175000 0.016667 0.012963
2 0.529036 0.126157 0.016927 0.013426
0 0.547526 0.111806 0.013802 0.011574
2 0.605859 0.034491 0.007552 0.036574
2 0.588411 0.108796 0.017448 0.012963
0 0.590365 0.124537 0.011979 0.010185
2 0.589714 0.139815 0.020573 0.016667
2 0.605859 0.185417 0.006510 0.029167
2 0.588932 0.283796 0.021094 0.012037
0 0.605469 0.289815 0.006250 0.028704
0 0.603776 0.370370 0.006510 0.025926
0 0.627474 0.364583 0.016406 0.014352
2 0.586458 0.382407 0.022917 0.013889
2 0.586719 0.406713 0.023438 0.013426
2 0.584375 0.427315 0.020833 0.012963
2 0.586849 0.451620 0.021094 0.015278
2 0.585286 0.479861 0.015885 0.012500
2 0.614844 0.547222 0.037500 0.036111
0 0.573828 0.570370 0.014844 0.016667
0 0.549349 0.583565 0.015885 0.018981
0 0.044531 0.952778 0.017188 0.025000
0 0.062109 0.949306 0.019531 0.020833
0 0.777734 0.983102 0.008594 0.026389
0 0.803385 0.970139 0.006250 0.025463
0 0.944010 0.970602 0.016146 0.015278
2 0.909766 0.446528 0.011719 0.015278
2 0.893490 0.457407 0.013542 0.014815
0 0.828646 0.479167 0.014583 0.016667
2 0.585938 0.365046 0.016146 0.011574
0 0.585156 0.335880 0.015104 0.013426
2 0.752083 0.317130 0.018229 0.019444
2 0.764583 0.365278 0.016667 0.019444
0 0.937500 0.320833 0.012500 0.033333
0 0.666276 0.459028 0.015885 0.012500
0 0.671484 0.482176 0.017969 0.017130
0 0.682682 0.517824 0.015365 0.019907
2 0.328776 0.780787 0.018490 0.011574
2 0.327995 0.826157 0.017969 0.014352
2 0.327995 0.903472 0.016927 0.016204
0 0.326432 0.940509 0.012760 0.011574
2 0.684245 0.032639 0.013281 0.025463
2 0.548047 0.227315 0.016927 0.011111
2 0.548958 0.243056 0.016667 0.012037
2 0.548698 0.257407 0.017188 0.012963
2 0.549089 0.272917 0.017448 0.013426
0 0.190234 0.149537 0.017448 0.013889
0 0.186458 0.398148 0.006250 0.030556
2 0.261849 0.398380 0.006510 0.030093
0 0.381901 0.122685 0.012760 0.016667
2 0.784115 0.453241 0.021354 0.023148
2 0.782943 0.385648 0.008594 0.029630
2 0.791406 0.380093 0.008854 0.029630
2 0.924870 0.277546 0.017448 0.015278
2 0.963802 0.302083 0.011979 0.028241
2 0.973307 0.297222 0.011198 0.031481
2 0.995703 0.412269 0.008594 0.031944
2 0.924349 0.465046 0.009115 0.033796
0 0.530990 0.593287 0.013021 0.016204
0 0.507292 0.604167 0.017188 0.019444
0 0.479818 0.609722 0.014844 0.013889
0 0.242448 0.585417 0.009375 0.028241
0 0.232682 0.587963 0.008594 0.025000
0 0.809635 0.966898 0.005729 0.020833
0 0.867057 0.947917 0.015365 0.014352
0 0.883203 0.944907 0.012240 0.012037
2 0.913672 0.946759 0.014844 0.020370
2 0.876563 0.961111 0.016667 0.016667
0 0.423568 0.098843 0.011198 0.026389
0 0.367057 0.236111 0.009115 0.030556
