2 0.282292 0.506944 0.016667 0.012037
0 0.386719 0.869213 0.011458 0.014352
0 0.241146 0.958333 0.013542 0.022222
0 0.505990 0.842593 0.015625 0.017593
0 0.469661 0.796528 0.012760 0.012500
0 0.489193 0.786806 0.014844 0.012500
0 0.508333 0.779398 0.014583 0.018056
0 0.533984 0.809954 0.012240 0.014352
0 0.550000 0.784491 0.016667 0.014352
0 0.551042 0.764815 0.014063 0.022222
0 0.575260 0.750463 0.012500 0.012037
0 0.593490 0.748843 0.015104 0.010648
0 0.585547 0.787037 0.012760 0.013889
0 0.639323 0.777546 0.016146 0.012500
0 0.647396 0.809954 0.014063 0.010648
0 0.682943 0.756019 0.013281 0.015741
0 0.704036 0.763657 0.014323 0.014352
0 0.716276 0.793750 0.015365 0.017130
0 0.687370 0.790741 0.011198 0.012963
0 0.734115 0.852315 0.016146 0.017593
0 0.770703 0.887269 0.015885 0.020833
2 0.788672 0.823611 0.013802 0.017593
0 0.802865 0.838426 0.010937 0.013889
0 0.841797 0.958565 0.015885 0.019907
0 0.911198 0.980324 0.015104 0.019907
0 0.785937 0.623148 0.009375 0.026852
0 0.047786 0.581944 0.014844 0.016667
2 0.064583 0.576389 0.014583 0.015741
0 0.253385 0.657407 0.011979 0.023148
0 0.297917 0.620139 0.014583 0.013426
0 0.366667 0.758102 0.006771 0.024537
0 0.894010 0.585185 0.012500 0.009259
2 0.924609 0.588426 0.015885 0.015741
0 0.824089 0.647917 0.016927 0.010648
2 0.436719 0.713194 0.006771 0.031944
0 0.372266 0.514352 0.006510 0.029630
0 0.371354 0.471759 0.006771 0.029630
0 0.372135 0.433333 0.005729 0.025000
0 0.372266 0.390741 0.007031 0.026852
2 0.371094 0.353241 0.006771 0.026852
2 0.371094 0.315278 0.007812 0.029630
2 0.302344 0.234028 0.008854 0.036574
2 0.246354 0.349074 0.019271 0.014815
0 0.247266 0.372685 0.016927 0.013889
0 0.245833 0.426620 0.016146 0.014352
2 0.248177 0.466435 0.017708 0.013426
0 0.255859 0.706019 0.015885 0.012037
2 0.250521 0.624074 0.022396 0.016667
2 0.300651 0.715046 0.024219 0.016204
2 0.329167 0.232639 0.009375 0.031019
0 0.338672 0.232870 0.006510 0.028704
2 0.347396 0.222454 0.007812 0.036574
0 0.373828 0.256944 0.007031 0.028704
2 0.332813 0.709028 0.019792 0.015278
2 0.332031 0.687269 0.019271 0.013426
0 0.332552 0.570139 0.011458 0.011574
2 0.332813 0.531481 0.015104 0.013889
0 0.299740 0.533796 0.014583 0.012963
0 0.298177 0.558565 0.016146 0.014352
0 0.297656 0.584028 0.016146 0.012500
0 0.292708 0.226157 0.007292 0.026389
0 0.300391 0.267361 0.017969 0.015278
2 0.298177 0.282176 0.018750 0.011574
2 0.299479 0.299306 0.017188 0.011574
0 0.299349 0.356713 0.015885 0.011574
2 0.299609 0.383796 0.017448 0.012037
2 0.298828 0.420833 0.016406 0.013889
2 0.299740 0.471065 0.014583 0.011574
2 0.274870 0.235648 0.008594 0.029630
0 0.254557 0.233102 0.008073 0.022685
2 0.211068 0.152778 0.019010 0.014815
0 0.355078 0.112500 0.014844 0.013889
2 0.355859 0.157870 0.015885 0.012037
2 0.400260 0.126389 0.007812 0.032407
2 0.426563 0.072222 0.008854 0.068519
2 0.548177 0.117361 0.025000 0.018056
2 0.596354 0.029861 0.023438 0.018056
2 0.594401 0.051389 0.021094 0.017593
2 0.596745 0.077315 0.021615 0.016667
2 0.321615 0.030787 0.010937 0.059722
2 0.375000 0.065278 0.008854 0.041667
0 0.250781 0.014583 0.007812 0.024537
0 0.538932 0.080093 0.015365 0.011111
0 0.557682 0.078241 0.014323 0.011111
0 0.558724 0.094213 0.016927 0.011574
0 0.498307 0.103935 0.015885 0.011574
0 0.502083 0.065741 0.016667 0.012963
0 0.502344 0.021296 0.015625 0.012963
0 0.541667 0.012963 0.015104 0.012037
0 0.541276 0.039583 0.013802 0.012500
0 0.558724 0.053241 0.014844 0.012037
2 0.595182 0.105324 0.016927 0.014352
2 0.680859 0.107407 0.015365 0.016667
0 0.693099 0.145139 0.014323 0.016204
0 0.841016 0.112269 0.015885 0.017130
0 0.813281 0.609722 0.006771 0.024074
2 0.425651 0.127778 0.007031 0.030556
2 0.471224 0.104861 0.009635 0.060648
2 0.624609 0.175000 0.037760 0.032407
2 0.300651 0.446991 0.019010 0.012500
2 0.335156 0.408102 0.019271 0.011574
2 0.333984 0.454167 0.021094 0.013889
2 0.250781 0.594213 0.019792 0.014352
2 0.282682 0.469907 0.019010 0.012963
2 0.299219 0.836343 0.013542 0.016204
0 0.249609 0.208796 0.009115 0.026852
0 0.239844 0.209954 0.008854 0.026389
2 0.156250 0.016898 0.006771 0.024537
0 0.166536 0.018750 0.006510 0.021759
2 0.194271 0.017593 0.006250 0.025926
2 0.204557 0.016898 0.007552 0.028241
2 0.232943 0.018981 0.006510 0.023148
2 0.241276 0.017130 0.007031 0.028704
2 0.261979 0.014352 0.006771 0.027778
2 0.270052 0.018750 0.006771 0.026389
0 0.288542 0.019907 0.006250 0.024074
2 0.356901 0.142361 0.017969 0.012500
0 0.375911 0.024537 0.005990 0.021296
0 0.412630 0.009954 0.006510 0.018981
2 0.596875 0.007176 0.022917 0.012500
0 0.582943 0.197685 0.014323 0.013889
0 0.558203 0.209259 0.015365 0.014815
0 0.539714 0.219676 0.013802 0.014352
0 0.516927 0.231019 0.014583 0.015741
0 0.488672 0.235648 0.015885 0.010185
2 0.345703 0.799074 0.012760 0.025926
2 0.442448 0.753472 0.012500 0.025463
0 0.695312 0.851157 0.015104 0.014352
0 0.706380 0.641435 0.006510 0.020833
2 0.800521 0.614583 0.010417 0.023611
0 0.819531 0.606481 0.006250 0.021296
0 0.876823 0.589352 0.016146 0.014815
2 0.887630 0.600926 0.014323 0.011111
0 0.955078 0.612500 0.016927 0.012963
2 0.796615 0.080093 0.021875 0.020370
2 0.795703 0.013194 0.008073 0.025463
2 0.803385 0.012037 0.008333 0.023148
0 0.032422 0.625231 0.007031 0.023611
0 0.863281 0.655324 0.008333 0.022685
2 0.025000 0.635185 0.009896 0.026852
2 0.016667 0.014815 0.009375 0.027778
2 0.078646 0.016898 0.006771 0.023611
2 0.028516 0.014352 0.010156 0.027778
0 0.614714 0.005324 0.007031 0.008796
2 0.938802 0.095602 0.009375 0.033796
0 0.354948 0.049769 0.015625 0.012500
2 0.333073 0.661574 0.016146 0.013889
0 0.676432 0.085417 0.014323 0.009722
