0 0.279818 0.043750 0.008073 0.027315
2 0.254036 0.040278 0.007552 0.031481
0 0.242057 0.041898 0.009635 0.028241
0 0.232813 0.042593 0.008854 0.029630
0 0.224740 0.046991 0.009375 0.026389
2 0.313021 0.055556 0.009896 0.061111
2 0.204948 0.181250 0.017708 0.015278
0 0.249740 0.259491 0.006771 0.021759
2 0.270052 0.259954 0.008854 0.028241
0 0.288281 0.250463 0.008854 0.026852
2 0.297656 0.256713 0.008333 0.037500
2 0.296224 0.290972 0.016406 0.012500
2 0.294271 0.305556 0.018229 0.012037
2 0.295833 0.322917 0.017708 0.012500
0 0.244661 0.399306 0.016927 0.014352
0 0.245703 0.450926 0.015885 0.014815
2 0.247135 0.490972 0.017188 0.014352
2 0.244531 0.374306 0.020313 0.015278
0 0.296484 0.380556 0.015885 0.012037
2 0.297266 0.406944 0.016927 0.011111
2 0.297526 0.445139 0.016406 0.013426
2 0.298828 0.469676 0.016927 0.011574
2 0.281510 0.493750 0.017188 0.011574
2 0.298568 0.494444 0.015365 0.012037
2 0.282292 0.529630 0.014583 0.013889
2 0.252083 0.618287 0.019792 0.013426
0 0.300521 0.556250 0.015104 0.012500
0 0.299349 0.581713 0.017448 0.012500
0 0.298958 0.607176 0.015625 0.012500
0 0.299609 0.643056 0.013281 0.013889
0 0.255990 0.683102 0.012500 0.024537
2 0.259245 0.731019 0.016927 0.015741
2 0.303646 0.737731 0.023958 0.018056
0 0.048698 0.618287 0.015104 0.019907
0 0.067318 0.611574 0.016406 0.016667
2 0.324219 0.254861 0.008333 0.031019
0 0.333464 0.256481 0.006510 0.029630
2 0.342578 0.243056 0.008594 0.036111
0 0.368490 0.276852 0.008333 0.029630
0 0.367448 0.335648 0.008333 0.029630
2 0.367839 0.372222 0.005990 0.028704
0 0.370182 0.411111 0.007031 0.026852
0 0.369531 0.454861 0.010937 0.029167
0 0.369922 0.491667 0.010156 0.036111
0 0.372656 0.534028 0.009375 0.034722
2 0.333464 0.428472 0.019531 0.011574
2 0.332682 0.474074 0.017969 0.013889
0 0.348438 0.132639 0.014583 0.014352
2 0.148047 0.046528 0.008594 0.026389
0 0.157812 0.047685 0.007812 0.021296
2 0.186458 0.045370 0.009375 0.029630
2 0.367188 0.085185 0.009375 0.044444
0 0.367188 0.044444 0.006771 0.024074
2 0.393750 0.145833 0.007812 0.032407
0 0.418620 0.013426 0.007552 0.025926
2 0.419531 0.089815 0.009375 0.068519
2 0.419531 0.143981 0.007292 0.029630
2 0.463932 0.119444 0.009635 0.060185
0 0.494141 0.034491 0.015885 0.013426
0 0.494141 0.079630 0.015885 0.013889
0 0.492188 0.115741 0.016667 0.011111
0 0.533203 0.023843 0.015885 0.014352
0 0.533333 0.049537 0.015625 0.013889
0 0.550651 0.062963 0.014844 0.012037
0 0.531901 0.090509 0.014323 0.012500
0 0.549870 0.090509 0.015885 0.012500
0 0.551693 0.104630 0.015885 0.011111
2 0.541146 0.127546 0.025521 0.017130
2 0.588021 0.013889 0.022396 0.018519
2 0.588021 0.037731 0.022396 0.018056
2 0.586198 0.059259 0.020313 0.015741
2 0.588802 0.085417 0.021875 0.015278
0 0.588021 0.111806 0.017188 0.014352
2 0.618880 0.183565 0.036198 0.035648
0 0.669792 0.090046 0.017188 0.011574
0 0.673698 0.111806 0.014583 0.017130
0 0.686719 0.148380 0.015104 0.017130
0 0.833724 0.106713 0.013281 0.015278
0 0.787630 0.621065 0.008594 0.029167
2 0.824609 0.643981 0.015365 0.013889
2 0.925000 0.578472 0.017188 0.017130
0 0.841016 0.901852 0.014844 0.019444
0 0.828906 0.916435 0.012500 0.018056
0 0.931250 0.970833 0.016146 0.018519
0 0.797396 0.859722 0.015104 0.017593
0 0.749089 0.820139 0.016927 0.019907
2 0.793490 0.820833 0.012500 0.017593
0 0.807813 0.835417 0.011458 0.016204
0 0.714974 0.834491 0.016927 0.016204
0 0.706901 0.765741 0.015885 0.015741
0 0.686068 0.758565 0.013802 0.016204
0 0.596615 0.756944 0.014063 0.013889
0 0.580208 0.757870 0.014063 0.011111
0 0.554948 0.775463 0.014583 0.023148
0 0.570833 0.793287 0.015625 0.017130
0 0.550130 0.810185 0.011198 0.013889
0 0.502474 0.832870 0.016406 0.015741
0 0.493880 0.799769 0.015365 0.016204
0 0.455729 0.853472 0.014063 0.015278
0 0.378255 0.890741 0.014844 0.018519
0 0.310677 0.955324 0.016667 0.021759
2 0.350651 0.819213 0.015885 0.028241
2 0.439844 0.730324 0.006250 0.031944
2 0.447135 0.768981 0.014583 0.028704
2 0.335026 0.709028 0.020573 0.013426
2 0.335286 0.728472 0.019531 0.017130
2 0.956510 0.600463 0.017188 0.015741
2 0.931771 0.085417 0.008854 0.032870
2 0.008464 0.052546 0.008594 0.031019
2 0.021615 0.048148 0.009896 0.036111
2 0.070833 0.050926 0.006250 0.026852
2 0.195573 0.045139 0.007812 0.031019
0 0.350130 0.162731 0.017448 0.012500
2 0.349740 0.178241 0.014583 0.010185
2 0.460417 0.011111 0.006250 0.021296
0 0.605078 0.008796 0.005990 0.015741
2 0.790365 0.077315 0.019792 0.023148
2 0.795573 0.010648 0.007292 0.020370
2 0.786589 0.013889 0.010677 0.025926
2 0.914583 0.071991 0.014063 0.017130
0 0.577083 0.208102 0.014583 0.013426
0 0.552865 0.218981 0.014583 0.016667
0 0.534766 0.230787 0.012760 0.016204
0 0.511849 0.242361 0.013802 0.013426
0 0.483073 0.249306 0.016146 0.009722
0 0.234375 0.237500 0.008333 0.026852
0 0.244531 0.234722 0.008333 0.028704
2 0.333594 0.553009 0.015625 0.011574
0 0.332943 0.590741 0.011198 0.009259
2 0.336458 0.682639 0.015625 0.011574
2 0.253385 0.650000 0.021354 0.013889
0 0.370052 0.776157 0.007812 0.022685
2 0.303646 0.859491 0.015625 0.018981
0 0.283464 0.992593 0.016406 0.014815
0 0.026562 0.672222 0.010937 0.027778
0 0.035156 0.661806 0.008333 0.024537
0 0.474479 0.825000 0.016146 0.015741
0 0.472526 0.809722 0.015885 0.013889
0 0.984505 0.989352 0.016927 0.014815
0 0.895964 0.991898 0.016927 0.016204
0 0.707943 0.642824 0.006510 0.022685
0 0.801562 0.609028 0.011458 0.027315
0 0.813151 0.605324 0.007552 0.023611
0 0.819661 0.602315 0.005990 0.021296
0 0.877604 0.581019 0.015625 0.012963
0 0.893750 0.578009 0.012500 0.013426
2 0.887240 0.592824 0.016667 0.013426
0 0.347656 0.070833 0.015104 0.012963
0 0.512109 0.792130 0.014323 0.020370
2 0.897005 0.080556 0.015365 0.015741
