2 0.011849 0.466204 0.008594 0.032407
2 0.023438 0.462500 0.007812 0.034259
2 0.073828 0.469213 0.008073 0.028241
2 0.149349 0.468519 0.009115 0.028704
0 0.160417 0.469444 0.006250 0.024074
0 0.188281 0.466667 0.008333 0.031481
2 0.197396 0.467593 0.006250 0.036111
0 0.226432 0.468750 0.007552 0.025463
2 0.234245 0.466435 0.007552 0.031019
0 0.243359 0.463194 0.006510 0.027315
2 0.255469 0.463657 0.006250 0.029167
0 0.281641 0.468287 0.007031 0.025463
2 0.314063 0.479861 0.009896 0.057870
2 0.205599 0.602546 0.018490 0.012500
0 0.248307 0.679167 0.007031 0.020370
2 0.268359 0.679861 0.007552 0.026389
0 0.287630 0.672685 0.007552 0.024074
2 0.295964 0.679630 0.008073 0.034259
2 0.241276 0.796759 0.019010 0.012037
2 0.241797 0.819213 0.015885 0.014352
0 0.241927 0.868981 0.014583 0.012963
2 0.243359 0.909028 0.015365 0.011574
2 0.278646 0.949306 0.016146 0.016204
0 0.295833 0.975463 0.014583 0.014815
2 0.277083 0.915278 0.016146 0.016667
2 0.294531 0.914352 0.014063 0.014815
2 0.294271 0.890972 0.015104 0.013426
2 0.294141 0.865741 0.017448 0.013889
2 0.293750 0.828241 0.017188 0.012963
0 0.293490 0.802083 0.014583 0.011574
2 0.294792 0.715046 0.016146 0.014352
2 0.291797 0.729630 0.019010 0.012963
2 0.294010 0.745602 0.017708 0.013426
2 0.322396 0.679398 0.008333 0.031944
0 0.332161 0.678472 0.007031 0.027315
2 0.340755 0.669676 0.007031 0.033796
2 0.330469 0.852083 0.020313 0.015278
2 0.328906 0.897222 0.017188 0.016667
0 0.367188 0.701389 0.006250 0.027778
0 0.364844 0.758565 0.008333 0.028241
2 0.364974 0.797454 0.006510 0.027315
0 0.366667 0.833796 0.007292 0.025926
0 0.366797 0.875694 0.007031 0.029167
0 0.365365 0.912269 0.007292 0.026389
0 0.366927 0.953704 0.007292 0.029630
0 0.406510 0.825694 0.007292 0.030093
0 0.347135 0.559028 0.015104 0.014352
0 0.347786 0.497685 0.015885 0.012963
2 0.333724 0.354630 0.008594 0.056481
2 0.384896 0.287500 0.008854 0.053704
2 0.423828 0.040972 0.009635 0.040278
2 0.400781 0.023611 0.007812 0.030556
2 0.367057 0.049537 0.007031 0.034259
0 0.318490 0.088889 0.006250 0.027778
0 0.332292 0.074769 0.005729 0.033796
2 0.349479 0.144907 0.015625 0.012963
2 0.394271 0.157870 0.016667 0.015741
2 0.424219 0.134954 0.006771 0.030093
0 0.424609 0.166667 0.010677 0.022222
2 0.418359 0.224537 0.010156 0.056481
0 0.380729 0.193981 0.014063 0.019444
2 0.418620 0.362269 0.009115 0.063426
0 0.419271 0.442824 0.007292 0.027315
2 0.419271 0.522917 0.010417 0.064352
2 0.369010 0.422917 0.009896 0.056019
0 0.367708 0.471759 0.006250 0.021296
2 0.367448 0.514815 0.008854 0.039815
2 0.392969 0.574306 0.007292 0.030093
2 0.348438 0.590741 0.014063 0.012963
0 0.348828 0.605093 0.014844 0.011111
0 0.094792 0.200231 0.016667 0.014352
0 0.074089 0.410185 0.017969 0.012963
2 0.461328 0.224769 0.007552 0.041204
2 0.463411 0.553935 0.009635 0.056019
2 0.418490 0.574769 0.007292 0.030093
2 0.461458 0.439815 0.006250 0.030556
0 0.469922 0.414815 0.005990 0.026852
2 0.459635 0.310185 0.006771 0.032407
0 0.460677 0.116435 0.007292 0.031944
2 0.491146 0.197454 0.017708 0.013426
2 0.492448 0.216898 0.015625 0.011574
2 0.492188 0.233333 0.018750 0.016667
2 0.490625 0.248843 0.015625 0.013426
2 0.492188 0.274537 0.015104 0.014815
2 0.491276 0.302778 0.014844 0.012963
2 0.491276 0.353472 0.015885 0.012500
2 0.488932 0.372222 0.021615 0.015741
0 0.493620 0.468287 0.016406 0.013426
0 0.493750 0.512269 0.016146 0.014352
0 0.490495 0.548148 0.016927 0.011111
2 0.530729 0.196991 0.016146 0.014352
0 0.547917 0.182176 0.013542 0.012500
2 0.529818 0.246296 0.016406 0.011111
2 0.530078 0.281713 0.016927 0.012500
2 0.550391 0.297917 0.014844 0.012500
2 0.549609 0.312500 0.016406 0.013889
2 0.550781 0.326389 0.018750 0.013889
2 0.549740 0.342361 0.017188 0.015278
2 0.530208 0.329167 0.017708 0.012963
2 0.532813 0.356481 0.016667 0.012037
2 0.589583 0.180324 0.017188 0.012500
0 0.589714 0.195602 0.013281 0.010648
2 0.589974 0.210417 0.020052 0.014352
2 0.607422 0.104167 0.008594 0.036111
2 0.606641 0.255787 0.007031 0.027315
2 0.589063 0.352778 0.020313 0.013889
0 0.606250 0.360648 0.006771 0.028704
0 0.586719 0.407407 0.014583 0.011111
2 0.586068 0.435185 0.017448 0.012963
2 0.587500 0.452778 0.023438 0.013889
2 0.587500 0.477778 0.021875 0.013889
2 0.583984 0.497222 0.021094 0.013889
2 0.588281 0.524306 0.023438 0.012500
2 0.586719 0.550000 0.015625 0.013889
0 0.605208 0.441435 0.005729 0.025463
0 0.629167 0.435648 0.016146 0.012037
2 0.539844 0.562037 0.025000 0.016667
0 0.530208 0.523843 0.014583 0.012500
0 0.548438 0.522917 0.015625 0.012500
0 0.550391 0.540278 0.014844 0.016667
0 0.549609 0.497685 0.014844 0.012963
0 0.532292 0.459491 0.016667 0.014352
0 0.532422 0.485880 0.014323 0.013426
0 0.687109 0.102083 0.019531 0.029167
2 0.681641 0.007870 0.022656 0.014815
0 0.666667 0.529398 0.013542 0.011574
0 0.672526 0.553704 0.015365 0.016667
0 0.683594 0.587037 0.013542 0.014815
2 0.615495 0.621528 0.036719 0.031019
0 0.574870 0.641204 0.015365 0.017593
0 0.550130 0.652315 0.014844 0.019444
2 0.753516 0.389815 0.016927 0.020370
2 0.765495 0.437037 0.018490 0.018519
2 0.793359 0.450463 0.007552 0.028704
2 0.938021 0.393287 0.011979 0.031019
2 0.911719 0.517361 0.015625 0.015278
2 0.894531 0.529861 0.015625 0.012500
0 0.830469 0.549306 0.018750 0.015278
2 0.262760 0.469676 0.007292 0.032870
0 0.190365 0.220602 0.016667 0.014352
0 0.427214 0.092824 0.007031 0.028241
0 0.233594 0.658102 0.008854 0.026389
0 0.243490 0.656944 0.009896 0.028704
0 0.293099 0.996528 0.018490 0.006944
2 0.328646 0.974306 0.016667 0.014352
0 0.481250 0.679167 0.015625 0.012963
0 0.509245 0.674537 0.015885 0.015741
0 0.531901 0.663426 0.013802 0.014815
2 0.785286 0.524537 0.020052 0.024074
2 0.784505 0.455787 0.009635 0.029167
2 0.965104 0.373380 0.012500 0.031944
2 0.975130 0.367593 0.012760 0.027778
2 0.927865 0.348843 0.017708 0.012500
2 0.995964 0.478935 0.005990 0.025463
2 0.926693 0.534028 0.010156 0.030093
2 0.815495 0.010880 0.016406 0.020833
0 0.368229 0.307870 0.008854 0.027778
