2 0.006120 0.125926 0.008073 0.028704
2 0.018359 0.122917 0.009635 0.031944
2 0.068359 0.129630 0.008073 0.027778
2 0.145443 0.129398 0.007031 0.029167
0 0.156250 0.129861 0.007292 0.022685
2 0.193490 0.129861 0.007292 0.031019
0 0.222526 0.131481 0.007552 0.029630
2 0.231250 0.129398 0.007292 0.033796
0 0.240625 0.126620 0.006771 0.025463
2 0.251953 0.125463 0.005469 0.029630
0 0.278385 0.131713 0.006771 0.026389
2 0.311849 0.141898 0.009115 0.060648
0 0.344661 0.160880 0.014844 0.014352
2 0.366927 0.085880 0.007812 0.056944
0 0.365625 0.135648 0.005729 0.022222
2 0.364844 0.175926 0.008854 0.042593
2 0.416406 0.182870 0.009896 0.066667
0 0.417708 0.104630 0.006250 0.026852
0 0.345573 0.222917 0.014063 0.013426
2 0.201432 0.263426 0.017969 0.012037
0 0.244792 0.342361 0.008333 0.019907
2 0.265625 0.345602 0.006771 0.029167
0 0.283984 0.335648 0.007552 0.024074
2 0.293229 0.343519 0.008854 0.033333
2 0.319271 0.344676 0.007812 0.029167
0 0.329167 0.343981 0.006250 0.027778
2 0.337891 0.333333 0.007031 0.036111
0 0.238151 0.482870 0.016927 0.013889
0 0.238021 0.534722 0.015625 0.013889
2 0.240104 0.573611 0.016667 0.012963
2 0.243229 0.702315 0.020313 0.014815
2 0.243099 0.731713 0.020573 0.015278
0 0.244922 0.766435 0.014323 0.025463
0 0.289844 0.726620 0.013542 0.014352
0 0.289583 0.692824 0.015104 0.013426
0 0.289974 0.665741 0.015885 0.011111
0 0.292057 0.641204 0.014844 0.012963
0 0.274219 0.615278 0.017188 0.013889
2 0.274089 0.580093 0.017969 0.014815
2 0.291146 0.579398 0.014583 0.012500
2 0.291536 0.555324 0.017969 0.012500
0 0.289323 0.529630 0.016146 0.014815
2 0.291016 0.492361 0.017969 0.015278
0 0.289714 0.466435 0.014323 0.010648
2 0.290365 0.408565 0.015625 0.010648
0 0.288411 0.392130 0.019531 0.013889
2 0.291276 0.378472 0.015885 0.011574
2 0.326953 0.516667 0.017969 0.012037
2 0.292839 0.821528 0.023177 0.015278
2 0.248438 0.812963 0.015625 0.012037
2 0.324479 0.795139 0.020313 0.015278
2 0.339844 0.903935 0.016146 0.028241
0 0.405469 0.959028 0.015625 0.016204
0 0.469792 0.932176 0.015104 0.017130
0 0.504427 0.956713 0.015104 0.017130
0 0.542708 0.889583 0.015104 0.014352
0 0.566276 0.919676 0.014844 0.018056
0 0.590104 0.882639 0.014583 0.013426
0 0.584375 0.851852 0.016146 0.013889
0 0.566146 0.853009 0.010937 0.014352
0 0.672135 0.888194 0.016146 0.017130
0 0.673047 0.858333 0.014323 0.016667
0 0.693880 0.866204 0.013802 0.016667
2 0.811328 0.750926 0.014844 0.012037
0 0.942578 0.711111 0.017969 0.016667
0 0.827734 0.217361 0.016406 0.018056
2 0.936589 0.057176 0.012240 0.029167
2 0.751823 0.052546 0.017708 0.019907
2 0.763542 0.100694 0.017708 0.020833
0 0.665495 0.195139 0.015885 0.010648
0 0.670052 0.216898 0.015104 0.016204
0 0.681380 0.253472 0.014323 0.016204
0 0.599870 0.269676 0.015885 0.016204
0 0.627604 0.100000 0.016146 0.012963
0 0.603385 0.105093 0.006771 0.026852
0 0.604818 0.023611 0.006510 0.029630
2 0.588672 0.017361 0.022656 0.015278
0 0.584896 0.070833 0.015104 0.013889
2 0.585286 0.097685 0.015885 0.012037
2 0.585938 0.115972 0.021875 0.015278
2 0.585156 0.138657 0.022917 0.015278
2 0.583594 0.161574 0.019271 0.017593
2 0.585677 0.187500 0.021875 0.015741
2 0.584115 0.213889 0.017708 0.013889
2 0.537109 0.226852 0.026302 0.015741
0 0.547526 0.204398 0.016406 0.012500
0 0.547005 0.187731 0.014844 0.010648
0 0.527344 0.189815 0.016667 0.012037
0 0.547786 0.163426 0.013802 0.010185
0 0.529818 0.149074 0.012760 0.011111
0 0.529818 0.123148 0.015365 0.012037
0 0.525000 0.096065 0.016667 0.013426
2 0.530990 0.017593 0.017708 0.013889
2 0.489453 0.014583 0.015885 0.012500
2 0.486849 0.031944 0.021094 0.016667
0 0.491797 0.131250 0.016406 0.014352
0 0.492188 0.174769 0.016146 0.012500
0 0.488281 0.212963 0.016667 0.011111
2 0.458854 0.100926 0.006250 0.029630
2 0.460156 0.214583 0.009375 0.058796
2 0.390365 0.237500 0.006771 0.029630
2 0.415625 0.238426 0.006771 0.029630
0 0.377083 0.342593 0.010937 0.025000
0 0.363932 0.366667 0.007031 0.028704
0 0.361849 0.423380 0.007552 0.028241
2 0.361719 0.461806 0.006250 0.027315
0 0.363802 0.500694 0.007812 0.027315
0 0.363281 0.542593 0.006771 0.026852
0 0.362500 0.578704 0.006771 0.029630
0 0.363672 0.620602 0.007031 0.029167
2 0.434635 0.856713 0.010417 0.028241
2 0.428906 0.820139 0.007812 0.034722
0 0.421354 0.874769 0.008854 0.022685
0 0.358724 0.861343 0.009635 0.028241
2 0.911328 0.690278 0.014844 0.018519
0 0.865495 0.690741 0.014844 0.012037
0 0.881120 0.687500 0.012760 0.012963
2 0.874870 0.702546 0.014844 0.017130
0 0.807552 0.708102 0.005729 0.020833
0 0.801172 0.712037 0.006510 0.025926
0 0.851042 0.751389 0.008333 0.019444
0 0.774609 0.725000 0.008594 0.030556
0 0.696484 0.744676 0.006510 0.020833
0 0.737630 0.987963 0.015365 0.015741
2 0.777604 0.924769 0.011458 0.015278
0 0.792188 0.937037 0.011979 0.013889
0 0.516927 0.872454 0.014583 0.011574
0 0.481120 0.890972 0.015365 0.011574
0 0.459505 0.898843 0.015365 0.012500
0 0.433464 0.991435 0.015885 0.017130
0 0.329688 0.992361 0.015625 0.013426
2 0.291536 0.942824 0.013802 0.017130
0 0.016146 0.743981 0.009375 0.027778
0 0.025000 0.734259 0.007812 0.028704
0 0.039193 0.689815 0.015365 0.014815
2 0.057031 0.684954 0.016667 0.013426
2 0.324089 0.814120 0.020573 0.016204
0 0.324089 0.678241 0.011719 0.010185
2 0.324219 0.640046 0.015104 0.012500
2 0.237630 0.459491 0.019531 0.013426
2 0.325260 0.561806 0.017708 0.013426
0 0.239844 0.318981 0.009375 0.027778
0 0.230208 0.321759 0.007812 0.026852
0 0.183724 0.128935 0.007031 0.032870
2 0.258984 0.131250 0.007031 0.030093
2 0.346875 0.253935 0.018750 0.013426
2 0.346224 0.266667 0.015365 0.012037
2 0.331120 0.022222 0.009635 0.043519
2 0.416276 0.028472 0.009635 0.054167
0 0.478255 0.345139 0.016406 0.011574
0 0.506641 0.339352 0.015365 0.012963
0 0.530078 0.328935 0.014323 0.017130
0 0.547266 0.317361 0.015365 0.017130
0 0.571875 0.305787 0.016146 0.015278
2 0.613672 0.285648 0.037240 0.027778
2 0.547656 0.006250 0.017188 0.011574
0 0.530599 0.212500 0.015885 0.011111
2 0.785026 0.188889 0.019531 0.024074
2 0.892448 0.194676 0.013021 0.010648
2 0.909375 0.185648 0.015104 0.016667
2 0.925130 0.201852 0.007552 0.032407
2 0.996354 0.150694 0.007292 0.029167
2 0.791406 0.116435 0.007812 0.031019
2 0.783203 0.119676 0.008594 0.031019
2 0.964063 0.039120 0.011458 0.031019
2 0.974089 0.033333 0.012240 0.028704
0 0.068490 0.069213 0.018229 0.013426
2 0.926042 0.015046 0.015625 0.016204
2 0.325911 0.768056 0.015885 0.013889
0 0.789583 0.716435 0.010937 0.026389
