0 0.026172 0.739583 0.015885 0.017130
0 0.052214 0.692130 0.014323 0.013889
0 0.054948 0.782407 0.016146 0.018519
0 0.076953 0.746991 0.013281 0.014352
0 0.090625 0.758565 0.015104 0.015278
0 0.183464 0.751852 0.014323 0.014815
0 0.209635 0.741435 0.014063 0.017130
0 0.235677 0.667130 0.014583 0.017593
0 0.263672 0.710185 0.015365 0.018519
2 0.259375 0.651157 0.017188 0.022685
0 0.339323 0.698380 0.007292 0.027315
2 0.355859 0.693287 0.007552 0.029167
2 0.360938 0.652546 0.012500 0.031019
0 0.473568 0.801389 0.010156 0.013889
0 0.488932 0.815046 0.014323 0.018981
0 0.565495 0.895370 0.013281 0.023148
0 0.581250 0.921528 0.012500 0.022685
0 0.717187 0.919444 0.014063 0.022222
0 0.706510 0.870833 0.009896 0.026852
2 0.820833 0.953704 0.015104 0.016667
2 0.854167 0.249074 0.019792 0.015741
2 0.852214 0.302083 0.019010 0.015278
0 0.738411 0.368519 0.015885 0.012037
0 0.737891 0.324769 0.016406 0.014352
0 0.739583 0.300926 0.016667 0.019444
0 0.731510 0.185417 0.016667 0.020833
0 0.776302 0.121991 0.016146 0.022685
2 0.718880 0.077083 0.021615 0.029167
0 0.701042 0.122917 0.016667 0.023611
0 0.642969 0.173843 0.014583 0.019907
0 0.647656 0.099537 0.018750 0.020370
0 0.619271 0.181250 0.016146 0.018981
0 0.632031 0.147685 0.014583 0.021296
0 0.601823 0.097454 0.015104 0.020833
0 0.589323 0.137731 0.015625 0.021759
0 0.576432 0.166435 0.015365 0.019907
0 0.581250 0.042593 0.011979 0.029630
2 0.521615 0.081019 0.021354 0.062963
2 0.506901 0.127778 0.012760 0.029630
2 0.485026 0.104398 0.011719 0.031944
2 0.477214 0.030093 0.015365 0.046296
0 0.447266 0.054167 0.013281 0.022222
0 0.342969 0.092361 0.015625 0.031944
0 0.282422 0.194213 0.016406 0.021759
0 0.268099 0.239583 0.015885 0.021759
2 0.259766 0.275694 0.015885 0.019907
2 0.204036 0.494213 0.015885 0.018981
2 0.239844 0.537963 0.023438 0.025926
0 0.263802 0.452546 0.013542 0.015278
0 0.213802 0.448843 0.014583 0.016204
2 0.228516 0.390972 0.017969 0.025463
2 0.220443 0.417361 0.017969 0.027315
2 0.279818 0.340741 0.015365 0.022222
0 0.332813 0.223843 0.014063 0.018056
2 0.327083 0.247454 0.015625 0.021759
2 0.316146 0.280556 0.015625 0.021296
0 0.288151 0.379630 0.013802 0.017593
2 0.272005 0.423148 0.015885 0.022222
0 0.050000 0.209491 0.015104 0.018056
2 0.068099 0.221296 0.016406 0.017593
2 0.669401 0.338889 0.038281 0.025000
2 0.551562 0.146528 0.019792 0.056944
0 0.387500 0.760417 0.014583 0.017130
0 0.839844 0.994213 0.014063 0.011574
0 0.795052 0.924306 0.010937 0.012500
0 0.780599 0.914583 0.014323 0.014352
0 0.724349 0.880556 0.007552 0.022222
0 0.717708 0.878009 0.008854 0.025463
0 0.691016 0.865278 0.008594 0.025926
0 0.424349 0.774769 0.014844 0.014352
0 0.366667 0.751620 0.014583 0.018056
0 0.287891 0.630556 0.010156 0.019444
0 0.307682 0.440509 0.014323 0.020833
0 0.279818 0.400694 0.014323 0.020833
2 0.317969 0.406944 0.015104 0.018519
2 0.339323 0.338889 0.016667 0.023148
2 0.304557 0.324537 0.014323 0.021296
2 0.288932 0.309028 0.015365 0.020833
2 0.310937 0.302778 0.016146 0.019444
2 0.352214 0.300231 0.016927 0.020833
0 0.357812 0.421991 0.009375 0.023611
0 0.368229 0.422685 0.009375 0.024074
0 0.367708 0.383333 0.011458 0.025000
0 0.378385 0.353241 0.010937 0.025926
0 0.389844 0.316898 0.010417 0.025463
2 0.398438 0.280556 0.010937 0.029630
0 0.409375 0.246528 0.013021 0.029167
0 0.426042 0.196065 0.013021 0.028241
2 0.411328 0.145139 0.012760 0.036574
0 0.400911 0.147917 0.010156 0.024537
2 0.392578 0.138194 0.011719 0.031944
2 0.368359 0.115509 0.010677 0.035648
0 0.363021 0.101157 0.010937 0.021759
2 0.357682 0.145602 0.016406 0.020833
2 0.351562 0.156481 0.018229 0.019444
2 0.349089 0.173148 0.015885 0.020370
0 0.325911 0.074306 0.009635 0.017130
0 0.328646 0.049769 0.015625 0.018981
0 0.318880 0.043287 0.012240 0.025463
2 0.288411 0.173380 0.017969 0.023611
0 0.025781 0.236574 0.009375 0.026852
0 0.013932 0.236343 0.009115 0.026389
2 0.206510 0.644213 0.017188 0.015278
2 0.440885 0.082639 0.017188 0.023611
0 0.543750 0.012500 0.008854 0.023148
0 0.533333 0.276157 0.015104 0.018056
0 0.558464 0.295602 0.020573 0.018981
0 0.582552 0.304630 0.015104 0.014815
0 0.602474 0.312500 0.015885 0.015741
0 0.626823 0.321296 0.014583 0.013889
2 0.624609 0.010185 0.021094 0.019444
0 0.639062 0.121759 0.014063 0.018519
0 0.636198 0.194907 0.014583 0.017593
0 0.632292 0.210880 0.016146 0.019907
2 0.617448 0.221296 0.022917 0.031481
2 0.662500 0.250231 0.015104 0.018981
2 0.670703 0.227546 0.019010 0.025463
2 0.676042 0.203472 0.019271 0.025463
2 0.683073 0.184028 0.022396 0.028241
2 0.689974 0.164815 0.021615 0.028704
0 0.707943 0.168287 0.009635 0.026389
2 0.667188 0.029861 0.015625 0.021759
2 0.685547 0.032870 0.016406 0.019444
2 0.689974 0.019444 0.016927 0.019444
2 0.671745 0.008565 0.014844 0.016204
2 0.693620 0.008565 0.017448 0.016204
0 0.731510 0.096991 0.010417 0.026389
2 0.845313 0.398148 0.021875 0.011111
2 0.872005 0.340046 0.009635 0.028241
2 0.862760 0.337269 0.007812 0.029167
0 0.875781 0.462731 0.014583 0.014352
2 0.953906 0.502778 0.018750 0.015741
2 0.966406 0.531481 0.012500 0.030556
2 0.937370 0.497222 0.014844 0.015741
0 0.617578 0.812037 0.007552 0.028704
2 0.271615 0.561343 0.021875 0.022685
2 0.276302 0.542824 0.018750 0.025463
2 0.284375 0.522454 0.018750 0.022685
