1 0.094792 0.155093 0.034896 0.050000
0 0.117188 0.109954 0.014063 0.023611
0 0.177604 0.309491 0.011979 0.022685
0 0.213411 0.293519 0.010156 0.024074
2 0.283203 0.427778 0.016406 0.027778
0 0.293880 0.456713 0.014323 0.011574
2 0.328385 0.346528 0.011458 0.040278
2 0.331380 0.266204 0.008073 0.029630
0 0.356641 0.257407 0.014323 0.023148
2 0.377083 0.252778 0.007812 0.036111
2 0.394401 0.251620 0.008594 0.033796
2 0.466667 0.241898 0.006771 0.030093
0 0.489974 0.236343 0.007031 0.028241
0 0.518750 0.234722 0.007812 0.030556
2 0.532422 0.234028 0.007031 0.031944
0 0.382031 0.336343 0.006250 0.023611
0 0.401302 0.334491 0.006771 0.028241
0 0.416797 0.335417 0.007552 0.026389
0 0.430469 0.337963 0.006771 0.024074
2 0.444661 0.304398 0.007552 0.026389
2 0.464974 0.302083 0.006510 0.029167
2 0.466016 0.335417 0.007031 0.028241
2 0.480208 0.334722 0.006771 0.030556
2 0.493620 0.331019 0.005990 0.029630
2 0.515104 0.328935 0.006771 0.028241
0 0.529167 0.328009 0.005729 0.025463
2 0.562891 0.326157 0.006510 0.031944
2 0.572396 0.324306 0.006250 0.028241
2 0.579948 0.327315 0.006771 0.030556
2 0.596875 0.280324 0.018229 0.012500
0 0.603906 0.313194 0.015625 0.012500
0 0.600000 0.328472 0.020313 0.015278
2 0.601562 0.377778 0.016146 0.012037
0 0.601172 0.395139 0.014844 0.009722
2 0.607552 0.411111 0.020313 0.012963
0 0.445443 0.466204 0.016406 0.010185
0 0.468359 0.462500 0.014844 0.011111
2 0.713151 0.355556 0.031510 0.016667
2 0.786719 0.387731 0.034896 0.017130
0 0.705599 0.416204 0.005990 0.025926
2 0.748958 0.452546 0.030208 0.013426
0 0.720182 0.452315 0.013281 0.008333
2 0.697396 0.454398 0.023958 0.013426
0 0.670312 0.418750 0.007292 0.025463
2 0.653776 0.422685 0.005990 0.026852
2 0.645182 0.421296 0.005990 0.026852
0 0.300781 0.830324 0.006771 0.024537
0 0.321354 0.833102 0.005729 0.020833
0 0.322656 0.865278 0.007812 0.024074
2 0.642839 0.898843 0.016927 0.066204
0 0.642969 0.824537 0.009375 0.026852
2 0.682813 0.844444 0.007292 0.029630
2 0.697917 0.847454 0.008854 0.040278
2 0.712109 0.841435 0.009635 0.036574
2 0.724219 0.844213 0.008333 0.042130
2 0.736979 0.844213 0.008333 0.040278
2 0.747135 0.840509 0.006771 0.027315
0 0.744401 0.873148 0.014844 0.013889
0 0.762891 0.838657 0.007031 0.027315
2 0.792969 0.844676 0.008333 0.035648
0 0.789714 0.873148 0.016406 0.012963
2 0.849219 0.871759 0.016146 0.013889
2 0.874740 0.841204 0.009896 0.037963
2 0.891146 0.837963 0.009375 0.031481
2 0.933333 0.866667 0.020833 0.015741
0 0.696224 0.777546 0.005990 0.024537
0 0.687500 0.780324 0.006771 0.027315
0 0.694922 0.743287 0.005990 0.028241
0 0.710286 0.777546 0.006510 0.025463
0 0.716667 0.745833 0.006250 0.025000
0 0.732682 0.746759 0.007031 0.027778
0 0.747005 0.746296 0.007552 0.028704
0 0.680729 0.672917 0.006250 0.025463
0 0.701562 0.678935 0.007292 0.029167
0 0.726042 0.677546 0.007292 0.029167
2 0.677734 0.626620 0.034635 0.016204
2 0.741797 0.618519 0.016927 0.011111
2 0.781641 0.667130 0.010677 0.037963
2 0.792057 0.670833 0.006510 0.024074
2 0.791146 0.743519 0.007812 0.027778
2 0.806250 0.737731 0.007812 0.029167
2 0.798177 0.773148 0.008333 0.030556
2 0.807031 0.772685 0.007292 0.030556
2 0.815104 0.772685 0.007812 0.030556
2 0.823568 0.771991 0.008073 0.030093
2 0.833073 0.737500 0.008333 0.028704
2 0.853385 0.734722 0.006250 0.026852
2 0.880729 0.734028 0.008333 0.030093
0 0.889062 0.765509 0.007292 0.025463
2 0.878906 0.663889 0.008854 0.030556
2 0.869792 0.668750 0.006771 0.026389
2 0.860026 0.666435 0.006510 0.027315
2 0.849740 0.666204 0.006771 0.027778
2 0.836198 0.669444 0.007812 0.025926
2 0.821094 0.666898 0.007292 0.027315
2 0.664193 0.547454 0.017448 0.010648
2 0.694141 0.547454 0.038802 0.015278
0 0.738672 0.543750 0.014844 0.009722
2 0.784766 0.540741 0.038281 0.016667
2 0.863281 0.537037 0.034375 0.016667
2 0.900130 0.489815 0.009635 0.028704
0 0.913281 0.542593 0.016146 0.013889
0 0.935547 0.546065 0.017448 0.012500
2 0.965885 0.540278 0.023958 0.014815
2 0.974740 0.497222 0.017188 0.010185
2 0.960547 0.437731 0.020573 0.012500
0 0.747786 0.916435 0.007031 0.028241
2 0.816927 0.612500 0.019271 0.011111
2 0.863802 0.611806 0.025521 0.013426
2 0.826693 0.478935 0.031510 0.017130
2 0.663802 0.500463 0.018229 0.011111
0 0.589193 0.456250 0.016927 0.014352
0 0.557422 0.456481 0.016406 0.012963
2 0.535677 0.457639 0.015104 0.011574
2 0.513802 0.461806 0.014583 0.011574
0 0.490365 0.462269 0.014583 0.010648
0 0.898438 0.383102 0.014583 0.010648
0 0.598568 0.243519 0.011198 0.015741
0 0.308333 0.746296 0.008333 0.025926
0 0.290104 0.645602 0.008333 0.027315
2 0.312500 0.597685 0.013542 0.018519
2 0.335026 0.587963 0.018490 0.013889
0 0.301432 0.576389 0.014323 0.015741
0 0.274479 0.442593 0.010417 0.023148
2 0.259245 0.349306 0.008073 0.023611
0 0.155339 0.131250 0.014323 0.023611
0 0.072656 0.049074 0.011979 0.022222
0 0.067448 0.065046 0.013021 0.019907
0 0.043750 0.035417 0.014063 0.018056
0 0.028125 0.014815 0.013542 0.019444
2 0.333464 0.400231 0.008073 0.033796
2 0.344531 0.400231 0.008854 0.036574
2 0.359635 0.401852 0.007812 0.029630
0 0.411328 0.395602 0.005990 0.018981
2 0.432552 0.395833 0.007292 0.027778
2 0.477083 0.396528 0.006250 0.031944
2 0.503776 0.397222 0.005990 0.032407
0 0.611198 0.233333 0.015104 0.017593
0 0.610417 0.216667 0.015625 0.015741
2 0.641016 0.163657 0.005990 0.031019
0 0.719401 0.296991 0.015365 0.010648
2 0.719661 0.263194 0.015885 0.009722
2 0.722135 0.249306 0.016146 0.011574
0 0.721354 0.227083 0.014583 0.010648
2 0.719531 0.211343 0.016146 0.011574
0 0.718099 0.196528 0.014844 0.012500
2 0.717708 0.144213 0.016667 0.011574
2 0.718490 0.126620 0.016146 0.013426
0 0.716406 0.076389 0.012500 0.012037
2 0.716536 0.056713 0.014844 0.013426
0 0.866016 0.042361 0.006510 0.028241
0 0.905339 0.344213 0.016927 0.008796
0 0.946354 0.374769 0.021354 0.010648
0 0.813802 0.446991 0.018750 0.009722
2 0.673568 0.761574 0.009635 0.046296
0 0.681120 0.748380 0.006510 0.028241
0 0.883594 0.841204 0.005729 0.022222
0 0.629948 0.826157 0.008854 0.023611
0 0.622526 0.783333 0.010677 0.027778
0 0.616016 0.750694 0.009115 0.022685
0 0.609766 0.714352 0.005469 0.023148
0 0.605859 0.659722 0.005469 0.027778
0 0.695833 0.984954 0.007292 0.029167
0 0.683854 0.990972 0.009896 0.018056
2 0.989062 0.987037 0.010937 0.025000
0 0.893880 0.543287 0.014323 0.018981
0 0.924609 0.606250 0.017969 0.014352
