0 0.098958 0.193981 0.014583 0.012037
0 0.337109 0.063657 0.007031 0.030093
0 0.322005 0.144213 0.005990 0.027315
0 0.338281 0.139583 0.006250 0.026389
2 0.353385 0.134491 0.016146 0.013426
2 0.016927 0.461111 0.007812 0.029630
2 0.028776 0.456481 0.010156 0.029630
2 0.078906 0.462269 0.007812 0.027315
2 0.154948 0.462731 0.007292 0.029167
0 0.166406 0.460880 0.006771 0.021759
0 0.194271 0.460417 0.007292 0.031944
2 0.203385 0.459259 0.006771 0.027778
0 0.232031 0.461343 0.007292 0.026389
2 0.240625 0.457639 0.006771 0.030093
0 0.250000 0.454861 0.006250 0.025463
2 0.261198 0.455556 0.006771 0.028704
2 0.320573 0.471065 0.010417 0.056944
0 0.354687 0.487963 0.015625 0.012037
2 0.212240 0.594213 0.018229 0.010648
0 0.255469 0.669444 0.007812 0.022222
2 0.275911 0.673611 0.007031 0.029630
0 0.294141 0.662500 0.007552 0.024074
2 0.302995 0.671296 0.008073 0.035185
2 0.301042 0.705324 0.015625 0.014352
2 0.299740 0.721065 0.016667 0.011574
2 0.300521 0.736574 0.015625 0.011111
0 0.248958 0.809722 0.016146 0.012037
0 0.248698 0.860185 0.015104 0.012963
2 0.250911 0.901389 0.016406 0.012963
0 0.303776 0.965741 0.015365 0.014815
2 0.286068 0.940972 0.017448 0.016204
2 0.284896 0.905556 0.017188 0.014815
2 0.302344 0.905093 0.014583 0.013889
0 0.302734 0.881250 0.017969 0.015278
0 0.300391 0.856944 0.016406 0.016667
2 0.300911 0.819213 0.016406 0.013426
0 0.300911 0.793519 0.015365 0.012037
2 0.329297 0.669907 0.007031 0.029630
0 0.339583 0.671528 0.006771 0.026389
2 0.348438 0.661111 0.009375 0.036111
2 0.337370 0.842130 0.019010 0.012037
0 0.373568 0.691898 0.006510 0.026389
0 0.372396 0.747685 0.007812 0.028704
2 0.372656 0.788194 0.005729 0.028241
0 0.374089 0.824537 0.007031 0.025926
0 0.374089 0.865278 0.005990 0.025926
0 0.373698 0.902315 0.006771 0.027778
0 0.375130 0.943056 0.006510 0.028704
0 0.354557 0.550231 0.014323 0.012500
2 0.374219 0.505093 0.008854 0.038889
0 0.374479 0.462269 0.005729 0.021759
2 0.375391 0.413657 0.008594 0.056019
2 0.399870 0.564583 0.007552 0.027315
2 0.425521 0.565509 0.008333 0.031019
2 0.426172 0.512963 0.009115 0.062963
0 0.425651 0.431944 0.007552 0.026852
2 0.424479 0.352083 0.008333 0.063426
2 0.424740 0.213889 0.008333 0.055556
0 0.414583 0.228009 0.005729 0.024537
2 0.429427 0.125231 0.006250 0.028241
0 0.432422 0.082407 0.006510 0.026852
2 0.429948 0.031250 0.008333 0.041204
2 0.372005 0.040509 0.007031 0.031944
2 0.399479 0.148380 0.016146 0.014352
2 0.339714 0.344676 0.009115 0.057870
2 0.469531 0.543519 0.008854 0.054630
2 0.468099 0.428704 0.005990 0.029630
0 0.427344 0.634259 0.013542 0.012037
2 0.428646 0.668519 0.013021 0.023148
0 0.496224 0.537731 0.016406 0.009722
0 0.500781 0.501852 0.015625 0.012963
0 0.500521 0.457176 0.016146 0.012500
2 0.495833 0.360880 0.021354 0.012500
2 0.497656 0.342824 0.015104 0.010648
2 0.497005 0.291435 0.014844 0.012500
2 0.499089 0.264352 0.015365 0.012963
2 0.497786 0.238194 0.014844 0.011574
2 0.497396 0.221991 0.014583 0.011574
2 0.498307 0.206481 0.015365 0.012037
2 0.497135 0.188194 0.017188 0.012500
2 0.467448 0.214120 0.008333 0.040278
0 0.466016 0.105787 0.007031 0.032870
2 0.465755 0.299074 0.006510 0.031481
0 0.554297 0.171991 0.013802 0.013426
2 0.535937 0.185417 0.017188 0.012500
0 0.535937 0.234028 0.017188 0.015278
2 0.536458 0.270602 0.016146 0.012500
2 0.535807 0.317824 0.016927 0.014352
2 0.538672 0.345139 0.016406 0.009722
2 0.555990 0.286574 0.016667 0.011111
2 0.555990 0.303009 0.017188 0.011574
2 0.555859 0.317361 0.017969 0.009722
2 0.555990 0.332176 0.016146 0.011574
0 0.524089 0.417130 0.014844 0.017593
0 0.539453 0.448148 0.014844 0.012037
0 0.538932 0.473611 0.015365 0.011111
0 0.556641 0.487731 0.014844 0.011574
0 0.537109 0.513426 0.015365 0.012037
0 0.555469 0.513194 0.015104 0.009722
0 0.556901 0.527546 0.016927 0.010648
2 0.547135 0.551620 0.025521 0.015278
2 0.593229 0.538657 0.016146 0.010648
2 0.595052 0.512500 0.022917 0.013889
2 0.591797 0.486111 0.021094 0.013889
2 0.594141 0.465972 0.023177 0.013426
2 0.594141 0.443056 0.022656 0.013889
2 0.593490 0.422454 0.015625 0.012500
0 0.593490 0.395602 0.015625 0.012500
2 0.595964 0.342361 0.021615 0.015278
0 0.612760 0.348611 0.006250 0.025926
2 0.596875 0.197222 0.023438 0.013889
0 0.596094 0.185185 0.012500 0.012963
2 0.594922 0.169907 0.017448 0.014815
2 0.612630 0.093519 0.008073 0.037963
2 0.612760 0.244213 0.005729 0.027315
0 0.635286 0.424537 0.015365 0.011111
0 0.673568 0.515972 0.015365 0.012500
0 0.677995 0.542824 0.012760 0.017130
0 0.690625 0.575463 0.014063 0.017593
2 0.759245 0.376852 0.016927 0.019444
2 0.771745 0.423148 0.018490 0.015741
0 0.944141 0.377083 0.016406 0.034722
0 0.581771 0.629398 0.014583 0.015278
0 0.488151 0.668750 0.016406 0.012500
2 0.622396 0.610417 0.035937 0.031019
0 0.611458 0.430324 0.006250 0.026389
2 0.691146 0.092824 0.014583 0.029167
0 0.355339 0.199306 0.015365 0.014352
2 0.971745 0.358333 0.012240 0.028704
2 0.981250 0.352778 0.013021 0.030556
2 0.932682 0.334954 0.013802 0.012500
2 0.798828 0.438889 0.008594 0.028704
2 0.791016 0.441898 0.009115 0.029167
0 0.836458 0.535880 0.013542 0.015278
2 0.917188 0.502546 0.016146 0.017130
2 0.899609 0.512731 0.014323 0.016204
2 0.934115 0.519444 0.008854 0.030556
2 0.792578 0.511574 0.020052 0.021296
2 0.737891 0.547222 0.016927 0.020370
0 0.557031 0.641204 0.014583 0.016667
0 0.539193 0.652315 0.013802 0.016667
0 0.515885 0.663889 0.017188 0.017593
0 0.538932 0.537963 0.015885 0.011111
0 0.294792 0.217130 0.013021 0.012963
2 0.405469 0.015278 0.006771 0.028704
2 0.391536 0.277315 0.008594 0.056481
0 0.287500 0.459722 0.006250 0.025926
2 0.268880 0.460880 0.006510 0.030093
0 0.078906 0.402083 0.017708 0.010648
0 0.002474 0.592361 0.004427 0.011574
2 0.356510 0.581019 0.017188 0.012037
2 0.355339 0.594213 0.015365 0.011574
0 0.240365 0.649306 0.009375 0.028241
0 0.249870 0.646759 0.010677 0.026852
2 0.248047 0.788194 0.018490 0.011574
0 0.302083 0.990972 0.016667 0.013426
2 0.336589 0.963889 0.016927 0.012963
2 0.336589 0.886111 0.016927 0.012963
0 0.429818 0.158565 0.011719 0.027315
0 0.373958 0.298843 0.008333 0.028241
