2 0.315234 0.043056 0.011719 0.060185
2 0.368880 0.074769 0.009635 0.043056
2 0.252214 0.608102 0.019531 0.015278
2 0.252344 0.639815 0.021354 0.013889
2 0.303255 0.727546 0.024219 0.018056
2 0.349870 0.810185 0.014844 0.027778
0 0.253516 0.966435 0.009115 0.014352
0 0.279167 0.970833 0.013021 0.020370
0 0.413672 0.865509 0.016406 0.020833
0 0.492318 0.810880 0.016406 0.018056
0 0.530339 0.811806 0.016927 0.017130
0 0.552995 0.767593 0.013802 0.023148
0 0.577734 0.752546 0.013281 0.016204
0 0.596615 0.750694 0.016146 0.015278
0 0.593750 0.775463 0.018750 0.016667
0 0.574609 0.792824 0.011719 0.013426
0 0.675260 0.815741 0.015104 0.012963
0 0.782292 0.839120 0.014063 0.019907
0 0.685937 0.752315 0.013542 0.014815
0 0.794792 0.882870 0.014583 0.018519
0 0.831510 0.887037 0.014063 0.020370
0 0.876302 0.931481 0.017188 0.022222
0 0.984635 0.984491 0.019271 0.017130
2 0.439453 0.718750 0.008594 0.040278
0 0.368750 0.768750 0.009896 0.027315
0 0.255078 0.673611 0.012760 0.026852
2 0.259375 0.719676 0.015104 0.014352
0 0.299870 0.633102 0.013281 0.012500
2 0.298568 0.597454 0.016406 0.012500
0 0.298828 0.571296 0.015885 0.014815
0 0.299870 0.546759 0.015365 0.012963
2 0.281771 0.519444 0.016667 0.013889
0 0.245182 0.387269 0.016406 0.013426
0 0.245312 0.437963 0.015104 0.013889
0 0.247656 0.480093 0.017708 0.014815
2 0.206380 0.169213 0.018490 0.013426
2 0.271094 0.248148 0.007292 0.031481
0 0.289714 0.238426 0.008073 0.026852
2 0.298047 0.246296 0.008073 0.037963
2 0.324870 0.243750 0.009115 0.031019
0 0.334896 0.244676 0.006771 0.030093
2 0.343359 0.233796 0.007552 0.037037
0 0.349219 0.123148 0.014583 0.012963
0 0.394922 0.134491 0.008594 0.031944
2 0.421094 0.079861 0.008333 0.068056
0 0.421094 0.135648 0.007812 0.030556
2 0.465365 0.110648 0.009896 0.061111
0 0.496094 0.026389 0.016667 0.015741
0 0.496354 0.070602 0.016146 0.015278
0 0.492839 0.108102 0.015365 0.012500
0 0.534896 0.015741 0.015625 0.014815
0 0.535286 0.042361 0.013802 0.012500
0 0.552344 0.055556 0.015104 0.011111
0 0.532422 0.083565 0.015885 0.014352
0 0.551432 0.082639 0.013802 0.013426
0 0.553125 0.096528 0.016146 0.010648
2 0.542318 0.118519 0.025781 0.016667
2 0.589714 0.030556 0.022656 0.018519
2 0.588411 0.051852 0.020052 0.016667
2 0.590625 0.078009 0.022396 0.017130
2 0.590104 0.105324 0.016667 0.015278
2 0.620052 0.176620 0.036458 0.036574
0 0.672005 0.083796 0.016927 0.012963
0 0.676172 0.105556 0.015365 0.017593
0 0.687760 0.141898 0.014583 0.018056
2 0.297005 0.281481 0.016406 0.012037
2 0.295052 0.294676 0.017708 0.012500
2 0.297135 0.311574 0.018229 0.011111
0 0.297135 0.370602 0.015104 0.010648
2 0.297656 0.397222 0.016667 0.010185
2 0.297786 0.434259 0.016927 0.012037
2 0.299609 0.459259 0.018490 0.012037
2 0.281120 0.484028 0.017448 0.013426
2 0.298438 0.483102 0.015104 0.011574
0 0.370182 0.266667 0.007031 0.029630
0 0.368359 0.324769 0.008073 0.030093
2 0.369141 0.363657 0.007552 0.030093
0 0.370443 0.401620 0.007031 0.027315
0 0.371354 0.444676 0.006771 0.027315
0 0.370443 0.480093 0.007031 0.026852
0 0.371875 0.522454 0.006771 0.029167
2 0.333333 0.418981 0.019792 0.012037
2 0.335417 0.699306 0.020833 0.013426
0 0.282292 0.032407 0.006771 0.027778
0 0.244401 0.029861 0.007031 0.026389
0 0.235156 0.029861 0.009375 0.029167
2 0.226172 0.033565 0.008594 0.025463
0 0.955990 0.985417 0.016146 0.017130
0 0.864974 0.960185 0.014844 0.017593
0 0.864193 0.985185 0.014323 0.018519
0 0.806641 0.828935 0.010677 0.011574
2 0.792578 0.815509 0.012240 0.018056
0 0.706641 0.759954 0.013802 0.012500
0 0.512500 0.783102 0.013542 0.017130
0 0.492708 0.791204 0.015104 0.012963
0 0.485286 0.831019 0.012240 0.012963
0 0.471615 0.802778 0.016146 0.016667
2 0.303255 0.850926 0.015365 0.017593
0 0.026172 0.658796 0.009115 0.026852
0 0.033854 0.649306 0.007292 0.022685
0 0.049089 0.603704 0.015365 0.013889
2 0.066406 0.598611 0.017708 0.014815
2 0.010026 0.037731 0.007552 0.029167
2 0.022396 0.033565 0.009896 0.033796
2 0.149609 0.034491 0.007552 0.026389
2 0.159505 0.035648 0.008073 0.022222
2 0.188281 0.033796 0.007292 0.027778
2 0.197266 0.032639 0.007552 0.028241
2 0.255729 0.029398 0.007292 0.029167
0 0.235156 0.225926 0.009375 0.027778
0 0.245573 0.224074 0.010417 0.028704
0 0.250260 0.247917 0.006771 0.020833
2 0.244531 0.364583 0.019271 0.012500
2 0.334245 0.464583 0.016927 0.010648
2 0.333333 0.543287 0.016146 0.011574
0 0.334245 0.581481 0.009115 0.009259
2 0.334766 0.718981 0.019531 0.014815
2 0.350260 0.153009 0.020313 0.014352
2 0.351042 0.168056 0.014583 0.010185
0 0.369531 0.033565 0.004687 0.020833
2 0.590104 0.007639 0.022917 0.014352
0 0.578906 0.198843 0.014583 0.015278
0 0.553906 0.211806 0.015104 0.019907
0 0.535807 0.222454 0.012760 0.015278
0 0.484896 0.239815 0.013542 0.009259
0 0.513411 0.234491 0.013281 0.015278
2 0.791797 0.071759 0.019010 0.024074
2 0.788932 0.010185 0.009115 0.018519
2 0.798307 0.008565 0.006510 0.016204
0 0.834635 0.103009 0.015104 0.016204
2 0.916276 0.067130 0.015885 0.014815
0 0.893880 0.573611 0.011719 0.012963
0 0.877865 0.578472 0.015625 0.013426
2 0.924870 0.574074 0.017448 0.017593
0 0.955599 0.597685 0.016927 0.012963
0 0.813542 0.600694 0.007292 0.023611
0 0.820703 0.597454 0.006510 0.021759
0 0.801562 0.605324 0.009375 0.023611
0 0.786979 0.615741 0.008854 0.026852
2 0.824870 0.638426 0.016927 0.011111
0 0.864323 0.640741 0.008333 0.020370
0 0.707552 0.637037 0.007292 0.021296
2 0.559896 0.675926 0.024479 0.016667
2 0.445833 0.759954 0.011979 0.027315
2 0.072526 0.037269 0.006510 0.025463
0 0.349089 0.059491 0.015885 0.012500
2 0.335156 0.672685 0.016146 0.013889
2 0.887500 0.589352 0.016146 0.015741
2 0.933724 0.081250 0.009115 0.031019
2 0.898568 0.077083 0.014844 0.015278
