0 0.207943 0.037963 0.011198 0.025000
0 0.252083 0.055556 0.010937 0.028704
0 0.280208 0.139583 0.008333 0.029167
0 0.224219 0.174769 0.009375 0.028241
0 0.240104 0.189352 0.008854 0.026852
0 0.235807 0.225926 0.008073 0.026852
0 0.265885 0.431713 0.008333 0.024537
0 0.284375 0.497454 0.008854 0.028241
0 0.244010 0.934491 0.007812 0.024537
0 0.228516 0.980556 0.009115 0.023148
2 0.293880 0.950463 0.008073 0.024074
0 0.285547 0.976157 0.008073 0.021759
0 0.332292 0.607176 0.006771 0.023611
0 0.331771 0.576389 0.006250 0.020370
0 0.309375 0.423380 0.007812 0.025463
2 0.299740 0.168750 0.016146 0.030093
0 0.323047 0.204167 0.013802 0.014815
2 0.345443 0.084954 0.009635 0.040278
0 0.399870 0.079630 0.005990 0.025926
2 0.419271 0.077315 0.007292 0.028704
0 0.434505 0.078009 0.008073 0.030093
0 0.448828 0.080787 0.005469 0.029167
2 0.463542 0.050000 0.007292 0.030556
2 0.483984 0.048843 0.007031 0.031944
2 0.483724 0.079398 0.006510 0.026389
2 0.498437 0.079861 0.006771 0.031019
2 0.511979 0.077778 0.006771 0.030556
2 0.533333 0.078241 0.006771 0.028704
0 0.547917 0.077778 0.005729 0.027778
2 0.581510 0.076157 0.006250 0.030093
2 0.590625 0.074306 0.006771 0.030093
2 0.598437 0.078009 0.006250 0.029167
2 0.617318 0.031944 0.013281 0.011111
0 0.622396 0.063657 0.013021 0.008796
2 0.618620 0.081944 0.020573 0.016667
0 0.618490 0.130324 0.019792 0.011574
0 0.617969 0.145833 0.015625 0.013889
0 0.624609 0.162500 0.019531 0.016667
0 0.461198 0.211111 0.015625 0.012037
0 0.484375 0.209954 0.016146 0.013426
0 0.505208 0.209722 0.015104 0.012963
0 0.529948 0.209259 0.015104 0.012037
2 0.551432 0.206019 0.015365 0.012037
0 0.401302 0.234259 0.013542 0.011111
0 0.315625 0.317593 0.014063 0.016667
2 0.327344 0.340509 0.015625 0.023611
2 0.349349 0.329861 0.017448 0.013426
0 0.329688 0.764583 0.008333 0.022685
0 0.324479 0.805556 0.008333 0.025000
2 0.652734 0.656019 0.016927 0.062963
0 0.670964 0.775926 0.008594 0.027778
0 0.691276 0.755324 0.007552 0.024537
0 0.704297 0.746759 0.007031 0.031481
2 0.756771 0.918981 0.010937 0.030556
2 0.782943 0.899306 0.011198 0.031019
0 0.757292 0.679167 0.007292 0.028704
2 0.693490 0.602778 0.007292 0.029630
2 0.708333 0.606944 0.008333 0.039815
2 0.722266 0.599769 0.009115 0.036574
2 0.734896 0.605556 0.009375 0.040741
2 0.748307 0.604398 0.008594 0.039352
2 0.758073 0.603009 0.007812 0.029167
0 0.773828 0.603009 0.007031 0.027315
2 0.803385 0.608102 0.008333 0.036574
0 0.754036 0.634954 0.014844 0.010648
2 0.859635 0.637731 0.016146 0.009722
2 0.886198 0.608333 0.009375 0.034259
2 0.902865 0.606713 0.008333 0.031019
2 0.945052 0.636343 0.021354 0.012500
2 0.901302 0.533796 0.007292 0.025926
2 0.894010 0.501389 0.009896 0.031481
2 0.867188 0.498611 0.007812 0.027778
2 0.846484 0.501157 0.008594 0.030093
2 0.819141 0.500694 0.010156 0.029167
2 0.803906 0.505556 0.008854 0.027778
2 0.810156 0.535417 0.006250 0.027315
2 0.818750 0.536343 0.007812 0.030093
2 0.828125 0.536806 0.007812 0.031944
2 0.835547 0.537037 0.008594 0.035185
0 0.758854 0.506250 0.007292 0.025463
0 0.744401 0.507176 0.006510 0.027315
0 0.729036 0.507407 0.006510 0.024074
0 0.721354 0.537037 0.006771 0.026852
0 0.707682 0.537037 0.006510 0.024074
0 0.698828 0.538194 0.007552 0.027315
2 0.686198 0.519213 0.009375 0.044907
0 0.707292 0.502083 0.006771 0.025463
0 0.693490 0.431250 0.005208 0.028241
0 0.714974 0.438194 0.007031 0.030093
0 0.740234 0.435417 0.008594 0.029167
2 0.692578 0.381713 0.031510 0.015278
2 0.756250 0.378935 0.016667 0.011574
2 0.795182 0.427778 0.010677 0.037037
2 0.805599 0.431481 0.007031 0.025926
2 0.835026 0.433102 0.005990 0.025463
2 0.851172 0.433102 0.007552 0.028241
2 0.865365 0.431944 0.008333 0.027778
2 0.874089 0.432870 0.005990 0.026852
2 0.883594 0.432639 0.006250 0.025463
2 0.894010 0.430093 0.008333 0.029630
2 0.879036 0.378009 0.025781 0.017130
2 0.831901 0.375463 0.018490 0.012963
2 0.678385 0.302083 0.017188 0.012500
2 0.710026 0.302546 0.036719 0.015278
0 0.753516 0.303704 0.015365 0.011111
2 0.800521 0.300926 0.038021 0.017593
2 0.880729 0.299306 0.031250 0.018056
2 0.982422 0.309491 0.024219 0.016204
2 0.929297 0.309028 0.016927 0.011574
0 0.951562 0.315509 0.017188 0.010648
2 0.916276 0.255556 0.008594 0.028704
2 0.978646 0.205324 0.020833 0.014352
2 0.804948 0.148380 0.032292 0.016204
0 0.722526 0.175000 0.008073 0.028704
2 0.765234 0.212731 0.032031 0.016204
0 0.737109 0.210417 0.013802 0.010648
2 0.713932 0.211574 0.023177 0.018519
0 0.687109 0.174537 0.006510 0.025000
2 0.670964 0.176157 0.005469 0.027315
2 0.662760 0.176157 0.007812 0.027315
2 0.732422 0.112963 0.035156 0.017593
0 0.738672 0.054167 0.014323 0.011111
2 0.679948 0.255556 0.018229 0.014815
0 0.605729 0.208333 0.017188 0.014815
2 0.573177 0.207176 0.016146 0.014352
2 0.945833 0.777083 0.013542 0.025463
0 0.939714 0.375463 0.019010 0.014815
2 0.745313 0.953935 0.016667 0.014352
2 0.747135 0.966435 0.017188 0.014352
2 0.706901 0.956019 0.012240 0.034259
0 0.799089 0.637269 0.016927 0.013426
0 0.640625 0.582176 0.007812 0.024537
0 0.633854 0.539120 0.008333 0.026389
0 0.627865 0.506250 0.007812 0.024537
0 0.620964 0.463657 0.007031 0.026389
0 0.619010 0.414583 0.005208 0.025463
0 0.693490 0.507407 0.005208 0.027778
0 0.895182 0.609722 0.005469 0.022222
0 0.922396 0.145833 0.015104 0.011111
0 0.924609 0.107176 0.015885 0.012500
0 0.964714 0.142130 0.018490 0.012037
0 0.879948 0.069907 0.004167 0.019444
2 0.739453 0.019213 0.014844 0.011574
2 0.742448 0.006713 0.016146 0.012500
2 0.842969 0.241204 0.034896 0.015741
2 0.520312 0.143519 0.005729 0.034259
2 0.494401 0.141898 0.007031 0.031944
2 0.450260 0.141435 0.007292 0.030093
0 0.428255 0.139815 0.004948 0.021296
0 0.378776 0.005556 0.010156 0.010185
2 0.361589 0.142130 0.007031 0.035185
2 0.377083 0.143981 0.006771 0.029630
2 0.350130 0.141667 0.007552 0.035185
2 0.350781 0.009722 0.008854 0.018519
2 0.276042 0.083796 0.009375 0.027778
0 0.302604 0.386806 0.007812 0.027315
0 0.315365 0.481713 0.008333 0.025463
0 0.413021 0.989815 0.013542 0.012037
0 0.411328 0.969907 0.014323 0.017593
0 0.405078 0.943981 0.015885 0.014815
0 0.394792 0.805556 0.013542 0.011111
0 0.910807 0.311343 0.013802 0.022685
0 0.830859 0.209954 0.016927 0.015278
