0 0.978125 0.085880 0.011458 0.039352
2 0.990885 0.087963 0.013542 0.049074
0 0.965625 0.085185 0.011979 0.041667
0 0.953776 0.084259 0.010677 0.037963
0 0.940885 0.084259 0.011458 0.039815
0 0.936458 0.115972 0.013021 0.018056
0 0.923177 0.210417 0.009375 0.026389
0 0.930339 0.182639 0.022135 0.018981
0 0.934896 0.217824 0.011458 0.040278
0 0.947656 0.218981 0.011458 0.042593
0 0.972656 0.218519 0.009375 0.040741
0 0.983854 0.221528 0.012500 0.043056
0 0.994792 0.226157 0.009896 0.033796
2 0.961719 0.218981 0.015104 0.050000
0 0.501693 0.433102 0.024740 0.017130
0 0.866797 0.494907 0.024740 0.016667
2 0.852734 0.608333 0.027344 0.018519
0 0.807682 0.493981 0.025260 0.016667
2 0.412500 0.460185 0.025000 0.018519
0 0.746484 0.493287 0.025781 0.016204
0 0.690495 0.490046 0.024740 0.016204
0 0.627474 0.492130 0.024740 0.016667
0 0.539323 0.505787 0.022917 0.024537
0 0.475781 0.733565 0.010417 0.043056
0 0.249740 0.444213 0.020833 0.016204
0 0.485938 0.615278 0.013542 0.042593
1 0.333333 0.425000 0.057813 0.025000
0 0.251302 0.500231 0.025000 0.018981
0 0.197396 0.522222 0.022396 0.017593
0 0.228906 0.522917 0.025000 0.018056
0 0.175000 0.557407 0.030729 0.016667
0 0.270052 0.526620 0.025000 0.017130
0 0.291016 0.501389 0.024740 0.018519
0 0.323307 0.528935 0.024219 0.017130
0 0.325651 0.504630 0.023177 0.017593
0 0.359245 0.506250 0.022656 0.016204
0 0.360286 0.531713 0.025260 0.018056
0 0.397786 0.509028 0.023177 0.018981
0 0.396354 0.537269 0.025521 0.018056
2 0.460156 0.957870 0.010417 0.045370
0 0.314323 0.851620 0.026562 0.017130
0 0.313021 0.830324 0.027083 0.018056
0 0.313021 0.808565 0.027083 0.019907
0 0.314063 0.785648 0.026042 0.018519
0 0.318880 0.734259 0.020052 0.015741
0 0.319661 0.713657 0.019531 0.017130
0 0.316536 0.688657 0.025781 0.019907
0 0.315234 0.667824 0.023698 0.017130
0 0.336849 0.692361 0.011198 0.043981
0 0.348698 0.700000 0.010417 0.035185
0 0.374089 0.741435 0.022135 0.041204
0 0.382031 0.759259 0.023438 0.039815
0 0.390104 0.777315 0.021354 0.031481
0 0.396354 0.796065 0.025000 0.032870
0 0.400781 0.818750 0.026562 0.032870
0 0.405990 0.841667 0.025000 0.027778
0 0.409896 0.864815 0.025521 0.022222
0 0.409505 0.889583 0.025260 0.017130
0 0.410026 0.913426 0.026302 0.020370
1 0.119531 0.520370 0.059375 0.025000
2 0.495443 0.461343 0.025781 0.017130
0 0.943359 0.138194 0.026302 0.018981
0 0.064583 0.514583 0.025000 0.016204
0 0.166536 0.521991 0.025781 0.017130
0 0.512370 0.654167 0.009635 0.042593
2 0.558724 0.465972 0.026823 0.018056
0 0.624740 0.464583 0.025000 0.017130
2 0.688672 0.466435 0.025781 0.018056
0 0.213151 0.498611 0.024740 0.018519
0 0.621354 0.437500 0.020313 0.016667
0 0.177344 0.494907 0.024479 0.017593
0 0.569922 0.436806 0.024219 0.017130
0 0.466797 0.292593 0.010156 0.040741
0 0.780339 0.467361 0.024219 0.017130
0 0.918099 0.498611 0.024219 0.016667
0 0.844531 0.468287 0.027604 0.018056
2 0.843229 0.441204 0.028646 0.016667
