0 0.977083 0.079861 0.011458 0.039352
2 0.988932 0.081944 0.013802 0.050926
0 0.964323 0.077778 0.011979 0.041667
0 0.952214 0.078704 0.010677 0.037963
0 0.939193 0.079167 0.011198 0.041667
0 0.935286 0.110648 0.012760 0.016667
0 0.922396 0.205324 0.009375 0.026389
0 0.929557 0.178472 0.022135 0.018981
0 0.934115 0.213194 0.011458 0.040278
0 0.946354 0.214815 0.011458 0.042593
0 0.971875 0.212963 0.009375 0.040741
0 0.983333 0.214583 0.012500 0.043056
0 0.994010 0.221065 0.009896 0.033796
2 0.960677 0.213426 0.015104 0.050000
0 0.323307 0.425694 0.024219 0.018056
0 0.807422 0.488889 0.024219 0.015741
2 0.852995 0.604630 0.027344 0.018519
0 0.662109 0.487037 0.025260 0.016667
2 0.238802 0.470833 0.026042 0.016667
0 0.588932 0.462500 0.023177 0.016667
0 0.591406 0.487269 0.025000 0.017130
0 0.539062 0.502546 0.023438 0.025463
0 0.487760 0.590046 0.014583 0.042130
0 0.476693 0.770833 0.009115 0.041667
0 0.479948 0.978472 0.010937 0.040278
1 0.050651 0.410648 0.062760 0.025000
0 0.250521 0.501620 0.025000 0.018981
0 0.197135 0.524074 0.022396 0.017593
0 0.228385 0.525231 0.025000 0.018056
0 0.174219 0.560185 0.030729 0.016667
0 0.269271 0.528472 0.025000 0.017130
0 0.290234 0.502315 0.024740 0.018519
0 0.322266 0.528935 0.024219 0.017130
0 0.325651 0.504630 0.023177 0.017593
0 0.358724 0.507176 0.022656 0.016204
0 0.359766 0.531713 0.025260 0.018056
0 0.397786 0.509028 0.023177 0.018981
0 0.396094 0.536806 0.025521 0.018056
2 0.460938 0.957176 0.010417 0.046759
0 0.314844 0.852083 0.026562 0.017130
0 0.313281 0.830324 0.027083 0.018056
0 0.313021 0.808565 0.027083 0.019907
0 0.314063 0.785648 0.026042 0.018519
0 0.318880 0.734259 0.020052 0.015741
0 0.319922 0.714583 0.019531 0.017130
0 0.316536 0.688657 0.025781 0.019907
0 0.315234 0.667824 0.023698 0.017130
0 0.336849 0.692361 0.011198 0.043981
0 0.348698 0.700000 0.010417 0.035185
0 0.375391 0.741435 0.022135 0.041204
0 0.383333 0.759259 0.023438 0.039815
0 0.390885 0.776852 0.021354 0.031481
0 0.397917 0.796065 0.025000 0.032870
0 0.400781 0.819676 0.026562 0.032870
0 0.406250 0.841667 0.025000 0.027778
0 0.410677 0.864815 0.025521 0.022222
0 0.410547 0.890509 0.025260 0.017130
0 0.410547 0.913426 0.026302 0.020370
1 0.119531 0.523611 0.059375 0.025000
2 0.195182 0.443519 0.025260 0.017593
0 0.935026 0.134491 0.026302 0.018981
0 0.064844 0.517824 0.025000 0.016204
0 0.166016 0.524306 0.025781 0.017130
0 0.512370 0.652778 0.009635 0.042593
2 0.082422 0.446296 0.025781 0.017593
0 0.364193 0.457870 0.023177 0.017593
2 0.497005 0.459954 0.025781 0.018056
0 0.213151 0.500463 0.024740 0.018519
0 0.529687 0.426620 0.020833 0.018056
0 0.177083 0.497222 0.024479 0.017593
0 0.403646 0.428472 0.019792 0.017130
0 0.465755 0.292593 0.010156 0.040741
0 0.753125 0.487500 0.025000 0.016667
0 0.691667 0.460880 0.026562 0.018056
2 0.625000 0.438889 0.028125 0.018519
0 0.899349 0.487500 0.026823 0.017593
0 0.827734 0.438657 0.025781 0.017130
0 0.498047 0.928472 0.009115 0.043981
0 0.133464 0.585880 0.018490 0.017130
