0 0.977083 0.078472 0.011458 0.039352
2 0.988932 0.081481 0.013802 0.050926
0 0.964583 0.077315 0.011979 0.041667
0 0.952474 0.078241 0.010677 0.037963
0 0.939193 0.077315 0.011198 0.041667
0 0.935286 0.109722 0.012760 0.016667
0 0.922396 0.205324 0.009375 0.026389
0 0.929557 0.178472 0.022135 0.018981
0 0.934115 0.213194 0.011458 0.040278
0 0.946354 0.214815 0.011458 0.042593
0 0.971875 0.212963 0.009375 0.040741
0 0.983333 0.214583 0.012500 0.043056
0 0.994271 0.218287 0.009896 0.033796
2 0.960677 0.212037 0.015104 0.050000
0 0.251432 0.421065 0.024219 0.018056
0 0.813932 0.485648 0.025781 0.015741
2 0.852995 0.604630 0.027344 0.018519
0 0.624219 0.459722 0.026042 0.018519
2 0.096745 0.466898 0.025781 0.017130
0 0.499089 0.461343 0.022656 0.016204
0 0.603646 0.485417 0.025000 0.017130
0 0.540625 0.499769 0.025000 0.025463
0 0.495833 0.569444 0.018750 0.038889
0 0.480469 0.693519 0.009375 0.044444
0 0.479167 0.899537 0.009375 0.041667
0 0.250521 0.501620 0.025000 0.018981
0 0.197135 0.524074 0.022396 0.017593
0 0.227865 0.525231 0.025000 0.018056
0 0.174219 0.560185 0.030729 0.016667
0 0.269271 0.528472 0.025000 0.017130
0 0.290234 0.502315 0.024740 0.018519
0 0.322266 0.528935 0.024219 0.017130
0 0.325651 0.504630 0.023177 0.017593
0 0.358724 0.507176 0.022656 0.016204
0 0.359766 0.531713 0.025260 0.018056
0 0.397786 0.509028 0.023177 0.018981
0 0.396094 0.536806 0.025521 0.018056
2 0.460938 0.957176 0.010417 0.046759
0 0.314844 0.852546 0.026562 0.017130
0 0.313281 0.831250 0.027083 0.018056
0 0.313542 0.809491 0.027083 0.019907
0 0.313802 0.787500 0.026042 0.018519
0 0.318880 0.734722 0.020052 0.015741
0 0.319922 0.714583 0.019531 0.017130
0 0.316536 0.688657 0.025781 0.019907
0 0.315234 0.667824 0.023698 0.017130
0 0.336849 0.692361 0.011198 0.043981
0 0.348698 0.700000 0.010417 0.035185
0 0.375391 0.741435 0.022135 0.041204
0 0.383333 0.759259 0.023438 0.039815
0 0.390885 0.776852 0.021354 0.031481
0 0.397917 0.796065 0.025000 0.032870
0 0.401562 0.819213 0.026562 0.032870
0 0.407292 0.841667 0.025000 0.027778
0 0.410677 0.864815 0.025521 0.022222
0 0.410547 0.890509 0.025260 0.017130
0 0.411589 0.913889 0.026302 0.020370
1 0.119531 0.523611 0.059375 0.025000
0 0.935286 0.132639 0.026302 0.018981
0 0.064844 0.517824 0.025000 0.016204
0 0.166016 0.524306 0.025781 0.017130
0 0.512370 0.652778 0.009635 0.042593
2 0.077734 0.438889 0.025781 0.017593
0 0.243490 0.450000 0.023438 0.016667
2 0.400651 0.456713 0.024219 0.018981
0 0.212891 0.500463 0.024740 0.018519
0 0.503516 0.384722 0.016927 0.033333
0 0.177083 0.497222 0.024479 0.017593
0 0.344922 0.425694 0.023177 0.016204
0 0.465755 0.292593 0.010156 0.040741
0 0.748958 0.486574 0.023958 0.016667
0 0.693750 0.485648 0.025000 0.018519
2 0.562500 0.444444 0.027083 0.018519
0 0.726562 0.436343 0.024479 0.017130
0 0.127995 0.584259 0.020052 0.016667
0 0.498698 0.782639 0.009896 0.043981
