0 0.956510 0.253472 0.025000 0.028241
0 0.926562 0.453009 0.023958 0.017130
0 0.841667 0.473148 0.025000 0.024074
0 0.897786 0.426852 0.025260 0.018519
2 0.954948 0.417361 0.031771 0.020833
0 0.777865 0.545602 0.019792 0.037500
0 0.745964 0.742130 0.010156 0.040741
2 0.833073 0.441667 0.045312 0.032407
3 0.746224 0.956481 0.005990 0.021296
3 0.736068 0.866435 0.005469 0.017130
0 0.139974 0.465046 0.026302 0.017130
0 0.588802 0.010648 0.012500 0.020370
0 0.607812 0.025926 0.017708 0.041667
0 0.601302 0.054861 0.015625 0.043981
0 0.623698 0.075000 0.015625 0.041667
0 0.637109 0.125694 0.015365 0.042130
0 0.613151 0.109259 0.015365 0.041667
0 0.650911 0.109028 0.015365 0.039352
2 0.635286 0.054861 0.017969 0.045833
0 0.628646 0.170370 0.014063 0.039815
0 0.667969 0.169213 0.015625 0.040278
0 0.649479 0.179630 0.014063 0.039815
0 0.663542 0.234028 0.017708 0.043056
0 0.640365 0.220602 0.014063 0.039352
0 0.681771 0.221065 0.014583 0.039352
2 0.617578 0.210417 0.014844 0.045833
0 0.330469 0.636806 0.023958 0.018056
0 0.762109 0.965278 0.011719 0.038889
0 0.494010 0.912037 0.023438 0.018519
0 0.493880 0.891667 0.023177 0.016667
0 0.466016 0.892361 0.023698 0.018981
0 0.466146 0.871528 0.022396 0.018981
0 0.288542 0.831250 0.010417 0.041204
0 0.466797 0.912269 0.023698 0.018056
0 0.275651 0.984491 0.018490 0.016204
0 0.072526 0.385648 0.022135 0.017593
1 0.601042 0.379861 0.054688 0.026389
0 0.399089 0.415972 0.021094 0.018056
1 0.218880 0.466204 0.044531 0.021296
0 0.992188 0.435880 0.015625 0.018981
0 0.260026 0.464583 0.024219 0.017130
0 0.337240 0.465046 0.025000 0.017130
0 0.546354 0.846296 0.021875 0.017593
0 0.545703 0.889583 0.023177 0.018981
0 0.549349 0.814583 0.009635 0.031944
0 0.494141 0.871759 0.023177 0.016667
0 0.493620 0.850694 0.023177 0.017130
0 0.417578 0.850231 0.022656 0.014352
0 0.493750 0.933102 0.023438 0.018056
0 0.578646 0.521296 0.022917 0.016667
0 0.294922 0.464815 0.023698 0.015741
2 0.103646 0.464583 0.029167 0.018056
0 0.176432 0.466435 0.024219 0.018056
2 0.086719 0.662963 0.011979 0.035185
0 0.545833 0.910185 0.023958 0.018519
0 0.546875 0.934259 0.023958 0.018519
0 0.352604 0.827315 0.021875 0.016667
0 0.466536 0.932407 0.022656 0.017593
0 0.418099 0.911343 0.023177 0.017130
0 0.725651 0.671759 0.009115 0.041667
0 0.963542 0.288194 0.023438 0.023611
0 0.924740 0.227546 0.020833 0.026389
0 0.452083 0.467361 0.023438 0.016204
0 0.499479 0.494213 0.023438 0.016204
0 0.467448 0.518750 0.023438 0.016204
3 0.436458 0.554167 0.010417 0.007407
0 0.387500 0.465046 0.023438 0.016204
0 0.157943 0.492593 0.023698 0.016667
2 0.201042 0.514815 0.024479 0.016667
0 0.051953 0.661806 0.011198 0.041204
0 0.033464 0.662037 0.010677 0.030556
0 0.022135 0.663426 0.010937 0.037037
0 0.003646 0.664583 0.006771 0.036574
0 0.305990 0.676389 0.010937 0.044444
0 0.323698 0.700463 0.011979 0.018519
0 0.322917 0.741435 0.013021 0.017130
0 0.324349 0.761343 0.011719 0.018056
0 0.322656 0.719907 0.013021 0.017593
0 0.417318 0.931250 0.023177 0.017130
0 0.347526 0.991898 0.023698 0.016204
0 0.841016 0.870370 0.023698 0.033333
0 0.896484 0.940741 0.013281 0.041667
