0 0.534115 0.016898 0.011458 0.032870
0 0.477083 0.097685 0.011979 0.045370
0 0.486328 0.159491 0.009115 0.032870
0 0.332813 0.090278 0.021354 0.025000
0 0.282422 0.107407 0.015885 0.039815
0 0.269792 0.093519 0.013021 0.030556
0 0.243490 0.076620 0.015104 0.031019
0 0.232943 0.065509 0.013802 0.031019
0 0.226172 0.107176 0.023698 0.026389
0 0.117578 0.079861 0.015365 0.038426
2 0.035417 0.734259 0.011458 0.044444
2 0.033854 0.677778 0.010417 0.040741
0 0.037891 0.798611 0.011719 0.040741
0 0.036719 0.889120 0.011458 0.041204
0 0.137370 0.741898 0.021094 0.016204
0 0.222266 0.759954 0.020052 0.015278
2 0.210938 0.781250 0.010417 0.017130
0 0.397786 0.568750 0.024219 0.017130
0 0.426693 0.568519 0.023698 0.013889
0 0.402083 0.607407 0.026042 0.017593
0 0.429948 0.608333 0.025000 0.017593
0 0.457292 0.608796 0.023958 0.017593
0 0.461328 0.633796 0.023698 0.015741
0 0.432292 0.634954 0.025000 0.018981
0 0.403125 0.633565 0.025000 0.018981
0 0.413151 0.659259 0.025781 0.020370
0 0.413672 0.683102 0.024219 0.018056
0 0.443099 0.657870 0.025781 0.018519
0 0.472005 0.655787 0.025260 0.018056
0 0.510286 0.660880 0.011198 0.044907
0 0.469531 0.718287 0.009896 0.045833
0 0.457682 0.716435 0.010677 0.045833
0 0.445703 0.717361 0.010677 0.044907
0 0.433333 0.718981 0.009896 0.046296
0 0.441536 0.680556 0.025260 0.016667
0 0.615625 0.972917 0.009375 0.037500
0 0.604688 0.833102 0.008854 0.039352
0 0.634115 0.705324 0.009375 0.042130
0 0.636328 0.622685 0.010156 0.041667
0 0.625391 0.571065 0.010677 0.042130
0 0.689453 0.624537 0.009115 0.043519
0 0.700521 0.626157 0.009375 0.039352
0 0.765625 0.626620 0.009375 0.040278
2 0.606510 0.595833 0.006771 0.050926
0 0.870052 0.622685 0.010937 0.037037
0 0.883724 0.621528 0.010156 0.035648
0 0.895182 0.622222 0.010677 0.037963
0 0.919792 0.621759 0.009896 0.037963
0 0.930729 0.619213 0.008854 0.031019
0 0.950521 0.618981 0.010937 0.040741
2 0.987240 0.620833 0.011458 0.037037
1 0.055859 0.326620 0.059115 0.029167
1 0.132552 0.320139 0.057292 0.024537
1 0.006771 0.492130 0.013021 0.024074
0 0.176302 0.444444 0.018750 0.012963
0 0.248047 0.443287 0.024740 0.016204
0 0.226302 0.369444 0.021875 0.015741
0 0.212500 0.470370 0.023958 0.015741
0 0.325391 0.498843 0.024740 0.016204
0 0.353385 0.471528 0.023958 0.016204
0 0.501823 0.450000 0.023438 0.014815
0 0.495964 0.377315 0.024219 0.019444
2 0.521224 0.482176 0.033073 0.021759
0 0.677995 0.446528 0.023698 0.018056
0 0.668880 0.501389 0.024740 0.017593
0 0.762500 0.364583 0.025000 0.016204
0 0.775260 0.417593 0.022917 0.015741
0 0.813281 0.418519 0.025521 0.017593
0 0.825260 0.497454 0.022917 0.016204
2 0.852474 0.416435 0.026302 0.018056
2 0.890495 0.417593 0.026302 0.016667
0 0.929557 0.418056 0.019010 0.015741
0 0.963151 0.416898 0.017448 0.015278
0 0.989714 0.362731 0.020573 0.016204
3 0.409896 0.555324 0.010417 0.007870
