0 0.781641 0.182870 0.011198 0.041667
0 0.710286 0.181944 0.010156 0.037037
2 0.827865 0.402778 0.029687 0.016667
0 0.829036 0.424306 0.027344 0.018056
0 0.856120 0.439583 0.024219 0.015278
0 0.896484 0.396296 0.021615 0.014815
3 0.965495 0.439815 0.010677 0.009259
0 0.807292 0.887037 0.009375 0.039815
3 0.643620 0.914352 0.011719 0.010185
3 0.706510 0.921991 0.010937 0.009722
0 0.707682 0.701852 0.024219 0.017593
0 0.708464 0.722454 0.021094 0.017130
0 0.771354 0.690278 0.025000 0.017593
0 0.770703 0.711574 0.023698 0.017593
0 0.304557 0.713657 0.018490 0.015278
0 0.269010 0.677778 0.010417 0.023148
0 0.224349 0.678009 0.010156 0.020833
0 0.213281 0.676852 0.009375 0.018519
0 0.384115 0.491435 0.009375 0.038426
0 0.384635 0.448843 0.008854 0.040278
0 0.370573 0.435185 0.009896 0.039815
0 0.406380 0.362269 0.009635 0.036574
3 0.347656 0.419676 0.009375 0.007870
0 0.281901 0.350000 0.009635 0.033333
0 0.573438 0.094676 0.009375 0.039352
0 0.525391 0.181944 0.009115 0.041667
0 0.572656 0.232176 0.008333 0.030093
3 0.547005 0.263194 0.004948 0.020833
0 0.446354 0.729398 0.014063 0.036574
0 0.430339 0.780787 0.014323 0.038426
0 0.413281 0.843981 0.015104 0.037963
3 0.397266 0.847222 0.006510 0.018519
0 0.464453 0.885648 0.015365 0.026852
0 0.400651 0.903241 0.021094 0.030556
0 0.388672 0.957639 0.020052 0.034722
0 0.813802 0.122685 0.013021 0.018519
