0 0.689323 0.126157 0.011458 0.037500
0 0.666146 0.075926 0.024479 0.017593
0 0.608203 0.033565 0.015885 0.015278
0 0.610547 0.053472 0.019531 0.015278
0 0.610156 0.073843 0.018750 0.015278
0 0.611458 0.096296 0.021875 0.016667
0 0.665755 0.098843 0.017448 0.015278
0 0.665885 0.141435 0.022396 0.017130
0 0.665755 0.118981 0.022135 0.017593
0 0.665625 0.163194 0.023958 0.018056
0 0.611849 0.116204 0.021094 0.015741
0 0.613281 0.140046 0.017708 0.017130
0 0.612891 0.160648 0.017969 0.017593
0 0.609375 0.226852 0.019792 0.016667
0 0.609245 0.250926 0.021615 0.017593
0 0.664583 0.247685 0.023438 0.016667
0 0.665885 0.269444 0.024479 0.017593
0 0.664453 0.290972 0.022135 0.016204
0 0.663542 0.311111 0.022917 0.017593
0 0.663281 0.334491 0.022396 0.017130
0 0.591536 0.293056 0.017969 0.016667
0 0.588151 0.357407 0.019010 0.014815
2 0.590104 0.334259 0.020833 0.016667
2 0.590755 0.397222 0.019531 0.018519
0 0.587760 0.441435 0.021354 0.017130
0 0.587109 0.484028 0.020052 0.016204
0 0.590104 0.567824 0.018750 0.016204
0 0.589063 0.589352 0.019271 0.018519
0 0.590234 0.670602 0.018490 0.017130
0 0.587891 0.733796 0.016927 0.014815
0 0.639583 0.418519 0.021875 0.016667
0 0.638932 0.543981 0.022656 0.016667
0 0.637240 0.568056 0.024479 0.017593
0 0.664453 0.521528 0.022656 0.015278
0 0.665495 0.543519 0.019010 0.016667
0 0.663672 0.565509 0.023698 0.017130
0 0.664974 0.501389 0.023177 0.016667
0 0.638802 0.522917 0.023438 0.018981
0 0.640234 0.501620 0.023698 0.017130
0 0.638802 0.481250 0.022396 0.015278
0 0.664974 0.459954 0.023177 0.017130
0 0.666536 0.438194 0.022656 0.016204
0 0.639062 0.459954 0.023438 0.016204
0 0.664193 0.418287 0.023177 0.017130
0 0.665755 0.395139 0.023698 0.017130
0 0.641276 0.395139 0.021094 0.016204
0 0.638281 0.439352 0.022396 0.015741
0 0.713281 0.602546 0.009896 0.042130
0 0.726042 0.602315 0.010417 0.044444
0 0.746615 0.550926 0.021875 0.016667
0 0.745182 0.528241 0.020573 0.016667
0 0.746094 0.503472 0.023438 0.017130
0 0.897005 0.547454 0.023177 0.017130
0 0.895964 0.567824 0.022656 0.015278
0 0.895964 0.589583 0.023177 0.017130
0 0.896354 0.609954 0.023438 0.018056
0 0.923828 0.699074 0.022656 0.015741
0 0.923177 0.678472 0.021354 0.016204
0 0.973047 0.537269 0.011719 0.038426
0 0.972266 0.692824 0.022656 0.016204
0 0.465625 0.635880 0.007812 0.038426
0 0.612760 0.204630 0.016146 0.015741
0 0.585417 0.818287 0.016667 0.018981
0 0.895964 0.630324 0.023698 0.018056
0 0.895182 0.651852 0.021615 0.017593
0 0.895573 0.672222 0.022917 0.018519
0 0.894531 0.691667 0.024479 0.015741
0 0.895052 0.713426 0.026042 0.017593
0 0.922526 0.738194 0.023698 0.017130
0 0.921615 0.757407 0.021354 0.016667
0 0.921354 0.778009 0.021875 0.015278
0 0.921484 0.797222 0.022135 0.016667
0 0.972396 0.609722 0.023958 0.016667
0 0.972396 0.631250 0.024479 0.016204
0 0.971094 0.651852 0.019271 0.014815
0 0.972526 0.672222 0.024219 0.016667
0 0.581641 0.859028 0.017969 0.018981
0 0.579688 0.942593 0.021354 0.016667
0 0.894531 0.733565 0.023958 0.017130
0 0.894531 0.755093 0.023958 0.017593
0 0.893880 0.775463 0.022656 0.014815
0 0.893359 0.794907 0.023177 0.016667
0 0.923828 0.655787 0.022135 0.018056
0 0.925000 0.631944 0.025521 0.017593
0 0.924609 0.608333 0.023177 0.017593
0 0.926042 0.587500 0.024479 0.016667
0 0.972396 0.736343 0.022396 0.016204
0 0.972135 0.776852 0.021875 0.016667
0 0.466276 0.777546 0.009635 0.043056
0 0.463151 0.181944 0.009115 0.042593
0 0.449219 0.262500 0.009375 0.041667
0 0.700911 0.190509 0.010677 0.041204
0 0.591146 0.546991 0.014583 0.015278
0 0.584505 0.898380 0.017969 0.018981
0 0.893359 0.817361 0.023698 0.016204
0 0.920964 0.818287 0.021094 0.017130
0 0.985677 0.541898 0.010937 0.039352
0 0.972005 0.817824 0.023698 0.017130
0 0.451172 0.652546 0.008594 0.041204
0 0.486589 0.451620 0.009115 0.042130
0 0.746354 0.100231 0.008854 0.038426
0 0.585156 0.798380 0.016146 0.016204
0 0.580859 0.979398 0.019531 0.017130
3 0.492318 0.703472 0.004948 0.018981
0 0.498047 0.165278 0.009635 0.040741
0 0.449349 0.053704 0.009635 0.042593
0 0.276562 0.883102 0.010937 0.032870
0 0.266667 0.874537 0.011458 0.038889
0 0.251693 0.867824 0.012240 0.043056
0 0.240755 0.868519 0.009635 0.029630
0 0.228125 0.865741 0.013021 0.039815
0 0.206641 0.854167 0.012240 0.033333
0 0.175000 0.830556 0.012500 0.035185
0 0.307292 0.778009 0.011979 0.034722
0 0.383594 0.703704 0.013021 0.034259
0 0.406901 0.665741 0.022656 0.025000
0 0.382943 0.651852 0.022656 0.018519
3 0.360807 0.631481 0.005990 0.012963
3 0.354557 0.627778 0.005990 0.012963
0 0.078385 0.309491 0.023958 0.024537
0 0.259766 0.299769 0.023177 0.017130
0 0.290495 0.238194 0.011198 0.041204
0 0.301563 0.233565 0.007812 0.031019
0 0.311979 0.233102 0.010417 0.038426
0 0.323047 0.233565 0.010677 0.040278
2 0.342969 0.328009 0.023958 0.016204
3 0.274609 0.035185 0.009635 0.007407
3 0.243620 0.031944 0.009635 0.007407
3 0.150130 0.807639 0.012760 0.011574
0 0.995833 0.537500 0.008333 0.037037
