2 0.594661 0.039120 0.020573 0.018981
0 0.645964 0.035880 0.021615 0.017130
0 0.669922 0.035185 0.023698 0.019444
0 0.704427 0.087500 0.009375 0.037963
0 0.668229 0.059491 0.023438 0.016204
0 0.644141 0.059259 0.022135 0.017593
0 0.641797 0.080324 0.022135 0.016204
0 0.670052 0.079861 0.022396 0.016204
0 0.669141 0.100926 0.023698 0.015741
0 0.643099 0.102083 0.024219 0.017130
0 0.643620 0.124306 0.022135 0.017130
0 0.644010 0.144676 0.023438 0.018056
0 0.669271 0.143750 0.023438 0.017130
0 0.642708 0.165509 0.022917 0.018056
0 0.668490 0.164120 0.022396 0.016204
0 0.669922 0.186343 0.019010 0.018056
0 0.643099 0.188194 0.022656 0.019907
0 0.641276 0.212037 0.023177 0.018519
0 0.668229 0.209491 0.023958 0.018981
0 0.717708 0.243750 0.010417 0.035648
0 0.730469 0.244907 0.009896 0.037963
0 0.751432 0.192824 0.021615 0.016204
0 0.749609 0.170370 0.021094 0.015741
0 0.750521 0.144907 0.024479 0.017593
0 0.594922 0.083333 0.015365 0.017593
0 0.592318 0.125000 0.018490 0.016667
0 0.595052 0.189352 0.016146 0.015741
0 0.594401 0.209954 0.019010 0.017130
0 0.593359 0.231713 0.019010 0.017130
0 0.596094 0.315741 0.015104 0.015741
0 0.591276 0.379167 0.016927 0.015741
0 0.587760 0.444444 0.017188 0.015741
0 0.588932 0.463194 0.017448 0.017130
0 0.587240 0.504167 0.016146 0.016667
0 0.587760 0.544907 0.019271 0.018519
0 0.585026 0.587963 0.020052 0.016667
0 0.587109 0.627778 0.016927 0.015741
0 0.589063 0.648843 0.016146 0.016204
0 0.899089 0.460417 0.023698 0.017130
0 0.898698 0.437500 0.023438 0.014815
0 0.899349 0.418287 0.022656 0.016204
0 0.899740 0.396296 0.024479 0.015741
0 0.900000 0.375463 0.023958 0.015741
0 0.900000 0.354630 0.026562 0.017593
0 0.899740 0.334028 0.024479 0.017130
0 0.900781 0.313194 0.024479 0.017130
0 0.900260 0.291204 0.021875 0.017593
0 0.900911 0.269907 0.023177 0.016667
0 0.901432 0.249537 0.024219 0.016667
0 0.901563 0.229398 0.023438 0.017130
0 0.901693 0.208565 0.022656 0.016204
0 0.902083 0.186574 0.023438 0.017593
0 0.926432 0.459954 0.021615 0.016204
0 0.927214 0.440046 0.022135 0.016204
0 0.926693 0.420602 0.022135 0.016204
0 0.927214 0.400231 0.022135 0.016204
0 0.927474 0.379861 0.022135 0.016204
0 0.927995 0.340509 0.022135 0.016204
0 0.929167 0.319444 0.021875 0.016667
0 0.929427 0.297685 0.021875 0.016667
0 0.930599 0.270833 0.025781 0.015741
0 0.929557 0.248611 0.024219 0.013889
0 0.930990 0.226852 0.025000 0.016667
0 0.979297 0.176620 0.011198 0.042130
0 0.991927 0.179630 0.010417 0.038889
0 0.978516 0.249769 0.024219 0.015278
0 0.978255 0.270833 0.025260 0.015741
0 0.976953 0.292593 0.019010 0.014815
0 0.978255 0.313194 0.023698 0.017130
0 0.979036 0.333565 0.023698 0.017130
0 0.978776 0.377546 0.022656 0.015278
0 0.977474 0.418750 0.022135 0.016204
0 0.977995 0.459028 0.024219 0.016204
0 0.420312 0.887963 0.021354 0.014815
0 0.187760 0.909491 0.009896 0.035648
0 0.021615 0.810648 0.020313 0.016667
0 0.380469 0.665046 0.008854 0.033796
2 0.295052 0.680787 0.026562 0.018056
3 0.228125 0.679630 0.008854 0.009259
0 0.366536 0.569444 0.005990 0.032407
0 0.280078 0.530093 0.012240 0.039815
0 0.270703 0.519213 0.011719 0.040278
0 0.256120 0.510880 0.011719 0.040278
0 0.244922 0.511574 0.010677 0.029630
0 0.231901 0.509722 0.012760 0.039815
0 0.210286 0.496065 0.011198 0.031944
0 0.178776 0.470370 0.013281 0.037037
0 0.311068 0.417593 0.013281 0.037963
3 0.153516 0.451157 0.012240 0.012500
0 0.389062 0.344907 0.011979 0.031481
0 0.411068 0.308565 0.022135 0.026389
0 0.386849 0.290972 0.022656 0.025463
3 0.364453 0.273611 0.004948 0.018519
3 0.358203 0.268056 0.004948 0.018519
0 0.470964 0.949306 0.009635 0.041204
0 0.482812 0.882176 0.008854 0.039352
2 0.499349 0.967361 0.009635 0.043056
0 0.457422 0.859259 0.008073 0.040741
0 0.469661 0.818287 0.008073 0.037500
2 0.510938 0.812963 0.009375 0.048148
0 0.496745 0.692130 0.008594 0.039815
0 0.510156 0.676852 0.008854 0.034259
0 0.454167 0.477083 0.007812 0.034722
1 0.509896 0.520139 0.012500 0.091204
0 0.466536 0.356713 0.009115 0.038426
2 0.503255 0.298380 0.009115 0.043981
0 0.452474 0.251157 0.009635 0.041204
0 0.486458 0.189583 0.008333 0.031019
0 0.501172 0.034954 0.010156 0.043981
