0 0.198307 0.991204 0.007552 0.017593
0 0.179557 0.937500 0.008594 0.022222
2 0.050911 0.617824 0.012760 0.022685
0 0.038802 0.582407 0.009375 0.021296
2 0.021615 0.554167 0.013542 0.020370
2 0.016927 0.540741 0.013542 0.020370
0 0.008073 0.521065 0.009896 0.017130
0 0.005078 0.509954 0.009635 0.017130
0 0.027604 0.429630 0.012500 0.026852
0 0.115755 0.270370 0.012760 0.026852
1 0.149870 0.239352 0.028906 0.063889
0 0.160286 0.229630 0.012760 0.026852
1 0.169010 0.220833 0.027604 0.065741
1 0.177604 0.206944 0.027604 0.065741
0 0.201693 0.027546 0.010677 0.025463
2 0.213932 0.059259 0.019531 0.040741
2 0.245052 0.140278 0.019271 0.042593
0 0.271484 0.211574 0.011719 0.025000
0 0.282422 0.241667 0.011719 0.025000
0 0.294661 0.274537 0.011719 0.025000
0 0.305599 0.304167 0.011719 0.025000
0 0.323047 0.349769 0.009115 0.019907
0 0.336198 0.388194 0.011979 0.023611
0 0.346875 0.414583 0.011979 0.023611
0 0.361979 0.457870 0.011979 0.025926
0 0.392448 0.540972 0.010417 0.023611
2 0.383594 0.596759 0.019271 0.029630
2 0.361589 0.628704 0.022656 0.030556
2 0.340885 0.650463 0.014583 0.021296
2 0.351432 0.675000 0.019531 0.028704
0 0.408984 0.612037 0.014323 0.018519
2 0.304557 0.690046 0.014844 0.023611
2 0.293359 0.757639 0.008594 0.028241
0 0.288672 0.672685 0.010677 0.023148
0 0.270964 0.695833 0.010677 0.023148
0 0.254297 0.731250 0.013802 0.016204
2 0.492578 0.532176 0.009635 0.026389
0 0.471745 0.749074 0.011198 0.025000
0 0.489844 0.762037 0.011979 0.025000
0 0.483073 0.779630 0.009375 0.019444
0 0.493750 0.804398 0.010417 0.021759
0 0.504297 0.827315 0.011198 0.025000
0 0.542969 0.919907 0.011979 0.022222
0 0.644010 0.968056 0.013542 0.019444
2 0.648568 0.986806 0.017448 0.023611
0 0.690104 0.990278 0.013542 0.019444
0 0.707682 0.965741 0.012760 0.019444
0 0.816016 0.814352 0.014323 0.021296
0 0.833594 0.794444 0.013542 0.014815
2 0.802734 0.831713 0.009635 0.017130
0 0.885677 0.894676 0.013021 0.024537
0 0.914193 0.876620 0.014323 0.026389
0 0.908724 0.951852 0.012240 0.016667
0 0.870182 0.982639 0.014323 0.019907
0 0.908984 0.984954 0.010156 0.030093
2 0.920052 0.985185 0.009896 0.025926
2 0.966406 0.431250 0.017708 0.010648
2 0.988672 0.433102 0.022135 0.015278
2 0.899089 0.124306 0.011198 0.030093
2 0.840365 0.031019 0.009896 0.032407
2 0.831250 0.012269 0.009375 0.023611
2 0.582552 0.126389 0.017188 0.014815
2 0.467839 0.415046 0.014323 0.020833
2 0.448698 0.428472 0.013542 0.025463
0 0.450911 0.372222 0.014323 0.020370
0 0.445833 0.360417 0.014583 0.022685
2 0.249609 0.802315 0.017448 0.037963
2 0.228906 0.870833 0.012500 0.025926
2 0.187630 0.799769 0.014844 0.028241
0 0.205859 0.720139 0.010677 0.023611
0 0.179297 0.748380 0.011719 0.023611
0 0.151172 0.766204 0.011719 0.022222
0 0.150130 0.588889 0.011719 0.024074
0 0.156380 0.571296 0.011719 0.024074
0 0.122526 0.490278 0.010156 0.020370
2 0.100911 0.542824 0.013802 0.028241
1 0.158333 0.520833 0.017708 0.035185
0 0.054427 0.348380 0.012500 0.025463
0 0.046615 0.180093 0.011979 0.026852
0 0.003906 0.190278 0.007292 0.023148
2 0.032552 0.068287 0.010417 0.029167
