2 0.013411 0.905093 0.009115 0.029630
2 0.017448 0.934722 0.011458 0.032407
2 0.035417 0.890972 0.007292 0.031019
0 0.037500 0.928472 0.007812 0.025463
2 0.040365 0.976389 0.009375 0.026852
2 0.141016 0.990509 0.016406 0.010648
0 0.169271 0.993519 0.016667 0.012037
0 0.177083 0.890046 0.013542 0.013426
2 0.176432 0.804167 0.008594 0.030556
2 0.184766 0.802778 0.008594 0.030556
0 0.036979 0.824074 0.016667 0.016667
2 0.012630 0.806944 0.024740 0.023148
1 0.063281 0.787731 0.026562 0.021759
0 0.098437 0.797917 0.017708 0.016204
0 0.161719 0.752315 0.015104 0.014815
0 0.276562 0.730093 0.016146 0.014815
2 0.222266 0.751852 0.020052 0.021296
2 0.317448 0.721759 0.017708 0.014815
0 0.278255 0.948380 0.007552 0.025463
0 0.270833 0.987500 0.011458 0.012963
0 0.256250 0.995139 0.015104 0.009722
2 0.330729 0.970602 0.016146 0.016204
0 0.354297 0.986343 0.014844 0.016204
0 0.386068 0.953009 0.007552 0.027315
0 0.385547 0.883565 0.007552 0.027315
0 0.428255 0.838889 0.010156 0.027778
0 0.406901 0.783102 0.006510 0.024537
0 0.399609 0.782639 0.006510 0.024537
0 0.392318 0.779861 0.007031 0.023611
0 0.378516 0.776620 0.005990 0.022685
2 0.372135 0.807870 0.017188 0.013889
2 0.421094 0.781944 0.006771 0.026852
2 0.428516 0.782639 0.007031 0.027315
0 0.452214 0.777315 0.013802 0.011111
2 0.475260 0.780787 0.015625 0.013426
0 0.647135 0.910880 0.013542 0.013426
0 0.648568 0.949769 0.014844 0.013426
0 0.673568 0.798148 0.015885 0.013889
0 0.693490 0.800926 0.014063 0.012037
0 0.730208 0.807639 0.016146 0.012500
2 0.773438 0.817361 0.017188 0.014352
0 0.987760 0.170833 0.007812 0.026852
2 0.997396 0.176157 0.005208 0.035648
0 0.982682 0.291898 0.014844 0.010648
0 0.961328 0.291435 0.014844 0.010648
0 0.901172 0.290046 0.014844 0.010648
0 0.836328 0.285185 0.014323 0.011111
0 0.819922 0.286574 0.014323 0.011111
0 0.802344 0.285880 0.011979 0.008796
0 0.782161 0.282639 0.015365 0.010648
2 0.698438 0.118287 0.010937 0.026389
0 0.683854 0.284028 0.006771 0.025463
0 0.641536 0.262731 0.012240 0.012500
2 0.663281 0.307639 0.008854 0.036574
2 0.662630 0.359722 0.009635 0.043519
2 0.677474 0.402778 0.009115 0.037037
2 0.660807 0.403935 0.006510 0.029167
2 0.655990 0.479630 0.007292 0.028704
0 0.639453 0.489120 0.013802 0.011574
0 0.638672 0.529398 0.013802 0.011574
0 0.663281 0.534722 0.008333 0.027778
2 0.679688 0.534954 0.014583 0.020833
0 0.587500 0.254398 0.016146 0.012500
0 0.559505 0.250231 0.014323 0.011574
0 0.541536 0.247917 0.014323 0.011574
0 0.517188 0.243056 0.012500 0.010185
0 0.487109 0.239583 0.015885 0.012500
0 0.468229 0.237500 0.013542 0.012037
0 0.444531 0.233796 0.014583 0.012037
0 0.425911 0.231944 0.014844 0.013889
0 0.594922 0.076389 0.006510 0.029630
0 0.602474 0.076852 0.006510 0.029630
2 0.632552 0.078935 0.006771 0.029167
2 0.627995 0.112963 0.016406 0.012963
2 0.380469 0.222454 0.024479 0.018981
2 0.326693 0.215046 0.024219 0.018056
0 0.305729 0.214583 0.014583 0.012500
0 0.207943 0.027546 0.007031 0.030093
0 0.361328 0.481019 0.016406 0.014815
0 0.369271 0.393750 0.016146 0.011574
1 0.367839 0.412963 0.037760 0.021296
1 0.371224 0.374769 0.039844 0.023611
1 0.370833 0.353472 0.038542 0.023611
2 0.988151 0.782870 0.023698 0.020370
0 0.979557 0.753935 0.014844 0.012500
0 0.993099 0.738657 0.013281 0.011574
0 0.974870 0.736574 0.014844 0.012037
0 0.971875 0.718750 0.014583 0.010648
0 0.989583 0.720602 0.014583 0.010648
0 0.955990 0.753009 0.012500 0.011574
0 0.948828 0.777083 0.013802 0.010648
0 0.931771 0.773611 0.014583 0.012963
0 0.936719 0.750463 0.014583 0.012963
0 0.914193 0.684954 0.014323 0.010648
0 0.916797 0.713889 0.015365 0.011111
0 0.902995 0.660185 0.015885 0.012037
0 0.885286 0.617593 0.015365 0.011111
0 0.910026 0.731481 0.015365 0.011111
0 0.900260 0.747454 0.014583 0.010648
0 0.902344 0.771296 0.015104 0.012037
0 0.867969 0.769213 0.014063 0.010648
0 0.877865 0.745139 0.014063 0.010648
0 0.870703 0.713194 0.013802 0.012500
0 0.890495 0.729167 0.014323 0.012963
0 0.851042 0.708333 0.015104 0.012963
0 0.855339 0.743750 0.013281 0.012500
2 0.861719 0.727083 0.021354 0.013426
2 0.889062 0.712731 0.016146 0.011574
2 0.948177 0.719213 0.016146 0.011574
2 0.948568 0.736111 0.019010 0.013889
0 0.834896 0.743750 0.011979 0.010648
0 0.811068 0.738426 0.015365 0.012037
0 0.800000 0.704630 0.014063 0.011111
0 0.806250 0.722917 0.012500 0.010648
0 0.789453 0.738194 0.014844 0.012500
0 0.770833 0.760185 0.016146 0.012037
0 0.768490 0.737269 0.015104 0.011574
0 0.752865 0.717361 0.015104 0.011574
0 0.742448 0.736343 0.015625 0.012500
0 0.749740 0.634028 0.015104 0.011574
0 0.719141 0.736111 0.013802 0.011111
0 0.707161 0.712963 0.011198 0.010185
0 0.694531 0.730787 0.016146 0.012500
1 0.613281 0.725231 0.034375 0.019907
0 0.614974 0.746991 0.015885 0.011574
0 0.592969 0.686111 0.016667 0.012963
2 0.582292 0.587963 0.021354 0.015741
0 0.554427 0.702315 0.015625 0.011111
0 0.551302 0.737500 0.016667 0.012963
0 0.508073 0.730324 0.017188 0.012500
0 0.493490 0.678935 0.016146 0.011574
0 0.461458 0.727546 0.015104 0.010648
0 0.415755 0.718056 0.014844 0.012963
0 0.396094 0.688194 0.011458 0.010648
0 0.395703 0.669676 0.016406 0.012500
0 0.344661 0.667824 0.014844 0.012500
0 0.338542 0.702083 0.016146 0.012500
0 0.320443 0.529861 0.015885 0.013426
2 0.242188 0.693519 0.018750 0.012963
0 0.215625 0.655324 0.016146 0.012500
0 0.145703 0.566435 0.013802 0.010648
2 0.179036 0.426852 0.014844 0.020370
2 0.053776 0.381250 0.027344 0.043056
2 0.037630 0.380093 0.026823 0.045370
0 0.016667 0.419676 0.014583 0.018056
0 0.021094 0.432176 0.016146 0.017130
0 0.022135 0.447222 0.015104 0.016667
0 0.018229 0.471065 0.015104 0.011574
0 0.005339 0.374306 0.010156 0.017130
