0 0.952344 0.994907 0.005208 0.010185
0 0.945443 0.988194 0.006510 0.016204
0 0.938802 0.983102 0.006771 0.018056
0 0.931771 0.978472 0.007292 0.024537
0 0.924089 0.981250 0.005990 0.020833
0 0.916927 0.977315 0.008854 0.027778
0 0.902083 0.975463 0.007812 0.028704
0 0.856250 0.914583 0.016146 0.013426
2 0.855729 0.930787 0.016667 0.014352
0 0.852865 0.849306 0.011979 0.028241
2 0.904167 0.795139 0.016146 0.013426
0 0.880729 0.789352 0.015625 0.012963
0 0.834115 0.789583 0.007812 0.022685
0 0.826432 0.788426 0.008073 0.025000
0 0.819141 0.783796 0.008073 0.025000
0 0.805599 0.780093 0.007031 0.024074
2 0.798698 0.811806 0.015104 0.014352
2 0.849349 0.790278 0.009635 0.028704
2 0.856380 0.792593 0.008594 0.027778
0 0.799479 0.959491 0.009375 0.026389
0 0.765365 0.988657 0.014063 0.018981
2 0.743490 0.970139 0.015625 0.017130
0 0.683594 0.981481 0.011458 0.012037
0 0.668880 0.989120 0.014323 0.015278
0 0.616016 0.985880 0.014323 0.015278
0 0.575781 0.974074 0.015625 0.013889
2 0.555990 0.969213 0.014063 0.014352
0 0.549740 0.994444 0.015104 0.011111
0 0.530859 0.987731 0.015365 0.015278
0 0.513542 0.983796 0.016146 0.014815
2 0.606510 0.784491 0.007812 0.028241
2 0.614844 0.784028 0.007812 0.028241
0 0.682292 0.726620 0.014583 0.012500
0 0.593490 0.731250 0.014583 0.012500
2 0.575260 0.759722 0.017708 0.015741
1 0.494010 0.756019 0.023438 0.019444
2 0.461068 0.856019 0.007031 0.031481
2 0.440625 0.899074 0.008854 0.031481
2 0.460807 0.944213 0.007031 0.027315
2 0.436719 0.866204 0.008854 0.031481
0 0.460417 0.894444 0.006250 0.027778
0 0.465234 0.975463 0.010156 0.027778
0 0.104557 0.931944 0.009635 0.012963
0 0.109635 0.916898 0.013021 0.015278
0 0.114714 0.889120 0.012240 0.015278
0 0.116927 0.872222 0.013021 0.015741
0 0.123177 0.856481 0.008854 0.010185
1 0.056771 0.748611 0.014063 0.043519
0 0.144922 0.736574 0.015885 0.016667
0 0.181250 0.693750 0.018229 0.016204
0 0.217578 0.690046 0.016406 0.015278
0 0.235937 0.719444 0.015625 0.015741
2 0.243750 0.704167 0.017708 0.017593
2 0.269792 0.717361 0.011979 0.013426
0 0.255990 0.774537 0.009375 0.023148
0 0.250781 0.802315 0.009375 0.025926
2 0.324870 0.744213 0.038281 0.030093
2 0.364453 0.760880 0.023177 0.018981
0 0.373307 0.782870 0.014844 0.014815
0 0.429036 0.802315 0.014844 0.012037
2 0.443099 0.768981 0.023177 0.021296
0 0.738281 0.716898 0.016146 0.012500
0 0.779036 0.703009 0.014844 0.012500
0 0.781380 0.679861 0.015885 0.013426
0 0.808724 0.726157 0.016927 0.014352
0 0.844141 0.711806 0.014844 0.013426
0 0.860417 0.664583 0.015104 0.013426
0 0.991927 0.765046 0.016146 0.012500
2 0.982682 0.716435 0.015885 0.014352
2 0.926823 0.731250 0.019271 0.015278
2 0.956510 0.755324 0.016146 0.014352
2 0.708594 0.685880 0.017188 0.014352
0 0.683854 0.662963 0.015104 0.012037
0 0.637500 0.671528 0.011458 0.011574
0 0.607682 0.646528 0.015365 0.013426
2 0.472005 0.623611 0.026823 0.019444
2 0.417187 0.634028 0.017708 0.013426
0 0.419531 0.602315 0.011979 0.012963
0 0.345052 0.582870 0.015104 0.013889
0 0.328906 0.599537 0.016667 0.012963
2 0.283333 0.630556 0.044792 0.020370
0 0.238281 0.562963 0.016667 0.012963
0 0.235677 0.583102 0.015625 0.013426
0 0.178516 0.557639 0.021094 0.015278
0 0.176823 0.591435 0.018229 0.014352
0 0.082161 0.586806 0.008594 0.021759
0 0.107943 0.457176 0.010677 0.027315
0 0.111979 0.387731 0.009375 0.026389
0 0.100260 0.390972 0.009375 0.031019
0 0.086979 0.400463 0.010417 0.030556
0 0.076302 0.324306 0.015625 0.018981
0 0.106901 0.283796 0.011198 0.031481
0 0.074219 0.228935 0.013021 0.027315
0 0.062109 0.186343 0.012240 0.028241
0 0.080208 0.173611 0.010937 0.029630
0 0.053255 0.149074 0.010156 0.026852
2 0.087500 0.140741 0.010937 0.032407
0 0.008984 0.090509 0.016927 0.020833
2 0.020833 0.077315 0.018229 0.019444
0 0.139323 0.164352 0.011458 0.030556
0 0.165755 0.135185 0.009115 0.024074
0 0.136068 0.126389 0.009635 0.030556
0 0.159896 0.063889 0.009375 0.023148
0 0.153646 0.041435 0.009896 0.021759
0 0.170573 0.012269 0.010937 0.023611
0 0.242448 0.397917 0.008333 0.029167
0 0.254167 0.405324 0.008333 0.029167
0 0.389974 0.529861 0.016406 0.014352
0 0.416927 0.516435 0.016146 0.013426
2 0.536979 0.523148 0.022917 0.016667
0 0.701172 0.592361 0.016406 0.013426
2 0.866927 0.612963 0.019271 0.013889
0 0.227604 0.350463 0.015104 0.018519
0 0.291536 0.339352 0.007031 0.016667
0 0.294922 0.325463 0.007031 0.016667
0 0.302083 0.302083 0.007292 0.020833
0 0.313932 0.300463 0.007031 0.016667
0 0.289583 0.367824 0.008333 0.017130
0 0.290625 0.352315 0.007812 0.014815
0 0.346745 0.423843 0.014844 0.011574
0 0.364583 0.430787 0.016667 0.013426
0 0.383854 0.432639 0.014583 0.012500
0 0.441667 0.430324 0.015625 0.012500
0 0.463281 0.429861 0.015625 0.012500
0 0.505729 0.431019 0.006771 0.029630
0 0.505078 0.395833 0.005990 0.028704
0 0.465365 0.377315 0.014063 0.017593
0 0.469271 0.390741 0.015104 0.014815
0 0.469010 0.407176 0.015104 0.016204
0 0.454818 0.350463 0.013802 0.015741
0 0.455078 0.331250 0.014323 0.017130
2 0.452344 0.316898 0.017708 0.017130
2 0.449089 0.283796 0.016927 0.020370
2 0.492578 0.340046 0.022656 0.050463
2 0.507031 0.343750 0.022917 0.046759
2 0.624870 0.402778 0.014844 0.022222
2 0.450391 0.175463 0.021094 0.068519
2 0.430990 0.098843 0.017708 0.057870
0 0.459245 0.056481 0.010156 0.029630
2 0.419792 0.034954 0.011979 0.043981
0 0.345703 0.144907 0.012760 0.019444
0 0.332161 0.128241 0.012760 0.019444
0 0.261589 0.124306 0.013281 0.019907
0 0.283464 0.115741 0.017969 0.009259
0 0.243620 0.118287 0.016406 0.013426
0 0.803776 0.479630 0.016406 0.016667
0 0.815104 0.392824 0.015625 0.012500
1 0.815495 0.412731 0.041406 0.028241
1 0.819792 0.375000 0.042708 0.030556
1 0.820833 0.353009 0.041146 0.029167
0 0.669271 0.009954 0.006250 0.018981
0 0.757292 0.204167 0.015104 0.013889
2 0.779818 0.207176 0.022656 0.018056
2 0.832292 0.221296 0.026562 0.022222
0 0.875651 0.235417 0.015885 0.014352
0 0.893880 0.240972 0.015885 0.014352
0 0.916536 0.246528 0.015885 0.014352
0 0.934505 0.251157 0.015885 0.014352
0 0.964063 0.259028 0.012500 0.012500
0 0.988672 0.265509 0.015885 0.014352
3 0.070182 0.136343 0.005469 0.013426
3 0.061328 0.115509 0.005469 0.013426
3 0.072005 0.151157 0.005469 0.013426
3 0.064193 0.112269 0.005469 0.013426
