0 0.637630 0.572685 0.012240 0.016667
0 0.938802 0.168981 0.010937 0.012963
0 0.938672 0.183796 0.017448 0.017593
0 0.937891 0.198611 0.015365 0.021296
0 0.933984 0.211806 0.016406 0.020833
2 0.928516 0.227546 0.016927 0.019907
0 0.924219 0.238657 0.013021 0.016204
0 0.921094 0.250231 0.016667 0.023611
0 0.910026 0.277778 0.016406 0.024074
2 0.914714 0.263426 0.015885 0.025000
0 0.897917 0.300463 0.014583 0.020370
2 0.904167 0.289352 0.012500 0.019444
0 0.892969 0.314120 0.015625 0.021759
0 0.886719 0.324537 0.011458 0.018519
0 0.881510 0.336343 0.012500 0.018981
0 0.877865 0.351157 0.015104 0.019907
0 0.841797 0.292130 0.012240 0.023148
2 0.813802 0.311574 0.008333 0.030556
0 0.951953 0.442361 0.016927 0.021759
0 0.988411 0.477083 0.015885 0.017130
2 0.853385 0.764815 0.019792 0.030556
0 0.830859 0.723843 0.012240 0.027315
0 0.817708 0.698611 0.013542 0.025000
0 0.809505 0.709491 0.014323 0.024537
0 0.801432 0.723148 0.013802 0.027778
0 0.839714 0.492593 0.012240 0.023148
0 0.792057 0.415741 0.013281 0.013889
0 0.773958 0.422917 0.016667 0.015278
0 0.750391 0.434954 0.019010 0.013426
1 0.738151 0.368981 0.009635 0.043519
0 0.808464 0.897917 0.015365 0.031944
0 0.766927 0.798380 0.015104 0.029167
2 0.636589 0.770602 0.017969 0.023611
2 0.770312 0.098148 0.010417 0.032407
0 0.703776 0.078009 0.017448 0.021759
0 0.761979 0.061574 0.011458 0.025926
0 0.773828 0.160185 0.009635 0.030556
0 0.673047 0.217361 0.015885 0.020833
0 0.392057 0.431944 0.010677 0.024074
2 0.277865 0.566667 0.019271 0.025926
2 0.325000 0.339815 0.010937 0.029630
2 0.314714 0.296296 0.011198 0.028704
0 0.071615 0.281250 0.011458 0.010648
0 0.036198 0.239120 0.012500 0.022685
2 0.149870 0.044676 0.017969 0.013426
2 0.189714 0.042824 0.016927 0.023611
2 0.283724 0.051389 0.018490 0.016667
2 0.302995 0.041435 0.019010 0.017130
2 0.175781 0.506481 0.018229 0.015741
2 0.218229 0.477315 0.033333 0.025926
0 0.979557 0.256944 0.016406 0.017593
1 0.978906 0.228472 0.025000 0.031019
1 0.967839 0.188889 0.023698 0.039815
2 0.704427 0.663657 0.010937 0.031019
0 0.571484 0.140972 0.015365 0.016204
2 0.472786 0.432639 0.011198 0.020833
0 0.017188 0.269676 0.015104 0.014352
0 0.179948 0.250694 0.014583 0.015278
2 0.048047 0.185648 0.011198 0.034259
0 0.996224 0.246759 0.007552 0.013889
2 0.064714 0.014352 0.012760 0.025926
0 0.129036 0.312500 0.014323 0.014815
0 0.305990 0.220602 0.013021 0.014352
2 0.222917 0.050694 0.009375 0.029167
0 0.752865 0.178704 0.011458 0.029630
0 0.749609 0.228472 0.015885 0.019907
0 0.704688 0.239120 0.017708 0.017130
0 0.254036 0.944213 0.015885 0.030093
2 0.836328 0.340741 0.016927 0.027778
