0 0.658464 0.642361 0.012760 0.016204
0 0.963411 0.242824 0.010677 0.014352
0 0.963411 0.257407 0.016406 0.019444
0 0.962500 0.272917 0.014583 0.020833
2 0.952083 0.303009 0.016667 0.021759
0 0.957422 0.286343 0.016927 0.023611
0 0.947656 0.313426 0.012500 0.017593
0 0.943880 0.325926 0.016927 0.024074
2 0.938151 0.338426 0.015885 0.025000
0 0.932682 0.352315 0.015885 0.024074
2 0.927474 0.363889 0.012760 0.020370
0 0.920573 0.374306 0.014063 0.018981
0 0.916146 0.387963 0.014583 0.021296
0 0.910156 0.399074 0.010937 0.019444
0 0.904167 0.410417 0.012500 0.018981
0 0.865365 0.364120 0.011979 0.026389
2 0.836589 0.385417 0.007552 0.031019
0 0.973828 0.517824 0.016927 0.023611
2 0.873958 0.841898 0.018750 0.031019
0 0.851693 0.801157 0.011719 0.028241
0 0.839193 0.776620 0.012240 0.023611
0 0.830599 0.786806 0.012240 0.024537
0 0.822917 0.800926 0.011458 0.027778
0 0.900391 0.424769 0.015885 0.019907
0 0.813151 0.488889 0.011719 0.013889
0 0.772656 0.505324 0.018229 0.014352
0 0.795182 0.496296 0.017448 0.015741
1 0.760026 0.439352 0.009635 0.043519
0 0.827214 0.972685 0.014844 0.032407
0 0.786719 0.871991 0.015104 0.029167
2 0.655990 0.842130 0.017188 0.025000
2 0.794271 0.167130 0.010937 0.032407
0 0.828385 0.008102 0.016146 0.015278
0 0.798047 0.209491 0.008073 0.031019
0 0.412760 0.495139 0.010937 0.025463
2 0.297656 0.629398 0.017188 0.027315
2 0.335807 0.356250 0.010677 0.029167
0 0.052865 0.297917 0.012500 0.022685
2 0.170964 0.098148 0.018490 0.012037
2 0.210677 0.096991 0.016146 0.024537
2 0.305339 0.108333 0.017969 0.017593
2 0.324609 0.097454 0.019010 0.017130
2 0.195052 0.563426 0.018229 0.015741
2 0.238411 0.535648 0.032031 0.028704
1 0.994792 0.301157 0.010417 0.028241
1 0.989714 0.265278 0.020573 0.042593
2 0.725651 0.737269 0.011719 0.035648
2 0.280990 0.932407 0.011458 0.020370
0 0.046224 0.325000 0.015365 0.015741
2 0.067187 0.264583 0.010417 0.033796
2 0.072786 0.181019 0.008073 0.030556
0 0.356120 0.262963 0.016406 0.016667
0 0.564323 0.192593 0.012500 0.013889
2 0.244010 0.105093 0.008854 0.031481
0 0.780729 0.239583 0.010937 0.033796
0 0.760286 0.311806 0.016927 0.018056
0 0.545182 0.455556 0.015365 0.028704
2 0.858594 0.415278 0.017188 0.029630
0 0.786068 0.130324 0.011198 0.024537
0 0.004948 0.581481 0.009375 0.027778
0 0.005729 0.643056 0.010937 0.025000
2 0.092448 0.365278 0.021354 0.014815
2 0.346484 0.400926 0.010677 0.033333
2 0.796615 0.028472 0.020313 0.023611
0 0.792708 0.256713 0.011458 0.026389
0 0.780339 0.290046 0.015365 0.026389
0 0.733724 0.314120 0.016406 0.016204
0 0.729036 0.335880 0.015885 0.018056
0 0.928385 0.052315 0.013542 0.027778
2 0.276042 0.039583 0.018229 0.059722
