0 0.004427 0.016204 0.008333 0.021296
0 0.057552 0.156019 0.012500 0.022222
0 0.012370 0.359259 0.014844 0.019444
0 0.003646 0.369907 0.006771 0.014815
0 0.027214 0.390278 0.013802 0.018519
0 0.056510 0.413194 0.016146 0.019907
1 0.046354 0.378472 0.023958 0.014352
0 0.078516 0.429398 0.013802 0.017130
0 0.105208 0.445139 0.015625 0.018056
0 0.111719 0.469213 0.014583 0.017130
2 0.097526 0.506944 0.015365 0.019444
0 0.135677 0.469444 0.014063 0.015741
0 0.158724 0.487037 0.013281 0.016667
2 0.163542 0.509954 0.015104 0.018981
0 0.187500 0.507870 0.011458 0.013889
0 0.234375 0.540509 0.013542 0.017130
2 0.252734 0.574769 0.015885 0.018981
0 0.233594 0.593981 0.014583 0.017593
0 0.342578 0.675231 0.015365 0.016204
2 0.066016 0.600231 0.008594 0.028241
2 0.060026 0.666204 0.011719 0.037037
0 0.324740 0.897454 0.014063 0.025463
0 0.297005 0.948380 0.012760 0.022685
0 0.322135 0.960417 0.014063 0.025463
0 0.306901 0.984722 0.014844 0.026852
0 0.740104 0.910185 0.010937 0.025926
0 0.826432 0.984028 0.012760 0.018056
2 0.260286 0.330324 0.015885 0.015278
2 0.395833 0.160648 0.017708 0.014815
2 0.421875 0.128241 0.008333 0.034259
2 0.464453 0.149306 0.017969 0.016204
2 0.451172 0.354398 0.013281 0.026389
0 0.419401 0.454630 0.008594 0.026852
2 0.514193 0.449537 0.017448 0.012037
2 0.553255 0.456713 0.014844 0.024537
2 0.585938 0.472685 0.007292 0.030556
2 0.625000 0.416204 0.013542 0.054630
2 0.646354 0.487731 0.016667 0.013426
2 0.666406 0.482407 0.017188 0.014815
2 0.872656 0.162731 0.018750 0.030093
0 0.918229 0.155093 0.010417 0.018519
2 0.962240 0.162963 0.020313 0.032407
2 0.979948 0.133102 0.010937 0.027315
0 0.968880 0.373148 0.014844 0.025926
0 0.950651 0.403009 0.013802 0.023611
0 0.946094 0.412037 0.013542 0.021296
0 0.888932 0.908796 0.013281 0.023148
0 0.935026 0.837731 0.014844 0.025463
0 0.850521 0.995833 0.010417 0.008333
2 0.678906 0.799769 0.011458 0.031944
2 0.670182 0.753009 0.010156 0.031019
2 0.832161 0.649769 0.017969 0.016204
0 0.742708 0.618519 0.019271 0.014815
0 0.653646 0.687037 0.017708 0.014815
0 0.570833 0.643056 0.016667 0.013889
