0 0.097266 0.130556 0.016406 0.019444
0 0.168750 0.164583 0.018750 0.034722
0 0.206641 0.223611 0.016406 0.033333
2 0.296875 0.425000 0.018750 0.030556
0 0.302344 0.461111 0.014062 0.022222
0 0.317969 0.457639 0.015625 0.018056
0 0.275391 0.528472 0.008594 0.029167
0 0.280078 0.784028 0.010156 0.031944
0 0.333984 0.825694 0.008594 0.029167
0 0.335938 0.860417 0.009375 0.029167
2 0.342578 0.340278 0.013281 0.041667
0 0.345313 0.258333 0.009375 0.030556
0 0.369531 0.250000 0.017188 0.022222
2 0.391797 0.247222 0.008594 0.041667
2 0.407813 0.249306 0.009375 0.037500
0 0.481641 0.234028 0.008594 0.031944
0 0.503125 0.229167 0.009375 0.030556
0 0.534375 0.231944 0.007813 0.030556
2 0.547656 0.232639 0.006250 0.034722
0 0.613281 0.239583 0.012500 0.018056
0 0.612891 0.277778 0.016406 0.013889
0 0.619531 0.308333 0.014062 0.016667
0 0.614453 0.327778 0.019531 0.016667
0 0.595312 0.325694 0.007813 0.029167
0 0.587109 0.322222 0.008594 0.027778
0 0.578125 0.325000 0.006250 0.030556
0 0.544141 0.323611 0.008594 0.027778
0 0.530859 0.327778 0.007031 0.033333
0 0.508203 0.325000 0.007031 0.030556
0 0.494922 0.329861 0.008594 0.034722
0 0.480469 0.297917 0.007813 0.034722
0 0.481250 0.333333 0.006250 0.027778
0 0.460938 0.301389 0.007813 0.033333
0 0.445313 0.334028 0.007813 0.029167
0 0.396484 0.333333 0.008594 0.027778
0 0.416406 0.334028 0.007813 0.031944
0 0.431641 0.329861 0.010156 0.031944
0 0.616016 0.376389 0.017969 0.013889
0 0.616797 0.393056 0.014844 0.011111
0 0.622656 0.408333 0.021875 0.013889
0 0.459766 0.461806 0.019531 0.015278
0 0.484766 0.458333 0.017969 0.013889
0 0.504297 0.459722 0.016406 0.013889
0 0.528906 0.457639 0.015625 0.012500
0 0.551172 0.455556 0.016406 0.011111
0 0.571484 0.454167 0.016406 0.011111
0 0.605078 0.454167 0.017969 0.013889
2 0.349219 0.584722 0.017188 0.011111
2 0.692969 0.626389 0.035937 0.016667
2 0.657812 0.899306 0.018750 0.070833
0 0.682031 0.963194 0.009375 0.034722
0 0.698047 0.844444 0.010156 0.033333
2 0.688672 0.761806 0.010156 0.048611
0 0.702344 0.775694 0.006250 0.029167
0 0.710547 0.774306 0.008594 0.029167
0 0.709375 0.739583 0.007813 0.023611
0 0.694922 0.672222 0.007031 0.027778
0 0.716797 0.676389 0.008594 0.027778
0 0.741406 0.675000 0.009375 0.030556
0 0.724609 0.775000 0.007031 0.033333
0 0.732031 0.743750 0.006250 0.031944
0 0.747266 0.746528 0.008594 0.026389
0 0.762891 0.744444 0.008594 0.030556
2 0.796875 0.662500 0.012500 0.038889
0 0.806641 0.669444 0.008594 0.027778
0 0.757031 0.615972 0.018750 0.015278
0 0.832422 0.612500 0.017969 0.013889
2 0.879687 0.613889 0.023438 0.016667
0 0.894141 0.663194 0.008594 0.031944
0 0.885156 0.669444 0.009375 0.033333
0 0.875781 0.668056 0.009375 0.027778
0 0.866016 0.665278 0.007031 0.027778
0 0.851953 0.667361 0.010156 0.026389
0 0.835938 0.667361 0.007813 0.029167
0 0.805469 0.743750 0.009375 0.031944
0 0.821094 0.736111 0.009375 0.033333
0 0.847656 0.734722 0.012500 0.033333
0 0.869531 0.733333 0.006250 0.033333
0 0.896094 0.734722 0.009375 0.030556
0 0.903906 0.766667 0.007813 0.027778
0 0.813672 0.774306 0.008594 0.029167
0 0.823047 0.773611 0.008594 0.033333
0 0.831250 0.772917 0.007813 0.034722
0 0.839844 0.772222 0.009375 0.033333
2 0.711719 0.845139 0.009375 0.043056
2 0.726563 0.838194 0.010937 0.037500
2 0.739062 0.845139 0.010937 0.045833
2 0.751562 0.843056 0.010937 0.044444
0 0.762109 0.840278 0.007031 0.033333
0 0.758594 0.871528 0.015625 0.015278
0 0.776953 0.838889 0.007031 0.030556
0 0.807031 0.840972 0.007813 0.037500
0 0.803516 0.869444 0.016406 0.016667
0 0.762109 0.913194 0.010156 0.029167
0 0.863281 0.872222 0.018750 0.013889
0 0.906641 0.840278 0.010156 0.036111
2 0.947656 0.868056 0.021875 0.019444
2 0.980859 0.540972 0.025781 0.018056
0 0.951953 0.545833 0.017969 0.016667
0 0.928906 0.539583 0.018750 0.015278
2 0.878906 0.536806 0.032812 0.015278
2 0.800391 0.537500 0.038281 0.016667
2 0.843750 0.476389 0.031250 0.016667
2 0.803125 0.384722 0.032812 0.013889
2 0.730078 0.354167 0.032031 0.016667
0 0.660156 0.420833 0.006250 0.030556
0 0.669141 0.415278 0.007031 0.036111
0 0.685156 0.416667 0.007813 0.027778
2 0.733594 0.413194 0.037500 0.034722
2 0.763281 0.451389 0.031250 0.016667
0 0.737500 0.450000 0.017188 0.013889
2 0.712891 0.451389 0.022656 0.016667
0 0.679297 0.501389 0.019531 0.016667
0 0.677734 0.545833 0.019531 0.011111
2 0.710938 0.546528 0.039063 0.018056
0 0.755469 0.540278 0.018750 0.016667
0 0.915625 0.486111 0.010937 0.033333
0 0.975781 0.437500 0.021875 0.016667
0 0.519141 0.391667 0.008594 0.036111
2 0.890234 0.840278 0.011719 0.041667
