0 0.048437 0.131944 0.009375 0.036111
0 0.123438 0.122222 0.006250 0.030556
0 0.134375 0.122222 0.009375 0.025000
0 0.162109 0.114583 0.008594 0.031944
0 0.171094 0.113889 0.010937 0.033333
0 0.200781 0.109722 0.007813 0.030556
0 0.208984 0.106944 0.008594 0.033333
0 0.219922 0.105556 0.010156 0.030556
0 0.230469 0.103472 0.010937 0.034722
0 0.256641 0.104861 0.008594 0.029167
2 0.290625 0.113194 0.015625 0.065278
2 0.323047 0.100694 0.022656 0.065278
2 0.341406 0.045139 0.012500 0.068056
0 0.344531 0.095139 0.007813 0.029167
2 0.345313 0.136806 0.012500 0.045833
0 0.394531 0.055556 0.007813 0.030556
2 0.396875 0.134028 0.012500 0.068056
0 0.399609 0.192361 0.008594 0.031944
0 0.373437 0.195139 0.009375 0.034722
0 0.326953 0.188889 0.016406 0.016667
0 0.329297 0.214583 0.017969 0.018056
0 0.331250 0.232639 0.015625 0.015278
2 0.186328 0.249306 0.019531 0.020833
0 0.233984 0.322222 0.008594 0.027778
0 0.253906 0.322917 0.010937 0.034722
0 0.272656 0.311806 0.007813 0.031944
0 0.281641 0.315972 0.010156 0.034722
0 0.307422 0.312500 0.010156 0.036111
0 0.317578 0.309028 0.008594 0.031944
0 0.326562 0.297917 0.009375 0.043056
0 0.282031 0.349306 0.017188 0.018056
0 0.279687 0.366667 0.020312 0.013889
0 0.282813 0.381944 0.018750 0.016667
2 0.231250 0.440278 0.021875 0.016667
0 0.233594 0.463889 0.020312 0.016667
0 0.235547 0.514583 0.016406 0.015278
0 0.240234 0.554861 0.019531 0.018056
0 0.283594 0.437500 0.017188 0.016667
0 0.285937 0.464583 0.020312 0.012500
0 0.287891 0.503472 0.016406 0.015278
0 0.289844 0.526389 0.020312 0.019444
0 0.273438 0.554861 0.018750 0.015278
0 0.290625 0.552083 0.015625 0.015278
0 0.275391 0.589583 0.019531 0.015278
2 0.249609 0.681250 0.021094 0.018056
2 0.251172 0.713194 0.022656 0.018056
0 0.253516 0.746528 0.013281 0.029167
0 0.259375 0.792361 0.015625 0.020833
0 0.296094 0.700694 0.017188 0.018056
0 0.294531 0.666667 0.017188 0.019444
0 0.292578 0.637500 0.017969 0.016667
0 0.293750 0.614583 0.017188 0.020833
0 0.323828 0.485417 0.019531 0.020833
2 0.303906 0.792361 0.026563 0.023611
2 0.335938 0.763889 0.021875 0.019444
2 0.337109 0.783333 0.021094 0.019444
0 0.341016 0.909028 0.017969 0.029167
2 0.353906 0.867361 0.017188 0.034722
0 0.366406 0.584028 0.007813 0.034722
0 0.362109 0.539583 0.010156 0.034722
0 0.360938 0.505556 0.009375 0.030556
0 0.359375 0.461806 0.009375 0.029167
0 0.369531 0.464583 0.007813 0.031944
0 0.356250 0.423611 0.009375 0.033333
0 0.354688 0.385417 0.009375 0.034722
0 0.353125 0.325000 0.009375 0.030556
0 0.435547 0.047222 0.010156 0.036111
2 0.442969 0.159028 0.012500 0.070833
0 0.469531 0.070833 0.017188 0.019444
0 0.472266 0.114583 0.019531 0.020833
0 0.470313 0.154861 0.017188 0.015278
0 0.506641 0.029167 0.017969 0.022222
0 0.507813 0.057639 0.017188 0.018056
0 0.508984 0.083333 0.016406 0.016667
0 0.528125 0.094444 0.017188 0.013889
0 0.528125 0.121528 0.017188 0.012500
0 0.530078 0.136111 0.017969 0.013889
0 0.507813 0.125000 0.017188 0.016667
2 0.519531 0.158333 0.028125 0.016667
0 0.560938 0.022222 0.017188 0.016667
0 0.580078 0.029861 0.008594 0.029167
2 0.563672 0.043750 0.022656 0.020833
2 0.564062 0.066667 0.026563 0.019444
2 0.562500 0.088194 0.023438 0.020833
2 0.566797 0.111111 0.022656 0.019444
0 0.566797 0.140278 0.017969 0.019444
0 0.603906 0.019444 0.021875 0.022222
0 0.626953 0.017361 0.013281 0.034722
0 0.647656 0.106250 0.018750 0.020833
0 0.650391 0.129167 0.021094 0.022222
0 0.666016 0.165278 0.014844 0.030556
2 0.599219 0.200694 0.039063 0.054167
0 0.371484 0.821528 0.013281 0.034722
0 0.435937 0.831250 0.012500 0.031944
2 0.439844 0.769444 0.007813 0.038889
0 0.447266 0.812500 0.016406 0.030556
0 0.462500 0.881944 0.018750 0.022222
0 0.494922 0.835417 0.016406 0.020833
0 0.579687 0.786806 0.014062 0.020833
0 0.597266 0.780556 0.017969 0.022222
0 0.578906 0.851389 0.018750 0.019444
0 0.596875 0.864583 0.018750 0.018056
0 0.647656 0.856250 0.018750 0.018056
0 0.686719 0.773611 0.017188 0.019444
0 0.707031 0.777083 0.015625 0.023611
0 0.725391 0.876389 0.014844 0.022222
0 0.767578 0.895833 0.017969 0.027778
0 0.844531 0.957639 0.015625 0.029167
0 0.883984 0.969444 0.016406 0.030556
0 0.794922 0.820139 0.016406 0.029167
0 0.810547 0.833333 0.013281 0.022222
0 0.821484 0.643056 0.017969 0.016667
0 0.796484 0.612500 0.013281 0.033333
0 0.782812 0.625694 0.010937 0.034722
0 0.918750 0.568056 0.018750 0.022222
0 0.950781 0.586806 0.018750 0.023611
0 0.062109 0.693750 0.016406 0.018056
0 0.044531 0.702083 0.017188 0.026389
