0 0.279297 0.965972 0.019531 0.018056
0 0.333203 0.966667 0.022656 0.019444
0 0.367969 0.982639 0.020312 0.018056
0 0.330469 0.939583 0.017188 0.020833
0 0.326562 0.888194 0.020312 0.015278
0 0.324219 0.868750 0.017188 0.015278
0 0.326953 0.852778 0.019531 0.013889
0 0.326562 0.818056 0.009375 0.033333
0 0.316406 0.812500 0.009375 0.033333
0 0.299609 0.822917 0.010156 0.031944
0 0.279687 0.825000 0.009375 0.027778
0 0.350781 0.812500 0.010937 0.033333
0 0.360547 0.813194 0.008594 0.029167
0 0.370313 0.801389 0.009375 0.036111
0 0.397266 0.831250 0.008594 0.031944
0 0.397656 0.884722 0.010937 0.030556
0 0.400781 0.924306 0.010937 0.034722
0 0.402734 0.959722 0.011719 0.033333
0 0.416406 0.700000 0.010937 0.033333
0 0.442578 0.697917 0.008594 0.031944
2 0.439453 0.642361 0.013281 0.073611
0 0.436328 0.566667 0.008594 0.033333
2 0.431250 0.486806 0.012500 0.070833
2 0.425781 0.349306 0.010937 0.062500
0 0.396484 0.286111 0.019531 0.019444
0 0.365625 0.326389 0.021875 0.022222
0 0.102344 0.377083 0.017188 0.015278
0 0.280078 0.357639 0.022656 0.018056
0 0.034375 0.651389 0.010937 0.036111
0 0.046094 0.647917 0.010937 0.040278
0 0.093750 0.645139 0.009375 0.031944
0 0.169531 0.633333 0.010937 0.033333
0 0.181641 0.632639 0.008594 0.034722
0 0.208984 0.625694 0.010156 0.034722
0 0.219141 0.622917 0.010156 0.034722
0 0.245312 0.619444 0.009375 0.036111
0 0.253906 0.617361 0.007813 0.034722
0 0.262891 0.614583 0.008594 0.029167
0 0.274219 0.612500 0.010937 0.033333
0 0.300781 0.613194 0.007813 0.031944
2 0.334375 0.618750 0.017188 0.062500
2 0.232812 0.757639 0.020312 0.015278
0 0.466406 0.763889 0.017188 0.016667
0 0.507813 0.787500 0.017188 0.019444
0 0.535937 0.779861 0.020312 0.026389
0 0.558594 0.765972 0.015625 0.018056
0 0.576172 0.752083 0.016406 0.023611
0 0.598437 0.733333 0.017188 0.022222
2 0.640625 0.709722 0.037500 0.047222
0 0.537109 0.676389 0.010156 0.033333
0 0.512109 0.661111 0.017969 0.022222
0 0.514844 0.623611 0.018750 0.016667
0 0.511328 0.578472 0.019531 0.015278
2 0.501953 0.484722 0.024219 0.016667
0 0.502344 0.465972 0.018750 0.015278
0 0.499609 0.415278 0.017969 0.011111
0 0.501562 0.390278 0.018750 0.013889
0 0.498047 0.363889 0.014844 0.011111
0 0.497656 0.345139 0.015625 0.012500
0 0.498047 0.330556 0.014844 0.013889
0 0.496875 0.313194 0.015625 0.012500
0 0.461719 0.233333 0.009375 0.033333
2 0.467187 0.342361 0.012500 0.043056
0 0.469531 0.427083 0.009375 0.037500
0 0.477344 0.556250 0.007813 0.031944
2 0.485156 0.671528 0.014062 0.065278
2 0.346875 0.490278 0.012500 0.061111
2 0.385938 0.553472 0.012500 0.059722
0 0.387891 0.601389 0.007031 0.033333
2 0.388281 0.644444 0.009375 0.041667
0 0.374219 0.720139 0.017188 0.018056
0 0.373047 0.694444 0.017969 0.016667
2 0.366016 0.608333 0.022656 0.061111
2 0.395703 0.414583 0.014844 0.065278
0 0.424609 0.259722 0.010156 0.033333
0 0.427344 0.217361 0.009375 0.034722
2 0.420703 0.165972 0.011719 0.043056
0 0.396875 0.152778 0.009375 0.033333
0 0.410547 0.045833 0.008594 0.027778
0 0.340625 0.081944 0.020312 0.016667
0 0.339453 0.109722 0.016406 0.016667
0 0.338672 0.140278 0.019531 0.016667
0 0.364062 0.184028 0.009375 0.037500
0 0.331250 0.214583 0.009375 0.037500
0 0.319922 0.159722 0.010156 0.038889
0 0.039063 0.108333 0.010937 0.036111
0 0.037500 0.149306 0.010937 0.029167
0 0.047656 0.143056 0.010937 0.033333
0 0.058203 0.143056 0.010156 0.033333
0 0.091797 0.113889 0.008594 0.038889
2 0.102734 0.115278 0.016406 0.069444
0 0.105469 0.075694 0.023438 0.012500
2 0.157031 0.068750 0.032812 0.015278
2 0.219922 0.055556 0.030469 0.019444
0 0.244922 0.047222 0.021094 0.016667
0 0.098438 0.021528 0.012500 0.026389
0 0.114063 0.024306 0.012500 0.037500
0 0.129297 0.022222 0.010156 0.030556
0 0.143750 0.016667 0.009375 0.033333
0 0.533203 0.306250 0.019531 0.020833
0 0.551953 0.288889 0.016406 0.019444
0 0.535156 0.354167 0.020312 0.019444
0 0.537500 0.388194 0.018750 0.015278
0 0.556250 0.404167 0.020312 0.013889
0 0.558984 0.417361 0.019531 0.012500
0 0.560547 0.434028 0.019531 0.009722
0 0.560156 0.448611 0.020312 0.011111
0 0.540625 0.436806 0.018750 0.012500
0 0.544141 0.461111 0.017969 0.013889
0 0.550000 0.565278 0.017188 0.019444
0 0.550781 0.593056 0.015625 0.013889
0 0.569141 0.601389 0.014844 0.013889
0 0.549609 0.629861 0.019531 0.018056
0 0.570313 0.627083 0.017188 0.015278
0 0.570703 0.642361 0.016406 0.012500
0 0.620313 0.534722 0.009375 0.030556
0 0.644922 0.525694 0.019531 0.015278
0 0.684766 0.611806 0.019531 0.015278
0 0.690625 0.637500 0.017188 0.016667
0 0.706250 0.666667 0.021875 0.019444
2 0.562500 0.668750 0.026563 0.023611
0 0.387891 0.020833 0.011719 0.038889
0 0.378906 0.020139 0.010937 0.040278
0 0.378906 0.065278 0.007813 0.041667
2 0.606641 0.202083 0.010156 0.043056
0 0.592578 0.279167 0.017969 0.013889
0 0.592578 0.296528 0.017969 0.012500
2 0.594922 0.309722 0.022656 0.013889
0 0.613281 0.354167 0.009375 0.030556
0 0.601172 0.454167 0.022656 0.016667
0 0.619141 0.456944 0.008594 0.033333
0 0.599609 0.504861 0.017969 0.015278
0 0.601563 0.531944 0.017188 0.016667
2 0.603516 0.550694 0.024219 0.015278
2 0.604688 0.572222 0.023438 0.013889
2 0.604297 0.592361 0.021094 0.018056
2 0.607422 0.620139 0.022656 0.018056
0 0.607813 0.646528 0.014062 0.012500
0 0.765625 0.458333 0.020312 0.025000
0 0.778906 0.504167 0.021875 0.022222
0 0.950000 0.435417 0.017188 0.031944
0 0.688281 0.025694 0.015625 0.029167
2 0.673828 0.094444 0.024219 0.013889
0 0.811719 0.072917 0.015625 0.034722
0 0.438281 0.864583 0.007813 0.029167
0 0.351563 0.280556 0.018750 0.022222
0 0.848828 0.606250 0.016406 0.023611
0 0.911719 0.573611 0.015625 0.019444
0 0.926953 0.559028 0.016406 0.023611
0 0.945703 0.577778 0.010156 0.036111
