0 0.012109 0.542361 0.010156 0.031944
0 0.073437 0.540278 0.009375 0.033333
0 0.026172 0.537500 0.010156 0.036111
0 0.150391 0.540972 0.008594 0.031944
0 0.160938 0.542361 0.009375 0.026389
0 0.188281 0.541667 0.007813 0.033333
0 0.198437 0.540972 0.009375 0.037500
0 0.233984 0.536806 0.007031 0.029167
0 0.243750 0.537500 0.009375 0.030556
0 0.256250 0.539583 0.006250 0.034722
0 0.281641 0.541667 0.008594 0.027778
2 0.314844 0.551389 0.010937 0.061111
2 0.205469 0.674306 0.020312 0.015278
0 0.250391 0.752778 0.011719 0.027778
0 0.270703 0.753472 0.013281 0.034722
0 0.286719 0.747222 0.010937 0.036111
0 0.297266 0.751389 0.010156 0.036111
0 0.295312 0.786111 0.017188 0.013889
0 0.294531 0.802778 0.017188 0.013889
0 0.296094 0.818056 0.017188 0.011111
0 0.242578 0.890278 0.016406 0.013889
0 0.242578 0.940278 0.016406 0.016667
0 0.245312 0.980556 0.018750 0.016667
0 0.293359 0.877083 0.013281 0.012500
0 0.295312 0.901389 0.017188 0.016667
0 0.294141 0.935417 0.019531 0.012500
0 0.296484 0.962500 0.017969 0.011111
0 0.280078 0.986111 0.016406 0.013889
0 0.296094 0.986806 0.014062 0.015278
2 0.330469 0.925000 0.020312 0.013889
0 0.322266 0.753472 0.010156 0.031944
0 0.332812 0.753472 0.006250 0.031944
0 0.342187 0.743056 0.009375 0.033333
0 0.367969 0.774306 0.007813 0.031944
0 0.365625 0.829861 0.009375 0.029167
0 0.364453 0.870833 0.008594 0.027778
0 0.366797 0.904167 0.010156 0.030556
0 0.366406 0.951389 0.010937 0.027778
0 0.366406 0.986111 0.017188 0.027778
0 0.348437 0.633333 0.018750 0.016667
0 0.350000 0.662500 0.015625 0.013889
0 0.351172 0.680556 0.017969 0.013889
2 0.348437 0.549306 0.018750 0.059722
2 0.368750 0.497222 0.010937 0.063889
2 0.369141 0.589583 0.010156 0.040278
0 0.369141 0.543750 0.007031 0.029167
0 0.393750 0.645833 0.009375 0.033333
0 0.407031 0.823611 0.007813 0.030556
0 0.420312 0.649306 0.009375 0.029167
2 0.420703 0.595833 0.011719 0.066667
0 0.420703 0.520139 0.008594 0.037500
2 0.419922 0.432639 0.010156 0.065278
2 0.420312 0.295833 0.012500 0.055556
0 0.378516 0.265972 0.019531 0.026389
2 0.384766 0.358333 0.008594 0.061111
2 0.333984 0.429167 0.010156 0.063889
0 0.319141 0.204167 0.008594 0.033333
0 0.258203 0.026389 0.010156 0.027778
2 0.349219 0.016667 0.020312 0.016667
0 0.346094 0.045833 0.018750 0.016667
0 0.367578 0.124306 0.010156 0.040278
0 0.401172 0.095139 0.008594 0.034722
0 0.425000 0.114583 0.009375 0.040278
0 0.424609 0.210417 0.008594 0.037500
0 0.428516 0.165278 0.011719 0.036111
0 0.394531 0.233333 0.020312 0.019444
0 0.462500 0.298611 0.009375 0.041667
0 0.460547 0.381250 0.008594 0.034722
0 0.461719 0.514583 0.007813 0.031944
2 0.464063 0.630556 0.010937 0.061111
0 0.471875 0.523611 0.007813 0.033333
0 0.491406 0.623611 0.017188 0.016667
0 0.493750 0.584722 0.020312 0.016667
0 0.494141 0.542361 0.017969 0.015278
2 0.489453 0.445833 0.022656 0.019444
0 0.492188 0.427778 0.017188 0.016667
0 0.491016 0.376389 0.019531 0.013889
0 0.491797 0.348611 0.017969 0.016667
0 0.491797 0.323611 0.019531 0.013889
0 0.493750 0.306944 0.018750 0.013889
0 0.493750 0.288194 0.017188 0.015278
0 0.492969 0.272917 0.015625 0.015278
0 0.531250 0.271528 0.020312 0.018056
0 0.549219 0.255556 0.015625 0.011111
0 0.530469 0.320139 0.018750 0.015278
0 0.530859 0.354861 0.017969 0.018056
0 0.529297 0.401389 0.016406 0.016667
0 0.532422 0.427778 0.017969 0.013889
0 0.550391 0.370833 0.016406 0.013889
0 0.550781 0.386806 0.015625 0.012500
0 0.550000 0.404167 0.017188 0.011111
0 0.551172 0.417361 0.017969 0.012500
0 0.532812 0.534722 0.014062 0.013889
0 0.532812 0.559028 0.017188 0.015278
0 0.551172 0.572222 0.016406 0.016667
0 0.531250 0.600000 0.017188 0.019444
0 0.539453 0.606250 0.000781 0.006944
0 0.548828 0.597917 0.016406 0.015278
0 0.550391 0.613194 0.016406 0.015278
0 0.533203 0.622222 0.016406 0.013889
2 0.539453 0.636806 0.027344 0.015278
2 0.607813 0.177778 0.010937 0.038889
0 0.589453 0.252778 0.017969 0.013889
0 0.590625 0.268750 0.017188 0.012500
2 0.591797 0.284722 0.022656 0.019444
0 0.607813 0.330556 0.007813 0.027778
0 0.589453 0.427778 0.021094 0.016667
0 0.606641 0.436111 0.008594 0.030556
0 0.586719 0.480556 0.018750 0.011111
0 0.584375 0.506944 0.014062 0.016667
2 0.588281 0.527778 0.021875 0.013889
2 0.587891 0.550694 0.024219 0.015278
2 0.585547 0.572222 0.021094 0.013889
2 0.589063 0.595833 0.023438 0.019444
0 0.589453 0.622917 0.017969 0.012500
0 0.605469 0.513194 0.007813 0.029167
0 0.630469 0.509722 0.015625 0.019444
0 0.667188 0.598611 0.018750 0.013889
0 0.672656 0.625000 0.018750 0.019444
2 0.615234 0.691667 0.039844 0.036111
0 0.575391 0.711111 0.019531 0.019444
0 0.684375 0.656250 0.017188 0.023611
0 0.754687 0.458333 0.020312 0.033333
0 0.766016 0.508333 0.019531 0.027778
0 0.939062 0.468056 0.010937 0.041667
0 0.831250 0.623611 0.017188 0.022222
0 0.912891 0.590278 0.016406 0.019444
0 0.896094 0.602778 0.018750 0.027778
0 0.553906 0.725694 0.025000 0.023611
0 0.530859 0.730556 0.017969 0.027778
2 0.682813 0.080556 0.023438 0.019444
0 0.686719 0.179861 0.017188 0.034722
0 0.818750 0.079861 0.017188 0.031944
0 0.855859 0.025694 0.016406 0.034722
0 0.697656 0.015972 0.015625 0.026389
