0 0.008594 0.331250 0.010937 0.043056
0 0.021094 0.322222 0.014062 0.038889
0 0.070703 0.325694 0.010156 0.037500
0 0.146484 0.328472 0.010156 0.037500
0 0.159375 0.331250 0.012500 0.037500
0 0.185156 0.327083 0.010937 0.037500
0 0.197266 0.328472 0.011719 0.040278
0 0.223438 0.328472 0.009375 0.037500
0 0.231250 0.329167 0.007813 0.044444
0 0.241016 0.328472 0.008594 0.037500
0 0.252344 0.329167 0.010937 0.041667
0 0.278516 0.327778 0.010156 0.033333
2 0.311328 0.341667 0.014844 0.061111
2 0.331641 0.213194 0.011719 0.065278
2 0.344922 0.335417 0.021094 0.062500
0 0.239453 0.655556 0.022656 0.016667
0 0.241016 0.679167 0.021094 0.019444
0 0.238672 0.733333 0.017969 0.016667
0 0.241016 0.772917 0.017969 0.018056
2 0.246094 0.898611 0.023438 0.022222
2 0.245703 0.929167 0.027344 0.019444
0 0.248437 0.963194 0.017188 0.029167
0 0.290625 0.926389 0.018750 0.016667
0 0.291797 0.890278 0.021094 0.016667
0 0.291016 0.862500 0.019531 0.013889
0 0.292188 0.840972 0.018750 0.018056
2 0.275781 0.813889 0.020312 0.016667
0 0.274609 0.777778 0.019531 0.016667
0 0.293750 0.777778 0.017188 0.016667
0 0.292969 0.752083 0.020312 0.018056
0 0.291797 0.727778 0.019531 0.016667
0 0.291797 0.690278 0.017969 0.019444
0 0.290625 0.665972 0.021875 0.018056
0 0.292578 0.606944 0.017969 0.013889
0 0.291016 0.590972 0.019531 0.018056
0 0.294531 0.575694 0.017188 0.018056
0 0.294922 0.542361 0.010156 0.034722
0 0.285156 0.532639 0.007813 0.029167
0 0.267969 0.545139 0.009375 0.029167
0 0.247266 0.543750 0.010156 0.031944
2 0.203516 0.461111 0.021094 0.016667
0 0.391016 0.015278 0.019531 0.019444
0 0.384766 0.061111 0.017969 0.027778
2 0.415234 0.081944 0.014844 0.066667
2 0.418359 0.222917 0.013281 0.068056
2 0.417188 0.379861 0.010937 0.068056
2 0.461328 0.413889 0.013281 0.066667
2 0.366406 0.280556 0.012500 0.061111
0 0.367578 0.326389 0.008594 0.030556
2 0.365625 0.371528 0.012500 0.043056
0 0.346094 0.421528 0.017188 0.018056
0 0.347266 0.450694 0.016406 0.015278
0 0.347266 0.465278 0.016406 0.013889
0 0.320313 0.538889 0.009375 0.030556
0 0.330469 0.537500 0.007813 0.030556
0 0.339453 0.528472 0.008594 0.037500
0 0.364844 0.563194 0.010937 0.037500
0 0.362500 0.622222 0.012500 0.033333
0 0.361719 0.658333 0.010937 0.030556
0 0.364453 0.694444 0.010156 0.030556
0 0.365234 0.738194 0.010156 0.037500
0 0.363672 0.777778 0.011719 0.036111
0 0.365234 0.818056 0.010156 0.033333
2 0.328125 0.713889 0.020312 0.019444
0 0.404297 0.856944 0.010156 0.036111
0 0.489844 0.054861 0.017188 0.018056
0 0.490234 0.075000 0.017969 0.016667
0 0.489844 0.091667 0.015625 0.013889
0 0.488281 0.107639 0.018750 0.018056
0 0.491797 0.131944 0.017969 0.019444
0 0.488672 0.161806 0.017969 0.015278
0 0.467187 0.174306 0.007813 0.037500
0 0.458203 0.166667 0.008594 0.033333
2 0.459766 0.081250 0.010156 0.043056
0 0.416797 0.302083 0.010156 0.034722
0 0.458594 0.300694 0.009375 0.037500
0 0.491797 0.329167 0.017969 0.019444
0 0.492188 0.370833 0.018750 0.019444
0 0.488281 0.406944 0.020312 0.019444
0 0.548047 0.040278 0.014844 0.019444
0 0.528906 0.054861 0.015625 0.020833
0 0.528906 0.105556 0.018750 0.019444
0 0.527734 0.139583 0.017969 0.020833
0 0.489844 0.212500 0.020312 0.013889
2 0.487500 0.229861 0.025000 0.020833
0 0.527734 0.188889 0.019531 0.019444
0 0.530469 0.213889 0.017188 0.019444
0 0.548828 0.155556 0.019531 0.011111
0 0.549219 0.173611 0.018750 0.011111
0 0.550000 0.186806 0.017188 0.009722
0 0.548828 0.204861 0.016406 0.009722
0 0.587891 0.040972 0.019531 0.020833
2 0.588281 0.068750 0.025000 0.018056
0 0.605859 0.117361 0.008594 0.034722
0 0.588281 0.215278 0.021875 0.019444
0 0.584375 0.267361 0.017188 0.015278
0 0.582031 0.295139 0.014062 0.012500
2 0.585547 0.312500 0.024219 0.013889
2 0.585938 0.336806 0.025000 0.015278
2 0.582422 0.357639 0.019531 0.015278
2 0.587500 0.383333 0.021875 0.013889
0 0.584766 0.409722 0.019531 0.013889
0 0.532031 0.319444 0.015625 0.019444
0 0.531641 0.347917 0.013281 0.015278
0 0.548437 0.356944 0.017188 0.013889
0 0.549219 0.384028 0.018750 0.012500
0 0.548047 0.399306 0.016406 0.012500
0 0.528516 0.384722 0.016406 0.011111
0 0.530859 0.409028 0.014844 0.015278
2 0.537891 0.424306 0.028906 0.015278
2 0.615234 0.481944 0.038281 0.033333
0 0.602734 0.299306 0.010156 0.031944
0 0.629297 0.293750 0.021094 0.020833
0 0.664063 0.388194 0.018750 0.015278
0 0.668750 0.413194 0.017188 0.023611
0 0.681641 0.444444 0.019531 0.025000
0 0.751562 0.248611 0.023438 0.022222
0 0.764063 0.295139 0.018750 0.020833
0 0.946484 0.903472 0.016406 0.015278
0 0.777344 0.918056 0.009375 0.033333
0 0.767969 0.922222 0.012500 0.030556
0 0.814062 0.942361 0.017188 0.015278
0 0.802344 0.905556 0.009375 0.027778
0 0.812891 0.902083 0.008594 0.029167
0 0.884375 0.876389 0.017188 0.011111
0 0.935938 0.252083 0.017188 0.034722
0 0.828125 0.412500 0.017188 0.022222
0 0.891797 0.390278 0.016406 0.019444
0 0.910547 0.376389 0.014844 0.019444
0 0.573438 0.500000 0.017188 0.019444
0 0.547656 0.513194 0.018750 0.023611
0 0.391797 0.434028 0.014844 0.034722
0 0.416406 0.438194 0.010937 0.031944
