0 0.263281 0.960417 0.021875 0.018056
0 0.260547 0.921528 0.019531 0.018056
0 0.259375 0.870139 0.021875 0.018056
0 0.295312 0.960417 0.018750 0.020833
0 0.314844 0.959722 0.017188 0.022222
0 0.313672 0.935417 0.021094 0.015278
0 0.311719 0.913194 0.018750 0.015278
0 0.310156 0.877778 0.020312 0.016667
0 0.309766 0.850694 0.017969 0.018056
0 0.348047 0.894444 0.019531 0.019444
0 0.017969 0.543056 0.012500 0.033333
0 0.094922 0.266667 0.021094 0.013889
0 0.319141 0.255556 0.022656 0.016667
0 0.329297 0.218750 0.014844 0.037500
2 0.216406 0.657639 0.021875 0.018056
0 0.262500 0.732639 0.012500 0.031944
0 0.282031 0.731944 0.009375 0.036111
0 0.299219 0.725000 0.010937 0.036111
0 0.310156 0.727778 0.010937 0.038889
0 0.308594 0.763194 0.018750 0.015278
0 0.306250 0.777778 0.021875 0.013889
0 0.308984 0.793056 0.017969 0.013889
0 0.334375 0.722917 0.009375 0.031944
0 0.344531 0.724306 0.007813 0.029167
0 0.353516 0.711806 0.010156 0.040278
0 0.380078 0.743056 0.010156 0.030556
0 0.379297 0.799306 0.010156 0.029167
0 0.381250 0.840278 0.010937 0.033333
0 0.382813 0.875694 0.012500 0.029167
0 0.383984 0.916667 0.011719 0.030556
0 0.383984 0.952778 0.013281 0.027778
0 0.436328 0.682639 0.017969 0.020833
0 0.494141 0.707639 0.019531 0.026389
0 0.584766 0.662500 0.017969 0.025000
0 0.560156 0.677083 0.018750 0.026389
2 0.626172 0.638889 0.035156 0.041667
0 0.694922 0.601389 0.019531 0.022222
0 0.680078 0.570833 0.017969 0.022222
0 0.674609 0.543750 0.021094 0.015278
0 0.636328 0.455556 0.021094 0.019444
0 0.757813 0.394444 0.021875 0.027778
0 0.771094 0.444444 0.018750 0.030556
0 0.941406 0.384028 0.015625 0.034722
0 0.837109 0.550000 0.014844 0.019444
0 0.899219 0.524306 0.018750 0.029167
0 0.917188 0.511111 0.014062 0.022222
0 0.934375 0.523611 0.012500 0.044444
2 0.674219 0.024306 0.025000 0.018056
0 0.682031 0.118056 0.017188 0.036111
2 0.604297 0.128472 0.010156 0.040278
0 0.588281 0.204167 0.018750 0.013889
0 0.588672 0.218750 0.021094 0.015278
2 0.589844 0.234722 0.023438 0.013889
0 0.607031 0.275694 0.009375 0.029167
0 0.611328 0.384028 0.008594 0.037500
0 0.610547 0.461806 0.010156 0.034722
0 0.592969 0.378472 0.025000 0.018056
0 0.588281 0.430556 0.018750 0.019444
0 0.591797 0.458333 0.019531 0.019444
2 0.593750 0.478472 0.023438 0.015278
2 0.594922 0.500000 0.025781 0.016667
2 0.593750 0.521528 0.020312 0.015278
2 0.597656 0.547917 0.021875 0.020833
0 0.594922 0.573611 0.017969 0.011111
2 0.548828 0.590972 0.028906 0.018056
0 0.557813 0.567361 0.017188 0.015278
0 0.557813 0.552083 0.017188 0.012500
0 0.557813 0.524306 0.017188 0.015278
0 0.538672 0.554861 0.019531 0.015278
0 0.539844 0.512500 0.017188 0.016667
0 0.538281 0.487500 0.017188 0.019444
0 0.516406 0.444444 0.017188 0.030556
0 0.500391 0.498611 0.019531 0.016667
0 0.500391 0.543056 0.019531 0.016667
0 0.499609 0.580556 0.017969 0.022222
2 0.492578 0.405556 0.022656 0.019444
0 0.494141 0.388194 0.019531 0.015278
2 0.461328 0.259028 0.013281 0.043056
2 0.419141 0.262500 0.013281 0.063889
2 0.422266 0.400000 0.011719 0.061111
2 0.427344 0.562500 0.012500 0.066667
2 0.471094 0.586806 0.010937 0.065278
0 0.467187 0.471528 0.009375 0.037500
0 0.463281 0.343056 0.007813 0.041667
0 0.535547 0.384722 0.017969 0.022222
0 0.531641 0.357639 0.021094 0.015278
0 0.531250 0.309028 0.018750 0.018056
0 0.530078 0.275000 0.019531 0.019444
0 0.529297 0.225694 0.017969 0.015278
0 0.546484 0.208333 0.017969 0.013889
0 0.551172 0.324306 0.019531 0.012500
0 0.552734 0.340972 0.017969 0.012500
0 0.553125 0.354167 0.017188 0.011111
0 0.552344 0.369444 0.018750 0.011111
0 0.425000 0.131250 0.010937 0.037500
0 0.421484 0.177083 0.011719 0.037500
2 0.419531 0.079861 0.010937 0.043056
0 0.394531 0.062500 0.010937 0.030556
0 0.362891 0.091667 0.010156 0.038889
0 0.338281 0.019444 0.017188 0.016667
0 0.336328 0.046528 0.021094 0.020833
0 0.327344 0.122222 0.010937 0.036111
0 0.317187 0.143750 0.012500 0.037500
0 0.346094 0.188194 0.017188 0.018056
0 0.392188 0.195833 0.018750 0.022222
2 0.387891 0.326389 0.013281 0.061111
2 0.374219 0.468750 0.010937 0.065278
2 0.352734 0.520139 0.021094 0.059722
0 0.373828 0.514583 0.010156 0.029167
2 0.375781 0.555556 0.010937 0.038889
0 0.402344 0.613194 0.010937 0.026389
0 0.426562 0.613889 0.009375 0.030556
0 0.355469 0.604861 0.018750 0.018056
0 0.078516 0.532639 0.011719 0.034722
0 0.155078 0.529861 0.011719 0.040278
0 0.166797 0.528472 0.011719 0.043056
0 0.195703 0.520833 0.008594 0.038889
0 0.203906 0.522222 0.010937 0.038889
0 0.232812 0.522917 0.009375 0.037500
0 0.241406 0.519444 0.007813 0.036111
0 0.250000 0.518056 0.009375 0.033333
0 0.262500 0.519444 0.009375 0.041667
0 0.287500 0.520139 0.009375 0.029167
2 0.321484 0.528472 0.016406 0.062500
2 0.337891 0.400000 0.013281 0.066667
