0 0.098438 0.195139 0.018750 0.018056
0 0.337109 0.062500 0.008594 0.030556
0 0.322656 0.145833 0.012500 0.030556
0 0.337891 0.141667 0.007031 0.036111
0 0.353516 0.134722 0.016406 0.016667
0 0.016797 0.461806 0.008594 0.029167
0 0.028906 0.455556 0.010937 0.033333
0 0.077734 0.463194 0.010156 0.034722
0 0.154687 0.461806 0.009375 0.034722
0 0.165234 0.459028 0.008594 0.029167
0 0.193750 0.457639 0.009375 0.037500
0 0.203125 0.456944 0.009375 0.036111
0 0.230078 0.459722 0.008594 0.030556
0 0.240234 0.455556 0.007031 0.033333
0 0.249609 0.454167 0.007031 0.027778
0 0.260547 0.454861 0.008594 0.031944
2 0.320313 0.470139 0.012500 0.059722
2 0.353125 0.467361 0.018750 0.059722
2 0.211719 0.593056 0.020312 0.011111
0 0.255469 0.669444 0.007813 0.022222
0 0.274219 0.673611 0.010937 0.030556
0 0.291797 0.661806 0.010156 0.034722
0 0.302344 0.670139 0.010937 0.037500
0 0.301562 0.703472 0.018750 0.020833
0 0.298828 0.721528 0.019531 0.015278
0 0.300781 0.737500 0.017188 0.016667
0 0.248437 0.810417 0.018750 0.015278
0 0.248437 0.860417 0.015625 0.015278
0 0.250391 0.902778 0.019531 0.016667
0 0.303516 0.968750 0.016406 0.018056
0 0.285547 0.940972 0.016406 0.012500
0 0.283984 0.905556 0.019531 0.019444
0 0.303125 0.904861 0.015625 0.018056
0 0.302734 0.881250 0.017969 0.015278
0 0.300391 0.856944 0.016406 0.016667
0 0.300781 0.818750 0.018750 0.018056
0 0.300391 0.792361 0.019531 0.015278
0 0.328125 0.670139 0.009375 0.029167
0 0.339453 0.672222 0.007031 0.025000
0 0.348437 0.661111 0.009375 0.036111
0 0.336719 0.841667 0.020312 0.016667
0 0.373828 0.690972 0.007031 0.029167
0 0.371875 0.747917 0.007813 0.023611
0 0.372656 0.786111 0.007813 0.030556
0 0.374219 0.824306 0.007813 0.029167
0 0.373437 0.864583 0.009375 0.029167
0 0.372656 0.902083 0.009375 0.031944
0 0.375391 0.942361 0.010156 0.037500
0 0.353516 0.549306 0.016406 0.015278
2 0.373437 0.504167 0.009375 0.038889
0 0.375391 0.460417 0.008594 0.023611
2 0.375000 0.413889 0.009375 0.061111
0 0.399219 0.560417 0.012500 0.037500
0 0.425000 0.565278 0.009375 0.030556
2 0.425000 0.509722 0.012500 0.069444
0 0.426172 0.434028 0.010156 0.031944
2 0.425781 0.352778 0.010937 0.069444
2 0.423828 0.211806 0.010156 0.059722
0 0.414844 0.227778 0.007813 0.033333
0 0.429297 0.127778 0.008594 0.036111
0 0.432422 0.080556 0.008594 0.030556
2 0.429297 0.030556 0.011719 0.044444
0 0.371484 0.039583 0.008594 0.037500
0 0.400000 0.146528 0.018750 0.018056
0 0.354688 0.355556 0.015625 0.016667
2 0.339844 0.344444 0.010937 0.063889
2 0.469531 0.543056 0.010937 0.063889
0 0.467578 0.428472 0.007031 0.034722
0 0.426172 0.634722 0.014844 0.013889
0 0.427734 0.668056 0.014844 0.027778
0 0.495703 0.538194 0.019531 0.015278
0 0.500000 0.501389 0.018750 0.016667
0 0.499219 0.457639 0.018750 0.015278
2 0.494922 0.359028 0.022656 0.018056
0 0.496094 0.344444 0.018750 0.011111
0 0.497266 0.290972 0.016406 0.020833
0 0.499219 0.266667 0.017188 0.016667
0 0.497266 0.238889 0.016406 0.016667
0 0.498047 0.220833 0.017969 0.013889
0 0.498047 0.205556 0.016406 0.013889
0 0.496875 0.186806 0.017188 0.012500
2 0.467578 0.211806 0.010156 0.040278
0 0.466406 0.105556 0.009375 0.041667
0 0.466016 0.295139 0.007031 0.029167
0 0.554297 0.170833 0.014844 0.016667
0 0.535937 0.185417 0.017188 0.012500
0 0.535937 0.234028 0.017188 0.015278
0 0.537500 0.270139 0.017188 0.020833
0 0.535156 0.317361 0.015625 0.015278
0 0.539063 0.345833 0.017188 0.013889
0 0.555469 0.285417 0.018750 0.012500
0 0.555078 0.301389 0.016406 0.011111
0 0.555078 0.317361 0.016406 0.009722
0 0.555859 0.333333 0.017969 0.013889
0 0.522656 0.416667 0.015625 0.022222
0 0.539844 0.446528 0.015625 0.015278
0 0.538281 0.472917 0.015625 0.012500
0 0.557031 0.487500 0.015625 0.016667
0 0.535547 0.513194 0.017969 0.018056
0 0.553906 0.511806 0.015625 0.015278
0 0.555469 0.528472 0.018750 0.015278
2 0.545703 0.552083 0.028906 0.023611
0 0.592188 0.537500 0.018750 0.013889
2 0.595312 0.513194 0.023438 0.015278
2 0.591797 0.486111 0.021094 0.013889
2 0.594531 0.464583 0.025000 0.015278
2 0.594141 0.443056 0.022656 0.013889
0 0.592188 0.425000 0.017188 0.019444
0 0.592188 0.393750 0.015625 0.012500
0 0.594922 0.343056 0.019531 0.016667
0 0.612500 0.347917 0.007813 0.029167
2 0.596875 0.197222 0.023438 0.013889
0 0.594531 0.184028 0.018750 0.012500
0 0.595703 0.166667 0.019531 0.013889
2 0.612500 0.092361 0.009375 0.043056
0 0.612891 0.245139 0.008594 0.029167
0 0.635156 0.423611 0.017188 0.016667
0 0.673437 0.513889 0.017188 0.016667
0 0.678125 0.542361 0.015625 0.023611
0 0.689844 0.576389 0.015625 0.022222
0 0.758203 0.374306 0.021094 0.029167
0 0.769922 0.421528 0.021094 0.023611
0 0.944141 0.377083 0.016406 0.034722
0 0.580469 0.627778 0.018750 0.022222
0 0.487500 0.666667 0.020312 0.016667
2 0.622266 0.605556 0.038281 0.047222
0 0.610937 0.431250 0.007813 0.029167
0 0.689062 0.088194 0.018750 0.034722
0 0.353906 0.197917 0.018750 0.020833
