1 0.138672 0.231944 0.033594 0.063889
0 0.153906 0.177083 0.017188 0.026389
0 0.198437 0.416667 0.012500 0.033333
0 0.258594 0.418056 0.012500 0.033333
0 0.272656 0.450694 0.017188 0.018056
2 0.274219 0.424306 0.017188 0.031944
0 0.267578 0.674306 0.013281 0.034722
0 0.310937 0.831944 0.009375 0.027778
0 0.311719 0.863889 0.007813 0.030556
2 0.318750 0.343056 0.014062 0.047222
0 0.321875 0.265972 0.009375 0.034722
0 0.347266 0.254861 0.016406 0.029167
2 0.368359 0.252083 0.008594 0.043056
2 0.386328 0.250000 0.010156 0.038889
0 0.457812 0.239583 0.009375 0.031944
0 0.481250 0.233333 0.009375 0.033333
0 0.509766 0.236111 0.008594 0.033333
2 0.523438 0.236111 0.007813 0.033333
0 0.372266 0.334028 0.010156 0.031944
0 0.392578 0.334028 0.008594 0.029167
0 0.407813 0.336806 0.009375 0.034722
0 0.421875 0.337500 0.007813 0.033333
0 0.436328 0.305556 0.010156 0.033333
0 0.455859 0.300694 0.008594 0.031944
0 0.457031 0.336806 0.007813 0.031944
0 0.471484 0.331944 0.007031 0.033333
0 0.485156 0.333333 0.007813 0.033333
0 0.506250 0.329861 0.007813 0.034722
0 0.519922 0.329167 0.008594 0.033333
0 0.553906 0.325000 0.006250 0.030556
0 0.564062 0.322917 0.007813 0.031944
0 0.571875 0.327083 0.007813 0.031944
0 0.588672 0.244444 0.014844 0.019444
0 0.587891 0.280556 0.019531 0.013889
0 0.594141 0.314583 0.014844 0.015278
0 0.591406 0.330556 0.020312 0.016667
0 0.592188 0.379167 0.020312 0.016667
0 0.591797 0.395833 0.016406 0.013889
0 0.598437 0.412500 0.020312 0.013889
0 0.435937 0.463889 0.018750 0.013889
0 0.459375 0.461111 0.015625 0.013889
0 0.479688 0.463889 0.017188 0.013889
0 0.503906 0.461806 0.017188 0.015278
0 0.524609 0.456944 0.017969 0.016667
0 0.547266 0.454861 0.017969 0.018056
0 0.578906 0.456250 0.018750 0.018056
0 0.617578 0.733333 0.013281 0.033333
0 0.619531 0.825000 0.009375 0.030556
2 0.633594 0.899306 0.018750 0.070833
0 0.737109 0.915972 0.007031 0.031944
0 0.673047 0.843750 0.008594 0.034722
2 0.687891 0.848611 0.008594 0.047222
2 0.702344 0.840278 0.009375 0.041667
2 0.713672 0.846528 0.010156 0.045833
2 0.726563 0.847917 0.010937 0.043056
0 0.733594 0.877778 0.015625 0.011111
0 0.737109 0.845139 0.007031 0.031944
0 0.751562 0.840972 0.007813 0.026389
0 0.782422 0.847222 0.008594 0.038889
0 0.778125 0.874306 0.017188 0.015278
0 0.838281 0.874306 0.018750 0.015278
2 0.922266 0.869444 0.021094 0.019444
0 0.864844 0.844444 0.009375 0.041667
0 0.881250 0.841667 0.010937 0.038889
0 0.635938 0.425000 0.007813 0.030556
0 0.644141 0.425694 0.008594 0.031944
0 0.660547 0.421528 0.008594 0.029167
2 0.705078 0.357639 0.035156 0.023611
0 0.708203 0.058333 0.016406 0.013889
0 0.706250 0.077778 0.014062 0.013889
0 0.708594 0.127778 0.015625 0.011111
0 0.709766 0.146528 0.019531 0.015278
0 0.708984 0.196528 0.014844 0.012500
0 0.710938 0.213194 0.017188 0.012500
0 0.711719 0.227778 0.014062 0.016667
0 0.712891 0.252778 0.017969 0.013889
0 0.710547 0.297917 0.014844 0.015278
2 0.778125 0.390278 0.032812 0.016667
2 0.708984 0.416667 0.033594 0.030556
2 0.687500 0.456944 0.023438 0.019444
0 0.712500 0.454167 0.017188 0.013889
2 0.739844 0.455556 0.031250 0.013889
0 0.891797 0.384028 0.013281 0.012500
0 0.950781 0.439583 0.021875 0.012500
0 0.964844 0.502083 0.017188 0.015278
2 0.955469 0.544444 0.025000 0.016667
0 0.925000 0.549306 0.017188 0.015278
0 0.901953 0.545833 0.017969 0.013889
0 0.885547 0.550000 0.014844 0.025000
0 0.890234 0.492361 0.010156 0.034722
2 0.853906 0.540278 0.034375 0.022222
2 0.775781 0.544444 0.040625 0.016667
0 0.729297 0.545833 0.016406 0.016667
2 0.685547 0.549306 0.038281 0.020833
0 0.653125 0.502083 0.020312 0.018056
0 0.653906 0.547917 0.018750 0.015278
2 0.669141 0.628472 0.035156 0.018056
0 0.731641 0.622222 0.017969 0.013889
0 0.805859 0.613889 0.021094 0.013889
0 0.854297 0.615972 0.027344 0.018056
0 0.670703 0.675000 0.008594 0.030556
0 0.691406 0.679167 0.009375 0.027778
0 0.716016 0.677083 0.010156 0.031944
2 0.771875 0.666667 0.010937 0.041667
0 0.782031 0.672917 0.006250 0.026389
0 0.810938 0.669444 0.007813 0.030556
0 0.826172 0.674306 0.010156 0.031944
0 0.839453 0.668056 0.007031 0.033333
0 0.849609 0.667361 0.008594 0.031944
0 0.859375 0.673611 0.007813 0.030556
0 0.869531 0.665972 0.009375 0.029167
0 0.871875 0.735417 0.010937 0.031944
0 0.879297 0.768056 0.008594 0.027778
0 0.842969 0.738194 0.009375 0.031944
0 0.823828 0.737500 0.010156 0.030556
0 0.796094 0.740278 0.009375 0.025000
0 0.781250 0.744444 0.007813 0.030556
0 0.788281 0.775694 0.009375 0.034722
0 0.796875 0.775000 0.007813 0.036111
0 0.805469 0.774306 0.007813 0.031944
0 0.814844 0.774306 0.009375 0.034722
0 0.737109 0.747222 0.008594 0.030556
0 0.722656 0.747917 0.009375 0.031944
0 0.707812 0.746528 0.007813 0.029167
2 0.663672 0.764583 0.008594 0.043056
0 0.676953 0.777778 0.007031 0.025000
0 0.686328 0.777083 0.007031 0.023611
0 0.684766 0.741667 0.008594 0.025000
0 0.700391 0.780556 0.008594 0.027778
2 0.817187 0.481250 0.032812 0.020833
0 0.857031 0.072917 0.009375 0.034722
