1 0.212500 0.450694 0.021875 0.065278
0 0.226172 0.373611 0.011719 0.027778
0 0.260156 0.418750 0.014062 0.029167
0 0.156641 0.129861 0.016406 0.026389
0 0.254297 0.676389 0.011719 0.033333
1 0.295703 0.793750 0.021094 0.073611
0 0.307813 0.934722 0.009375 0.030556
0 0.323438 0.864583 0.009375 0.029167
0 0.322266 0.831944 0.008594 0.027778
2 0.336328 0.587500 0.021094 0.016667
2 0.329688 0.344444 0.012500 0.044444
0 0.302344 0.575694 0.017188 0.018056
2 0.346094 0.400000 0.009375 0.038889
2 0.335156 0.401389 0.010937 0.041667
2 0.378125 0.252778 0.009375 0.044444
2 0.396094 0.250000 0.010937 0.038889
2 0.467187 0.303472 0.009375 0.034722
2 0.481250 0.334028 0.009375 0.034722
2 0.478125 0.394444 0.009375 0.033333
2 0.504297 0.397222 0.010156 0.036111
2 0.608594 0.411806 0.021875 0.015278
2 0.601172 0.330556 0.022656 0.019444
2 0.698438 0.456250 0.026563 0.018056
2 0.715625 0.358333 0.035937 0.019444
2 0.789063 0.389583 0.035937 0.020833
2 0.827734 0.479167 0.033594 0.022222
2 0.749609 0.454861 0.035156 0.018056
2 0.696484 0.548611 0.039844 0.019444
2 0.785156 0.540972 0.039063 0.020833
2 0.864453 0.538194 0.035156 0.023611
2 0.965625 0.543750 0.026563 0.018056
2 0.678906 0.627083 0.037500 0.018056
2 0.782812 0.668056 0.010937 0.038889
2 0.876172 0.841667 0.011719 0.044444
2 0.793750 0.846528 0.010937 0.040278
2 0.725000 0.843056 0.010937 0.047222
2 0.738281 0.843056 0.012500 0.047222
2 0.712891 0.840972 0.010156 0.037500
2 0.699219 0.846528 0.010937 0.045833
2 0.675391 0.762500 0.011719 0.050000
2 0.865625 0.615278 0.028125 0.016667
2 0.933984 0.868750 0.024219 0.018056
2 0.645312 0.900000 0.020312 0.069444
0 0.358594 0.254861 0.017188 0.029167
0 0.332812 0.264583 0.009375 0.031944
0 0.382813 0.336111 0.009375 0.033333
0 0.417969 0.334028 0.009375 0.031944
0 0.403125 0.335417 0.009375 0.031944
0 0.468750 0.240972 0.009375 0.034722
0 0.490625 0.235417 0.009375 0.031944
0 0.519922 0.236111 0.010156 0.033333
0 0.533594 0.233333 0.009375 0.036111
0 0.531250 0.328472 0.007813 0.029167
0 0.564453 0.327083 0.007031 0.034722
0 0.573047 0.325000 0.008594 0.030556
0 0.581250 0.326389 0.007813 0.030556
0 0.516797 0.329861 0.008594 0.031944
0 0.495313 0.330556 0.009375 0.030556
0 0.446875 0.305556 0.009375 0.030556
0 0.431250 0.336111 0.009375 0.033333
0 0.434766 0.397917 0.008594 0.034722
0 0.412500 0.396528 0.009375 0.029167
0 0.446484 0.465278 0.017969 0.013889
0 0.470313 0.462500 0.018750 0.013889
0 0.491406 0.462500 0.017188 0.013889
0 0.515625 0.460417 0.017188 0.015278
0 0.536328 0.455556 0.019531 0.013889
0 0.558203 0.456250 0.017969 0.015278
0 0.590234 0.458333 0.016406 0.016667
0 0.603516 0.377083 0.019531 0.015278
0 0.603125 0.395833 0.017188 0.013889
0 0.604688 0.313194 0.017188 0.015278
0 0.599219 0.281250 0.018750 0.018056
0 0.600000 0.243750 0.014062 0.018056
0 0.642969 0.164583 0.007813 0.034722
0 0.717578 0.077778 0.014844 0.013889
0 0.719141 0.144444 0.017969 0.013889
0 0.719141 0.127083 0.017969 0.015278
0 0.719922 0.197917 0.016406 0.018056
0 0.721875 0.213889 0.017188 0.016667
0 0.722266 0.228472 0.016406 0.015278
0 0.722656 0.250000 0.018750 0.016667
0 0.720703 0.263194 0.017969 0.015278
0 0.721094 0.297222 0.015625 0.013889
0 0.871094 0.091667 0.012500 0.036111
0 0.902344 0.386111 0.018750 0.013889
0 0.961719 0.439583 0.023438 0.015278
0 0.946484 0.377083 0.021094 0.015278
0 0.906250 0.407639 0.010937 0.031944
0 0.900000 0.491667 0.012500 0.033333
0 0.975391 0.497917 0.019531 0.015278
0 0.935156 0.546528 0.018750 0.015278
0 0.913281 0.543750 0.018750 0.012500
0 0.739844 0.544444 0.017188 0.016667
0 0.664844 0.547222 0.018750 0.016667
0 0.665234 0.502778 0.019531 0.016667
0 0.654688 0.425000 0.007813 0.033333
0 0.671094 0.418750 0.009375 0.026389
0 0.707031 0.417361 0.009375 0.031944
0 0.721094 0.454167 0.015625 0.013889
0 0.814453 0.447917 0.019531 0.018056
0 0.619531 0.586806 0.009375 0.034722
0 0.743750 0.619444 0.020312 0.016667
0 0.817578 0.613194 0.021094 0.012500
0 0.680859 0.675000 0.008594 0.030556
0 0.702344 0.678472 0.009375 0.031944
0 0.727344 0.677083 0.009375 0.034722
0 0.792969 0.672917 0.009375 0.029167
0 0.821484 0.668056 0.008594 0.033333
0 0.836719 0.670139 0.009375 0.031944
0 0.850781 0.667361 0.009375 0.034722
0 0.860547 0.668056 0.008594 0.036111
0 0.869531 0.670833 0.009375 0.033333
0 0.879687 0.665278 0.010937 0.036111
0 0.881641 0.734722 0.010156 0.030556
0 0.889453 0.767361 0.008594 0.029167
0 0.854688 0.736111 0.007813 0.033333
0 0.834375 0.736111 0.010937 0.030556
0 0.807031 0.738194 0.009375 0.031944
0 0.792188 0.743750 0.010937 0.031944
0 0.747656 0.744444 0.009375 0.030556
0 0.733594 0.746528 0.009375 0.029167
0 0.718359 0.745833 0.008594 0.027778
0 0.696094 0.743750 0.009375 0.031944
0 0.688281 0.778472 0.009375 0.031944
0 0.696094 0.777083 0.009375 0.029167
0 0.710938 0.779167 0.007813 0.027778
0 0.683594 0.844444 0.010937 0.033333
0 0.631250 0.825694 0.010937 0.031944
0 0.743750 0.872917 0.017188 0.012500
0 0.789844 0.875000 0.017188 0.013889
0 0.748047 0.842361 0.008594 0.034722
0 0.763281 0.839583 0.009375 0.026389
0 0.798828 0.774306 0.010156 0.034722
0 0.807422 0.773611 0.010156 0.033333
0 0.816406 0.775000 0.009375 0.033333
0 0.824219 0.772917 0.009375 0.031944
0 0.891406 0.839583 0.012500 0.037500
0 0.849609 0.872917 0.017969 0.015278
0 0.748047 0.916667 0.010156 0.036111
0 0.696094 0.984028 0.009375 0.031944
0 0.467578 0.334722 0.007031 0.030556
