2 0.041406 0.064583 0.039063 0.018056
2 0.082813 0.054167 0.037500 0.022222
2 0.237891 0.033333 0.027344 0.019444
2 0.269922 0.028472 0.027344 0.020833
0 0.211719 0.040278 0.025000 0.016667
0 0.028125 0.098611 0.009375 0.033333
0 0.036328 0.098611 0.007031 0.030556
0 0.044141 0.095139 0.010156 0.034722
0 0.058203 0.092361 0.007031 0.031944
0 0.066797 0.093750 0.008594 0.034722
0 0.059375 0.127083 0.021875 0.015278
0 0.079297 0.094444 0.010156 0.036111
0 0.089844 0.095139 0.010937 0.040278
0 0.100000 0.088889 0.012500 0.038889
2 0.117969 0.088889 0.014062 0.038889
0 0.130469 0.084028 0.010937 0.031944
0 0.147266 0.083333 0.010156 0.030556
0 0.158203 0.081250 0.010156 0.034722
0 0.169141 0.082639 0.010156 0.034722
0 0.178516 0.079167 0.011719 0.036111
0 0.227344 0.072222 0.009375 0.030556
0 0.270703 0.063889 0.008594 0.030556
0 0.279297 0.063889 0.008594 0.030556
0 0.293750 0.063889 0.009375 0.033333
0 0.040625 0.172917 0.012500 0.031944
0 0.040234 0.209722 0.010156 0.030556
0 0.049609 0.204167 0.010156 0.033333
0 0.059375 0.204861 0.009375 0.037500
0 0.093359 0.180556 0.008594 0.036111
0 0.107031 0.138194 0.023438 0.018056
2 0.104687 0.181250 0.015625 0.062500
0 0.117188 0.168056 0.010937 0.038889
2 0.159766 0.132639 0.033594 0.015278
0 0.248828 0.113194 0.021094 0.015278
2 0.221094 0.120833 0.032812 0.025000
0 0.319531 0.209028 0.007813 0.043056
0 0.332422 0.280556 0.010156 0.038889
0 0.340625 0.125000 0.021875 0.019444
0 0.344531 0.151389 0.020312 0.016667
0 0.342187 0.179861 0.015625 0.015278
0 0.342187 0.206250 0.018750 0.015278
0 0.366016 0.252083 0.010156 0.034722
0 0.380859 0.088889 0.010156 0.041667
0 0.391406 0.088889 0.010937 0.036111
0 0.380469 0.134028 0.007813 0.034722
0 0.412109 0.115972 0.008594 0.031944
0 0.422656 0.237500 0.010937 0.036111
0 0.398047 0.224306 0.008594 0.031944
0 0.426172 0.331944 0.008594 0.036111
0 0.428906 0.288889 0.009375 0.038889
0 0.397266 0.356944 0.021094 0.016667
0 0.368750 0.396528 0.018750 0.018056
0 0.103516 0.440278 0.019531 0.019444
0 0.266016 0.428472 0.021094 0.020833
0 0.297266 0.439583 0.016406 0.018056
0 0.351563 0.350694 0.018750 0.018056
2 0.424219 0.418750 0.012500 0.065278
2 0.430859 0.557639 0.013281 0.070833
0 0.434375 0.634028 0.009375 0.037500
2 0.437891 0.714583 0.013281 0.070833
0 0.440625 0.768056 0.009375 0.033333
0 0.415234 0.768750 0.010156 0.031944
0 0.368359 0.759722 0.017969 0.019444
2 0.386719 0.709028 0.010937 0.040278
0 0.387109 0.669444 0.008594 0.036111
2 0.384766 0.622917 0.010156 0.054167
2 0.364453 0.681250 0.021094 0.062500
2 0.333203 0.688194 0.014844 0.062500
2 0.346094 0.558333 0.012500 0.063889
0 0.031641 0.714583 0.010156 0.034722
0 0.042578 0.706944 0.010156 0.038889
0 0.092188 0.708333 0.012500 0.041667
0 0.167578 0.697917 0.010156 0.034722
0 0.179297 0.693056 0.008594 0.033333
0 0.216016 0.691667 0.008594 0.038889
0 0.206250 0.693750 0.009375 0.040278
0 0.243359 0.688889 0.008594 0.038889
0 0.252734 0.687500 0.008594 0.038889
0 0.261719 0.684028 0.007813 0.034722
0 0.273047 0.680556 0.008594 0.038889
0 0.299609 0.680556 0.008594 0.025000
0 0.276172 0.892361 0.013281 0.026389
0 0.296484 0.891667 0.010156 0.036111
0 0.312891 0.876389 0.010156 0.038889
0 0.323438 0.885417 0.010937 0.043056
0 0.322266 0.921528 0.017969 0.015278
0 0.321875 0.936806 0.018750 0.015278
0 0.323438 0.956250 0.023438 0.012500
0 0.350000 0.879861 0.010937 0.031944
0 0.358203 0.875694 0.007031 0.031944
0 0.366797 0.868750 0.008594 0.037500
0 0.393750 0.897917 0.009375 0.026389
0 0.395312 0.953472 0.009375 0.037500
0 0.476953 0.824306 0.016406 0.029167
2 0.482812 0.740278 0.012500 0.058333
0 0.507422 0.861806 0.021094 0.020833
0 0.533594 0.852778 0.020312 0.027778
0 0.573438 0.824306 0.020312 0.020833
0 0.596484 0.804861 0.019531 0.029167
2 0.637891 0.783333 0.038281 0.050000
0 0.532422 0.790972 0.013281 0.037500
0 0.555078 0.837500 0.016406 0.019444
2 0.560156 0.738889 0.028125 0.019444
0 0.548828 0.700000 0.017969 0.019444
0 0.567969 0.672917 0.015625 0.018056
0 0.567187 0.697222 0.014062 0.013889
0 0.569141 0.714583 0.017969 0.012500
0 0.549609 0.661806 0.016406 0.015278
0 0.550391 0.636806 0.017969 0.015278
0 0.509375 0.731944 0.017188 0.019444
0 0.511719 0.693750 0.018750 0.020833
0 0.510547 0.652083 0.019531 0.015278
2 0.501953 0.556944 0.025781 0.019444
0 0.504687 0.539583 0.017188 0.012500
0 0.500391 0.487500 0.014844 0.016667
0 0.501953 0.459722 0.016406 0.019444
0 0.500000 0.434722 0.017188 0.013889
0 0.498047 0.420139 0.016406 0.012500
0 0.498047 0.401389 0.017969 0.013889
0 0.496484 0.384028 0.019531 0.015278
0 0.552734 0.359028 0.016406 0.018056
0 0.534766 0.375694 0.017969 0.018056
0 0.537109 0.427083 0.019531 0.015278
0 0.540234 0.462500 0.021094 0.013889
0 0.558984 0.475000 0.016406 0.013889
0 0.558594 0.488194 0.017188 0.018056
0 0.558984 0.505556 0.016406 0.011111
0 0.560938 0.521528 0.015625 0.012500
0 0.539844 0.509028 0.018750 0.015278
0 0.544531 0.534722 0.015625 0.013889
0 0.607031 0.718750 0.017188 0.015278
2 0.606641 0.692361 0.024219 0.015278
2 0.603906 0.668750 0.021875 0.020833
2 0.604688 0.647917 0.025000 0.018056
2 0.602344 0.624306 0.025000 0.015278
0 0.601563 0.606250 0.017188 0.015278
0 0.600000 0.577778 0.014062 0.019444
0 0.600000 0.525694 0.023438 0.018056
0 0.617188 0.527778 0.010937 0.038889
0 0.619531 0.608333 0.009375 0.036111
0 0.614062 0.423611 0.009375 0.033333
2 0.595703 0.383333 0.022656 0.013889
0 0.593359 0.353472 0.017969 0.012500
0 0.594531 0.370833 0.015625 0.013889
2 0.606641 0.275000 0.010156 0.041667
0 0.643750 0.602083 0.020312 0.023611
0 0.766406 0.534722 0.018750 0.027778
0 0.778125 0.584028 0.023438 0.023611
0 0.949219 0.515278 0.015625 0.038889
0 0.848437 0.681944 0.017188 0.025000
0 0.687109 0.684722 0.017969 0.019444
0 0.691797 0.711111 0.016406 0.016667
0 0.704687 0.740972 0.017188 0.023611
2 0.676562 0.170833 0.023438 0.016667
0 0.689844 0.102083 0.015625 0.034722
0 0.825000 0.043056 0.017188 0.041667
0 0.846875 0.089583 0.017188 0.037500
0 0.812891 0.149306 0.014844 0.029167
0 0.901172 0.031250 0.011719 0.037500
0 0.924219 0.031250 0.009375 0.037500
0 0.686328 0.262500 0.014844 0.033333
2 0.467969 0.413889 0.009375 0.044444
