0 0.037500 0.089583 0.012500 0.034722
0 0.035937 0.125694 0.012500 0.031944
0 0.047266 0.122917 0.010156 0.029167
0 0.056641 0.126389 0.008594 0.033333
0 0.090625 0.097917 0.009375 0.037500
2 0.101953 0.091667 0.014844 0.083333
0 0.111719 0.084722 0.007813 0.030556
2 0.156250 0.050694 0.031250 0.018056
2 0.219531 0.040278 0.029687 0.019444
0 0.246094 0.031944 0.020312 0.019444
0 0.334375 0.045139 0.028125 0.020833
0 0.341406 0.069444 0.020312 0.016667
0 0.339844 0.098611 0.015625 0.016667
0 0.337500 0.127083 0.021875 0.020833
0 0.319531 0.164583 0.010937 0.040278
0 0.330078 0.204861 0.008594 0.043056
0 0.100000 0.359722 0.020312 0.019444
0 0.292578 0.339583 0.017969 0.023611
0 0.363281 0.172917 0.012500 0.043056
2 0.348828 0.270139 0.019531 0.020833
2 0.353906 0.317361 0.018750 0.018056
2 0.342969 0.481250 0.010937 0.065278
0 0.029297 0.631250 0.011719 0.037500
0 0.042578 0.628472 0.013281 0.048611
0 0.088281 0.627778 0.010937 0.038889
0 0.164453 0.615972 0.010156 0.043056
0 0.175781 0.617361 0.007813 0.034722
0 0.204297 0.613889 0.008594 0.044444
0 0.212891 0.611111 0.008594 0.041667
0 0.241406 0.608333 0.007813 0.041667
0 0.249609 0.604861 0.008594 0.048611
0 0.257813 0.603472 0.009375 0.040278
0 0.269141 0.604167 0.010156 0.041667
0 0.296484 0.600000 0.008594 0.033333
2 0.328516 0.606944 0.016406 0.066667
2 0.226172 0.744444 0.019531 0.016667
0 0.271484 0.813194 0.013281 0.031944
0 0.292188 0.812500 0.009375 0.038889
0 0.309766 0.802778 0.010156 0.036111
0 0.320313 0.806944 0.009375 0.041667
0 0.318750 0.843056 0.018750 0.013889
0 0.317578 0.858333 0.017969 0.016667
0 0.319922 0.874306 0.017969 0.015278
0 0.271094 0.951389 0.017188 0.022222
0 0.321484 0.930556 0.017969 0.019444
0 0.323047 0.954861 0.019531 0.018056
0 0.360156 0.973611 0.021875 0.016667
0 0.345703 0.800000 0.010156 0.038889
0 0.355078 0.800000 0.005469 0.033333
0 0.364453 0.790278 0.010156 0.038889
0 0.390625 0.820139 0.012500 0.037500
0 0.390625 0.875000 0.012500 0.036111
0 0.392188 0.913889 0.009375 0.030556
0 0.395703 0.952083 0.010156 0.037500
0 0.427734 0.780556 0.010156 0.038889
0 0.448438 0.756250 0.017188 0.018056
0 0.366797 0.684028 0.016406 0.020833
2 0.361719 0.601389 0.020312 0.061111
2 0.384375 0.635417 0.012500 0.040278
0 0.382813 0.595139 0.009375 0.031944
2 0.381250 0.543056 0.015625 0.063889
0 0.412109 0.687500 0.010156 0.030556
0 0.436328 0.690278 0.011719 0.036111
2 0.435547 0.634722 0.016406 0.069444
0 0.431250 0.559722 0.012500 0.036111
2 0.427734 0.481250 0.016406 0.070833
2 0.391406 0.406250 0.014062 0.065278
2 0.422266 0.340972 0.013281 0.068056
0 0.394922 0.277778 0.019531 0.016667
0 0.424219 0.252778 0.010937 0.036111
0 0.396094 0.143056 0.007813 0.038889
0 0.420312 0.156944 0.012500 0.044444
0 0.410547 0.033333 0.011719 0.033333
0 0.464453 0.335417 0.011719 0.045833
0 0.467187 0.418056 0.009375 0.036111
0 0.472656 0.547917 0.009375 0.043056
2 0.478906 0.663194 0.014062 0.065278
0 0.507031 0.654861 0.018750 0.020833
0 0.508984 0.616667 0.017969 0.019444
0 0.506641 0.571528 0.016406 0.015278
2 0.498828 0.479167 0.022656 0.019444
0 0.498828 0.459028 0.019531 0.015278
0 0.496875 0.409028 0.017188 0.020833
0 0.497656 0.382639 0.020312 0.018056
0 0.496484 0.357639 0.019531 0.020833
0 0.495703 0.338889 0.019531 0.016667
0 0.495313 0.321528 0.017188 0.020833
0 0.492578 0.302778 0.019531 0.022222
0 0.549219 0.281944 0.015625 0.019444
0 0.532422 0.297917 0.019531 0.023611
0 0.533594 0.345833 0.018750 0.016667
0 0.534375 0.383333 0.020312 0.019444
0 0.536719 0.431250 0.018750 0.020833
0 0.540234 0.457639 0.019531 0.020833
0 0.555078 0.395833 0.019531 0.019444
0 0.555859 0.412500 0.021094 0.013889
0 0.557031 0.426389 0.018750 0.013889
0 0.557422 0.443056 0.017969 0.013889
0 0.545703 0.558333 0.017969 0.019444
0 0.547266 0.584722 0.019531 0.019444
0 0.564062 0.595139 0.017188 0.018056
0 0.545703 0.625000 0.017969 0.019444
0 0.564062 0.620833 0.017188 0.016667
0 0.565234 0.636111 0.016406 0.011111
2 0.556641 0.661111 0.032031 0.025000
0 0.529688 0.615972 0.010937 0.037500
2 0.605078 0.196528 0.010156 0.043056
0 0.590234 0.274306 0.019531 0.012500
0 0.589453 0.290278 0.021094 0.016667
2 0.592969 0.305556 0.021875 0.016667
0 0.596875 0.445139 0.021875 0.023611
0 0.614844 0.448611 0.010937 0.036111
0 0.610937 0.350000 0.010937 0.036111
0 0.596094 0.502083 0.018750 0.015278
0 0.594922 0.529167 0.014844 0.019444
2 0.601563 0.546528 0.026563 0.020833
2 0.601563 0.570139 0.026563 0.018056
2 0.599609 0.590278 0.021094 0.022222
2 0.603906 0.615972 0.025000 0.018056
0 0.601953 0.640972 0.016406 0.018056
0 0.615625 0.528472 0.007813 0.031944
0 0.640625 0.520833 0.020312 0.022222
0 0.683203 0.609722 0.016406 0.019444
0 0.686719 0.634028 0.015625 0.020833
2 0.634375 0.706944 0.037500 0.050000
0 0.594141 0.732639 0.016406 0.029167
0 0.571094 0.746528 0.020312 0.026389
0 0.551953 0.761806 0.019531 0.023611
0 0.530469 0.777083 0.018750 0.023611
0 0.501953 0.784722 0.019531 0.022222
0 0.701563 0.665972 0.017188 0.026389
0 0.762500 0.461111 0.023438 0.033333
0 0.775000 0.506250 0.020312 0.026389
0 0.687500 0.021528 0.020312 0.029167
2 0.675781 0.090972 0.025000 0.020833
0 0.810938 0.069444 0.017188 0.044444
0 0.843359 0.608333 0.017969 0.022222
0 0.906250 0.579167 0.018750 0.027778
0 0.925781 0.566667 0.018750 0.036111
0 0.942578 0.580556 0.013281 0.036111
0 0.946094 0.436806 0.018750 0.034722
0 0.461328 0.226389 0.013281 0.038889
0 0.683203 0.185417 0.021094 0.037500
0 0.378906 0.052083 0.010937 0.040278
