0 0.238281 0.290972 0.017188 0.031944
0 0.241016 0.468750 0.011719 0.037500
0 0.301172 0.815278 0.011719 0.033333
0 0.290234 0.968750 0.010156 0.031944
2 0.299219 0.404861 0.017188 0.034722
2 0.346484 0.320139 0.010156 0.040278
0 0.349219 0.241667 0.009375 0.030556
0 0.375000 0.233333 0.015625 0.027778
2 0.396094 0.230556 0.007813 0.041667
2 0.412500 0.229167 0.009375 0.038889
0 0.487109 0.215972 0.007031 0.037500
0 0.507813 0.213194 0.007813 0.029167
0 0.538281 0.215278 0.009375 0.030556
2 0.551562 0.212500 0.007813 0.030556
0 0.582422 0.305556 0.008594 0.030556
0 0.591406 0.302778 0.007813 0.027778
0 0.600000 0.308333 0.007813 0.036111
0 0.617188 0.221528 0.014062 0.018056
0 0.617969 0.259028 0.015625 0.012500
0 0.622656 0.293056 0.017188 0.013889
0 0.618359 0.310417 0.019531 0.018056
0 0.400000 0.315278 0.009375 0.030556
0 0.420703 0.311806 0.007031 0.029167
0 0.436328 0.313194 0.010156 0.029167
0 0.448828 0.313889 0.007031 0.027778
0 0.464453 0.282639 0.008594 0.034722
0 0.483984 0.281250 0.010156 0.031944
0 0.485156 0.314583 0.007813 0.029167
0 0.498437 0.311111 0.009375 0.033333
0 0.512500 0.310417 0.007813 0.034722
0 0.534375 0.307639 0.007813 0.029167
0 0.548047 0.306944 0.007031 0.030556
0 0.464063 0.444444 0.018750 0.013889
0 0.487109 0.443056 0.017969 0.013889
0 0.507422 0.443056 0.016406 0.013889
0 0.532422 0.440278 0.016406 0.016667
0 0.553906 0.437500 0.015625 0.013889
0 0.576172 0.434028 0.016406 0.012500
0 0.607422 0.436111 0.017969 0.013889
0 0.620703 0.356944 0.016406 0.013889
0 0.620703 0.376389 0.016406 0.013889
0 0.664063 0.403472 0.007813 0.031944
0 0.673828 0.404861 0.008594 0.029167
0 0.688672 0.401389 0.008594 0.027778
2 0.734766 0.338194 0.033594 0.020833
2 0.737500 0.395833 0.032812 0.033333
2 0.807813 0.371528 0.032812 0.020833
2 0.716406 0.434028 0.025000 0.015278
0 0.741797 0.434028 0.017969 0.012500
2 0.768359 0.434722 0.032031 0.019444
0 0.682422 0.484722 0.019531 0.016667
0 0.682422 0.529861 0.016406 0.018056
2 0.714453 0.529861 0.036719 0.020833
0 0.758203 0.527083 0.016406 0.015278
2 0.804297 0.522917 0.038281 0.018056
2 0.845703 0.461111 0.033594 0.016667
2 0.883203 0.520139 0.033594 0.018056
0 0.920313 0.473611 0.010937 0.033333
0 0.930469 0.359722 0.015625 0.019444
0 0.966406 0.357639 0.018750 0.015278
0 0.980469 0.421528 0.021875 0.015278
2 0.987109 0.525000 0.025781 0.013889
0 0.931641 0.526389 0.017969 0.016667
0 0.954687 0.530556 0.017188 0.016667
2 0.883594 0.596528 0.028125 0.015278
0 0.834375 0.594444 0.021875 0.016667
0 0.760938 0.602083 0.017188 0.015278
2 0.697656 0.609722 0.037500 0.019444
0 0.698828 0.654861 0.007031 0.031944
0 0.719922 0.662500 0.010156 0.033333
0 0.744922 0.661806 0.008594 0.029167
2 0.800391 0.651389 0.011719 0.036111
0 0.811328 0.654167 0.008594 0.027778
0 0.840625 0.651389 0.006250 0.030556
0 0.856250 0.654167 0.007813 0.030556
0 0.870313 0.651389 0.007813 0.030556
0 0.878906 0.652083 0.006250 0.029167
0 0.888672 0.652778 0.007031 0.033333
0 0.898828 0.648611 0.008594 0.033333
0 0.900781 0.719444 0.009375 0.033333
0 0.908203 0.752778 0.007031 0.027778
2 0.952734 0.854861 0.024219 0.018056
0 0.766406 0.901389 0.009375 0.033333
2 0.661719 0.882639 0.018750 0.073611
0 0.700781 0.976389 0.012500 0.038889
0 0.713281 0.968750 0.009375 0.031944
0 0.700391 0.827778 0.008594 0.033333
2 0.716016 0.830556 0.010156 0.044444
2 0.730078 0.825000 0.010156 0.036111
2 0.741797 0.828472 0.011719 0.045833
2 0.755469 0.829167 0.009375 0.041667
0 0.765625 0.824306 0.007813 0.031944
0 0.780859 0.823611 0.008594 0.030556
0 0.810547 0.828472 0.008594 0.037500
0 0.807031 0.858333 0.018750 0.016667
0 0.761719 0.856250 0.017188 0.012500
0 0.867188 0.858333 0.017188 0.016667
0 0.873438 0.719444 0.007813 0.027778
0 0.852344 0.722917 0.010937 0.029167
0 0.825000 0.724306 0.009375 0.029167
0 0.809375 0.727778 0.007813 0.033333
0 0.817187 0.755556 0.007813 0.033333
0 0.825391 0.754861 0.008594 0.031944
0 0.833984 0.755556 0.008594 0.030556
0 0.843750 0.754861 0.007813 0.034722
0 0.764844 0.731250 0.009375 0.031944
0 0.751172 0.731250 0.007031 0.031944
0 0.735547 0.728472 0.008594 0.029167
0 0.727734 0.762500 0.008594 0.030556
0 0.713672 0.761806 0.008594 0.031944
0 0.705078 0.762500 0.007031 0.030556
2 0.693359 0.745139 0.010156 0.054167
0 0.339063 0.843056 0.009375 0.033333
0 0.337891 0.810417 0.008594 0.029167
0 0.307031 0.652083 0.017188 0.029167
0 0.626172 0.392361 0.022656 0.015278
2 0.893359 0.828472 0.011719 0.043056
0 0.910937 0.827083 0.007813 0.031944
