0 0.009375 0.202778 0.009375 0.030556
0 0.021875 0.199306 0.012500 0.034722
0 0.071484 0.204861 0.010156 0.029167
0 0.072656 0.144444 0.020312 0.016667
0 0.148047 0.201389 0.007031 0.022222
0 0.159375 0.204167 0.007813 0.027778
0 0.186328 0.203472 0.010156 0.034722
0 0.196094 0.203472 0.007813 0.031944
0 0.223828 0.206250 0.010156 0.031944
0 0.232031 0.202778 0.007813 0.033333
0 0.242188 0.202083 0.009375 0.031944
0 0.253906 0.202083 0.009375 0.034722
0 0.280469 0.204167 0.007813 0.033333
2 0.313672 0.217361 0.013281 0.065278
2 0.332812 0.087500 0.012500 0.061111
2 0.346484 0.213194 0.017969 0.065278
0 0.347656 0.297917 0.017188 0.015278
0 0.347656 0.327083 0.015625 0.015278
2 0.203906 0.338889 0.020312 0.016667
0 0.249219 0.420833 0.009375 0.030556
0 0.268359 0.420139 0.010156 0.031944
0 0.286328 0.411111 0.008594 0.030556
0 0.295703 0.418056 0.011719 0.038889
0 0.321484 0.416667 0.008594 0.036111
0 0.331250 0.415278 0.007813 0.027778
0 0.341406 0.408333 0.010937 0.036111
0 0.293750 0.452778 0.018750 0.013889
0 0.291797 0.467361 0.017969 0.015278
0 0.293750 0.482639 0.018750 0.018056
0 0.239844 0.534722 0.020312 0.013889
0 0.240625 0.556944 0.018750 0.013889
0 0.241016 0.609028 0.016406 0.018056
0 0.242969 0.648611 0.020312 0.016667
2 0.246875 0.776389 0.021875 0.019444
2 0.246875 0.807639 0.021875 0.020833
0 0.248828 0.840278 0.011719 0.025000
0 0.251563 0.887500 0.018750 0.022222
2 0.297656 0.895833 0.023438 0.025000
0 0.294141 0.804167 0.016406 0.013889
0 0.292578 0.765972 0.017969 0.015278
0 0.292969 0.741667 0.021875 0.016667
0 0.294922 0.716667 0.017969 0.016667
2 0.278516 0.690278 0.017969 0.019444
0 0.276563 0.655556 0.018750 0.022222
0 0.294531 0.656250 0.015625 0.023611
0 0.294141 0.629861 0.019531 0.015278
0 0.293359 0.607639 0.017969 0.015278
0 0.292969 0.568056 0.020312 0.013889
0 0.292188 0.542361 0.018750 0.015278
2 0.329297 0.590278 0.021094 0.019444
2 0.327344 0.635417 0.018750 0.015278
0 0.328906 0.712500 0.017188 0.013889
0 0.327734 0.750694 0.014844 0.015278
2 0.328906 0.891667 0.020312 0.016667
2 0.328125 0.870139 0.021875 0.018056
2 0.343750 0.979167 0.018750 0.033333
0 0.362500 0.933333 0.015625 0.027778
0 0.366406 0.440972 0.009375 0.037500
0 0.364453 0.496528 0.010156 0.034722
0 0.364844 0.534722 0.009375 0.030556
0 0.366406 0.575000 0.007813 0.030556
0 0.366016 0.615972 0.010156 0.029167
0 0.364453 0.653472 0.010156 0.031944
0 0.367188 0.697222 0.009375 0.033333
0 0.432031 0.890278 0.009375 0.041667
0 0.437109 0.934028 0.016406 0.029167
0 0.484766 0.965972 0.016406 0.018056
0 0.569141 0.927083 0.014844 0.015278
0 0.588281 0.928472 0.015625 0.023611
0 0.583594 0.963194 0.018750 0.020833
0 0.663672 0.956944 0.017969 0.025000
0 0.717188 0.979167 0.017188 0.022222
0 0.698828 0.938194 0.016406 0.018056
0 0.676562 0.928472 0.017188 0.018056
0 0.805859 0.782639 0.008594 0.026389
0 0.886328 0.754861 0.013281 0.012500
0 0.917578 0.759028 0.016406 0.018056
0 0.948047 0.783333 0.019531 0.019444
0 0.817969 0.820139 0.018750 0.012500
2 0.368359 0.159722 0.010156 0.066667
0 0.367188 0.252778 0.012500 0.044444
0 0.391797 0.308333 0.011719 0.036111
2 0.418750 0.256250 0.012500 0.073611
2 0.417578 0.093056 0.013281 0.072222
0 0.419531 0.315972 0.012500 0.037500
0 0.418359 0.179167 0.010156 0.038889
2 0.385938 0.027083 0.012500 0.054167
2 0.488672 0.103472 0.024219 0.015278
0 0.491797 0.089583 0.017969 0.018056
0 0.491016 0.009028 0.022656 0.018056
0 0.491016 0.034722 0.017969 0.016667
0 0.530078 0.013889 0.017969 0.022222
0 0.550000 0.031250 0.017188 0.012500
0 0.548828 0.046528 0.017969 0.009722
0 0.550000 0.062500 0.017188 0.008333
0 0.551172 0.076389 0.016406 0.011111
0 0.591016 0.087500 0.022656 0.019444
0 0.586719 0.140972 0.015625 0.018056
0 0.583594 0.168056 0.012500 0.013889
0 0.605078 0.175000 0.007031 0.030556
2 0.588281 0.211111 0.028125 0.016667
2 0.586328 0.233333 0.022656 0.016667
2 0.588281 0.258333 0.021875 0.016667
0 0.587500 0.285417 0.017188 0.012500
2 0.539453 0.295139 0.028906 0.018056
0 0.548828 0.260417 0.013281 0.015278
0 0.550000 0.275000 0.014062 0.011111
0 0.494141 0.204167 0.017969 0.013889
0 0.493750 0.246528 0.017188 0.020833
0 0.492188 0.286111 0.015625 0.022222
0 0.530078 0.061806 0.017969 0.018056
0 0.532031 0.089583 0.018750 0.018056
0 0.533984 0.195139 0.016406 0.018056
0 0.461328 0.175694 0.008594 0.031944
2 0.462500 0.288889 0.012500 0.061111
0 0.531250 0.223611 0.017188 0.013889
0 0.529688 0.261806 0.017188 0.018056
2 0.617188 0.356250 0.039063 0.037500
0 0.629297 0.170833 0.019531 0.019444
0 0.667578 0.264583 0.017969 0.023611
0 0.673437 0.290278 0.020312 0.019444
0 0.684375 0.323611 0.020312 0.019444
0 0.755469 0.122917 0.021875 0.020833
0 0.765625 0.168750 0.020312 0.023611
0 0.939844 0.125694 0.015625 0.031944
0 0.779297 0.796528 0.010156 0.031944
0 0.407031 0.829861 0.010937 0.040278
0 0.042969 0.768750 0.017188 0.020833
0 0.061719 0.759722 0.017188 0.019444
0 0.029297 0.809722 0.008594 0.027778
0 0.019141 0.823611 0.013281 0.030556
0 0.549219 0.388194 0.018750 0.023611
0 0.574609 0.378472 0.019531 0.023611
