0 0.006641 0.181250 0.008594 0.031944
0 0.019922 0.175694 0.010156 0.034722
0 0.070313 0.180556 0.009375 0.030556
0 0.147656 0.181250 0.007813 0.031944
0 0.157422 0.182639 0.008594 0.029167
0 0.185547 0.178472 0.008594 0.034722
0 0.195703 0.182639 0.008594 0.034722
0 0.223438 0.182639 0.009375 0.034722
0 0.232422 0.179861 0.007031 0.034722
0 0.241406 0.177083 0.007813 0.031944
0 0.253516 0.177778 0.008594 0.036111
0 0.280078 0.181944 0.008594 0.030556
2 0.332422 0.065278 0.010156 0.058333
2 0.312500 0.193056 0.012500 0.066667
2 0.344922 0.188194 0.019531 0.062500
2 0.367188 0.138194 0.009375 0.059722
0 0.366406 0.186111 0.007813 0.036111
2 0.366016 0.227083 0.011719 0.045833
2 0.202734 0.314583 0.021094 0.015278
0 0.346094 0.275000 0.015625 0.013889
0 0.347656 0.302083 0.015625 0.015278
0 0.246875 0.394444 0.010937 0.030556
0 0.266797 0.396528 0.008594 0.031944
0 0.284766 0.388194 0.008594 0.037500
0 0.294141 0.395833 0.010156 0.041667
0 0.239844 0.533333 0.017188 0.016667
0 0.239453 0.585417 0.017969 0.018056
0 0.241797 0.625000 0.017969 0.016667
2 0.245703 0.751389 0.017969 0.019444
2 0.245703 0.782639 0.022656 0.015278
0 0.246875 0.818056 0.015625 0.030556
0 0.251172 0.862500 0.017969 0.022222
2 0.294531 0.873611 0.025000 0.025000
0 0.292188 0.777083 0.015625 0.015278
0 0.291406 0.743056 0.017188 0.016667
0 0.291797 0.717361 0.016406 0.015278
0 0.293359 0.692361 0.016406 0.018056
0 0.276172 0.665972 0.017969 0.018056
0 0.275000 0.629861 0.018750 0.020833
0 0.292969 0.628472 0.017188 0.020833
0 0.293750 0.604861 0.018750 0.012500
0 0.292969 0.581944 0.017188 0.016667
0 0.293750 0.542361 0.018750 0.018056
0 0.291406 0.517361 0.017188 0.018056
0 0.292969 0.427778 0.017188 0.016667
0 0.289844 0.443750 0.020312 0.015278
0 0.292578 0.459722 0.017969 0.013889
2 0.326953 0.843056 0.022656 0.016667
0 0.328516 0.565972 0.019531 0.015278
0 0.321484 0.390972 0.010156 0.031944
0 0.330469 0.397222 0.007813 0.033333
0 0.339063 0.383333 0.009375 0.041667
0 0.365625 0.417361 0.009375 0.031944
0 0.363281 0.475694 0.009375 0.031944
0 0.363281 0.513889 0.007813 0.030556
0 0.365234 0.551389 0.008594 0.027778
0 0.365234 0.593056 0.008594 0.030556
0 0.364844 0.630556 0.007813 0.033333
0 0.365625 0.669444 0.007813 0.030556
0 0.360938 0.908333 0.012500 0.036111
2 0.341797 0.952083 0.016406 0.037500
0 0.387500 0.372222 0.015625 0.030556
0 0.392188 0.286806 0.009375 0.031944
0 0.417969 0.290278 0.007813 0.027778
2 0.417188 0.234722 0.012500 0.069444
0 0.417188 0.156944 0.009375 0.033333
2 0.417578 0.073611 0.011719 0.072222
0 0.458984 0.020833 0.008594 0.038889
0 0.460547 0.153472 0.008594 0.031944
2 0.461328 0.265278 0.011719 0.061111
0 0.489844 0.013889 0.017188 0.013889
0 0.490234 0.064583 0.017969 0.018056
2 0.488672 0.083333 0.022656 0.019444
0 0.492578 0.182639 0.016406 0.018056
0 0.492969 0.226389 0.017188 0.019444
0 0.488281 0.264583 0.017188 0.018056
0 0.528516 0.041667 0.016406 0.019444
0 0.531250 0.068056 0.018750 0.016667
0 0.524219 0.147917 0.017188 0.015278
0 0.532031 0.172222 0.017188 0.016667
0 0.532031 0.202083 0.015625 0.015278
0 0.548437 0.213889 0.017188 0.013889
0 0.530078 0.239583 0.016406 0.018056
0 0.548437 0.238194 0.015625 0.015278
0 0.548828 0.255556 0.017969 0.011111
2 0.538672 0.275000 0.027344 0.019444
0 0.559766 0.336806 0.019531 0.026389
0 0.586328 0.263194 0.017969 0.015278
2 0.587109 0.236806 0.022656 0.015278
2 0.584375 0.211111 0.020312 0.022222
2 0.586328 0.188889 0.025781 0.016667
2 0.585156 0.168750 0.021875 0.018056
0 0.585938 0.147917 0.017188 0.015278
0 0.585938 0.119444 0.017188 0.019444
0 0.589453 0.067361 0.021094 0.015278
0 0.605078 0.075694 0.008594 0.034722
0 0.603516 0.155556 0.008594 0.033333
0 0.628125 0.149306 0.017188 0.015278
0 0.752344 0.101389 0.020312 0.022222
0 0.764063 0.148611 0.020312 0.027778
0 0.828125 0.266667 0.015625 0.027778
0 0.927734 0.250000 0.010156 0.038889
0 0.937109 0.105556 0.016406 0.038889
2 0.614062 0.330556 0.037500 0.047222
0 0.568750 0.901389 0.014062 0.016667
0 0.586328 0.900000 0.017969 0.019444
0 0.611719 0.920833 0.018750 0.013889
0 0.656641 0.929861 0.014844 0.018056
0 0.731250 0.968750 0.018750 0.026389
0 0.483203 0.939583 0.016406 0.020833
0 0.436719 0.906250 0.014062 0.034722
2 0.431250 0.869444 0.007813 0.038889
0 0.041406 0.743750 0.018750 0.018056
0 0.058594 0.735417 0.017188 0.018056
0 0.547266 0.946528 0.019531 0.023611
0 0.489844 0.971528 0.017188 0.023611
0 0.814062 0.796528 0.017188 0.018056
0 0.790234 0.761806 0.013281 0.034722
0 0.912500 0.735417 0.017188 0.026389
0 0.666406 0.243750 0.018750 0.018056
0 0.669531 0.267361 0.015625 0.020833
0 0.683594 0.302083 0.017188 0.026389
0 0.943750 0.759722 0.020312 0.019444
