2 0.368359 0.138889 0.011719 0.050000
2 0.419531 0.144444 0.010937 0.072222
2 0.589844 0.144444 0.025000 0.022222
2 0.464453 0.175694 0.011719 0.062500
2 0.541406 0.184722 0.028125 0.022222
2 0.587500 0.117361 0.023438 0.020833
2 0.589063 0.096528 0.025000 0.018056
2 0.588672 0.072222 0.025781 0.022222
2 0.618359 0.243056 0.039844 0.036111
2 0.768359 0.052778 0.021094 0.025000
2 0.300781 0.788889 0.026563 0.022222
2 0.250781 0.700000 0.023438 0.019444
2 0.297266 0.309722 0.010156 0.038889
2 0.342578 0.297222 0.010156 0.041667
2 0.332422 0.780556 0.022656 0.016667
2 0.332812 0.760417 0.021875 0.018056
0 0.045313 0.663889 0.015625 0.019444
0 0.063281 0.656944 0.017188 0.016667
0 0.296875 0.693056 0.015625 0.013889
0 0.253125 0.733333 0.015625 0.033333
0 0.256641 0.779167 0.016406 0.019444
0 0.296484 0.659028 0.017969 0.015278
0 0.296484 0.634028 0.017969 0.015278
0 0.298047 0.607639 0.016406 0.015278
0 0.330859 0.606250 0.017969 0.015278
0 0.330859 0.643750 0.013281 0.012500
0 0.280859 0.581944 0.019531 0.016667
0 0.297266 0.546528 0.016406 0.018056
0 0.296094 0.495833 0.017188 0.013889
0 0.296094 0.456944 0.017188 0.013889
0 0.294141 0.433333 0.016406 0.013889
0 0.245312 0.541667 0.018750 0.016667
0 0.243359 0.502083 0.016406 0.015278
0 0.243750 0.450694 0.017188 0.015278
0 0.242578 0.426389 0.021094 0.013889
0 0.249609 0.309028 0.010156 0.026389
0 0.323828 0.307639 0.010156 0.034722
0 0.333984 0.309722 0.008594 0.033333
0 0.270312 0.313194 0.009375 0.037500
0 0.288281 0.302778 0.010937 0.027778
0 0.348828 0.186806 0.016406 0.015278
0 0.350391 0.215972 0.019531 0.018056
0 0.393750 0.198611 0.009375 0.036111
2 0.314453 0.107639 0.013281 0.065278
0 0.347656 0.125000 0.017188 0.016667
0 0.368359 0.095833 0.007031 0.030556
2 0.369531 0.047222 0.010937 0.061111
0 0.419531 0.066667 0.007813 0.033333
0 0.462109 0.061111 0.008594 0.038889
0 0.205859 0.230556 0.021094 0.019444
0 0.159375 0.097222 0.009375 0.027778
0 0.187891 0.096528 0.010156 0.034722
0 0.196875 0.094444 0.009375 0.036111
0 0.225781 0.095139 0.009375 0.034722
0 0.234375 0.093056 0.009375 0.033333
0 0.244141 0.091667 0.008594 0.030556
0 0.255469 0.089583 0.007813 0.031944
0 0.281250 0.095833 0.009375 0.030556
0 0.370313 0.586806 0.009375 0.034722
0 0.368750 0.544444 0.009375 0.033333
0 0.368750 0.507639 0.009375 0.034722
0 0.369141 0.465278 0.008594 0.033333
0 0.367188 0.426389 0.009375 0.033333
0 0.367188 0.386806 0.009375 0.034722
0 0.368750 0.329167 0.009375 0.036111
0 0.323438 0.966667 0.015625 0.019444
0 0.358203 0.940972 0.017969 0.020833
0 0.380469 0.964583 0.017188 0.020833
0 0.410156 0.970139 0.017188 0.020833
0 0.424609 0.918056 0.013281 0.016667
0 0.442969 0.897222 0.018750 0.019444
0 0.421094 0.845833 0.017188 0.033333
0 0.367188 0.824306 0.009375 0.023611
0 0.436328 0.782639 0.008594 0.034722
0 0.489844 0.855556 0.017188 0.016667
0 0.533984 0.852083 0.016406 0.023611
0 0.575000 0.814583 0.014062 0.015278
0 0.593750 0.813889 0.017188 0.016667
0 0.596094 0.845139 0.018750 0.018056
0 0.643750 0.843750 0.017188 0.015278
0 0.688281 0.849306 0.018750 0.020833
0 0.682813 0.817361 0.015625 0.018056
0 0.703125 0.825000 0.017188 0.019444
0 0.787500 0.911111 0.018750 0.027778
0 0.461719 0.930556 0.017188 0.022222
0 0.851172 0.973611 0.016406 0.025000
0 0.803125 0.893750 0.014062 0.020833
0 0.783984 0.681250 0.011719 0.031944
0 0.774609 0.685417 0.010156 0.029167
0 0.797266 0.668056 0.013281 0.036111
0 0.810547 0.666667 0.010156 0.030556
0 0.952344 0.665972 0.018750 0.015278
0 0.789844 0.881944 0.015625 0.019444
0 0.491406 0.172917 0.018750 0.015278
0 0.494922 0.135417 0.017969 0.015278
0 0.494922 0.088889 0.017969 0.016667
0 0.533594 0.079167 0.018750 0.016667
0 0.533594 0.107639 0.015625 0.015278
0 0.551172 0.120833 0.016406 0.016667
0 0.587500 0.027778 0.017188 0.016667
0 0.631250 0.054861 0.020312 0.018056
0 0.606641 0.061111 0.007031 0.030556
0 0.587891 0.055556 0.019531 0.016667
0 0.531641 0.148611 0.017969 0.016667
0 0.549609 0.145833 0.016406 0.016667
0 0.551562 0.161806 0.017188 0.015278
0 0.674219 0.172222 0.018750 0.022222
0 0.669531 0.150000 0.018750 0.013889
0 0.420312 0.200694 0.009375 0.031944
0 0.295312 0.343750 0.018750 0.018056
0 0.292969 0.358333 0.020312 0.016667
0 0.295312 0.373611 0.017188 0.016667
0 0.821094 0.706944 0.018750 0.016667
2 0.298047 0.520833 0.019531 0.013889
2 0.331641 0.527778 0.019531 0.013889
2 0.332031 0.481944 0.020312 0.013889
2 0.250000 0.668750 0.021875 0.018056
2 0.280078 0.545139 0.019531 0.015278
