2 0.608203 0.206250 0.039844 0.051389
0 0.007031 0.092361 0.010937 0.034722
0 0.056250 0.091667 0.009375 0.033333
0 0.133594 0.086806 0.007813 0.031944
0 0.144531 0.089583 0.007813 0.029167
0 0.172656 0.084028 0.007813 0.037500
0 0.182031 0.084722 0.007813 0.036111
0 0.210547 0.084722 0.008594 0.033333
0 0.219922 0.081250 0.008594 0.034722
0 0.229297 0.081250 0.008594 0.034722
0 0.239453 0.079861 0.008594 0.034722
0 0.267578 0.084722 0.010156 0.030556
2 0.300391 0.093750 0.014844 0.070833
2 0.332422 0.086111 0.022656 0.069444
2 0.353906 0.031250 0.010937 0.056944
0 0.354688 0.078472 0.007813 0.029167
2 0.355078 0.122222 0.011719 0.044444
2 0.406641 0.123611 0.011719 0.072222
0 0.405469 0.048611 0.010937 0.036111
0 0.382031 0.181944 0.009375 0.033333
0 0.407422 0.184028 0.010156 0.029167
0 0.335547 0.171528 0.016406 0.018056
2 0.192578 0.222222 0.022656 0.016667
0 0.237109 0.300000 0.011719 0.027778
0 0.258203 0.297917 0.010156 0.034722
0 0.277344 0.290972 0.009375 0.031944
0 0.286328 0.297917 0.010156 0.043056
0 0.311719 0.293056 0.010937 0.036111
0 0.322656 0.293750 0.006250 0.031944
0 0.330859 0.281944 0.008594 0.041667
0 0.284375 0.329861 0.018750 0.015278
0 0.282422 0.345833 0.019531 0.016667
0 0.285156 0.362500 0.018750 0.013889
2 0.232812 0.417361 0.020312 0.015278
0 0.233594 0.440278 0.018750 0.016667
0 0.285156 0.419444 0.017188 0.016667
0 0.287500 0.445833 0.018750 0.016667
0 0.287500 0.485417 0.018750 0.018056
0 0.323438 0.466667 0.020312 0.013889
0 0.289063 0.507639 0.018750 0.015278
0 0.233203 0.490972 0.017969 0.018056
0 0.237500 0.532639 0.018750 0.015278
2 0.243750 0.659028 0.021875 0.018056
2 0.244141 0.689583 0.022656 0.020833
0 0.248437 0.725694 0.015625 0.029167
0 0.250781 0.768750 0.017188 0.020833
0 0.291406 0.684028 0.017188 0.015278
0 0.289844 0.647222 0.015625 0.016667
0 0.289844 0.620833 0.017188 0.019444
0 0.290625 0.596528 0.017188 0.018056
0 0.272656 0.570139 0.017188 0.018056
0 0.270703 0.536111 0.017969 0.019444
0 0.290234 0.535417 0.016406 0.018056
0 0.039453 0.660417 0.019531 0.031944
0 0.057031 0.655556 0.017188 0.027778
2 0.295312 0.776389 0.025000 0.027778
2 0.342969 0.854861 0.017188 0.037500
0 0.328125 0.893056 0.018750 0.019444
0 0.407031 0.888194 0.018750 0.023611
0 0.362109 0.808333 0.011719 0.030556
0 0.336719 0.201389 0.017188 0.016667
0 0.337109 0.216667 0.017969 0.016667
0 0.357422 0.315972 0.010156 0.031944
0 0.357422 0.373611 0.010156 0.033333
0 0.358203 0.413194 0.008594 0.026389
0 0.359766 0.451389 0.008594 0.030556
0 0.360156 0.493056 0.009375 0.027778
0 0.360156 0.529167 0.007813 0.030556
0 0.371094 0.503472 0.007813 0.026389
0 0.362500 0.570833 0.009375 0.033333
0 0.446875 0.042361 0.009375 0.034722
2 0.451172 0.156250 0.010156 0.065278
0 0.480859 0.068056 0.016406 0.016667
0 0.481250 0.111111 0.018750 0.016667
0 0.478516 0.151389 0.014844 0.019444
0 0.519531 0.031250 0.018750 0.012500
0 0.520312 0.057639 0.017188 0.018056
0 0.520312 0.084722 0.014062 0.013889
0 0.537891 0.097917 0.016406 0.015278
0 0.518359 0.124306 0.017969 0.012500
0 0.536719 0.122222 0.015625 0.013889
0 0.539453 0.139583 0.017969 0.012500
2 0.528906 0.161111 0.028125 0.019444
0 0.573438 0.028472 0.017188 0.018056
2 0.575000 0.047917 0.023438 0.018056
2 0.574219 0.070139 0.025000 0.020833
2 0.573438 0.093750 0.020312 0.018056
2 0.577344 0.119444 0.020312 0.019444
0 0.576172 0.145833 0.017969 0.011111
0 0.591406 0.033333 0.006250 0.030556
0 0.617188 0.027083 0.017188 0.018056
0 0.655859 0.121528 0.021094 0.015278
0 0.660547 0.142361 0.016406 0.020833
0 0.673437 0.177778 0.017188 0.022222
0 0.754297 0.020833 0.021094 0.027778
0 0.821484 0.136806 0.017969 0.023611
0 0.791797 0.635417 0.013281 0.029167
0 0.915625 0.605556 0.017188 0.022222
0 0.945313 0.625694 0.021875 0.020833
0 0.816406 0.670833 0.017188 0.019444
0 0.784375 0.850694 0.014062 0.026389
0 0.799219 0.860417 0.012500 0.023611
0 0.793750 0.949306 0.014062 0.026389
0 0.764453 0.932639 0.014844 0.026389
0 0.699219 0.796528 0.015625 0.023611
0 0.678906 0.787500 0.015625 0.025000
0 0.703906 0.886111 0.015625 0.027778
0 0.664063 0.847917 0.017188 0.018056
0 0.652344 0.868056 0.018750 0.019444
0 0.589453 0.790278 0.014844 0.019444
0 0.571094 0.792361 0.015625 0.015278
0 0.485547 0.836111 0.016406 0.019444
0 0.423438 0.825000 0.015625 0.030556
2 0.431641 0.763889 0.008594 0.036111
0 0.439453 0.804861 0.013281 0.031944
