0 0.096484 0.236806 0.017969 0.018056
0 0.012109 0.505556 0.010156 0.038889
0 0.073047 0.506944 0.010156 0.033333
0 0.148828 0.503472 0.007031 0.029167
0 0.160156 0.504167 0.010937 0.025000
0 0.188281 0.499306 0.009375 0.037500
0 0.198437 0.502083 0.009375 0.040278
0 0.225781 0.503472 0.007813 0.034722
0 0.234766 0.502083 0.008594 0.034722
0 0.245312 0.502083 0.007813 0.037500
0 0.281250 0.503472 0.009375 0.026389
0 0.248828 0.715278 0.011719 0.030556
0 0.269922 0.717361 0.008594 0.031944
0 0.287109 0.709028 0.007031 0.037500
0 0.297266 0.715278 0.008594 0.038889
0 0.293359 0.750694 0.016406 0.018056
0 0.292578 0.765278 0.017969 0.013889
0 0.294531 0.784028 0.020312 0.015278
0 0.241406 0.834722 0.018750 0.011111
0 0.242969 0.855556 0.017188 0.011111
0 0.241406 0.905556 0.017188 0.013889
0 0.245703 0.945139 0.019531 0.015278
0 0.276563 0.948611 0.018750 0.019444
0 0.297266 0.950000 0.016406 0.022222
2 0.279297 0.985417 0.019531 0.020833
0 0.295312 0.925000 0.018750 0.013889
0 0.294141 0.902083 0.017969 0.015278
0 0.294922 0.863889 0.016406 0.016667
0 0.293359 0.839583 0.017969 0.015278
0 0.323438 0.713194 0.009375 0.031944
0 0.333594 0.716667 0.007813 0.036111
0 0.341797 0.704167 0.010156 0.038889
0 0.367188 0.740278 0.009375 0.036111
0 0.365234 0.793750 0.011719 0.040278
0 0.364844 0.834722 0.010937 0.027778
0 0.366406 0.870833 0.007813 0.033333
0 0.366797 0.913194 0.010156 0.031944
0 0.366797 0.947917 0.010156 0.029167
0 0.368750 0.987500 0.009375 0.025000
0 0.347266 0.009028 0.014844 0.018056
0 0.343359 0.036806 0.021094 0.012500
0 0.367578 0.088194 0.008594 0.037500
0 0.333594 0.110417 0.007813 0.034722
0 0.319531 0.143750 0.007813 0.031944
0 0.349609 0.181250 0.016406 0.018056
0 0.378516 0.225694 0.019531 0.029167
2 0.424219 0.077083 0.010937 0.040278
0 0.400781 0.059722 0.007813 0.036111
0 0.425000 0.173611 0.007813 0.036111
0 0.428125 0.128472 0.009375 0.037500
2 0.418359 0.260417 0.011719 0.062500
2 0.418750 0.397917 0.010937 0.065278
2 0.419922 0.557639 0.013281 0.065278
2 0.369141 0.460417 0.010156 0.059722
2 0.347266 0.512500 0.019531 0.063889
2 0.334375 0.389583 0.012500 0.062500
2 0.315625 0.518056 0.015625 0.055556
0 0.347656 0.595139 0.018750 0.015278
0 0.349609 0.625000 0.017969 0.013889
0 0.350000 0.642361 0.017188 0.012500
2 0.367969 0.550000 0.010937 0.044444
0 0.393359 0.607639 0.010156 0.029167
0 0.369141 0.508333 0.008594 0.027778
0 0.406250 0.820833 0.007813 0.030556
0 0.418750 0.480556 0.009375 0.036111
0 0.460938 0.156944 0.009375 0.041667
2 0.461719 0.260417 0.010937 0.043056
0 0.460156 0.342361 0.007813 0.029167
0 0.460938 0.475694 0.006250 0.029167
0 0.470703 0.468056 0.010156 0.030556
2 0.463672 0.591667 0.011719 0.063889
0 0.492578 0.230556 0.019531 0.019444
0 0.494141 0.253472 0.016406 0.012500
0 0.493359 0.270833 0.017969 0.011111
0 0.494141 0.286806 0.016406 0.012500
0 0.493750 0.313194 0.017188 0.012500
0 0.491797 0.338889 0.017969 0.016667
0 0.492578 0.389583 0.021094 0.015278
2 0.489844 0.408333 0.023438 0.019444
0 0.494531 0.504167 0.017188 0.016667
0 0.493359 0.547917 0.017969 0.015278
0 0.490234 0.585417 0.019531 0.018056
0 0.530078 0.231944 0.017969 0.016667
0 0.549219 0.215278 0.017188 0.019444
0 0.531250 0.280556 0.015625 0.019444
0 0.532031 0.318750 0.020312 0.020833
0 0.530469 0.364583 0.015625 0.018056
0 0.532812 0.391667 0.017188 0.013889
0 0.550391 0.331944 0.014844 0.013889
0 0.551562 0.351389 0.014062 0.013889
0 0.551172 0.364583 0.019531 0.012500
0 0.550391 0.378472 0.021094 0.015278
0 0.534375 0.497222 0.020312 0.013889
0 0.533594 0.520833 0.015625 0.016667
0 0.551172 0.534722 0.016406 0.016667
0 0.529688 0.561111 0.017188 0.016667
0 0.549219 0.557639 0.015625 0.015278
0 0.550391 0.571528 0.014844 0.015278
0 0.533203 0.584722 0.016406 0.011111
2 0.539844 0.600000 0.026563 0.019444
2 0.587500 0.488889 0.023438 0.016667
2 0.588281 0.513194 0.025000 0.012500
2 0.585156 0.534028 0.021875 0.012500
2 0.589063 0.561806 0.018750 0.015278
0 0.586719 0.586806 0.017188 0.012500
0 0.590625 0.389583 0.020312 0.018056
0 0.587891 0.442361 0.013281 0.020833
0 0.583203 0.470833 0.011719 0.008333
0 0.588281 0.216667 0.021875 0.013889
2 0.591406 0.245833 0.021875 0.013889
2 0.608203 0.140972 0.011719 0.040278
2 0.679688 0.045833 0.020312 0.013889
0 0.606250 0.293750 0.007813 0.045833
0 0.607031 0.398611 0.009375 0.036111
0 0.604688 0.477083 0.009375 0.031944
0 0.631641 0.473611 0.019531 0.019444
0 0.752344 0.426389 0.017188 0.027778
0 0.766797 0.468056 0.019531 0.030556
2 0.614453 0.653472 0.041406 0.037500
0 0.667969 0.563194 0.018750 0.018056
0 0.671875 0.589583 0.017188 0.020833
0 0.684766 0.620833 0.017969 0.027778
0 0.939062 0.427083 0.014062 0.034722
0 0.895703 0.565972 0.016406 0.020833
0 0.574219 0.675000 0.021875 0.022222
0 0.550391 0.688194 0.022656 0.020833
0 0.074219 0.445833 0.020312 0.016667
0 0.418359 0.613194 0.008594 0.031944
0 0.830078 0.586806 0.017969 0.020833
0 0.910156 0.554861 0.018750 0.020833
0 0.256250 0.500000 0.009375 0.033333
0 0.685547 0.141667 0.017969 0.036111
