0 0.007813 0.263889 0.009375 0.030556
0 0.021875 0.257639 0.012500 0.034722
0 0.070703 0.264583 0.011719 0.031944
0 0.146875 0.264583 0.006250 0.031944
0 0.158203 0.265278 0.008594 0.030556
0 0.185937 0.264583 0.009375 0.037500
0 0.194922 0.264583 0.010156 0.037500
0 0.224609 0.266667 0.008594 0.036111
0 0.232031 0.261806 0.007813 0.031944
0 0.241406 0.262500 0.009375 0.027778
0 0.253125 0.259028 0.007813 0.031944
0 0.280469 0.264583 0.009375 0.029167
2 0.312500 0.275000 0.009375 0.061111
2 0.332422 0.145139 0.010156 0.062500
0 0.202734 0.398611 0.019531 0.016667
0 0.247266 0.477778 0.008594 0.025000
0 0.267188 0.475694 0.009375 0.029167
0 0.294531 0.477083 0.010937 0.034722
0 0.285156 0.470833 0.009375 0.027778
0 0.291797 0.512500 0.019531 0.013889
0 0.289844 0.526389 0.020312 0.013889
0 0.292188 0.543056 0.018750 0.013889
0 0.239453 0.595139 0.019531 0.015278
0 0.239063 0.616667 0.017188 0.011111
0 0.239453 0.665972 0.016406 0.020833
0 0.240625 0.707639 0.017188 0.020833
2 0.245703 0.835417 0.021094 0.020833
2 0.245703 0.865972 0.024219 0.018056
0 0.041406 0.826389 0.017188 0.013889
0 0.060547 0.816667 0.016406 0.013889
0 0.017188 0.877083 0.009375 0.026389
0 0.026953 0.870139 0.010156 0.029167
2 0.345313 0.270833 0.021875 0.063889
2 0.367188 0.221528 0.010937 0.062500
2 0.418359 0.313889 0.013281 0.069444
2 0.417188 0.157639 0.012500 0.070833
0 0.345703 0.356944 0.017969 0.013889
0 0.345313 0.385417 0.018750 0.015278
0 0.366406 0.267361 0.009375 0.034722
2 0.366797 0.309722 0.014844 0.044444
0 0.392188 0.368056 0.009375 0.036111
0 0.417188 0.370139 0.009375 0.031944
0 0.320703 0.477083 0.010156 0.037500
0 0.330859 0.477778 0.007031 0.030556
0 0.339063 0.466667 0.009375 0.036111
0 0.365625 0.496528 0.009375 0.034722
0 0.363672 0.556250 0.008594 0.034722
0 0.363281 0.596528 0.009375 0.029167
0 0.364062 0.631944 0.009375 0.027778
0 0.365234 0.675000 0.008594 0.030556
0 0.364062 0.713194 0.009375 0.029167
0 0.366797 0.752778 0.008594 0.033333
0 0.291406 0.600694 0.017188 0.018056
0 0.292188 0.625694 0.018750 0.018056
0 0.291797 0.663889 0.017969 0.013889
0 0.292969 0.686806 0.020312 0.018056
0 0.275391 0.713889 0.019531 0.013889
0 0.293750 0.713889 0.014062 0.016667
2 0.275781 0.747917 0.018750 0.018056
0 0.293750 0.775694 0.018750 0.015278
0 0.291406 0.797222 0.018750 0.016667
0 0.291797 0.826389 0.016406 0.016667
0 0.291016 0.861806 0.016406 0.018056
2 0.329297 0.650000 0.019531 0.019444
0 0.326953 0.809028 0.014844 0.018056
2 0.294141 0.952778 0.025781 0.019444
0 0.248047 0.899306 0.013281 0.031944
0 0.250781 0.945139 0.017188 0.018056
2 0.327344 0.927778 0.023438 0.016667
2 0.328125 0.949306 0.021875 0.020833
2 0.383594 0.078472 0.010937 0.062500
0 0.568750 0.982639 0.014062 0.018056
0 0.586719 0.981944 0.015625 0.022222
0 0.776953 0.853472 0.010156 0.037500
0 0.815234 0.877083 0.016406 0.015278
0 0.866406 0.818056 0.017188 0.016667
0 0.885156 0.813889 0.015625 0.011111
0 0.945703 0.839583 0.016406 0.020833
0 0.803906 0.839583 0.007813 0.029167
0 0.938281 0.184722 0.014062 0.030556
0 0.753906 0.177778 0.018750 0.033333
0 0.764063 0.227083 0.018750 0.031944
0 0.667578 0.321528 0.021094 0.026389
0 0.671875 0.348611 0.018750 0.022222
0 0.681641 0.381944 0.019531 0.019444
2 0.614453 0.414583 0.036719 0.040278
2 0.538672 0.359722 0.028906 0.019444
2 0.588281 0.318750 0.023438 0.018056
2 0.584375 0.292361 0.020312 0.015278
2 0.586328 0.271528 0.022656 0.023611
2 0.587500 0.247222 0.020312 0.019444
2 0.417188 0.024306 0.012500 0.048611
2 0.459766 0.020139 0.010156 0.040278
0 0.467969 0.052778 0.007813 0.033333
0 0.458594 0.101389 0.010937 0.038889
0 0.459766 0.234722 0.010156 0.036111
2 0.462109 0.347917 0.011719 0.065278
0 0.417969 0.239583 0.009375 0.029167
0 0.492188 0.263194 0.015625 0.018056
0 0.492578 0.306250 0.016406 0.018056
0 0.489062 0.345139 0.017188 0.020833
0 0.491797 0.009722 0.017969 0.016667
0 0.491797 0.027083 0.017969 0.012500
0 0.491016 0.043750 0.014844 0.012500
0 0.491016 0.068056 0.017969 0.016667
0 0.490625 0.095833 0.015625 0.013889
0 0.490625 0.147917 0.018750 0.015278
2 0.488281 0.163889 0.025000 0.019444
0 0.528906 0.038194 0.017188 0.020833
0 0.529297 0.074306 0.016406 0.018056
0 0.529297 0.120139 0.017969 0.020833
0 0.531250 0.147917 0.017188 0.015278
0 0.549219 0.090972 0.018750 0.015278
0 0.548437 0.106944 0.018750 0.011111
0 0.548047 0.122917 0.017969 0.009722
0 0.550000 0.137500 0.020312 0.013889
0 0.588281 0.148611 0.021875 0.016667
0 0.585156 0.203472 0.018750 0.015278
0 0.532422 0.253472 0.016406 0.023611
0 0.531641 0.281944 0.014844 0.019444
0 0.550000 0.294444 0.017188 0.016667
0 0.529688 0.322917 0.020312 0.015278
0 0.548047 0.319444 0.016406 0.013889
0 0.548437 0.336806 0.017188 0.012500
0 0.584375 0.346528 0.017188 0.012500
0 0.583984 0.229167 0.017969 0.022222
0 0.603906 0.236806 0.009375 0.031944
0 0.628906 0.230556 0.021875 0.019444
0 0.605859 0.047222 0.008594 0.033333
0 0.828906 0.345833 0.018750 0.022222
0 0.892969 0.321528 0.015625 0.020833
0 0.910547 0.312500 0.013281 0.025000
0 0.675781 0.986111 0.017188 0.019444
0 0.698438 0.990972 0.017188 0.018056
0 0.549219 0.447222 0.014062 0.025000
0 0.572266 0.436806 0.017969 0.020833
0 0.530469 0.458333 0.012500 0.025000
