2 0.062500 0.081944 0.034375 0.022222
0 0.094922 0.078472 0.022656 0.023611
0 0.024219 0.068750 0.010937 0.043056
2 0.051172 0.121528 0.036719 0.026389
2 0.093750 0.114583 0.034375 0.026389
0 0.108984 0.053472 0.011719 0.034722
0 0.080469 0.052083 0.010937 0.031944
0 0.176953 0.050694 0.011719 0.040278
0 0.210156 0.052778 0.014062 0.033333
0 0.242969 0.049306 0.010937 0.029167
0 0.252344 0.047222 0.007813 0.033333
0 0.265234 0.047222 0.010156 0.033333
0 0.280859 0.051389 0.008594 0.036111
0 0.294922 0.052083 0.008594 0.037500
0 0.308594 0.054167 0.010937 0.036111
0 0.325781 0.056250 0.012500 0.040278
0 0.346484 0.054167 0.008594 0.041667
0 0.180078 0.076389 0.022656 0.016667
0 0.218750 0.075694 0.021875 0.012500
2 0.258594 0.074306 0.042188 0.020833
0 0.221484 0.115278 0.024219 0.011111
2 0.249219 0.111806 0.026563 0.018056
2 0.280469 0.108333 0.026563 0.016667
0 0.067188 0.147222 0.006250 0.030556
0 0.075781 0.151389 0.007813 0.036111
0 0.089844 0.150694 0.007813 0.031944
0 0.099219 0.148611 0.007813 0.036111
0 0.109375 0.145833 0.009375 0.033333
0 0.125781 0.149306 0.010937 0.040278
0 0.139453 0.149306 0.011719 0.031944
0 0.153906 0.145833 0.010937 0.030556
0 0.166797 0.147222 0.010156 0.033333
0 0.176172 0.149306 0.010156 0.034722
0 0.188672 0.147917 0.010156 0.037500
0 0.045313 0.225694 0.014062 0.034722
0 0.042578 0.260417 0.011719 0.031944
0 0.053906 0.260417 0.009375 0.034722
0 0.064062 0.264583 0.009375 0.029167
0 0.099609 0.241667 0.010156 0.033333
0 0.114453 0.200694 0.024219 0.018056
2 0.110937 0.243750 0.010937 0.068056
0 0.120703 0.229861 0.007031 0.026389
2 0.166016 0.202083 0.030469 0.015278
2 0.229297 0.197222 0.027344 0.022222
0 0.255469 0.188889 0.018750 0.016667
0 0.322266 0.245139 0.010156 0.040278
0 0.346094 0.215972 0.023438 0.015278
0 0.347266 0.240972 0.021094 0.018056
0 0.345703 0.266667 0.016406 0.013889
0 0.344922 0.295833 0.017969 0.019444
0 0.368359 0.345139 0.008594 0.034722
0 0.378125 0.484722 0.018750 0.027778
0 0.098828 0.501389 0.019531 0.016667
0 0.228906 0.510417 0.023438 0.020833
0 0.017578 0.768056 0.010156 0.038889
0 0.029297 0.765278 0.010156 0.038889
0 0.078906 0.765972 0.009375 0.031944
0 0.154297 0.768056 0.008594 0.036111
0 0.165625 0.763194 0.009375 0.029167
0 0.202734 0.762500 0.008594 0.038889
0 0.230469 0.763889 0.007813 0.033333
0 0.239063 0.760417 0.009375 0.037500
0 0.250000 0.761806 0.009375 0.034722
0 0.285937 0.761111 0.009375 0.025000
2 0.318750 0.773611 0.014062 0.069444
2 0.350781 0.772222 0.021875 0.066667
0 0.275000 0.971528 0.012500 0.040278
0 0.257422 0.968056 0.011719 0.027778
0 0.303125 0.971528 0.010937 0.034722
0 0.329688 0.965972 0.009375 0.031944
0 0.339063 0.967361 0.006250 0.031944
0 0.348437 0.959028 0.007813 0.034722
0 0.351953 0.852083 0.014844 0.020833
2 0.373437 0.806250 0.012500 0.045833
2 0.373437 0.716667 0.010937 0.061111
0 0.373437 0.761111 0.009375 0.027778
2 0.336328 0.649306 0.010156 0.059722
2 0.421875 0.654861 0.012500 0.070833
2 0.424219 0.812500 0.010937 0.066667
0 0.399219 0.863194 0.010937 0.029167
0 0.424609 0.869444 0.008594 0.027778
2 0.466406 0.841667 0.010937 0.063889
0 0.466406 0.946528 0.020312 0.020833
0 0.486719 0.968750 0.017188 0.020833
2 0.621484 0.906250 0.038281 0.043056
2 0.542969 0.852083 0.031250 0.020833
2 0.421484 0.517361 0.011719 0.065278
2 0.666797 0.060417 0.032031 0.015278
2 0.721484 0.059028 0.022656 0.023611
2 0.411719 0.054167 0.010937 0.066667
0 0.440625 0.043056 0.006250 0.033333
0 0.449219 0.065972 0.012500 0.015278
0 0.463672 0.053472 0.007031 0.034722
0 0.478906 0.043750 0.006250 0.034722
0 0.487500 0.044444 0.006250 0.036111
0 0.505078 0.041667 0.007031 0.036111
0 0.513281 0.040278 0.006250 0.033333
0 0.523828 0.040278 0.007031 0.038889
0 0.533594 0.039583 0.006250 0.040278
0 0.551953 0.069444 0.016406 0.013889
0 0.561719 0.044444 0.006250 0.030556
0 0.572266 0.051389 0.007031 0.036111
0 0.591016 0.038194 0.007031 0.034722
0 0.606641 0.045833 0.008594 0.033333
2 0.586719 0.064583 0.018750 0.015278
0 0.488672 0.107639 0.016406 0.018056
0 0.512500 0.106250 0.014062 0.015278
0 0.533203 0.104861 0.016406 0.015278
0 0.555859 0.108333 0.017969 0.016667
0 0.582422 0.106250 0.014844 0.018056
0 0.607031 0.106250 0.015625 0.015278
0 0.628125 0.037500 0.007813 0.033333
0 0.637891 0.036806 0.008594 0.029167
0 0.651563 0.035417 0.010937 0.031944
0 0.676172 0.033333 0.010156 0.030556
0 0.693359 0.040972 0.010156 0.040278
0 0.712109 0.031944 0.010156 0.030556
0 0.732031 0.031944 0.006250 0.027778
0 0.760156 0.031944 0.009375 0.033333
0 0.788672 0.055556 0.016406 0.013889
0 0.798047 0.032639 0.008594 0.034722
0 0.805859 0.031944 0.007031 0.030556
0 0.814453 0.034028 0.007031 0.031944
0 0.824219 0.038194 0.009375 0.029167
0 0.927734 0.018750 0.008594 0.037500
0 0.948828 0.041667 0.013281 0.027778
0 0.963672 0.045139 0.013281 0.034722
0 0.969531 0.093056 0.018750 0.016667
0 0.865625 0.138194 0.014062 0.023611
0 0.831250 0.190278 0.017188 0.038889
0 0.816797 0.293056 0.017969 0.033333
0 0.853516 0.236806 0.016406 0.029167
0 0.910156 0.184722 0.012500 0.036111
0 0.930469 0.184722 0.007813 0.030556
0 0.975781 0.147222 0.017188 0.022222
0 0.696484 0.231250 0.014844 0.026389
2 0.680078 0.298611 0.021094 0.016667
0 0.685938 0.392361 0.018750 0.031944
2 0.607422 0.393750 0.010156 0.040278
0 0.590625 0.472222 0.020312 0.013889
0 0.591406 0.485417 0.018750 0.012500
2 0.592969 0.500000 0.021875 0.013889
0 0.608984 0.545833 0.008594 0.033333
0 0.632422 0.723611 0.016406 0.022222
0 0.671875 0.813889 0.017188 0.019444
0 0.673828 0.840972 0.016406 0.018056
0 0.687891 0.869444 0.019531 0.019444
0 0.578906 0.920139 0.018750 0.031944
0 0.554297 0.938194 0.019531 0.026389
0 0.536719 0.948611 0.018750 0.027778
0 0.514063 0.962500 0.017188 0.030556
0 0.495703 0.839583 0.016406 0.015278
0 0.498047 0.803472 0.021094 0.015278
0 0.498437 0.757639 0.020312 0.015278
2 0.493359 0.663889 0.024219 0.022222
0 0.494141 0.644444 0.019531 0.011111
0 0.493750 0.593056 0.017188 0.019444
0 0.495703 0.565278 0.019531 0.013889
0 0.494531 0.543056 0.017188 0.013889
0 0.495313 0.524306 0.015625 0.015278
0 0.496094 0.506250 0.017188 0.012500
0 0.531641 0.487500 0.017969 0.016667
0 0.550000 0.474306 0.014062 0.015278
0 0.531641 0.536111 0.016406 0.016667
0 0.533203 0.572222 0.019531 0.013889
0 0.532031 0.620139 0.018750 0.018056
0 0.535156 0.646528 0.018750 0.015278
0 0.551562 0.589583 0.015625 0.012500
0 0.551172 0.604861 0.016406 0.009722
0 0.552344 0.617361 0.015625 0.012500
0 0.552734 0.631944 0.016406 0.013889
0 0.591016 0.642361 0.022656 0.018056
0 0.589063 0.694444 0.017188 0.013889
0 0.587109 0.722222 0.016406 0.013889
0 0.608203 0.728472 0.008594 0.031944
2 0.590234 0.742361 0.024219 0.018056
2 0.590234 0.765972 0.024219 0.018056
2 0.589453 0.785417 0.024219 0.018056
2 0.593359 0.810417 0.022656 0.018056
0 0.590234 0.837500 0.019531 0.016667
0 0.554688 0.828472 0.017188 0.012500
0 0.553125 0.811806 0.017188 0.012500
0 0.555078 0.786111 0.016406 0.019444
0 0.537500 0.747222 0.017188 0.016667
0 0.536328 0.773611 0.014844 0.013889
0 0.534766 0.815278 0.019531 0.016667
0 0.466016 0.728472 0.008594 0.031944
0 0.462500 0.597222 0.009375 0.030556
2 0.463281 0.513889 0.009375 0.041667
0 0.293359 0.961806 0.010156 0.034722
0 0.419531 0.211111 0.007813 0.027778
0 0.401953 0.318056 0.007031 0.033333
0 0.396094 0.452083 0.020312 0.018056
2 0.423828 0.334722 0.011719 0.044444
0 0.387500 0.184028 0.009375 0.045833
0 0.399219 0.184028 0.010937 0.037500
0 0.302734 0.147222 0.010156 0.036111
0 0.287891 0.146528 0.007031 0.034722
0 0.280469 0.141667 0.007813 0.025000
0 0.941406 0.671528 0.012500 0.034722
0 0.425391 0.429861 0.008594 0.040278
0 0.477734 0.851389 0.007031 0.036111
0 0.642187 0.103472 0.020312 0.020833
0 0.694141 0.098611 0.019531 0.022222
0 0.937109 0.018056 0.008594 0.030556
0 0.980859 0.162500 0.024219 0.019444
0 0.756250 0.668056 0.023438 0.030556
0 0.770312 0.722222 0.020312 0.025000
