0 0.016406 0.078472 0.014062 0.043056
0 0.038281 0.061806 0.010937 0.034722
0 0.048828 0.060417 0.007031 0.034722
0 0.058594 0.056250 0.010937 0.031944
0 0.073047 0.059028 0.011719 0.037500
2 0.055078 0.088194 0.035156 0.018056
0 0.085547 0.083333 0.021094 0.019444
0 0.100000 0.055556 0.012500 0.033333
0 0.168750 0.048611 0.014062 0.038889
0 0.132813 0.054167 0.009375 0.033333
0 0.201172 0.045833 0.013281 0.033333
0 0.211719 0.071528 0.020312 0.018056
0 0.234766 0.042361 0.008594 0.031944
0 0.244531 0.038889 0.007813 0.030556
0 0.257031 0.040972 0.007813 0.029167
0 0.272656 0.041667 0.007813 0.030556
2 0.251172 0.064583 0.041406 0.023611
0 0.287891 0.040278 0.010156 0.038889
0 0.300391 0.043056 0.011719 0.038889
0 0.317969 0.043056 0.010937 0.036111
0 0.339844 0.040972 0.010937 0.040278
2 0.403516 0.031250 0.010156 0.062500
0 0.431641 0.022222 0.008594 0.036111
0 0.454297 0.028472 0.008594 0.037500
0 0.469922 0.018750 0.008594 0.034722
0 0.479297 0.020139 0.008594 0.034722
0 0.543750 0.037500 0.017188 0.016667
0 0.553906 0.015278 0.009375 0.030556
0 0.564062 0.020139 0.007813 0.034722
0 0.579687 0.029167 0.017188 0.016667
0 0.624219 0.027083 0.017188 0.015278
2 0.658984 0.022222 0.033594 0.019444
2 0.712500 0.016667 0.026563 0.016667
0 0.685938 0.059722 0.017188 0.022222
0 0.780078 0.010417 0.019531 0.018056
0 0.826172 0.135417 0.019531 0.031944
0 0.859375 0.087500 0.017188 0.030556
0 0.814453 0.244444 0.017969 0.033333
0 0.849219 0.184028 0.018750 0.029167
0 0.905078 0.124306 0.011719 0.037500
0 0.925781 0.127083 0.010937 0.034722
0 0.970703 0.085417 0.016406 0.015278
0 0.966016 0.049306 0.017969 0.018056
0 0.691406 0.188889 0.015625 0.030556
2 0.676953 0.256944 0.022656 0.016667
0 0.685156 0.352083 0.018750 0.029167
2 0.607422 0.360417 0.010156 0.040278
0 0.635156 0.067361 0.018750 0.015278
0 0.600000 0.070139 0.017188 0.015278
0 0.574219 0.072917 0.018750 0.018056
0 0.548437 0.075694 0.020312 0.018056
0 0.525391 0.075694 0.016406 0.012500
0 0.505078 0.077083 0.014844 0.012500
0 0.482031 0.083333 0.017188 0.019444
2 0.044922 0.125000 0.036719 0.019444
2 0.085156 0.121528 0.039063 0.018056
0 0.214453 0.109028 0.022656 0.018056
2 0.242578 0.102778 0.025781 0.013889
2 0.273047 0.100694 0.025781 0.018056
0 0.029687 0.162500 0.009375 0.030556
0 0.038281 0.163194 0.007813 0.040278
0 0.046094 0.159722 0.010937 0.036111
0 0.060156 0.154861 0.004688 0.029167
0 0.068359 0.154167 0.007031 0.027778
0 0.083594 0.154167 0.007813 0.027778
0 0.092188 0.154167 0.007813 0.030556
0 0.103516 0.149306 0.008594 0.034722
2 0.120312 0.153472 0.012500 0.043056
0 0.133203 0.150694 0.011719 0.034722
0 0.150000 0.151389 0.009375 0.033333
0 0.160938 0.149306 0.009375 0.031944
0 0.170703 0.147917 0.010156 0.031944
0 0.182812 0.147222 0.010937 0.036111
0 0.042578 0.234722 0.011719 0.036111
0 0.040625 0.271528 0.012500 0.031944
0 0.052344 0.264583 0.007813 0.031944
0 0.061328 0.270833 0.008594 0.033333
0 0.094531 0.245139 0.009375 0.031944
0 0.109375 0.204167 0.023438 0.013889
2 0.105859 0.245833 0.014844 0.066667
0 0.116797 0.231944 0.008594 0.036111
2 0.162109 0.202083 0.035156 0.018056
2 0.224609 0.191667 0.028906 0.022222
0 0.250391 0.183333 0.021094 0.016667
0 0.296875 0.135417 0.009375 0.034722
0 0.383203 0.164583 0.008594 0.043056
0 0.394141 0.164583 0.010156 0.043056
0 0.415234 0.190972 0.008594 0.023611
0 0.382813 0.206944 0.009375 0.033333
0 0.400000 0.300694 0.009375 0.034722
2 0.423438 0.312500 0.009375 0.036111
0 0.428906 0.365972 0.007813 0.031944
0 0.426562 0.409028 0.010937 0.034722
2 0.422656 0.495833 0.014062 0.063889
0 0.396875 0.432639 0.017188 0.018056
0 0.353125 0.425000 0.015625 0.013889
0 0.373047 0.465972 0.017969 0.023611
2 0.428906 0.633333 0.010937 0.072222
2 0.380859 0.700000 0.011719 0.061111
2 0.360156 0.753472 0.021875 0.059722
2 0.328125 0.762500 0.014062 0.061111
2 0.343750 0.633333 0.012500 0.061111
0 0.025781 0.772917 0.007813 0.029167
0 0.039063 0.769444 0.012500 0.033333
0 0.085938 0.771528 0.009375 0.029167
0 0.162500 0.764583 0.012500 0.031944
0 0.173438 0.762500 0.009375 0.025000
0 0.202344 0.756250 0.009375 0.031944
0 0.210547 0.759028 0.008594 0.037500
0 0.239063 0.755556 0.007813 0.033333
0 0.246875 0.754861 0.007813 0.031944
0 0.256250 0.751389 0.009375 0.027778
0 0.266797 0.748611 0.008594 0.033333
0 0.294141 0.748611 0.008594 0.025000
0 0.100781 0.502778 0.017188 0.013889
0 0.252734 0.500000 0.024219 0.019444
0 0.299219 0.507639 0.017188 0.023611
0 0.287891 0.959722 0.011719 0.036111
0 0.305469 0.950694 0.007813 0.023611
0 0.315234 0.954861 0.010156 0.037500
0 0.341797 0.954861 0.010156 0.037500
0 0.351172 0.954167 0.007031 0.030556
0 0.360547 0.943056 0.008594 0.036111
0 0.362500 0.836111 0.015625 0.016667
2 0.382031 0.788194 0.010937 0.037500
0 0.381641 0.745139 0.007031 0.031944
0 0.408594 0.838889 0.007813 0.030556
2 0.432813 0.788194 0.012500 0.062500
0 0.431250 0.709028 0.010937 0.037500
2 0.391406 0.559722 0.014062 0.063889
0 0.366406 0.329167 0.010937 0.033333
0 0.320703 0.258333 0.008594 0.033333
0 0.332422 0.355556 0.008594 0.041667
0 0.434375 0.845139 0.009375 0.040278
2 0.478516 0.819444 0.013281 0.063889
0 0.482812 0.879167 0.012500 0.030556
0 0.516406 0.905556 0.018750 0.022222
0 0.500391 0.939583 0.017969 0.020833
0 0.526563 0.934722 0.015625 0.027778
0 0.549609 0.916667 0.017969 0.030556
0 0.568359 0.908333 0.016406 0.025000
0 0.590625 0.889583 0.017188 0.026389
2 0.633203 0.868750 0.042969 0.048611
2 0.555078 0.821528 0.027344 0.020833
0 0.548437 0.804861 0.017188 0.012500
0 0.543750 0.781250 0.017188 0.018056
0 0.545703 0.745833 0.016406 0.016667
0 0.544922 0.716667 0.016406 0.019444
0 0.563281 0.753472 0.017188 0.015278
0 0.562891 0.779167 0.013281 0.016667
0 0.563672 0.795833 0.016406 0.013889
0 0.506250 0.810417 0.017188 0.018056
0 0.508203 0.772917 0.016406 0.018056
0 0.506250 0.729861 0.017188 0.018056
2 0.498828 0.635417 0.022656 0.020833
0 0.499219 0.617361 0.017188 0.018056
0 0.498047 0.565972 0.017969 0.018056
0 0.499219 0.537500 0.017188 0.016667
0 0.497266 0.513889 0.016406 0.013889
0 0.498047 0.497222 0.017969 0.016667
0 0.499219 0.481250 0.017188 0.015278
0 0.495313 0.462500 0.018750 0.013889
0 0.533984 0.459028 0.017969 0.018056
0 0.551953 0.443056 0.016406 0.013889
0 0.534766 0.506250 0.016406 0.015278
0 0.536328 0.543056 0.017969 0.019444
0 0.537891 0.588889 0.017969 0.016667
0 0.540234 0.615278 0.016406 0.016667
0 0.557813 0.556250 0.020312 0.015278
0 0.557813 0.572222 0.017188 0.013889
0 0.557813 0.586806 0.017188 0.012500
0 0.557813 0.602778 0.020312 0.013889
0 0.593359 0.436806 0.019531 0.015278
0 0.594141 0.452778 0.019531 0.013889
2 0.595312 0.466667 0.021875 0.013889
0 0.611328 0.508333 0.008594 0.030556
0 0.596875 0.606944 0.020312 0.022222
0 0.614453 0.612500 0.008594 0.036111
0 0.596875 0.660417 0.017188 0.018056
0 0.597656 0.688889 0.018750 0.016667
2 0.599219 0.708333 0.023438 0.016667
2 0.599609 0.730556 0.024219 0.016667
2 0.596875 0.752778 0.020312 0.016667
2 0.602344 0.776389 0.023438 0.016667
0 0.600391 0.804167 0.017969 0.016667
0 0.615234 0.691667 0.007031 0.033333
0 0.641016 0.683333 0.017969 0.019444
0 0.699219 0.827083 0.018750 0.023611
0 0.386719 0.975000 0.010937 0.036111
0 0.268359 0.965278 0.013281 0.030556
0 0.462109 0.385417 0.010156 0.040278
0 0.466406 0.490278 0.009375 0.041667
0 0.467187 0.576389 0.009375 0.033333
0 0.472656 0.704167 0.009375 0.033333
0 0.764063 0.627083 0.020312 0.020833
0 0.946875 0.611806 0.014062 0.034722
0 0.927734 0.633333 0.013281 0.030556
0 0.843359 0.775000 0.016406 0.022222
0 0.962891 0.029167 0.017969 0.019444
0 0.775781 0.672917 0.021875 0.020833
0 0.972656 0.588889 0.012500 0.038889
0 0.341797 0.197917 0.022656 0.023611
0 0.344141 0.224306 0.021094 0.020833
0 0.343750 0.253472 0.017188 0.018056
0 0.341406 0.279861 0.020312 0.018056
0 0.682031 0.771528 0.018750 0.015278
0 0.686328 0.800000 0.014844 0.019444
0 0.063281 0.184722 0.017188 0.022222
0 0.230078 0.141667 0.008594 0.033333
0 0.272656 0.133333 0.009375 0.030556
0 0.282422 0.133333 0.007031 0.036111
