0 0.006641 0.125000 0.010156 0.036111
0 0.018359 0.121528 0.010156 0.037500
0 0.068750 0.125000 0.009375 0.030556
0 0.145313 0.127083 0.009375 0.029167
0 0.156250 0.129167 0.009375 0.027778
0 0.193750 0.126389 0.009375 0.033333
0 0.222656 0.127083 0.007813 0.034722
0 0.231250 0.126389 0.009375 0.041667
0 0.240234 0.125000 0.008594 0.033333
0 0.252734 0.123611 0.007031 0.036111
0 0.278125 0.127778 0.009375 0.030556
2 0.311328 0.140278 0.011719 0.066667
2 0.344531 0.138889 0.020312 0.063889
2 0.365625 0.083333 0.012500 0.066667
0 0.364844 0.136111 0.007813 0.033333
2 0.365234 0.175000 0.010156 0.050000
2 0.416797 0.182639 0.011719 0.073611
0 0.417188 0.104861 0.009375 0.031944
0 0.344531 0.220833 0.017188 0.019444
2 0.201562 0.263889 0.018750 0.019444
0 0.244531 0.343750 0.010937 0.026389
0 0.265625 0.345139 0.009375 0.037500
0 0.283984 0.339583 0.008594 0.037500
0 0.292969 0.343750 0.009375 0.043056
0 0.319531 0.342361 0.009375 0.034722
0 0.328906 0.343750 0.007813 0.031944
0 0.338672 0.334722 0.008594 0.038889
0 0.237500 0.483333 0.018750 0.016667
0 0.237891 0.534722 0.017969 0.016667
0 0.240625 0.573611 0.018750 0.016667
2 0.243359 0.701389 0.022656 0.022222
2 0.243359 0.732639 0.021094 0.020833
0 0.245312 0.764583 0.015625 0.029167
0 0.288672 0.728472 0.016406 0.018056
0 0.291016 0.693056 0.017969 0.013889
0 0.289453 0.665278 0.017969 0.016667
0 0.291406 0.643750 0.017188 0.018056
0 0.273828 0.614583 0.017969 0.015278
0 0.273438 0.579167 0.018750 0.016667
0 0.291406 0.577778 0.015625 0.019444
0 0.291406 0.554167 0.018750 0.016667
0 0.290234 0.531944 0.017969 0.019444
0 0.291016 0.492361 0.017969 0.015278
0 0.290234 0.467361 0.016406 0.015278
0 0.291406 0.407639 0.017188 0.015278
0 0.287891 0.393056 0.019531 0.013889
0 0.291016 0.376389 0.016406 0.013889
0 0.326172 0.514583 0.021094 0.015278
2 0.292188 0.820833 0.025000 0.022222
0 0.248437 0.812500 0.018750 0.013889
2 0.324609 0.795139 0.021094 0.018056
2 0.339063 0.904167 0.018750 0.033333
0 0.405859 0.960417 0.019531 0.020833
0 0.469531 0.931250 0.017188 0.023611
0 0.504687 0.956250 0.017188 0.020833
0 0.542578 0.890278 0.017969 0.022222
0 0.565234 0.918056 0.019531 0.025000
0 0.590234 0.884028 0.016406 0.018056
0 0.585156 0.854167 0.018750 0.019444
0 0.566016 0.854167 0.013281 0.019444
0 0.672656 0.888889 0.018750 0.022222
0 0.671875 0.855556 0.017188 0.022222
0 0.693359 0.865278 0.014844 0.022222
0 0.811719 0.747917 0.015625 0.018056
0 0.942578 0.711111 0.017969 0.016667
0 0.827734 0.217361 0.016406 0.018056
0 0.937891 0.056944 0.016406 0.033333
0 0.752734 0.051389 0.021094 0.022222
0 0.764063 0.100000 0.020312 0.025000
0 0.665234 0.192361 0.019531 0.020833
0 0.669531 0.217361 0.018750 0.020833
0 0.681250 0.250000 0.017188 0.022222
0 0.600000 0.270139 0.020312 0.020833
0 0.628516 0.097917 0.017969 0.018056
0 0.603516 0.104167 0.008594 0.027778
0 0.604688 0.024306 0.007813 0.031944
0 0.588672 0.017361 0.022656 0.015278
0 0.584766 0.070139 0.016406 0.018056
0 0.584766 0.096528 0.019531 0.015278
2 0.585938 0.115972 0.021875 0.015278
2 0.585156 0.139583 0.023438 0.018056
2 0.582812 0.161111 0.020312 0.019444
2 0.586328 0.187500 0.024219 0.016667
0 0.583984 0.214583 0.019531 0.015278
2 0.537500 0.225694 0.026563 0.020833
0 0.547656 0.202778 0.018750 0.016667
0 0.546875 0.186111 0.017188 0.013889
0 0.528516 0.188194 0.016406 0.015278
0 0.548437 0.161806 0.017188 0.015278
0 0.530469 0.147917 0.018750 0.015278
0 0.530859 0.122222 0.019531 0.016667
0 0.525391 0.094444 0.017969 0.019444
0 0.531250 0.015972 0.018750 0.015278
0 0.489062 0.013194 0.018750 0.015278
2 0.487109 0.030556 0.022656 0.019444
0 0.491797 0.130556 0.017969 0.019444
0 0.492578 0.175000 0.016406 0.016667
0 0.487891 0.213889 0.017969 0.016667
0 0.459375 0.099306 0.007813 0.037500
2 0.461328 0.216667 0.011719 0.058333
0 0.390625 0.235417 0.009375 0.031944
0 0.416406 0.237500 0.009375 0.030556
0 0.377344 0.343056 0.012500 0.033333
0 0.363672 0.367361 0.008594 0.031944
0 0.362109 0.422222 0.008594 0.036111
0 0.361719 0.462500 0.009375 0.030556
0 0.362891 0.499306 0.008594 0.034722
0 0.362500 0.543056 0.009375 0.033333
0 0.362109 0.581250 0.010156 0.034722
0 0.364453 0.621528 0.008594 0.031944
0 0.434375 0.855556 0.012500 0.033333
2 0.428516 0.818056 0.008594 0.038889
0 0.420312 0.875694 0.012500 0.031944
0 0.358984 0.858333 0.013281 0.038889
