0 0.009766 0.177778 0.008594 0.036111
0 0.023438 0.175694 0.012500 0.037500
0 0.072266 0.178472 0.010156 0.031944
0 0.148438 0.176389 0.009375 0.033333
0 0.159766 0.178472 0.007031 0.029167
0 0.196875 0.174306 0.009375 0.037500
0 0.225781 0.178472 0.007813 0.031944
0 0.243750 0.175000 0.007813 0.030556
0 0.233594 0.174306 0.009375 0.031944
0 0.254297 0.175694 0.008594 0.031944
0 0.280469 0.178472 0.010937 0.029167
2 0.313672 0.189583 0.013281 0.065278
2 0.333984 0.059722 0.011719 0.063889
2 0.347266 0.187500 0.019531 0.063889
0 0.347656 0.271528 0.017188 0.018056
0 0.348047 0.297917 0.017969 0.015278
0 0.349609 0.316667 0.016406 0.013889
2 0.205859 0.313889 0.021094 0.019444
0 0.268750 0.394444 0.009375 0.038889
0 0.287109 0.386806 0.008594 0.034722
0 0.297266 0.390972 0.010156 0.037500
0 0.321875 0.391667 0.010937 0.033333
0 0.332031 0.390972 0.007813 0.031944
0 0.340625 0.379861 0.009375 0.040278
0 0.293750 0.425000 0.015625 0.016667
0 0.292578 0.441667 0.022656 0.016667
0 0.295312 0.457639 0.020312 0.015278
0 0.292969 0.515278 0.017188 0.013889
0 0.294141 0.541667 0.017969 0.016667
0 0.294531 0.577778 0.015625 0.016667
0 0.294531 0.603472 0.018750 0.012500
0 0.276953 0.627083 0.019531 0.015278
0 0.295312 0.626389 0.015625 0.016667
2 0.278516 0.664583 0.017969 0.018056
0 0.296094 0.690278 0.017188 0.019444
0 0.294141 0.714583 0.016406 0.015278
0 0.294531 0.741667 0.017188 0.019444
0 0.293750 0.778472 0.015625 0.018056
2 0.247266 0.750694 0.021094 0.018056
2 0.246875 0.779167 0.020312 0.019444
0 0.249609 0.815278 0.016406 0.030556
0 0.253125 0.861806 0.015625 0.023611
2 0.295703 0.871528 0.025781 0.023611
0 0.367188 0.415972 0.009375 0.034722
0 0.365625 0.474306 0.009375 0.040278
0 0.365625 0.513194 0.009375 0.026389
0 0.366406 0.550000 0.007813 0.030556
0 0.366406 0.592361 0.010937 0.034722
0 0.365625 0.628472 0.009375 0.031944
0 0.367188 0.670139 0.009375 0.037500
0 0.361719 0.911806 0.014062 0.034722
2 0.342187 0.954861 0.018750 0.034722
0 0.408203 0.829167 0.008594 0.036111
2 0.369531 0.132639 0.010937 0.065278
0 0.369531 0.181944 0.007813 0.030556
2 0.367578 0.225000 0.011719 0.047222
2 0.418750 0.066667 0.012500 0.075000
2 0.418750 0.229861 0.012500 0.068056
0 0.419531 0.157639 0.010937 0.037500
0 0.393359 0.283333 0.010156 0.030556
0 0.419141 0.286111 0.008594 0.030556
0 0.241016 0.507639 0.019531 0.015278
0 0.241797 0.532639 0.019531 0.020833
0 0.241797 0.584722 0.021094 0.016667
0 0.243750 0.625000 0.018750 0.013889
2 0.329688 0.565972 0.018750 0.020833
2 0.328125 0.611111 0.018750 0.016667
0 0.328906 0.687500 0.017188 0.019444
0 0.329688 0.727083 0.018750 0.015278
2 0.330469 0.843750 0.023438 0.012500
2 0.328516 0.867361 0.021094 0.015278
2 0.464063 0.261111 0.012500 0.058333
0 0.462500 0.149306 0.009375 0.034722
0 0.490625 0.060417 0.020312 0.018056
2 0.490625 0.078472 0.026563 0.026389
0 0.493750 0.176389 0.018750 0.016667
0 0.494922 0.220139 0.017969 0.020833
0 0.491016 0.259028 0.017969 0.018056
2 0.539844 0.270833 0.026563 0.019444
0 0.531250 0.235417 0.017188 0.015278
0 0.550391 0.248611 0.017969 0.016667
0 0.550000 0.231944 0.017188 0.016667
0 0.551953 0.208333 0.014844 0.022222
0 0.533594 0.197222 0.015625 0.013889
0 0.534766 0.168750 0.017969 0.018056
0 0.529297 0.034722 0.019531 0.022222
0 0.532812 0.063889 0.018750 0.022222
0 0.549609 0.020833 0.021094 0.013889
0 0.550000 0.035417 0.017188 0.012500
0 0.550781 0.051389 0.018750 0.013889
0 0.591406 0.062500 0.021875 0.019444
0 0.587109 0.113889 0.016406 0.016667
0 0.589063 0.144444 0.020312 0.013889
2 0.588672 0.161806 0.022656 0.015278
2 0.587891 0.184028 0.027344 0.015278
2 0.586719 0.206944 0.021875 0.013889
2 0.589453 0.231944 0.024219 0.019444
0 0.586719 0.258333 0.018750 0.016667
0 0.606250 0.148611 0.009375 0.030556
0 0.632813 0.144444 0.018750 0.022222
0 0.671484 0.238194 0.019531 0.018056
0 0.673047 0.261111 0.014844 0.016667
0 0.684766 0.295139 0.016406 0.029167
0 0.755469 0.094444 0.021875 0.030556
0 0.767578 0.143750 0.019531 0.026389
0 0.939844 0.101389 0.017188 0.036111
0 0.833594 0.261111 0.018750 0.016667
0 0.780469 0.771528 0.009375 0.034722
0 0.806250 0.760417 0.009375 0.026389
0 0.815234 0.754861 0.008594 0.026389
0 0.869922 0.735417 0.017969 0.012500
0 0.888672 0.727778 0.014844 0.016667
0 0.880859 0.747222 0.021094 0.013889
0 0.919141 0.733333 0.016406 0.019444
0 0.752344 0.977083 0.021875 0.026389
0 0.782422 0.968056 0.014844 0.022222
0 0.799609 0.983333 0.014844 0.027778
0 0.701563 0.945139 0.020312 0.020833
0 0.700391 0.911111 0.017969 0.022222
0 0.678906 0.904861 0.015625 0.018056
0 0.623828 0.932639 0.022656 0.020833
0 0.613672 0.964583 0.022656 0.023611
0 0.589063 0.900000 0.017188 0.022222
0 0.570703 0.902083 0.016406 0.018056
0 0.532422 0.952083 0.017969 0.020833
0 0.537109 0.979167 0.016406 0.022222
0 0.553906 0.990278 0.018750 0.019444
0 0.510156 0.952083 0.018750 0.023611
0 0.485938 0.938194 0.015625 0.023611
0 0.489062 0.975694 0.015625 0.020833
2 0.433203 0.868056 0.010156 0.038889
0 0.439063 0.906944 0.014062 0.033333
2 0.617578 0.328472 0.038281 0.037500
0 0.250391 0.393750 0.011719 0.031944
0 0.818750 0.795139 0.015625 0.015278
0 0.949219 0.758333 0.018750 0.019444
0 0.575781 0.352778 0.018750 0.025000
0 0.551172 0.361111 0.013281 0.030556
0 0.894922 0.239583 0.017969 0.018056
0 0.914453 0.229167 0.014844 0.025000
0 0.487891 0.009722 0.025781 0.019444
