0 0.254687 0.817361 0.018750 0.018056
0 0.251563 0.770833 0.015625 0.030556
0 0.293750 0.734028 0.018750 0.018056
0 0.293750 0.697222 0.018750 0.016667
0 0.293750 0.668750 0.020312 0.020833
0 0.296094 0.645833 0.017188 0.016667
2 0.278906 0.618056 0.020312 0.022222
2 0.248047 0.735417 0.022656 0.018056
2 0.248047 0.704861 0.021094 0.015278
0 0.244141 0.579167 0.017969 0.013889
0 0.241797 0.540278 0.016406 0.022222
0 0.242578 0.488194 0.017969 0.020833
0 0.241016 0.463889 0.021094 0.016667
2 0.205859 0.268056 0.021094 0.016667
0 0.294141 0.470833 0.017969 0.013889
0 0.294922 0.496528 0.019531 0.012500
0 0.294531 0.534028 0.017188 0.015278
0 0.294922 0.557639 0.021094 0.018056
0 0.277734 0.584722 0.019531 0.013889
0 0.296094 0.583333 0.017188 0.013889
2 0.297656 0.824306 0.026563 0.026389
0 0.350781 0.969444 0.021875 0.019444
2 0.343359 0.908333 0.017969 0.033333
0 0.481250 0.973611 0.018750 0.022222
0 0.457031 0.965278 0.017188 0.027778
0 0.486328 0.893750 0.016406 0.018056
0 0.537500 0.931944 0.014062 0.022222
0 0.563281 0.900694 0.021875 0.018056
0 0.608984 0.884028 0.017969 0.020833
0 0.776563 0.953472 0.020312 0.023611
0 0.700781 0.865278 0.017188 0.019444
0 0.680469 0.858333 0.017188 0.016667
0 0.889453 0.686111 0.016406 0.013889
0 0.782422 0.725694 0.011719 0.031944
0 0.368750 0.624306 0.009375 0.037500
0 0.367969 0.583333 0.010937 0.033333
0 0.367578 0.545833 0.011719 0.033333
0 0.367188 0.503472 0.009375 0.029167
0 0.366016 0.465278 0.010156 0.030556
0 0.366406 0.428472 0.010937 0.037500
0 0.368359 0.370139 0.011719 0.031944
0 0.295312 0.411806 0.018750 0.015278
0 0.292969 0.395833 0.020312 0.016667
0 0.296094 0.381250 0.017188 0.012500
2 0.297656 0.345833 0.010937 0.038889
0 0.287891 0.339583 0.010156 0.023611
0 0.323438 0.344444 0.009375 0.030556
0 0.333594 0.345833 0.007813 0.030556
2 0.342578 0.336806 0.010156 0.040278
2 0.420312 0.184722 0.009375 0.069444
2 0.465234 0.216667 0.013281 0.058333
2 0.315234 0.147222 0.011719 0.063889
0 0.348437 0.224306 0.015625 0.012500
0 0.348828 0.252083 0.019531 0.018056
0 0.350391 0.268750 0.016406 0.015278
2 0.369531 0.086806 0.010937 0.054167
2 0.368750 0.176389 0.012500 0.047222
0 0.394531 0.238889 0.009375 0.036111
2 0.420312 0.029861 0.009375 0.059722
0 0.420312 0.109028 0.009375 0.034722
0 0.282422 0.134028 0.008594 0.029167
0 0.255469 0.127778 0.007813 0.030556
0 0.243750 0.129861 0.009375 0.029167
0 0.234766 0.131250 0.008594 0.029167
0 0.228125 0.134722 0.009375 0.030556
0 0.199219 0.132639 0.007813 0.031944
0 0.188672 0.132639 0.008594 0.034722
0 0.160547 0.131944 0.008594 0.030556
0 0.150391 0.132639 0.010156 0.031944
0 0.073047 0.132639 0.010156 0.034722
0 0.010937 0.133333 0.009375 0.027778
0 0.024219 0.126389 0.010937 0.041667
0 0.074219 0.072917 0.020312 0.018056
2 0.618359 0.282639 0.038281 0.037500
0 0.630859 0.099306 0.017969 0.018056
0 0.758594 0.047917 0.021875 0.029167
0 0.770312 0.093750 0.017188 0.026389
0 0.833984 0.215972 0.016406 0.023611
0 0.871094 0.690278 0.018750 0.022222
0 0.882422 0.704167 0.014844 0.019444
0 0.808984 0.714583 0.008594 0.026389
0 0.571875 0.855556 0.012500 0.013889
0 0.590625 0.856944 0.017188 0.019444
0 0.410547 0.844444 0.010156 0.030556
2 0.433984 0.823611 0.008594 0.036111
0 0.440625 0.862500 0.012500 0.030556
0 0.330859 0.519444 0.021094 0.019444
0 0.328906 0.565972 0.018750 0.020833
0 0.330469 0.643056 0.017188 0.019444
0 0.329688 0.681944 0.015625 0.013889
2 0.330859 0.798611 0.021094 0.022222
0 0.822656 0.989583 0.018750 0.020833
0 0.044922 0.698611 0.017969 0.019444
0 0.062891 0.691667 0.017969 0.016667
0 0.686719 0.250000 0.020312 0.027778
0 0.671094 0.191667 0.020312 0.019444
0 0.675000 0.213889 0.020312 0.022222
0 0.607813 0.105556 0.009375 0.030556
2 0.587891 0.159722 0.022656 0.019444
2 0.590625 0.188194 0.023438 0.020833
0 0.589063 0.211111 0.017188 0.016667
0 0.536328 0.122222 0.016406 0.019444
0 0.534375 0.150000 0.015625 0.016667
0 0.551562 0.161806 0.017188 0.018056
0 0.551953 0.186806 0.016406 0.012500
0 0.552344 0.203472 0.017188 0.012500
0 0.532031 0.188889 0.015625 0.016667
0 0.495703 0.130556 0.016406 0.019444
0 0.495313 0.177778 0.017188 0.025000
0 0.491797 0.213194 0.016406 0.012500
2 0.541016 0.224306 0.027344 0.020833
0 0.534766 0.015278 0.017969 0.019444
2 0.490625 0.029861 0.025000 0.018056
0 0.492969 0.014583 0.020312 0.012500
0 0.463281 0.104861 0.007813 0.040278
0 0.269531 0.347222 0.010937 0.038889
0 0.591406 0.016667 0.021875 0.016667
0 0.608984 0.025000 0.010156 0.033333
0 0.589063 0.070139 0.017188 0.020833
0 0.589063 0.096528 0.020312 0.018056
2 0.589844 0.113194 0.021875 0.020833
2 0.590234 0.136111 0.022656 0.016667
0 0.951172 0.713889 0.016406 0.013889
0 0.819922 0.750694 0.016406 0.015278
2 0.347266 0.143750 0.021094 0.076389
0 0.575781 0.304861 0.018750 0.020833
0 0.551953 0.318750 0.016406 0.018056
