0 0.039063 0.075694 0.012500 0.043056
0 0.037109 0.111806 0.013281 0.029167
0 0.047656 0.109028 0.010937 0.037500
0 0.057813 0.111806 0.010937 0.040278
0 0.091016 0.085417 0.011719 0.034722
2 0.102344 0.076389 0.015625 0.088889
0 0.112500 0.073611 0.009375 0.030556
2 0.157422 0.038194 0.032031 0.020833
2 0.219922 0.029861 0.030469 0.023611
0 0.247266 0.020833 0.022656 0.019444
0 0.337891 0.036806 0.025781 0.015278
0 0.341016 0.064583 0.022656 0.015278
0 0.340234 0.093056 0.017969 0.013889
0 0.338281 0.120139 0.020312 0.015278
0 0.321094 0.165278 0.009375 0.038889
0 0.330859 0.197222 0.011719 0.038889
0 0.099609 0.347222 0.021094 0.016667
0 0.297266 0.330556 0.019531 0.022222
0 0.363672 0.167361 0.010156 0.043056
0 0.349219 0.263194 0.020312 0.023611
0 0.350000 0.312500 0.018750 0.016667
2 0.341797 0.470833 0.011719 0.061111
0 0.024219 0.620139 0.010937 0.040278
0 0.086719 0.615278 0.010937 0.038889
0 0.162109 0.607639 0.010156 0.034722
0 0.172656 0.604861 0.010937 0.037500
0 0.200391 0.600694 0.010156 0.037500
0 0.210938 0.600000 0.009375 0.038889
0 0.237891 0.598611 0.008594 0.041667
0 0.247266 0.595833 0.008594 0.033333
0 0.255469 0.592361 0.007813 0.034722
0 0.292969 0.594444 0.010937 0.033333
2 0.326172 0.602083 0.013281 0.068056
2 0.223828 0.735417 0.021094 0.015278
0 0.269922 0.802778 0.011719 0.027778
0 0.289063 0.807639 0.012500 0.040278
0 0.305859 0.793056 0.007031 0.036111
0 0.315625 0.798611 0.012500 0.044444
0 0.315625 0.835417 0.020312 0.018056
0 0.312891 0.851389 0.022656 0.016667
0 0.316797 0.867361 0.016406 0.015278
0 0.267188 0.945139 0.018750 0.018056
0 0.317187 0.923611 0.018750 0.022222
0 0.317969 0.949306 0.018750 0.020833
0 0.320313 0.985417 0.018750 0.020833
0 0.355469 0.967361 0.020312 0.023611
0 0.341406 0.796528 0.009375 0.037500
0 0.350781 0.793750 0.007813 0.031944
0 0.360156 0.784722 0.010937 0.038889
0 0.386719 0.814583 0.010937 0.031944
0 0.387109 0.870833 0.011719 0.036111
0 0.388672 0.910417 0.011719 0.034722
0 0.391016 0.944444 0.010156 0.030556
0 0.362109 0.676389 0.017969 0.013889
0 0.423828 0.737500 0.010156 0.038889
0 0.442578 0.754167 0.016406 0.019444
0 0.434375 0.684722 0.009375 0.030556
2 0.432031 0.631250 0.014062 0.070833
0 0.430469 0.551389 0.010937 0.036111
2 0.426172 0.472917 0.014844 0.073611
2 0.421484 0.336111 0.014844 0.066667
0 0.424609 0.245139 0.008594 0.040278
0 0.421094 0.152778 0.010937 0.047222
0 0.411719 0.027778 0.009375 0.030556
0 0.398047 0.135417 0.008594 0.040278
0 0.394531 0.272917 0.017188 0.015278
2 0.359375 0.592361 0.021875 0.070833
2 0.379297 0.538889 0.013281 0.063889
0 0.380078 0.584722 0.008594 0.030556
2 0.382031 0.629861 0.014062 0.040278
2 0.391406 0.399306 0.014062 0.065278
0 0.465234 0.328472 0.010156 0.043056
0 0.466016 0.413889 0.010156 0.036111
0 0.471875 0.544444 0.009375 0.030556
2 0.476953 0.659028 0.013281 0.059722
0 0.499219 0.778472 0.018750 0.023611
0 0.566406 0.745139 0.018750 0.029167
0 0.591797 0.728472 0.016406 0.034722
2 0.631250 0.704167 0.035937 0.052778
0 0.615625 0.532639 0.009375 0.029167
0 0.638281 0.522222 0.020312 0.025000
0 0.681250 0.609722 0.020312 0.019444
0 0.683594 0.635417 0.018750 0.020833
0 0.699219 0.662500 0.015625 0.025000
0 0.760938 0.461111 0.023438 0.027778
0 0.773828 0.509722 0.024219 0.019444
0 0.944531 0.443750 0.015625 0.040278
0 0.846875 0.016667 0.018750 0.033333
0 0.811328 0.072222 0.017969 0.044444
0 0.690234 0.025000 0.017969 0.027778
2 0.675000 0.092361 0.025000 0.020833
2 0.605078 0.195139 0.010156 0.045833
0 0.682422 0.187500 0.019531 0.033333
0 0.610156 0.349306 0.009375 0.034722
0 0.600391 0.640972 0.019531 0.018056
2 0.600781 0.613889 0.025000 0.019444
2 0.597656 0.590972 0.021875 0.020833
2 0.598828 0.568750 0.025781 0.018056
2 0.596875 0.545139 0.026563 0.020833
0 0.596484 0.525694 0.019531 0.018056
0 0.594531 0.498611 0.018750 0.019444
0 0.595703 0.445139 0.022656 0.020833
0 0.614062 0.451389 0.007813 0.036111
2 0.592578 0.302083 0.022656 0.015278
0 0.589844 0.287500 0.018750 0.013889
0 0.590625 0.273611 0.020312 0.013889
0 0.549609 0.278472 0.016406 0.015278
0 0.532422 0.295833 0.017969 0.016667
0 0.533203 0.347222 0.017969 0.019444
0 0.535547 0.379861 0.019531 0.018056
0 0.535547 0.425694 0.017969 0.018056
0 0.538672 0.454167 0.017969 0.019444
0 0.555078 0.393750 0.017969 0.015278
0 0.555078 0.409722 0.017969 0.011111
0 0.555469 0.424306 0.018750 0.012500
0 0.556250 0.440278 0.017188 0.011111
0 0.544141 0.556944 0.017969 0.013889
0 0.544531 0.582639 0.015625 0.015278
0 0.562109 0.593056 0.017969 0.019444
0 0.542188 0.622222 0.015625 0.013889
0 0.562500 0.618056 0.015625 0.016667
0 0.563281 0.636111 0.018750 0.013889
0 0.546875 0.646528 0.020312 0.012500
2 0.554688 0.662500 0.029687 0.022222
0 0.503906 0.651389 0.017188 0.016667
0 0.506250 0.612500 0.018750 0.022222
0 0.528125 0.587500 0.010937 0.036111
0 0.505078 0.568750 0.019531 0.018056
2 0.497266 0.474306 0.024219 0.020833
0 0.498437 0.454861 0.017188 0.020833
0 0.496094 0.403472 0.018750 0.020833
0 0.497266 0.375000 0.019531 0.019444
0 0.495703 0.354861 0.019531 0.018056
0 0.494922 0.335417 0.017969 0.018056
0 0.496484 0.318750 0.021094 0.018056
0 0.492578 0.302778 0.019531 0.013889
0 0.460938 0.225694 0.012500 0.037500
0 0.408594 0.684028 0.010937 0.037500
0 0.064453 0.039583 0.017969 0.034722
0 0.842188 0.613194 0.017188 0.018056
0 0.903906 0.585417 0.018750 0.026389
0 0.921094 0.573611 0.017188 0.025000
0 0.939453 0.586111 0.011719 0.036111
0 0.380469 0.046528 0.010937 0.043056
