0 0.094531 0.165278 0.020312 0.019444
0 0.074219 0.373611 0.021875 0.013889
0 0.010937 0.434722 0.009375 0.036111
0 0.023438 0.426389 0.009375 0.030556
0 0.072266 0.431944 0.008594 0.027778
0 0.148047 0.434028 0.008594 0.029167
0 0.159375 0.433333 0.007813 0.027778
0 0.188281 0.429167 0.007813 0.036111
0 0.196875 0.431944 0.009375 0.033333
0 0.224609 0.434028 0.008594 0.031944
0 0.233594 0.429167 0.007813 0.033333
0 0.243359 0.429861 0.007031 0.034722
0 0.280859 0.434028 0.008594 0.034722
2 0.314453 0.446528 0.013281 0.062500
2 0.333203 0.318056 0.013281 0.063889
2 0.346094 0.439583 0.017188 0.062500
0 0.346094 0.527083 0.017188 0.018056
2 0.205078 0.565972 0.021094 0.015278
0 0.248437 0.642361 0.012500 0.026389
0 0.268750 0.645139 0.009375 0.031944
0 0.286328 0.639583 0.008594 0.031944
0 0.296875 0.642361 0.009375 0.037500
0 0.322266 0.644444 0.010156 0.033333
0 0.330859 0.641667 0.007031 0.036111
0 0.340234 0.633333 0.010156 0.033333
0 0.240234 0.762500 0.019531 0.013889
0 0.241797 0.783333 0.017969 0.011111
0 0.242578 0.831250 0.016406 0.015278
0 0.243359 0.873611 0.019531 0.013889
0 0.293750 0.679167 0.015625 0.013889
0 0.290625 0.692361 0.020312 0.015278
0 0.292969 0.711806 0.017188 0.015278
0 0.292578 0.766667 0.017969 0.016667
0 0.292969 0.792361 0.018750 0.015278
0 0.294141 0.829861 0.016406 0.018056
0 0.293750 0.853472 0.017188 0.012500
0 0.276172 0.879861 0.017969 0.015278
0 0.294531 0.880556 0.017188 0.016667
0 0.276172 0.914583 0.019531 0.015278
0 0.295703 0.940972 0.017969 0.018056
0 0.292969 0.962500 0.020312 0.016667
2 0.330469 0.815278 0.020312 0.019444
0 0.327734 0.859722 0.016406 0.019444
0 0.328125 0.936111 0.012500 0.013889
0 0.329688 0.975694 0.015625 0.012500
0 0.366797 0.666667 0.008594 0.033333
0 0.365234 0.720833 0.008594 0.036111
0 0.365234 0.764583 0.008594 0.026389
0 0.365234 0.800694 0.008594 0.026389
0 0.364844 0.841667 0.012500 0.030556
0 0.365234 0.878472 0.011719 0.031944
0 0.367578 0.920833 0.010156 0.030556
0 0.406250 0.836111 0.009375 0.036111
2 0.615234 0.584028 0.038281 0.034722
0 0.572266 0.604861 0.019531 0.023611
0 0.550000 0.617361 0.018750 0.018056
0 0.490234 0.515278 0.017969 0.011111
0 0.494141 0.476389 0.019531 0.016667
0 0.495313 0.431250 0.018750 0.018056
0 0.468750 0.356944 0.009375 0.033333
0 0.461328 0.401389 0.007031 0.038889
2 0.461719 0.518056 0.014062 0.058333
0 0.392969 0.539583 0.009375 0.031944
2 0.367969 0.388194 0.007813 0.056944
2 0.367188 0.478472 0.009375 0.037500
2 0.417969 0.188889 0.010937 0.061111
2 0.418359 0.325694 0.011719 0.068056
2 0.417969 0.484722 0.010937 0.069444
0 0.419141 0.543056 0.008594 0.036111
0 0.418359 0.409722 0.010156 0.033333
0 0.422656 0.099306 0.009375 0.031944
0 0.427734 0.056250 0.010156 0.031944
0 0.380469 0.156250 0.017188 0.031944
0 0.394141 0.117361 0.017969 0.026389
0 0.348828 0.108333 0.016406 0.019444
0 0.331250 0.039583 0.009375 0.040278
0 0.319922 0.035417 0.011719 0.040278
2 0.460547 0.187500 0.010156 0.044444
0 0.460156 0.272917 0.007813 0.031944
0 0.491016 0.161111 0.016406 0.019444
0 0.492578 0.179861 0.019531 0.015278
0 0.491406 0.196528 0.017188 0.012500
0 0.491016 0.215278 0.016406 0.013889
0 0.492578 0.238889 0.019531 0.013889
0 0.491016 0.266667 0.014844 0.013889
0 0.489844 0.315278 0.017188 0.016667
2 0.488672 0.335417 0.024219 0.012500
0 0.529688 0.159028 0.017188 0.020833
0 0.529297 0.209722 0.017969 0.019444
0 0.529297 0.245833 0.017969 0.016667
0 0.529297 0.293056 0.017969 0.019444
0 0.531250 0.318750 0.017188 0.018056
0 0.547266 0.145139 0.016406 0.015278
0 0.550000 0.259722 0.017188 0.016667
0 0.548437 0.276389 0.017188 0.013889
0 0.549609 0.290278 0.017969 0.013889
0 0.550781 0.307639 0.018750 0.009722
2 0.606250 0.065972 0.010937 0.034722
0 0.589453 0.145139 0.019531 0.015278
0 0.590625 0.159722 0.020312 0.011111
2 0.590234 0.174306 0.024219 0.015278
0 0.607422 0.225000 0.008594 0.030556
0 0.588281 0.318750 0.021875 0.015278
0 0.605859 0.327083 0.010156 0.034722
0 0.585547 0.370139 0.016406 0.020833
0 0.584766 0.397917 0.014844 0.015278
2 0.586719 0.417361 0.023438 0.015278
2 0.587109 0.440972 0.024219 0.018056
2 0.584766 0.461806 0.022656 0.020833
2 0.588281 0.487500 0.025000 0.016667
0 0.585938 0.515972 0.015625 0.012500
2 0.539844 0.529167 0.026563 0.019444
0 0.532422 0.424306 0.019531 0.015278
0 0.532422 0.452083 0.017969 0.015278
0 0.550000 0.463889 0.017188 0.016667
0 0.529688 0.489583 0.018750 0.015278
0 0.548828 0.487500 0.014844 0.013889
0 0.550391 0.504861 0.014844 0.012500
0 0.529688 0.628472 0.017188 0.020833
0 0.605078 0.405556 0.007031 0.030556
0 0.628125 0.399306 0.017188 0.020833
0 0.667188 0.494444 0.020312 0.013889
0 0.671484 0.518750 0.016406 0.015278
0 0.684766 0.549306 0.019531 0.018056
0 0.752734 0.351389 0.021094 0.025000
0 0.683984 0.067361 0.019531 0.034722
0 0.764063 0.396528 0.020312 0.029167
0 0.937500 0.353472 0.014062 0.034722
0 0.866016 0.983333 0.016406 0.022222
0 0.885938 0.979167 0.014062 0.022222
0 0.293750 0.991667 0.018750 0.016667
0 0.910937 0.483333 0.017188 0.016667
0 0.892187 0.493750 0.020312 0.018056
0 0.828906 0.514583 0.017188 0.020833
0 0.794141 0.416667 0.010156 0.038889
