0 0.008984 0.234722 0.010156 0.033333
0 0.021875 0.228472 0.012500 0.037500
0 0.069922 0.231250 0.008594 0.034722
0 0.146484 0.233333 0.007031 0.030556
0 0.158984 0.232639 0.010156 0.023611
0 0.185937 0.231944 0.009375 0.033333
0 0.194922 0.232639 0.008594 0.034722
0 0.224219 0.234028 0.007813 0.031944
0 0.232031 0.232639 0.007813 0.034722
0 0.241406 0.232639 0.007813 0.034722
0 0.252734 0.230556 0.010156 0.036111
0 0.279687 0.233333 0.009375 0.033333
0 0.073047 0.174306 0.022656 0.018056
2 0.205078 0.366667 0.021094 0.016667
2 0.314063 0.249306 0.015625 0.062500
2 0.332812 0.118750 0.012500 0.062500
2 0.345703 0.240972 0.022656 0.062500
0 0.345703 0.327083 0.016406 0.015278
0 0.347656 0.354861 0.017188 0.015278
0 0.348047 0.373611 0.016406 0.016667
0 0.295312 0.449306 0.010937 0.037500
0 0.286328 0.441667 0.010156 0.033333
0 0.266797 0.447917 0.010156 0.029167
0 0.292969 0.481944 0.017188 0.016667
0 0.291406 0.497222 0.017188 0.013889
0 0.292969 0.513889 0.017188 0.013889
0 0.239844 0.563194 0.020312 0.018056
0 0.240625 0.587500 0.018750 0.016667
0 0.240234 0.638194 0.016406 0.018056
0 0.241797 0.676389 0.019531 0.025000
2 0.245312 0.804861 0.021875 0.018056
2 0.245703 0.834028 0.024219 0.020833
0 0.248437 0.870833 0.014062 0.030556
0 0.251563 0.916667 0.018750 0.016667
2 0.295312 0.925000 0.025000 0.022222
0 0.292188 0.833333 0.017188 0.013889
0 0.292969 0.795833 0.020312 0.013889
0 0.291797 0.768750 0.017969 0.015278
0 0.293750 0.745139 0.018750 0.018056
2 0.276953 0.719444 0.017969 0.019444
0 0.276172 0.684028 0.019531 0.023611
0 0.294141 0.683333 0.016406 0.019444
0 0.294141 0.656944 0.019531 0.019444
0 0.292969 0.634722 0.020312 0.019444
0 0.291406 0.597222 0.020312 0.016667
0 0.292188 0.568750 0.018750 0.018056
0 0.321875 0.443750 0.009375 0.029167
0 0.332031 0.445139 0.007813 0.026389
0 0.340625 0.434722 0.007813 0.033333
2 0.328516 0.616667 0.021094 0.019444
2 0.328125 0.664583 0.021875 0.012500
0 0.328125 0.741667 0.017188 0.016667
0 0.327344 0.779167 0.017188 0.011111
2 0.328125 0.897917 0.021875 0.015278
2 0.329297 0.918750 0.021094 0.018056
0 0.362891 0.961806 0.011719 0.034722
2 0.432031 0.918056 0.009375 0.036111
0 0.437500 0.958333 0.012500 0.030556
0 0.569531 0.954861 0.017188 0.018056
0 0.589063 0.956250 0.017188 0.020833
0 0.626953 0.978472 0.017969 0.020833
0 0.677344 0.957639 0.017188 0.020833
0 0.699219 0.965972 0.015625 0.020833
0 0.682031 0.987500 0.018750 0.019444
0 0.916406 0.787500 0.021875 0.022222
0 0.948438 0.808333 0.023438 0.022222
0 0.814844 0.847917 0.018750 0.018056
0 0.805078 0.811806 0.008594 0.026389
0 0.780078 0.825694 0.008594 0.031944
0 0.792578 0.814583 0.014844 0.029167
0 0.868359 0.784722 0.017969 0.016667
0 0.886328 0.780556 0.017969 0.019444
0 0.878906 0.800694 0.018750 0.018056
0 0.753516 0.151389 0.022656 0.022222
0 0.765234 0.200000 0.019531 0.019444
0 0.631250 0.200000 0.020312 0.019444
0 0.667578 0.291667 0.017969 0.022222
0 0.671094 0.316667 0.018750 0.019444
0 0.683203 0.352778 0.019531 0.019444
2 0.616016 0.384722 0.038281 0.036111
2 0.383984 0.048611 0.011719 0.061111
2 0.367969 0.189583 0.010937 0.062500
2 0.367188 0.278472 0.012500 0.045833
0 0.369141 0.235417 0.008594 0.034722
2 0.417188 0.123611 0.012500 0.066667
0 0.418359 0.211111 0.010156 0.033333
2 0.417578 0.284722 0.013281 0.069444
0 0.391797 0.340972 0.008594 0.034722
0 0.416797 0.342361 0.010156 0.031944
2 0.461719 0.321528 0.010937 0.062500
0 0.460547 0.205556 0.008594 0.038889
0 0.489844 0.011111 0.020312 0.016667
0 0.491797 0.036111 0.017969 0.013889
0 0.487891 0.064583 0.019531 0.012500
0 0.491406 0.115972 0.018750 0.015278
2 0.488672 0.131250 0.024219 0.018056
0 0.492188 0.232639 0.017188 0.015278
0 0.491797 0.277083 0.017969 0.018056
0 0.489453 0.312500 0.017969 0.022222
2 0.539453 0.326389 0.027344 0.019444
0 0.530078 0.290972 0.017969 0.015278
0 0.549609 0.288194 0.016406 0.015278
0 0.550781 0.305556 0.018750 0.011111
0 0.550000 0.263194 0.018750 0.018056
0 0.532812 0.249306 0.015625 0.015278
0 0.533984 0.225000 0.017969 0.013889
0 0.529297 0.007639 0.019531 0.015278
0 0.529297 0.045139 0.017969 0.020833
0 0.527734 0.090972 0.017969 0.018056
0 0.532422 0.116667 0.017969 0.013889
0 0.548437 0.059722 0.017188 0.011111
0 0.550000 0.075694 0.017188 0.012500
0 0.550391 0.088889 0.019531 0.011111
0 0.549609 0.105556 0.016406 0.013889
0 0.588672 0.118056 0.019531 0.016667
0 0.606641 0.020139 0.008594 0.026389
0 0.605859 0.125000 0.008594 0.036111
0 0.604688 0.208333 0.006250 0.027778
0 0.584375 0.172222 0.017188 0.013889
0 0.583594 0.197222 0.015625 0.016667
2 0.587500 0.215972 0.025000 0.015278
2 0.586719 0.238889 0.025000 0.016667
2 0.585156 0.262500 0.021875 0.013889
2 0.587891 0.286806 0.022656 0.018056
0 0.586328 0.313889 0.019531 0.011111
0 0.940234 0.156944 0.013281 0.030556
0 0.365625 0.469444 0.009375 0.038889
0 0.364062 0.527778 0.009375 0.036111
0 0.363672 0.564583 0.011719 0.029167
0 0.365625 0.604167 0.009375 0.030556
0 0.366016 0.645139 0.010156 0.031944
0 0.364844 0.681944 0.010937 0.033333
0 0.366406 0.722917 0.010937 0.026389
0 0.829687 0.316667 0.017188 0.022222
0 0.892969 0.293750 0.018750 0.015278
0 0.912109 0.283333 0.014844 0.013889
0 0.550391 0.415278 0.019531 0.030556
0 0.574609 0.408333 0.017969 0.022222
0 0.247266 0.446528 0.010156 0.026389
