0 0.676562 0.025000 0.008333 0.026852
0 0.773568 0.045139 0.009635 0.031944
0 0.848698 0.068056 0.009896 0.033333
0 0.850781 0.006019 0.009896 0.011111
0 0.866146 0.009722 0.008333 0.018519
0 0.875000 0.009259 0.007812 0.017593
0 0.891016 0.014352 0.009115 0.027778
0 0.899219 0.013657 0.010937 0.026389
0 0.912370 0.017824 0.009115 0.029167
2 0.883203 0.078009 0.008073 0.036574
0 0.785677 0.130093 0.006250 0.017593
0 0.700911 0.140972 0.009115 0.032870
0 0.708594 0.144444 0.010417 0.033333
0 0.714063 0.156481 0.010937 0.030556
0 0.699479 0.258333 0.007292 0.027778
0 0.839844 0.123148 0.017188 0.024074
0 0.737370 0.290046 0.015885 0.013426
0 0.737109 0.308102 0.015885 0.013426
0 0.757812 0.312269 0.015104 0.011574
0 0.818620 0.288657 0.015885 0.013426
2 0.796615 0.281944 0.019271 0.018519
0 0.927995 0.021528 0.009115 0.025463
0 0.875391 0.366204 0.017969 0.022222
0 0.845182 0.405093 0.018490 0.025000
0 0.913151 0.332639 0.017969 0.021759
0 0.736849 0.921065 0.012240 0.018056
2 0.966927 0.849306 0.029687 0.031019
0 0.922135 0.518981 0.016667 0.016667
0 0.952344 0.472454 0.016667 0.016204
0 0.959245 0.535880 0.014844 0.012500
0 0.994141 0.553935 0.011719 0.017130
0 0.531771 0.420602 0.015625 0.011574
0 0.555729 0.034491 0.010937 0.030093
0 0.516667 0.152315 0.008854 0.028704
0 0.603906 0.244676 0.007812 0.027315
0 0.595313 0.258102 0.007812 0.027315
0 0.566667 0.285880 0.016146 0.011574
0 0.588021 0.289352 0.015104 0.012963
0 0.348958 0.274306 0.015625 0.026389
2 0.347396 0.248843 0.016667 0.020833
2 0.334115 0.225694 0.013021 0.026389
0 0.732812 0.470370 0.013542 0.012963
0 0.504036 0.590509 0.015885 0.015278
0 0.491016 0.602546 0.013802 0.016204
0 0.455729 0.601389 0.016667 0.023148
0 0.471875 0.659491 0.017708 0.013426
0 0.476693 0.677083 0.016406 0.014352
0 0.488802 0.710417 0.015625 0.015278
0 0.485286 0.693981 0.013281 0.012037
0 0.496354 0.727546 0.017708 0.013426
0 0.502865 0.745833 0.015104 0.016667
0 0.451172 0.675694 0.012240 0.025463
0 0.460417 0.701157 0.010937 0.021759
0 0.474089 0.738426 0.014844 0.028704
0 0.484635 0.769213 0.011979 0.027315
0 0.355339 0.691898 0.012240 0.027315
0 0.374479 0.744444 0.012500 0.026852
0 0.333464 0.585880 0.011719 0.031019
0 0.348177 0.563194 0.016146 0.022685
0 0.552474 0.643056 0.007031 0.030556
0 0.546094 0.574769 0.008854 0.028241
0 0.408464 0.382870 0.015885 0.016667
0 0.684115 0.412500 0.016667 0.012037
0 0.433724 0.396296 0.015885 0.015741
2 0.569401 0.508796 0.017448 0.026852
0 0.517969 0.901852 0.007812 0.030556
0 0.280208 0.777778 0.011979 0.027778
0 0.349609 0.970833 0.010156 0.027778
0 0.417057 0.855787 0.011198 0.025463
0 0.427995 0.883102 0.011198 0.025463
0 0.446094 0.940509 0.011458 0.021759
2 0.529036 0.772685 0.009115 0.033333
2 0.524089 0.918519 0.009115 0.033333
0 0.615755 0.594444 0.017448 0.013889
0 0.613411 0.638426 0.016406 0.012963
0 0.613281 0.612269 0.017708 0.012500
0 0.647396 0.607407 0.016146 0.015741
0 0.705208 0.622454 0.017188 0.014352
0 0.647656 0.634722 0.016667 0.014815
0 0.664583 0.653704 0.016146 0.012963
0 0.642188 0.660648 0.015625 0.013889
0 0.661589 0.683102 0.017448 0.013426
0 0.660286 0.708333 0.015885 0.014815
0 0.698828 0.706019 0.016927 0.015741
0 0.704688 0.636343 0.015625 0.013426
0 0.666927 0.613194 0.017708 0.013426
0 0.742318 0.647917 0.015365 0.014352
0 0.740755 0.662963 0.016927 0.016667
0 0.736719 0.690741 0.017188 0.016667
0 0.733594 0.730093 0.017188 0.016667
0 0.734766 0.715509 0.011719 0.012500
0 0.674740 0.552315 0.009896 0.029630
0 0.719271 0.566667 0.009896 0.029630
2 0.734766 0.572917 0.009635 0.035648
0 0.631120 0.760648 0.008073 0.030556
0 0.669661 0.773148 0.008073 0.030556
0 0.685026 0.775463 0.008073 0.030556
0 0.714974 0.784259 0.008073 0.030556
0 0.724349 0.788426 0.008073 0.030556
0 0.646745 0.765741 0.008073 0.022222
0 0.550260 0.866667 0.016667 0.012037
0 0.551562 0.882870 0.016146 0.014815
0 0.581380 0.903241 0.014844 0.025000
0 0.598958 0.822917 0.008854 0.030093
0 0.607812 0.826620 0.008854 0.030093
0 0.617708 0.830787 0.008854 0.030093
0 0.655990 0.904630 0.010937 0.024074
0 0.671094 0.889583 0.011979 0.027315
0 0.682552 0.874537 0.010417 0.025000
0 0.690495 0.866204 0.012760 0.026852
0 0.703646 0.853472 0.011458 0.025463
2 0.453385 0.421528 0.018229 0.012500
0 0.800781 0.678704 0.007292 0.027778
0 0.787760 0.740278 0.007292 0.027778
0 0.800260 0.719444 0.007292 0.027778
0 0.795573 0.759722 0.007292 0.031481
0 0.712109 0.832176 0.017969 0.018056
0 0.970703 0.825000 0.017448 0.016667
2 0.830729 0.484722 0.010937 0.028704
0 0.779818 0.870139 0.018490 0.020833
0 0.908073 0.680787 0.015104 0.013426
1 0.941406 0.520139 0.018750 0.019907
0 0.950521 0.508565 0.015625 0.019907
0 0.927865 0.646759 0.014063 0.014815
0 0.810417 0.832407 0.014063 0.015741
0 0.742969 0.865278 0.016146 0.024074
0 0.882292 0.379167 0.018229 0.024074
0 0.302995 0.302546 0.013281 0.025463
0 0.846484 0.820833 0.016927 0.018519
0 0.340885 0.238889 0.015625 0.022222
0 0.293880 0.817130 0.013802 0.028704
0 0.327344 0.906944 0.011458 0.025926
0 0.339583 0.943981 0.011458 0.025926
0 0.455469 0.965509 0.011458 0.026389
2 0.742057 0.632176 0.016406 0.017130
0 0.568099 0.015278 0.005990 0.025000
0 0.962891 0.699074 0.016406 0.019444
0 0.983854 0.687037 0.017188 0.012037
0 0.788021 0.087731 0.018750 0.018981
0 0.303516 0.843981 0.014323 0.026852
3 0.803646 0.940509 0.004687 0.016204
0 0.981510 0.625000 0.016667 0.016667
0 0.283854 0.765741 0.009375 0.020370
0 0.317969 0.882407 0.011458 0.025926
0 0.227734 0.630093 0.014323 0.024074
0 0.240625 0.653704 0.013021 0.024074
0 0.122266 0.560417 0.015885 0.020833
0 0.823958 0.063889 0.009896 0.032407
0 0.255599 0.229398 0.013802 0.027315
0 0.274609 0.266667 0.014323 0.029630
0 0.177604 0.066435 0.016146 0.014352
3 0.816146 0.962269 0.004687 0.016204
0 0.857682 0.888426 0.018490 0.017593
3 0.782031 0.459954 0.009375 0.006944
2 0.265885 0.009954 0.011458 0.018981
2 0.263411 0.059028 0.014323 0.058796
2 0.166667 0.095833 0.019792 0.015741
2 0.170573 0.081019 0.021354 0.015741
0 0.138672 0.037731 0.016406 0.013426
0 0.287630 0.293287 0.013281 0.025463
0 0.282943 0.320139 0.013802 0.026389
0 0.202214 0.383565 0.013802 0.026389
0 0.192839 0.496065 0.019531 0.023611
0 0.157943 0.526620 0.017448 0.020833
0 0.227083 0.912037 0.011979 0.027778
0 0.250911 0.974306 0.011198 0.023611
2 0.185417 0.781944 0.015104 0.022222
0 0.152865 0.828935 0.018229 0.023611
0 0.141406 0.834491 0.012500 0.024537
0 0.136979 0.789583 0.007292 0.016204
0 0.173177 0.781481 0.015104 0.022222
0 0.200521 0.781944 0.015104 0.022222
0 0.987760 0.257176 0.016146 0.018056
0 0.465625 0.988426 0.012500 0.023148
0 0.444271 0.867130 0.014063 0.013889
2 0.426302 0.821528 0.012500 0.014352
0 0.395313 0.734954 0.012500 0.014352
0 0.390625 0.719213 0.012500 0.014352
0 0.371875 0.676157 0.012500 0.014352
0 0.367969 0.659954 0.012500 0.014352
3 0.400911 0.747917 0.008073 0.006019
0 0.405859 0.761111 0.014323 0.011111
2 0.116146 0.788889 0.014583 0.026852
0 0.133854 0.840972 0.012500 0.024537
0 0.094401 0.831481 0.010677 0.023148
0 0.106771 0.867593 0.010417 0.023148
0 0.134375 0.930556 0.010417 0.023148
0 0.145052 0.960185 0.014063 0.034259
0 0.157422 0.989815 0.012760 0.020370
0 0.793490 0.135185 0.007812 0.014815
0 0.331771 0.208333 0.014063 0.025000
2 0.095703 0.139352 0.020052 0.015741
0 0.171094 0.134259 0.016667 0.015741
0 0.023047 0.123843 0.024740 0.013426
0 0.117839 0.382407 0.009635 0.026852
0 0.139974 0.544676 0.017448 0.020833
2 0.076172 0.548380 0.014323 0.032870
0 0.153125 0.583565 0.017708 0.020833
0 0.994141 0.506250 0.011719 0.014352
2 0.992318 0.779167 0.015365 0.021296
0 0.842839 0.922685 0.011198 0.021296
0 0.813802 0.989352 0.007292 0.021296
0 0.805990 0.989352 0.007292 0.021296
0 0.663672 0.979398 0.014323 0.021759
3 0.676953 0.084259 0.003385 0.013889
0 0.229557 0.119907 0.011198 0.031481
0 0.045703 0.127778 0.019531 0.016667
0 0.007031 0.107639 0.009375 0.025463
0 0.008464 0.169444 0.016406 0.016667
0 0.058073 0.171065 0.021875 0.012500
0 0.087630 0.172685 0.015365 0.009259
0 0.058984 0.409259 0.008594 0.014815
0 0.284115 0.731250 0.007812 0.021759
0 0.291536 0.748148 0.007031 0.019444
0 0.297917 0.765741 0.007292 0.014815
0 0.310547 0.801620 0.007031 0.019907
0 0.343229 0.887731 0.006250 0.017130
0 0.348828 0.900463 0.005990 0.016667
0 0.360677 0.933565 0.006250 0.017130
0 0.370833 0.960880 0.006250 0.017130
0 0.105729 0.788889 0.015104 0.022222
0 0.258724 0.992130 0.011719 0.015741
0 0.060286 0.835880 0.015365 0.018981
0 0.035807 0.816204 0.010677 0.023148
0 0.028125 0.822917 0.010417 0.025463
0 0.019792 0.826389 0.012500 0.025000
0 0.012891 0.832639 0.011719 0.023611
0 0.036198 0.945602 0.010937 0.023611
0 0.058464 0.993981 0.009115 0.012037
0 0.060417 0.563889 0.014063 0.032407
0 0.006120 0.581481 0.011719 0.029630
0 0.013932 0.575463 0.012240 0.029630
0 0.029036 0.557407 0.011198 0.020370
2 0.036589 0.555324 0.012240 0.025463
2 0.049089 0.621991 0.014323 0.032870
0 0.042578 0.628472 0.011198 0.031019
0 0.035417 0.633565 0.011458 0.027315
3 0.008464 0.745602 0.008073 0.010648
0 0.309115 0.446528 0.018229 0.020833
0 0.044661 0.550463 0.010677 0.017593
2 0.631771 0.787963 0.011979 0.013889
