0 0.845703 0.344676 0.011198 0.026389
0 0.836719 0.352546 0.013021 0.029167
0 0.985547 0.346528 0.014323 0.019907
0 0.684505 0.397917 0.014323 0.024537
2 0.670703 0.425463 0.017969 0.032407
0 0.655339 0.454167 0.012760 0.021296
0 0.598307 0.439815 0.015365 0.027778
0 0.593099 0.568981 0.015885 0.015741
0 0.585807 0.587963 0.015365 0.026852
2 0.694531 0.318287 0.008333 0.032870
0 0.935807 0.810185 0.014323 0.023148
0 0.927865 0.831944 0.012500 0.021296
0 0.818750 0.723380 0.007292 0.022685
0 0.988802 0.694213 0.015104 0.021759
0 0.924089 0.843519 0.012240 0.020370
0 0.915885 0.850463 0.011979 0.016667
0 0.915234 0.774074 0.013802 0.024074
0 0.630599 0.840972 0.014323 0.017130
0 0.835417 0.993981 0.017188 0.012037
0 0.801432 0.977778 0.012760 0.025000
0 0.569401 0.917824 0.011719 0.022685
0 0.574349 0.470139 0.014323 0.027315
0 0.963021 0.492824 0.015104 0.021759
0 0.939583 0.490741 0.016146 0.022222
0 0.929557 0.450926 0.012240 0.019444
0 0.642057 0.483102 0.015365 0.026389
0 0.951693 0.952778 0.014323 0.016667
2 0.556120 0.406481 0.016927 0.027778
0 0.482682 0.359491 0.013281 0.022685
0 0.420573 0.308796 0.015625 0.026852
0 0.807292 0.629398 0.007812 0.029167
0 0.826432 0.731481 0.008594 0.026852
0 0.861979 0.917593 0.014583 0.025000
0 0.854688 0.903009 0.015625 0.019907
0 0.717708 0.415278 0.015625 0.019444
0 0.707161 0.389815 0.013281 0.015741
2 0.694401 0.360880 0.007552 0.029167
0 0.604297 0.453241 0.012760 0.017593
2 0.365365 0.248148 0.020833 0.035185
0 0.397135 0.400463 0.015104 0.026852
0 0.539453 0.587500 0.015885 0.028704
0 0.859635 0.527083 0.015104 0.021759
0 0.470703 0.381944 0.015885 0.028704
0 0.495052 0.703009 0.016667 0.027315
0 0.844401 0.299306 0.016927 0.021759
0 0.822917 0.367130 0.011979 0.026852
0 0.666146 0.213889 0.020833 0.020370
0 0.643490 0.228472 0.015625 0.029167
0 0.247656 0.062037 0.015625 0.026852
0 0.445964 0.468981 0.015365 0.026852
0 0.476432 0.714815 0.013802 0.025000
0 0.976302 0.732176 0.015104 0.021759
0 0.952474 0.657639 0.016406 0.023611
0 0.901042 0.620139 0.015625 0.020833
0 0.884635 0.601620 0.015104 0.021759
0 0.890625 0.581713 0.015104 0.021759
0 0.888672 0.774769 0.014323 0.022685
0 0.893490 0.807407 0.016146 0.021296
0 0.848437 0.723148 0.012500 0.022222
0 0.839063 0.676620 0.016146 0.021759
0 0.433984 0.933333 0.011198 0.021296
0 0.945573 0.177315 0.016146 0.020370
0 0.953255 0.152546 0.019010 0.025463
2 0.951302 0.168519 0.019792 0.024074
0 0.958464 0.137963 0.017448 0.019444
0 0.791927 0.394676 0.013542 0.029167
0 0.777474 0.412037 0.012240 0.031481
0 0.769401 0.418056 0.012240 0.031481
0 0.706120 0.075926 0.015885 0.028704
0 0.517839 0.687500 0.012240 0.020370
0 0.172786 0.845139 0.010677 0.023611
0 0.261068 0.817361 0.007031 0.028241
0 0.223698 0.894444 0.011458 0.027778
0 0.231250 0.892824 0.010937 0.032870
2 0.966406 0.125231 0.025000 0.030093
0 0.653646 0.156019 0.014583 0.024074
0 0.598568 0.055787 0.014844 0.026389
0 0.728385 0.118056 0.014063 0.026852
0 0.721094 0.108565 0.015104 0.024537
0 0.711458 0.088657 0.016146 0.029167
0 0.198958 0.906250 0.007812 0.021759
0 0.584115 0.543287 0.015625 0.026389
0 0.434766 0.374537 0.015885 0.028704
0 0.421875 0.400463 0.013021 0.024074
0 0.414062 0.362037 0.015104 0.025000
0 0.602083 0.612731 0.018229 0.024537
0 0.245443 0.812269 0.007031 0.028241
0 0.229687 0.811574 0.008333 0.030556
0 0.104167 0.936806 0.017188 0.019907
0 0.100260 0.951157 0.017188 0.019907
0 0.097396 0.967824 0.017188 0.019907
0 0.128646 0.991204 0.011458 0.017593
0 0.119792 0.991204 0.008333 0.017593
0 0.644531 0.667593 0.011979 0.032407
0 0.390755 0.142130 0.012240 0.023148
0 0.370573 0.103472 0.015104 0.026389
0 0.321615 0.014352 0.016667 0.027778
0 0.329036 0.006250 0.011719 0.011574
0 0.544792 0.474306 0.014583 0.026389
0 0.537109 0.644213 0.015365 0.030093
0 0.565365 0.619444 0.011979 0.022222
0 0.512891 0.634259 0.017969 0.030556
0 0.505078 0.625463 0.015885 0.028704
0 0.392839 0.482407 0.013802 0.026852
0 0.388802 0.375463 0.011979 0.023148
0 0.383073 0.365741 0.015104 0.026852
0 0.217839 0.041204 0.015885 0.027778
2 0.420703 0.564120 0.016927 0.031944
0 0.446745 0.663426 0.013802 0.025000
0 0.992448 0.532639 0.015104 0.021759
3 0.662500 0.019444 0.006771 0.014815
0 0.685026 0.033333 0.015885 0.028704
0 0.667839 0.134259 0.018490 0.029630
0 0.661328 0.122222 0.016406 0.027778
0 0.656510 0.110185 0.014063 0.027778
0 0.650260 0.099074 0.014063 0.027778
0 0.644531 0.087500 0.014063 0.027778
0 0.638932 0.077546 0.016406 0.029167
0 0.632682 0.064352 0.015365 0.027778
0 0.626172 0.052778 0.015365 0.027778
0 0.614062 0.029861 0.014063 0.027315
0 0.603516 0.067824 0.014844 0.026389
0 0.636979 0.215509 0.015625 0.029167
0 0.632812 0.209028 0.015625 0.029167
0 0.618229 0.182176 0.015625 0.029167
0 0.592318 0.431019 0.015365 0.027778
0 0.586328 0.421296 0.015365 0.027778
0 0.580859 0.411574 0.015365 0.027778
0 0.574089 0.400463 0.015365 0.027778
0 0.564974 0.380556 0.015365 0.027778
0 0.558984 0.371296 0.015365 0.027778
0 0.553776 0.360648 0.015365 0.027778
0 0.547005 0.345833 0.015365 0.027778
0 0.541276 0.337500 0.015365 0.027778
0 0.534505 0.323611 0.015365 0.027778
0 0.529297 0.313426 0.015365 0.027778
0 0.523307 0.302315 0.015365 0.027778
0 0.516536 0.291667 0.015365 0.027778
0 0.510807 0.281481 0.015365 0.027778
0 0.504036 0.267593 0.015365 0.027778
0 0.490755 0.242130 0.015365 0.027778
0 0.483984 0.232870 0.015365 0.027778
0 0.477995 0.218981 0.015365 0.027778
0 0.472526 0.210185 0.015365 0.027778
0 0.467839 0.197685 0.015365 0.027778
0 0.460286 0.187037 0.015365 0.027778
0 0.454818 0.176852 0.015365 0.027778
0 0.447786 0.162963 0.015365 0.027778
0 0.442318 0.153241 0.015365 0.027778
0 0.436328 0.140741 0.015365 0.027778
0 0.429297 0.128241 0.015365 0.027778
0 0.415234 0.103704 0.015365 0.027778
0 0.408724 0.093519 0.015365 0.027778
0 0.401693 0.081019 0.015365 0.027778
0 0.396745 0.068056 0.015365 0.027778
0 0.390495 0.056481 0.015365 0.027778
0 0.382943 0.044444 0.015365 0.027778
0 0.377995 0.034259 0.015365 0.027778
0 0.306771 0.013426 0.015625 0.025000
0 0.321224 0.040509 0.016406 0.028241
0 0.367839 0.126620 0.016406 0.028241
0 0.382161 0.153935 0.016406 0.028241
0 0.353125 0.098611 0.014583 0.027778
0 0.559245 0.443519 0.015365 0.027778
0 0.542318 0.412037 0.015365 0.027778
0 0.531120 0.388889 0.015365 0.027778
0 0.450391 0.281944 0.015365 0.027778
0 0.438411 0.256481 0.015365 0.027778
0 0.421224 0.226389 0.015365 0.027778
0 0.465234 0.278704 0.012240 0.026852
0 0.608333 0.629861 0.016667 0.025463
0 0.579036 0.598148 0.015365 0.026852
0 0.571224 0.606481 0.015365 0.026852
0 0.561849 0.638426 0.015365 0.026852
0 0.578125 0.531713 0.015625 0.026389
0 0.571094 0.521991 0.015625 0.026389
0 0.563021 0.510880 0.015625 0.026389
0 0.557031 0.498380 0.015625 0.026389
0 0.552474 0.487037 0.015885 0.028704
0 0.536719 0.466204 0.016667 0.027778
0 0.532031 0.453241 0.016667 0.027778
0 0.524740 0.441204 0.016667 0.027778
0 0.520833 0.425926 0.016667 0.027778
0 0.514583 0.415741 0.016667 0.027778
0 0.507292 0.402778 0.016667 0.027778
0 0.533984 0.572917 0.015885 0.027315
0 0.527995 0.561806 0.015885 0.027315
0 0.521224 0.553472 0.015885 0.027315
0 0.515495 0.537731 0.015885 0.027315
0 0.508984 0.526620 0.015885 0.027315
0 0.501953 0.495602 0.015365 0.031019
0 0.482943 0.457639 0.015365 0.031019
0 0.488542 0.471296 0.015104 0.026852
0 0.494141 0.483796 0.012760 0.022222
0 0.503646 0.512037 0.014583 0.022222
0 0.501953 0.613889 0.015885 0.028704
0 0.495182 0.600463 0.014844 0.025000
0 0.489193 0.590046 0.014323 0.025463
0 0.482943 0.580556 0.015885 0.028704
0 0.475911 0.569444 0.015885 0.028704
0 0.470703 0.560185 0.015885 0.028704
0 0.463932 0.545833 0.015885 0.028704
0 0.457161 0.536111 0.015885 0.028704
0 0.448568 0.522685 0.015885 0.028704
0 0.440234 0.509259 0.015885 0.028704
0 0.456641 0.410648 0.015885 0.028704
0 0.440234 0.436574 0.015885 0.028704
0 0.425651 0.464583 0.012760 0.026389
0 0.412240 0.488194 0.013021 0.026389
0 0.399349 0.511343 0.012760 0.022685
0 0.491146 0.690509 0.015104 0.028241
0 0.485677 0.679861 0.015104 0.028241
0 0.478906 0.669213 0.015104 0.028241
0 0.473177 0.656250 0.015104 0.028241
0 0.466667 0.644213 0.015104 0.028241
0 0.460938 0.634028 0.015104 0.028241
0 0.453385 0.622454 0.015104 0.028241
0 0.446875 0.609491 0.015104 0.028241
0 0.440495 0.599306 0.015365 0.028241
0 0.433203 0.587269 0.015365 0.028241
0 0.427995 0.575694 0.015365 0.028241
0 0.415495 0.549306 0.015365 0.028241
0 0.408984 0.538194 0.015365 0.026389
0 0.461328 0.687500 0.013802 0.025000
0 0.433464 0.656944 0.013802 0.025000
0 0.427995 0.626389 0.013802 0.025000
0 0.414453 0.601852 0.013802 0.025000
0 0.400130 0.576852 0.013802 0.025000
0 0.405208 0.429167 0.013021 0.024074
0 0.390104 0.456944 0.013021 0.024074
0 0.374740 0.483333 0.013021 0.024074
0 0.406771 0.370370 0.015104 0.025000
0 0.414844 0.298611 0.015625 0.026852
0 0.409896 0.287963 0.015625 0.026852
0 0.390885 0.256019 0.015625 0.026852
0 0.403125 0.278241 0.015625 0.026852
0 0.384635 0.246296 0.015625 0.026852
0 0.337500 0.162500 0.015104 0.028704
0 0.331510 0.153704 0.015104 0.028704
0 0.317708 0.130093 0.015104 0.028704
0 0.310937 0.114815 0.015104 0.028704
0 0.305469 0.104630 0.015104 0.028704
0 0.298958 0.091204 0.015104 0.028704
0 0.291406 0.077778 0.015104 0.028704
0 0.285417 0.068981 0.015104 0.028704
0 0.277865 0.055093 0.015104 0.028704
0 0.271094 0.041204 0.015104 0.028704
0 0.211849 0.051389 0.015885 0.027778
0 0.202734 0.065741 0.015885 0.027778
0 0.378385 0.356019 0.015104 0.026852
0 0.370312 0.343519 0.015104 0.026852
0 0.357552 0.320370 0.015104 0.026852
0 0.351562 0.310185 0.015104 0.026852
0 0.345573 0.298148 0.015104 0.026852
0 0.338802 0.287269 0.015625 0.028241
0 0.332031 0.276620 0.015625 0.028241
0 0.327083 0.266435 0.015625 0.028241
0 0.321094 0.255324 0.015625 0.028241
0 0.314844 0.242361 0.015625 0.028241
0 0.301042 0.217361 0.015625 0.028241
0 0.294792 0.207176 0.015625 0.028241
0 0.287240 0.192824 0.015625 0.028241
0 0.280208 0.181250 0.015625 0.028241
0 0.274740 0.171528 0.015625 0.028241
0 0.268229 0.159028 0.015625 0.028241
0 0.254948 0.135880 0.015625 0.028241
