0 0.061328 0.065509 0.008073 0.031944
0 0.053125 0.027315 0.007812 0.025926
0 0.080990 0.027778 0.007292 0.028704
0 0.170443 0.087037 0.011198 0.032407
0 0.124089 0.129630 0.007031 0.030556
2 0.241276 0.130556 0.017448 0.028704
2 0.261068 0.160648 0.014844 0.023148
0 0.269661 0.198843 0.006510 0.027315
2 0.272005 0.236574 0.009635 0.033333
0 0.276042 0.273843 0.006771 0.026389
0 0.278776 0.309954 0.007031 0.031944
0 0.291146 0.163426 0.007812 0.023148
0 0.308594 0.168750 0.009375 0.029167
0 0.347917 0.104167 0.017708 0.019444
0 0.500391 0.065972 0.015885 0.014352
0 0.574349 0.046065 0.015885 0.014352
0 0.503255 0.087731 0.015885 0.014352
0 0.523828 0.081250 0.015885 0.014352
0 0.615365 0.022917 0.018229 0.016204
0 0.626042 0.171065 0.018229 0.014352
0 0.628255 0.225463 0.012760 0.010185
0 0.630078 0.210648 0.013802 0.012037
0 0.596354 0.175463 0.015625 0.013889
0 0.629948 0.196759 0.015625 0.013889
0 0.594271 0.224537 0.015625 0.013889
0 0.502865 0.203241 0.017188 0.015741
0 0.530859 0.222454 0.013281 0.013426
0 0.516276 0.251157 0.009115 0.021759
0 0.507292 0.255324 0.010417 0.025463
0 0.459115 0.210648 0.012500 0.030556
0 0.481250 0.013426 0.011458 0.025000
0 0.611719 0.339352 0.007812 0.025926
0 0.619010 0.338889 0.007812 0.025926
2 0.464844 0.184954 0.013542 0.031019
2 0.491406 0.279167 0.014063 0.027778
2 0.433333 0.093287 0.014063 0.032870
0 0.530859 0.348843 0.016406 0.018056
0 0.601562 0.461806 0.016667 0.013426
0 0.582031 0.440741 0.007292 0.021296
0 0.794401 0.429398 0.012240 0.026389
0 0.727734 0.521065 0.011198 0.027315
0 0.764062 0.637037 0.012500 0.028704
0 0.756380 0.666435 0.011719 0.030093
2 0.717057 0.554630 0.010156 0.022222
0 0.719401 0.897917 0.016406 0.017130
0 0.705078 0.629630 0.008073 0.024074
2 0.692578 0.632407 0.011719 0.033333
0 0.501432 0.805787 0.009635 0.031019
0 0.521615 0.846296 0.008333 0.027778
2 0.515234 0.818519 0.007552 0.028704
2 0.516276 0.875926 0.009635 0.027778
2 0.526432 0.875463 0.007552 0.028704
0 0.405208 0.714352 0.016146 0.016667
0 0.418750 0.578935 0.015625 0.014352
0 0.358724 0.441435 0.019010 0.017130
0 0.314453 0.893519 0.013802 0.011111
2 0.318880 0.909491 0.017448 0.012500
0 0.680208 0.674537 0.010417 0.032407
0 0.737240 0.907639 0.015104 0.014352
0 0.687370 0.860880 0.016406 0.017130
2 0.729297 0.871759 0.014844 0.013889
0 0.538932 0.760185 0.006510 0.022222
0 0.523047 0.753935 0.009115 0.027315
0 0.280729 0.982639 0.007292 0.029167
3 0.096615 0.502546 0.004167 0.013426
0 0.198047 0.697454 0.016406 0.012500
0 0.211849 0.685648 0.012760 0.011111
2 0.136068 0.647685 0.007552 0.034259
0 0.172005 0.622454 0.017969 0.013426
0 0.254297 0.613657 0.005990 0.023611
0 0.250391 0.558333 0.008594 0.033333
0 0.359115 0.713426 0.017188 0.020370
0 0.174219 0.506481 0.007812 0.028704
0 0.156380 0.497917 0.006510 0.022685
0 0.260547 0.433796 0.016927 0.024074
0 0.263021 0.456481 0.017708 0.012037
0 0.260547 0.505093 0.014844 0.011111
0 0.149089 0.384722 0.016927 0.012037
0 0.103255 0.422685 0.008073 0.022222
0 0.117969 0.645370 0.008333 0.029630
0 0.077083 0.495370 0.007292 0.025926
0 0.035286 0.553241 0.007552 0.023148
0 0.047917 0.528009 0.020313 0.014352
0 0.047786 0.512500 0.016406 0.012963
2 0.036068 0.429398 0.024740 0.013426
0 0.006250 0.468750 0.007292 0.032870
0 0.055990 0.387731 0.017188 0.013426
0 0.041536 0.329861 0.007552 0.026389
0 0.226953 0.339120 0.007552 0.024537
0 0.456641 0.069213 0.015885 0.014352
0 0.695833 0.250926 0.009896 0.023148
0 0.777214 0.268287 0.014323 0.030093
0 0.754948 0.627778 0.009896 0.029630
0 0.748047 0.658565 0.010677 0.029167
2 0.175521 0.366667 0.020313 0.015741
0 0.263802 0.524769 0.018750 0.012500
0 0.105078 0.456019 0.009115 0.032407
0 0.348568 0.090741 0.015885 0.018519
0 0.354167 0.059722 0.018750 0.017593
0 0.786328 0.281713 0.013281 0.032870
0 0.797135 0.246528 0.013021 0.028241
0 0.808984 0.207639 0.014844 0.032870
0 0.821224 0.168287 0.014844 0.032870
0 0.834505 0.123380 0.014844 0.032870
1 0.805990 0.172685 0.029167 0.073148
2 0.823568 0.118981 0.012240 0.032407
2 0.847526 0.086111 0.012240 0.032407
0 0.836589 0.078935 0.012760 0.030093
0 0.860807 0.042593 0.014323 0.034259
0 0.814193 0.471065 0.013281 0.025463
0 0.865234 0.539120 0.012240 0.026389
0 0.723698 0.492361 0.010417 0.030093
0 0.749219 0.584954 0.012500 0.029167
0 0.706120 0.587963 0.012760 0.029630
0 0.680339 0.710880 0.011719 0.030093
2 0.701823 0.890972 0.016667 0.016204
0 0.787109 0.650694 0.017448 0.020833
0 0.842318 0.542130 0.012240 0.026852
0 0.828516 0.507176 0.011198 0.022685
0 0.512109 0.850463 0.008073 0.029630
0 0.418359 0.784954 0.010156 0.028241
0 0.206771 0.429167 0.007292 0.028704
0 0.098828 0.639815 0.008073 0.029630
0 0.138802 0.586343 0.007292 0.029167
0 0.129818 0.584491 0.008594 0.030093
0 0.245703 0.650231 0.008073 0.030093
0 0.254818 0.684722 0.015885 0.013889
0 0.052474 0.063194 0.007552 0.026389
2 0.791016 0.224537 0.015885 0.034259
0 0.673568 0.787963 0.007552 0.030556
0 0.662630 0.797222 0.007031 0.021296
2 0.897786 0.983102 0.020052 0.018981
2 0.886589 0.655324 0.016927 0.031944
0 0.896875 0.498148 0.010937 0.027778
0 0.890625 0.492593 0.011458 0.025000
0 0.867057 0.512731 0.016927 0.019907
0 0.888672 0.515972 0.016927 0.019907
0 0.927214 0.599306 0.012240 0.031944
0 0.916536 0.624537 0.010677 0.024074
0 0.921875 0.631481 0.013021 0.028704
0 0.929427 0.639583 0.013542 0.027315
0 0.918880 0.707176 0.014844 0.027315
0 0.899219 0.657407 0.014583 0.029630
0 0.889583 0.628241 0.015104 0.020370
0 0.893359 0.614352 0.012760 0.016667
0 0.897656 0.602778 0.012500 0.017593
0 0.929688 0.733565 0.016146 0.018981
0 0.872917 0.778704 0.011458 0.011111
2 0.853516 0.810648 0.013802 0.031481
0 0.071745 0.025926 0.007552 0.028704
0 0.142448 0.127778 0.007292 0.027778
0 0.477865 0.802546 0.009375 0.026389
0 0.509245 0.744213 0.015365 0.012500
0 0.467708 0.712500 0.007292 0.030556
0 0.470964 0.679630 0.007552 0.028704
0 0.004297 0.328704 0.008073 0.030556
0 0.060677 0.332639 0.008333 0.035648
0 0.213281 0.388426 0.017188 0.012037
0 0.007031 0.407870 0.013542 0.012963
0 0.026823 0.406944 0.020313 0.012037
0 0.054167 0.556019 0.008333 0.031481
0 0.014714 0.465509 0.007552 0.032870
0 0.106771 0.495370 0.007812 0.030556
0 0.106771 0.534722 0.006250 0.029630
0 0.107552 0.602778 0.002604 0.025926
0 0.107161 0.571296 0.003906 0.024074
0 0.133464 0.424769 0.008073 0.031944
0 0.229818 0.513657 0.008594 0.031944
0 0.150391 0.582639 0.007031 0.027315
0 0.127344 0.642593 0.008333 0.029630
0 0.336589 0.732639 0.007031 0.024537
0 0.871745 0.543750 0.012240 0.026389
0 0.879297 0.550694 0.012240 0.026389
0 0.887109 0.558102 0.012240 0.026389
0 0.893099 0.565046 0.012240 0.026389
0 0.901432 0.570139 0.012240 0.026389
0 0.907422 0.579861 0.012240 0.026389
0 0.873307 0.502546 0.016927 0.019907
0 0.888672 0.516435 0.016927 0.019907
0 0.905339 0.534028 0.016927 0.019907
0 0.911458 0.511574 0.010937 0.027778
0 0.917448 0.520370 0.009375 0.025000
0 0.924479 0.525463 0.010937 0.027778
0 0.931510 0.531481 0.010937 0.027778
0 0.938542 0.539815 0.010937 0.027778
0 0.945312 0.546759 0.010937 0.027778
0 0.952344 0.551852 0.010937 0.027778
0 0.960156 0.559259 0.010937 0.027778
0 0.934245 0.604861 0.012240 0.031944
0 0.940495 0.613194 0.010677 0.029167
0 0.956380 0.585417 0.015885 0.019907
0 0.968490 0.597222 0.011458 0.026852
0 0.976562 0.602315 0.011458 0.026852
0 0.984635 0.609491 0.009896 0.020833
0 0.990495 0.618056 0.012240 0.027778
0 0.996094 0.625000 0.007812 0.026852
2 0.930208 0.751620 0.016667 0.024537
3 0.917969 0.749769 0.004687 0.011574
2 0.965365 0.854398 0.014063 0.031019
0 0.993490 0.886574 0.012500 0.019444
0 0.996094 0.900694 0.007812 0.016204
0 0.732422 0.856481 0.012760 0.012037
0 0.751563 0.749074 0.016667 0.015741
0 0.727474 0.558565 0.011198 0.027315
0 0.819661 0.541898 0.013281 0.026389
2 0.662630 0.889583 0.008594 0.032870
0 0.089323 0.028241 0.007292 0.028704
0 0.098698 0.026852 0.007292 0.028704
0 0.107292 0.028704 0.007292 0.028704
0 0.116536 0.029630 0.007031 0.024074
0 0.125651 0.030324 0.008594 0.031019
0 0.135547 0.029861 0.008594 0.031019
0 0.139844 0.064352 0.015104 0.013889
0 0.150000 0.127778 0.007292 0.027778
0 0.159375 0.127778 0.007292 0.027778
0 0.050130 0.330787 0.007552 0.026389
0 0.014063 0.329167 0.008333 0.030556
0 0.022396 0.330093 0.008333 0.030556
0 0.032031 0.331019 0.008333 0.030556
0 0.048177 0.408796 0.020313 0.012037
0 0.023307 0.467824 0.007552 0.032870
0 0.032161 0.466898 0.007552 0.032870
0 0.080339 0.332176 0.008073 0.032870
0 0.088411 0.334028 0.008073 0.032870
0 0.097786 0.334028 0.008073 0.032870
0 0.107422 0.335417 0.008073 0.032870
0 0.116276 0.334491 0.008073 0.032870
0 0.125130 0.334954 0.008073 0.032870
0 0.134766 0.335417 0.008073 0.032870
0 0.142839 0.335880 0.008073 0.032870
0 0.152474 0.335417 0.008073 0.032870
0 0.162109 0.337269 0.008073 0.032870
0 0.170703 0.337269 0.008073 0.032870
0 0.184505 0.338657 0.008073 0.032870
0 0.192578 0.338657 0.008073 0.032870
0 0.201953 0.337269 0.008073 0.032870
0 0.210286 0.337269 0.008073 0.032870
0 0.218359 0.336343 0.008073 0.032870
0 0.191406 0.387963 0.017188 0.012037
0 0.167969 0.386111 0.017188 0.012037
0 0.045833 0.556481 0.008333 0.031481
0 0.027214 0.556019 0.008594 0.031481
0 0.017839 0.554630 0.008594 0.031481
0 0.010286 0.555093 0.008594 0.031481
0 0.078385 0.528241 0.007292 0.025926
0 0.080469 0.573148 0.007292 0.025926
0 0.081771 0.609954 0.007292 0.028241
0 0.081510 0.647917 0.007292 0.028241
0 0.233464 0.684722 0.015885 0.013889
0 0.181641 0.682870 0.015885 0.013889
0 0.160286 0.683333 0.015885 0.013889
0 0.139453 0.682639 0.014844 0.010648
0 0.236849 0.649306 0.008073 0.030093
0 0.227995 0.648843 0.008073 0.030093
0 0.218880 0.648380 0.008073 0.030093
0 0.209766 0.646528 0.008073 0.030093
0 0.200521 0.646759 0.008333 0.033333
0 0.191927 0.646759 0.008333 0.033333
0 0.183073 0.647685 0.008333 0.033333
0 0.173177 0.649074 0.008333 0.033333
0 0.164844 0.647222 0.008333 0.033333
0 0.154427 0.648148 0.008333 0.033333
0 0.145182 0.647917 0.008594 0.029167
0 0.160156 0.580556 0.007812 0.032407
0 0.168490 0.581481 0.007812 0.032407
0 0.177083 0.583333 0.007812 0.032407
0 0.186198 0.581019 0.007812 0.032407
0 0.194792 0.581944 0.007812 0.032407
0 0.203385 0.581944 0.007812 0.032407
0 0.212760 0.582407 0.007812 0.032407
0 0.229687 0.583333 0.007812 0.032407
0 0.220833 0.581944 0.006771 0.029630
0 0.219271 0.511111 0.007812 0.029630
0 0.210938 0.511574 0.007812 0.029630
0 0.201302 0.511574 0.007812 0.029630
0 0.192188 0.509722 0.007812 0.029630
0 0.184115 0.507870 0.007812 0.029630
0 0.165885 0.497222 0.007812 0.029630
0 0.147005 0.496759 0.008073 0.029630
0 0.137370 0.493519 0.008073 0.029630
0 0.142839 0.425231 0.008073 0.031944
0 0.151693 0.425694 0.008073 0.031944
0 0.161849 0.426620 0.008073 0.031944
0 0.170182 0.426157 0.008073 0.031944
0 0.177734 0.429861 0.008073 0.031944
0 0.187240 0.428472 0.008333 0.031944
0 0.196615 0.429398 0.008333 0.031944
0 0.215104 0.430787 0.008333 0.031944
0 0.224219 0.427546 0.008333 0.031944
0 0.233854 0.426157 0.008333 0.031944
0 0.242188 0.426620 0.008333 0.031944
0 0.261328 0.472454 0.018490 0.014352
0 0.260286 0.488657 0.018490 0.014352
0 0.304688 0.455324 0.010417 0.037500
0 0.425260 0.647685 0.006250 0.031481
0 0.411458 0.687037 0.009896 0.034259
0 0.925651 0.069907 0.011719 0.016667
0 0.873568 0.008333 0.011198 0.015741
0 0.498828 0.890741 0.007031 0.024074
2 0.502604 0.856713 0.007812 0.029167
0 0.548568 0.410880 0.005990 0.022685
0 0.579036 0.207176 0.015885 0.014352
2 0.683203 0.475694 0.010677 0.031944
