0 0.022135 0.165509 0.013021 0.018056
0 0.023568 0.187963 0.015885 0.016667
0 0.028646 0.215741 0.011458 0.013889
0 0.150651 0.200463 0.010677 0.030556
0 0.209375 0.164815 0.010417 0.028704
0 0.273177 0.115046 0.015104 0.019907
0 0.494922 0.175000 0.005990 0.025926
0 0.083724 0.370833 0.015885 0.015741
0 0.145313 0.358333 0.017188 0.015741
0 0.402083 0.357407 0.017708 0.012037
0 0.186849 0.356944 0.015365 0.012963
0 0.263151 0.338657 0.013802 0.011574
2 0.075260 0.396296 0.018229 0.022222
0 0.012891 0.433333 0.017969 0.018519
0 0.004687 0.418750 0.008854 0.012500
2 0.052995 0.539583 0.011719 0.030093
0 0.058333 0.575463 0.006250 0.027778
0 0.044661 0.700926 0.016927 0.015741
0 0.006120 0.721991 0.011719 0.013426
2 0.170573 0.735648 0.018229 0.012037
0 0.212891 0.768750 0.014323 0.016204
2 0.205859 0.931250 0.011719 0.034722
2 0.239323 0.824537 0.017188 0.021296
3 0.233724 0.806481 0.004427 0.012963
0 0.247786 0.813889 0.012760 0.017593
0 0.256250 0.783796 0.010937 0.027778
0 0.269401 0.729630 0.011719 0.028704
0 0.295182 0.740509 0.012760 0.010648
0 0.294141 0.752546 0.015885 0.012500
0 0.295703 0.765972 0.015885 0.012500
0 0.310156 0.770370 0.011458 0.010185
0 0.294271 0.579167 0.010937 0.026852
0 0.311328 0.616667 0.015885 0.011111
0 0.311458 0.631481 0.017188 0.011111
0 0.311328 0.645833 0.015365 0.010185
0 0.312891 0.660648 0.015365 0.010185
0 0.308724 0.676157 0.012240 0.011574
0 0.308854 0.689120 0.012500 0.009722
0 0.309635 0.703009 0.012500 0.009722
0 0.295703 0.697917 0.006510 0.022685
0 0.287630 0.699769 0.006510 0.022685
0 0.279818 0.698611 0.006510 0.025926
2 0.263932 0.706019 0.011198 0.030556
0 0.283333 0.546296 0.010937 0.027778
0 0.313802 0.502315 0.009896 0.028704
0 0.306120 0.541667 0.009115 0.023148
0 0.227214 0.459491 0.017448 0.012500
0 0.207422 0.488889 0.017448 0.013889
0 0.207943 0.506944 0.017448 0.013889
0 0.188151 0.493519 0.016927 0.012037
0 0.188542 0.508333 0.016667 0.010185
0 0.323568 0.449537 0.011198 0.029630
2 0.774349 0.454398 0.016927 0.014352
2 0.641536 0.465972 0.007552 0.033796
0 0.714714 0.455556 0.017448 0.011111
0 0.694792 0.455556 0.013542 0.012963
0 0.665365 0.463657 0.008333 0.028241
0 0.650000 0.465972 0.006771 0.026389
0 0.611458 0.468287 0.007812 0.027315
0 0.565885 0.469213 0.007292 0.022685
0 0.557292 0.672222 0.005208 0.026852
2 0.549479 0.674306 0.006771 0.031944
2 0.526953 0.673611 0.008073 0.028704
2 0.460026 0.703935 0.008594 0.031944
2 0.436198 0.704630 0.006250 0.027778
2 0.416667 0.723148 0.008333 0.030556
2 0.441536 0.765046 0.017448 0.011574
0 0.542578 0.671991 0.008594 0.028241
0 0.519271 0.674074 0.006771 0.026852
0 0.510677 0.672685 0.007292 0.025926
0 0.504818 0.704167 0.007031 0.026852
0 0.496224 0.703241 0.007031 0.025926
0 0.481250 0.674306 0.005729 0.028241
0 0.489193 0.676389 0.005990 0.013889
0 0.451562 0.749306 0.016667 0.011574
0 0.442969 0.831944 0.014583 0.012963
0 0.461719 0.853935 0.015625 0.006944
0 0.567708 0.693981 0.014583 0.012037
0 0.566667 0.709722 0.014583 0.012037
0 0.493620 0.858565 0.007552 0.016204
0 0.304427 0.867130 0.007292 0.029630
0 0.303906 0.895370 0.007812 0.020370
0 0.428255 0.991667 0.008594 0.016667
2 0.569401 0.932639 0.012760 0.029167
0 0.751563 0.965972 0.010417 0.026389
0 0.760417 0.989352 0.013021 0.021296
0 0.843359 0.852546 0.012760 0.028241
0 0.793620 0.621065 0.013802 0.010648
0 0.821484 0.633333 0.015885 0.015741
0 0.822135 0.647685 0.016146 0.016667
0 0.799609 0.701852 0.015885 0.014815
0 0.800651 0.687731 0.016927 0.013426
0 0.795833 0.662963 0.016146 0.013889
0 0.792708 0.636343 0.016667 0.015278
0 0.770573 0.710880 0.008333 0.030093
0 0.858984 0.621991 0.015885 0.016204
0 0.860547 0.637500 0.016927 0.017593
0 0.212630 0.555787 0.007031 0.028241
0 0.476172 0.959028 0.012240 0.025463
0 0.228385 0.353935 0.016146 0.011574
1 0.463281 0.332870 0.038542 0.018519
0 0.592187 0.183565 0.006771 0.025463
0 0.591927 0.211806 0.007292 0.031019
0 0.275521 0.128009 0.016146 0.019907
0 0.206250 0.124074 0.010937 0.012037
2 0.329948 0.339352 0.015104 0.012037
0 0.332552 0.637500 0.006771 0.018519
0 0.332552 0.611806 0.007812 0.028241
0 0.323568 0.609491 0.008594 0.026389
0 0.452734 0.676389 0.006510 0.021296
0 0.442839 0.677546 0.007031 0.021759
0 0.443620 0.705556 0.005469 0.025000
0 0.451562 0.704861 0.006771 0.027315
0 0.443229 0.845602 0.015104 0.010648
0 0.443229 0.803241 0.014583 0.012037
0 0.442839 0.790741 0.016406 0.010185
0 0.443229 0.778935 0.016667 0.011574
0 0.462240 0.865972 0.016667 0.011574
0 0.759115 0.733333 0.015625 0.016667
0 0.335547 0.082407 0.011198 0.020370
0 0.342318 0.075694 0.010156 0.019907
0 0.349219 0.067130 0.010417 0.020370
0 0.620443 0.075231 0.015885 0.017130
2 0.738281 0.092361 0.007812 0.034722
0 0.177734 0.339583 0.016927 0.013426
0 0.520833 0.343519 0.018229 0.014815
0 0.342318 0.629630 0.009115 0.007407
0 0.714323 0.110417 0.016667 0.012500
0 0.857031 0.191435 0.017188 0.016204
0 0.821875 0.203935 0.015104 0.012500
0 0.483203 0.952083 0.011198 0.024537
0 0.860417 0.808796 0.015104 0.016667
0 0.866797 0.833333 0.015885 0.016667
0 0.360286 0.052778 0.012240 0.028704
0 0.204687 0.051157 0.016667 0.018056
0 0.344661 0.010648 0.012240 0.020370
0 0.867188 0.693287 0.017188 0.017130
0 0.861719 0.665509 0.013021 0.012500
0 0.855339 0.795139 0.017969 0.018056
3 0.472005 0.358333 0.009635 0.007407
0 0.409505 0.854167 0.014323 0.011111
0 0.407943 0.827546 0.014844 0.011574
0 0.408203 0.814815 0.015365 0.010185
0 0.407161 0.801852 0.011719 0.011111
0 0.757552 0.716667 0.011979 0.011111
0 0.756120 0.683102 0.015885 0.010648
0 0.756510 0.668519 0.015625 0.011111
0 0.516927 0.097917 0.015104 0.006944
0 0.826042 0.662037 0.016146 0.016667
0 0.875521 0.604630 0.014063 0.014815
0 0.899870 0.607870 0.016927 0.016667
0 0.509505 0.885880 0.016927 0.016204
0 0.840495 0.200694 0.017448 0.009722
0 0.910677 0.157176 0.015625 0.018056
0 0.924089 0.164120 0.017969 0.018981
0 0.926562 0.148148 0.013542 0.014815
0 0.907943 0.176389 0.017969 0.019444
0 0.791927 0.071759 0.007292 0.029630
0 0.729818 0.662731 0.007552 0.022685
0 0.735026 0.701157 0.008594 0.031944
0 0.736589 0.737963 0.008594 0.025926
0 0.876823 0.587269 0.015625 0.018056
0 0.917057 0.600926 0.014844 0.015741
0 0.944010 0.595370 0.011458 0.020370
0 0.918359 0.563889 0.014844 0.014815
0 0.900391 0.574769 0.012240 0.014352
0 0.906510 0.944676 0.011458 0.024537
0 0.580859 0.853472 0.016927 0.016204
0 0.978255 0.113657 0.015365 0.014352
0 0.981250 0.128009 0.016146 0.016204
0 0.965104 0.136806 0.014583 0.014352
2 0.961198 0.125231 0.015104 0.017130
0 0.310677 0.755556 0.011458 0.010185
0 0.310677 0.742593 0.010937 0.012037
0 0.717057 0.706250 0.008594 0.031944
0 0.797917 0.675463 0.011979 0.011111
0 0.828906 0.692130 0.016146 0.016667
0 0.822656 0.831944 0.010417 0.025926
0 0.737370 0.130556 0.006510 0.029630
0 0.832682 0.854167 0.010156 0.026852
