0 0.006771 0.305093 0.013021 0.014815
0 0.040365 0.851620 0.007812 0.026389
0 0.067578 0.634954 0.017448 0.011574
0 0.034766 0.688194 0.018490 0.014352
0 0.036979 0.676389 0.016667 0.012963
0 0.103255 0.658796 0.017448 0.012037
0 0.031641 0.072454 0.017448 0.017130
0 0.164714 0.231944 0.015885 0.010185
0 0.078646 0.851852 0.014063 0.012963
0 0.182292 0.752778 0.016667 0.012963
0 0.238672 0.229861 0.012760 0.012500
0 0.005599 0.682176 0.010156 0.030093
2 0.272526 0.226389 0.019010 0.011111
0 0.037500 0.662037 0.011979 0.011111
0 0.013672 0.622222 0.008073 0.027778
0 0.277734 0.995833 0.009635 0.008333
0 0.085156 0.958796 0.009896 0.025926
0 0.314844 0.944676 0.006771 0.025463
0 0.292708 0.226157 0.015625 0.010648
2 0.462630 0.640509 0.017448 0.016204
0 0.223047 0.230787 0.015365 0.011574
0 0.206250 0.188889 0.006771 0.022222
0 0.096615 0.130093 0.007812 0.022222
0 0.091797 0.169444 0.008594 0.027778
0 0.127865 0.224074 0.015625 0.012963
0 0.142708 0.231944 0.015104 0.011111
2 0.320964 0.366435 0.016927 0.011574
0 0.454948 0.716435 0.007812 0.025463
0 0.470833 0.806713 0.008854 0.030093
0 0.238542 0.039815 0.016667 0.012037
0 0.763802 0.341667 0.017188 0.012037
0 0.176693 0.503704 0.006510 0.030556
2 0.598568 0.540278 0.011198 0.032407
0 0.204167 0.153935 0.008333 0.024537
0 0.238542 0.054167 0.016667 0.012037
0 0.305078 0.062037 0.016927 0.012963
2 0.325651 0.065972 0.017448 0.012500
0 0.646224 0.420370 0.015365 0.012037
0 0.179167 0.368056 0.011979 0.010185
2 0.423307 0.359028 0.016927 0.015278
0 0.616927 0.354398 0.016667 0.010648
2 0.491146 0.626389 0.018750 0.020370
2 0.434505 0.653704 0.017448 0.015741
0 0.238802 0.024537 0.016146 0.010185
3 0.211849 0.382639 0.008073 0.006944
0 0.105208 0.644676 0.016146 0.009722
0 0.125130 0.621065 0.016406 0.011574
0 0.390365 0.758565 0.009896 0.028241
2 0.425000 0.874537 0.006771 0.023148
2 0.654167 0.193750 0.015104 0.029167
0 0.639193 0.337500 0.016927 0.012037
1 0.611719 0.387500 0.038021 0.021296
0 0.052865 0.855324 0.009375 0.028241
0 0.394531 0.787500 0.006771 0.023148
0 0.414453 0.914583 0.007031 0.019907
0 0.429297 0.991435 0.006510 0.017130
0 0.444922 0.991667 0.006510 0.016667
0 0.620964 0.606019 0.013281 0.015741
0 0.706510 0.955093 0.014583 0.021296
0 0.646094 0.634259 0.015625 0.021296
0 0.683333 0.646296 0.015625 0.021296
0 0.728646 0.693056 0.015625 0.021296
2 0.900391 0.908102 0.017969 0.023611
0 0.485417 0.375926 0.011979 0.010185
0 0.654036 0.104398 0.013802 0.022685
0 0.650000 0.047685 0.008333 0.027778
0 0.740625 0.188889 0.015625 0.025000
0 0.825781 0.015972 0.014063 0.025463
0 0.566276 0.040046 0.010677 0.017130
0 0.736849 0.030093 0.007552 0.029630
0 0.722135 0.402778 0.016667 0.012963
2 0.797526 0.805324 0.018490 0.024537
0 0.623437 0.817593 0.009896 0.023148
0 0.241016 0.741435 0.012760 0.011574
0 0.060417 0.380556 0.017708 0.019444
2 0.048958 0.438657 0.019271 0.016204
0 0.087891 0.328935 0.017969 0.016204
0 0.142578 0.373148 0.016927 0.014815
0 0.313411 0.387731 0.016406 0.012500
0 0.412891 0.379398 0.016406 0.012500
0 0.736328 0.378241 0.018490 0.012963
0 0.738411 0.096528 0.007552 0.030093
0 0.653776 0.214120 0.016406 0.022685
0 0.825781 0.053009 0.013542 0.023611
0 0.826562 0.070370 0.013021 0.023148
2 0.826432 0.126157 0.012760 0.026389
0 0.828646 0.181944 0.011979 0.019444
0 0.830469 0.199537 0.011979 0.019444
0 0.827474 0.221528 0.012760 0.025463
0 0.861719 0.246528 0.015625 0.013426
0 0.841797 0.247454 0.013281 0.010648
0 0.442188 0.171528 0.017188 0.013426
0 0.439453 0.187500 0.018490 0.014815
0 0.065234 0.648843 0.017448 0.011574
0 0.064193 0.664583 0.017448 0.011574
0 0.063802 0.693056 0.019271 0.012963
0 0.176432 0.538426 0.006510 0.030556
0 0.035417 0.824537 0.009375 0.027778
0 0.076953 0.822917 0.017448 0.014352
0 0.074219 0.807639 0.016146 0.012500
0 0.408984 0.773611 0.006510 0.025926
0 0.517708 0.888426 0.015625 0.014815
0 0.239323 0.009722 0.017188 0.010185
2 0.427995 0.078472 0.017969 0.016204
0 0.437109 0.109028 0.016927 0.013426
0 0.438151 0.122917 0.016927 0.013426
2 0.452344 0.237963 0.008333 0.031481
0 0.454948 0.283333 0.006771 0.019444
0 0.545703 0.205093 0.006510 0.028704
0 0.544922 0.131481 0.004948 0.022222
0 0.569661 0.176157 0.015885 0.024537
0 0.567839 0.218287 0.015885 0.024537
0 0.567708 0.197454 0.014063 0.020833
0 0.566536 0.092130 0.010677 0.017593
0 0.632292 0.191204 0.006771 0.028704
0 0.652865 0.015509 0.016146 0.021759
0 0.828385 0.161574 0.013021 0.025000
0 0.826562 0.106481 0.009896 0.017593
0 0.915365 0.040509 0.013021 0.022685
0 0.235026 0.440046 0.016927 0.014352
0 0.361979 0.418750 0.016146 0.011574
0 0.658073 0.382407 0.017188 0.012037
0 0.005469 0.602315 0.010417 0.013889
0 0.038151 0.621528 0.015885 0.015278
0 0.043099 0.607176 0.015885 0.015278
0 0.038021 0.648843 0.016146 0.015278
0 0.740234 0.569907 0.014844 0.017593
2 0.620443 0.909028 0.009115 0.032870
0 0.544922 0.158796 0.006510 0.028704
0 0.543880 0.088889 0.006510 0.028704
0 0.543099 0.057870 0.006510 0.028704
0 0.543359 0.014583 0.006510 0.028241
0 0.567057 0.146528 0.015885 0.024537
0 0.568099 0.129861 0.015885 0.024537
0 0.566016 0.057176 0.015885 0.024537
0 0.565495 0.021991 0.015885 0.024537
0 0.632812 0.150926 0.006771 0.028704
0 0.631510 0.120370 0.006771 0.028704
0 0.632031 0.069907 0.006771 0.028704
0 0.630469 0.037500 0.005208 0.026852
0 0.653516 0.120602 0.013802 0.022685
0 0.652995 0.158102 0.013802 0.022685
0 0.653516 0.176157 0.013802 0.022685
0 0.653516 0.234954 0.016406 0.022685
0 0.740625 0.227315 0.015625 0.025000
2 0.966406 0.140046 0.015104 0.031019
0 0.015365 0.337731 0.017708 0.018056
0 0.084766 0.347222 0.020573 0.017593
0 0.807161 0.375926 0.018490 0.012963
0 0.122786 0.636806 0.016406 0.011574
0 0.143099 0.653009 0.016406 0.011574
0 0.162630 0.655324 0.016406 0.011574
0 0.170443 0.620602 0.016406 0.011574
0 0.149870 0.621065 0.016406 0.011574
0 0.168620 0.639583 0.014844 0.015278
0 0.190495 0.653704 0.005990 0.017593
0 0.502474 0.587963 0.009115 0.026852
0 0.988151 0.587500 0.017969 0.013889
0 0.947786 0.485648 0.017969 0.013889
0 0.950651 0.543981 0.017969 0.013889
0 0.946615 0.469444 0.021354 0.014815
0 0.679818 0.859722 0.014844 0.014815
0 0.677865 0.837731 0.013542 0.024537
0 0.605729 0.730556 0.009375 0.028704
0 0.610677 0.758333 0.009375 0.030556
0 0.399089 0.819676 0.008594 0.029167
0 0.403776 0.849769 0.008594 0.029167
0 0.409245 0.881713 0.008594 0.029167
0 0.419141 0.832870 0.007031 0.025926
0 0.414714 0.801852 0.006510 0.025926
0 0.912630 0.526620 0.005469 0.023611
