0 0.107682 0.110185 0.014844 0.029630
0 0.088411 0.123148 0.008594 0.030556
0 0.138281 0.600463 0.010417 0.027778
2 0.110156 0.387269 0.012500 0.034722
0 0.198958 0.432407 0.009375 0.014815
0 0.207422 0.218750 0.016927 0.017130
0 0.253776 0.241898 0.015885 0.025463
0 0.210286 0.284259 0.017448 0.018519
0 0.217188 0.345833 0.016146 0.020370
0 0.215885 0.326157 0.013021 0.017130
0 0.242188 0.246296 0.013021 0.019444
0 0.187891 0.289352 0.010677 0.028704
0 0.245182 0.087963 0.017448 0.024074
0 0.378776 0.137963 0.017448 0.021296
0 0.367708 0.155556 0.018229 0.022222
0 0.395964 0.153704 0.013802 0.012963
0 0.459375 0.185185 0.016667 0.018519
0 0.503255 0.046991 0.011198 0.026389
2 0.500260 0.027546 0.013021 0.031944
0 0.531901 0.084491 0.013802 0.016204
0 0.529948 0.097917 0.016146 0.018981
0 0.608984 0.150694 0.015365 0.021759
2 0.587760 0.129861 0.016667 0.027315
0 0.697005 0.108102 0.013281 0.031944
0 0.781120 0.264352 0.009115 0.022222
0 0.659375 0.431481 0.015104 0.025000
0 0.678125 0.446296 0.016667 0.025926
0 0.691536 0.470833 0.011719 0.017593
0 0.720964 0.513657 0.014844 0.023611
0 0.791797 0.557639 0.014844 0.023611
0 0.770443 0.578472 0.014844 0.023611
0 0.783203 0.598843 0.014844 0.023611
0 0.811589 0.584954 0.014844 0.023611
0 0.845573 0.627315 0.016667 0.022222
2 0.812370 0.566435 0.015365 0.024537
0 0.829427 0.607870 0.011458 0.019444
0 0.813411 0.604167 0.012760 0.018519
0 0.693880 0.568750 0.015885 0.022685
0 0.635156 0.653935 0.011458 0.030093
0 0.752083 0.665972 0.017188 0.014352
0 0.661589 0.626157 0.011719 0.012500
0 0.660547 0.650926 0.007552 0.012037
0 0.615365 0.576620 0.018750 0.018056
0 0.640625 0.555093 0.014063 0.020370
2 0.647396 0.529630 0.018229 0.023148
0 0.879427 0.723843 0.014063 0.013426
0 0.850651 0.757407 0.016927 0.012963
0 0.493490 0.664120 0.016667 0.014352
0 0.795182 0.714352 0.016927 0.012963
0 0.585156 0.703704 0.017708 0.015741
2 0.533854 0.467824 0.011979 0.031944
0 0.695573 0.409954 0.014063 0.023611
0 0.417969 0.307176 0.013021 0.030093
0 0.355859 0.310648 0.017448 0.023148
0 0.326953 0.457176 0.012760 0.027315
0 0.351823 0.491204 0.010937 0.023148
0 0.441276 0.512963 0.017969 0.023148
2 0.467318 0.426157 0.015885 0.022685
0 0.444531 0.500000 0.012500 0.018519
2 0.471875 0.363889 0.014583 0.035185
2 0.334635 0.208565 0.019271 0.017130
0 0.291146 0.323148 0.013542 0.029630
2 0.243229 0.428472 0.013542 0.033796
2 0.206641 0.547685 0.013281 0.029630
0 0.246094 0.535880 0.015625 0.018981
0 0.242708 0.549537 0.018229 0.021296
0 0.266927 0.588889 0.011458 0.029630
0 0.301302 0.523611 0.013542 0.027778
0 0.338281 0.637269 0.007812 0.026389
0 0.404167 0.605324 0.015625 0.023611
0 0.096094 0.697454 0.012500 0.010648
0 0.117318 0.687963 0.016927 0.017593
2 0.119141 0.797685 0.017969 0.015741
0 0.170573 0.775463 0.017708 0.015741
0 0.085417 0.847454 0.016146 0.015278
0 0.539844 0.733565 0.016146 0.015278
0 0.442188 0.696991 0.017188 0.014352
0 0.527083 0.748380 0.017188 0.014352
0 0.238281 0.765278 0.019271 0.017593
0 0.238672 0.952083 0.014323 0.012500
0 0.198047 0.945370 0.009635 0.027778
0 0.201432 0.981713 0.009635 0.030093
0 0.280729 0.981944 0.016146 0.015741
0 0.318359 0.832870 0.008073 0.026852
0 0.308854 0.831019 0.006771 0.020370
0 0.469010 0.809722 0.009375 0.025926
0 0.465885 0.845602 0.007292 0.025463
0 0.461198 0.893056 0.007292 0.025926
0 0.445052 0.941435 0.008333 0.029167
2 0.451953 0.971528 0.009115 0.030093
0 0.457031 0.819907 0.008854 0.032407
0 0.450000 0.899074 0.008854 0.032407
0 0.453125 0.862269 0.007292 0.024537
0 0.440104 0.991204 0.007292 0.017593
0 0.017318 0.400926 0.008594 0.029630
0 0.011068 0.357407 0.008594 0.029630
0 0.005339 0.322222 0.008594 0.029630
0 0.120833 0.473148 0.008333 0.029630
0 0.118359 0.440741 0.009635 0.027778
0 0.180469 0.435185 0.008333 0.029630
0 0.177865 0.401852 0.008333 0.029630
2 0.222135 0.060417 0.018750 0.028241
0 0.370964 0.510417 0.012760 0.027315
0 0.413281 0.553009 0.011458 0.027315
0 0.369792 0.392361 0.015625 0.020833
0 0.436849 0.391667 0.017448 0.023148
0 0.452865 0.476620 0.016146 0.020833
0 0.498568 0.539120 0.011198 0.030093
0 0.490885 0.575926 0.010937 0.031481
0 0.498698 0.582870 0.011979 0.026852
0 0.416797 0.168981 0.013802 0.016667
2 0.910807 0.303704 0.017969 0.034259
2 0.920443 0.292593 0.017969 0.034259
2 0.895182 0.357176 0.017448 0.021759
0 0.914714 0.341898 0.015885 0.018981
0 0.932943 0.318750 0.014323 0.023611
0 0.785807 0.462500 0.017448 0.023148
2 0.738281 0.536111 0.017188 0.028704
0 0.720052 0.712037 0.017708 0.015741
0 0.025391 0.849306 0.017969 0.016204
0 0.057422 0.836806 0.017969 0.016204
3 0.229687 0.740509 0.006771 0.007870
0 0.377344 0.706944 0.016146 0.016667
0 0.431641 0.720370 0.016927 0.013889
0 0.021224 0.431250 0.009115 0.030093
0 0.026042 0.476620 0.009896 0.027315
0 0.029687 0.507639 0.009896 0.027315
0 0.037500 0.550694 0.009896 0.027315
0 0.041406 0.585417 0.009896 0.027315
0 0.047917 0.627546 0.009896 0.027315
0 0.052344 0.664583 0.009896 0.027315
0 0.058073 0.709491 0.009896 0.027315
0 0.134896 0.570833 0.010417 0.027778
0 0.130208 0.540278 0.010417 0.027778
0 0.099089 0.305556 0.009635 0.027778
0 0.091016 0.243981 0.009635 0.027778
0 0.207682 0.012269 0.017448 0.023611
0 0.197266 0.365741 0.010677 0.028704
0 0.201432 0.395833 0.010677 0.028704
0 0.191797 0.320602 0.007552 0.022685
0 0.212370 0.306481 0.015365 0.021296
0 0.219531 0.367130 0.016146 0.020370
0 0.223698 0.407176 0.012500 0.019907
0 0.222656 0.388194 0.012500 0.019907
0 0.307031 0.530556 0.013542 0.027778
0 0.316146 0.540278 0.013542 0.027778
0 0.354167 0.632176 0.007812 0.026389
0 0.377083 0.621991 0.008333 0.026389
0 0.392708 0.617824 0.008333 0.026389
0 0.337630 0.476620 0.012760 0.027315
0 0.385937 0.523843 0.011458 0.029167
0 0.420052 0.559028 0.011458 0.027315
0 0.350651 0.324074 0.017448 0.023148
0 0.343099 0.347222 0.017448 0.023148
0 0.385286 0.342593 0.017448 0.023148
0 0.377214 0.366204 0.017448 0.023148
0 0.390234 0.396296 0.017448 0.023148
0 0.402865 0.359028 0.017188 0.018981
0 0.383073 0.422454 0.017188 0.018981
0 0.375130 0.447222 0.015885 0.021296
0 0.457682 0.346065 0.011198 0.029167
0 0.431641 0.405787 0.014323 0.019907
0 0.412630 0.467824 0.015885 0.021759
0 0.460547 0.451157 0.018490 0.019907
0 0.465755 0.439120 0.018490 0.019907
0 0.511589 0.540046 0.011198 0.030093
0 0.498307 0.510417 0.011198 0.030093
0 0.513672 0.498843 0.011198 0.030093
0 0.521745 0.504398 0.011198 0.030093
0 0.536849 0.509028 0.011198 0.030093
0 0.525781 0.459259 0.012500 0.029630
0 0.526042 0.112731 0.016146 0.018981
0 0.544271 0.131713 0.015104 0.018056
2 0.966667 0.086806 0.020833 0.034722
0 0.995182 0.034722 0.009115 0.023148
2 0.827734 0.587731 0.015365 0.024537
0 0.830729 0.634028 0.014063 0.023611
2 0.899089 0.645370 0.018490 0.024074
0 0.921224 0.643287 0.016406 0.019907
2 0.955599 0.685417 0.019531 0.022685
0 0.507031 0.692130 0.017708 0.015741
0 0.113021 0.782407 0.017188 0.017593
0 0.298438 0.764815 0.016146 0.016667
0 0.280469 0.844907 0.009896 0.025926
0 0.284635 0.876157 0.009896 0.028241
0 0.394792 0.007407 0.017708 0.013889
2 0.955469 0.124074 0.016667 0.022222
