0 0.085938 0.495370 0.013021 0.017593
0 0.058203 0.307639 0.016927 0.017130
0 0.106120 0.323611 0.017448 0.022222
0 0.064974 0.372685 0.018490 0.017593
0 0.095052 0.330093 0.013021 0.019444
0 0.224870 0.197222 0.017448 0.021296
0 0.213802 0.215741 0.018229 0.022222
0 0.242578 0.210185 0.013802 0.012963
0 0.384375 0.202315 0.016667 0.018519
0 0.342578 0.084954 0.008594 0.029167
2 0.338281 0.064120 0.009375 0.034722
0 0.372005 0.115972 0.013802 0.016204
0 0.371094 0.131250 0.016146 0.018981
0 0.450911 0.168287 0.016927 0.021759
2 0.429297 0.153472 0.019010 0.025463
0 0.503776 0.229861 0.013281 0.031944
0 0.631641 0.252083 0.011198 0.026389
0 0.521354 0.439583 0.017188 0.022685
0 0.540104 0.449769 0.018229 0.024537
0 0.554297 0.472685 0.011719 0.017593
0 0.587370 0.509954 0.016406 0.022685
0 0.681120 0.561806 0.014844 0.023611
0 0.640365 0.563426 0.016667 0.019444
0 0.655339 0.582639 0.013281 0.019907
0 0.682943 0.580787 0.013802 0.018056
0 0.717187 0.600231 0.014063 0.019907
2 0.681120 0.545139 0.015365 0.022685
0 0.562500 0.568750 0.015104 0.019907
0 0.507292 0.671528 0.012500 0.031019
0 0.515104 0.705324 0.017188 0.014352
0 0.533073 0.631481 0.007812 0.011111
0 0.486068 0.590046 0.017448 0.012500
0 0.511589 0.565278 0.016927 0.016667
2 0.514453 0.536806 0.020573 0.022685
0 0.561328 0.723843 0.014844 0.013426
0 0.435156 0.704167 0.017708 0.015741
2 0.398307 0.497222 0.011719 0.032407
0 0.555729 0.410185 0.015104 0.022222
0 0.270052 0.357639 0.013021 0.030093
0 0.208073 0.373148 0.018750 0.019444
2 0.327474 0.467824 0.015885 0.022685
2 0.328646 0.405093 0.014583 0.035185
2 0.184896 0.272917 0.019271 0.017130
0 0.147917 0.393981 0.013542 0.029630
2 0.105469 0.509954 0.013542 0.033796
2 0.078776 0.625926 0.013802 0.031481
0 0.116016 0.618750 0.016927 0.018981
0 0.113281 0.632870 0.018750 0.015741
0 0.138802 0.666204 0.011458 0.029630
0 0.214974 0.700694 0.010156 0.027315
0 0.278385 0.654630 0.016146 0.019444
0 0.603646 0.759491 0.016146 0.015278
0 0.211849 0.758796 0.015885 0.016667
0 0.573958 0.777546 0.017188 0.014352
0 0.195052 0.900463 0.006771 0.020370
0 0.356380 0.850231 0.009115 0.027315
0 0.353906 0.884028 0.007292 0.025463
0 0.352344 0.933796 0.007292 0.025926
0 0.338281 0.985417 0.008333 0.029167
0 0.344010 0.862500 0.008854 0.032407
0 0.340885 0.939815 0.008854 0.032407
0 0.342969 0.903935 0.007292 0.024537
0 0.063151 0.485880 0.012760 0.029167
0 0.275260 0.519676 0.015104 0.019907
0 0.215495 0.553472 0.009115 0.023611
0 0.228906 0.453935 0.015625 0.020833
0 0.294141 0.440278 0.017448 0.023148
0 0.368359 0.574074 0.009635 0.029630
0 0.362370 0.613657 0.009635 0.030093
0 0.307943 0.229167 0.018490 0.018519
2 0.762109 0.264352 0.017969 0.034259
2 0.769922 0.254167 0.017969 0.034259
2 0.750130 0.323380 0.017448 0.021759
0 0.768880 0.303935 0.015885 0.018981
0 0.785026 0.278472 0.014323 0.023611
0 0.647917 0.445833 0.016146 0.025926
2 0.604297 0.527083 0.017448 0.023611
0 0.172656 0.821296 0.016146 0.016667
0 0.195573 0.786806 0.016146 0.016204
0 0.023828 0.075000 0.015885 0.027778
0 0.085417 0.475926 0.014063 0.018519
0 0.188802 0.524074 0.013542 0.027778
0 0.201172 0.541898 0.012240 0.031019
0 0.314193 0.390972 0.011198 0.029167
0 0.291146 0.455787 0.016146 0.018981
0 0.324870 0.483565 0.016406 0.018981
0 0.432943 0.382407 0.007552 0.029630
0 0.366927 0.143981 0.016667 0.015741
0 0.386719 0.160648 0.016146 0.016667
0 0.863281 0.126389 0.010937 0.019444
2 0.697266 0.562269 0.017969 0.022685
2 0.770182 0.612037 0.018490 0.024074
0 0.915234 0.574306 0.016406 0.019907
0 0.501302 0.759722 0.017708 0.015741
0 0.111719 0.852778 0.016146 0.016667
0 0.168229 0.918287 0.010937 0.028241
0 0.174219 0.948380 0.009896 0.028241
2 0.754948 0.118519 0.020313 0.031481
0 0.025781 0.051852 0.016146 0.024074
2 0.062891 0.146296 0.018490 0.024074
0 0.087891 0.170139 0.020573 0.020833
0 0.005599 0.671759 0.009635 0.027778
0 0.210677 0.050000 0.017708 0.018519
0 0.232031 0.061574 0.017708 0.018519
0 0.241927 0.036111 0.009375 0.027778
2 0.793359 0.080556 0.016406 0.028704
0 0.792188 0.057176 0.015104 0.027315
0 0.889323 0.176389 0.016667 0.028704
2 0.862240 0.493287 0.017188 0.031944
0 0.169792 0.593056 0.011458 0.027778
0 0.015365 0.911574 0.018750 0.018519
0 0.353646 0.761343 0.016667 0.013426
0 0.371224 0.618750 0.011198 0.030093
2 0.881510 0.587731 0.022396 0.028241
0 0.045182 0.101852 0.019010 0.025000
0 0.042578 0.067824 0.016406 0.020833
0 0.252865 0.026389 0.009375 0.027778
0 0.498437 0.052315 0.011458 0.025926
2 0.491667 0.047454 0.009896 0.023611
0 0.262891 0.219907 0.013802 0.012963
0 0.011589 0.701389 0.009635 0.027778
0 0.057422 0.457176 0.012760 0.029167
0 0.042057 0.382639 0.012760 0.029167
0 0.047786 0.413194 0.009115 0.024537
0 0.068359 0.394444 0.018490 0.017593
0 0.074870 0.434491 0.016406 0.017130
0 0.080339 0.453241 0.018490 0.019444
0 0.203646 0.387963 0.018750 0.019444
0 0.197656 0.413889 0.018750 0.019444
0 0.241406 0.400000 0.018750 0.019444
0 0.258594 0.413426 0.018750 0.019444
0 0.249219 0.452778 0.018750 0.019444
0 0.235937 0.426852 0.018750 0.019444
0 0.242708 0.478704 0.018229 0.021296
0 0.237500 0.506481 0.018229 0.021296
0 0.177604 0.600926 0.011458 0.027778
0 0.185417 0.608796 0.011458 0.027778
0 0.230599 0.693750 0.010156 0.027315
0 0.251953 0.680787 0.010156 0.027315
0 0.266536 0.672917 0.010156 0.027315
0 0.237109 0.569213 0.012240 0.031019
0 0.251172 0.580324 0.012240 0.031019
0 0.281380 0.603935 0.012240 0.031019
0 0.288672 0.609028 0.012240 0.031019
0 0.322005 0.492824 0.016406 0.018981
0 0.315495 0.519213 0.016406 0.018981
0 0.305599 0.556713 0.016406 0.018981
0 0.309896 0.545833 0.013542 0.012037
0 0.381120 0.572685 0.009635 0.029630
0 0.388932 0.537269 0.011198 0.031944
0 0.389974 0.489120 0.011198 0.031944
0 0.380339 0.531250 0.009115 0.029167
0 0.660026 0.540509 0.016406 0.022685
0 0.701693 0.606713 0.016406 0.022685
0 0.699870 0.583102 0.013802 0.018056
0 0.792448 0.600000 0.015625 0.024074
0 0.935286 0.265046 0.012240 0.028241
0 0.946484 0.288194 0.014323 0.022685
0 0.994792 0.327778 0.009896 0.022222
2 0.988802 0.401157 0.015625 0.030093
0 0.166927 0.843519 0.017188 0.015741
0 0.288932 0.739120 0.013802 0.014352
0 0.325260 0.687037 0.014063 0.025000
0 0.626172 0.653704 0.017969 0.014815
2 0.642188 0.718981 0.018750 0.014815
0 0.948438 0.849769 0.011979 0.030093
0 0.957943 0.850231 0.010156 0.031019
0 0.967057 0.851620 0.008073 0.022685
0 0.975521 0.865278 0.010937 0.024074
0 0.984766 0.870370 0.010677 0.025926
