0 0.012240 0.532407 0.013021 0.017593
0 0.028516 0.359722 0.017448 0.022222
0 0.017839 0.367593 0.015885 0.019444
0 0.134635 0.246528 0.019271 0.018981
0 0.163672 0.238889 0.013802 0.012963
0 0.261589 0.107639 0.008594 0.029167
2 0.256250 0.089120 0.009375 0.034722
0 0.289974 0.138194 0.013802 0.016204
0 0.289714 0.153472 0.015885 0.016204
0 0.370312 0.184259 0.015625 0.019444
2 0.349870 0.172454 0.019010 0.025463
0 0.401953 0.301157 0.016406 0.023611
0 0.551953 0.258565 0.011198 0.026389
0 0.448177 0.451620 0.017188 0.022685
0 0.466406 0.462269 0.018229 0.024537
0 0.480599 0.483796 0.011719 0.017593
0 0.515234 0.517824 0.016406 0.022685
0 0.568359 0.570370 0.016927 0.023148
0 0.609375 0.565972 0.015625 0.019907
2 0.608984 0.549074 0.016927 0.021296
0 0.438021 0.686806 0.012500 0.031019
0 0.405208 0.738426 0.011979 0.012963
0 0.438542 0.579861 0.015625 0.014352
0 0.490625 0.578704 0.017188 0.019444
2 0.441536 0.552315 0.019531 0.021296
0 0.376823 0.721759 0.017708 0.015741
2 0.326432 0.517130 0.011719 0.032407
0 0.480729 0.421759 0.016667 0.021296
0 0.194010 0.386806 0.013021 0.030093
2 0.252604 0.490046 0.016146 0.018981
2 0.252083 0.429630 0.014583 0.035185
2 0.107813 0.305787 0.019271 0.017130
0 0.071875 0.429630 0.013542 0.029630
2 0.032813 0.548843 0.013542 0.033796
2 0.008464 0.663426 0.013802 0.031481
0 0.044401 0.654861 0.016927 0.018981
0 0.042188 0.668981 0.018750 0.015741
0 0.069792 0.700463 0.013021 0.028704
0 0.146224 0.731250 0.010156 0.027315
0 0.630729 0.743750 0.016146 0.015278
0 0.200391 0.754167 0.015885 0.016667
0 0.591927 0.771991 0.017188 0.014352
0 0.289714 0.871528 0.007031 0.029167
0 0.290104 0.909491 0.007292 0.025463
0 0.288021 0.956019 0.007292 0.025926
0 0.278906 0.884259 0.008854 0.032407
0 0.277604 0.962037 0.008854 0.032407
0 0.277604 0.926620 0.007292 0.024537
0 0.153125 0.483102 0.015625 0.020833
0 0.297786 0.597685 0.009635 0.029630
0 0.293099 0.635417 0.009635 0.030093
0 0.229297 0.254630 0.018490 0.018519
2 0.682422 0.263426 0.017969 0.034259
2 0.672786 0.322685 0.015885 0.026852
0 0.691276 0.302083 0.013802 0.022685
0 0.705859 0.277083 0.014323 0.023611
0 0.573438 0.450926 0.016146 0.025926
2 0.531120 0.535880 0.017448 0.023611
0 0.191667 0.819907 0.016146 0.016667
0 0.137240 0.810880 0.016146 0.016204
0 0.010156 0.514352 0.014063 0.018519
0 0.237109 0.416898 0.011198 0.029167
0 0.249609 0.509491 0.015365 0.016204
0 0.337240 0.341667 0.014583 0.025926
0 0.286328 0.168981 0.016406 0.014815
0 0.305859 0.182870 0.015365 0.013889
0 0.779297 0.115741 0.013802 0.020370
2 0.699089 0.606944 0.015885 0.025926
0 0.921094 0.438657 0.016667 0.028241
0 0.528906 0.768056 0.017708 0.015741
0 0.052083 0.887500 0.016146 0.016667
0 0.103646 0.951157 0.010937 0.028241
2 0.644922 0.155324 0.020573 0.025463
0 0.010417 0.210417 0.020313 0.020833
0 0.129167 0.081250 0.018750 0.016204
0 0.149219 0.093056 0.017708 0.018519
0 0.158854 0.066204 0.008333 0.030556
2 0.712370 0.079167 0.016406 0.028704
0 0.724740 0.030787 0.015104 0.027315
0 0.808854 0.168056 0.016667 0.028704
2 0.865495 0.475231 0.022135 0.032870
0 0.368229 0.778935 0.016667 0.013426
0 0.300391 0.639815 0.010156 0.026852
2 0.736979 0.652546 0.022396 0.028241
0 0.169271 0.055093 0.009375 0.027778
0 0.415365 0.069676 0.011458 0.026389
2 0.405729 0.066204 0.010937 0.028704
0 0.185286 0.247685 0.013802 0.012963
0 0.122135 0.446759 0.018750 0.019444
0 0.182552 0.442593 0.018750 0.019444
0 0.159375 0.456481 0.018750 0.019444
0 0.215885 0.482407 0.018229 0.021296
0 0.201953 0.546296 0.017448 0.017593
0 0.115625 0.556944 0.011458 0.027778
0 0.208073 0.683796 0.016667 0.023148
0 0.246484 0.519213 0.016406 0.018981
0 0.241016 0.545602 0.016406 0.018981
0 0.231641 0.583565 0.016406 0.018981
0 0.236458 0.571296 0.013542 0.012037
0 0.310026 0.595370 0.009635 0.029630
0 0.317578 0.557639 0.011198 0.031944
0 0.316536 0.510417 0.011198 0.031944
0 0.308724 0.553009 0.009115 0.029167
0 0.587630 0.544676 0.016406 0.022685
0 0.721875 0.597685 0.015625 0.024074
0 0.855599 0.253241 0.014844 0.025000
0 0.920182 0.311574 0.017969 0.027778
0 0.951042 0.351157 0.016667 0.029167
2 0.981901 0.260417 0.019531 0.031019
0 0.289844 0.730556 0.017188 0.013889
0 0.611849 0.585648 0.013281 0.017593
0 0.880990 0.838657 0.011979 0.030093
0 0.890234 0.839583 0.010156 0.031019
0 0.899349 0.839583 0.008073 0.022685
0 0.907813 0.850463 0.010937 0.024074
0 0.916797 0.856944 0.010677 0.025926
0 0.399479 0.060417 0.010417 0.022685
2 0.385156 0.040972 0.008333 0.015278
0 0.377083 0.034722 0.008333 0.015741
0 0.360938 0.023611 0.008333 0.015741
0 0.353906 0.015278 0.008333 0.015741
0 0.686458 0.096991 0.015104 0.027315
0 0.795833 0.050000 0.014583 0.027778
2 0.692057 0.251852 0.017969 0.034259
0 0.866536 0.274537 0.014844 0.025000
0 0.583203 0.589120 0.015885 0.019907
2 0.625651 0.565741 0.017969 0.022222
0 0.646094 0.600694 0.015625 0.019907
0 0.630990 0.608565 0.015625 0.019907
0 0.628255 0.585648 0.013281 0.017593
0 0.144531 0.227546 0.019271 0.018981
0 0.007031 0.492824 0.013542 0.018056
0 0.004687 0.474306 0.008854 0.014352
0 0.029687 0.880556 0.016146 0.016667
0 0.041016 0.914815 0.019010 0.017593
0 0.063281 0.842593 0.016146 0.016667
0 0.099089 0.627778 0.012240 0.027778
0 0.105859 0.632407 0.012240 0.027778
0 0.115495 0.639815 0.012240 0.027778
0 0.161849 0.722917 0.010156 0.027315
0 0.183984 0.708565 0.010156 0.027315
0 0.198047 0.698843 0.010156 0.027315
0 0.127604 0.572685 0.011458 0.030556
0 0.165104 0.599537 0.011458 0.030556
0 0.179948 0.607870 0.011458 0.030556
0 0.209115 0.630556 0.011458 0.030556
0 0.218750 0.637500 0.011458 0.030556
0 0.142057 0.584491 0.011198 0.022685
0 0.128125 0.417593 0.018750 0.019444
0 0.131250 0.403704 0.018750 0.019444
0 0.164323 0.429167 0.018750 0.019444
0 0.174740 0.482407 0.018750 0.019444
0 0.169531 0.509259 0.018750 0.019444
0 0.163021 0.535185 0.018750 0.019444
2 0.477604 0.734259 0.017708 0.012037
0 0.556641 0.660880 0.014844 0.014352
0 0.414583 0.603935 0.016667 0.013426
2 0.788021 0.484259 0.017708 0.026852
0 0.660807 0.552546 0.014323 0.021759
0 0.218620 0.465741 0.017448 0.020370
