2 0.015104 0.360185 0.019792 0.024074
0 0.035677 0.312037 0.010937 0.021296
0 0.057031 0.254861 0.013542 0.030093
2 0.083464 0.232639 0.011719 0.022685
0 0.066406 0.118056 0.007292 0.024074
2 0.081641 0.137269 0.014323 0.038426
0 0.169922 0.180093 0.014323 0.023148
0 0.322396 0.312269 0.008333 0.027315
0 0.314193 0.310185 0.010677 0.025926
0 0.079557 0.511574 0.017448 0.013889
0 0.135156 0.727315 0.014583 0.023148
0 0.238802 0.632176 0.012500 0.012500
0 0.493880 0.745370 0.016406 0.012037
0 0.196484 0.859491 0.016927 0.013426
0 0.292187 0.845370 0.007812 0.030556
0 0.538021 0.707176 0.008854 0.031944
2 0.478906 0.615046 0.008854 0.033796
0 0.138932 0.701157 0.013281 0.026389
0 0.179948 0.212731 0.016667 0.023611
0 0.187891 0.203935 0.012240 0.021759
0 0.044661 0.337731 0.009635 0.020833
0 0.075391 0.256250 0.010677 0.022685
0 0.126042 0.128472 0.015104 0.026389
0 0.042578 0.289815 0.009115 0.022222
0 0.063021 0.224537 0.010417 0.027778
0 0.065234 0.189583 0.008594 0.033796
0 0.069401 0.149537 0.006510 0.025000
0 0.565365 0.610880 0.014063 0.031019
0 0.282422 0.846991 0.009635 0.028241
0 0.234896 0.856019 0.017188 0.011111
0 0.237109 0.840046 0.013802 0.012500
0 0.360286 0.410185 0.007031 0.027778
0 0.386068 0.725463 0.016927 0.013889
0 0.404297 0.720370 0.012760 0.011111
0 0.438021 0.726852 0.016146 0.012963
0 0.457552 0.733565 0.015104 0.012500
0 0.474219 0.700694 0.011458 0.025463
2 0.380339 0.346991 0.019531 0.014352
0 0.449609 0.009722 0.012760 0.018519
0 0.647396 0.415741 0.011458 0.020370
0 0.617839 0.379398 0.013281 0.025463
0 0.242188 0.741435 0.018750 0.012500
0 0.266406 0.569444 0.011458 0.012037
0 0.367057 0.502778 0.006510 0.030556
0 0.465495 0.463657 0.007031 0.029167
0 0.510026 0.449306 0.017448 0.024537
0 0.458203 0.430556 0.015365 0.016667
0 0.172917 0.353009 0.018229 0.014352
0 0.222526 0.038657 0.007031 0.025463
2 0.070703 0.008565 0.011719 0.016204
0 0.390625 0.066667 0.015104 0.028704
0 0.345964 0.037269 0.012760 0.013426
0 0.357552 0.067130 0.015104 0.012037
0 0.584505 0.063426 0.011198 0.027778
0 0.532943 0.747685 0.017969 0.014815
0 0.172396 0.978935 0.017708 0.016204
0 0.201693 0.953935 0.017448 0.013426
0 0.624609 0.295139 0.018490 0.017130
0 0.792318 0.783565 0.015365 0.021759
0 0.830859 0.815741 0.011719 0.029630
0 0.031901 0.966667 0.012240 0.012963
0 0.041276 0.919444 0.018490 0.013889
0 0.239844 0.617824 0.012500 0.012500
0 0.239583 0.589120 0.012500 0.012500
0 0.237370 0.571528 0.016927 0.013426
0 0.271615 0.600463 0.016146 0.011111
0 0.215625 0.348843 0.018229 0.014352
0 0.271094 0.349306 0.018229 0.014352
0 0.205729 0.009954 0.008333 0.018981
0 0.247266 0.088194 0.007031 0.025463
2 0.417318 0.792130 0.009635 0.045370
2 0.417448 0.831713 0.006771 0.029167
0 0.458203 0.633796 0.007031 0.029630
0 0.661328 0.479167 0.013802 0.029630
0 0.624609 0.372222 0.013802 0.027778
0 0.795052 0.040509 0.013021 0.031019
0 0.830729 0.091204 0.015625 0.018519
0 0.737891 0.410880 0.015885 0.029167
0 0.050130 0.009491 0.010677 0.018056
0 0.351953 0.052546 0.012760 0.013426
0 0.411589 0.093981 0.015885 0.027778
0 0.364453 0.153704 0.015885 0.027778
0 0.350781 0.177315 0.013542 0.022222
0 0.474609 0.402546 0.017448 0.018981
0 0.564844 0.004630 0.008333 0.008333
0 0.630599 0.212269 0.010156 0.025463
0 0.805729 0.077315 0.013542 0.027778
0 0.848177 0.076389 0.015625 0.018519
2 0.866797 0.056019 0.017969 0.023148
0 0.837630 0.845139 0.010677 0.025463
2 0.841667 0.868287 0.017188 0.034722
0 0.850911 0.898380 0.010677 0.030093
2 0.842318 0.973843 0.015365 0.032870
0 0.850521 0.970370 0.013021 0.033333
0 0.858854 0.970139 0.014063 0.030093
0 0.898438 0.626620 0.008333 0.024537
0 0.879557 0.617824 0.012760 0.029167
0 0.872526 0.580787 0.014844 0.024537
0 0.806510 0.296528 0.013542 0.025463
2 0.808464 0.313194 0.014844 0.028241
0 0.230599 0.053009 0.007031 0.025463
0 0.237630 0.069676 0.007031 0.025463
0 0.255729 0.105787 0.008333 0.029167
0 0.264323 0.125694 0.008333 0.029167
0 0.272266 0.144444 0.007552 0.031481
0 0.281901 0.166204 0.007552 0.031481
0 0.223177 0.813426 0.007812 0.028704
0 0.214453 0.818750 0.006510 0.016204
0 0.466536 0.574537 0.007031 0.029630
0 0.471745 0.635648 0.007031 0.029630
0 0.472526 0.670370 0.007031 0.029630
0 0.466667 0.605324 0.007292 0.022685
2 0.456901 0.208102 0.012240 0.031944
0 0.492057 0.450463 0.016927 0.025000
0 0.545443 0.704861 0.008073 0.020833
0 0.666536 0.503241 0.013802 0.029630
0 0.674089 0.533333 0.013802 0.029630
0 0.680078 0.564352 0.013802 0.029630
0 0.685547 0.579630 0.013802 0.029630
0 0.694922 0.621759 0.012240 0.028704
0 0.697005 0.640278 0.012240 0.028704
0 0.701693 0.653241 0.012240 0.028704
0 0.691146 0.607407 0.010937 0.026852
0 0.703776 0.669444 0.012240 0.028704
0 0.707943 0.684722 0.012240 0.028704
0 0.717318 0.722222 0.012240 0.028704
0 0.729427 0.766435 0.010417 0.029167
0 0.740104 0.804861 0.010417 0.029167
0 0.754948 0.866435 0.010417 0.029167
0 0.736458 0.879861 0.010417 0.029167
0 0.745052 0.915046 0.010417 0.029167
0 0.705469 0.774306 0.015104 0.022685
2 0.713021 0.709259 0.016146 0.032407
0 0.758984 0.504398 0.015885 0.029167
0 0.774609 0.571065 0.015885 0.029167
0 0.780599 0.600926 0.014844 0.025000
0 0.805729 0.705093 0.014583 0.027778
0 0.809375 0.724074 0.014583 0.027778
0 0.812500 0.738426 0.014583 0.027778
0 0.819661 0.768750 0.012760 0.029167
0 0.823307 0.787500 0.010156 0.024074
0 0.864844 0.551157 0.013021 0.024537
0 0.854427 0.506250 0.013021 0.024537
0 0.850781 0.489120 0.013021 0.024537
0 0.847917 0.472454 0.013021 0.024537
0 0.839583 0.439120 0.013021 0.024537
0 0.837240 0.425231 0.013021 0.024537
0 0.829427 0.392824 0.013021 0.024537
0 0.818620 0.348380 0.013281 0.027315
0 0.802995 0.282176 0.011719 0.020833
0 0.983724 0.359722 0.012240 0.035185
0 0.954036 0.524537 0.011719 0.029630
2 0.472135 0.156713 0.010937 0.033796
