0 0.010156 0.100926 0.014063 0.023148
0 0.209115 0.287500 0.007812 0.016667
0 0.200651 0.286574 0.008594 0.017593
0 0.023047 0.701389 0.012760 0.017593
0 0.128125 0.606250 0.013021 0.012500
0 0.383203 0.719444 0.016406 0.012037
0 0.083984 0.836343 0.016927 0.013426
0 0.169661 0.821759 0.008594 0.029630
0 0.425521 0.683102 0.008333 0.029167
0 0.026172 0.678935 0.013281 0.026389
0 0.121094 0.831019 0.017188 0.011111
0 0.122786 0.813657 0.013802 0.012500
0 0.246745 0.384722 0.007031 0.027778
0 0.271354 0.699769 0.017708 0.012500
0 0.292057 0.696759 0.012760 0.011111
0 0.326823 0.701389 0.016146 0.012963
0 0.345573 0.707639 0.015104 0.012500
0 0.363281 0.675231 0.011458 0.025463
2 0.267057 0.321991 0.019531 0.014352
0 0.534896 0.388426 0.011458 0.020370
0 0.504557 0.351852 0.012240 0.028704
0 0.126172 0.715509 0.009635 0.013426
0 0.254036 0.474074 0.006510 0.030556
0 0.379427 0.423843 0.016667 0.024537
0 0.406250 0.436343 0.015625 0.028241
0 0.334375 0.367593 0.019271 0.020370
0 0.273438 0.040741 0.015104 0.028704
0 0.227344 0.010417 0.013021 0.014352
0 0.240365 0.039815 0.016667 0.012963
0 0.470443 0.037037 0.011198 0.027778
0 0.422266 0.722917 0.015885 0.012500
0 0.194141 0.922917 0.017448 0.013426
0 0.718359 0.789815 0.012240 0.026852
0 0.042578 0.953009 0.016406 0.012500
0 0.039714 0.934259 0.014844 0.013889
0 0.128646 0.592824 0.012500 0.012500
0 0.127344 0.562731 0.012500 0.012500
0 0.126953 0.546528 0.011719 0.013426
0 0.158854 0.576157 0.014063 0.011574
0 0.130208 0.059722 0.007812 0.025000
2 0.304297 0.766667 0.009635 0.045370
2 0.304688 0.807639 0.006771 0.029167
0 0.347266 0.609259 0.007031 0.029630
0 0.452344 0.308102 0.019271 0.020833
0 0.675521 0.015741 0.013021 0.030556
0 0.710156 0.061111 0.015625 0.018519
0 0.624089 0.385648 0.014323 0.027778
0 0.233724 0.024306 0.012760 0.013426
0 0.246484 0.126852 0.015885 0.027778
0 0.233073 0.149537 0.013542 0.022222
0 0.270443 0.348148 0.016927 0.017593
0 0.516797 0.184028 0.010156 0.025463
0 0.685677 0.048148 0.013542 0.027778
0 0.728255 0.047917 0.016406 0.022685
2 0.744661 0.027778 0.017969 0.023148
2 0.730729 0.840509 0.017188 0.034722
0 0.738672 0.873843 0.010677 0.030093
2 0.728776 0.946991 0.013802 0.037500
0 0.738672 0.945602 0.012240 0.032870
0 0.749089 0.943981 0.013802 0.025000
0 0.784635 0.600926 0.008854 0.019444
0 0.764062 0.592593 0.013542 0.026852
0 0.167318 0.139352 0.007552 0.031481
0 0.110417 0.787037 0.008854 0.025926
0 0.101693 0.790046 0.007031 0.021759
0 0.354557 0.549537 0.007031 0.029630
0 0.359766 0.611111 0.007031 0.029630
0 0.359766 0.644444 0.007031 0.029630
0 0.355469 0.578935 0.007292 0.022685
2 0.341016 0.182176 0.012240 0.031944
0 0.346745 0.405324 0.014844 0.018056
0 0.434766 0.683102 0.008073 0.020833
0 0.617708 0.739815 0.012500 0.027778
0 0.628906 0.783102 0.010417 0.029167
0 0.642188 0.839583 0.010417 0.029167
0 0.625781 0.855556 0.011979 0.030556
0 0.634635 0.887269 0.010417 0.029167
0 0.594141 0.747454 0.015885 0.019907
0 0.644401 0.480787 0.015885 0.029167
0 0.662240 0.543287 0.013542 0.024537
0 0.707031 0.742593 0.014583 0.027778
0 0.711849 0.760185 0.010156 0.024074
0 0.869271 0.332176 0.011458 0.031019
0 0.839193 0.496528 0.010156 0.029167
0 0.025911 0.132870 0.015885 0.023148
0 0.055078 0.152778 0.014323 0.023148
0 0.074349 0.176852 0.014323 0.023148
0 0.004036 0.331019 0.007552 0.013889
0 0.060937 0.322917 0.018229 0.014352
0 0.105990 0.012731 0.007812 0.024537
0 0.263672 0.941898 0.017448 0.013426
2 0.645443 0.982407 0.015365 0.033333
0 0.521094 0.459259 0.011458 0.032407
0 0.513151 0.426389 0.009115 0.023148
0 0.512370 0.349537 0.012240 0.028704
2 0.599740 0.684954 0.014063 0.029167
0 0.731120 0.909954 0.017969 0.016204
0 0.815495 0.858102 0.008073 0.023611
0 0.788542 0.727546 0.012500 0.025463
0 0.759245 0.551620 0.014323 0.021759
0 0.752083 0.525926 0.011979 0.026852
0 0.739974 0.477083 0.013281 0.020833
0 0.704557 0.320139 0.013281 0.026389
0 0.693620 0.270602 0.013281 0.026389
0 0.690495 0.254167 0.010677 0.020370
2 0.694792 0.286806 0.015104 0.031944
0 0.927734 0.640741 0.013802 0.026852
0 0.908073 0.202546 0.015104 0.014352
0 0.895312 0.147685 0.009896 0.026852
0 0.888021 0.177083 0.014063 0.028241
0 0.948568 0.024306 0.012240 0.032870
0 0.911719 0.091435 0.015625 0.031944
0 0.113021 0.025926 0.007812 0.025000
0 0.121875 0.043056 0.006771 0.029630
0 0.138021 0.077778 0.006771 0.029630
0 0.148568 0.100463 0.007552 0.027778
0 0.157552 0.117361 0.009375 0.031944
0 0.353385 0.436806 0.006250 0.029167
0 0.531510 0.503704 0.011458 0.032407
0 0.539323 0.537963 0.011458 0.032407
0 0.551042 0.586111 0.011458 0.032407
0 0.558594 0.616667 0.009375 0.024074
0 0.567708 0.657639 0.010937 0.031944
0 0.574479 0.685417 0.010937 0.031944
0 0.596224 0.658565 0.012760 0.028241
0 0.592578 0.645139 0.012760 0.028241
0 0.589193 0.628472 0.012760 0.028241
0 0.585547 0.612269 0.012760 0.028241
0 0.582682 0.596991 0.012760 0.028241
0 0.578255 0.580787 0.012760 0.028241
0 0.572266 0.554398 0.012760 0.028241
0 0.567057 0.538657 0.012760 0.028241
0 0.562109 0.504861 0.012760 0.028241
0 0.553516 0.477083 0.012760 0.028241
0 0.547786 0.452083 0.012760 0.028241
0 0.666406 0.572917 0.013542 0.024537
0 0.692969 0.680324 0.013542 0.024537
0 0.696615 0.693750 0.013542 0.024537
0 0.701823 0.712500 0.013021 0.030556
0 0.725911 0.819444 0.012240 0.026852
0 0.738281 0.459028 0.013542 0.021759
0 0.733984 0.446296 0.015885 0.026852
0 0.726302 0.412963 0.011979 0.026852
0 0.722396 0.399537 0.011979 0.026852
0 0.714323 0.363889 0.011979 0.026852
0 0.792839 0.113426 0.015885 0.027778
2 0.356901 0.131713 0.014844 0.034722
