2 0.532813 0.567593 0.041146 0.017593
2 0.425651 0.501157 0.027865 0.015278
2 0.381510 0.559722 0.008333 0.033333
2 0.369010 0.604398 0.035417 0.015278
2 0.487240 0.681019 0.028125 0.021296
2 0.523698 0.686343 0.031250 0.020833
2 0.569531 0.691435 0.038021 0.019907
2 0.474219 0.527546 0.009375 0.044907
2 0.440625 0.596991 0.031250 0.021759
2 0.728125 0.660880 0.059375 0.017130
0 0.450521 0.525000 0.011979 0.012037
0 0.486198 0.558333 0.005729 0.019444
2 0.335547 0.540046 0.016406 0.012500
0 0.611849 0.526852 0.006510 0.024074
2 0.621224 0.699306 0.037240 0.018056
2 0.529427 0.586806 0.034896 0.016204
2 0.533854 0.607639 0.036458 0.019907
2 0.532031 0.626389 0.032813 0.019444
2 0.535547 0.646528 0.030990 0.020833
2 0.583203 0.652083 0.055469 0.023611
2 0.582422 0.631944 0.051823 0.022222
2 0.582812 0.611343 0.052604 0.018056
2 0.593099 0.593519 0.029948 0.016667
2 0.712240 0.704167 0.055208 0.019444
2 0.827995 0.704398 0.034635 0.020833
2 0.875391 0.700231 0.036198 0.021759
2 0.449479 0.564120 0.021354 0.013426
0 0.720182 0.539120 0.010677 0.025463
2 0.661589 0.702315 0.028385 0.016667
2 0.637370 0.541204 0.009115 0.060185
2 0.649740 0.551620 0.010937 0.076389
2 0.663151 0.550231 0.010677 0.071759
0 0.334635 0.524074 0.016146 0.010185
2 0.363672 0.462731 0.011198 0.037500
2 0.377865 0.464352 0.010417 0.039815
0 0.388021 0.461574 0.006250 0.024074
2 0.526953 0.518981 0.010677 0.047222
2 0.539193 0.512500 0.011198 0.049074
2 0.550000 0.510185 0.008333 0.047222
2 0.560286 0.500231 0.009635 0.044907
2 0.568620 0.487500 0.009635 0.048148
2 0.675521 0.542824 0.010417 0.056944
2 0.697526 0.545602 0.013281 0.066204
2 0.710156 0.542593 0.012500 0.064815
2 0.733724 0.526852 0.013281 0.064815
2 0.769792 0.507870 0.026042 0.052778
2 0.764583 0.619907 0.046354 0.019444
2 0.767318 0.597917 0.045573 0.025463
2 0.963802 0.684954 0.042188 0.020833
0 0.910937 0.223843 0.016146 0.017130
2 0.447656 0.580787 0.023438 0.012500
