0 0.192448 0.512037 0.017708 0.015741
2 0.193620 0.528009 0.018490 0.014352
0 0.309766 0.517130 0.011719 0.015741
0 0.344141 0.551389 0.008594 0.025000
0 0.469922 0.525000 0.008594 0.030556
0 0.577344 0.539583 0.012500 0.031944
0 0.763281 0.230556 0.018750 0.022222
2 0.915625 0.675694 0.051562 0.024537
2 0.864583 0.684954 0.040104 0.025463
2 0.730599 0.705556 0.034635 0.022222
2 0.682943 0.709491 0.033073 0.023611
2 0.566927 0.704167 0.053646 0.024074
2 0.584766 0.663194 0.061719 0.023611
2 0.517578 0.701389 0.028906 0.019444
2 0.476953 0.696528 0.039844 0.026389
2 0.426172 0.687500 0.039844 0.025000
2 0.438281 0.647685 0.052604 0.023148
2 0.438672 0.627778 0.055469 0.022222
2 0.438672 0.607639 0.053906 0.023611
2 0.450000 0.589583 0.031250 0.020833
2 0.389844 0.563194 0.043750 0.020833
2 0.386849 0.581713 0.036198 0.018981
2 0.391406 0.602083 0.034375 0.020833
2 0.389453 0.621296 0.032552 0.020370
2 0.391536 0.640972 0.031510 0.022685
2 0.379818 0.681019 0.035677 0.018519
2 0.343490 0.673148 0.030729 0.020370
2 0.306250 0.555556 0.021354 0.014815
2 0.296875 0.587963 0.031771 0.023148
2 0.239063 0.554167 0.009375 0.048148
2 0.283984 0.493056 0.032031 0.022222
2 0.332813 0.520833 0.012500 0.044444
2 0.907031 0.549537 0.016667 0.016667
2 0.220833 0.451389 0.012500 0.039815
2 0.235937 0.452546 0.012500 0.043056
2 0.230078 0.594444 0.045052 0.020370
2 0.383724 0.512963 0.012760 0.044444
2 0.396484 0.506713 0.012240 0.051389
2 0.406510 0.505093 0.011979 0.048148
2 0.416667 0.491898 0.010937 0.051389
2 0.426042 0.483565 0.011458 0.050463
2 0.494010 0.538657 0.010417 0.064352
2 0.506250 0.549769 0.011458 0.080093
2 0.519922 0.548380 0.011198 0.079167
2 0.532552 0.538889 0.009896 0.064815
2 0.553385 0.545602 0.013542 0.070833
2 0.565625 0.540046 0.014583 0.068981
2 0.590365 0.526620 0.011458 0.068981
2 0.627083 0.510417 0.024479 0.052315
2 0.623047 0.598843 0.044531 0.020833
2 0.623307 0.625694 0.053906 0.026389
2 0.818750 0.693287 0.040625 0.018981
2 0.245833 0.450231 0.006771 0.025463
