2 0.231641 0.489815 0.029427 0.019444
2 0.186589 0.551389 0.009635 0.047222
2 0.176042 0.589352 0.043750 0.020370
2 0.290755 0.669907 0.030990 0.023148
2 0.244661 0.585648 0.032031 0.024074
2 0.254688 0.552778 0.021875 0.016667
2 0.336979 0.560417 0.043229 0.017130
2 0.395573 0.589815 0.031771 0.017593
2 0.386849 0.603935 0.054948 0.019907
2 0.386068 0.625231 0.053385 0.022685
2 0.385156 0.646528 0.050521 0.027315
2 0.338802 0.638889 0.030729 0.021296
2 0.335547 0.618287 0.031510 0.019907
2 0.337630 0.598611 0.033594 0.022222
2 0.334245 0.579861 0.035156 0.018056
2 0.327474 0.678009 0.032552 0.018981
2 0.372656 0.684491 0.035937 0.020833
2 0.423177 0.693750 0.038021 0.021759
2 0.463932 0.698611 0.028906 0.018519
2 0.512500 0.702546 0.053125 0.022685
2 0.529818 0.659259 0.060677 0.020370
2 0.627865 0.705787 0.032813 0.020833
2 0.675260 0.702546 0.035417 0.018981
2 0.809766 0.685185 0.039323 0.026852
2 0.860677 0.672917 0.053125 0.029167
0 0.706250 0.231250 0.017188 0.023611
0 0.416406 0.522222 0.007812 0.027778
0 0.522786 0.538426 0.010677 0.025926
0 0.291797 0.548611 0.008594 0.022222
0 0.255990 0.514352 0.014063 0.016667
2 0.279297 0.519444 0.013281 0.044444
0 0.140234 0.509028 0.017969 0.014352
2 0.141016 0.524074 0.017969 0.013889
2 0.848307 0.548380 0.016927 0.016204
2 0.762500 0.693056 0.041146 0.020370
2 0.168880 0.450000 0.012240 0.037037
2 0.182552 0.449074 0.012500 0.043519
2 0.330599 0.510417 0.012240 0.044907
2 0.342318 0.505324 0.012760 0.050463
2 0.353385 0.502546 0.010417 0.052315
2 0.362630 0.489583 0.012240 0.053241
2 0.372656 0.482176 0.011979 0.049537
2 0.439583 0.536806 0.009375 0.058796
2 0.452083 0.545139 0.011979 0.083796
2 0.465495 0.544444 0.010677 0.078704
2 0.478255 0.537037 0.011198 0.063889
2 0.535286 0.525926 0.013281 0.067593
2 0.499740 0.543981 0.013021 0.069444
2 0.511589 0.539352 0.015365 0.068519
2 0.572005 0.508565 0.025260 0.051389
2 0.569401 0.600000 0.046615 0.024074
2 0.568620 0.622454 0.051302 0.025463
2 0.193099 0.448843 0.007552 0.025463
