0 0.933203 0.341667 0.011719 0.036111
0 0.667578 0.230556 0.017969 0.022222
0 0.379427 0.521065 0.006250 0.023611
0 0.256250 0.547454 0.007812 0.019907
0 0.220703 0.513194 0.014844 0.018056
0 0.486328 0.537500 0.011719 0.036111
0 0.104557 0.506713 0.017448 0.013426
2 0.104036 0.522685 0.016927 0.014815
2 0.810417 0.550926 0.016667 0.017593
0 0.980859 0.288889 0.011719 0.030556
0 0.976172 0.250694 0.013281 0.034722
0 0.977734 0.386806 0.011719 0.037500
0 0.968359 0.388889 0.011719 0.036111
2 0.981641 0.475694 0.014844 0.034722
2 0.973828 0.638194 0.033594 0.023611
2 0.823438 0.671528 0.054688 0.026389
2 0.771484 0.682639 0.041406 0.026389
2 0.637891 0.701852 0.032552 0.020370
2 0.590234 0.704861 0.030990 0.018056
2 0.493359 0.658333 0.061719 0.022222
2 0.476172 0.701389 0.052344 0.019444
2 0.426302 0.696296 0.029167 0.017593
2 0.385807 0.692361 0.036719 0.021759
2 0.335938 0.684722 0.037500 0.023148
2 0.291927 0.675000 0.034375 0.022222
2 0.254688 0.667361 0.031250 0.023611
2 0.139974 0.588657 0.045573 0.018981
2 0.208594 0.582639 0.034375 0.026389
0 0.218359 0.551389 0.022656 0.016667
2 0.242188 0.517361 0.012500 0.045833
2 0.299609 0.558102 0.044531 0.022685
2 0.359766 0.587500 0.033594 0.022222
2 0.348438 0.602778 0.054688 0.025000
2 0.348047 0.622917 0.055469 0.023611
2 0.347786 0.643519 0.051302 0.022222
2 0.302734 0.635417 0.030469 0.023611
2 0.298958 0.617130 0.031250 0.025000
2 0.300781 0.597222 0.035937 0.027778
2 0.296875 0.578472 0.037500 0.020833
2 0.149740 0.550231 0.010417 0.049537
2 0.194531 0.487500 0.031250 0.016667
2 0.131120 0.446991 0.012760 0.041204
2 0.145573 0.446065 0.012500 0.049537
2 0.292969 0.509259 0.013021 0.046296
2 0.305859 0.501620 0.012760 0.050463
2 0.316536 0.501157 0.012760 0.047685
2 0.325781 0.488426 0.011979 0.053704
2 0.335938 0.480093 0.013021 0.050926
2 0.403385 0.534028 0.009896 0.064352
2 0.415495 0.544213 0.013281 0.089352
2 0.441016 0.535417 0.011198 0.068056
2 0.462500 0.541667 0.014063 0.067593
2 0.474219 0.539120 0.015104 0.067130
2 0.498568 0.524074 0.013281 0.065741
2 0.534896 0.507407 0.025521 0.053704
2 0.532943 0.598148 0.049740 0.024074
2 0.530859 0.620370 0.052865 0.023148
2 0.725911 0.690046 0.042969 0.018981
2 0.994010 0.450231 0.011458 0.016204
2 0.994792 0.434722 0.010417 0.012963
2 0.996094 0.475000 0.007812 0.031481
2 0.428255 0.546991 0.010677 0.078241
0 0.156250 0.447454 0.009375 0.025463
