0 0.646875 0.230556 0.018750 0.022222
0 0.956250 0.251389 0.012500 0.033333
0 0.959375 0.289583 0.010937 0.029167
0 0.949219 0.388889 0.012500 0.036111
0 0.957422 0.385417 0.011719 0.037500
2 0.979036 0.432639 0.020052 0.018981
2 0.977865 0.448148 0.020313 0.018519
2 0.987500 0.470833 0.012500 0.029630
2 0.977995 0.475463 0.011719 0.028704
2 0.961328 0.476157 0.013281 0.031019
0 0.909375 0.409028 0.010937 0.037500
2 0.790625 0.548611 0.017188 0.013889
2 0.954167 0.638657 0.031250 0.021759
2 0.804688 0.672222 0.054688 0.027778
2 0.751693 0.684491 0.040885 0.019907
2 0.619010 0.700926 0.032292 0.022222
2 0.570964 0.704630 0.031510 0.016667
2 0.454948 0.699537 0.052604 0.019444
2 0.474219 0.657176 0.059375 0.018056
2 0.406641 0.696528 0.032031 0.020833
2 0.366797 0.691667 0.038281 0.025000
2 0.316276 0.682407 0.037240 0.019444
2 0.272135 0.675231 0.031771 0.022685
2 0.235547 0.667824 0.028385 0.018981
2 0.120313 0.587500 0.044792 0.018519
2 0.129297 0.547222 0.013281 0.050000
2 0.175391 0.486111 0.032031 0.016667
2 0.198177 0.549769 0.022396 0.015278
2 0.187891 0.581944 0.035156 0.025000
2 0.222266 0.517361 0.013281 0.048611
2 0.280729 0.558796 0.044792 0.021296
2 0.278125 0.577083 0.037500 0.020833
2 0.281641 0.596528 0.035156 0.026389
2 0.279687 0.615972 0.032813 0.020833
2 0.282422 0.634028 0.032031 0.023611
2 0.339062 0.586111 0.034375 0.019444
2 0.329688 0.603472 0.056250 0.023611
2 0.328516 0.622222 0.055469 0.025000
2 0.328516 0.643056 0.053906 0.027778
0 0.236719 0.545602 0.007812 0.021759
0 0.200651 0.511111 0.012240 0.013889
0 0.083203 0.505556 0.017969 0.016667
2 0.084375 0.522222 0.018750 0.016667
0 0.360547 0.519444 0.008594 0.027778
0 0.467187 0.537500 0.012500 0.036111
2 0.112760 0.446991 0.012500 0.038426
2 0.126953 0.448148 0.011719 0.042593
2 0.273698 0.508565 0.014063 0.047685
2 0.286589 0.502083 0.012760 0.046759
2 0.297917 0.501389 0.012500 0.049074
2 0.307031 0.487037 0.013021 0.050926
2 0.316536 0.479167 0.013281 0.056481
2 0.382943 0.532870 0.010156 0.062037
2 0.395573 0.543750 0.013542 0.081944
2 0.409505 0.541204 0.012240 0.081481
2 0.422005 0.534491 0.010156 0.065278
2 0.442708 0.540972 0.013542 0.068981
2 0.454688 0.537963 0.016146 0.067593
2 0.478906 0.524537 0.014063 0.066667
2 0.516016 0.506944 0.025260 0.053704
2 0.513411 0.597454 0.047656 0.026389
2 0.509896 0.618519 0.051042 0.022222
2 0.705599 0.691898 0.043490 0.022685
2 0.136589 0.446991 0.007031 0.025463
