0 0.859505 0.558333 0.007552 0.025926
2 0.135156 0.486111 0.032813 0.016667
2 0.080078 0.585417 0.046094 0.018056
2 0.147396 0.581944 0.031771 0.024074
0 0.043359 0.503472 0.019531 0.018056
2 0.042969 0.519907 0.017708 0.013889
2 0.158594 0.547222 0.023438 0.019444
0 0.160938 0.509722 0.015625 0.019444
2 0.090495 0.547454 0.011198 0.047685
2 0.071224 0.443750 0.014323 0.038426
2 0.086328 0.444907 0.012240 0.046296
0 0.196745 0.542824 0.007031 0.023611
2 0.183203 0.515046 0.012240 0.046759
2 0.196224 0.666667 0.029427 0.021296
2 0.232422 0.674537 0.032552 0.020370
2 0.233984 0.506019 0.012240 0.046296
2 0.246484 0.500926 0.013281 0.050000
2 0.257161 0.498611 0.012760 0.047222
2 0.267188 0.487037 0.011979 0.053704
2 0.275391 0.479167 0.013802 0.050000
0 0.320312 0.518519 0.007292 0.025000
2 0.240625 0.556944 0.044792 0.020370
2 0.238021 0.575231 0.034375 0.018981
2 0.241406 0.595370 0.033333 0.021296
2 0.239323 0.614583 0.033854 0.020833
2 0.242708 0.633333 0.030729 0.021296
2 0.288151 0.639815 0.051302 0.025000
2 0.289323 0.621759 0.055208 0.024074
2 0.289844 0.601852 0.056250 0.024074
2 0.300911 0.583565 0.032552 0.020833
2 0.277083 0.682176 0.038542 0.021759
2 0.326693 0.690278 0.038802 0.020370
2 0.367318 0.695139 0.028906 0.015278
2 0.416146 0.698380 0.052604 0.018981
2 0.343229 0.536111 0.010417 0.052778
2 0.356120 0.544213 0.011198 0.077315
2 0.370182 0.541898 0.012760 0.073611
2 0.382552 0.534722 0.011458 0.063889
2 0.404167 0.541667 0.013021 0.069444
2 0.416146 0.535417 0.014583 0.071759
2 0.439323 0.522917 0.014063 0.070833
2 0.476042 0.506481 0.025521 0.050926
2 0.469661 0.595602 0.039844 0.018981
2 0.470964 0.618519 0.052344 0.023148
2 0.433724 0.656713 0.057031 0.018056
2 0.531641 0.703009 0.034115 0.019907
2 0.579036 0.702083 0.033073 0.020833
2 0.665365 0.690046 0.040104 0.018981
2 0.711589 0.684491 0.039844 0.025463
2 0.763021 0.670602 0.052083 0.025463
2 0.748698 0.548380 0.016667 0.012500
2 0.912370 0.638657 0.030990 0.021759
2 0.951302 0.625694 0.029167 0.018981
2 0.918359 0.476157 0.011198 0.029167
2 0.935156 0.475926 0.011979 0.031481
2 0.944792 0.471296 0.012500 0.030556
2 0.936719 0.432639 0.020313 0.013426
2 0.935677 0.448611 0.021875 0.015741
0 0.802604 0.419444 0.011979 0.018519
0 0.803776 0.447917 0.012760 0.014352
0 0.917057 0.289815 0.008594 0.023148
0 0.913672 0.252083 0.008594 0.031944
0 0.605599 0.230324 0.017969 0.018056
0 0.426563 0.537269 0.010417 0.027315
0 0.914844 0.388194 0.008854 0.029167
0 0.907422 0.389583 0.009635 0.029167
2 0.096354 0.443519 0.007812 0.030556
