2 0.048828 0.467593 0.031510 0.016667
2 0.095703 0.497917 0.013281 0.048611
2 0.071875 0.532639 0.023438 0.015278
2 0.060677 0.564815 0.032813 0.024074
2 0.107682 0.651852 0.029427 0.022222
2 0.144401 0.661574 0.033594 0.022222
0 0.074609 0.493056 0.014844 0.019444
0 0.110156 0.530556 0.007812 0.025000
2 0.153385 0.543750 0.045833 0.023611
2 0.150781 0.561111 0.039062 0.025000
2 0.155078 0.581944 0.038281 0.025000
2 0.153125 0.600000 0.034375 0.025000
2 0.155078 0.619444 0.035156 0.025000
0 0.742057 0.889120 0.010156 0.034722
0 0.860156 0.615972 0.018750 0.018056
2 0.214323 0.572454 0.035417 0.019907
2 0.203906 0.590509 0.057292 0.020833
2 0.201302 0.608796 0.055729 0.023148
2 0.200911 0.628472 0.051302 0.025463
2 0.147656 0.492593 0.014583 0.044444
2 0.160547 0.489352 0.015885 0.049074
2 0.172266 0.485417 0.011719 0.047685
2 0.180990 0.472685 0.013542 0.053704
2 0.190495 0.465509 0.012240 0.054167
0 0.233594 0.507176 0.006771 0.024537
2 0.188932 0.670370 0.038802 0.025000
2 0.239583 0.678009 0.042708 0.022685
2 0.280078 0.685185 0.031510 0.014815
2 0.327604 0.692130 0.055208 0.023148
2 0.257031 0.525000 0.011458 0.062963
2 0.269271 0.537963 0.011979 0.074074
2 0.284245 0.532407 0.012240 0.074074
2 0.296745 0.523380 0.012760 0.068056
2 0.317448 0.529630 0.013021 0.076852
2 0.329557 0.528704 0.016406 0.070370
2 0.353776 0.515972 0.016406 0.069907
2 0.389974 0.503704 0.025781 0.046296
2 0.384245 0.590278 0.045052 0.028704
2 0.382943 0.612269 0.048698 0.028241
2 0.348828 0.647917 0.056510 0.018056
2 0.443620 0.700231 0.033594 0.021759
2 0.490365 0.698380 0.032813 0.018981
2 0.577344 0.690972 0.039062 0.020833
2 0.624479 0.686806 0.041667 0.024537
2 0.675651 0.675231 0.051302 0.021759
2 0.658594 0.550463 0.018229 0.018519
2 0.825130 0.645602 0.032031 0.019907
2 0.862630 0.637269 0.031510 0.019907
2 0.906510 0.624769 0.031771 0.022685
2 0.947266 0.610417 0.028906 0.022685
2 0.827995 0.485417 0.010156 0.031019
2 0.844531 0.484259 0.013021 0.032407
2 0.854688 0.481713 0.011979 0.029167
2 0.846484 0.441898 0.020573 0.017130
2 0.844661 0.457639 0.021094 0.016204
2 0.709635 0.425000 0.020313 0.016667
2 0.710417 0.452083 0.018229 0.014352
0 0.832682 0.329630 0.008594 0.020370
0 0.828516 0.298380 0.007031 0.024537
0 0.825000 0.264815 0.009896 0.027778
0 0.517578 0.228704 0.016406 0.020370
0 0.340885 0.527778 0.009375 0.029630
0 0.817969 0.399306 0.013021 0.030093
0 0.827865 0.395139 0.013021 0.031944
2 0.009896 0.426620 0.008333 0.029167
