0 0.762891 0.284259 0.006510 0.033333
0 0.763672 0.319444 0.006510 0.025926
0 0.757682 0.418519 0.010677 0.035185
0 0.750000 0.421528 0.010937 0.034722
2 0.777865 0.467130 0.019792 0.018519
2 0.775781 0.481944 0.020313 0.016667
2 0.783724 0.506019 0.011198 0.029630
2 0.776042 0.508565 0.010937 0.030093
2 0.758724 0.509028 0.008073 0.035648
2 0.791406 0.660880 0.028646 0.018981
2 0.752083 0.668519 0.028646 0.019444
2 0.640234 0.436806 0.024219 0.020833
2 0.640625 0.463889 0.023438 0.019444
2 0.587500 0.556250 0.018750 0.015278
2 0.603906 0.682407 0.050521 0.016667
2 0.551172 0.686111 0.041406 0.019444
2 0.505078 0.687500 0.041406 0.019444
2 0.417969 0.688194 0.035937 0.023611
2 0.370312 0.684028 0.034375 0.023611
2 0.257031 0.664583 0.053125 0.029167
2 0.209375 0.654167 0.031250 0.022222
2 0.166797 0.644676 0.039323 0.024537
2 0.144922 0.532639 0.036719 0.026389
2 0.134766 0.549306 0.058594 0.031944
2 0.132812 0.568750 0.059375 0.029167
2 0.133203 0.588889 0.053906 0.033333
0 0.168359 0.472454 0.008594 0.026389
2 0.276953 0.625000 0.061719 0.027778
0 0.274219 0.503472 0.010937 0.037500
0 0.456771 0.221528 0.017188 0.019907
0 0.990234 0.606944 0.016406 0.019444
2 0.039062 0.604630 0.031250 0.026852
2 0.074870 0.616204 0.032552 0.025926
2 0.119141 0.628704 0.038802 0.026852
2 0.083594 0.517130 0.038542 0.024074
2 0.086979 0.500463 0.048438 0.025926
2 0.086979 0.539815 0.035417 0.023148
2 0.084375 0.558333 0.034896 0.024074
2 0.086068 0.576157 0.033073 0.028241
2 0.030859 0.450000 0.015365 0.043519
2 0.081510 0.448611 0.012500 0.046296
2 0.094661 0.446296 0.015885 0.050926
2 0.106510 0.444676 0.011979 0.051389
2 0.116667 0.433102 0.011979 0.055093
2 0.126432 0.426620 0.013802 0.051389
2 0.189714 0.486574 0.012240 0.064815
2 0.203125 0.498148 0.013021 0.092593
2 0.217188 0.499769 0.014063 0.079167
2 0.229167 0.494444 0.011979 0.065741
2 0.249609 0.504167 0.014323 0.071296
2 0.262500 0.501157 0.014583 0.068056
2 0.286979 0.493519 0.014583 0.065741
2 0.321224 0.480324 0.025781 0.045833
2 0.314323 0.566898 0.039583 0.020833
2 0.310807 0.588889 0.049740 0.022222
2 0.835547 0.651852 0.031510 0.019444
2 0.875651 0.643519 0.031510 0.018519
0 0.943359 0.621759 0.014844 0.016667
0 0.963802 0.614352 0.017708 0.018519
0 0.936458 0.254630 0.016667 0.015741
0 0.939193 0.281250 0.016927 0.014352
0 0.942708 0.301852 0.018750 0.016667
0 0.942448 0.417361 0.013542 0.013426
0 0.992057 0.212269 0.015885 0.016204
0 0.767578 0.351157 0.007552 0.022685
