0 0.508984 0.661574 0.016406 0.013889
0 0.861979 0.261574 0.016146 0.015741
0 0.864453 0.288889 0.017969 0.019444
0 0.866406 0.305556 0.018750 0.019444
0 0.866536 0.422917 0.016406 0.014352
0 0.934896 0.172454 0.008333 0.029167
0 0.941276 0.166204 0.011198 0.029630
0 0.951042 0.157407 0.009375 0.018519
0 0.982812 0.340278 0.014583 0.019444
0 0.952344 0.597222 0.014063 0.013889
0 0.933203 0.608333 0.017969 0.019444
0 0.916406 0.614583 0.015625 0.018056
0 0.889844 0.620833 0.015625 0.019444
0 0.869531 0.627778 0.015625 0.016667
2 0.801953 0.650000 0.028906 0.022222
2 0.008333 0.432639 0.014063 0.050463
2 0.020964 0.428241 0.015885 0.056481
2 0.032552 0.425463 0.013021 0.050926
2 0.043099 0.418750 0.014844 0.052315
2 0.052214 0.409259 0.013802 0.050926
0 0.095182 0.457407 0.008594 0.025000
2 0.116667 0.471528 0.010937 0.073611
2 0.128646 0.485185 0.015625 0.085185
2 0.142187 0.485648 0.011458 0.078704
2 0.157031 0.482870 0.011979 0.065741
2 0.175521 0.492824 0.012500 0.068981
2 0.189583 0.492593 0.014583 0.068519
2 0.213672 0.480093 0.014323 0.067593
2 0.249089 0.468519 0.024219 0.049074
2 0.241146 0.558333 0.044271 0.022222
2 0.237760 0.578704 0.052083 0.022222
2 0.202865 0.614352 0.058854 0.025926
0 0.201823 0.493519 0.010937 0.031481
2 0.182552 0.653935 0.053646 0.028241
2 0.133854 0.642824 0.030208 0.022685
2 0.093490 0.630093 0.042708 0.030556
2 0.043359 0.613426 0.039323 0.027778
2 0.017969 0.484491 0.035417 0.025463
2 0.060156 0.535880 0.059375 0.029167
2 0.058724 0.554398 0.060156 0.031944
2 0.056510 0.575231 0.052083 0.031019
2 0.062109 0.517824 0.060156 0.028241
2 0.296484 0.676389 0.035677 0.023148
2 0.343099 0.680324 0.037240 0.020833
2 0.430469 0.683333 0.039062 0.016667
2 0.477995 0.684028 0.040365 0.018981
2 0.530078 0.681481 0.052344 0.016667
2 0.511979 0.554167 0.018229 0.011111
2 0.677734 0.669676 0.029948 0.019907
2 0.717057 0.664583 0.027344 0.017130
2 0.760677 0.657870 0.030729 0.016667
2 0.683724 0.510185 0.009115 0.032407
2 0.700130 0.511574 0.009115 0.028704
2 0.709245 0.508333 0.010156 0.028704
2 0.702995 0.468981 0.019010 0.013889
2 0.700521 0.485417 0.020313 0.016204
2 0.563932 0.435185 0.025781 0.015741
2 0.564714 0.462269 0.025260 0.018056
0 0.690365 0.324074 0.009375 0.025926
0 0.688932 0.286343 0.007031 0.026389
0 0.693490 0.354630 0.008854 0.021296
0 0.675911 0.422917 0.008594 0.031944
0 0.382031 0.213194 0.019271 0.018981
0 0.684375 0.420833 0.010417 0.033333
2 0.989062 0.585648 0.021875 0.017593
