0 0.973437 0.581250 0.014063 0.017130
2 0.866797 0.624306 0.022656 0.023611
2 0.822135 0.633102 0.031250 0.018981
2 0.896354 0.611111 0.022396 0.022222
2 0.822526 0.301157 0.021094 0.020833
2 0.823047 0.317361 0.024219 0.026389
2 0.825781 0.329630 0.021875 0.022222
0 0.790885 0.399074 0.013542 0.016667
0 0.067969 0.586806 0.017188 0.015278
2 0.019792 0.409028 0.013542 0.062500
2 0.042448 0.487963 0.042188 0.024074
2 0.038281 0.507407 0.050000 0.024074
2 0.094141 0.615278 0.036198 0.026852
2 0.141016 0.625926 0.039844 0.025926
2 0.229427 0.645370 0.041146 0.022222
2 0.275000 0.653241 0.039062 0.020370
2 0.328646 0.659028 0.052083 0.019907
2 0.311328 0.528241 0.020052 0.012963
2 0.478385 0.673611 0.029687 0.019444
2 0.515755 0.674306 0.027865 0.013426
2 0.365885 0.445602 0.028646 0.022685
2 0.368750 0.420139 0.028646 0.023611
2 0.559896 0.675000 0.032292 0.014815
2 0.600391 0.673843 0.027344 0.017130
0 0.671745 0.665509 0.016927 0.014352
0 0.691797 0.663426 0.016406 0.016667
0 0.719010 0.661343 0.017708 0.014352
0 0.734245 0.657407 0.015365 0.016667
0 0.753776 0.650463 0.012240 0.012963
2 0.791016 0.643750 0.024740 0.017130
0 0.198047 0.168519 0.016927 0.021296
2 0.485026 0.513657 0.008073 0.030093
2 0.501172 0.518287 0.007552 0.031019
2 0.509766 0.516435 0.007031 0.031019
2 0.506380 0.478935 0.016406 0.012500
2 0.502865 0.491435 0.015104 0.013426
0 0.502995 0.361111 0.005990 0.022222
0 0.483464 0.427083 0.008594 0.033796
0 0.491016 0.427315 0.008594 0.038889
0 0.501172 0.330787 0.007031 0.027315
0 0.501042 0.292824 0.008854 0.030093
0 0.674740 0.298148 0.016146 0.013889
0 0.675651 0.324306 0.016406 0.012500
0 0.678385 0.344213 0.016667 0.010648
0 0.671224 0.460880 0.015885 0.015278
0 0.749740 0.223380 0.011458 0.032870
0 0.758073 0.217130 0.010937 0.032407
0 0.767188 0.210648 0.010417 0.025000
