0 0.765625 0.974306 0.017188 0.023611
0 0.794141 0.963657 0.015885 0.025463
0 0.872917 0.865741 0.015625 0.025000
0 0.959505 0.758796 0.014323 0.023148
0 0.980990 0.707870 0.016146 0.023148
2 0.836979 0.554861 0.035937 0.025463
2 0.901693 0.530787 0.017448 0.018981
0 0.814583 0.343981 0.009896 0.025926
0 0.822266 0.419213 0.010677 0.030093
0 0.855990 0.409028 0.010937 0.027315
2 0.862370 0.396528 0.011198 0.032870
2 0.870443 0.394907 0.011719 0.027778
0 0.833984 0.339352 0.010156 0.028704
0 0.850260 0.333333 0.008854 0.027778
0 0.905078 0.316204 0.008594 0.027778
2 0.031771 0.542130 0.052604 0.031481
2 0.177865 0.587500 0.029687 0.021296
2 0.216797 0.598380 0.029427 0.020833
2 0.259766 0.607870 0.028906 0.017593
2 0.300391 0.614815 0.027865 0.016667
0 0.370182 0.620833 0.015885 0.011111
0 0.391146 0.622917 0.015104 0.011574
0 0.417187 0.626157 0.013021 0.011574
0 0.434505 0.626389 0.015365 0.012037
0 0.453385 0.623843 0.011979 0.009722
2 0.489323 0.626389 0.022917 0.014815
2 0.522005 0.623611 0.029948 0.014815
2 0.567448 0.622222 0.019271 0.010185
2 0.597135 0.617130 0.018750 0.014815
0 0.676172 0.603009 0.015365 0.013426
2 0.701302 0.594676 0.030729 0.015278
2 0.764583 0.579861 0.018229 0.013426
2 0.937109 0.510417 0.023698 0.018056
0 0.996615 0.477315 0.006250 0.012963
2 0.067578 0.336806 0.035156 0.028241
2 0.072135 0.309722 0.034896 0.021296
0 0.372005 0.415741 0.012760 0.010185
0 0.386068 0.301852 0.014323 0.011111
0 0.386068 0.283333 0.014844 0.012037
0 0.385937 0.255787 0.014583 0.013426
0 0.443359 0.238194 0.013281 0.011574
0 0.464974 0.195602 0.008073 0.028241
0 0.473438 0.193981 0.008854 0.029630
0 0.482552 0.190046 0.005729 0.020833
2 0.530599 0.290972 0.016927 0.010648
2 0.531380 0.303935 0.020573 0.016204
2 0.533073 0.318981 0.018750 0.014815
0 0.493750 0.377546 0.011979 0.012500
0 0.966536 0.107870 0.011719 0.020370
0 0.993880 0.266204 0.011198 0.018519
2 0.182682 0.429167 0.004948 0.031481
2 0.963542 0.498148 0.018229 0.021296
0 0.600391 0.191435 0.007552 0.011574
0 0.601953 0.205556 0.008594 0.010185
0 0.602865 0.218519 0.008854 0.011111
0 0.606250 0.231944 0.013021 0.012963
