2 0.983984 0.496528 0.021094 0.022685
0 0.560156 0.186111 0.012500 0.011111
0 0.561328 0.200000 0.013281 0.013889
0 0.561328 0.213194 0.013281 0.012500
0 0.564063 0.227083 0.015625 0.015278
0 0.889193 0.749074 0.014844 0.019444
0 0.964323 0.716204 0.016667 0.025926
0 0.885938 0.808333 0.013542 0.019444
2 0.869792 0.800694 0.015625 0.021759
0 0.812630 0.864583 0.015365 0.022685
0 0.788281 0.915278 0.014583 0.025000
0 0.782422 0.987963 0.016406 0.022222
2 0.128906 0.542824 0.030729 0.025463
2 0.168359 0.558333 0.028385 0.020370
2 0.025911 0.280093 0.035677 0.032407
2 0.030208 0.255556 0.035937 0.030556
0 0.757943 0.989352 0.015365 0.021296
0 0.995182 0.623843 0.008594 0.018981
0 0.954557 0.509028 0.012240 0.014352
2 0.891406 0.537500 0.022917 0.018519
2 0.789453 0.572454 0.036719 0.018981
2 0.716406 0.589815 0.016667 0.014815
2 0.651823 0.600694 0.030208 0.018981
0 0.626823 0.605556 0.016146 0.012963
2 0.547526 0.612037 0.018490 0.012037
2 0.518099 0.613889 0.019531 0.012037
2 0.472135 0.611806 0.030208 0.016204
2 0.439974 0.610880 0.023698 0.017130
0 0.405078 0.605093 0.011719 0.011111
0 0.384896 0.606713 0.015104 0.011574
0 0.367708 0.604861 0.013542 0.011574
0 0.342318 0.599769 0.014844 0.013426
0 0.319792 0.595139 0.016667 0.010648
2 0.251302 0.582407 0.027604 0.017593
2 0.210156 0.571296 0.029167 0.020370
0 0.327344 0.390278 0.013542 0.012037
0 0.344271 0.277083 0.015625 0.012500
0 0.344271 0.258565 0.014063 0.012500
0 0.345833 0.232176 0.014583 0.012500
0 0.424609 0.178935 0.008073 0.026389
0 0.402865 0.219907 0.013021 0.012037
0 0.433464 0.177546 0.008073 0.031019
0 0.443359 0.172685 0.007031 0.021296
2 0.488281 0.280093 0.017708 0.011111
2 0.488932 0.292824 0.019010 0.014352
2 0.489714 0.309028 0.017448 0.013426
0 0.448698 0.364352 0.011979 0.011111
0 0.777865 0.434028 0.007292 0.026389
0 0.811458 0.426852 0.008854 0.025926
2 0.818490 0.417593 0.008333 0.026852
2 0.826823 0.415509 0.009896 0.030093
0 0.863021 0.339120 0.006771 0.029167
0 0.806771 0.351620 0.009375 0.028241
0 0.790495 0.355556 0.008073 0.026852
0 0.771094 0.358796 0.006771 0.025926
0 0.954167 0.294213 0.018750 0.017130
0 0.926693 0.132407 0.013802 0.017593
2 0.917969 0.527778 0.017188 0.018519
2 0.854427 0.553241 0.017188 0.017593
