0 0.981901 0.502778 0.014323 0.025926
0 0.956380 0.657639 0.014323 0.023611
0 0.878385 0.754861 0.016667 0.022685
0 0.854297 0.813889 0.016406 0.025000
0 0.854427 0.837731 0.015625 0.022685
0 0.805859 0.803472 0.016406 0.023611
0 0.782813 0.848380 0.016146 0.019907
0 0.757552 0.820602 0.011458 0.016204
0 0.706641 0.917593 0.015885 0.021296
0 0.634766 0.940972 0.015365 0.019907
0 0.794531 0.359722 0.007812 0.033333
0 0.737891 0.365278 0.008594 0.030556
0 0.721094 0.365972 0.009375 0.031944
0 0.701562 0.368056 0.007812 0.027778
0 0.705078 0.445139 0.008594 0.029167
0 0.739062 0.442361 0.010937 0.029167
2 0.746484 0.432639 0.010156 0.034722
2 0.754297 0.430556 0.010156 0.033333
2 0.781641 0.573380 0.018490 0.016204
2 0.715104 0.584491 0.034896 0.017130
2 0.577083 0.596296 0.030729 0.016667
0 0.552083 0.599769 0.015625 0.014352
0 0.496875 0.170833 0.012500 0.013889
0 0.496484 0.186806 0.014844 0.012500
0 0.497266 0.198611 0.013281 0.013889
0 0.497656 0.213194 0.017188 0.015278
2 0.422656 0.284491 0.017188 0.016204
2 0.420312 0.269444 0.018750 0.013889
2 0.421875 0.254861 0.018750 0.012500
0 0.379688 0.336111 0.012500 0.011111
0 0.362500 0.146528 0.009375 0.029167
0 0.371875 0.147222 0.009375 0.036111
0 0.380469 0.146528 0.007812 0.026389
0 0.339062 0.186806 0.014063 0.012500
0 0.281641 0.192361 0.014844 0.015278
0 0.278906 0.218750 0.017188 0.015278
0 0.277734 0.236111 0.016406 0.013889
0 0.257812 0.345833 0.015625 0.013889
2 0.472266 0.597917 0.019531 0.015278
2 0.443750 0.595833 0.020833 0.014815
2 0.397005 0.587269 0.029948 0.018981
2 0.364453 0.581944 0.024219 0.019444
0 0.331120 0.574074 0.012240 0.011111
0 0.310026 0.571065 0.014844 0.015278
0 0.293229 0.568519 0.014063 0.013889
0 0.267969 0.559722 0.015104 0.013889
0 0.246745 0.552546 0.016927 0.016204
2 0.177995 0.532407 0.028906 0.025000
2 0.137500 0.516204 0.031250 0.025000
2 0.058203 0.480324 0.028906 0.022685
2 0.095964 0.499074 0.029427 0.022222
2 0.818620 0.563426 0.022656 0.016667
0 0.882812 0.543287 0.011979 0.011574
2 0.912630 0.529861 0.021615 0.017130
2 0.951953 0.514583 0.028906 0.031019
2 0.641667 0.594907 0.017188 0.012963
0 0.881641 0.324306 0.019531 0.017130
0 0.858724 0.159259 0.010156 0.014815
2 0.846354 0.556250 0.019271 0.017130
