0 0.513411 0.797917 0.017448 0.016204
0 0.506120 0.856944 0.014844 0.015741
0 0.441016 0.853241 0.014844 0.015741
0 0.432682 0.834491 0.017969 0.015278
0 0.398698 0.928241 0.015104 0.015741
0 0.378125 0.916204 0.016146 0.014815
0 0.346875 0.893519 0.015625 0.014815
0 0.331641 0.873611 0.015365 0.015741
0 0.232422 0.942824 0.015885 0.019907
0 0.144271 0.951157 0.017708 0.015278
0 0.101432 0.974074 0.016406 0.016667
0 0.067708 0.961111 0.014583 0.015741
0 0.053125 0.938426 0.015625 0.014815
0 0.320573 0.962963 0.015625 0.017593
0 0.363021 0.956944 0.016667 0.014815
0 0.565755 0.794907 0.017969 0.013889
0 0.650000 0.787731 0.016146 0.017130
0 0.644401 0.739583 0.015885 0.016204
0 0.685156 0.740509 0.015625 0.017130
0 0.820443 0.722685 0.012760 0.013889
0 0.752734 0.704167 0.016406 0.012963
0 0.857422 0.740972 0.014844 0.017130
0 0.894792 0.621065 0.018229 0.016204
2 0.113802 0.399537 0.026562 0.028704
2 0.145833 0.419213 0.030729 0.029167
2 0.217448 0.462963 0.022396 0.019444
0 0.295312 0.500231 0.014583 0.016204
2 0.319271 0.508565 0.032292 0.024537
2 0.453255 0.557639 0.036198 0.022685
2 0.519661 0.579167 0.019531 0.015741
2 0.584115 0.590046 0.018750 0.016204
2 0.653125 0.595139 0.021875 0.015278
0 0.462240 0.338889 0.007812 0.026852
0 0.454557 0.413889 0.010156 0.028704
0 0.488021 0.428241 0.009896 0.031481
2 0.496875 0.419213 0.009896 0.031019
2 0.505078 0.423843 0.008594 0.029167
0 0.552995 0.369907 0.007552 0.028704
0 0.497396 0.352083 0.008333 0.027315
0 0.481510 0.345833 0.007292 0.028704
0 0.627344 0.596065 0.019271 0.014352
0 0.725521 0.598380 0.014063 0.022685
0 0.253776 0.992361 0.017969 0.015278
2 0.778385 0.590741 0.020833 0.020370
2 0.693229 0.595833 0.028125 0.018519
2 0.556380 0.586111 0.023177 0.015741
2 0.381120 0.537731 0.019531 0.017130
0 0.082682 0.376389 0.011719 0.012963
0 0.062760 0.364815 0.015625 0.016667
0 0.047005 0.355093 0.014323 0.014815
0 0.023568 0.334491 0.014844 0.016204
0 0.068229 0.019444 0.015104 0.017593
2 0.196224 0.113657 0.009635 0.013426
0 0.284245 0.093519 0.015365 0.012037
0 0.286068 0.081250 0.011198 0.009722
0 0.288542 0.068519 0.011458 0.012037
0 0.289844 0.054630 0.013021 0.012963
0 0.622656 0.366667 0.017188 0.014815
0 0.993750 0.574306 0.009896 0.017130
0 0.956771 0.114120 0.007292 0.025463
2 0.189583 0.448843 0.018750 0.017130
