0 0.029167 0.868056 0.016146 0.012963
0 0.128385 0.825000 0.015625 0.016667
0 0.138802 0.862269 0.015104 0.018056
0 0.134245 0.905324 0.017448 0.015278
0 0.143750 0.925463 0.017708 0.013889
0 0.182422 0.894213 0.017448 0.016204
0 0.204557 0.908102 0.015885 0.014352
0 0.225391 0.825926 0.016406 0.013889
0 0.232422 0.846065 0.015885 0.014352
0 0.281250 0.889352 0.015104 0.016667
0 0.312240 0.806250 0.017708 0.016204
0 0.347396 0.873611 0.016146 0.014815
0 0.363542 0.815278 0.016667 0.014815
0 0.391016 0.865972 0.016406 0.014352
0 0.433594 0.851157 0.017188 0.015278
0 0.435156 0.830324 0.016146 0.017130
0 0.445312 0.776389 0.016146 0.013889
0 0.487370 0.784259 0.015885 0.012963
0 0.545312 0.759259 0.016146 0.012037
0 0.566536 0.798380 0.014323 0.014352
0 0.695833 0.714352 0.016667 0.016667
0 0.713672 0.759722 0.015365 0.015741
0 0.788932 0.694213 0.015885 0.014352
0 0.876823 0.733565 0.012500 0.012500
0 0.907813 0.761111 0.015625 0.015741
0 0.921615 0.681944 0.015625 0.015741
0 0.979818 0.607176 0.015885 0.015278
0 0.670052 0.623611 0.015625 0.021296
2 0.598828 0.603241 0.020052 0.016667
0 0.572656 0.598148 0.017188 0.015741
0 0.512109 0.359259 0.009635 0.030556
0 0.458854 0.329861 0.010937 0.029167
0 0.423698 0.310185 0.009375 0.025926
0 0.441927 0.320602 0.011458 0.027315
2 0.461068 0.399769 0.008594 0.028241
2 0.451953 0.396759 0.010156 0.030556
0 0.443099 0.402778 0.010156 0.030556
0 0.411328 0.383796 0.011198 0.028704
2 0.530208 0.585417 0.018229 0.017130
2 0.468490 0.560185 0.019271 0.019444
2 0.402474 0.527083 0.036719 0.030093
2 0.272396 0.449074 0.031250 0.028704
0 0.248958 0.435880 0.015625 0.016204
2 0.174349 0.383102 0.022135 0.024537
2 0.105599 0.324074 0.030469 0.035185
2 0.074870 0.297454 0.026823 0.031019
0 0.045964 0.268056 0.012760 0.017593
0 0.027344 0.253241 0.015104 0.022222
0 0.012109 0.239583 0.013802 0.020833
0 0.578125 0.365972 0.017188 0.015278
0 0.266016 0.015741 0.013281 0.015741
0 0.264974 0.030787 0.014844 0.018056
0 0.134115 0.992361 0.015104 0.012500
2 0.722396 0.625694 0.022917 0.023611
2 0.638542 0.612731 0.028125 0.020833
2 0.504036 0.575694 0.021094 0.018981
2 0.332552 0.490046 0.019792 0.018981
0 0.930469 0.190278 0.007292 0.026852
2 0.147526 0.363426 0.022135 0.022222
