0 0.024479 0.755556 0.015625 0.012037
0 0.033333 0.800000 0.017188 0.012037
0 0.117057 0.782407 0.015885 0.012037
0 0.124870 0.803009 0.015885 0.013426
0 0.206250 0.774769 0.017708 0.014352
0 0.258464 0.793287 0.016406 0.013426
0 0.341406 0.762963 0.016667 0.012037
0 0.383203 0.778704 0.015885 0.013889
0 0.435286 0.755787 0.015885 0.011574
0 0.590885 0.736574 0.016667 0.012963
0 0.679167 0.728472 0.016146 0.015278
0 0.821875 0.731944 0.016146 0.015741
0 0.895312 0.666435 0.015104 0.013426
0 0.905469 0.762963 0.011979 0.013889
0 0.406901 0.830093 0.016406 0.012037
0 0.360286 0.832176 0.016927 0.013426
0 0.294661 0.842361 0.016927 0.012500
0 0.215885 0.830787 0.016146 0.014352
0 0.221745 0.851157 0.016406 0.014352
0 0.165234 0.837269 0.017448 0.014352
0 0.160938 0.860880 0.017708 0.016204
0 0.116797 0.931481 0.015365 0.018519
0 0.196615 0.977083 0.013542 0.014352
0 0.067708 0.959954 0.015625 0.016204
0 0.044661 0.966667 0.016927 0.014815
0 0.451432 0.821759 0.016927 0.013889
0 0.465625 0.800694 0.016146 0.016204
0 0.599219 0.785648 0.015104 0.013889
0 0.746484 0.766204 0.016927 0.015741
0 0.930990 0.793981 0.015625 0.011111
0 0.991797 0.690278 0.008073 0.011111
2 0.090755 0.259722 0.028906 0.039815
2 0.060286 0.231481 0.025781 0.036111
0 0.014453 0.180556 0.015885 0.024074
0 0.032813 0.198843 0.011979 0.017130
2 0.693750 0.646296 0.025521 0.022222
0 0.640755 0.634954 0.015885 0.018056
2 0.609375 0.619907 0.028646 0.025000
2 0.570573 0.605556 0.020313 0.016667
2 0.543750 0.595139 0.015104 0.012500
2 0.502604 0.577546 0.018750 0.015278
2 0.477083 0.565046 0.021354 0.019907
2 0.442057 0.545833 0.019010 0.017593
2 0.377474 0.502778 0.035677 0.031481
2 0.309896 0.456944 0.019792 0.019444
2 0.251432 0.407870 0.030990 0.031481
0 0.228646 0.392130 0.013542 0.012963
2 0.156510 0.329398 0.020313 0.020833
2 0.129948 0.305093 0.018750 0.019444
0 0.003516 0.165972 0.006510 0.018056
0 0.391276 0.359722 0.009635 0.025000
0 0.423177 0.384491 0.008854 0.027315
2 0.432422 0.380556 0.008073 0.028704
2 0.440495 0.386806 0.009115 0.025463
0 0.493099 0.350926 0.009115 0.026852
0 0.440234 0.313194 0.008594 0.026389
0 0.424870 0.302778 0.009635 0.027778
0 0.406901 0.288426 0.010156 0.025000
0 0.555729 0.365509 0.014063 0.013426
0 0.916927 0.235648 0.007292 0.025000
