0 0.873958 0.792361 0.017188 0.014352
0 0.723568 0.784722 0.015365 0.012963
0 0.697005 0.736111 0.014323 0.015741
0 0.650911 0.701852 0.014844 0.013889
0 0.590365 0.775231 0.016146 0.011574
0 0.548177 0.747685 0.015625 0.012963
0 0.540365 0.789583 0.016146 0.014352
0 0.493750 0.790509 0.016667 0.012500
0 0.437500 0.785648 0.016146 0.012963
0 0.369792 0.782407 0.016667 0.013889
0 0.358594 0.760880 0.017188 0.013426
0 0.305599 0.778935 0.015885 0.014352
0 0.294531 0.759491 0.017188 0.013426
0 0.250391 0.779630 0.017448 0.014815
0 0.111328 0.892130 0.015365 0.020370
0 0.122005 0.958796 0.015885 0.019444
0 0.104297 0.969907 0.015885 0.019444
0 0.047917 0.904630 0.015104 0.018519
2 0.029948 0.782870 0.022396 0.012963
0 0.061719 0.685417 0.016146 0.013426
0 0.102734 0.709954 0.015885 0.013426
0 0.129557 0.684722 0.015885 0.010185
0 0.301302 0.703472 0.016667 0.014352
0 0.379948 0.710648 0.016146 0.013889
0 0.989583 0.362037 0.016667 0.011111
0 0.572396 0.632407 0.016667 0.019444
2 0.504818 0.590046 0.020573 0.018981
2 0.479948 0.578009 0.018750 0.018981
2 0.438802 0.550231 0.019792 0.020833
2 0.379427 0.506713 0.020313 0.020833
2 0.318359 0.451389 0.036719 0.038889
2 0.198828 0.334722 0.029948 0.037037
0 0.176693 0.314120 0.013802 0.018981
2 0.108073 0.237963 0.020833 0.026852
2 0.046094 0.159028 0.028646 0.043056
2 0.017708 0.123380 0.025000 0.042130
0 0.358594 0.243287 0.011458 0.027315
0 0.374740 0.261111 0.011458 0.028704
0 0.389583 0.274537 0.010937 0.028704
0 0.439974 0.321296 0.011198 0.029630
0 0.368880 0.340046 0.010677 0.028241
0 0.338672 0.311806 0.011719 0.026389
2 0.377865 0.339120 0.010417 0.031019
2 0.384896 0.346759 0.010417 0.026852
0 0.013932 0.965278 0.019010 0.017593
2 0.626823 0.654861 0.027604 0.025463
2 0.541927 0.611343 0.029167 0.024537
2 0.414062 0.532176 0.021354 0.022685
2 0.253516 0.394444 0.018490 0.024074
0 0.495573 0.346296 0.013542 0.014815
0 0.868620 0.286574 0.007031 0.025926
2 0.083724 0.210185 0.019010 0.027778
