2 0.117318 0.632870 0.040365 0.025926
2 0.158594 0.642361 0.032813 0.026389
2 0.207031 0.653472 0.056250 0.029167
2 0.227083 0.615046 0.059375 0.029167
0 0.225781 0.495139 0.010937 0.034722
0 0.407682 0.216898 0.016406 0.022685
2 0.319922 0.676852 0.033594 0.021296
2 0.367969 0.681713 0.035937 0.017130
2 0.499740 0.683102 0.038021 0.017130
2 0.552474 0.680787 0.051823 0.018981
0 0.567578 0.661111 0.016406 0.016667
2 0.536719 0.555556 0.018750 0.016667
2 0.590234 0.434722 0.024219 0.019444
2 0.589063 0.463194 0.025000 0.018056
0 0.714193 0.287037 0.008594 0.029630
0 0.715625 0.324537 0.007812 0.025000
0 0.701562 0.422917 0.010937 0.037500
0 0.708594 0.420139 0.012500 0.037500
2 0.728125 0.469213 0.018750 0.016204
2 0.725781 0.484722 0.018750 0.019444
2 0.733333 0.509491 0.009896 0.031944
2 0.725911 0.511806 0.009635 0.031019
2 0.707943 0.509491 0.009115 0.029167
2 0.785547 0.656250 0.030469 0.020833
2 0.740625 0.665972 0.029687 0.020833
2 0.701953 0.669444 0.032031 0.019444
2 0.825000 0.648611 0.029687 0.025000
0 0.976172 0.159722 0.010156 0.025000
0 0.976172 0.597917 0.014844 0.018056
2 0.032552 0.434028 0.016146 0.049537
2 0.044401 0.431250 0.014844 0.058796
2 0.057031 0.431019 0.012500 0.051852
2 0.066797 0.422222 0.014323 0.058333
2 0.077734 0.412269 0.014844 0.052315
0 0.120182 0.460185 0.008073 0.024074
2 0.141406 0.471065 0.012500 0.068981
2 0.154036 0.486574 0.015365 0.087963
2 0.166016 0.489352 0.014844 0.082407
2 0.179818 0.481944 0.014844 0.068519
2 0.201172 0.490972 0.014323 0.074537
2 0.212760 0.494213 0.016146 0.066204
2 0.036719 0.485648 0.046354 0.023148
2 0.033594 0.504861 0.039583 0.023611
2 0.036979 0.525000 0.035417 0.024074
2 0.085026 0.538426 0.059635 0.030556
2 0.082422 0.557407 0.060156 0.030556
2 0.085677 0.519676 0.058333 0.029167
2 0.082422 0.578241 0.055990 0.033333
2 0.034635 0.542361 0.035937 0.025463
2 0.035417 0.562500 0.034896 0.028704
2 0.024609 0.602546 0.036198 0.027315
2 0.067708 0.617130 0.039583 0.027778
2 0.238411 0.482639 0.013281 0.063426
2 0.273958 0.472917 0.024479 0.043981
2 0.264714 0.559722 0.043490 0.019444
2 0.262240 0.581250 0.047917 0.025463
2 0.455208 0.685880 0.040104 0.018981
0 0.892318 0.627315 0.015365 0.013889
0 0.914323 0.622454 0.018750 0.014352
0 0.940625 0.615741 0.015104 0.015741
0 0.957031 0.608102 0.017188 0.019907
0 0.891927 0.424074 0.014583 0.011111
0 0.892448 0.307639 0.018229 0.015278
0 0.890104 0.288426 0.016667 0.012037
0 0.887891 0.262269 0.016927 0.012500
0 0.941276 0.221528 0.016927 0.016204
0 0.959115 0.171296 0.010417 0.031481
0 0.966536 0.165278 0.011719 0.029630
