2 0.134766 0.646528 0.057031 0.031944
2 0.085547 0.634028 0.033594 0.023611
2 0.045312 0.623611 0.043750 0.030556
0 0.047266 0.450694 0.008594 0.029167
2 0.022266 0.511111 0.041406 0.027778
2 0.973437 0.579630 0.030208 0.023148
2 0.964844 0.259028 0.026562 0.029167
2 0.968359 0.272222 0.022656 0.025000
0 0.390234 0.661806 0.016406 0.015278
2 0.020703 0.529630 0.040885 0.023148
2 0.020182 0.549537 0.039844 0.029630
2 0.018620 0.572222 0.036719 0.030556
2 0.068490 0.468519 0.011979 0.065741
2 0.080078 0.476620 0.014323 0.089352
2 0.094792 0.477083 0.011979 0.084722
2 0.108594 0.476389 0.012500 0.068519
2 0.128646 0.486343 0.014583 0.073611
2 0.141406 0.483796 0.015104 0.069444
2 0.164844 0.473843 0.013542 0.068981
2 0.201302 0.465741 0.025000 0.046296
2 0.192969 0.552083 0.043750 0.020833
2 0.189453 0.572917 0.050260 0.022685
2 0.156250 0.609722 0.062500 0.031481
2 0.248047 0.669676 0.034635 0.022685
2 0.295182 0.677778 0.038281 0.025000
2 0.383073 0.680787 0.039583 0.015278
2 0.429427 0.681481 0.038542 0.014815
2 0.481901 0.680093 0.052344 0.020370
2 0.463151 0.551620 0.017969 0.011574
2 0.630599 0.671759 0.029427 0.018519
2 0.669401 0.665509 0.030990 0.016204
2 0.714714 0.659491 0.032031 0.017130
2 0.752865 0.651157 0.027604 0.017130
0 0.822135 0.630556 0.015104 0.011111
0 0.842448 0.625694 0.018229 0.016204
0 0.868750 0.619444 0.014583 0.014815
0 0.886328 0.612963 0.016927 0.017593
0 0.904427 0.602315 0.013021 0.012037
2 0.941667 0.592361 0.025000 0.020833
2 0.515885 0.433102 0.026562 0.017130
2 0.515104 0.461343 0.025521 0.018981
2 0.634635 0.509954 0.008854 0.031944
2 0.651302 0.511343 0.008854 0.029167
2 0.660677 0.508796 0.009375 0.031481
2 0.654948 0.471065 0.018750 0.010648
2 0.652344 0.487037 0.017708 0.014815
0 0.642188 0.324537 0.007812 0.026852
0 0.646484 0.354630 0.008073 0.024074
0 0.640755 0.286111 0.007552 0.029630
0 0.334766 0.211343 0.018490 0.019907
0 0.627995 0.423611 0.009635 0.032407
0 0.814453 0.264120 0.017969 0.013426
0 0.817448 0.292130 0.015625 0.012037
0 0.819661 0.309722 0.017448 0.012963
0 0.886068 0.175694 0.012760 0.029167
0 0.894661 0.171065 0.011198 0.030093
0 0.903906 0.162269 0.008333 0.019907
2 0.961719 0.244907 0.017708 0.016667
0 0.935417 0.343981 0.014063 0.015741
0 0.819010 0.426389 0.013542 0.012037
0 0.635677 0.423148 0.009896 0.036111
