0 0.162109 0.618750 0.016406 0.015278
2 0.144661 0.635880 0.035677 0.027315
2 0.030339 0.598611 0.053906 0.035185
2 0.052865 0.561111 0.059375 0.037037
0 0.057031 0.437500 0.010937 0.036111
2 0.010677 0.424074 0.016146 0.066667
2 0.030078 0.435417 0.013802 0.070833
2 0.042708 0.437037 0.014583 0.072222
2 0.068490 0.428241 0.014583 0.067593
2 0.092969 0.509259 0.044792 0.025926
2 0.088281 0.532407 0.052083 0.029630
2 0.191276 0.645139 0.038281 0.025463
2 0.279687 0.659954 0.040104 0.021759
2 0.325391 0.664815 0.040885 0.022222
2 0.378646 0.668056 0.051562 0.020370
2 0.361198 0.540046 0.017708 0.013426
2 0.528125 0.676157 0.031250 0.016204
2 0.566406 0.676157 0.027604 0.016204
2 0.613151 0.675694 0.033594 0.018981
2 0.651302 0.672917 0.028646 0.018981
0 0.720703 0.659954 0.015885 0.013426
0 0.741667 0.655556 0.015625 0.012963
0 0.767448 0.651852 0.014583 0.014815
0 0.785156 0.647454 0.017708 0.016204
0 0.803516 0.640278 0.011719 0.009259
2 0.841146 0.633102 0.026042 0.017130
2 0.872526 0.622685 0.031510 0.018519
2 0.917188 0.608102 0.021354 0.018056
2 0.947656 0.596528 0.019271 0.016204
2 0.414844 0.454861 0.028646 0.019907
2 0.416927 0.427778 0.028646 0.019444
2 0.534245 0.515972 0.007552 0.030093
2 0.551302 0.519444 0.008854 0.028704
2 0.559635 0.519213 0.007292 0.028241
2 0.555859 0.479398 0.017969 0.014352
2 0.552995 0.494907 0.019010 0.011111
0 0.530729 0.430787 0.009896 0.031019
0 0.550260 0.362037 0.006771 0.023148
0 0.548307 0.333102 0.006510 0.024537
0 0.547917 0.296991 0.007812 0.030093
0 0.242969 0.183796 0.020313 0.017593
0 0.721875 0.291898 0.017708 0.013426
0 0.723307 0.318750 0.015885 0.014352
0 0.724740 0.337269 0.017188 0.012500
0 0.720833 0.454861 0.015104 0.015278
0 0.796224 0.212731 0.010156 0.029167
0 0.804688 0.207407 0.011458 0.028704
0 0.814193 0.199306 0.009115 0.024537
2 0.867448 0.287731 0.017708 0.016204
2 0.872135 0.301852 0.022917 0.020370
2 0.875130 0.316898 0.023177 0.019907
0 0.839063 0.384954 0.014583 0.014352
0 0.538411 0.429167 0.009115 0.033333
