2 0.044922 0.591667 0.038281 0.028704
2 0.092708 0.607407 0.037500 0.025000
0 0.152344 0.148843 0.018750 0.022685
2 0.262500 0.515741 0.016146 0.011111
2 0.182292 0.629167 0.040104 0.025000
2 0.227083 0.637500 0.039583 0.025000
2 0.279297 0.646296 0.052344 0.022222
2 0.429427 0.666667 0.030208 0.019444
2 0.467839 0.668519 0.027344 0.016667
2 0.513151 0.671065 0.028906 0.015278
2 0.552083 0.671528 0.027083 0.015278
0 0.622005 0.665278 0.015365 0.012037
0 0.643359 0.664120 0.016927 0.015278
0 0.669531 0.661574 0.014583 0.013889
0 0.686849 0.659722 0.016927 0.017593
0 0.705339 0.651157 0.012760 0.011574
2 0.742839 0.649769 0.022656 0.016204
2 0.773438 0.640972 0.030208 0.019907
2 0.818880 0.631019 0.020573 0.016667
2 0.848958 0.621991 0.019792 0.018981
0 0.925000 0.592824 0.015625 0.018056
2 0.950911 0.583102 0.033594 0.030093
2 0.317969 0.434259 0.031250 0.025000
2 0.319922 0.409028 0.029427 0.020833
2 0.436719 0.506944 0.008854 0.029630
2 0.453646 0.512269 0.007292 0.030093
2 0.460938 0.511111 0.008333 0.032407
2 0.457161 0.472917 0.015885 0.011574
2 0.454948 0.485417 0.017708 0.010648
0 0.436328 0.421759 0.008594 0.036111
0 0.456120 0.352778 0.007031 0.021296
0 0.455078 0.323611 0.007031 0.025926
0 0.454818 0.286806 0.005990 0.027315
0 0.444271 0.421296 0.008854 0.037963
0 0.628776 0.298611 0.016406 0.012963
0 0.630469 0.326620 0.015625 0.013426
0 0.631380 0.345370 0.016927 0.012963
0 0.623437 0.460880 0.015104 0.014352
0 0.704036 0.225694 0.011198 0.027315
0 0.713021 0.221065 0.010417 0.030093
0 0.722656 0.215046 0.008333 0.023611
2 0.775391 0.308796 0.019531 0.013889
2 0.777734 0.321065 0.021094 0.015278
2 0.779557 0.338194 0.022656 0.022685
0 0.743750 0.401852 0.014583 0.013889
