2 0.480729 0.677778 0.028125 0.019444
2 0.517839 0.684722 0.032031 0.020370
2 0.562891 0.690972 0.038281 0.020833
2 0.615104 0.699537 0.037500 0.021296
2 0.655859 0.703472 0.028385 0.017130
2 0.706250 0.705787 0.054688 0.019907
2 0.821875 0.708333 0.034375 0.019444
2 0.869792 0.705556 0.034896 0.020370
0 0.327344 0.518287 0.016667 0.013426
2 0.328776 0.534722 0.017448 0.013889
0 0.606510 0.526389 0.006771 0.024074
0 0.714844 0.540972 0.010417 0.027315
0 0.908594 0.225694 0.018750 0.020833
0 0.480339 0.555556 0.005990 0.020370
0 0.444661 0.521296 0.011719 0.013889
2 0.443880 0.560185 0.021094 0.013889
2 0.420964 0.496991 0.027344 0.016204
2 0.357943 0.456944 0.011198 0.037037
2 0.371615 0.458565 0.009896 0.041204
0 0.382292 0.456250 0.006771 0.026389
2 0.433984 0.594444 0.031510 0.022222
2 0.469141 0.524537 0.010677 0.042593
2 0.527214 0.566435 0.040885 0.018056
2 0.527344 0.606481 0.034896 0.022222
2 0.523177 0.585880 0.035417 0.018056
2 0.525651 0.624074 0.032552 0.019444
2 0.529036 0.644213 0.030990 0.020833
2 0.576953 0.652778 0.053906 0.025000
2 0.576042 0.630556 0.052083 0.021296
2 0.577214 0.611574 0.052865 0.020370
2 0.587109 0.592824 0.030990 0.018981
2 0.632031 0.539352 0.009896 0.061111
2 0.643880 0.550694 0.012240 0.080093
2 0.657422 0.544676 0.010677 0.083796
2 0.669922 0.539352 0.010156 0.063889
2 0.692187 0.545139 0.013542 0.068056
2 0.703906 0.542593 0.013542 0.071296
2 0.728776 0.527546 0.013281 0.067130
2 0.765495 0.509491 0.027344 0.051389
2 0.763021 0.601157 0.046354 0.024537
2 0.759375 0.623148 0.046875 0.024074
2 0.722786 0.662963 0.059635 0.019444
2 0.958724 0.690741 0.042448 0.019444
2 0.520573 0.515741 0.010937 0.046296
2 0.533073 0.510417 0.012500 0.049537
2 0.544531 0.508565 0.009896 0.048611
2 0.554427 0.499769 0.010937 0.042130
2 0.563281 0.487037 0.010937 0.046296
2 0.440365 0.575463 0.022917 0.013889
2 0.364714 0.600926 0.042448 0.014815
