0 0.835677 0.974074 0.014583 0.026852
0 0.928646 0.818056 0.014063 0.022222
0 0.961849 0.791435 0.015885 0.025463
2 0.115234 0.361111 0.035156 0.025000
2 0.112500 0.386111 0.034375 0.027778
2 0.078125 0.597454 0.052604 0.022685
2 0.025000 0.583333 0.043750 0.027778
2 0.226693 0.628472 0.028906 0.018056
2 0.056641 0.463194 0.021094 0.015278
2 0.266146 0.633796 0.028125 0.019444
2 0.309505 0.639583 0.028906 0.017130
2 0.350000 0.644676 0.028646 0.016204
0 0.419531 0.641898 0.015104 0.009722
0 0.441146 0.642593 0.015625 0.012963
0 0.467448 0.642593 0.014583 0.011111
0 0.484505 0.641667 0.014844 0.012037
0 0.504557 0.637731 0.011198 0.010648
2 0.540104 0.636111 0.023438 0.014815
2 0.571615 0.631019 0.029167 0.013889
2 0.617188 0.624074 0.020313 0.012963
2 0.647005 0.616435 0.018490 0.013426
0 0.724870 0.593981 0.013802 0.012963
2 0.748828 0.584028 0.030990 0.018056
2 0.811849 0.562963 0.019010 0.014815
2 0.881641 0.530787 0.035156 0.026389
2 0.230599 0.468287 0.007552 0.029167
0 0.418750 0.437269 0.014583 0.011574
0 0.428776 0.321991 0.014323 0.010648
0 0.427995 0.303241 0.014844 0.011111
0 0.427344 0.275463 0.013021 0.011111
0 0.484505 0.254167 0.014323 0.012037
0 0.504167 0.209491 0.009375 0.028241
0 0.513021 0.206944 0.008854 0.027778
0 0.521745 0.199537 0.008073 0.020370
2 0.572266 0.297917 0.017448 0.011574
2 0.574349 0.311806 0.020573 0.015278
2 0.575391 0.325463 0.017969 0.015741
0 0.538802 0.388426 0.012500 0.010185
0 0.856250 0.324074 0.008854 0.025926
0 0.876042 0.318056 0.009375 0.025926
0 0.891667 0.309491 0.008854 0.026389
0 0.945833 0.288426 0.008854 0.025000
0 0.899479 0.383565 0.011458 0.026389
0 0.866927 0.398148 0.008854 0.025000
2 0.906380 0.371991 0.011198 0.029167
2 0.914714 0.368519 0.010156 0.029630
2 0.982031 0.478241 0.021354 0.021296
2 0.946484 0.501620 0.017969 0.019907
