0 0.914974 0.647222 0.016406 0.020370
0 0.972786 0.581481 0.016927 0.018519
0 0.981120 0.643056 0.016927 0.019444
0 0.879557 0.654861 0.015365 0.018056
0 0.806641 0.741435 0.015885 0.020833
0 0.706120 0.797917 0.017448 0.021759
0 0.660156 0.807870 0.014063 0.019444
0 0.623307 0.866898 0.012760 0.016204
0 0.692969 0.829630 0.015625 0.018519
0 0.686979 0.922917 0.015104 0.019907
0 0.655339 0.922454 0.012240 0.018056
0 0.514193 0.975926 0.015365 0.021296
0 0.777604 0.343519 0.018750 0.014815
0 0.697135 0.368056 0.006771 0.030556
2 0.786328 0.563657 0.016406 0.012500
2 0.812500 0.553935 0.021354 0.018056
2 0.679557 0.582639 0.021094 0.016204
2 0.613542 0.584722 0.035417 0.016667
2 0.475391 0.579861 0.031510 0.015278
2 0.296875 0.548611 0.029687 0.020370
2 0.264453 0.538426 0.025781 0.021296
0 0.148047 0.494444 0.017969 0.016667
0 0.169531 0.503472 0.017188 0.015278
0 0.194661 0.515741 0.014323 0.014815
0 0.210807 0.521528 0.015365 0.015278
0 0.231250 0.525231 0.011458 0.013426
2 0.370703 0.566667 0.021094 0.013889
0 0.450391 0.579398 0.015365 0.010648
2 0.654948 0.435880 0.007292 0.031019
2 0.647396 0.434491 0.007292 0.034722
0 0.638542 0.443981 0.008854 0.028704
0 0.604427 0.444907 0.007812 0.027778
0 0.603906 0.365741 0.009896 0.025000
0 0.624089 0.368056 0.008594 0.027778
0 0.641276 0.367130 0.007552 0.030556
0 0.407813 0.143519 0.011979 0.012037
0 0.407292 0.158565 0.013021 0.010648
0 0.407031 0.173380 0.013542 0.014352
0 0.406380 0.187731 0.015365 0.015278
2 0.329557 0.217593 0.014323 0.011111
2 0.327734 0.249074 0.014844 0.013889
0 0.274479 0.103935 0.006771 0.028241
0 0.283724 0.105324 0.007552 0.032870
0 0.293750 0.104630 0.006771 0.022222
0 0.250781 0.140278 0.014063 0.013889
0 0.193490 0.138194 0.014583 0.013426
0 0.189974 0.165509 0.015365 0.017130
0 0.188411 0.184491 0.016406 0.017130
0 0.163411 0.289815 0.010677 0.015741
2 0.326693 0.233102 0.016927 0.015278
0 0.284375 0.293519 0.011979 0.012037
2 0.042188 0.445833 0.028646 0.027778
0 0.079948 0.466898 0.027083 0.024537
2 0.539714 0.585648 0.018490 0.012963
2 0.717708 0.576852 0.021354 0.015741
2 0.852214 0.543287 0.027865 0.023611
0 0.883724 0.537731 0.014323 0.024537
2 0.937630 0.510185 0.020052 0.022222
0 0.760417 0.175926 0.009375 0.014815
2 0.342187 0.562731 0.019792 0.015278
2 0.744792 0.573843 0.017708 0.017130
