0 0.115885 0.987731 0.014583 0.019907
0 0.045964 0.722917 0.017969 0.010648
2 0.038672 0.767130 0.035156 0.018519
0 0.023177 0.980324 0.013021 0.015278
0 0.076302 0.740741 0.015625 0.015741
2 0.091276 0.724537 0.017448 0.014815
0 0.150391 0.731019 0.015885 0.011111
0 0.147396 0.751389 0.015104 0.014815
0 0.206380 0.783102 0.015885 0.015278
0 0.278906 0.759722 0.017188 0.011111
2 0.342187 0.795833 0.017708 0.013889
0 0.345964 0.717130 0.015365 0.012963
0 0.486979 0.731019 0.015625 0.013889
0 0.506250 0.715509 0.015104 0.014352
0 0.518750 0.778704 0.016667 0.013889
0 0.578776 0.766435 0.015365 0.012500
0 0.620703 0.788426 0.015885 0.012963
0 0.688021 0.776389 0.017188 0.013889
0 0.693359 0.794907 0.014844 0.012037
2 0.638281 0.730787 0.018229 0.015278
0 0.764062 0.802083 0.017188 0.012500
0 0.775911 0.782639 0.015885 0.012500
0 0.838542 0.804861 0.016146 0.012500
0 0.948828 0.784259 0.016406 0.012037
0 0.848698 0.300000 0.017188 0.012037
0 0.822526 0.352083 0.015885 0.012500
0 0.408073 0.610417 0.016146 0.019907
2 0.340104 0.566898 0.020833 0.018981
2 0.315495 0.552315 0.016927 0.019444
2 0.274740 0.525694 0.018750 0.021759
2 0.216927 0.481019 0.019792 0.021296
2 0.155469 0.423843 0.038542 0.040278
0 0.169401 0.284722 0.012240 0.025000
0 0.189323 0.216204 0.009375 0.025000
0 0.206641 0.232639 0.011719 0.026389
0 0.221484 0.246991 0.011198 0.029167
0 0.270573 0.296528 0.011458 0.029167
0 0.199609 0.313889 0.012760 0.028704
2 0.209115 0.312269 0.011458 0.029167
2 0.215495 0.318056 0.011719 0.027778
0 0.003646 0.640972 0.006771 0.012500
2 0.458724 0.631481 0.021094 0.022222
2 0.376693 0.590046 0.028906 0.023611
2 0.249609 0.505093 0.023177 0.023148
2 0.090495 0.364815 0.020573 0.022222
2 0.035286 0.303935 0.027344 0.034722
0 0.014714 0.281713 0.013802 0.016204
0 0.312630 0.319444 0.007552 0.012963
0 0.699219 0.272685 0.006771 0.025926
0 0.893490 0.393981 0.006771 0.025926
0 0.902344 0.393056 0.005729 0.025000
0 0.910937 0.390046 0.005729 0.026389
2 0.918880 0.389583 0.007031 0.028241
1 0.973437 0.464120 0.014063 0.068056
