0 0.379688 0.031019 0.015104 0.025000
0 0.390625 0.033333 0.015104 0.025000
0 0.400000 0.037963 0.012500 0.022222
0 0.457813 0.020370 0.010937 0.030556
0 0.483333 0.030093 0.010937 0.030556
0 0.491146 0.035185 0.010937 0.030556
0 0.499740 0.037963 0.010937 0.030556
0 0.443359 0.091435 0.009635 0.031944
0 0.491797 0.113657 0.009635 0.031944
0 0.517057 0.119213 0.009635 0.031944
0 0.521224 0.050694 0.009115 0.029167
0 0.536589 0.055324 0.009115 0.029167
0 0.544401 0.056713 0.009115 0.029167
0 0.559766 0.065046 0.009115 0.029167
0 0.568359 0.065972 0.009115 0.029167
0 0.580599 0.071991 0.009115 0.029167
2 0.513151 0.044676 0.009115 0.029167
2 0.550911 0.129398 0.008073 0.036574
2 0.491016 0.196528 0.008594 0.021759
2 0.513151 0.205324 0.008594 0.021759
0 0.441797 0.174537 0.008594 0.022222
0 0.457161 0.181481 0.008594 0.022222
0 0.466276 0.186574 0.008594 0.022222
0 0.481120 0.193056 0.008594 0.022222
0 0.505599 0.204630 0.008594 0.022222
0 0.568750 0.273380 0.009375 0.031019
0 0.357943 0.066435 0.006510 0.024537
0 0.378776 0.183565 0.009115 0.032870
0 0.387370 0.184491 0.009115 0.032870
0 0.392839 0.200231 0.009115 0.032870
0 0.377083 0.298611 0.007292 0.027778
2 0.370443 0.280324 0.007552 0.030093
0 0.461719 0.134954 0.018750 0.018981
0 0.409245 0.332639 0.015885 0.013426
0 0.407943 0.349306 0.015885 0.013426
0 0.429036 0.357176 0.015885 0.013426
0 0.491797 0.336343 0.015885 0.013426
2 0.470052 0.331944 0.019271 0.018519
0 0.598047 0.077083 0.009115 0.025463
0 0.835286 0.032176 0.013281 0.032870
0 0.806641 0.113194 0.013281 0.032870
2 0.818880 0.110880 0.013281 0.032870
0 0.721745 0.253935 0.017969 0.023611
0 0.725651 0.269213 0.017969 0.023611
0 0.926302 0.166204 0.017708 0.023148
0 0.982552 0.234954 0.017188 0.017130
0 0.995313 0.251389 0.009375 0.017593
0 0.833854 0.309259 0.016667 0.021296
2 0.817708 0.291667 0.019792 0.025000
0 0.822526 0.340278 0.014323 0.025926
2 0.805859 0.367593 0.016927 0.029630
0 0.989583 0.614815 0.014063 0.020370
0 0.959245 0.628472 0.017448 0.026389
0 0.956901 0.659259 0.014844 0.024074
0 0.907552 0.665741 0.016667 0.023148
0 0.904167 0.705556 0.016667 0.023148
0 0.882031 0.754167 0.016667 0.023148
0 0.850260 0.761343 0.015104 0.020833
2 0.821745 0.735880 0.019531 0.022685
2 0.780078 0.789583 0.019531 0.022685
2 0.770182 0.824306 0.019531 0.022685
2 0.711979 0.853935 0.014063 0.015278
0 0.743620 0.853009 0.017448 0.016204
0 0.795703 0.647222 0.017448 0.017593
0 0.790755 0.662037 0.017448 0.017593
0 0.767057 0.646065 0.017448 0.021759
0 0.774870 0.634491 0.017448 0.021759
0 0.749349 0.617824 0.017448 0.018981
0 0.743229 0.660880 0.015625 0.016204
0 0.726042 0.647917 0.015625 0.016204
0 0.666927 0.613889 0.016146 0.018519
0 0.623698 0.529167 0.016146 0.018519
0 0.629687 0.591435 0.013542 0.015278
2 0.686849 0.624306 0.019010 0.020833
2 0.764453 0.612963 0.017969 0.016667
2 0.782682 0.622454 0.019010 0.018981
0 0.720052 0.528704 0.013542 0.029630
0 0.678385 0.346991 0.013021 0.021759
0 0.547266 0.425231 0.016927 0.020833
0 0.240365 0.068519 0.011979 0.026852
0 0.197656 0.184722 0.008854 0.028704
0 0.283854 0.278472 0.007812 0.027315
0 0.274740 0.293287 0.007812 0.027315
0 0.247135 0.318287 0.016146 0.011574
0 0.266927 0.323148 0.015104 0.012963
0 0.027865 0.294213 0.015625 0.026389
0 0.021875 0.257407 0.015104 0.021296
2 0.027995 0.268056 0.017969 0.021296
2 0.011589 0.246991 0.012760 0.026389
0 0.010026 0.409722 0.009115 0.025000
0 0.116016 0.467361 0.017969 0.017130
0 0.189062 0.490278 0.016667 0.012037
0 0.179818 0.618750 0.015885 0.015278
0 0.169922 0.629861 0.013802 0.016204
0 0.132812 0.624537 0.016667 0.023148
0 0.147135 0.683565 0.017708 0.013426
0 0.153646 0.702083 0.016146 0.014352
0 0.164844 0.737269 0.015625 0.015278
0 0.160026 0.718981 0.013281 0.012037
0 0.170313 0.753935 0.017708 0.013426
0 0.177604 0.773611 0.015104 0.016667
0 0.127344 0.700231 0.011979 0.025463
0 0.136198 0.725231 0.010937 0.021759
0 0.148958 0.764120 0.014063 0.025463
0 0.159635 0.793287 0.011979 0.027315
0 0.031510 0.710880 0.011979 0.027315
0 0.050000 0.760880 0.011979 0.027315
0 0.008073 0.604861 0.011458 0.031019
0 0.022526 0.582176 0.014844 0.021759
0 0.261719 0.473148 0.016667 0.012037
0 0.285938 0.471759 0.016667 0.012037
0 0.316406 0.477778 0.016667 0.012037
0 0.332813 0.463426 0.016667 0.012037
0 0.359635 0.452315 0.016667 0.012037
0 0.388802 0.470370 0.016667 0.012037
2 0.248828 0.542130 0.016406 0.022222
0 0.228125 0.672222 0.007812 0.030556
0 0.004427 0.921991 0.008333 0.023611
0 0.013151 0.960648 0.010156 0.027778
0 0.023047 0.986111 0.011198 0.025926
0 0.100130 0.905324 0.011198 0.025463
0 0.090495 0.877546 0.011198 0.025463
0 0.118359 0.963194 0.011198 0.025463
0 0.127734 0.987269 0.011198 0.025463
2 0.202995 0.801389 0.009115 0.033333
2 0.190234 0.928241 0.009115 0.033333
0 0.284505 0.629398 0.017448 0.017130
0 0.279557 0.672685 0.016406 0.012963
0 0.282552 0.647222 0.016667 0.016667
0 0.317969 0.643981 0.016146 0.015741
0 0.337240 0.650694 0.017188 0.014352
0 0.315365 0.671759 0.016667 0.014815
0 0.332031 0.691667 0.015625 0.013889
0 0.313021 0.699537 0.015625 0.013889
0 0.329948 0.719676 0.017188 0.013426
0 0.326693 0.748148 0.016927 0.015741
0 0.366016 0.744907 0.016927 0.015741
0 0.373177 0.662963 0.017188 0.016667
0 0.372526 0.675694 0.015885 0.015278
0 0.408854 0.689815 0.017188 0.016667
0 0.408594 0.703704 0.017188 0.016667
0 0.404687 0.730556 0.017188 0.016667
0 0.399479 0.771759 0.017188 0.016667
0 0.402995 0.757176 0.013802 0.016204
0 0.341927 0.593056 0.009896 0.029630
0 0.386458 0.606944 0.009896 0.029630
2 0.401953 0.615972 0.009635 0.035648
0 0.297786 0.795370 0.008073 0.030556
0 0.336068 0.807407 0.008073 0.030556
0 0.349870 0.813426 0.008073 0.030556
0 0.380859 0.825000 0.008073 0.030556
0 0.389714 0.827315 0.008073 0.030556
0 0.312891 0.799537 0.008073 0.022222
0 0.224479 0.897685 0.016146 0.014815
0 0.224219 0.912037 0.016146 0.014815
0 0.253255 0.935185 0.014844 0.025000
0 0.273177 0.854398 0.008854 0.030093
0 0.280990 0.856713 0.008854 0.030093
0 0.289323 0.861806 0.008854 0.030093
0 0.328385 0.941204 0.010937 0.024074
0 0.342187 0.927083 0.009896 0.027315
0 0.354948 0.912500 0.010417 0.025000
0 0.361719 0.904630 0.010417 0.025000
0 0.375260 0.893519 0.010417 0.025000
0 0.383854 0.873380 0.016146 0.017130
2 0.488021 0.471065 0.017708 0.017130
2 0.478125 0.507639 0.017708 0.011574
0 0.485417 0.573148 0.009896 0.029630
0 0.510417 0.599074 0.007292 0.027778
0 0.476042 0.696296 0.007292 0.027778
0 0.462500 0.750926 0.007292 0.027778
0 0.471875 0.763426 0.007292 0.027778
0 0.466927 0.804630 0.007292 0.031481
0 0.463151 0.887963 0.017448 0.016667
0 0.500260 0.893056 0.016667 0.014815
0 0.490755 0.914583 0.017969 0.018056
0 0.462630 0.946065 0.017969 0.018056
0 0.421484 0.970139 0.017969 0.018056
0 0.420052 0.937500 0.016667 0.020370
0 0.338021 0.989815 0.016667 0.020370
0 0.373437 0.988889 0.016667 0.020370
0 0.512500 0.871296 0.016667 0.014815
0 0.564583 0.874537 0.016667 0.014815
0 0.585677 0.903704 0.016667 0.014815
0 0.535156 0.918519 0.016667 0.014815
0 0.507292 0.980093 0.009896 0.021296
2 0.524870 0.943750 0.015885 0.017130
2 0.608594 0.808333 0.009896 0.030556
0 0.580078 0.850000 0.017969 0.016667
0 0.636849 0.883796 0.015885 0.017593
0 0.673047 0.869444 0.015885 0.017593
0 0.617057 0.749769 0.014323 0.025463
0 0.597917 0.698843 0.015104 0.013426
0 0.577734 0.731713 0.019531 0.012500
1 0.606901 0.570370 0.015365 0.025000
0 0.593099 0.571296 0.015885 0.017593
0 0.650130 0.681250 0.016927 0.015278
2 0.745052 0.630556 0.019271 0.018519
2 0.408984 0.675463 0.015365 0.015741
0 0.632943 0.753935 0.015885 0.015278
0 0.651953 0.742130 0.014323 0.012963
2 0.397266 0.520139 0.008073 0.010648
0 0.695052 0.725694 0.016146 0.011574
0 0.677083 0.732870 0.012500 0.009259
0 0.417708 0.991667 0.017188 0.016667
