0 0.973177 0.043519 0.016146 0.015741
0 0.992578 0.045139 0.014844 0.014352
0 0.993620 0.792824 0.009115 0.022685
0 0.989323 0.313426 0.017708 0.015741
0 0.978776 0.327315 0.014323 0.015741
0 0.909766 0.830093 0.008594 0.027778
0 0.723177 0.356481 0.012500 0.024074
0 0.712370 0.576620 0.015365 0.014352
0 0.711979 0.649537 0.011979 0.029630
0 0.701823 0.478472 0.017708 0.029167
0 0.683984 0.518519 0.015365 0.023148
0 0.671745 0.519444 0.015365 0.023148
0 0.657943 0.520370 0.015365 0.023148
0 0.622266 0.521759 0.015365 0.023148
0 0.588802 0.526157 0.013021 0.023611
2 0.601172 0.525694 0.015365 0.028241
0 0.629687 0.636343 0.008854 0.032870
0 0.625260 0.571991 0.014063 0.027315
0 0.637891 0.565509 0.016406 0.025463
0 0.618099 0.581481 0.011198 0.025926
0 0.554557 0.712731 0.014844 0.011574
0 0.619401 0.611111 0.013802 0.028704
0 0.520443 0.556944 0.011719 0.025000
0 0.542969 0.577083 0.016667 0.023611
0 0.396615 0.756481 0.013542 0.016667
0 0.363802 0.785880 0.015625 0.019907
0 0.246094 0.864120 0.015625 0.019907
0 0.287370 0.768981 0.013281 0.028704
0 0.440365 0.524306 0.015625 0.018981
2 0.506641 0.387963 0.016406 0.036111
2 0.545182 0.275231 0.012240 0.028241
2 0.585417 0.271759 0.013021 0.031481
2 0.558594 0.343056 0.011458 0.032407
0 0.557682 0.377778 0.016406 0.013889
0 0.499740 0.450000 0.016146 0.021296
0 0.627474 0.097222 0.009115 0.017593
0 0.480859 0.113889 0.011198 0.027778
0 0.794010 0.024769 0.015104 0.026389
2 0.840234 0.074074 0.018490 0.026852
0 0.750521 0.225231 0.016667 0.028241
0 0.838932 0.333796 0.011719 0.016667
0 0.841667 0.287731 0.016667 0.021759
0 0.826302 0.312731 0.013542 0.031944
0 0.969141 0.908102 0.016406 0.020833
0 0.579167 0.569676 0.010417 0.021759
0 0.627474 0.699537 0.014323 0.036111
0 0.705339 0.207407 0.015885 0.019444
0 0.668490 0.246528 0.018229 0.023611
0 0.941927 0.323380 0.016146 0.023611
0 0.965104 0.400231 0.016667 0.011574
0 0.892188 0.490278 0.017708 0.015741
0 0.931380 0.596528 0.015365 0.012500
2 0.914714 0.550463 0.018490 0.013889
0 0.770443 0.457870 0.008073 0.031481
0 0.791016 0.508102 0.008594 0.022685
0 0.802474 0.539352 0.007031 0.026852
0 0.774870 0.756713 0.013802 0.026389
0 0.823438 0.885185 0.020833 0.013889
0 0.742318 0.735417 0.012760 0.026389
0 0.767318 0.797454 0.012760 0.026389
2 0.756120 0.771528 0.012760 0.026389
0 0.691406 0.805556 0.008854 0.030556
0 0.681250 0.775000 0.006771 0.023148
0 0.704557 0.851157 0.011198 0.026389
0 0.726172 0.895602 0.009635 0.030093
2 0.752995 0.967361 0.009635 0.030093
0 0.590625 0.605787 0.010417 0.021759
0 0.616276 0.670139 0.012240 0.025463
0 0.641016 0.732639 0.012240 0.025463
0 0.673828 0.825231 0.012240 0.025463
2 0.600651 0.840509 0.016406 0.012500
0 0.585156 0.866204 0.011458 0.026852
0 0.268229 0.937500 0.018750 0.023148
2 0.019661 0.926157 0.022656 0.025463
2 0.113151 0.794907 0.010156 0.013889
0 0.552083 0.265972 0.011458 0.030093
0 0.452083 0.359954 0.011458 0.030093
0 0.141276 0.389352 0.007031 0.021296
0 0.133984 0.392361 0.009115 0.027315
0 0.162891 0.377546 0.009115 0.030093
0 0.117188 0.170370 0.008854 0.029630
2 0.025911 0.396528 0.009635 0.029167
0 0.163542 0.465046 0.008333 0.027315
0 0.512370 0.157176 0.007552 0.013426
0 0.567187 0.126852 0.007812 0.008333
0 0.910807 0.109954 0.019010 0.017130
0 0.944401 0.130093 0.017969 0.015741
0 0.868620 0.096528 0.019010 0.017130
0 0.729297 0.046759 0.009635 0.012963
0 0.649479 0.262731 0.018229 0.023611
0 0.632292 0.279398 0.018229 0.023611
0 0.569010 0.284028 0.011458 0.030093
0 0.521094 0.296528 0.011458 0.030093
0 0.513542 0.301620 0.011458 0.030093
0 0.505990 0.310880 0.011458 0.030093
0 0.491667 0.323843 0.011458 0.030093
0 0.484115 0.332176 0.011458 0.030093
0 0.550781 0.350694 0.011458 0.030093
0 0.544010 0.358565 0.011458 0.030093
0 0.500130 0.396991 0.011198 0.028241
0 0.492839 0.402778 0.010156 0.027778
0 0.484896 0.407870 0.011979 0.030556
0 0.464062 0.428704 0.011979 0.030556
0 0.442969 0.448148 0.011979 0.030556
0 0.477865 0.415278 0.011979 0.030556
0 0.428646 0.463657 0.012500 0.030093
0 0.408724 0.401157 0.013281 0.032870
0 0.395964 0.413194 0.013281 0.032870
0 0.373568 0.433565 0.013281 0.032870
0 0.356380 0.446991 0.013281 0.032870
0 0.349609 0.454861 0.013281 0.032870
0 0.334375 0.466667 0.010417 0.026852
0 0.399870 0.490509 0.013281 0.032870
0 0.379036 0.508565 0.013281 0.032870
0 0.356901 0.528241 0.011719 0.027778
0 0.371484 0.517130 0.011719 0.027778
0 0.350391 0.531944 0.011719 0.027778
0 0.437370 0.148148 0.011198 0.027778
0 0.422786 0.166204 0.011198 0.027778
0 0.409505 0.177778 0.011198 0.027778
0 0.316797 0.257176 0.013281 0.030093
0 0.310547 0.264120 0.013281 0.030093
0 0.303646 0.271065 0.010417 0.025463
0 0.395052 0.565972 0.015625 0.018981
0 0.158464 0.344676 0.009115 0.030093
0 0.150651 0.280324 0.009115 0.030093
0 0.145443 0.244213 0.009115 0.030093
0 0.116797 0.236343 0.009115 0.030093
0 0.095182 0.242824 0.009115 0.030093
0 0.086068 0.240972 0.006510 0.019907
0 0.077604 0.240741 0.006250 0.014815
0 0.107552 0.170370 0.008854 0.029630
0 0.100521 0.175926 0.008333 0.026852
0 0.092448 0.176389 0.008854 0.029630
0 0.083073 0.176852 0.008854 0.029630
0 0.056641 0.215046 0.013802 0.010648
2 0.054297 0.171991 0.017969 0.016204
0 0.050391 0.146065 0.017969 0.016204
0 0.048047 0.128935 0.017969 0.016204
0 0.125130 0.386343 0.009115 0.027315
0 0.116016 0.390046 0.009115 0.027315
0 0.096224 0.387731 0.009115 0.027315
0 0.085286 0.389583 0.009115 0.027315
0 0.067057 0.393287 0.009115 0.027315
0 0.042448 0.393981 0.009375 0.031481
0 0.018490 0.397454 0.008333 0.024537
2 0.003776 0.415972 0.007031 0.031944
0 0.074219 0.434491 0.018750 0.013426
0 0.008724 0.463889 0.008594 0.030556
0 0.002214 0.470139 0.003906 0.031019
2 0.025781 0.505787 0.020313 0.018981
0 0.072917 0.858565 0.018750 0.019907
0 0.033073 0.890972 0.018750 0.019907
2 0.096745 0.940046 0.017969 0.032870
0 0.136849 0.216435 0.009635 0.020833
0 0.119531 0.069444 0.010417 0.036111
0 0.958073 0.381713 0.016667 0.011574
0 0.977344 0.434954 0.016667 0.011574
0 0.982552 0.451620 0.016667 0.011574
0 0.990365 0.471065 0.016667 0.011574
0 0.970964 0.417361 0.012240 0.010648
0 0.877865 0.447917 0.015104 0.012500
0 0.854297 0.385648 0.017448 0.013889
0 0.859766 0.401389 0.017448 0.013889
0 0.736198 0.378241 0.012500 0.024074
0 0.776953 0.475463 0.008073 0.031481
0 0.782422 0.490741 0.008073 0.031481
0 0.796484 0.527778 0.008073 0.031481
0 0.806901 0.554630 0.008073 0.031481
0 0.813411 0.568519 0.008073 0.031481
0 0.823047 0.597222 0.008073 0.031481
0 0.829818 0.616898 0.008594 0.030093
0 0.834635 0.629167 0.007812 0.028704
0 0.846875 0.662037 0.007812 0.028704
0 0.857552 0.691667 0.007812 0.028704
0 0.864062 0.704167 0.007812 0.028704
0 0.892448 0.778241 0.007812 0.028704
0 0.897917 0.796528 0.008333 0.022685
0 0.904167 0.812269 0.008333 0.022685
0 0.875521 0.733565 0.008333 0.022685
2 0.880469 0.749074 0.011458 0.029630
0 0.921224 0.969213 0.016406 0.020833
0 0.902995 0.964120 0.016406 0.020833
0 0.952214 0.955787 0.013281 0.016204
0 0.723047 0.607639 0.015365 0.014352
0 0.728255 0.623380 0.015365 0.014352
0 0.733724 0.637269 0.012240 0.012500
0 0.756510 0.696991 0.015625 0.014352
0 0.762891 0.712731 0.017448 0.017130
0 0.767708 0.728241 0.015625 0.013889
0 0.795182 0.809954 0.013802 0.026389
0 0.837500 0.915046 0.017188 0.013426
0 0.734635 0.710648 0.011979 0.029630
0 0.780339 0.828472 0.012760 0.026389
0 0.790234 0.857870 0.012760 0.025926
0 0.812891 0.918519 0.012760 0.025926
0 0.636719 0.650694 0.008854 0.032870
0 0.647135 0.682176 0.008854 0.032870
0 0.657813 0.711343 0.008854 0.032870
0 0.670052 0.744676 0.008854 0.032870
0 0.687240 0.789120 0.008854 0.032870
0 0.698438 0.819213 0.008854 0.032870
0 0.731120 0.911806 0.009635 0.030093
0 0.739974 0.939120 0.009635 0.030093
0 0.687370 0.862731 0.012240 0.025463
0 0.697266 0.889120 0.012240 0.025463
0 0.711068 0.926157 0.012240 0.025463
0 0.722526 0.954398 0.012240 0.025463
0 0.733984 0.985417 0.012240 0.025463
0 0.759505 0.985880 0.012240 0.025463
0 0.558984 0.725231 0.014844 0.011574
0 0.565755 0.741435 0.014844 0.011574
0 0.571094 0.754861 0.013021 0.010648
0 0.595833 0.826389 0.016146 0.012963
0 0.616927 0.881944 0.016146 0.012963
0 0.628125 0.909722 0.016146 0.012963
0 0.638281 0.938426 0.016146 0.012963
0 0.634115 0.924306 0.011979 0.010648
0 0.649219 0.965509 0.011979 0.010648
0 0.562760 0.806019 0.011458 0.026852
0 0.541406 0.744907 0.013021 0.026852
0 0.519271 0.687037 0.011458 0.026852
0 0.607292 0.922685 0.011458 0.026852
0 0.619010 0.957870 0.011458 0.026852
0 0.629557 0.984028 0.011198 0.024537
0 0.511849 0.561574 0.011719 0.025000
0 0.503516 0.567130 0.010677 0.027778
0 0.496484 0.572685 0.011719 0.025000
0 0.326562 0.819676 0.015625 0.019907
0 0.272396 0.842824 0.015625 0.019907
0 0.289583 0.825694 0.016146 0.021759
0 0.370443 0.903935 0.016406 0.022685
0 0.403516 0.879398 0.016406 0.022685
0 0.405859 0.898380 0.016406 0.022685
0 0.318359 0.978472 0.015365 0.020833
0 0.338021 0.990509 0.015104 0.018981
0 0.492318 0.968056 0.011719 0.019444
0 0.250260 0.876157 0.015625 0.019907
0 0.252865 0.890046 0.015625 0.019907
0 0.279167 0.775694 0.011979 0.030093
0 0.271615 0.785880 0.011979 0.030093
0 0.262760 0.792593 0.010417 0.020370
0 0.234635 0.826389 0.012500 0.017593
0 0.150781 0.965278 0.013021 0.016667
0 0.153776 0.978009 0.009115 0.017130
0 0.159766 0.993287 0.014844 0.013426
0 0.103646 0.719676 0.008854 0.021759
0 0.043620 0.055093 0.011198 0.028704
0 0.019661 0.055556 0.017448 0.012963
0 0.005078 0.059491 0.009635 0.016204
0 0.254427 0.972917 0.016667 0.021759
0 0.334505 0.784954 0.017448 0.021759
