0 0.723958 0.310417 0.019271 0.017130
0 0.874870 0.510417 0.015365 0.014352
0 0.847005 0.449537 0.015365 0.023148
0 0.704818 0.510185 0.015365 0.023148
0 0.799219 0.587731 0.008854 0.032870
2 0.729818 0.273611 0.016406 0.036111
2 0.715755 0.204861 0.012240 0.028241
2 0.758203 0.199074 0.014844 0.033333
2 0.678255 0.315509 0.015885 0.036574
0 0.716797 0.070370 0.009115 0.017593
0 0.650651 0.040741 0.011198 0.027778
0 0.813281 0.243519 0.017708 0.023148
0 0.994010 0.238889 0.011979 0.030556
0 0.991797 0.989583 0.016406 0.020833
0 0.641536 0.942130 0.013802 0.016667
0 0.270182 0.769213 0.017448 0.022685
0 0.307943 0.876389 0.008594 0.014815
0 0.877474 0.137731 0.018490 0.021759
0 0.677474 0.387963 0.014844 0.019444
0 0.941667 0.405787 0.010417 0.028241
0 0.562500 0.691435 0.013021 0.018056
0 0.572786 0.835648 0.016406 0.022222
0 0.590625 0.990046 0.015625 0.017130
0 0.627344 0.956713 0.015104 0.018056
0 0.317318 0.902546 0.014844 0.018056
0 0.386458 0.964352 0.015104 0.018519
0 0.721354 0.196065 0.011458 0.030093
0 0.308984 0.323611 0.007031 0.021296
0 0.301172 0.328935 0.009115 0.027315
0 0.242839 0.371759 0.017448 0.011111
2 0.194922 0.371296 0.022656 0.016667
0 0.803255 0.018056 0.009635 0.012963
0 0.622396 0.292130 0.012500 0.032407
0 0.721484 0.280324 0.011198 0.028241
0 0.607161 0.081019 0.011198 0.027778
0 0.508984 0.171296 0.011198 0.027778
0 0.594922 0.091204 0.011198 0.027778
0 0.487109 0.190046 0.013281 0.030093
2 0.501042 0.180324 0.014583 0.029167
0 0.313672 0.179861 0.009115 0.030093
0 0.225391 0.153241 0.015365 0.014815
2 0.222005 0.109954 0.017969 0.016204
2 0.195052 0.335880 0.010417 0.029167
0 0.155078 0.348380 0.009115 0.027315
0 0.176432 0.404398 0.009115 0.027315
2 0.194531 0.446065 0.019271 0.013426
0 0.015104 0.882639 0.018229 0.024537
0 0.304297 0.151157 0.009635 0.020833
0 0.716016 0.647685 0.014844 0.012963
0 0.839844 0.171528 0.017708 0.021759
0 0.802214 0.207639 0.017969 0.024537
0 0.820052 0.191898 0.017708 0.021759
0 0.569792 0.420370 0.013021 0.032407
0 0.541927 0.500000 0.016667 0.022222
0 0.641927 0.422222 0.016667 0.022222
0 0.578125 0.333796 0.012500 0.031481
0 0.469922 0.356019 0.016406 0.025000
0 0.251823 0.112963 0.008854 0.029630
0 0.218490 0.080787 0.014583 0.015278
0 0.216797 0.066435 0.017969 0.016204
0 0.285286 0.171528 0.009115 0.030093
0 0.802083 0.499074 0.015625 0.022222
0 0.988151 0.818750 0.018490 0.011574
0 0.996224 0.849074 0.007552 0.010185
0 0.834505 0.449537 0.015365 0.023148
0 0.819922 0.451389 0.015365 0.023148
0 0.790495 0.632407 0.012240 0.028704
0 0.682422 0.625926 0.012240 0.023148
0 0.657292 0.902546 0.012500 0.014352
0 0.682161 0.489583 0.011719 0.025463
0 0.537370 0.843519 0.016406 0.022222
0 0.456510 0.885648 0.012500 0.029630
0 0.476953 0.954167 0.016406 0.022222
0 0.419141 0.912963 0.016406 0.022222
0 0.503125 0.928241 0.014583 0.022222
0 0.433984 0.874074 0.018490 0.023148
0 0.400911 0.762500 0.013802 0.016667
0 0.317057 0.760648 0.015365 0.015741
0 0.416406 0.812500 0.017708 0.023148
0 0.419922 0.825000 0.016406 0.019444
0 0.501172 0.721759 0.019010 0.020370
0 0.454948 0.706019 0.010417 0.025926
0 0.446745 0.712963 0.012760 0.027778
0 0.438151 0.722685 0.012760 0.027778
0 0.429297 0.728704 0.010156 0.021296
0 0.322266 0.914583 0.012240 0.014352
0 0.325911 0.932639 0.015885 0.013426
0 0.295182 0.833796 0.008594 0.014815
0 0.291016 0.820833 0.008594 0.014815
0 0.285026 0.810185 0.010677 0.022222
2 0.263542 0.879167 0.016146 0.031481
0 0.238021 0.899306 0.010937 0.025463
0 0.313672 0.731019 0.014323 0.017593
0 0.110417 0.900000 0.018229 0.021296
0 0.269401 0.660417 0.006510 0.026389
0 0.261458 0.113889 0.008854 0.029630
0 0.268359 0.112963 0.009115 0.029630
0 0.277083 0.111111 0.008854 0.029630
0 0.284896 0.107407 0.008854 0.029630
0 0.319922 0.211806 0.009115 0.030093
0 0.326432 0.278935 0.009115 0.030093
0 0.329036 0.311343 0.009115 0.030093
0 0.293880 0.323843 0.009115 0.027315
0 0.286589 0.326620 0.009115 0.027315
0 0.263411 0.324306 0.009115 0.027315
0 0.253776 0.325231 0.009115 0.027315
0 0.235547 0.329861 0.009115 0.027315
0 0.211068 0.331250 0.009115 0.027315
0 0.186068 0.336343 0.009115 0.027315
0 0.330208 0.401852 0.009375 0.025926
0 0.168359 0.406713 0.009115 0.027315
0 0.153516 0.411343 0.009635 0.030093
0 0.130599 0.418750 0.009635 0.030093
0 0.105469 0.392130 0.016667 0.013889
0 0.102604 0.376852 0.016667 0.013889
0 0.057161 0.536806 0.010156 0.031944
0 0.047526 0.640509 0.011719 0.025463
0 0.028516 0.605556 0.014844 0.017593
0 0.025651 0.617130 0.014844 0.017593
0 0.022005 0.630324 0.016927 0.018056
0 0.017578 0.643981 0.014323 0.019444
0 0.014453 0.656944 0.014323 0.019444
0 0.012891 0.669444 0.014323 0.019444
0 0.033464 0.705556 0.010677 0.023148
0 0.026562 0.735417 0.010417 0.030093
0 0.017188 0.764583 0.010417 0.030093
0 0.011979 0.794676 0.010417 0.030093
0 0.006510 0.709259 0.012500 0.019444
0 0.023958 0.842361 0.016667 0.016204
0 0.019922 0.855787 0.016927 0.020833
2 0.019141 0.870833 0.018490 0.017593
0 0.249870 0.060185 0.017448 0.013889
0 0.245052 0.030093 0.013021 0.012963
0 0.292578 0.012037 0.009115 0.022222
2 0.323307 0.048380 0.012760 0.039352
2 0.282943 0.729398 0.017969 0.021759
0 0.236458 0.801620 0.021875 0.024537
2 0.185417 0.864583 0.020313 0.024537
0 0.349609 0.945139 0.009635 0.023611
0 0.437500 0.780324 0.017708 0.018056
0 0.453906 0.763194 0.017708 0.018056
0 0.492448 0.758102 0.017708 0.018056
0 0.528385 0.722454 0.017708 0.018056
0 0.483724 0.916204 0.016406 0.022222
0 0.569401 0.816667 0.016406 0.022222
0 0.480599 0.195602 0.013281 0.030093
0 0.469922 0.200694 0.013281 0.030093
0 0.948177 0.422222 0.009375 0.028704
0 0.953906 0.433796 0.009375 0.028704
0 0.960156 0.459722 0.009375 0.028704
0 0.966146 0.470370 0.009375 0.028704
0 0.971615 0.486574 0.009375 0.028704
0 0.976562 0.497685 0.009375 0.028704
0 0.988802 0.530093 0.009375 0.028704
0 0.994010 0.546296 0.009375 0.028704
0 0.888411 0.541435 0.015365 0.014352
0 0.892318 0.556250 0.015365 0.014352
0 0.899089 0.571065 0.015365 0.014352
0 0.919661 0.628935 0.015365 0.014352
0 0.927344 0.646528 0.017188 0.016204
0 0.933464 0.661343 0.015365 0.014352
0 0.938281 0.685648 0.012500 0.024074
0 0.960417 0.744444 0.012500 0.024074
0 0.785677 0.454630 0.012500 0.022222
0 0.752344 0.458333 0.012500 0.022222
2 0.765234 0.460417 0.014323 0.027315
0 0.788542 0.506019 0.014063 0.027778
0 0.782552 0.514352 0.014063 0.027778
0 0.782552 0.545139 0.010417 0.025463
0 0.793490 0.571296 0.010937 0.029630
0 0.809896 0.617824 0.008854 0.032870
0 0.822917 0.647454 0.008854 0.032870
0 0.833594 0.676157 0.008854 0.032870
0 0.844010 0.706250 0.008854 0.032870
0 0.850260 0.724306 0.008854 0.032870
0 0.855208 0.741435 0.008854 0.032870
0 0.862500 0.753472 0.008854 0.032870
0 0.870443 0.784491 0.011719 0.029167
0 0.889844 0.832176 0.008854 0.032870
0 0.894792 0.845602 0.008854 0.032870
0 0.906250 0.875231 0.008854 0.032870
0 0.922656 0.916435 0.008854 0.032870
0 0.930208 0.935417 0.008854 0.032870
2 0.917969 0.903935 0.008854 0.032870
0 0.676432 0.496528 0.011719 0.025463
0 0.667578 0.501620 0.011719 0.025463
0 0.660026 0.506250 0.011719 0.025463
0 0.834766 0.756944 0.012240 0.028704
0 0.849089 0.792593 0.012240 0.028704
0 0.861589 0.821296 0.012240 0.028704
0 0.875911 0.861111 0.012240 0.028704
0 0.883984 0.886574 0.012240 0.028704
0 0.899089 0.923611 0.012240 0.028704
0 0.722266 0.661574 0.014844 0.012963
0 0.728255 0.677315 0.014844 0.012963
0 0.733594 0.690278 0.013021 0.012037
0 0.757552 0.760417 0.015104 0.011574
2 0.764062 0.776157 0.017708 0.015278
0 0.778385 0.817361 0.015104 0.011574
0 0.790885 0.845602 0.015104 0.011574
0 0.801823 0.873380 0.015104 0.011574
0 0.827604 0.947454 0.015104 0.011574
0 0.823438 0.932176 0.015104 0.011574
0 0.838281 0.972917 0.015104 0.011574
0 0.844531 0.989120 0.015104 0.011574
0 0.812240 0.901620 0.011979 0.012500
0 0.796875 0.859491 0.011979 0.012500
0 0.702995 0.681019 0.012240 0.023148
0 0.725391 0.740278 0.012240 0.023148
0 0.747005 0.800926 0.012240 0.023148
0 0.771094 0.858796 0.012500 0.023148
0 0.783333 0.895833 0.012500 0.023148
0 0.791927 0.921759 0.012500 0.023148
0 0.805469 0.950463 0.012500 0.023148
0 0.813542 0.977315 0.012500 0.023148
0 0.739062 0.214120 0.011458 0.030093
0 0.691146 0.226157 0.011458 0.030093
0 0.683594 0.234028 0.011458 0.030093
0 0.676302 0.240972 0.011458 0.030093
0 0.661979 0.253009 0.011458 0.030093
0 0.653906 0.262269 0.011458 0.030093
0 0.706250 0.209259 0.009896 0.023148
0 0.714193 0.286806 0.011198 0.028241
0 0.671224 0.327546 0.011198 0.028241
0 0.664193 0.332176 0.011198 0.028241
0 0.655859 0.340509 0.011198 0.028241
0 0.648568 0.346065 0.011198 0.028241
0 0.634115 0.360185 0.012500 0.032407
0 0.613021 0.381481 0.011979 0.029630
0 0.599219 0.394907 0.011979 0.029630
0 0.549219 0.441204 0.013021 0.032407
0 0.520573 0.467130 0.013021 0.032407
0 0.527344 0.460185 0.012500 0.027778
0 0.541927 0.451389 0.012500 0.027778
0 0.565625 0.345833 0.012500 0.031481
0 0.542708 0.366667 0.012500 0.031481
0 0.526302 0.382407 0.012500 0.031481
0 0.518229 0.389815 0.012500 0.031481
0 0.504557 0.398843 0.010156 0.022685
0 0.469271 0.291667 0.009896 0.022222
2 0.030859 0.838194 0.023698 0.021759
0 0.178516 0.967593 0.013802 0.016667
2 0.208594 0.980556 0.010937 0.021296
0 0.256120 0.883102 0.010677 0.026389
2 0.270703 0.693519 0.006510 0.029630
0 0.119922 0.803704 0.011198 0.022222
0 0.470313 0.929398 0.013542 0.018056
