0 0.929948 0.111343 0.019271 0.017130
2 0.941927 0.065278 0.015104 0.034259
2 0.889323 0.113194 0.020833 0.041204
0 0.861458 0.196991 0.017188 0.024537
0 0.690625 0.881019 0.008854 0.019444
0 0.401693 0.989352 0.010156 0.021296
2 0.489193 0.164352 0.019010 0.013889
2 0.397786 0.141435 0.010677 0.029167
0 0.258984 0.349306 0.007552 0.030093
2 0.397135 0.252546 0.019271 0.013426
0 0.595833 0.447685 0.016667 0.022222
0 0.524089 0.015509 0.009115 0.030093
0 0.844401 0.753009 0.014844 0.018056
0 0.569010 0.982176 0.015104 0.015278
0 0.491016 0.618750 0.016927 0.024537
0 0.519401 0.571528 0.014323 0.014352
0 0.497396 0.631713 0.017188 0.020833
2 0.277604 0.872917 0.010937 0.029167
0 0.319271 0.620833 0.009375 0.021296
0 0.390495 0.146065 0.009115 0.030093
0 0.489453 0.130787 0.009115 0.030093
0 0.230208 0.418750 0.017708 0.018981
0 0.204427 0.521528 0.017188 0.021759
0 0.248177 0.453472 0.009375 0.027315
2 0.484245 0.542824 0.017969 0.021759
0 0.125000 0.855093 0.010417 0.023148
2 0.385417 0.681250 0.018750 0.024537
0 0.605729 0.573148 0.014063 0.018519
0 0.588151 0.780324 0.014323 0.020833
2 0.967708 0.265509 0.016146 0.028241
0 0.921875 0.471528 0.015625 0.011574
2 0.964974 0.586574 0.016406 0.013889
0 0.898438 0.868981 0.012500 0.023148
0 0.910547 0.853935 0.014844 0.024537
0 0.882031 0.120833 0.012500 0.030556
0 0.677344 0.156944 0.015104 0.017593
0 0.676823 0.091667 0.011458 0.025000
0 0.967187 0.114583 0.017708 0.021759
0 0.787630 0.132176 0.015365 0.032870
0 0.535026 0.205787 0.008073 0.026389
0 0.513281 0.129167 0.006250 0.021296
0 0.304818 0.185880 0.018490 0.015278
0 0.306641 0.202083 0.018490 0.015278
0 0.228255 0.430093 0.014844 0.017593
0 0.224349 0.444213 0.016406 0.023611
0 0.220703 0.458102 0.014844 0.019907
0 0.214323 0.483333 0.016667 0.023148
0 0.217708 0.469444 0.014583 0.018519
0 0.200781 0.535417 0.018229 0.019907
0 0.194792 0.554630 0.015104 0.025000
0 0.239844 0.490046 0.010417 0.030093
0 0.224740 0.552546 0.010417 0.030093
0 0.232813 0.522685 0.008333 0.023148
0 0.216927 0.584954 0.010417 0.030093
0 0.210677 0.614120 0.008854 0.024537
2 0.229427 0.653241 0.022396 0.028704
0 0.223438 0.660185 0.015625 0.023148
2 0.217708 0.687731 0.016146 0.022685
0 0.183333 0.724537 0.009375 0.021296
2 0.327865 0.941204 0.013021 0.025000
0 0.257292 0.854398 0.015104 0.018056
2 0.411068 0.802778 0.012240 0.032407
0 0.552214 0.755093 0.011198 0.025000
0 0.640625 0.591667 0.015104 0.019444
0 0.733073 0.531481 0.016667 0.019444
0 0.773568 0.625926 0.016406 0.022222
0 0.776432 0.644444 0.016406 0.022222
0 0.767057 0.502083 0.012240 0.017130
0 0.714063 0.861806 0.015104 0.024537
0 0.907943 0.318750 0.014844 0.021759
0 0.901823 0.019676 0.013542 0.024537
0 0.831641 0.089815 0.013281 0.030556
0 0.859635 0.144676 0.010937 0.027315
0 0.532682 0.083102 0.009115 0.030093
0 0.535286 0.117824 0.009115 0.030093
0 0.506510 0.133333 0.009375 0.027778
0 0.496875 0.128704 0.009375 0.027778
0 0.467448 0.128704 0.008333 0.025926
0 0.459245 0.132176 0.010677 0.030093
0 0.413672 0.135880 0.009115 0.030093
0 0.440234 0.135880 0.009115 0.030093
0 0.359505 0.155324 0.009115 0.030093
0 0.370964 0.214120 0.009115 0.028241
0 0.379036 0.210880 0.009115 0.028241
0 0.219010 0.674537 0.016146 0.025000
0 0.212760 0.700000 0.015625 0.023148
0 0.117578 0.861806 0.011719 0.029167
0 0.105078 0.875694 0.012240 0.027315
0 0.075651 0.903009 0.012240 0.029167
0 0.119531 0.814815 0.011979 0.015741
0 0.309505 0.717824 0.019010 0.024537
0 0.353125 0.695833 0.016146 0.023148
0 0.311979 0.915046 0.010937 0.022685
0 0.529818 0.745602 0.014844 0.018981
2 0.466536 0.693519 0.014844 0.034259
0 0.638542 0.684954 0.015625 0.022685
0 0.741016 0.650926 0.016406 0.022222
0 0.702474 0.903704 0.015365 0.022222
0 0.659896 0.697222 0.011979 0.030556
0 0.660156 0.512037 0.012500 0.026852
0 0.885286 0.297917 0.011719 0.025463
0 0.990625 0.311343 0.013542 0.026389
0 0.983984 0.321065 0.012760 0.025463
0 0.987630 0.260185 0.015365 0.023148
0 0.957422 0.263889 0.015365 0.023148
0 0.985807 0.353241 0.013281 0.027778
0 0.960417 0.571991 0.015625 0.011574
0 0.995703 0.670139 0.008594 0.009722
0 0.933073 0.897222 0.011458 0.016667
0 0.356901 0.219676 0.009115 0.028241
0 0.332422 0.224306 0.009115 0.028241
0 0.418490 0.202083 0.005729 0.028241
0 0.420182 0.241435 0.008594 0.025463
0 0.061328 0.915509 0.012240 0.029167
0 0.054557 0.920602 0.012240 0.029167
0 0.005078 0.921296 0.009635 0.020370
0 0.216927 0.828935 0.018229 0.022685
0 0.886719 0.034722 0.014583 0.027778
0 0.871875 0.048148 0.014583 0.027778
0 0.865495 0.058102 0.013802 0.030093
0 0.895703 0.028472 0.013802 0.030093
0 0.952344 0.010417 0.012500 0.019907
0 0.918880 0.008102 0.010156 0.015278
0 0.750651 0.165509 0.015365 0.032870
0 0.773177 0.145602 0.014063 0.030093
0 0.734375 0.182176 0.011979 0.030093
0 0.726823 0.188657 0.011979 0.030093
0 0.712630 0.201157 0.009635 0.024537
0 0.717578 0.195602 0.009635 0.024537
0 0.874740 0.128704 0.010937 0.026852
0 0.867188 0.138194 0.011979 0.031019
0 0.845703 0.158796 0.013802 0.032407
0 0.823307 0.177778 0.013802 0.032407
0 0.808724 0.194444 0.012760 0.031481
0 0.779557 0.220139 0.014844 0.036574
0 0.757682 0.240741 0.012240 0.029630
0 0.751953 0.250463 0.012240 0.029630
0 0.735547 0.262037 0.012240 0.029630
0 0.726172 0.264815 0.012240 0.029630
0 0.877214 0.304398 0.011719 0.025463
0 0.868229 0.309954 0.010937 0.028241
0 0.859505 0.315046 0.011719 0.025463
0 0.994922 0.381250 0.008594 0.027315
0 0.917448 0.455787 0.015625 0.011574
0 0.928125 0.485880 0.013542 0.010648
0 0.934245 0.500000 0.011198 0.011111
0 0.992188 0.656250 0.015625 0.011574
0 0.979948 0.626620 0.015625 0.011574
0 0.703906 0.530556 0.016667 0.019444
0 0.694792 0.567593 0.016667 0.019444
0 0.659245 0.573380 0.018490 0.024537
0 0.619010 0.624537 0.015104 0.019444
0 0.623437 0.637037 0.015104 0.019444
0 0.623307 0.723611 0.016406 0.020370
0 0.686589 0.728241 0.016406 0.020370
0 0.706120 0.741204 0.016406 0.020370
0 0.681901 0.764352 0.016406 0.020370
0 0.673047 0.742130 0.015365 0.018519
0 0.829036 0.769213 0.014844 0.018056
0 0.793229 0.803704 0.017708 0.020370
0 0.708464 0.928241 0.015365 0.022222
0 0.712370 0.939352 0.015365 0.022222
0 0.719141 0.963889 0.015365 0.022222
0 0.724609 0.976620 0.014323 0.026389
0 0.726953 0.988889 0.015365 0.020370
0 0.733464 0.995139 0.011719 0.009722
0 0.915234 0.865509 0.014844 0.024537
0 0.937760 0.908333 0.011458 0.016667
0 0.615625 0.448611 0.016667 0.022222
0 0.579688 0.482407 0.016667 0.022222
0 0.537370 0.524074 0.022656 0.026852
0 0.643750 0.530556 0.011979 0.027778
0 0.651302 0.521296 0.011979 0.027778
0 0.635026 0.538657 0.009635 0.022685
0 0.525651 0.728472 0.014844 0.018981
0 0.520703 0.718750 0.014844 0.018981
0 0.512370 0.687731 0.015885 0.022685
0 0.500260 0.647454 0.017188 0.020833
2 0.472135 0.503241 0.007292 0.031481
0 0.470443 0.472917 0.006510 0.029167
0 0.892188 0.879630 0.012500 0.023148
0 0.883333 0.887500 0.012500 0.023148
0 0.876042 0.895139 0.013021 0.026389
0 0.864453 0.903704 0.011198 0.024074
0 0.716406 0.037269 0.006771 0.017130
0 0.339193 0.650463 0.012760 0.025926
0 0.529297 0.835880 0.017969 0.024537
0 0.116146 0.799074 0.011979 0.015741
0 0.926042 0.079861 0.011458 0.024537
0 0.933854 0.074769 0.011458 0.029167
