0 0.961328 0.311111 0.010156 0.028704
0 0.857292 0.405556 0.016146 0.016667
2 0.535677 0.312963 0.012500 0.032407
0 0.380990 0.293056 0.010417 0.023148
2 0.651042 0.111343 0.018750 0.024537
0 0.471745 0.042824 0.008073 0.020833
2 0.492448 0.079630 0.022396 0.028704
2 0.478776 0.116204 0.016406 0.019444
0 0.441406 0.155556 0.009375 0.021296
2 0.587240 0.381944 0.013021 0.025000
0 0.515625 0.293287 0.015104 0.018056
2 0.674870 0.233796 0.012240 0.032407
0 0.821615 0.182176 0.011458 0.023611
0 0.984896 0.292361 0.015104 0.024537
0 0.372396 0.301620 0.013021 0.029167
0 0.331771 0.400694 0.014583 0.017130
0 0.570052 0.357176 0.010937 0.025463
0 0.725521 0.122685 0.011458 0.023148
2 0.733724 0.112037 0.013802 0.024074
0 0.858594 0.206944 0.014063 0.017593
0 0.972396 0.346296 0.010937 0.018519
0 0.211849 0.342593 0.013281 0.027778
0 0.597135 0.139120 0.018229 0.022685
0 0.992578 0.221296 0.014844 0.019444
0 0.933854 0.123843 0.012500 0.031944
2 0.693750 0.290972 0.013542 0.032870
2 0.198698 0.370139 0.018229 0.031944
0 0.852604 0.509259 0.015625 0.015741
0 0.684245 0.262500 0.010156 0.026852
0 0.189714 0.398148 0.012760 0.021296
0 0.416146 0.323148 0.015104 0.018519
0 0.254297 0.361574 0.017448 0.023148
0 0.229557 0.065509 0.013802 0.023611
0 0.151432 0.173611 0.013281 0.028704
0 0.483854 0.089120 0.014063 0.018981
0 0.707943 0.527546 0.008594 0.018981
0 0.796615 0.266898 0.014583 0.019907
0 0.617448 0.608102 0.010937 0.018981
0 0.544271 0.496065 0.015104 0.021759
0 0.464844 0.398380 0.011979 0.019907
0 0.349089 0.571528 0.009115 0.031944
0 0.179948 0.419907 0.013021 0.027778
0 0.123568 0.393287 0.013281 0.019907
0 0.143490 0.552778 0.017188 0.025000
0 0.105729 0.503704 0.016667 0.013889
0 0.098177 0.522222 0.015104 0.026852
0 0.031771 0.618519 0.014063 0.019444
2 0.215104 0.266204 0.008333 0.025926
2 0.169661 0.079398 0.016927 0.028241
0 0.174089 0.160185 0.018490 0.022222
0 0.959505 0.158565 0.018490 0.024537
0 0.914062 0.106944 0.011979 0.014815
0 0.994401 0.873611 0.011198 0.019444
0 0.972786 0.665509 0.011198 0.019907
0 0.830729 0.427778 0.016146 0.016667
0 0.707292 0.138657 0.010417 0.029167
0 0.718620 0.531250 0.008594 0.018981
0 0.469531 0.771296 0.012500 0.021296
0 0.363802 0.661343 0.007292 0.022685
0 0.392448 0.666667 0.009896 0.020370
0 0.480078 0.104167 0.016927 0.021296
0 0.471875 0.129861 0.014063 0.019907
0 0.245182 0.337963 0.011198 0.016667
0 0.054036 0.521065 0.014844 0.028241
0 0.050651 0.576389 0.014844 0.030556
0 0.914453 0.012500 0.018490 0.024074
0 0.896484 0.043750 0.008073 0.011574
0 0.938802 0.695370 0.017708 0.018519
0 0.895052 0.150694 0.017708 0.026389
0 0.781771 0.114352 0.016667 0.024074
0 0.641927 0.217824 0.015625 0.018981
0 0.525260 0.635417 0.015104 0.021759
0 0.487500 0.601157 0.015104 0.021759
0 0.476302 0.437269 0.015104 0.021759
0 0.679688 0.709722 0.016146 0.014815
0 0.714583 0.770370 0.007812 0.024074
0 0.719271 0.794444 0.010417 0.028704
0 0.464714 0.780787 0.012240 0.023611
0 0.457292 0.788426 0.010417 0.016667
0 0.430990 0.714583 0.013542 0.019907
0 0.332552 0.812963 0.016146 0.017593
0 0.331771 0.794676 0.007292 0.013426
0 0.322656 0.633796 0.015625 0.016667
0 0.361198 0.312731 0.013021 0.029167
0 0.328646 0.340972 0.013021 0.029167
0 0.476823 0.013889 0.010417 0.026852
0 0.163151 0.065509 0.015365 0.025463
0 0.104297 0.014583 0.013281 0.024537
0 0.162240 0.103704 0.014063 0.026852
0 0.063542 0.423611 0.016146 0.027778
0 0.020964 0.341667 0.013281 0.027778
0 0.078776 0.552778 0.014323 0.022222
0 0.026432 0.568056 0.016927 0.025926
0 0.014193 0.632407 0.017448 0.026852
0 0.079948 0.383102 0.014063 0.024537
0 0.171875 0.774074 0.014063 0.016667
0 0.899089 0.054861 0.008073 0.011574
0 0.979297 0.170602 0.018490 0.024537
0 0.951693 0.196528 0.018490 0.024537
0 0.943750 0.171759 0.016667 0.015741
0 0.976823 0.368056 0.010937 0.018519
0 0.982031 0.378704 0.010937 0.018519
0 0.992448 0.828472 0.013021 0.014352
0 0.979427 0.809722 0.015104 0.020370
0 0.890885 0.835185 0.019792 0.016667
0 0.882292 0.900000 0.019792 0.016667
0 0.847917 0.898611 0.019792 0.016667
0 0.771615 0.936111 0.016667 0.016667
0 0.744792 0.970370 0.016667 0.016667
0 0.770312 0.068981 0.016667 0.024074
0 0.766146 0.053704 0.016667 0.024074
0 0.762500 0.044444 0.016667 0.024074
0 0.570833 0.149537 0.020833 0.026852
0 0.782031 0.246991 0.014583 0.019907
0 0.750000 0.273843 0.013542 0.016204
0 0.665885 0.717593 0.016146 0.014815
0 0.684115 0.941204 0.019271 0.016667
0 0.685026 0.993287 0.017448 0.013426
0 0.315365 0.355787 0.013021 0.029167
0 0.307812 0.361343 0.013021 0.029167
0 0.375260 0.233796 0.018750 0.024074
0 0.378255 0.249074 0.015885 0.021296
0 0.496354 0.437269 0.015104 0.021759
0 0.525781 0.477546 0.015104 0.021759
0 0.428906 0.524769 0.015104 0.021759
0 0.512760 0.672917 0.015104 0.021759
0 0.440625 0.562269 0.015104 0.021759
0 0.425000 0.543750 0.015104 0.021759
0 0.364583 0.913426 0.010937 0.028704
0 0.351302 0.910648 0.010937 0.028704
0 0.346224 0.966435 0.017448 0.019907
0 0.494792 0.890046 0.010937 0.015278
0 0.176042 0.900463 0.013542 0.024074
0 0.161458 0.918056 0.013542 0.024074
0 0.135026 0.989120 0.016927 0.020833
0 0.128776 0.978935 0.016927 0.020833
0 0.097005 0.910880 0.016927 0.020833
0 0.117839 0.850463 0.009115 0.013889
0 0.125651 0.844907 0.009115 0.013889
0 0.154036 0.828704 0.014323 0.023148
0 0.221745 0.056713 0.013802 0.023611
0 0.213542 0.037731 0.016667 0.026389
0 0.208594 0.024769 0.016667 0.026389
0 0.156380 0.056250 0.015365 0.025463
0 0.148828 0.046065 0.015365 0.025463
0 0.144401 0.034491 0.015365 0.025463
0 0.137891 0.024769 0.015365 0.025463
0 0.131120 0.012037 0.014844 0.023148
0 0.097526 0.009028 0.012760 0.017130
0 0.145964 0.163889 0.013281 0.028704
0 0.139974 0.152315 0.013281 0.028704
0 0.128255 0.127315 0.013281 0.028704
0 0.102734 0.124074 0.013281 0.028704
0 0.097005 0.112037 0.013281 0.028704
0 0.083203 0.091667 0.013281 0.028704
0 0.077214 0.079167 0.013281 0.028704
0 0.068099 0.070602 0.014844 0.023611
0 0.055078 0.043287 0.014844 0.023611
0 0.033984 0.012037 0.014844 0.023148
0 0.117318 0.381713 0.013281 0.019907
0 0.111068 0.374306 0.012240 0.016204
0 0.094010 0.408565 0.014063 0.024537
0 0.028385 0.352546 0.016667 0.029167
0 0.032943 0.364815 0.013281 0.027778
0 0.039062 0.377546 0.016667 0.029167
0 0.045312 0.387731 0.016667 0.029167
0 0.051042 0.400231 0.016667 0.029167
0 0.058073 0.411343 0.016667 0.029167
0 0.094531 0.477546 0.016667 0.029167
0 0.082812 0.454861 0.016667 0.029167
0 0.090104 0.467824 0.016667 0.029167
0 0.077604 0.447454 0.016667 0.029167
0 0.070573 0.434491 0.016667 0.029167
0 0.091406 0.532407 0.015104 0.026852
0 0.085156 0.540278 0.015104 0.026852
0 0.073698 0.569907 0.015104 0.026852
0 0.047526 0.507639 0.014844 0.028241
0 0.041797 0.496528 0.014844 0.028241
0 0.035807 0.486343 0.014844 0.028241
0 0.029557 0.472917 0.014844 0.028241
0 0.023568 0.463657 0.014844 0.028241
0 0.019401 0.449306 0.014844 0.028241
0 0.016016 0.431250 0.014844 0.028241
0 0.007943 0.422917 0.014844 0.028241
0 0.005859 0.409722 0.011198 0.027778
0 0.020964 0.557407 0.016927 0.025926
0 0.015755 0.545139 0.017448 0.030093
0 0.011328 0.535417 0.016406 0.028241
0 0.006771 0.522917 0.013021 0.023611
0 0.007812 0.621296 0.015104 0.025926
0 0.004557 0.610648 0.008594 0.025000
0 0.219141 0.413194 0.009635 0.020833
0 0.370312 0.669444 0.010937 0.029630
0 0.407031 0.853472 0.010417 0.017130
0 0.401172 0.842130 0.009635 0.015741
