0 0.811719 0.040741 0.015625 0.019444
0 0.807161 0.052778 0.016406 0.024074
0 0.799089 0.079167 0.016406 0.024074
0 0.778516 0.133333 0.016406 0.024074
0 0.769401 0.159722 0.016406 0.024074
0 0.763672 0.172222 0.016406 0.024074
0 0.703776 0.202315 0.009635 0.019444
0 0.719010 0.215972 0.010417 0.022685
2 0.671615 0.152546 0.015104 0.029167
2 0.680990 0.267130 0.009896 0.031481
0 0.683984 0.232407 0.009635 0.025926
0 0.675781 0.306713 0.008854 0.028241
0 0.670573 0.343750 0.008854 0.032870
0 0.622266 0.085185 0.017969 0.030556
0 0.599479 0.016667 0.009375 0.032407
0 0.590755 0.013426 0.009115 0.025926
0 0.583073 0.011574 0.008854 0.022222
0 0.573828 0.009028 0.009115 0.017130
0 0.564974 0.005556 0.007552 0.010185
0 0.526302 0.015046 0.010417 0.029167
0 0.518099 0.012037 0.009115 0.023148
0 0.594661 0.046528 0.016406 0.017130
0 0.569531 0.099306 0.009375 0.024537
0 0.586979 0.108102 0.009375 0.024537
0 0.595833 0.112731 0.009375 0.024537
0 0.605990 0.117361 0.009375 0.024537
0 0.826562 0.077546 0.013021 0.031944
0 0.915495 0.060185 0.013281 0.011111
0 0.954818 0.065741 0.013281 0.011111
0 0.993359 0.072222 0.013281 0.011111
0 0.935417 0.083565 0.016146 0.011574
0 0.872396 0.189352 0.017188 0.013889
0 0.918490 0.208333 0.014063 0.012037
0 0.991146 0.220833 0.017708 0.012037
0 0.916536 0.229861 0.017969 0.014352
0 0.936068 0.232639 0.015885 0.013426
0 0.991667 0.356713 0.016146 0.014352
0 0.895182 0.337963 0.018490 0.013889
0 0.968750 0.379398 0.016667 0.014352
0 0.983333 0.400694 0.019271 0.014352
0 0.919531 0.369444 0.014063 0.012037
0 0.893490 0.391435 0.007812 0.019907
0 0.900521 0.392824 0.008333 0.025463
0 0.976823 0.518519 0.011979 0.027778
0 0.985417 0.523843 0.013021 0.025463
0 0.990885 0.575231 0.015104 0.021759
0 0.948177 0.633796 0.017708 0.020370
0 0.972526 0.640278 0.012240 0.027778
2 0.960807 0.687269 0.017969 0.030093
2 0.995964 0.840509 0.008073 0.024537
0 0.819922 0.863657 0.015885 0.015278
0 0.800651 0.916667 0.010156 0.030556
2 0.814193 0.936806 0.009635 0.028241
0 0.816276 0.966898 0.010156 0.027315
0 0.728646 0.787500 0.015104 0.019444
0 0.616406 0.921065 0.014583 0.016204
2 0.619271 0.941667 0.018750 0.019444
0 0.434505 0.975231 0.011198 0.027315
0 0.420703 0.983565 0.010156 0.025463
0 0.405469 0.989120 0.010937 0.021759
0 0.764453 0.665972 0.012240 0.015278
0 0.631510 0.350694 0.009375 0.022685
0 0.623437 0.344907 0.010417 0.031481
0 0.614583 0.340741 0.010937 0.033333
0 0.607031 0.337037 0.010937 0.033333
0 0.599479 0.333333 0.010937 0.033333
0 0.588932 0.330787 0.009635 0.033796
0 0.576562 0.322685 0.009375 0.035185
0 0.568490 0.319213 0.010417 0.032870
0 0.560156 0.311806 0.010417 0.032870
0 0.551042 0.309028 0.010417 0.032870
0 0.542969 0.304861 0.010417 0.032870
0 0.534896 0.300694 0.010417 0.032870
0 0.526563 0.296528 0.010417 0.032870
0 0.519271 0.292361 0.010417 0.032870
0 0.510156 0.288194 0.010417 0.032870
0 0.501302 0.283102 0.010417 0.032870
0 0.492969 0.278472 0.010417 0.032870
0 0.474219 0.270139 0.010417 0.032870
0 0.465885 0.264120 0.010417 0.032870
0 0.457552 0.259028 0.010417 0.032870
0 0.448958 0.255324 0.010417 0.032870
0 0.440625 0.249306 0.010417 0.032870
0 0.432812 0.245602 0.010417 0.032870
0 0.424219 0.241435 0.010417 0.032870
0 0.415365 0.237269 0.010417 0.032870
0 0.407292 0.233102 0.008333 0.027315
0 0.399089 0.228009 0.010156 0.031019
0 0.390234 0.221991 0.010156 0.031019
0 0.371224 0.215972 0.010156 0.031019
0 0.362109 0.208565 0.010156 0.031019
0 0.353516 0.206713 0.010156 0.031019
0 0.345182 0.198843 0.010677 0.031944
0 0.336719 0.194907 0.010417 0.035185
0 0.328385 0.190278 0.010417 0.035185
0 0.318750 0.185648 0.010417 0.035185
0 0.284375 0.167130 0.010417 0.035185
0 0.207682 0.128241 0.014844 0.032407
0 0.202214 0.085185 0.008594 0.031481
0 0.219141 0.167130 0.014844 0.032407
0 0.259505 0.179630 0.019010 0.018519
0 0.264193 0.198611 0.019531 0.019444
0 0.264714 0.218519 0.019531 0.019444
0 0.250911 0.229861 0.019531 0.017130
0 0.271354 0.240741 0.019271 0.017593
0 0.332031 0.254167 0.019271 0.017593
0 0.315885 0.265278 0.019271 0.017593
0 0.336068 0.276620 0.017448 0.020833
0 0.356250 0.286343 0.017708 0.020833
0 0.358073 0.266898 0.013542 0.014352
0 0.161979 0.148380 0.012500 0.032870
0 0.145833 0.139583 0.012500 0.032870
0 0.126823 0.128935 0.012500 0.032870
0 0.069792 0.099306 0.012500 0.032870
0 0.228906 0.288426 0.011979 0.032407
0 0.052214 0.084954 0.011198 0.032870
0 0.135026 0.034954 0.011198 0.038426
0 0.149479 0.008565 0.010417 0.016204
0 0.125130 0.032176 0.011198 0.038426
0 0.087760 0.012500 0.010937 0.024074
0 0.076302 0.011574 0.008854 0.022222
0 0.239323 0.293056 0.011979 0.032407
0 0.245833 0.298148 0.011979 0.032407
0 0.257552 0.304167 0.010937 0.030556
0 0.265885 0.309028 0.010937 0.033796
0 0.275260 0.311343 0.010937 0.033796
0 0.284375 0.316435 0.010937 0.033796
0 0.292969 0.322917 0.010937 0.033796
0 0.310937 0.330324 0.010937 0.033796
0 0.320312 0.334028 0.010937 0.033796
0 0.383073 0.364120 0.010937 0.033796
0 0.409505 0.314120 0.019010 0.019907
0 0.431641 0.326620 0.019010 0.019907
0 0.449609 0.336806 0.019010 0.019907
0 0.462109 0.319213 0.015365 0.018056
0 0.391927 0.368750 0.010937 0.033796
0 0.406510 0.376157 0.010937 0.033796
0 0.416406 0.379861 0.010937 0.033796
0 0.423958 0.385417 0.010937 0.033796
0 0.432552 0.388194 0.010937 0.033796
0 0.499740 0.376157 0.008854 0.027315
0 0.533203 0.392130 0.010156 0.034259
0 0.543359 0.395833 0.010156 0.034259
0 0.551172 0.400463 0.010156 0.034259
0 0.559766 0.407870 0.010156 0.034259
0 0.568359 0.409722 0.010156 0.034259
0 0.576172 0.419907 0.010156 0.034259
0 0.586328 0.422685 0.010156 0.034259
0 0.595964 0.425926 0.010156 0.034259
0 0.603125 0.430093 0.008854 0.031481
0 0.630990 0.441435 0.011458 0.029167
0 0.639844 0.445833 0.011979 0.031481
0 0.622396 0.437037 0.011979 0.031481
0 0.611979 0.434722 0.011979 0.031481
0 0.527604 0.461806 0.010937 0.034722
0 0.536719 0.468981 0.010417 0.030556
0 0.554297 0.478009 0.011198 0.030093
0 0.569141 0.497454 0.011198 0.031944
0 0.578255 0.502546 0.011198 0.031944
0 0.587240 0.508333 0.009896 0.033333
0 0.594792 0.512963 0.009896 0.033333
0 0.603906 0.515741 0.009896 0.033333
0 0.613021 0.522222 0.009896 0.033333
0 0.561198 0.490741 0.009896 0.028704
0 0.655339 0.459491 0.018490 0.019907
0 0.654427 0.483102 0.019792 0.019907
0 0.651302 0.500694 0.019792 0.019907
0 0.646354 0.512269 0.019792 0.019907
0 0.646094 0.551620 0.019792 0.019907
0 0.644922 0.530556 0.015885 0.015741
0 0.673568 0.493519 0.015365 0.032407
2 0.575911 0.353935 0.022135 0.018056
0 0.549479 0.359028 0.017188 0.017130
0 0.566406 0.372454 0.017188 0.017130
0 0.589453 0.381250 0.019010 0.017130
0 0.609766 0.391435 0.019010 0.017130
0 0.495443 0.406481 0.009115 0.033333
0 0.490755 0.446296 0.009115 0.033333
0 0.484245 0.483333 0.009115 0.033333
0 0.478516 0.518981 0.009115 0.033333
0 0.471745 0.550926 0.009115 0.033333
0 0.466797 0.591204 0.009115 0.033333
0 0.440234 0.581944 0.009115 0.033333
0 0.444922 0.545370 0.009115 0.033333
0 0.450391 0.508796 0.009115 0.033333
0 0.457161 0.468056 0.009115 0.033333
0 0.462109 0.434722 0.009115 0.033333
0 0.504297 0.544907 0.009115 0.033333
0 0.514974 0.551389 0.010156 0.032407
0 0.526693 0.553704 0.010156 0.032407
0 0.536328 0.556019 0.010156 0.032407
0 0.544271 0.560417 0.010417 0.033796
0 0.553385 0.564120 0.010417 0.033796
0 0.561719 0.568287 0.010417 0.033796
0 0.569792 0.572917 0.010417 0.033796
0 0.577734 0.575463 0.009115 0.029630
0 0.587240 0.581019 0.009375 0.033333
0 0.594531 0.584259 0.009375 0.033333
0 0.603906 0.589120 0.010937 0.036574
0 0.626693 0.574537 0.010156 0.032407
0 0.622786 0.630556 0.009635 0.025000
0 0.502604 0.573843 0.016667 0.027315
0 0.485286 0.598611 0.010677 0.032407
0 0.494922 0.601620 0.008073 0.031944
2 0.503255 0.609491 0.010156 0.032870
0 0.513151 0.614120 0.008594 0.029167
0 0.522396 0.618056 0.009375 0.030556
0 0.529948 0.622222 0.009375 0.030556
0 0.539583 0.627315 0.009375 0.030556
0 0.548438 0.632176 0.009896 0.033796
0 0.557031 0.635880 0.009896 0.033796
0 0.566146 0.638657 0.009896 0.033796
0 0.573698 0.643287 0.009896 0.033796
0 0.583073 0.650694 0.009896 0.033796
0 0.591927 0.653009 0.009896 0.033796
0 0.600260 0.659491 0.009896 0.033796
0 0.608594 0.662731 0.009896 0.033796
0 0.486068 0.640509 0.015365 0.018981
0 0.506380 0.649306 0.017969 0.018981
0 0.524089 0.658565 0.015885 0.018056
0 0.551823 0.672917 0.012500 0.013426
0 0.571354 0.682870 0.015104 0.017593
0 0.590885 0.692593 0.015104 0.017593
0 0.489063 0.668750 0.016667 0.018056
0 0.538021 0.680787 0.016667 0.018056
0 0.616146 0.711574 0.016667 0.023148
2 0.341927 0.375926 0.021354 0.017593
0 0.441667 0.439352 0.018229 0.016667
0 0.437240 0.454167 0.018229 0.016667
0 0.214844 0.326620 0.018229 0.017130
0 0.182682 0.336111 0.017969 0.015741
0 0.181641 0.351852 0.017969 0.015741
0 0.177214 0.368519 0.017969 0.015741
0 0.240755 0.384954 0.009635 0.031944
0 0.258464 0.390972 0.009635 0.031944
0 0.267839 0.396991 0.009635 0.031944
0 0.276432 0.403009 0.009635 0.031944
0 0.283984 0.403472 0.009635 0.031944
0 0.294661 0.410880 0.009635 0.031944
0 0.302214 0.412731 0.009635 0.031944
0 0.320182 0.422917 0.009635 0.031944
0 0.329297 0.425694 0.009635 0.031944
0 0.337240 0.433565 0.010417 0.031944
0 0.347135 0.434491 0.010417 0.031944
0 0.354687 0.440509 0.010417 0.031944
0 0.364063 0.445602 0.010417 0.031944
0 0.373177 0.448843 0.010417 0.031944
0 0.381510 0.453472 0.010417 0.031944
0 0.398698 0.464120 0.010417 0.031944
0 0.405990 0.465972 0.010417 0.031944
0 0.416406 0.470602 0.010417 0.031944
0 0.424349 0.474074 0.009115 0.025000
0 0.431901 0.479398 0.009635 0.032870
0 0.441536 0.484491 0.009635 0.032870
0 0.723958 0.500926 0.017188 0.019444
0 0.079687 0.101620 0.010937 0.032870
