0 0.065755 0.012037 0.009635 0.023148
0 0.010417 0.043287 0.008333 0.031944
0 0.211849 0.051620 0.008073 0.031944
0 0.203385 0.013426 0.007812 0.025926
0 0.283724 0.016898 0.007552 0.032870
0 0.286458 0.052315 0.015104 0.012963
0 0.317318 0.075463 0.011198 0.032407
0 0.270833 0.117824 0.006250 0.025463
0 0.306250 0.115278 0.007292 0.027778
2 0.383203 0.118056 0.017448 0.028704
2 0.401302 0.146296 0.016667 0.029630
0 0.410807 0.186343 0.006510 0.027315
2 0.413932 0.222685 0.009635 0.033333
0 0.414583 0.260417 0.006771 0.026389
0 0.415495 0.300694 0.007031 0.031944
0 0.429427 0.149769 0.007292 0.019907
0 0.445833 0.157176 0.009375 0.029167
0 0.484635 0.090278 0.017708 0.019444
0 0.638151 0.053009 0.015885 0.014352
0 0.710807 0.032176 0.015885 0.014352
0 0.640234 0.073843 0.015885 0.014352
0 0.659766 0.067361 0.015885 0.014352
0 0.753125 0.008565 0.018229 0.016204
0 0.764323 0.157639 0.018229 0.014352
0 0.766146 0.211806 0.016667 0.012500
0 0.768490 0.196991 0.016667 0.012500
0 0.732812 0.159722 0.015625 0.013889
0 0.767708 0.184722 0.015625 0.013889
0 0.731250 0.211574 0.015625 0.013889
0 0.714583 0.195370 0.015625 0.013889
0 0.639583 0.189352 0.015625 0.013889
0 0.666667 0.208565 0.011458 0.011574
0 0.653646 0.243287 0.010417 0.025463
0 0.644271 0.244213 0.010417 0.025463
0 0.596224 0.199537 0.008073 0.021296
0 0.555208 0.038426 0.011458 0.025000
0 0.745573 0.327778 0.007812 0.025926
0 0.754427 0.327778 0.007812 0.025926
2 0.611979 0.208565 0.013542 0.031019
2 0.706120 0.353704 0.019010 0.016667
2 0.639193 0.295833 0.015885 0.025926
0 0.762109 0.370139 0.016927 0.017130
0 0.735938 0.450926 0.016667 0.016667
0 0.717839 0.425000 0.011719 0.022222
0 0.949349 0.458102 0.012240 0.026389
0 0.884896 0.571759 0.011458 0.028704
0 0.900000 0.622685 0.012500 0.028704
0 0.892057 0.654167 0.010156 0.025926
2 0.852865 0.541667 0.011458 0.021296
0 0.838021 0.584028 0.013542 0.031944
0 0.857682 0.885880 0.016406 0.017130
0 0.813932 0.734259 0.008073 0.024074
2 0.811849 0.687037 0.010156 0.035185
0 0.644922 0.730787 0.015885 0.014352
0 0.634635 0.792130 0.008854 0.029630
0 0.657552 0.832870 0.008333 0.027778
2 0.650651 0.806944 0.007552 0.028704
2 0.652474 0.862500 0.007552 0.028704
2 0.660807 0.866204 0.007552 0.028704
0 0.614844 0.789583 0.007812 0.026389
0 0.542318 0.700231 0.015365 0.015278
0 0.557292 0.568287 0.015625 0.014352
0 0.494922 0.427546 0.019010 0.017130
0 0.452474 0.882407 0.013802 0.011111
2 0.451432 0.898380 0.017448 0.012500
0 0.797005 0.788889 0.008594 0.032407
0 0.874740 0.896065 0.014583 0.013426
0 0.843359 0.862269 0.016406 0.017130
2 0.864974 0.858565 0.016406 0.017130
0 0.670964 0.748611 0.006510 0.022222
0 0.658594 0.742361 0.008854 0.027315
0 0.425781 0.786343 0.008333 0.026389
0 0.286458 0.696759 0.016667 0.013889
0 0.337500 0.686806 0.016146 0.012500
0 0.279948 0.671991 0.015104 0.011574
0 0.351693 0.674537 0.012760 0.011111
0 0.263281 0.634028 0.008854 0.032870
0 0.276042 0.572917 0.007292 0.029167
2 0.283464 0.637500 0.007552 0.034259
0 0.318750 0.609491 0.017708 0.013426
0 0.400911 0.600231 0.005990 0.023611
0 0.396484 0.544907 0.008594 0.033333
0 0.434115 0.660648 0.007812 0.029630
0 0.442839 0.444444 0.012240 0.035185
0 0.320443 0.493981 0.007552 0.028704
0 0.302865 0.484954 0.006250 0.022685
0 0.406901 0.419907 0.016927 0.024074
0 0.408594 0.443750 0.018750 0.012500
0 0.408203 0.493519 0.014844 0.011111
0 0.357812 0.375463 0.018750 0.012963
0 0.336979 0.373611 0.018750 0.012963
0 0.313411 0.375463 0.016927 0.012037
0 0.293620 0.372222 0.016927 0.012037
0 0.248307 0.412037 0.008073 0.022222
0 0.251042 0.559954 0.007292 0.023611
0 0.254036 0.628472 0.007552 0.022685
0 0.220964 0.485417 0.005990 0.027315
0 0.183724 0.541204 0.005990 0.025000
0 0.195052 0.516898 0.020313 0.014352
0 0.196224 0.499074 0.016406 0.012963
0 0.095052 0.541667 0.007812 0.026852
0 0.064062 0.455324 0.009375 0.031944
0 0.024740 0.454398 0.007812 0.032870
2 0.119010 0.414352 0.023438 0.014815
0 0.127865 0.455324 0.007292 0.032870
0 0.195182 0.397685 0.020052 0.012037
0 0.200781 0.376157 0.017188 0.013426
0 0.048177 0.391435 0.015625 0.011574
0 0.091667 0.372222 0.015104 0.011111
0 0.076563 0.315972 0.008333 0.028241
0 0.084766 0.314583 0.008073 0.028241
0 0.093880 0.315509 0.008073 0.028241
0 0.133203 0.316435 0.007552 0.026389
0 0.142578 0.316435 0.007552 0.026389
0 0.370573 0.325694 0.007292 0.024537
0 0.593359 0.054398 0.015885 0.014352
0 0.831510 0.237500 0.011458 0.026852
0 0.912630 0.253472 0.014844 0.032870
0 0.890885 0.613426 0.012500 0.028704
0 0.882682 0.646296 0.010156 0.025926
0 0.887109 0.738426 0.015885 0.015741
0 0.062891 0.373148 0.020052 0.012037
0 0.005469 0.389120 0.010417 0.013426
0 0.038411 0.313889 0.008073 0.030556
2 0.317839 0.354630 0.020052 0.015741
0 0.376042 0.501620 0.008333 0.031944
0 0.410938 0.513194 0.018750 0.012500
0 0.053646 0.455324 0.009375 0.031944
0 0.020182 0.541204 0.008594 0.031481
0 0.010286 0.541204 0.008594 0.031481
0 0.248047 0.444907 0.009115 0.032407
0 0.332422 0.568056 0.007552 0.031481
2 0.025781 0.013657 0.014063 0.026389
0 0.486719 0.075463 0.017708 0.019444
0 0.491927 0.044444 0.017708 0.019444
0 0.920964 0.266435 0.014844 0.032870
0 0.931641 0.233565 0.014844 0.032870
0 0.944661 0.194213 0.014844 0.032870
0 0.957161 0.152546 0.014844 0.032870
0 0.970182 0.108565 0.014844 0.032870
1 0.942187 0.156481 0.029167 0.073148
2 0.959766 0.103704 0.012240 0.032407
2 0.984505 0.068519 0.012240 0.032407
0 0.972266 0.063194 0.012240 0.031944
0 0.995052 0.022222 0.009896 0.035185
0 0.963672 0.490972 0.012240 0.026389
0 0.976953 0.529398 0.012240 0.026389
0 0.863151 0.507639 0.010677 0.028241
0 0.832292 0.641898 0.008333 0.029167
0 0.801172 0.681944 0.008594 0.032407
0 0.791016 0.861111 0.008594 0.032407
2 0.836458 0.878472 0.016667 0.016204
0 0.922526 0.635185 0.016406 0.017593
0 0.996745 0.526389 0.006510 0.026852
0 0.955859 0.530324 0.011198 0.022685
0 0.648438 0.837269 0.010417 0.032870
0 0.473177 0.722454 0.009896 0.031019
0 0.553906 0.773611 0.007292 0.033333
0 0.002865 0.312500 0.005208 0.030556
0 0.048047 0.314352 0.008073 0.030556
0 0.057422 0.314815 0.008073 0.030556
0 0.066276 0.314815 0.008073 0.030556
0 0.114193 0.319444 0.008073 0.030556
0 0.123828 0.318519 0.008073 0.030556
0 0.151432 0.316667 0.008073 0.030556
0 0.160026 0.319907 0.008073 0.030556
0 0.168880 0.318056 0.008073 0.030556
0 0.177474 0.319444 0.008073 0.030556
0 0.187370 0.318981 0.008073 0.030556
0 0.195703 0.320833 0.008073 0.030556
0 0.205599 0.321296 0.008073 0.030556
0 0.225911 0.321296 0.008073 0.030556
0 0.234505 0.322685 0.008594 0.030556
0 0.174349 0.397222 0.020052 0.012037
0 0.149609 0.394907 0.020052 0.012037
0 0.092839 0.392593 0.020052 0.012037
0 0.070182 0.393056 0.020052 0.012037
0 0.243880 0.323611 0.008594 0.030556
0 0.251953 0.323148 0.008594 0.030556
0 0.261589 0.322685 0.008594 0.030556
0 0.270443 0.323148 0.008594 0.030556
0 0.279557 0.324074 0.008594 0.030556
0 0.287630 0.323611 0.008594 0.030556
0 0.296484 0.324074 0.008594 0.030556
0 0.305339 0.324537 0.008594 0.030556
0 0.313932 0.325926 0.008594 0.030556
0 0.327995 0.326389 0.008594 0.030556
0 0.335807 0.325463 0.008594 0.030556
0 0.345182 0.326389 0.008594 0.030556
0 0.353255 0.324537 0.008594 0.030556
0 0.361589 0.325463 0.008594 0.030556
0 0.389062 0.414352 0.009375 0.031481
0 0.379167 0.414352 0.009375 0.031481
0 0.371875 0.415278 0.009375 0.031481
0 0.363021 0.416667 0.009375 0.031481
0 0.352344 0.417130 0.007292 0.028704
0 0.343229 0.415278 0.009375 0.031481
0 0.334896 0.416667 0.009375 0.031481
0 0.324740 0.418056 0.009375 0.031481
0 0.315625 0.412963 0.009375 0.031481
0 0.307552 0.413426 0.009375 0.031481
0 0.297396 0.412037 0.009375 0.031481
0 0.289323 0.412963 0.009375 0.031481
0 0.280208 0.411111 0.009375 0.031481
0 0.034375 0.454398 0.009375 0.031944
0 0.015495 0.455324 0.009635 0.031944
0 0.004818 0.456250 0.009115 0.031944
0 0.138021 0.454398 0.007292 0.032870
0 0.153906 0.457639 0.007292 0.032870
0 0.162760 0.455324 0.007292 0.032870
0 0.171094 0.455787 0.007292 0.032870
0 0.180208 0.454861 0.007292 0.032870
0 0.028906 0.540741 0.008333 0.031481
0 0.038281 0.539352 0.008333 0.031481
0 0.049219 0.540741 0.008333 0.031481
0 0.058333 0.538889 0.008333 0.031481
0 0.077604 0.542130 0.008333 0.031481
0 0.086719 0.540741 0.008333 0.031481
0 0.104167 0.543056 0.008333 0.031481
0 0.113281 0.543519 0.008333 0.031481
0 0.122135 0.543056 0.008333 0.031481
0 0.130729 0.543519 0.008333 0.031481
0 0.139583 0.542130 0.008333 0.031481
0 0.157292 0.543056 0.008333 0.031481
0 0.165885 0.543056 0.008333 0.031481
0 0.175260 0.543056 0.008333 0.031481
0 0.192708 0.545370 0.008333 0.031481
0 0.221484 0.516435 0.005990 0.027315
0 0.223047 0.561343 0.005990 0.027315
0 0.224089 0.599769 0.007552 0.031019
0 0.225391 0.638194 0.007552 0.031019
0 0.251693 0.594213 0.007552 0.031019
0 0.249870 0.520602 0.007552 0.031019
0 0.251172 0.484028 0.007552 0.031019
0 0.365625 0.497917 0.008333 0.031944
0 0.355990 0.499769 0.008333 0.031944
0 0.347917 0.500694 0.008333 0.031944
0 0.339062 0.497917 0.008333 0.031944
0 0.329167 0.496991 0.008333 0.031944
0 0.312240 0.485417 0.008333 0.031944
0 0.292969 0.485417 0.008333 0.031944
0 0.283594 0.482176 0.008333 0.031944
0 0.408073 0.461806 0.018750 0.012500
0 0.406510 0.477546 0.018750 0.012500
0 0.285156 0.574769 0.007292 0.029167
0 0.296615 0.570602 0.007292 0.029167
0 0.306250 0.569676 0.007292 0.029167
0 0.314583 0.568750 0.007292 0.029167
0 0.323437 0.570139 0.007292 0.029167
0 0.341536 0.570370 0.007552 0.031481
0 0.349609 0.568981 0.007552 0.031481
0 0.359505 0.571296 0.007552 0.031481
0 0.367057 0.570833 0.007552 0.031481
0 0.376172 0.570370 0.007552 0.031481
0 0.273568 0.631713 0.008594 0.032870
0 0.292318 0.636343 0.008594 0.032870
0 0.300911 0.636343 0.008594 0.032870
0 0.310286 0.636806 0.008594 0.032870
0 0.320182 0.636343 0.008594 0.032870
0 0.328776 0.638194 0.008594 0.032870
0 0.337891 0.635880 0.008594 0.032870
0 0.347266 0.634954 0.008594 0.032870
0 0.355339 0.633565 0.008594 0.032870
0 0.364714 0.637731 0.008594 0.032870
0 0.373958 0.637037 0.007292 0.030556
0 0.383333 0.637500 0.007292 0.030556
0 0.391406 0.637500 0.007292 0.030556
0 0.301953 0.672222 0.019010 0.012963
0 0.320833 0.672222 0.015625 0.013889
0 0.372135 0.673843 0.015625 0.011574
0 0.393490 0.674074 0.015625 0.013889
0 0.202995 0.048843 0.007552 0.026389
0 0.111328 0.046991 0.008073 0.031944
0 0.138672 0.048380 0.008073 0.031944
0 0.102214 0.047454 0.008073 0.031944
0 0.055078 0.043287 0.008073 0.031944
0 0.045703 0.043287 0.008073 0.031944
0 0.020182 0.043287 0.008073 0.031944
0 0.129557 0.015972 0.009635 0.031019
0 0.274479 0.017593 0.007812 0.033333
0 0.265625 0.016898 0.007812 0.032870
0 0.257031 0.019444 0.007812 0.033333
0 0.247135 0.017130 0.007812 0.033333
0 0.238281 0.016898 0.007812 0.032870
0 0.229687 0.016898 0.007812 0.032870
0 0.220052 0.016898 0.007812 0.032870
0 0.297656 0.115741 0.007292 0.027778
0 0.288542 0.115741 0.007292 0.027778
2 0.927474 0.208333 0.016406 0.036111
0 0.561979 0.635648 0.007812 0.037037
