0 0.093620 0.096759 0.011198 0.032407
0 0.047526 0.137037 0.007031 0.030556
2 0.167839 0.137963 0.017448 0.028704
2 0.188151 0.171759 0.014844 0.023148
0 0.197005 0.206713 0.008594 0.028241
2 0.200000 0.242593 0.011979 0.034259
0 0.202604 0.282639 0.006771 0.026389
0 0.205078 0.323611 0.005469 0.025926
0 0.220312 0.171759 0.007812 0.023148
0 0.236458 0.178472 0.009375 0.029167
0 0.273698 0.112037 0.017708 0.019444
0 0.430859 0.073843 0.015885 0.014352
0 0.505078 0.053935 0.015885 0.014352
0 0.433464 0.095602 0.015885 0.014352
0 0.452474 0.089583 0.015885 0.014352
0 0.544792 0.030324 0.018229 0.016204
0 0.554688 0.179398 0.018229 0.014352
0 0.557161 0.233333 0.012760 0.010185
0 0.560807 0.219444 0.013802 0.012037
0 0.526823 0.183333 0.015625 0.013889
0 0.558594 0.205093 0.015625 0.013889
0 0.507292 0.215741 0.015625 0.013889
0 0.433073 0.210185 0.017188 0.015741
0 0.459766 0.229630 0.013281 0.012963
0 0.446094 0.258102 0.008333 0.018981
0 0.439323 0.265509 0.010417 0.025463
0 0.389844 0.217593 0.012500 0.030556
0 0.540104 0.347222 0.007812 0.025926
0 0.549740 0.347222 0.007812 0.025926
2 0.377083 0.141898 0.013542 0.031019
2 0.402344 0.221759 0.014063 0.027778
0 0.427083 0.301157 0.013021 0.027315
0 0.530729 0.470139 0.016667 0.013426
0 0.510677 0.447685 0.007292 0.021296
0 0.726693 0.439120 0.012240 0.026389
0 0.659245 0.526620 0.011198 0.027315
2 0.647786 0.561574 0.010156 0.022222
0 0.650130 0.903935 0.016406 0.017130
0 0.646484 0.602083 0.008594 0.022685
2 0.624089 0.635648 0.011719 0.033333
0 0.335938 0.719444 0.016146 0.016667
0 0.346615 0.587269 0.015625 0.014352
0 0.287370 0.446528 0.019010 0.017130
0 0.242839 0.900463 0.013802 0.011111
2 0.242578 0.917361 0.017448 0.012500
0 0.669010 0.915046 0.015104 0.014352
0 0.614062 0.865509 0.014063 0.018056
2 0.661198 0.878704 0.016667 0.015741
0 0.467839 0.767130 0.006510 0.022222
0 0.454297 0.761806 0.009115 0.027315
0 0.126562 0.704398 0.016667 0.012500
0 0.139714 0.691204 0.012760 0.011111
2 0.060417 0.655093 0.008854 0.033333
0 0.096354 0.630324 0.018229 0.013426
0 0.179036 0.623380 0.005990 0.023611
0 0.175391 0.564352 0.008594 0.033333
0 0.354167 0.749537 0.017188 0.020370
0 0.098307 0.512963 0.009635 0.026852
0 0.080339 0.506250 0.006510 0.022685
0 0.183984 0.439352 0.016927 0.024074
0 0.186979 0.463426 0.017708 0.012037
0 0.186068 0.512037 0.014844 0.011111
0 0.074349 0.390741 0.016927 0.012037
0 0.027995 0.431019 0.008073 0.022222
0 0.003776 0.503241 0.007031 0.025926
0 0.152995 0.346528 0.007552 0.024537
0 0.386068 0.077546 0.015885 0.014352
0 0.708203 0.275694 0.013802 0.029167
0 0.685417 0.634259 0.009896 0.029630
2 0.099870 0.375463 0.020573 0.015741
0 0.029818 0.461574 0.009115 0.032407
0 0.277474 0.096296 0.015885 0.018519
0 0.283073 0.068056 0.018750 0.017593
0 0.716146 0.289352 0.011979 0.029630
0 0.725911 0.253704 0.012240 0.028704
0 0.739974 0.215046 0.011719 0.030093
0 0.751302 0.175000 0.013021 0.030556
0 0.764974 0.131713 0.013281 0.030093
1 0.735547 0.182639 0.026823 0.068981
2 0.753255 0.125926 0.012240 0.032407
2 0.777865 0.093981 0.014063 0.031481
0 0.767318 0.084491 0.012760 0.030093
0 0.790104 0.049306 0.014063 0.031019
0 0.745443 0.480787 0.013281 0.025463
0 0.794922 0.546065 0.012240 0.026389
0 0.646094 0.441898 0.015104 0.025463
0 0.663542 0.551620 0.010937 0.025463
2 0.632422 0.897454 0.017448 0.017130
0 0.759766 0.512269 0.011198 0.022685
0 0.129818 0.437963 0.007552 0.028704
0 0.024089 0.581019 0.008073 0.029630
0 0.183724 0.692593 0.015885 0.013889
2 0.722656 0.233565 0.013021 0.032870
0 0.612891 0.723843 0.008073 0.027315
0 0.600911 0.741204 0.007031 0.021296
2 0.805859 0.977315 0.017969 0.016667
2 0.817839 0.661806 0.016927 0.031944
0 0.798828 0.519676 0.016927 0.019907
0 0.836589 0.540046 0.016927 0.019907
0 0.851693 0.713657 0.014844 0.027315
0 0.860938 0.646991 0.013542 0.029167
0 0.821745 0.499306 0.013802 0.030093
0 0.860938 0.741435 0.016146 0.018981
2 0.784896 0.818981 0.012500 0.030556
0 0.065755 0.136806 0.007552 0.030093
0 0.399219 0.719444 0.007292 0.030556
0 0.401953 0.688426 0.007552 0.028704
0 0.093490 0.393981 0.017188 0.012037
0 0.032292 0.498611 0.007812 0.030556
0 0.032292 0.541667 0.006250 0.029630
0 0.075260 0.587731 0.007292 0.027315
0 0.804297 0.507176 0.016927 0.019907
0 0.820182 0.524769 0.016927 0.019907
2 0.862240 0.758565 0.016667 0.024537
2 0.897135 0.861806 0.014063 0.031019
0 0.926432 0.894444 0.016927 0.019444
0 0.978776 0.930556 0.009115 0.025000
0 0.664714 0.863426 0.012760 0.012037
0 0.682292 0.755556 0.016667 0.015741
0 0.772786 0.549306 0.013281 0.026389
2 0.602995 0.807639 0.008594 0.032870
0 0.039714 0.037500 0.007031 0.024074
0 0.048828 0.038194 0.008594 0.031019
0 0.058333 0.037731 0.008854 0.031019
0 0.063672 0.071759 0.015365 0.013889
0 0.005339 0.535185 0.007552 0.029630
0 0.089063 0.690278 0.016146 0.012037
0 0.067708 0.689583 0.015104 0.010648
0 0.135286 0.653472 0.008073 0.030093
0 0.154167 0.520370 0.008333 0.031481
0 0.185286 0.481250 0.018490 0.014352
0 0.233854 0.463194 0.010417 0.037500
0 0.355078 0.655324 0.009115 0.030093
0 0.340885 0.695833 0.009896 0.034259
0 0.804297 0.012269 0.012760 0.023611
0 0.030469 0.036806 0.008854 0.031019
0 0.021094 0.034954 0.008854 0.031019
0 0.012240 0.036343 0.008854 0.031019
0 0.003255 0.035185 0.005990 0.029630
0 0.072786 0.136806 0.007552 0.030093
0 0.082943 0.136343 0.007552 0.030093
0 0.232943 0.265046 0.012240 0.011574
0 0.294010 0.008796 0.016146 0.014815
2 0.345313 0.052315 0.014063 0.031481
0 0.144401 0.344676 0.007552 0.031019
0 0.136068 0.343981 0.008073 0.032407
0 0.127214 0.343519 0.008073 0.032407
0 0.118099 0.344907 0.008073 0.032407
0 0.109766 0.346759 0.008073 0.032407
0 0.095703 0.343519 0.008073 0.032407
0 0.086849 0.344444 0.008073 0.032407
0 0.077214 0.343519 0.008073 0.032407
0 0.068099 0.342593 0.008073 0.032407
0 0.059766 0.342130 0.008073 0.032407
0 0.050391 0.341667 0.008073 0.032407
0 0.041016 0.340741 0.008073 0.032407
0 0.031901 0.342130 0.008073 0.032407
0 0.022266 0.341667 0.008073 0.032407
0 0.013151 0.342130 0.008073 0.032407
0 0.004297 0.340741 0.008073 0.032407
0 0.117188 0.394907 0.017188 0.012037
0 0.139323 0.396296 0.017188 0.012037
0 0.006120 0.580093 0.007552 0.029630
0 0.008724 0.617593 0.007552 0.029630
0 0.008724 0.656481 0.007552 0.029630
0 0.167318 0.434028 0.006510 0.031944
0 0.158203 0.433333 0.008073 0.029630
0 0.148828 0.435185 0.008073 0.029630
0 0.139714 0.437037 0.008073 0.029630
0 0.120313 0.436343 0.008854 0.032870
0 0.111979 0.435417 0.008854 0.032870
0 0.101562 0.438194 0.008854 0.032870
0 0.093490 0.431713 0.008854 0.032870
0 0.084375 0.434491 0.008854 0.032870
0 0.075781 0.433102 0.008854 0.032870
0 0.066406 0.432176 0.008854 0.032870
0 0.057552 0.432639 0.008854 0.032870
0 0.143490 0.518981 0.008333 0.031481
0 0.134115 0.518519 0.008333 0.031481
0 0.125911 0.518519 0.008594 0.031481
0 0.116016 0.517130 0.008594 0.031481
0 0.108984 0.516204 0.008594 0.031481
0 0.089974 0.505556 0.008594 0.031481
0 0.071484 0.503935 0.009115 0.031019
0 0.061328 0.501157 0.009115 0.031019
0 0.184245 0.496991 0.018490 0.014352
0 0.188281 0.532639 0.017188 0.012500
0 0.054297 0.591898 0.008594 0.031019
0 0.062891 0.593750 0.008594 0.031019
0 0.083464 0.588194 0.008594 0.031019
0 0.092839 0.589583 0.008594 0.031019
0 0.101953 0.590509 0.008594 0.031019
0 0.110547 0.590046 0.008594 0.031019
0 0.119401 0.589583 0.008594 0.031019
0 0.128516 0.589120 0.008594 0.031019
0 0.137109 0.589583 0.008594 0.031019
0 0.145703 0.590509 0.008594 0.031019
0 0.154297 0.591435 0.008594 0.031019
0 0.162109 0.691898 0.016406 0.011574
0 0.109375 0.690509 0.016667 0.011574
0 0.040885 0.653472 0.008333 0.030093
0 0.051042 0.650231 0.008333 0.030093
0 0.069271 0.654398 0.008333 0.030093
0 0.078646 0.654398 0.008333 0.030093
0 0.088281 0.654398 0.008333 0.030093
0 0.097396 0.655324 0.008333 0.030093
0 0.107552 0.654398 0.008333 0.030093
0 0.115885 0.653472 0.008333 0.030093
0 0.125391 0.653704 0.008594 0.032407
0 0.143359 0.656944 0.008594 0.032407
0 0.152083 0.656250 0.007812 0.030093
0 0.160677 0.656713 0.007812 0.030093
0 0.170313 0.656713 0.007812 0.030093
0 0.408724 0.809259 0.007552 0.029630
0 0.401432 0.805556 0.007552 0.029630
0 0.429297 0.811574 0.007552 0.029630
0 0.452214 0.851389 0.007552 0.029630
2 0.445833 0.826620 0.008854 0.031019
0 0.439193 0.750926 0.016406 0.012963
2 0.447656 0.884954 0.008854 0.031019
2 0.456771 0.883565 0.008854 0.031019
2 0.433073 0.864583 0.008854 0.031019
0 0.443750 0.856250 0.009375 0.031019
0 0.429427 0.899074 0.007292 0.024074
0 0.477083 0.417361 0.007812 0.026389
0 0.525521 0.230787 0.016146 0.016204
0 0.626432 0.258333 0.010156 0.021296
0 0.856510 0.077546 0.011458 0.016204
0 0.878255 0.007870 0.014844 0.014815
0 0.802734 0.551620 0.012240 0.026389
0 0.810026 0.560417 0.012240 0.026389
0 0.816797 0.565509 0.012240 0.026389
0 0.825911 0.573843 0.010677 0.030093
0 0.832552 0.579861 0.011979 0.027315
0 0.838802 0.588426 0.011458 0.029630
0 0.858464 0.606250 0.012760 0.030093
0 0.864974 0.611343 0.012760 0.030093
0 0.873047 0.618750 0.012760 0.030093
0 0.827734 0.506713 0.013802 0.030093
0 0.842839 0.518287 0.010677 0.026389
0 0.856380 0.533102 0.013802 0.030093
0 0.863151 0.540509 0.013802 0.030093
0 0.869010 0.547917 0.012500 0.026389
0 0.849349 0.526157 0.009115 0.021759
0 0.876042 0.554398 0.012500 0.026389
0 0.883594 0.559954 0.012500 0.026389
0 0.891667 0.565972 0.012500 0.026389
0 0.887891 0.592130 0.015885 0.022222
0 0.899349 0.606019 0.012240 0.028704
0 0.907943 0.612037 0.012240 0.028704
0 0.915365 0.616898 0.010417 0.021759
0 0.921484 0.625000 0.012240 0.028704
0 0.927734 0.631481 0.012240 0.028704
0 0.933984 0.637037 0.012240 0.028704
2 0.991016 0.694444 0.010156 0.028704
0 0.853906 0.640972 0.013542 0.029167
0 0.847656 0.632176 0.009375 0.023611
0 0.830859 0.665972 0.014844 0.027315
0 0.820833 0.635185 0.014063 0.020370
0 0.824219 0.622222 0.014063 0.020370
0 0.827604 0.609722 0.014063 0.020370
0 0.931901 0.907407 0.016927 0.019444
2 0.937630 0.923611 0.019531 0.021296
0 0.806641 0.786111 0.015365 0.014815
0 0.636719 0.593519 0.011979 0.028704
0 0.628385 0.656481 0.011979 0.028704
0 0.613021 0.674769 0.011979 0.031019
0 0.694271 0.644444 0.009896 0.029630
0 0.678646 0.664815 0.009896 0.029630
0 0.685677 0.673611 0.009896 0.029630
0 0.717708 0.659259 0.015104 0.021296
0 0.680729 0.591435 0.013542 0.029167
0 0.752083 0.550463 0.015104 0.027778
2 0.579427 0.938426 0.010937 0.043519
0 0.789193 0.993056 0.007031 0.013889
0 0.348047 0.791898 0.008073 0.033796
2 0.614844 0.471759 0.010937 0.032407
