0 0.191797 0.006019 0.016927 0.011111
0 0.285547 0.039583 0.016927 0.011574
0 0.261719 0.059259 0.017708 0.014815
0 0.310156 0.080556 0.013021 0.015741
0 0.313932 0.057176 0.017448 0.017130
0 0.307422 0.096065 0.011719 0.013426
0 0.304036 0.108565 0.011719 0.011574
0 0.213932 0.042824 0.014323 0.013426
0 0.185677 0.054398 0.006250 0.014352
0 0.194792 0.055787 0.006250 0.014352
0 0.194531 0.229167 0.011979 0.024074
0 0.235417 0.314352 0.016146 0.023148
0 0.221615 0.282407 0.011979 0.021296
0 0.201172 0.406944 0.016406 0.020370
0 0.267578 0.205324 0.012240 0.026389
0 0.273828 0.211343 0.012240 0.026389
0 0.031901 0.303241 0.013802 0.011111
0 0.058464 0.459491 0.012760 0.027315
0 0.091406 0.517593 0.018229 0.020370
0 0.050260 0.549074 0.015104 0.025926
0 0.070703 0.566204 0.014323 0.029630
0 0.042578 0.541435 0.015365 0.027315
2 0.062891 0.617130 0.014844 0.029630
2 0.081641 0.591667 0.014844 0.029630
2 0.072005 0.644444 0.015885 0.025926
2 0.080599 0.649074 0.015885 0.025926
0 0.083984 0.621296 0.012760 0.027778
0 0.074089 0.617593 0.012760 0.027778
0 0.050911 0.650463 0.010677 0.019444
0 0.103125 0.535185 0.010937 0.027778
0 0.116016 0.551852 0.010677 0.020370
0 0.614193 0.011111 0.013802 0.021296
0 0.619401 0.158102 0.011198 0.024537
0 0.655208 0.103935 0.013542 0.027315
0 0.684375 0.061343 0.013542 0.027315
0 0.697396 0.042361 0.013542 0.027315
2 0.679036 0.068287 0.014844 0.031019
0 0.634115 0.043750 0.014063 0.023611
0 0.594792 0.044213 0.015625 0.026389
0 0.561979 0.064120 0.015625 0.026389
0 0.554167 0.102546 0.015625 0.026389
0 0.569010 0.134954 0.015625 0.026389
0 0.532031 0.163194 0.015625 0.026389
0 0.509635 0.166667 0.014063 0.022222
0 0.536979 0.183333 0.014063 0.022222
0 0.598698 0.093519 0.014063 0.022222
2 0.580599 0.097454 0.016927 0.028241
2 0.504818 0.234259 0.016927 0.023148
2 0.475651 0.218750 0.016927 0.025463
0 0.463151 0.212963 0.016927 0.028704
0 0.426823 0.289352 0.016146 0.025926
0 0.413021 0.284259 0.016146 0.025926
0 0.433203 0.338426 0.014844 0.025000
0 0.476172 0.253241 0.013281 0.019444
2 0.375781 0.334028 0.018229 0.023611
2 0.392318 0.376157 0.021615 0.030093
0 0.366797 0.372222 0.014844 0.025000
1 0.314453 0.420833 0.034115 0.057407
0 0.304557 0.461111 0.014844 0.025000
0 0.266536 0.494444 0.014844 0.025000
0 0.252474 0.540046 0.015365 0.028241
0 0.215885 0.624769 0.013542 0.026389
0 0.146224 0.829398 0.012240 0.031019
2 0.176563 0.742593 0.013542 0.035185
2 0.245833 0.781250 0.018750 0.026389
0 0.262109 0.800000 0.014844 0.021296
0 0.277214 0.820833 0.014844 0.021296
0 0.294010 0.916435 0.013542 0.027315
0 0.272135 0.975463 0.008854 0.021296
2 0.369010 0.957407 0.014583 0.025926
0 0.401823 0.970370 0.016146 0.024074
2 0.404948 0.806481 0.016667 0.027778
0 0.432812 0.790972 0.016146 0.012500
0 0.448958 0.787037 0.012500 0.013889
2 0.501042 0.921528 0.011458 0.034722
2 0.490234 0.801852 0.017448 0.017593
0 0.491667 0.784954 0.014583 0.014352
0 0.488021 0.750463 0.008854 0.031481
0 0.479427 0.694444 0.008854 0.031481
2 0.465365 0.682407 0.008854 0.031481
0 0.476042 0.658796 0.013021 0.025926
0 0.480990 0.648611 0.013021 0.025926
0 0.487500 0.638889 0.013021 0.025926
0 0.516927 0.656019 0.015625 0.025000
0 0.522135 0.665741 0.015625 0.025000
0 0.527344 0.676852 0.014063 0.024074
0 0.510807 0.694444 0.014844 0.023148
0 0.505208 0.683333 0.015625 0.025000
0 0.501302 0.672222 0.010417 0.019444
0 0.502083 0.628241 0.014063 0.024074
0 0.497396 0.613889 0.014063 0.024074
0 0.491406 0.603704 0.014063 0.024074
0 0.486719 0.593519 0.014063 0.024074
0 0.481771 0.583333 0.014063 0.024074
0 0.475521 0.570370 0.014063 0.024074
0 0.469531 0.560648 0.014063 0.024074
0 0.447266 0.547685 0.009115 0.029630
0 0.425911 0.533333 0.009115 0.029630
0 0.477995 0.536806 0.015885 0.025463
0 0.486198 0.530556 0.012500 0.025000
0 0.497656 0.555093 0.013021 0.025926
0 0.502734 0.531250 0.014323 0.023611
0 0.508984 0.542361 0.014323 0.023611
0 0.519141 0.565046 0.014323 0.023611
0 0.524349 0.573843 0.014323 0.023611
0 0.528776 0.585880 0.014323 0.023611
0 0.509766 0.580787 0.014323 0.026389
0 0.534505 0.596528 0.014323 0.026389
0 0.539193 0.607870 0.014323 0.020370
0 0.544792 0.619444 0.014583 0.024074
0 0.550000 0.630093 0.014583 0.024074
0 0.555208 0.640278 0.014583 0.024074
0 0.559375 0.650926 0.014583 0.024074
0 0.547526 0.663194 0.012760 0.027315
0 0.556771 0.680787 0.015625 0.024537
0 0.562500 0.693287 0.014063 0.021759
0 0.572656 0.713194 0.014063 0.021759
0 0.577865 0.727083 0.014063 0.021759
0 0.582292 0.735880 0.014063 0.021759
0 0.568490 0.703704 0.011979 0.019444
0 0.553906 0.762963 0.014063 0.026852
0 0.564844 0.790972 0.013542 0.024537
0 0.578646 0.815741 0.014583 0.025000
0 0.434245 0.463194 0.009115 0.028241
0 0.441276 0.503704 0.007552 0.021296
0 0.422786 0.408796 0.008073 0.027778
0 0.351302 0.524537 0.015625 0.024074
0 0.353646 0.584491 0.015104 0.026389
0 0.347396 0.569676 0.012500 0.026389
0 0.334375 0.593056 0.014063 0.023148
0 0.339583 0.605093 0.014063 0.023148
0 0.370964 0.610880 0.012240 0.024537
0 0.525911 0.986111 0.012760 0.012963
0 0.520964 0.973380 0.005990 0.014352
0 0.595052 0.954167 0.008333 0.015741
2 0.623437 0.824306 0.014583 0.028241
0 0.667318 0.787269 0.014844 0.016204
0 0.699219 0.727546 0.016667 0.018981
0 0.741927 0.725000 0.017708 0.015741
0 0.808333 0.761111 0.016146 0.018519
0 0.827865 0.775926 0.016146 0.018519
0 0.853125 0.823148 0.016146 0.018519
0 0.875000 0.832176 0.017188 0.015278
0 0.834896 0.811343 0.011979 0.013426
2 0.874479 0.856713 0.008333 0.027315
0 0.906250 0.816898 0.018229 0.020833
0 0.905729 0.862963 0.008333 0.025000
0 0.914062 0.868519 0.008333 0.025000
0 0.726432 0.633333 0.015365 0.017593
0 0.723047 0.646296 0.017448 0.015741
0 0.711589 0.604398 0.013802 0.027315
0 0.745964 0.524306 0.013802 0.027315
0 0.795443 0.382639 0.013802 0.027315
0 0.946094 0.340278 0.016146 0.016667
0 0.964453 0.351389 0.017969 0.016667
0 0.987630 0.363889 0.017448 0.018519
2 0.992969 0.398843 0.014063 0.021759
0 0.882422 0.182407 0.014323 0.029630
0 0.978906 0.144676 0.018750 0.018056
0 0.992708 0.099769 0.014583 0.033796
0 0.976953 0.090278 0.014323 0.028704
0 0.965234 0.085648 0.014323 0.028704
0 0.951953 0.015278 0.014323 0.028704
0 0.889453 0.072685 0.014323 0.028704
0 0.883724 0.065278 0.014323 0.028704
0 0.871224 0.048611 0.014323 0.028704
0 0.857682 0.032870 0.014323 0.028704
0 0.854557 0.017361 0.014844 0.020833
0 0.877995 0.056250 0.011719 0.019907
0 0.894792 0.013657 0.013021 0.026389
0 0.886849 0.008796 0.010677 0.016667
0 0.907292 0.032870 0.015104 0.025926
0 0.844531 0.070139 0.013542 0.026389
0 0.868620 0.115741 0.013281 0.026852
0 0.700651 0.332407 0.013802 0.024074
0 0.707161 0.344907 0.013802 0.024074
0 0.684115 0.327546 0.014063 0.025463
0 0.672656 0.343750 0.014063 0.025463
0 0.654687 0.369213 0.014063 0.025463
0 0.648438 0.380787 0.014063 0.025463
0 0.653646 0.411806 0.014063 0.025463
0 0.646094 0.421065 0.014063 0.025463
0 0.625521 0.415509 0.014063 0.025463
0 0.602083 0.448843 0.014063 0.025463
0 0.595052 0.456713 0.014063 0.025463
0 0.614323 0.473380 0.014063 0.025463
0 0.606771 0.479861 0.014063 0.025463
2 0.618229 0.461806 0.014063 0.025463
2 0.601302 0.488657 0.014063 0.025463
2 0.661458 0.362037 0.015104 0.025926
2 0.679688 0.334259 0.015104 0.025926
0 0.603125 0.377083 0.009896 0.015278
0 0.592708 0.396528 0.009896 0.015278
0 0.629036 0.506713 0.014323 0.022685
0 0.631641 0.538194 0.014323 0.022685
0 0.636849 0.548843 0.014323 0.022685
0 0.641536 0.558565 0.014323 0.022685
0 0.650391 0.581250 0.014323 0.022685
0 0.654557 0.592361 0.014323 0.022685
0 0.672786 0.574306 0.013802 0.023611
0 0.678516 0.586806 0.013802 0.023611
0 0.699089 0.543519 0.012760 0.018519
0 0.719010 0.506944 0.014583 0.023148
2 0.627083 0.529167 0.016667 0.026852
2 0.591797 0.525000 0.013281 0.026852
0 0.064453 0.560648 0.014844 0.028704
2 0.788672 0.519213 0.019010 0.018056
0 0.762240 0.734954 0.015625 0.015278
0 0.630990 0.403472 0.010417 0.018981
