0 0.262630 0.037963 0.014844 0.022222
0 0.337240 0.061806 0.014583 0.022685
0 0.342839 0.071991 0.015365 0.023611
0 0.284896 0.146065 0.014063 0.027315
0 0.278646 0.106019 0.012500 0.019444
0 0.234766 0.210648 0.013802 0.025926
2 0.355859 0.189352 0.013802 0.030556
0 0.389974 0.242593 0.017448 0.023148
0 0.088411 0.168750 0.014844 0.025463
0 0.034115 0.081713 0.008333 0.017130
0 0.062500 0.247222 0.016146 0.021296
0 0.057813 0.234259 0.016146 0.021296
0 0.072396 0.265741 0.016146 0.021296
0 0.077344 0.275926 0.016146 0.021296
0 0.108464 0.242824 0.015365 0.024537
0 0.116016 0.267593 0.015365 0.021296
0 0.124870 0.290046 0.011198 0.015278
2 0.061198 0.319676 0.018229 0.026389
2 0.085677 0.306481 0.015625 0.025000
0 0.080990 0.335185 0.015625 0.024074
0 0.071875 0.327778 0.015625 0.024074
2 0.071615 0.363426 0.015625 0.024074
2 0.065104 0.350463 0.015625 0.024074
0 0.044531 0.341435 0.011458 0.017130
0 0.007682 0.695139 0.014844 0.025463
2 0.046484 0.640509 0.015365 0.024537
0 0.102474 0.552778 0.016406 0.023148
0 0.152474 0.495370 0.016406 0.023148
0 0.182161 0.455556 0.016406 0.023148
0 0.210156 0.419907 0.015625 0.024074
0 0.274219 0.353472 0.016667 0.018056
0 0.333073 0.316898 0.016667 0.018056
1 0.240104 0.362731 0.037500 0.043056
0 0.424479 0.251157 0.016667 0.018056
2 0.437109 0.263194 0.016927 0.018981
0 0.484375 0.235417 0.016667 0.018056
0 0.504036 0.206250 0.016406 0.019907
0 0.541016 0.204398 0.016406 0.019907
0 0.605599 0.208565 0.016406 0.019907
0 0.621615 0.153704 0.017188 0.020370
0 0.659896 0.126389 0.017188 0.020370
0 0.670573 0.149074 0.011979 0.015741
0 0.714844 0.142824 0.015625 0.017130
0 0.752865 0.118287 0.017188 0.018056
0 0.754427 0.096065 0.017708 0.018056
0 0.746615 0.075926 0.018229 0.022222
0 0.787500 0.053241 0.015104 0.017593
0 0.789323 0.098843 0.014063 0.016204
0 0.832292 0.073380 0.014063 0.016204
0 0.827344 0.025926 0.018750 0.021296
2 0.910417 0.006019 0.018229 0.011111
2 0.873307 0.112963 0.016406 0.018519
0 0.719531 0.217593 0.010417 0.031481
0 0.757031 0.193056 0.010417 0.031481
2 0.748437 0.197454 0.011979 0.035648
0 0.675260 0.243287 0.009896 0.029167
0 0.442188 0.354167 0.007812 0.029630
0 0.441927 0.411111 0.007812 0.029630
0 0.436458 0.498611 0.007812 0.029630
0 0.419531 0.471759 0.007812 0.029630
0 0.350911 0.415741 0.016406 0.019444
0 0.338281 0.454398 0.016667 0.021759
0 0.339844 0.473843 0.016667 0.021759
0 0.320964 0.468056 0.016406 0.014815
0 0.323047 0.481944 0.016406 0.014815
0 0.439583 0.453009 0.006771 0.021759
0 0.110937 0.887037 0.015104 0.024074
0 0.097526 0.906019 0.014323 0.023148
0 0.071094 0.891898 0.010937 0.023611
0 0.060937 0.937500 0.014583 0.023148
0 0.067448 0.958796 0.014583 0.023148
0 0.043750 0.989352 0.015104 0.021296
2 0.039714 0.836111 0.011198 0.024074
0 0.186068 0.787269 0.010677 0.018056
0 0.218880 0.744213 0.015365 0.022685
0 0.212500 0.615972 0.011979 0.027315
0 0.222656 0.645602 0.014063 0.027315
2 0.201042 0.587731 0.016146 0.031944
2 0.344401 0.713889 0.019010 0.016667
0 0.373828 0.715972 0.015885 0.018981
0 0.389453 0.722222 0.013281 0.012037
2 0.279036 0.832407 0.016927 0.020370
0 0.330208 0.928241 0.014063 0.029630
2 0.418620 0.977315 0.016927 0.019444
0 0.421094 0.957407 0.012500 0.013889
0 0.419661 0.942361 0.007552 0.010648
2 0.411198 0.880556 0.008854 0.031481
2 0.424479 0.761574 0.018229 0.014815
0 0.429948 0.749074 0.015104 0.013889
0 0.433073 0.715509 0.007292 0.029167
0 0.436458 0.654398 0.007292 0.029167
0 0.462109 0.650463 0.013281 0.013889
0 0.463151 0.662037 0.014844 0.014815
0 0.466016 0.677778 0.014844 0.014815
0 0.479687 0.643750 0.016146 0.018056
0 0.481771 0.657176 0.016146 0.018056
0 0.484375 0.671065 0.016146 0.018056
0 0.506901 0.669444 0.011719 0.029630
0 0.455859 0.522917 0.014323 0.015278
0 0.458464 0.538657 0.014323 0.015278
0 0.461328 0.553935 0.014323 0.015278
0 0.466016 0.565509 0.014323 0.015278
0 0.467057 0.579630 0.015885 0.016667
0 0.470703 0.594907 0.015885 0.016667
0 0.472005 0.607870 0.015885 0.016667
0 0.456120 0.610648 0.009635 0.025000
0 0.448828 0.617130 0.009635 0.025000
0 0.441016 0.621759 0.009635 0.025000
2 0.426302 0.637269 0.007812 0.031019
0 0.467708 0.507176 0.011979 0.030093
0 0.476562 0.507176 0.009896 0.030093
0 0.482031 0.537269 0.009896 0.030093
0 0.487760 0.568750 0.009896 0.030093
0 0.492448 0.519444 0.017188 0.019444
0 0.494271 0.533796 0.017188 0.019444
0 0.500521 0.562500 0.017188 0.019444
0 0.502474 0.574074 0.015365 0.015741
0 0.505469 0.587269 0.016146 0.017130
0 0.508073 0.599769 0.016146 0.017130
0 0.509375 0.613657 0.016146 0.017130
0 0.512891 0.626389 0.016927 0.018519
0 0.514974 0.640741 0.016927 0.018519
0 0.518359 0.654167 0.016927 0.018519
0 0.520443 0.668519 0.016927 0.018519
0 0.511589 0.693519 0.017969 0.018519
0 0.514323 0.708333 0.016146 0.017593
0 0.519792 0.734722 0.016146 0.017593
0 0.521875 0.750000 0.016146 0.017593
0 0.523958 0.758333 0.016146 0.017593
0 0.517578 0.720833 0.011719 0.012963
0 0.493099 0.767130 0.010156 0.028704
0 0.498047 0.799537 0.010156 0.028704
0 0.504818 0.831019 0.010156 0.028704
2 0.544922 0.868981 0.017448 0.025000
0 0.492448 0.971065 0.008333 0.018056
0 0.593099 0.859954 0.015885 0.021759
0 0.635286 0.827315 0.015365 0.021296
0 0.674870 0.852546 0.016406 0.025463
0 0.693490 0.874306 0.013021 0.020833
0 0.729167 0.924306 0.013021 0.020833
0 0.743229 0.950231 0.013021 0.020833
0 0.743490 0.987731 0.008854 0.017130
0 0.992318 0.697222 0.013802 0.021296
0 0.975000 0.670370 0.016146 0.025926
0 0.941667 0.622685 0.013542 0.023148
0 0.956510 0.643750 0.015625 0.025463
2 0.974609 0.707176 0.016406 0.027315
0 0.644271 0.680787 0.017708 0.019907
0 0.641406 0.667593 0.017708 0.019444
0 0.623698 0.670370 0.019271 0.014815
0 0.672135 0.654630 0.010417 0.022222
0 0.698698 0.634028 0.017708 0.016204
0 0.705339 0.662500 0.015885 0.022222
0 0.739974 0.641667 0.015885 0.022222
0 0.620313 0.658796 0.017188 0.015741
0 0.615495 0.633565 0.016927 0.017130
0 0.613151 0.621065 0.016927 0.017130
0 0.610807 0.609491 0.016927 0.017130
2 0.607943 0.596065 0.016927 0.017130
2 0.576302 0.569444 0.008854 0.029630
2 0.591536 0.540741 0.010156 0.030556
2 0.673828 0.460185 0.010156 0.031481
0 0.614323 0.575694 0.016667 0.018056
0 0.593750 0.507870 0.009375 0.028704
0 0.601693 0.505093 0.010156 0.030556
0 0.606641 0.533796 0.010156 0.030556
0 0.599349 0.538889 0.010156 0.030556
0 0.629818 0.487500 0.010156 0.030556
0 0.649609 0.506481 0.010156 0.030556
0 0.658464 0.504630 0.010156 0.030556
0 0.658203 0.469907 0.010156 0.030556
0 0.665495 0.465278 0.010156 0.030556
0 0.687760 0.451157 0.009375 0.028241
0 0.702344 0.443750 0.009375 0.028241
2 0.696354 0.448148 0.010937 0.031481
0 0.616667 0.438657 0.008333 0.018056
0 0.601562 0.448843 0.008333 0.018056
0 0.636849 0.481019 0.007552 0.022222
2 0.613151 0.526389 0.010156 0.028704
0 0.716276 0.458796 0.015365 0.019444
0 0.718620 0.473380 0.014323 0.018981
0 0.679557 0.754630 0.013281 0.025926
0 0.674609 0.764815 0.012760 0.024074
2 0.759115 0.689120 0.015625 0.024537
0 0.787760 0.593981 0.016146 0.026852
0 0.916276 0.363889 0.009635 0.030556
0 0.913411 0.387037 0.007552 0.012963
0 0.923828 0.279167 0.017969 0.023148
0 0.932682 0.303241 0.017969 0.023148
0 0.940495 0.327315 0.017969 0.023148
0 0.943359 0.337500 0.017969 0.023148
0 0.936198 0.316204 0.013542 0.016667
0 0.903255 0.303009 0.011198 0.031019
0 0.952604 0.259028 0.014063 0.020833
0 0.955208 0.272917 0.014063 0.020833
0 0.959896 0.285417 0.014063 0.020833
0 0.971615 0.309028 0.014063 0.020833
0 0.986719 0.228935 0.014063 0.020833
0 0.990365 0.243287 0.014063 0.020833
0 0.995443 0.188194 0.008594 0.017130
0 0.996224 0.203472 0.007552 0.016204
2 0.820964 0.058333 0.018490 0.019444
2 0.713542 0.098843 0.019792 0.023611
0 0.772266 0.186343 0.009635 0.029167
2 0.547005 0.226157 0.021615 0.022685
2 0.675000 0.168981 0.018750 0.018519
0 0.817839 0.148611 0.016406 0.020370
0 0.796875 0.160417 0.014583 0.015278
