0 0.114974 0.112963 0.014844 0.012963
0 0.116927 0.125926 0.017708 0.017593
0 0.126823 0.164120 0.017708 0.015278
0 0.123958 0.148611 0.016146 0.014815
0 0.163281 0.148611 0.013021 0.026852
0 0.164193 0.174074 0.015365 0.019444
0 0.169401 0.198611 0.010156 0.014815
0 0.113021 0.206944 0.017188 0.016667
0 0.119010 0.220370 0.017188 0.016667
2 0.128125 0.195370 0.017188 0.016667
2 0.103906 0.192593 0.017188 0.016667
2 0.100000 0.228704 0.017188 0.016667
2 0.105729 0.239352 0.017188 0.016667
0 0.288151 0.184259 0.010677 0.030556
0 0.346745 0.148843 0.009635 0.029167
0 0.410677 0.097917 0.016146 0.019907
0 0.635026 0.164120 0.007031 0.017130
0 0.547656 0.321065 0.016146 0.012500
0 0.462630 0.318750 0.017969 0.013426
0 0.544661 0.341898 0.017969 0.013426
0 0.930208 0.329398 0.019271 0.010648
0 0.622005 0.341667 0.014844 0.012963
0 0.760286 0.335185 0.014844 0.012963
2 0.459245 0.343750 0.019010 0.013426
0 0.275781 0.337037 0.018229 0.014815
0 0.318880 0.338426 0.016406 0.011111
0 0.193490 0.393981 0.016667 0.019444
0 0.158854 0.398380 0.017188 0.018056
2 0.132552 0.432176 0.017708 0.019907
0 0.099219 0.438657 0.017188 0.018981
0 0.074479 0.464815 0.018229 0.018519
0 0.017318 0.509954 0.016927 0.022685
2 0.191276 0.525231 0.011719 0.030093
0 0.197656 0.558102 0.008854 0.028241
0 0.201823 0.593287 0.008854 0.028241
0 0.181250 0.687037 0.016667 0.015741
0 0.142448 0.708565 0.011979 0.013426
0 0.038151 0.771991 0.014323 0.015278
0 0.053516 0.765046 0.016406 0.017130
0 0.004948 0.806713 0.009375 0.013426
0 0.118490 0.926389 0.016667 0.020370
2 0.248438 0.865046 0.007812 0.031944
2 0.308594 0.721759 0.018229 0.012037
0 0.335286 0.737269 0.015885 0.024537
0 0.349740 0.752315 0.012500 0.016667
0 0.337891 0.993056 0.009635 0.013889
0 0.341276 0.979630 0.007552 0.012963
2 0.343359 0.917361 0.011719 0.034722
2 0.376042 0.813657 0.018229 0.021759
0 0.383854 0.798843 0.014583 0.018981
0 0.392578 0.768981 0.010677 0.027778
0 0.405339 0.714352 0.011719 0.028704
0 0.431380 0.725694 0.012760 0.010648
0 0.429818 0.735880 0.015885 0.012500
0 0.430078 0.751620 0.015885 0.012500
0 0.449609 0.740509 0.015885 0.012500
0 0.449089 0.727083 0.015885 0.012500
0 0.449089 0.756481 0.015365 0.011111
0 0.468880 0.660417 0.006510 0.028241
0 0.431771 0.566204 0.010937 0.026852
0 0.446094 0.601852 0.015625 0.012037
0 0.447005 0.616667 0.015365 0.010185
0 0.446745 0.631944 0.015365 0.010185
0 0.448828 0.646296 0.015365 0.010185
0 0.448698 0.660880 0.017708 0.010648
0 0.448437 0.674769 0.017188 0.011574
0 0.448047 0.689583 0.014844 0.012500
0 0.433073 0.681019 0.007812 0.026852
0 0.423438 0.684722 0.007812 0.026852
0 0.415495 0.684722 0.007031 0.029630
2 0.399219 0.692130 0.010937 0.030556
0 0.420833 0.531019 0.010937 0.027778
0 0.452604 0.485648 0.009896 0.028704
0 0.443880 0.525463 0.009115 0.023148
0 0.364193 0.444213 0.016406 0.013426
0 0.345313 0.473611 0.017188 0.013889
0 0.344531 0.492130 0.017188 0.013889
0 0.327865 0.475463 0.016667 0.012037
0 0.327474 0.493519 0.016406 0.010185
0 0.461328 0.432870 0.011198 0.029630
2 0.910807 0.436343 0.016927 0.014352
2 0.780599 0.451157 0.007552 0.033796
0 0.850911 0.438889 0.017448 0.011111
0 0.831510 0.438889 0.013542 0.012963
0 0.801823 0.449769 0.008333 0.028241
0 0.786458 0.453009 0.006771 0.026389
0 0.747917 0.451620 0.007812 0.027315
0 0.703646 0.455787 0.007292 0.022685
0 0.693620 0.657407 0.004948 0.025926
2 0.687109 0.659491 0.008594 0.031944
2 0.663932 0.658102 0.008594 0.031944
2 0.595182 0.689120 0.008594 0.031944
2 0.572396 0.688657 0.006771 0.031019
2 0.579036 0.750231 0.017448 0.011574
0 0.678776 0.657176 0.007031 0.029167
0 0.655469 0.657639 0.008333 0.028241
0 0.648177 0.657407 0.006250 0.026852
0 0.641016 0.686574 0.007552 0.026852
0 0.632552 0.687963 0.006771 0.025926
0 0.617708 0.658565 0.008333 0.028241
0 0.625651 0.656944 0.005469 0.021296
0 0.588281 0.734491 0.016667 0.011574
0 0.579167 0.816898 0.016667 0.011574
0 0.599219 0.836806 0.016667 0.011574
0 0.643490 0.873380 0.016146 0.016204
0 0.704167 0.677315 0.014583 0.012037
0 0.703776 0.694676 0.013802 0.012500
0 0.629818 0.843056 0.007552 0.016667
0 0.439323 0.852778 0.007292 0.029630
0 0.439583 0.887037 0.007292 0.026852
0 0.440625 0.918981 0.007292 0.027778
2 0.472005 0.974537 0.017969 0.017593
0 0.519271 0.992130 0.009375 0.015741
0 0.564844 0.981250 0.010937 0.026389
0 0.598698 0.983102 0.010937 0.026389
2 0.706901 0.922454 0.012760 0.029167
0 0.580859 0.903241 0.015885 0.016667
0 0.888542 0.952083 0.010417 0.026389
0 0.899609 0.981481 0.013802 0.029630
0 0.982552 0.835880 0.013542 0.030093
0 0.961068 0.629630 0.015365 0.013889
0 0.963672 0.645833 0.015885 0.017593
0 0.966016 0.674769 0.013802 0.015278
0 0.939453 0.684259 0.015885 0.014815
0 0.937370 0.670139 0.016927 0.013426
0 0.935807 0.657870 0.013802 0.013889
0 0.934896 0.644676 0.015625 0.015278
0 0.906120 0.638657 0.006510 0.021759
0 0.908333 0.694676 0.008333 0.030093
0 0.994141 0.607407 0.011198 0.019444
0 0.995313 0.625000 0.009375 0.015741
0 0.979948 0.738194 0.018229 0.015278
0 0.350000 0.531713 0.006771 0.028241
0 0.612240 0.944213 0.011979 0.025463
0 0.083203 0.205787 0.014844 0.015278
0 0.670573 0.338194 0.016146 0.011574
1 0.846875 0.310185 0.040104 0.017593
0 0.471484 0.820602 0.011198 0.011574
0 0.470313 0.850231 0.014583 0.010648
0 0.470182 0.764583 0.006510 0.029167
0 0.732292 0.166435 0.006771 0.025463
0 0.731250 0.194676 0.007292 0.031019
0 0.415885 0.110880 0.016146 0.019907
0 0.349219 0.109491 0.013542 0.018056
0 0.237109 0.363889 0.015885 0.017593
2 0.842839 0.335185 0.016927 0.010185
0 0.483203 0.771296 0.014844 0.012037
0 0.468620 0.627083 0.006510 0.028241
0 0.468099 0.597222 0.005990 0.030556
0 0.460026 0.592593 0.007552 0.027778
0 0.588021 0.659722 0.005729 0.026852
0 0.579818 0.658102 0.007031 0.028241
0 0.580078 0.687963 0.005469 0.025000
0 0.588151 0.689120 0.005469 0.027315
0 0.578906 0.828935 0.016667 0.011574
0 0.579818 0.791204 0.016406 0.012963
0 0.579427 0.775231 0.016667 0.011574
0 0.579167 0.764120 0.016667 0.011574
0 0.599219 0.849769 0.016667 0.011574
0 0.906510 0.752546 0.016146 0.017130
0 0.901432 0.716435 0.009115 0.012500
0 0.156771 0.064352 0.015625 0.018519
0 0.473307 0.067593 0.011198 0.020370
0 0.482161 0.058333 0.011198 0.020370
0 0.488281 0.051852 0.010417 0.020370
0 0.761328 0.057639 0.015885 0.017130
0 0.752474 0.314120 0.016927 0.013426
0 0.914974 0.313426 0.017969 0.014815
0 0.471094 0.862731 0.014583 0.010648
0 0.470833 0.834491 0.014583 0.010648
0 0.470573 0.806713 0.014583 0.010648
0 0.469792 0.789120 0.014583 0.010648
0 0.483984 0.758333 0.014844 0.012037
0 0.483203 0.741667 0.014844 0.012037
0 0.482422 0.728241 0.014844 0.012037
0 0.483203 0.713426 0.014844 0.012037
0 0.482682 0.700463 0.014844 0.012037
0 0.482552 0.686343 0.015625 0.012500
0 0.483464 0.674537 0.014844 0.012037
0 0.481901 0.660185 0.014844 0.012037
0 0.482682 0.631481 0.014844 0.012037
0 0.481901 0.616204 0.014844 0.012037
0 0.855469 0.093287 0.016667 0.012500
0 0.993490 0.175231 0.013021 0.014352
0 0.961458 0.186806 0.015104 0.012500
0 0.618490 0.938657 0.010937 0.024537
0 0.962240 0.726852 0.017708 0.014815
0 0.992578 0.777778 0.014323 0.015741
0 0.995182 0.795602 0.009635 0.013426
0 0.500651 0.036111 0.012240 0.028704
0 0.345573 0.038194 0.013542 0.018056
0 0.286068 0.531250 0.009635 0.026389
0 0.013281 0.747917 0.007292 0.028241
0 0.657292 0.081019 0.014583 0.006481
0 0.932813 0.054167 0.008333 0.028704
