0 0.108984 0.120833 0.014844 0.012963
0 0.111719 0.133796 0.017708 0.017593
0 0.121354 0.167824 0.017708 0.015278
0 0.119531 0.156481 0.016146 0.014815
0 0.157292 0.151389 0.013021 0.026852
0 0.159505 0.176852 0.015365 0.019444
0 0.163021 0.206481 0.011458 0.013889
0 0.106250 0.213889 0.017188 0.016667
0 0.111979 0.225000 0.017188 0.016667
2 0.123958 0.202315 0.017188 0.016667
2 0.096875 0.198148 0.017188 0.016667
2 0.096354 0.233796 0.017188 0.016667
2 0.099740 0.245833 0.017188 0.016667
0 0.283203 0.189352 0.010677 0.030556
0 0.342318 0.156713 0.009635 0.029167
0 0.406771 0.105787 0.016146 0.019907
0 0.630599 0.170602 0.007031 0.017130
0 0.466406 0.328009 0.016146 0.012500
0 0.384245 0.327083 0.017969 0.013426
0 0.477865 0.349306 0.016146 0.011574
0 0.858073 0.339815 0.017708 0.012037
0 0.552995 0.349537 0.014844 0.012963
0 0.696094 0.342824 0.013542 0.011574
2 0.392578 0.347454 0.019010 0.013426
0 0.221875 0.371759 0.017708 0.018519
0 0.270703 0.352778 0.015885 0.014815
0 0.145573 0.425926 0.016667 0.019444
0 0.113542 0.429398 0.017188 0.018056
2 0.090885 0.461806 0.017708 0.019907
0 0.059635 0.462269 0.017188 0.018981
0 0.039583 0.491204 0.018229 0.018519
2 0.185547 0.531250 0.011719 0.030093
0 0.192188 0.567824 0.008854 0.028241
0 0.195833 0.599769 0.008854 0.028241
0 0.175260 0.692130 0.016667 0.015741
0 0.137500 0.712731 0.011979 0.013426
0 0.032943 0.778935 0.014323 0.015278
0 0.047266 0.770139 0.016406 0.017130
0 0.112500 0.931019 0.016667 0.020370
2 0.250781 0.921065 0.007812 0.031944
2 0.301563 0.729630 0.018229 0.012037
0 0.329297 0.748148 0.014323 0.022222
0 0.343490 0.759722 0.012500 0.016667
0 0.331771 0.995602 0.010417 0.008796
0 0.335417 0.984491 0.008333 0.011574
2 0.337630 0.923843 0.011719 0.034722
2 0.370052 0.816898 0.018229 0.021759
0 0.378646 0.806250 0.014583 0.018981
0 0.386068 0.776389 0.010677 0.027778
0 0.400130 0.721296 0.011719 0.028704
0 0.425651 0.730787 0.012760 0.010648
0 0.424089 0.742824 0.015885 0.012500
0 0.424870 0.756250 0.015885 0.012500
0 0.443880 0.748380 0.015885 0.012500
0 0.443880 0.733102 0.015885 0.012500
0 0.443359 0.762500 0.015365 0.011111
0 0.463932 0.668287 0.006510 0.028241
0 0.424219 0.573611 0.010937 0.026852
0 0.440104 0.606481 0.015625 0.012037
0 0.440755 0.622685 0.015365 0.010185
0 0.442057 0.637037 0.015365 0.010185
0 0.444922 0.652315 0.015365 0.010185
0 0.441927 0.666435 0.017708 0.010648
0 0.442708 0.681713 0.017188 0.011574
0 0.442318 0.695139 0.014844 0.012500
0 0.426823 0.687500 0.007812 0.026852
0 0.417969 0.688426 0.007812 0.026852
0 0.410807 0.690741 0.007031 0.029630
2 0.394271 0.698148 0.010937 0.030556
0 0.415885 0.536574 0.010937 0.027778
0 0.446615 0.491667 0.009896 0.028704
0 0.438151 0.532870 0.009115 0.023148
0 0.358984 0.450694 0.016406 0.013426
0 0.341667 0.479630 0.017188 0.013889
0 0.340365 0.498148 0.017188 0.013889
0 0.322656 0.481019 0.016667 0.012037
0 0.322005 0.500926 0.016406 0.010185
0 0.455859 0.440741 0.011198 0.029630
2 0.906641 0.442824 0.016927 0.014352
2 0.774349 0.458102 0.007552 0.033796
0 0.847786 0.444444 0.017448 0.011111
0 0.825521 0.447685 0.013542 0.012963
0 0.796615 0.458565 0.008333 0.028241
0 0.781250 0.460880 0.006771 0.026389
0 0.742448 0.459028 0.007812 0.027315
0 0.697396 0.462731 0.007292 0.022685
0 0.688411 0.664352 0.004948 0.025926
2 0.682031 0.667361 0.007812 0.029167
2 0.657943 0.664815 0.006510 0.030556
2 0.590234 0.696065 0.008594 0.031944
2 0.567187 0.697454 0.006771 0.031019
2 0.547786 0.714583 0.005469 0.030093
2 0.573568 0.756713 0.017448 0.011574
0 0.673438 0.665972 0.006250 0.023611
0 0.650260 0.664583 0.006250 0.025463
0 0.642969 0.665046 0.005729 0.026389
0 0.635547 0.695833 0.006510 0.027778
0 0.627344 0.695833 0.006771 0.025926
0 0.612370 0.666204 0.007552 0.028704
0 0.619792 0.664120 0.005729 0.022685
0 0.582292 0.740972 0.016667 0.011574
0 0.574219 0.822454 0.016667 0.011574
0 0.593229 0.843287 0.016667 0.011574
0 0.594531 0.899306 0.016146 0.016204
0 0.699219 0.686574 0.014583 0.012037
0 0.698177 0.701389 0.013021 0.009259
0 0.623568 0.849074 0.007552 0.016667
0 0.434635 0.857407 0.007292 0.029630
0 0.435156 0.893519 0.007292 0.026852
0 0.436458 0.925000 0.007292 0.027778
2 0.467057 0.980093 0.017969 0.017593
0 0.558854 0.988657 0.010417 0.022685
2 0.700391 0.927083 0.012760 0.029167
0 0.534115 0.928241 0.011458 0.013889
0 0.883073 0.961343 0.010417 0.026389
0 0.892969 0.987269 0.013542 0.025463
0 0.975521 0.845139 0.013542 0.030093
0 0.956901 0.640278 0.015365 0.013889
0 0.957943 0.655093 0.015885 0.017593
0 0.961328 0.680324 0.013802 0.015278
0 0.933724 0.692593 0.015885 0.014815
0 0.930599 0.679861 0.016927 0.013426
0 0.930339 0.668056 0.013802 0.013889
0 0.928646 0.654861 0.015625 0.015278
0 0.903125 0.703009 0.008333 0.030093
0 0.991406 0.613657 0.017188 0.019907
0 0.992578 0.628935 0.014844 0.018056
0 0.345052 0.536806 0.006771 0.028241
0 0.605469 0.952546 0.011979 0.025463
0 0.079557 0.209954 0.014844 0.015278
0 0.603125 0.348380 0.016146 0.011574
1 0.794271 0.319444 0.040104 0.017593
0 0.467318 0.827546 0.011198 0.011574
0 0.466146 0.856713 0.014583 0.010648
0 0.464714 0.771991 0.006510 0.029167
0 0.727865 0.174306 0.006771 0.025463
0 0.726302 0.202546 0.007292 0.031019
0 0.411458 0.118750 0.016146 0.019907
0 0.342969 0.113194 0.013542 0.018056
0 0.189974 0.398611 0.015885 0.017593
2 0.768099 0.344444 0.016927 0.010185
0 0.476693 0.776389 0.014844 0.012037
0 0.463672 0.634028 0.006510 0.028241
0 0.463672 0.604167 0.005990 0.030556
0 0.454557 0.598611 0.007552 0.027778
0 0.581771 0.665741 0.005729 0.026852
0 0.574609 0.665046 0.007031 0.028241
0 0.574349 0.697685 0.005469 0.025000
0 0.582161 0.697917 0.005469 0.027315
0 0.574479 0.836343 0.016667 0.011574
0 0.573828 0.796296 0.016406 0.012963
0 0.574219 0.783102 0.016667 0.011574
0 0.573698 0.770602 0.016667 0.011574
0 0.592708 0.858565 0.016667 0.011574
0 0.893880 0.725231 0.009115 0.012500
0 0.149740 0.070370 0.015625 0.018519
0 0.469922 0.074074 0.011198 0.020370
0 0.477474 0.066204 0.011198 0.020370
0 0.483854 0.058333 0.010417 0.020370
0 0.756641 0.064120 0.015885 0.017130
2 0.872135 0.082639 0.007812 0.034722
0 0.652734 0.324306 0.016927 0.013426
0 0.861849 0.320833 0.019010 0.011111
0 0.466406 0.868750 0.014583 0.010648
0 0.464844 0.840972 0.014583 0.010648
0 0.465885 0.812731 0.014583 0.010648
0 0.464323 0.798843 0.014583 0.010648
0 0.477734 0.763889 0.014844 0.012037
0 0.477214 0.749537 0.014844 0.012037
0 0.477214 0.737037 0.014844 0.012037
0 0.477474 0.721296 0.014844 0.012037
0 0.477995 0.706944 0.014844 0.012037
0 0.477083 0.694213 0.015625 0.012500
0 0.477214 0.681481 0.014844 0.012037
0 0.476172 0.665741 0.014844 0.012037
0 0.476953 0.637500 0.014844 0.012037
0 0.475391 0.621759 0.014844 0.012037
0 0.851562 0.100231 0.016667 0.012500
0 0.990104 0.182639 0.013021 0.014352
0 0.957292 0.193287 0.015104 0.012500
0 0.613021 0.945602 0.010937 0.024537
0 0.908073 0.756481 0.017708 0.014815
0 0.991927 0.801389 0.015104 0.016667
0 0.996094 0.828009 0.007812 0.013426
0 0.494401 0.043981 0.012240 0.028704
0 0.340625 0.042361 0.013542 0.018056
0 0.286068 0.531250 0.009635 0.026389
0 0.006771 0.753009 0.007292 0.028241
0 0.480729 0.004630 0.007812 0.008333
0 0.995443 0.685648 0.009115 0.015741
0 0.995182 0.655093 0.009635 0.012963
0 0.987240 0.787269 0.018750 0.016204
0 0.652083 0.087731 0.014063 0.006019
0 0.927214 0.062269 0.008594 0.027315
