0 0.087109 0.119907 0.014844 0.012963
0 0.090365 0.131019 0.017708 0.017593
0 0.099740 0.169213 0.017708 0.015278
0 0.097396 0.157870 0.018750 0.012963
0 0.136198 0.153704 0.013021 0.026852
0 0.137109 0.181481 0.015365 0.019444
0 0.141146 0.206481 0.011458 0.013889
0 0.085677 0.213889 0.017188 0.016667
0 0.092969 0.226389 0.017188 0.016667
2 0.101562 0.201852 0.017188 0.016667
2 0.075781 0.200463 0.017188 0.016667
2 0.075000 0.232407 0.017188 0.016667
2 0.078125 0.246296 0.017188 0.016667
0 0.262370 0.190741 0.010677 0.030556
0 0.322266 0.157176 0.009635 0.029167
0 0.386979 0.110417 0.016146 0.019907
0 0.609245 0.172454 0.007031 0.017130
0 0.373177 0.331250 0.016146 0.012500
0 0.291016 0.329398 0.017969 0.013426
0 0.399740 0.349769 0.016146 0.011574
0 0.763021 0.344907 0.017708 0.012037
0 0.466667 0.354167 0.015104 0.012963
0 0.604688 0.340046 0.013542 0.011574
2 0.314714 0.348380 0.019010 0.013426
0 0.165365 0.394444 0.017708 0.018519
0 0.208984 0.370370 0.015885 0.014815
0 0.085417 0.451389 0.016667 0.019444
0 0.054818 0.452083 0.017448 0.018056
2 0.033464 0.484028 0.017969 0.019907
0 0.005469 0.484028 0.010417 0.018981
2 0.164193 0.533102 0.011719 0.030093
0 0.170052 0.568287 0.008854 0.028241
0 0.174479 0.600694 0.008854 0.028241
0 0.154167 0.694444 0.016667 0.015741
0 0.115885 0.715972 0.011979 0.013426
0 0.009505 0.780787 0.014323 0.015278
0 0.024740 0.771759 0.019271 0.018519
0 0.089844 0.932407 0.016667 0.020370
2 0.236979 0.979398 0.007812 0.031944
2 0.279687 0.730093 0.018229 0.012037
0 0.307422 0.746296 0.014323 0.022222
0 0.321615 0.761574 0.012500 0.016667
0 0.314583 0.985417 0.008333 0.011574
2 0.316276 0.924769 0.011719 0.034722
2 0.350260 0.821065 0.018229 0.021759
0 0.357812 0.806713 0.014583 0.018981
0 0.365234 0.776389 0.010677 0.027778
0 0.379036 0.724074 0.011719 0.028704
0 0.404818 0.732639 0.012760 0.010648
0 0.402474 0.746528 0.015885 0.012500
0 0.403776 0.759491 0.015885 0.012500
0 0.423047 0.749769 0.015885 0.012500
0 0.422005 0.736343 0.015885 0.012500
0 0.423307 0.763889 0.015365 0.011111
0 0.442839 0.668750 0.006510 0.028241
0 0.404687 0.573611 0.010937 0.026852
0 0.419401 0.609259 0.013802 0.009259
0 0.422005 0.624074 0.015365 0.010185
0 0.422005 0.639352 0.015365 0.010185
0 0.422266 0.653704 0.015365 0.010185
0 0.424479 0.666898 0.017708 0.010648
0 0.422396 0.683565 0.017188 0.011574
0 0.422526 0.696528 0.014844 0.012500
0 0.405990 0.691204 0.007812 0.026852
0 0.397396 0.690741 0.007812 0.026852
0 0.388932 0.692593 0.007031 0.029630
2 0.373698 0.699074 0.010937 0.030556
0 0.393229 0.541204 0.010937 0.027778
0 0.426042 0.493056 0.009896 0.028704
0 0.415755 0.534259 0.009115 0.023148
0 0.337370 0.451620 0.016406 0.013426
0 0.317969 0.482407 0.017188 0.013889
0 0.317969 0.501852 0.017188 0.013889
0 0.301302 0.486574 0.016667 0.012037
0 0.301432 0.500926 0.016406 0.010185
0 0.436068 0.441667 0.011198 0.029630
2 0.883984 0.446991 0.016927 0.014352
2 0.755339 0.459954 0.007552 0.033796
0 0.825130 0.450000 0.017448 0.011111
0 0.806250 0.450463 0.013542 0.012963
0 0.776563 0.460417 0.008333 0.028241
0 0.762240 0.460880 0.006771 0.026389
0 0.723698 0.462269 0.007812 0.027315
0 0.677083 0.466898 0.007292 0.022685
0 0.666797 0.665278 0.004948 0.025926
2 0.660417 0.667361 0.006771 0.031944
2 0.637630 0.668519 0.006510 0.030556
2 0.570443 0.696991 0.008594 0.031944
2 0.545833 0.699074 0.006250 0.027778
2 0.526823 0.717130 0.008333 0.030556
2 0.551953 0.758565 0.017448 0.011574
0 0.652344 0.667361 0.006250 0.023611
0 0.630469 0.666435 0.006250 0.025463
0 0.621875 0.666435 0.005729 0.026389
0 0.615104 0.698148 0.006771 0.026852
0 0.607812 0.696296 0.006771 0.025926
0 0.591406 0.668519 0.006771 0.023148
0 0.599609 0.666898 0.005990 0.017130
0 0.562240 0.742824 0.016667 0.011574
0 0.554167 0.826157 0.016667 0.011574
0 0.572656 0.845602 0.016667 0.011574
0 0.678385 0.687500 0.014583 0.012037
0 0.677604 0.703241 0.013021 0.009259
0 0.603516 0.853241 0.007552 0.016667
0 0.412760 0.862500 0.007292 0.029630
0 0.412500 0.893519 0.007292 0.026852
0 0.414583 0.928241 0.007292 0.027778
2 0.443099 0.985417 0.014323 0.017130
0 0.536979 0.988889 0.010417 0.022222
2 0.679297 0.927546 0.012760 0.029167
0 0.531380 0.921528 0.015885 0.017130
0 0.861198 0.962731 0.010417 0.026389
0 0.871875 0.987269 0.013542 0.025463
0 0.954167 0.848380 0.013542 0.030093
0 0.936328 0.643056 0.015365 0.013889
0 0.937891 0.657407 0.015885 0.017593
0 0.941016 0.686806 0.013802 0.015278
0 0.913411 0.698148 0.015885 0.014815
0 0.910807 0.684491 0.016927 0.013426
0 0.909635 0.670139 0.014583 0.012500
0 0.908203 0.656713 0.016406 0.012500
0 0.882031 0.706713 0.008333 0.030093
0 0.970964 0.619676 0.015885 0.016204
0 0.972266 0.632407 0.016927 0.017593
0 0.323698 0.539583 0.006771 0.028241
0 0.585417 0.954398 0.011979 0.025463
0 0.057292 0.211806 0.015104 0.015278
0 0.517708 0.352083 0.016146 0.011574
1 0.724219 0.323611 0.040104 0.017593
0 0.445964 0.830324 0.011198 0.011574
0 0.444531 0.859491 0.014583 0.010648
0 0.442839 0.778009 0.006510 0.029167
0 0.705469 0.177083 0.006771 0.025463
0 0.705469 0.203935 0.007292 0.031019
0 0.388802 0.120139 0.016146 0.019907
0 0.320312 0.115972 0.013542 0.018056
0 0.132161 0.421759 0.015885 0.017593
2 0.672005 0.349537 0.016927 0.010185
0 0.455208 0.780787 0.011979 0.011574
0 0.442318 0.637269 0.006510 0.028241
0 0.442057 0.605093 0.005990 0.030556
0 0.434245 0.601389 0.007552 0.027778
0 0.561849 0.671991 0.006510 0.020833
0 0.553516 0.670602 0.007031 0.021759
0 0.553516 0.700000 0.005469 0.025000
0 0.561328 0.698843 0.005469 0.027315
0 0.554167 0.837269 0.016667 0.011574
0 0.552214 0.800000 0.016406 0.012963
0 0.552604 0.786343 0.016667 0.011574
0 0.553385 0.771991 0.016667 0.011574
0 0.571615 0.860417 0.016667 0.011574
0 0.870833 0.728472 0.017188 0.013426
0 0.130208 0.069444 0.015625 0.018519
0 0.448568 0.074537 0.011198 0.020370
0 0.456120 0.069907 0.011198 0.020370
0 0.463281 0.058796 0.010417 0.020370
0 0.735547 0.067361 0.015885 0.017130
2 0.853385 0.086806 0.007812 0.034722
0 0.539453 0.331713 0.016927 0.013426
0 0.789193 0.326389 0.019010 0.011111
0 0.445052 0.871065 0.014583 0.010648
0 0.444010 0.842824 0.014583 0.010648
0 0.444531 0.816898 0.014583 0.010648
0 0.442969 0.801157 0.014583 0.010648
0 0.455990 0.767130 0.011979 0.012037
0 0.455859 0.751389 0.014844 0.012037
0 0.454557 0.737963 0.014844 0.012037
0 0.455599 0.723611 0.014844 0.012037
0 0.455859 0.710648 0.014844 0.012037
0 0.456250 0.693750 0.015625 0.012500
0 0.454818 0.681944 0.014844 0.012037
0 0.456641 0.668519 0.014844 0.012037
0 0.455339 0.638426 0.014844 0.012037
0 0.455599 0.624074 0.014844 0.012037
0 0.828906 0.102546 0.016667 0.012500
0 0.970573 0.186343 0.017188 0.016204
0 0.936198 0.197917 0.015104 0.012500
0 0.592448 0.946528 0.010937 0.024537
0 0.971615 0.804630 0.015104 0.016667
0 0.979688 0.830787 0.017708 0.018056
0 0.474089 0.044907 0.012240 0.028704
0 0.318750 0.044213 0.013542 0.018056
0 0.258333 0.539120 0.009896 0.026389
0 0.458984 0.006250 0.009635 0.011574
0 0.978385 0.688194 0.018229 0.019907
0 0.976562 0.658102 0.013021 0.012500
0 0.966797 0.789583 0.017969 0.018056
0 0.522917 0.847685 0.006250 0.011111
0 0.520703 0.823611 0.008594 0.010185
0 0.521224 0.809259 0.007031 0.009259
0 0.520964 0.795833 0.006510 0.011111
0 0.869010 0.712037 0.013021 0.011111
0 0.869661 0.677778 0.010156 0.012037
0 0.870182 0.662500 0.009635 0.011111
0 0.631380 0.090278 0.015365 0.008333
0 0.906250 0.064583 0.007812 0.031019
