0 0.006641 0.350000 0.012760 0.014815
0 0.006510 0.646065 0.012500 0.011574
0 0.060026 0.647222 0.017448 0.012037
0 0.099870 0.244907 0.015885 0.010185
0 0.014063 0.862500 0.014063 0.012963
0 0.074740 0.762963 0.016667 0.012963
0 0.173047 0.240046 0.012760 0.012500
2 0.208203 0.238426 0.019010 0.011111
0 0.022135 0.969444 0.009896 0.025926
0 0.251042 0.957176 0.006771 0.025463
0 0.228646 0.237731 0.015625 0.010648
2 0.400130 0.654398 0.017448 0.016204
0 0.158724 0.241898 0.015365 0.011574
0 0.142187 0.200463 0.006771 0.022222
0 0.031771 0.142593 0.007812 0.022222
0 0.028255 0.180556 0.008594 0.027778
0 0.062760 0.234259 0.015625 0.012963
0 0.078125 0.241667 0.015104 0.011111
2 0.196224 0.380787 0.016927 0.011574
0 0.392188 0.727083 0.007812 0.025463
0 0.173698 0.051389 0.016667 0.012037
0 0.638542 0.359722 0.017188 0.012037
0 0.111719 0.513889 0.006771 0.030556
2 0.535026 0.552778 0.011198 0.032407
0 0.139844 0.166435 0.008333 0.024537
0 0.173437 0.066204 0.016667 0.012037
0 0.239453 0.074306 0.017969 0.016204
2 0.262240 0.077778 0.019792 0.013889
0 0.709245 0.425926 0.015365 0.012037
2 0.315625 0.374074 0.017708 0.012037
0 0.491276 0.367824 0.016927 0.010648
2 0.427604 0.640741 0.018750 0.020370
2 0.370443 0.666204 0.017448 0.015741
0 0.173568 0.034954 0.019010 0.014352
0 0.061458 0.631250 0.016146 0.009722
0 0.088151 0.631713 0.016406 0.011574
0 0.327344 0.769676 0.009896 0.028241
2 0.361979 0.886574 0.006771 0.023148
2 0.591667 0.209028 0.015104 0.029167
0 0.575130 0.350463 0.016927 0.012037
1 0.548828 0.398611 0.037760 0.018519
0 0.330729 0.798148 0.006771 0.023148
0 0.352214 0.925694 0.007031 0.019907
0 0.557161 0.619907 0.013281 0.015741
0 0.642448 0.967593 0.014583 0.021296
0 0.582552 0.649537 0.015625 0.021296
0 0.621615 0.660185 0.015625 0.021296
0 0.665104 0.706944 0.015625 0.021296
0 0.855859 0.910880 0.012760 0.018981
0 0.341406 0.393056 0.011979 0.010185
0 0.586719 0.058796 0.008333 0.027778
0 0.677344 0.203241 0.015625 0.025000
0 0.762760 0.028472 0.014063 0.025463
0 0.674089 0.043981 0.007552 0.029630
0 0.790365 0.408333 0.016667 0.012963
2 0.734766 0.819676 0.018490 0.024537
0 0.560677 0.827315 0.009896 0.023148
0 0.131510 0.763194 0.013021 0.011574
0 0.159505 0.400694 0.016927 0.015278
0 0.042448 0.349537 0.011979 0.013889
0 0.265755 0.397454 0.016406 0.012500
0 0.640234 0.392130 0.018490 0.012963
0 0.675391 0.111343 0.007552 0.030093
0 0.762760 0.063657 0.013542 0.023611
0 0.763802 0.081944 0.013021 0.023148
2 0.764323 0.138426 0.014063 0.028704
0 0.764583 0.193981 0.011979 0.019444
0 0.764844 0.212500 0.011979 0.019444
0 0.766016 0.235417 0.012760 0.025463
0 0.799219 0.260880 0.015625 0.013426
0 0.778516 0.263194 0.013281 0.010648
0 0.376823 0.182639 0.017188 0.013426
0 0.376953 0.200926 0.018490 0.014815
0 0.041797 0.655324 0.017448 0.011574
0 0.040755 0.669676 0.017448 0.011574
0 0.114323 0.551852 0.006771 0.030556
0 0.013672 0.834028 0.017448 0.014352
0 0.010677 0.817824 0.016146 0.012500
0 0.453385 0.902315 0.015625 0.014815
0 0.174089 0.020139 0.017969 0.014352
2 0.362630 0.090509 0.017969 0.016204
0 0.373307 0.121528 0.016927 0.013426
0 0.373828 0.134491 0.016927 0.013426
2 0.388281 0.249537 0.008333 0.031481
0 0.391667 0.296296 0.006771 0.019444
0 0.481641 0.216204 0.006510 0.028704
0 0.481120 0.143981 0.004948 0.022222
0 0.504036 0.189583 0.015885 0.024537
0 0.502734 0.105093 0.010677 0.017593
0 0.589844 0.027083 0.016146 0.021759
0 0.764323 0.175463 0.013021 0.025000
0 0.765365 0.118981 0.009896 0.017593
0 0.851562 0.055787 0.013021 0.022685
0 0.251953 0.447917 0.016927 0.014352
0 0.402865 0.424306 0.016146 0.011574
0 0.583854 0.396296 0.017188 0.012037
0 0.676693 0.583796 0.014844 0.017593
2 0.557943 0.934028 0.009115 0.032870
0 0.481120 0.170370 0.006510 0.028704
0 0.480339 0.028009 0.006510 0.028241
0 0.502995 0.034491 0.015885 0.024537
0 0.566927 0.050463 0.005208 0.026852
0 0.590495 0.190509 0.013802 0.022685
0 0.591276 0.249306 0.016406 0.022685
0 0.677865 0.241667 0.015625 0.025000
2 0.903385 0.154861 0.015104 0.031019
0 0.705078 0.390278 0.018490 0.012963
0 0.080599 0.663657 0.016406 0.011574
0 0.098437 0.665972 0.016667 0.011574
0 0.107292 0.633102 0.016667 0.011574
0 0.101042 0.649306 0.016667 0.011574
0 0.126302 0.605556 0.006250 0.017593
0 0.438411 0.600926 0.009115 0.026852
0 0.927734 0.602315 0.017969 0.013889
0 0.885026 0.500463 0.017969 0.013889
0 0.889714 0.558796 0.017969 0.013889
0 0.884896 0.483333 0.021354 0.014815
0 0.616536 0.873148 0.014844 0.014815
0 0.613802 0.851620 0.013542 0.024537
0 0.542188 0.744444 0.009375 0.028704
0 0.548438 0.773611 0.009375 0.030556
0 0.336589 0.832639 0.008594 0.029167
0 0.341016 0.862731 0.008594 0.029167
0 0.346484 0.893287 0.008594 0.029167
2 0.344401 0.088657 0.013281 0.015278
0 0.480339 0.100926 0.006510 0.028704
0 0.479818 0.069907 0.006510 0.028704
0 0.503255 0.069213 0.015885 0.024537
0 0.504036 0.140972 0.015885 0.024537
0 0.502734 0.156250 0.015885 0.024537
0 0.502995 0.052315 0.010677 0.017593
0 0.504036 0.209028 0.015885 0.024537
0 0.504557 0.230324 0.015885 0.024537
0 0.567708 0.081481 0.005208 0.027778
0 0.567578 0.130787 0.007552 0.031019
0 0.569141 0.203935 0.007552 0.031019
0 0.569141 0.163194 0.007552 0.031019
0 0.592057 0.228009 0.016406 0.022685
0 0.590495 0.171065 0.013802 0.022685
0 0.589974 0.135417 0.013802 0.022685
0 0.589714 0.116435 0.013802 0.022685
0 0.588932 0.010880 0.013802 0.020833
0 0.656380 0.222222 0.008073 0.028704
0 0.656120 0.147222 0.008073 0.028704
0 0.654557 0.114352 0.008073 0.028704
0 0.654557 0.070370 0.008073 0.028704
2 0.654297 0.037500 0.008073 0.028704
0 0.676302 0.011806 0.013021 0.022685
2 0.951432 0.050694 0.014844 0.031019
2 0.947786 0.083102 0.014844 0.031019
0 0.936979 0.021296 0.012500 0.022222
0 0.940104 0.007176 0.010417 0.013426
0 0.942708 0.153241 0.014063 0.024074
0 0.938802 0.166667 0.014063 0.024074
0 0.955078 0.212037 0.010156 0.030556
0 0.973568 0.178241 0.010156 0.030556
0 0.994531 0.161111 0.010937 0.029630
0 0.101562 0.440046 0.017188 0.015278
0 0.045573 0.397917 0.017188 0.015278
0 0.006510 0.659954 0.012500 0.011574
0 0.006510 0.675231 0.012500 0.011574
0 0.005469 0.704167 0.010417 0.012963
2 0.875911 0.967130 0.016927 0.028704
0 0.950651 0.981481 0.011198 0.032407
0 0.962891 0.990972 0.011198 0.018056
0 0.969922 0.993981 0.009115 0.012037
0 0.673177 0.596296 0.013021 0.018519
0 0.986979 0.357870 0.016146 0.012963
0 0.849219 0.540972 0.007292 0.022685
2 0.690365 0.871528 0.008854 0.024537
