0 0.202734 0.565278 0.016406 0.018519
0 0.127604 0.788194 0.017188 0.022685
0 0.145573 0.796065 0.018750 0.022685
0 0.160807 0.817593 0.011719 0.017593
2 0.287500 0.881019 0.017188 0.021296
0 0.098828 0.937269 0.016927 0.013426
2 0.120182 0.887963 0.019531 0.021296
2 0.008984 0.853704 0.011719 0.032407
0 0.160156 0.757407 0.016667 0.021296
2 0.345443 0.657176 0.020052 0.028241
2 0.362500 0.587963 0.016667 0.025926
0 0.363932 0.634491 0.015885 0.023611
0 0.378776 0.608565 0.014323 0.023611
0 0.251042 0.785648 0.016146 0.025926
0 0.448437 0.449769 0.014063 0.024537
2 0.090755 0.630556 0.019531 0.021296
0 0.460677 0.383333 0.014063 0.028704
2 0.356641 0.990972 0.019531 0.017130
2 0.052083 0.396528 0.011979 0.035648
2 0.353516 0.599537 0.017969 0.034259
1 0.561719 0.760417 0.032292 0.052315
0 0.141276 0.602315 0.016406 0.016667
0 0.006901 0.361574 0.010677 0.031481
0 0.029948 0.323611 0.017188 0.018519
0 0.057161 0.316898 0.015365 0.031944
2 0.110417 0.349306 0.009896 0.032870
0 0.391276 0.920370 0.012240 0.021296
2 0.462240 0.814120 0.016146 0.023611
0 0.533333 0.218519 0.016146 0.027778
0 0.055339 0.232407 0.012760 0.028704
0 0.118229 0.914120 0.014063 0.017130
2 0.634115 0.552778 0.015625 0.030556
2 0.633854 0.628704 0.018750 0.031481
0 0.817708 0.362269 0.016667 0.031944
0 0.005859 0.189815 0.011198 0.026852
2 0.082422 0.256713 0.012240 0.030093
2 0.213932 0.200000 0.014323 0.031481
0 0.040234 0.719676 0.009635 0.030093
0 0.003776 0.843981 0.007031 0.032407
0 0.267057 0.875000 0.015885 0.017593
0 0.279297 0.571296 0.014844 0.025000
2 0.426042 0.422685 0.017188 0.027778
2 0.438021 0.287037 0.018229 0.042593
2 0.428906 0.192130 0.013542 0.033333
2 0.379167 0.413194 0.015104 0.031019
0 0.411328 0.031019 0.011198 0.026852
0 0.819401 0.534259 0.018490 0.017593
0 0.948047 0.440509 0.019010 0.018981
0 0.744531 0.573380 0.019271 0.018981
0 0.784896 0.259954 0.015625 0.030093
0 0.779818 0.243981 0.014323 0.022222
2 0.828776 0.291667 0.020052 0.033333
0 0.030339 0.213657 0.011198 0.029167
0 0.162630 0.313889 0.009635 0.024074
2 0.092708 0.101157 0.013021 0.033796
0 0.085026 0.096065 0.011198 0.029167
0 0.159375 0.107176 0.016667 0.018981
0 0.275130 0.079861 0.013281 0.032870
0 0.242318 0.121759 0.012760 0.032407
2 0.211719 0.866667 0.018750 0.023148
0 0.291016 0.917130 0.015365 0.016667
0 0.324479 0.930324 0.016146 0.019907
2 0.304688 0.896296 0.017188 0.021296
0 0.148438 0.974769 0.016146 0.011574
2 0.187760 0.971065 0.016146 0.011574
0 0.236328 0.992361 0.016406 0.012500
0 0.337370 0.882639 0.012240 0.023611
0 0.351693 0.858102 0.012240 0.023611
0 0.237630 0.546991 0.014844 0.015278
0 0.475781 0.500231 0.014063 0.024537
0 0.488281 0.539120 0.014063 0.024537
0 0.499089 0.560185 0.010156 0.019444
0 0.524740 0.583565 0.013542 0.019907
0 0.566146 0.043981 0.014063 0.024074
0 0.467578 0.141435 0.011719 0.030093
0 0.403385 0.336574 0.011979 0.028704
0 0.617969 0.580324 0.016146 0.025463
0 0.819271 0.183796 0.015104 0.022222
0 0.825260 0.170370 0.016146 0.030556
0 0.194531 0.850463 0.016146 0.020370
0 0.829297 0.470602 0.008594 0.021759
0 0.845703 0.451620 0.008594 0.021759
0 0.855208 0.442130 0.009896 0.031481
0 0.008594 0.279167 0.012500 0.030556
0 0.207292 0.193981 0.010937 0.027778
0 0.208073 0.023148 0.010417 0.024074
0 0.226042 0.042824 0.012500 0.030093
0 0.243750 0.055787 0.012500 0.030093
0 0.022266 0.369444 0.010677 0.031481
0 0.028516 0.377315 0.010677 0.031481
0 0.044922 0.390278 0.010677 0.031481
0 0.067839 0.408565 0.010677 0.029167
0 0.084766 0.418056 0.010677 0.031481
2 0.075000 0.413657 0.011979 0.031944
0 0.063151 0.238426 0.012240 0.030556
0 0.069661 0.244907 0.012240 0.030556
0 0.090495 0.261574 0.011719 0.028704
0 0.105859 0.271759 0.011719 0.028704
0 0.112370 0.276852 0.011719 0.028704
0 0.004948 0.893287 0.009375 0.030093
0 0.172135 0.909954 0.018229 0.018056
0 0.397005 0.928704 0.013281 0.019444
0 0.555208 0.834259 0.014063 0.023148
2 0.470182 0.924074 0.019010 0.026852
0 0.595573 0.724769 0.014063 0.025463
0 0.558594 0.697917 0.014063 0.025463
0 0.707031 0.551157 0.014063 0.025463
0 0.537500 0.607176 0.014063 0.025463
0 0.310417 0.499769 0.018229 0.021759
2 0.352604 0.439815 0.016146 0.025926
0 0.834245 0.244213 0.014844 0.028241
0 0.582682 0.145602 0.013802 0.025463
0 0.126432 0.289815 0.011719 0.028704
0 0.135807 0.293056 0.011719 0.028704
0 0.145182 0.304630 0.011719 0.028704
0 0.175260 0.168981 0.010937 0.027778
0 0.133594 0.136111 0.010937 0.027778
0 0.120052 0.119444 0.010937 0.027778
0 0.110156 0.118519 0.010937 0.027778
0 0.214714 0.113889 0.012760 0.032407
0 0.198698 0.101620 0.011458 0.028241
0 0.190365 0.093519 0.013542 0.032407
0 0.182552 0.088889 0.013542 0.032407
0 0.174479 0.078704 0.013542 0.032407
0 0.166406 0.073148 0.013542 0.032407
0 0.157031 0.069907 0.013542 0.032407
0 0.149740 0.061111 0.013542 0.032407
0 0.141146 0.056019 0.013542 0.032407
0 0.132812 0.050000 0.013542 0.032407
0 0.125521 0.043056 0.013542 0.032407
0 0.115625 0.032407 0.013542 0.032407
0 0.283724 0.086806 0.011198 0.027315
0 0.165885 0.971528 0.016146 0.011574
0 0.210417 0.970602 0.016146 0.011574
0 0.247917 0.901389 0.016146 0.020370
0 0.261458 0.917130 0.016146 0.020370
0 0.287370 0.895370 0.015885 0.017593
0 0.308464 0.940046 0.015365 0.022685
0 0.305859 0.913426 0.015365 0.016667
0 0.426563 0.968981 0.016667 0.020370
2 0.527995 0.844907 0.019010 0.026852
0 0.417318 0.064815 0.009635 0.028704
0 0.439193 0.098148 0.009635 0.028704
0 0.441536 0.132870 0.009635 0.028704
0 0.421224 0.106481 0.008073 0.022222
0 0.424349 0.132407 0.008073 0.022222
0 0.442578 0.227083 0.011719 0.030093
0 0.508594 0.043981 0.013021 0.025926
0 0.596484 0.169213 0.013802 0.025463
2 0.618750 0.205093 0.013542 0.025926
0 0.651693 0.284259 0.016927 0.011111
0 0.661979 0.300926 0.011458 0.010185
0 0.721745 0.337731 0.015365 0.019907
0 0.603385 0.614120 0.016146 0.025463
0 0.588802 0.641435 0.016146 0.025463
0 0.539062 0.734491 0.014063 0.025463
0 0.711849 0.507870 0.014844 0.030556
0 0.692318 0.511574 0.014844 0.030556
0 0.694922 0.611806 0.015885 0.028241
0 0.795964 0.311343 0.014844 0.028241
2 0.768099 0.403935 0.020052 0.033796
0 0.962370 0.326389 0.015885 0.026852
2 0.950000 0.346296 0.020833 0.014815
0 0.984375 0.335417 0.016146 0.031019
0 0.991667 0.321991 0.014063 0.029167
0 0.695312 0.014583 0.011458 0.018981
0 0.707422 0.035880 0.011719 0.023611
0 0.431771 0.039120 0.008854 0.028241
2 0.428776 0.011806 0.011198 0.022685
0 0.226172 0.591898 0.009115 0.014352
2 0.546224 0.640046 0.017448 0.028241
2 0.440885 0.321991 0.019271 0.030093
