0 0.047526 0.726852 0.016406 0.018519
2 0.222786 0.800231 0.020052 0.028241
0 0.241536 0.779398 0.015885 0.023611
0 0.254297 0.752546 0.014323 0.023611
0 0.322917 0.596528 0.014063 0.024537
0 0.335938 0.530093 0.014063 0.028704
2 0.229818 0.741204 0.017969 0.034259
0 0.013151 0.747222 0.016406 0.016667
0 0.408594 0.367130 0.016146 0.027778
2 0.507031 0.701852 0.015625 0.030556
2 0.532031 0.750463 0.018750 0.031481
0 0.786198 0.391898 0.016667 0.031944
2 0.086849 0.352778 0.014323 0.031481
2 0.315365 0.428704 0.018229 0.042593
2 0.302344 0.343981 0.013542 0.033333
2 0.255990 0.562269 0.015104 0.031019
0 0.852344 0.556250 0.020313 0.027315
0 0.656510 0.410417 0.015625 0.030093
0 0.651693 0.397222 0.014323 0.022222
0 0.031771 0.259028 0.016667 0.018981
0 0.352604 0.646991 0.014063 0.024537
0 0.365104 0.688194 0.014063 0.024537
0 0.373828 0.706481 0.010156 0.019444
0 0.399479 0.730324 0.013542 0.019907
0 0.432682 0.098380 0.013802 0.029167
0 0.227474 0.591435 0.012240 0.023611
0 0.485417 0.816898 0.016146 0.025463
0 0.688021 0.339352 0.015104 0.022222
0 0.693750 0.325000 0.014583 0.026852
0 0.714974 0.606250 0.008594 0.021759
0 0.724219 0.599074 0.009896 0.031481
0 0.080469 0.344907 0.010937 0.027778
0 0.020964 0.454630 0.007552 0.020370
0 0.007292 0.924306 0.014063 0.020833
0 0.439844 0.965741 0.014063 0.023148
0 0.484375 0.846065 0.014063 0.025463
0 0.620833 0.583333 0.013542 0.029630
0 0.410417 0.751157 0.014063 0.025463
2 0.156771 0.667824 0.018229 0.021759
0 0.414193 0.223843 0.013802 0.025463
0 0.070052 0.255556 0.010937 0.028704
0 0.130078 0.924769 0.015365 0.024537
2 0.430859 0.921528 0.016406 0.031019
0 0.316797 0.282407 0.009635 0.028704
0 0.299870 0.281019 0.008073 0.022222
0 0.274609 0.494444 0.012240 0.028704
0 0.455339 0.295139 0.013802 0.025463
2 0.491276 0.357870 0.016406 0.027778
0 0.524089 0.433333 0.016927 0.011111
0 0.532552 0.451389 0.015104 0.011111
0 0.594271 0.486574 0.015625 0.022222
0 0.415104 0.878009 0.014063 0.025463
0 0.732943 0.405556 0.014844 0.030556
0 0.673047 0.550926 0.014844 0.030556
0 0.697396 0.623843 0.007812 0.020833
0 0.833724 0.247454 0.014844 0.028241
0 0.826172 0.486111 0.015885 0.026852
2 0.814844 0.505093 0.020833 0.014815
0 0.565104 0.169676 0.011458 0.018981
0 0.578516 0.190509 0.011719 0.023611
2 0.300651 0.157870 0.012240 0.031481
0 0.114323 0.211806 0.012500 0.030093
0 0.273047 0.146065 0.012760 0.029167
0 0.339062 0.313194 0.013542 0.028241
0 0.557552 0.738194 0.016146 0.025463
0 0.624479 0.511111 0.017188 0.015741
0 0.722266 0.103009 0.012760 0.025463
0 0.848437 0.496991 0.015625 0.028241
0 0.855469 0.480324 0.013542 0.022685
0 0.917188 0.401157 0.014583 0.029167
0 0.982031 0.365741 0.016667 0.025926
2 0.941016 0.418287 0.020052 0.028241
0 0.875000 0.847222 0.010417 0.034259
0 0.878776 0.890509 0.009115 0.027315
0 0.896224 0.870833 0.012240 0.031481
0 0.928516 0.895602 0.016406 0.026389
0 0.894401 0.804167 0.017448 0.026852
0 0.890885 0.740046 0.020313 0.021759
0 0.946615 0.752778 0.015104 0.023148
0 0.926693 0.745833 0.014323 0.021296
0 0.987370 0.662731 0.015365 0.023611
0 0.969922 0.650926 0.017969 0.021296
0 0.970833 0.595602 0.018229 0.020833
0 0.990365 0.626620 0.017708 0.019907
0 0.986719 0.776620 0.019271 0.030093
0 0.991927 0.758565 0.016146 0.028241
2 0.337240 0.956713 0.018750 0.027315
0 0.048438 0.320139 0.011458 0.027315
0 0.006771 0.288657 0.011458 0.027315
0 0.085677 0.265741 0.013021 0.027778
0 0.061719 0.248148 0.013542 0.031481
0 0.053906 0.243981 0.010937 0.028704
0 0.045312 0.234259 0.010937 0.028704
0 0.036458 0.228704 0.010937 0.028704
0 0.028385 0.225000 0.010937 0.028704
0 0.012760 0.210185 0.010937 0.028704
0 0.020573 0.215278 0.010937 0.028704
0 0.005599 0.205093 0.010677 0.028704
0 0.112891 0.277546 0.015365 0.031944
0 0.096354 0.197454 0.012500 0.030093
0 0.029948 0.143750 0.012500 0.030093
0 0.017708 0.136343 0.012500 0.030093
0 0.010156 0.127083 0.012500 0.030093
0 0.079036 0.178472 0.010677 0.024537
0 0.159115 0.091435 0.009375 0.030093
0 0.182552 0.054167 0.017708 0.023148
0 0.173698 0.047685 0.017708 0.023148
0 0.145052 0.022222 0.015104 0.019444
2 0.114714 0.053935 0.012240 0.038426
0 0.038932 0.461574 0.007552 0.020370
0 0.023438 0.934722 0.018229 0.023148
0 0.040104 0.895139 0.015625 0.020833
0 0.074479 0.989583 0.015625 0.020833
0 0.040104 0.955787 0.014063 0.018981
0 0.110286 0.695833 0.016406 0.018519
0 0.432552 0.840509 0.014063 0.025463
0 0.463281 0.786806 0.014063 0.025463
0 0.476042 0.759954 0.014063 0.025463
0 0.491146 0.726620 0.014063 0.025463
0 0.616016 0.722917 0.021094 0.018981
2 0.419792 0.784028 0.016146 0.030093
2 0.586198 0.655093 0.015625 0.030556
0 0.302474 0.410648 0.012240 0.028704
0 0.295964 0.253704 0.008073 0.022222
0 0.312370 0.248148 0.009635 0.028704
0 0.292057 0.215278 0.009635 0.028704
0 0.306120 0.191667 0.009635 0.028704
0 0.284505 0.183565 0.012760 0.029167
0 0.260417 0.116898 0.011979 0.023611
0 0.277734 0.089815 0.012240 0.034259
0 0.291536 0.025000 0.017448 0.014815
0 0.342318 0.010880 0.019010 0.016204
0 0.365234 0.006019 0.018490 0.011111
2 0.272005 0.031019 0.019010 0.021296
0 0.467057 0.317361 0.013802 0.025463
0 0.632682 0.396065 0.012760 0.022685
0 0.866667 0.472917 0.013542 0.030093
0 0.876823 0.469676 0.013542 0.030093
0 0.884896 0.455093 0.015104 0.032407
0 0.897135 0.437963 0.015104 0.032407
0 0.907552 0.412500 0.015104 0.032407
0 0.923698 0.386343 0.014583 0.029167
0 0.933073 0.375231 0.014583 0.029167
2 0.958984 0.388657 0.020052 0.028241
2 0.984375 0.414583 0.020313 0.023611
0 0.707161 0.131713 0.012760 0.025463
0 0.766016 0.041435 0.014323 0.021759
0 0.829297 0.185880 0.014844 0.028241
0 0.874870 0.085185 0.016406 0.022222
2 0.907292 0.066898 0.021875 0.028241
0 0.942057 0.876620 0.016406 0.026389
0 0.945964 0.863194 0.016406 0.026389
0 0.952214 0.847454 0.016406 0.026389
0 0.956380 0.834028 0.016406 0.026389
0 0.964714 0.825694 0.016406 0.026389
0 0.972005 0.816435 0.016406 0.026389
0 0.901693 0.791667 0.017448 0.026852
0 0.918620 0.754630 0.019010 0.024074
0 0.910286 0.828241 0.017448 0.026852
0 0.916797 0.812037 0.017448 0.026852
0 0.930078 0.791667 0.017448 0.026852
0 0.935807 0.779167 0.017448 0.026852
0 0.941536 0.769444 0.017448 0.026852
0 0.904036 0.775000 0.014323 0.021296
0 0.919661 0.800463 0.014323 0.021296
0 0.953125 0.799306 0.021875 0.021759
0 0.952865 0.740741 0.015104 0.023148
0 0.939193 0.720370 0.018490 0.025926
0 0.931510 0.729630 0.013021 0.020370
0 0.981901 0.790509 0.013281 0.019907
0 0.987109 0.578704 0.014323 0.020370
0 0.985938 0.641667 0.016667 0.020370
0 0.795443 0.008102 0.012760 0.015278
2 0.315755 0.470370 0.016927 0.028704
0 0.103516 0.735185 0.009635 0.013889
