0 0.005729 0.846759 0.010937 0.015741
2 0.211068 0.904398 0.020052 0.028241
0 0.230078 0.881713 0.015885 0.023611
0 0.242839 0.856250 0.014323 0.023611
0 0.323828 0.635880 0.016406 0.023611
0 0.273958 0.571759 0.014063 0.028704
2 0.219271 0.847222 0.016146 0.033333
0 0.395573 0.474537 0.016146 0.027778
2 0.495573 0.806019 0.018750 0.031481
0 0.795964 0.372917 0.013281 0.024537
2 0.074089 0.458796 0.014323 0.031481
2 0.305208 0.541204 0.018229 0.042593
2 0.291146 0.447685 0.013542 0.033333
2 0.245312 0.664583 0.016146 0.026389
0 0.852734 0.652315 0.019010 0.028704
0 0.645312 0.519213 0.015625 0.030093
0 0.639193 0.505556 0.014323 0.022222
0 0.313021 0.699769 0.014063 0.024537
0 0.339583 0.752083 0.014063 0.024537
0 0.352474 0.791435 0.013802 0.022685
0 0.361328 0.808333 0.011719 0.022222
0 0.482682 0.033333 0.010156 0.025000
0 0.182422 0.742593 0.016927 0.019444
0 0.480729 0.836343 0.016146 0.025463
0 0.712240 0.707870 0.009896 0.031481
0 0.068490 0.454167 0.010937 0.027778
0 0.404167 0.982407 0.014063 0.023148
0 0.451302 0.893287 0.014063 0.025463
0 0.613672 0.729167 0.014323 0.023148
0 0.388542 0.836343 0.014063 0.025463
2 0.108073 0.790046 0.018229 0.021759
0 0.374219 0.297222 0.016146 0.027778
0 0.059115 0.365046 0.013542 0.026389
0 0.295182 0.297222 0.009635 0.028704
0 0.284766 0.362037 0.008073 0.022222
0 0.236198 0.653935 0.013542 0.025463
0 0.446484 0.403009 0.013802 0.025463
2 0.480078 0.464352 0.016406 0.027778
0 0.513672 0.539352 0.016927 0.011111
0 0.522396 0.558796 0.015104 0.011111
0 0.675781 0.449769 0.015104 0.019907
0 0.603776 0.608565 0.015365 0.023611
0 0.686979 0.733565 0.007812 0.020833
0 0.805339 0.293287 0.014844 0.028241
0 0.813932 0.596296 0.015885 0.026852
2 0.802604 0.618056 0.020833 0.014815
0 0.554948 0.275694 0.011458 0.018981
0 0.567578 0.297917 0.011719 0.023611
2 0.289714 0.267593 0.012240 0.031481
0 0.249089 0.224537 0.011719 0.021296
0 0.305078 0.388889 0.008594 0.030556
0 0.561979 0.782176 0.016146 0.025463
0 0.580859 0.596759 0.016927 0.022222
0 0.709766 0.214583 0.012760 0.025463
0 0.835547 0.609491 0.014323 0.031019
0 0.968750 0.479167 0.016667 0.025926
2 0.926432 0.530324 0.020052 0.028241
0 0.862500 0.957870 0.010417 0.034259
0 0.867318 0.991435 0.008073 0.017130
0 0.883984 0.975000 0.012240 0.031481
0 0.897266 0.935880 0.016406 0.026389
0 0.875521 0.849074 0.015625 0.023148
0 0.975130 0.776157 0.015365 0.023611
0 0.956641 0.762037 0.017969 0.021296
0 0.973958 0.691204 0.014583 0.017593
0 0.037500 0.426157 0.011458 0.027315
0 0.021354 0.366435 0.017708 0.020833
0 0.075521 0.376620 0.016146 0.030093
0 0.144141 0.348843 0.011719 0.024537
0 0.067708 0.290972 0.009375 0.017130
0 0.100911 0.386806 0.015365 0.031944
0 0.147396 0.201620 0.009375 0.030093
0 0.122266 0.022222 0.009635 0.028704
0 0.133984 0.054630 0.012760 0.021296
0 0.133073 0.131944 0.015104 0.019444
2 0.073438 0.079861 0.018750 0.029167
0 0.026953 0.565509 0.009115 0.018981
0 0.028125 0.992130 0.014583 0.015741
0 0.066797 0.813889 0.016406 0.018519
0 0.603255 0.828935 0.021094 0.018981
2 0.400260 0.857870 0.011979 0.024074
0 0.305990 0.481944 0.016146 0.031481
0 0.280599 0.322454 0.009115 0.028241
0 0.402604 0.332639 0.014063 0.025463
0 0.274609 0.290278 0.009635 0.028704
0 0.266927 0.198611 0.011979 0.029630
0 0.261849 0.255787 0.012760 0.029167
0 0.236458 0.202083 0.011979 0.023611
0 0.281510 0.136343 0.016667 0.013426
0 0.458724 0.426620 0.013802 0.025463
0 0.895573 0.523611 0.015104 0.032407
2 0.945833 0.499074 0.022917 0.025000
2 0.972135 0.525694 0.020313 0.023611
0 0.697786 0.240972 0.012760 0.025463
0 0.753516 0.104861 0.014323 0.016204
0 0.895443 0.237963 0.017969 0.026852
0 0.736068 0.171759 0.016406 0.022222
0 0.908203 0.909722 0.014323 0.021296
0 0.943359 0.905556 0.020052 0.016667
0 0.969661 0.901620 0.013281 0.019907
0 0.958073 0.708333 0.016667 0.020370
0 0.754167 0.151389 0.014583 0.018519
0 0.051042 0.357870 0.015625 0.033333
0 0.041146 0.352546 0.013542 0.026389
0 0.034375 0.343287 0.013542 0.026389
0 0.025911 0.336806 0.012240 0.029167
0 0.017318 0.333102 0.012240 0.029167
0 0.009766 0.325231 0.012240 0.029167
0 0.004036 0.318981 0.007552 0.028704
0 0.133333 0.342593 0.011458 0.027778
0 0.102344 0.321759 0.011458 0.027778
0 0.083073 0.308796 0.012500 0.025000
0 0.017708 0.255093 0.012500 0.025000
0 0.006380 0.248148 0.012240 0.025000
0 0.035417 0.051620 0.013542 0.030093
0 0.082031 0.015509 0.017708 0.018981
2 0.101823 0.031944 0.020833 0.023148
2 0.193750 0.108796 0.020833 0.023148
0 0.162630 0.156250 0.015885 0.019907
0 0.170443 0.166898 0.014323 0.022685
2 0.102995 0.165046 0.011198 0.031944
0 0.287891 0.388426 0.008073 0.022222
2 0.305078 0.576157 0.016927 0.031944
0 0.421875 0.945833 0.014583 0.027778
2 0.408724 0.890278 0.015885 0.027778
0 0.464583 0.866435 0.014063 0.025463
2 0.521094 0.861574 0.018750 0.031481
2 0.476302 0.943056 0.018750 0.031481
0 0.488151 0.959491 0.014323 0.024537
0 0.702344 0.714120 0.007812 0.020833
0 0.301693 0.356019 0.008594 0.030556
0 0.332031 0.119213 0.016667 0.013426
0 0.353385 0.114583 0.016667 0.013426
0 0.489974 0.024074 0.010156 0.025000
0 0.456901 0.006481 0.009635 0.012037
0 0.554557 0.047917 0.012240 0.024537
0 0.596224 0.103009 0.015365 0.027315
0 0.682031 0.435648 0.015625 0.027778
2 0.721094 0.038426 0.018229 0.027778
0 0.740365 0.086574 0.014063 0.026852
0 0.785547 0.112269 0.013281 0.027315
0 0.815755 0.062731 0.013281 0.027315
0 0.801693 0.029861 0.014323 0.021759
2 0.261198 0.141667 0.019792 0.018519
0 0.842448 0.591667 0.014063 0.025926
0 0.853646 0.584259 0.014583 0.031481
0 0.864844 0.581944 0.014583 0.031481
0 0.872917 0.566667 0.014583 0.031481
0 0.884375 0.549537 0.015104 0.033333
0 0.904687 0.514815 0.015104 0.032407
0 0.911589 0.501620 0.017969 0.030093
0 0.919922 0.489815 0.016406 0.028704
0 0.883203 0.914120 0.016406 0.026389
0 0.889453 0.898843 0.016406 0.026389
0 0.906901 0.865046 0.016406 0.026389
0 0.927474 0.830324 0.016406 0.026389
0 0.941276 0.853009 0.016406 0.026389
0 0.934505 0.865046 0.016406 0.026389
0 0.928776 0.878009 0.016406 0.026389
0 0.922266 0.889120 0.016406 0.026389
0 0.916797 0.899306 0.016406 0.026389
0 0.893099 0.885648 0.014323 0.021296
0 0.914974 0.855556 0.014323 0.021296
0 0.919922 0.838426 0.014323 0.021296
0 0.981380 0.872454 0.016406 0.026389
0 0.973958 0.885648 0.017188 0.028704
0 0.960938 0.926389 0.017188 0.028704
0 0.952865 0.933796 0.017188 0.028704
0 0.944792 0.945833 0.017188 0.028704
0 0.939583 0.955093 0.017188 0.028704
0 0.935937 0.970833 0.017188 0.028704
0 0.929167 0.984722 0.017188 0.028704
0 0.971745 0.753935 0.015365 0.023611
0 0.977474 0.741898 0.015365 0.023611
2 0.828516 0.283102 0.017969 0.031019
0 0.092448 0.839583 0.010417 0.017130
0 0.725391 0.535880 0.015365 0.028241
0 0.756250 0.410417 0.015104 0.028241
