0 0.120443 0.009259 0.012240 0.017593
0 0.161198 0.067361 0.019792 0.023611
2 0.136068 0.135648 0.019010 0.025000
2 0.130469 0.597454 0.007292 0.031019
2 0.107813 0.637269 0.022396 0.015278
0 0.129557 0.638194 0.016927 0.013426
0 0.150000 0.631713 0.008854 0.027315
0 0.011589 0.935417 0.013281 0.029167
0 0.255990 0.572222 0.009375 0.025926
2 0.302214 0.428704 0.022656 0.027778
2 0.320964 0.340741 0.016406 0.026852
0 0.358203 0.276157 0.008594 0.029167
0 0.336328 0.288426 0.009115 0.022222
0 0.351432 0.226852 0.008594 0.029630
2 0.376563 0.193056 0.007812 0.033333
0 0.353385 0.084259 0.007292 0.024074
2 0.392969 0.059028 0.018229 0.020833
0 0.411719 0.073611 0.015104 0.019444
0 0.572917 0.058565 0.008854 0.029167
0 0.620573 0.192361 0.008333 0.027315
0 0.612760 0.194676 0.009896 0.027315
0 0.620443 0.113657 0.016927 0.022685
0 0.666797 0.280787 0.008594 0.032870
0 0.451432 0.361111 0.008073 0.030556
0 0.462891 0.459954 0.008594 0.030093
0 0.466536 0.491898 0.008594 0.030093
2 0.472005 0.547917 0.009115 0.033796
0 0.398698 0.471991 0.016667 0.018981
0 0.279167 0.788889 0.007292 0.022222
0 0.278516 0.759722 0.008594 0.028704
0 0.330729 0.863889 0.015625 0.016667
2 0.276302 0.828241 0.010417 0.034259
0 0.354036 0.853935 0.015885 0.013426
2 0.374349 0.847685 0.017969 0.019444
0 0.436849 0.868981 0.019531 0.017593
0 0.456510 0.974769 0.016667 0.018056
0 0.513151 0.762037 0.011198 0.028704
0 0.554557 0.978935 0.009115 0.022685
0 0.574609 0.981481 0.008594 0.022222
0 0.585286 0.984491 0.011719 0.031019
0 0.703255 0.991667 0.007552 0.016667
0 0.476693 0.669676 0.014844 0.019907
0 0.584505 0.646296 0.014323 0.013889
0 0.838672 0.595370 0.020052 0.019444
0 0.597786 0.499306 0.015365 0.018981
0 0.874740 0.517130 0.010417 0.025926
2 0.802995 0.276157 0.019531 0.021759
0 0.114062 0.067593 0.017188 0.025000
0 0.059896 0.175231 0.010937 0.021759
0 0.156641 0.474074 0.018490 0.012963
0 0.212630 0.457176 0.017969 0.019907
0 0.242578 0.899769 0.017448 0.011574
0 0.498307 0.909954 0.018490 0.017130
0 0.286979 0.532407 0.017708 0.019444
0 0.146745 0.024306 0.020052 0.024537
0 0.181250 0.102778 0.021875 0.025926
0 0.218620 0.102315 0.010677 0.016667
0 0.090495 0.006481 0.014844 0.012037
0 0.131250 0.119907 0.014063 0.021296
0 0.045573 0.429398 0.016667 0.017130
0 0.095443 0.458333 0.019010 0.015741
0 0.027604 0.463657 0.007292 0.018056
2 0.212630 0.474074 0.017448 0.015741
2 0.291797 0.461343 0.009635 0.033796
0 0.263802 0.642593 0.009375 0.030556
0 0.261719 0.685648 0.009375 0.030556
0 0.263021 0.713426 0.006250 0.020370
2 0.076953 0.958102 0.019010 0.012500
2 0.165234 0.984259 0.018490 0.012037
0 0.206380 0.976620 0.017448 0.015278
0 0.092969 0.980093 0.015625 0.016667
0 0.341927 0.925231 0.017708 0.017130
0 0.311328 0.872917 0.016927 0.015278
0 0.647786 0.729167 0.010677 0.033333
0 0.800521 0.466667 0.009375 0.026852
0 0.805729 0.496991 0.008854 0.031944
2 0.807682 0.443519 0.011719 0.033333
0 0.882552 0.511343 0.008854 0.021759
0 0.475391 0.643287 0.015885 0.024537
0 0.458984 0.113194 0.017969 0.019907
0 0.478906 0.130324 0.016146 0.018981
0 0.224349 0.118519 0.010677 0.016667
0 0.151953 0.037963 0.017448 0.025000
0 0.142057 0.012731 0.017448 0.024537
0 0.076823 0.499306 0.006250 0.023611
0 0.049349 0.807176 0.013802 0.015278
0 0.042578 0.958796 0.013281 0.023148
2 0.121484 0.987269 0.017448 0.017130
0 0.268620 0.886806 0.017448 0.015278
0 0.350391 0.308565 0.008594 0.029167
0 0.370833 0.223148 0.008854 0.025926
0 0.379818 0.110648 0.008073 0.029630
0 0.342839 0.262037 0.009115 0.022222
0 0.356641 0.193056 0.008594 0.029630
0 0.357943 0.154398 0.008594 0.033796
0 0.357292 0.117593 0.007292 0.026852
2 0.464583 0.885185 0.018750 0.016667
0 0.615495 0.851389 0.019531 0.018519
0 0.690234 0.821991 0.015365 0.014352
0 0.740625 0.778009 0.019792 0.018056
0 0.818229 0.751620 0.017708 0.018056
0 0.880078 0.733333 0.017969 0.013889
0 0.866536 0.785648 0.017969 0.013889
0 0.985807 0.745833 0.019010 0.021296
0 0.977865 0.816435 0.018229 0.020833
0 0.993099 0.681944 0.013802 0.027778
0 0.975521 0.622917 0.015625 0.029167
0 0.638281 0.736806 0.011979 0.026389
0 0.590495 0.762037 0.016927 0.018519
0 0.589323 0.744213 0.013542 0.015278
0 0.592708 0.469676 0.013542 0.010648
0 0.683854 0.369676 0.009375 0.030093
0 0.722786 0.584259 0.016927 0.013889
0 0.740885 0.576157 0.013021 0.013426
0 0.778125 0.568750 0.015104 0.012500
0 0.797135 0.570602 0.015104 0.012500
0 0.811458 0.531713 0.012500 0.021759
0 0.835417 0.567593 0.016667 0.015741
0 0.877083 0.559722 0.016667 0.015741
0 0.617839 0.237963 0.018490 0.012963
0 0.675651 0.233796 0.017448 0.012963
2 0.682422 0.210417 0.019531 0.014352
0 0.561198 0.039583 0.008854 0.029167
0 0.552604 0.028009 0.008854 0.029167
0 0.541797 0.011806 0.009115 0.022685
0 0.592318 0.113426 0.018490 0.025000
0 0.654427 0.017361 0.014063 0.031944
0 0.642448 0.047685 0.011979 0.027778
0 0.767839 0.267824 0.016927 0.011574
0 0.779427 0.296759 0.005208 0.030556
0 0.783464 0.241204 0.019010 0.016667
0 0.796615 0.207639 0.016667 0.023611
0 0.827734 0.176852 0.017448 0.024074
0 0.959766 0.186343 0.010156 0.020833
0 0.979167 0.245833 0.008333 0.025926
0 0.987500 0.267130 0.008333 0.025926
0 0.997135 0.294213 0.005729 0.022685
0 0.923828 0.159722 0.012240 0.019444
0 0.932422 0.151389 0.013281 0.023148
