0 0.138281 0.074074 0.019271 0.021296
2 0.092708 0.089583 0.021354 0.021759
2 0.012500 0.571991 0.020833 0.016204
0 0.034245 0.578935 0.017969 0.016204
0 0.053516 0.579167 0.006510 0.026852
0 0.165234 0.559722 0.007552 0.025926
2 0.226953 0.433333 0.022656 0.021296
2 0.254427 0.355093 0.019792 0.024074
0 0.298698 0.300000 0.011979 0.025926
0 0.274740 0.307407 0.010937 0.021296
0 0.294792 0.251157 0.013542 0.030093
2 0.326693 0.224306 0.013281 0.031944
0 0.312760 0.113426 0.007292 0.024074
2 0.344531 0.099306 0.017708 0.014352
0 0.371224 0.122685 0.014323 0.023148
0 0.564583 0.308102 0.008333 0.027315
0 0.557422 0.306481 0.010677 0.025926
0 0.608724 0.183333 0.015885 0.024074
0 0.381380 0.412963 0.008073 0.030556
0 0.380599 0.518519 0.005990 0.029630
0 0.381641 0.549306 0.007031 0.028241
2 0.381771 0.604167 0.008333 0.030556
0 0.317057 0.507407 0.017448 0.013889
0 0.164714 0.780093 0.007031 0.020370
0 0.167057 0.750231 0.005990 0.026389
2 0.159375 0.818056 0.010417 0.034259
2 0.253516 0.866667 0.017969 0.014815
0 0.373177 0.726389 0.014583 0.023148
0 0.510156 0.601620 0.015104 0.011574
0 0.735547 0.748611 0.016406 0.012037
0 0.779167 0.709259 0.010417 0.025926
0 0.144271 0.873380 0.015104 0.013426
0 0.433724 0.859954 0.016927 0.013426
0 0.200260 0.529861 0.017188 0.011574
0 0.090104 0.073611 0.016667 0.017593
2 0.132812 0.445833 0.017188 0.012963
2 0.211328 0.458333 0.007031 0.029630
0 0.164583 0.631250 0.007292 0.030093
0 0.157682 0.675231 0.008073 0.028241
0 0.158073 0.700000 0.006250 0.020370
0 0.006510 0.904630 0.012500 0.012963
0 0.037891 0.913194 0.015365 0.012500
0 0.208724 0.870370 0.016927 0.013889
0 0.533333 0.845370 0.007812 0.030556
0 0.711458 0.637731 0.007812 0.026389
0 0.714323 0.673380 0.008854 0.031944
2 0.721875 0.616898 0.008854 0.033796
0 0.784896 0.706250 0.008854 0.021759
0 0.374089 0.698843 0.013281 0.026389
0 0.412500 0.175694 0.016667 0.023611
0 0.431380 0.199306 0.015365 0.023611
0 0.122656 0.033565 0.019792 0.018981
2 0.009766 0.929167 0.018490 0.021296
0 0.188672 0.871759 0.016927 0.012037
0 0.285547 0.331250 0.010677 0.028241
0 0.316276 0.251157 0.010677 0.022685
0 0.336589 0.147685 0.008073 0.029630
0 0.283984 0.284722 0.009115 0.022222
0 0.305729 0.219444 0.010417 0.027778
0 0.308724 0.185417 0.008594 0.033796
0 0.312891 0.143981 0.006510 0.025000
0 0.548307 0.905556 0.017448 0.014815
0 0.870573 0.868750 0.014063 0.031019
0 0.812630 0.646759 0.011198 0.028704
0 0.523828 0.847917 0.009635 0.028241
0 0.473958 0.855556 0.017188 0.011111
0 0.475130 0.838194 0.013802 0.012500
0 0.601172 0.409259 0.007031 0.027778
0 0.622786 0.726389 0.016927 0.013889
0 0.642839 0.724074 0.012760 0.011111
0 0.679688 0.727778 0.016146 0.012963
0 0.698177 0.735417 0.015104 0.012500
0 0.715104 0.702546 0.011458 0.025463
0 0.341276 0.358796 0.018490 0.012963
0 0.480469 0.287037 0.016146 0.023148
2 0.620964 0.343750 0.019531 0.014352
0 0.600260 0.177315 0.013021 0.024074
0 0.641797 0.129167 0.015885 0.027778
0 0.863542 0.377315 0.011458 0.020370
0 0.873307 0.374769 0.013281 0.025463
0 0.897656 0.417593 0.015104 0.020370
0 0.075781 0.014815 0.016146 0.018519
0 0.115885 0.005324 0.017188 0.009722
2 0.099349 0.942824 0.017448 0.015278
0 0.117057 0.877546 0.015365 0.008796
0 0.404557 0.928704 0.018490 0.014815
0 0.787630 0.985648 0.018490 0.019444
0 0.828255 0.983333 0.018490 0.023148
0 0.478125 0.740509 0.015104 0.011574
0 0.507292 0.569444 0.011458 0.012037
0 0.607422 0.500926 0.006510 0.030556
0 0.707031 0.462963 0.005208 0.030556
0 0.734505 0.448380 0.015365 0.022685
0 0.699609 0.431019 0.015365 0.016667
0 0.549479 0.353935 0.018229 0.014352
0 0.600260 0.360880 0.018229 0.014352
0 0.646354 0.371991 0.020313 0.015278
0 0.454948 0.007639 0.007292 0.014352
0 0.472266 0.035417 0.007031 0.025463
0 0.276172 0.005787 0.015365 0.010648
0 0.614193 0.149537 0.015885 0.027778
0 0.643750 0.065278 0.015104 0.028704
0 0.600391 0.032639 0.012760 0.013426
0 0.605599 0.048611 0.014323 0.012037
0 0.611719 0.063426 0.015104 0.012037
0 0.837891 0.063426 0.011198 0.027778
0 0.907292 0.481944 0.011979 0.028704
0 0.913542 0.507407 0.011979 0.028704
0 0.921484 0.537269 0.009635 0.025463
0 0.046484 0.937037 0.017448 0.014815
0 0.775651 0.752315 0.017969 0.014815
0 0.127604 0.983565 0.017708 0.016204
0 0.196484 0.961343 0.017448 0.013426
0 0.347786 0.933333 0.019010 0.014815
0 0.931120 0.583565 0.009635 0.025463
0 0.989974 0.609491 0.009635 0.025463
0 0.994401 0.626157 0.011198 0.025463
0 0.996484 0.642361 0.007031 0.027315
0 0.034896 0.960880 0.013542 0.016204
0 0.255599 0.933333 0.018490 0.013889
0 0.708333 0.575231 0.006250 0.028241
0 0.792708 0.551620 0.012500 0.030093
0 0.479818 0.049074 0.007552 0.030556
0 0.486328 0.068519 0.007552 0.030556
0 0.502995 0.101852 0.007552 0.030556
0 0.511589 0.123148 0.007552 0.030556
0 0.520964 0.140741 0.007552 0.030556
0 0.528776 0.160648 0.007552 0.030556
0 0.494792 0.081713 0.006250 0.023611
0 0.991146 0.218287 0.017708 0.017130
0 0.940495 0.625694 0.013281 0.027315
0 0.936849 0.609491 0.013281 0.027315
0 0.943359 0.641898 0.013281 0.027315
0 0.946745 0.656250 0.013281 0.027315
0 0.948568 0.673380 0.013281 0.027315
0 0.954297 0.689120 0.013281 0.027315
0 0.961849 0.727546 0.013281 0.027315
0 0.975391 0.772917 0.013281 0.027315
2 0.959375 0.714815 0.016667 0.031481
0 0.950391 0.778009 0.015365 0.021759
0 0.984505 0.810185 0.014323 0.033333
0 0.981120 0.882870 0.014323 0.033333
0 0.990104 0.920602 0.010417 0.028241
0 0.996094 0.870139 0.007812 0.030093
0 0.989323 0.412731 0.011458 0.026389
2 0.722526 0.159028 0.012760 0.036574
