0 0.405078 0.011806 0.015365 0.022685
0 0.176563 0.056944 0.014583 0.029630
0 0.170182 0.042130 0.014844 0.025000
0 0.150651 0.075463 0.015365 0.025000
0 0.207292 0.152546 0.013542 0.028241
0 0.161328 0.248611 0.016927 0.029630
2 0.321484 0.417593 0.016927 0.033333
2 0.326693 0.278009 0.023177 0.043981
2 0.311719 0.310880 0.014583 0.026389
0 0.345573 0.218056 0.011458 0.025000
0 0.367969 0.262500 0.011458 0.022222
0 0.405729 0.288426 0.008854 0.026852
0 0.415234 0.260185 0.014844 0.027778
0 0.427214 0.237731 0.014323 0.024537
0 0.448828 0.183796 0.016406 0.028704
0 0.435677 0.208565 0.012500 0.022685
0 0.419922 0.219213 0.013281 0.024537
0 0.378906 0.290972 0.014063 0.024537
0 0.429948 0.397454 0.014063 0.024537
0 0.447917 0.369907 0.010417 0.025000
0 0.455078 0.377546 0.008594 0.022685
0 0.298438 0.407407 0.014583 0.026852
0 0.331250 0.463194 0.014583 0.029167
0 0.379297 0.892361 0.008594 0.029167
0 0.374089 0.990972 0.009115 0.018056
0 0.379557 0.578472 0.010677 0.024537
0 0.464193 0.901852 0.018490 0.012037
0 0.519401 0.777546 0.009635 0.032870
0 0.525521 0.741898 0.009375 0.030093
2 0.491276 0.860417 0.021094 0.018981
2 0.606510 0.863657 0.017708 0.017130
2 0.574870 0.587269 0.018490 0.012500
0 0.642578 0.288657 0.013802 0.012500
0 0.634896 0.226157 0.010417 0.027315
0 0.641797 0.228935 0.010156 0.031019
0 0.498828 0.072685 0.010677 0.027778
0 0.515104 0.125231 0.009375 0.032870
0 0.491797 0.102778 0.013802 0.023148
0 0.612109 0.843287 0.016927 0.017130
0 0.599219 0.638889 0.016667 0.012963
0 0.805990 0.384491 0.012500 0.010648
0 0.798958 0.400000 0.017708 0.013889
2 0.799349 0.413194 0.018490 0.014352
0 0.792318 0.451157 0.017448 0.014352
0 0.762240 0.594444 0.014063 0.011111
0 0.730859 0.724769 0.016406 0.017130
0 0.694531 0.850000 0.010417 0.025000
0 0.601562 0.898148 0.009375 0.027778
0 0.820703 0.745602 0.010156 0.029167
0 0.908203 0.662500 0.019531 0.027778
0 0.984115 0.570139 0.018229 0.019907
0 0.986719 0.549074 0.018229 0.020370
0 0.988411 0.615278 0.014844 0.026852
0 0.712630 0.119444 0.008594 0.028704
0 0.878776 0.129167 0.020052 0.012963
0 0.918359 0.120139 0.009115 0.026389
0 0.895052 0.181019 0.013542 0.031481
0 0.887760 0.223380 0.009896 0.025463
0 0.900911 0.264815 0.017969 0.019444
0 0.919922 0.275463 0.016406 0.020370
2 0.939844 0.283565 0.018229 0.020833
0 0.995443 0.271528 0.009115 0.028241
2 0.158984 0.583333 0.015885 0.033333
0 0.132943 0.812963 0.019531 0.018519
0 0.166797 0.790046 0.021094 0.017130
0 0.200781 0.806713 0.018229 0.016204
0 0.159635 0.524537 0.017188 0.025000
0 0.110807 0.421759 0.017448 0.023148
0 0.041406 0.844676 0.018229 0.018056
0 0.402604 0.621991 0.007812 0.028241
0 0.532422 0.218287 0.011719 0.031944
0 0.176953 0.089352 0.015365 0.025000
0 0.168099 0.099074 0.015365 0.025000
0 0.200391 0.303472 0.015365 0.024537
0 0.215234 0.303472 0.015365 0.024537
0 0.197266 0.283102 0.013281 0.021759
0 0.124219 0.455324 0.016146 0.023611
0 0.128125 0.471065 0.016667 0.023611
0 0.145573 0.508333 0.020313 0.025926
0 0.133464 0.487963 0.017969 0.025000
0 0.120573 0.434954 0.015104 0.021759
0 0.094922 0.371528 0.011198 0.033796
2 0.105078 0.362269 0.010156 0.031944
0 0.115885 0.385185 0.015625 0.026852
0 0.027995 0.644444 0.012760 0.031481
0 0.088542 0.781713 0.014063 0.033796
2 0.156120 0.824537 0.020052 0.021296
0 0.198177 0.825694 0.020313 0.018056
0 0.197135 0.842824 0.018229 0.016204
2 0.421745 0.790046 0.008073 0.037500
0 0.352214 0.507639 0.012760 0.028241
0 0.581510 0.561111 0.016146 0.014815
0 0.554036 0.557639 0.010677 0.030093
0 0.553125 0.613426 0.009375 0.032407
0 0.543620 0.753935 0.009635 0.032870
2 0.563802 0.937500 0.011458 0.034259
0 0.920833 0.087731 0.017188 0.019907
0 0.939063 0.406250 0.008333 0.031944
0 0.753776 0.764815 0.014844 0.019444
0 0.764323 0.772222 0.015104 0.020370
0 0.043490 0.171528 0.014583 0.011574
0 0.053906 0.199537 0.013542 0.012037
0 0.058203 0.215278 0.018490 0.013889
0 0.182161 0.255093 0.016927 0.029630
0 0.176953 0.274769 0.013281 0.021759
0 0.401302 0.346065 0.014063 0.024537
2 0.321875 0.480787 0.018229 0.031944
0 0.166536 0.541204 0.016406 0.028704
0 0.174349 0.553241 0.016406 0.028704
0 0.179557 0.568981 0.016406 0.028704
2 0.174870 0.615741 0.015885 0.033333
2 0.157682 0.660417 0.011719 0.036574
0 0.185677 0.651620 0.013542 0.027315
0 0.080469 0.776620 0.014063 0.033796
0 0.072135 0.770139 0.014063 0.033796
0 0.062240 0.762731 0.014063 0.033796
0 0.055208 0.755787 0.014063 0.033796
0 0.047396 0.752546 0.014063 0.033796
0 0.029687 0.740741 0.011458 0.035185
0 0.020052 0.735185 0.011458 0.035185
0 0.010417 0.728704 0.011458 0.035185
0 0.004557 0.722917 0.008594 0.032870
0 0.021484 0.674769 0.010677 0.018056
0 0.032813 0.672917 0.010417 0.028241
0 0.041146 0.682176 0.010417 0.028241
0 0.058854 0.643981 0.012500 0.030556
0 0.061719 0.853935 0.021354 0.019907
0 0.082292 0.865046 0.021354 0.019907
0 0.103385 0.874306 0.021354 0.019907
0 0.144792 0.897454 0.021354 0.019907
0 0.224219 0.935880 0.021354 0.019907
0 0.287760 0.971528 0.021354 0.019907
0 0.265365 0.959722 0.015104 0.015741
0 0.305859 0.980556 0.016927 0.019444
2 0.245703 0.947917 0.015365 0.015278
2 0.194271 0.960185 0.018229 0.024074
0 0.185286 0.918056 0.014323 0.014815
2 0.165104 0.908796 0.018750 0.020370
2 0.118620 0.921296 0.020573 0.020370
0 0.123698 0.886343 0.017708 0.016204
0 0.618359 0.810880 0.016927 0.017130
0 0.628516 0.765509 0.016927 0.017130
0 0.637370 0.734028 0.016927 0.017130
0 0.639193 0.715509 0.016927 0.017130
0 0.642318 0.701157 0.016927 0.017130
0 0.625781 0.781481 0.013542 0.014815
0 0.666016 0.589583 0.015365 0.013426
0 0.673047 0.560417 0.015365 0.013426
0 0.687760 0.496065 0.016146 0.013426
0 0.709375 0.399769 0.016146 0.013426
0 0.555599 0.695139 0.009635 0.032870
0 0.564453 0.652083 0.009635 0.032870
0 0.572656 0.602315 0.018229 0.013889
0 0.545052 0.626852 0.009375 0.032407
0 0.583594 0.547222 0.016146 0.014815
0 0.589844 0.531944 0.016146 0.014815
0 0.592708 0.516667 0.016146 0.014815
0 0.596354 0.499537 0.016146 0.014815
0 0.599479 0.484722 0.016146 0.014815
0 0.604557 0.458333 0.014844 0.014815
0 0.607682 0.440509 0.015885 0.012500
0 0.615365 0.411806 0.017188 0.016204
0 0.622526 0.380324 0.015885 0.012500
0 0.626563 0.354398 0.017188 0.017130
0 0.562370 0.525694 0.010677 0.030093
0 0.569401 0.487269 0.010677 0.030093
0 0.576432 0.455324 0.010677 0.030093
0 0.587630 0.403472 0.010677 0.030093
0 0.595703 0.372454 0.010677 0.030093
0 0.606380 0.324306 0.010677 0.030093
0 0.612760 0.292824 0.008333 0.021759
0 0.922786 0.072685 0.016406 0.014815
0 0.926823 0.055787 0.016146 0.017130
0 0.931510 0.025231 0.016146 0.017130
0 0.935417 0.010417 0.019271 0.017130
0 0.783464 0.496528 0.017448 0.014352
0 0.775130 0.530324 0.017448 0.014352
0 0.772005 0.545602 0.017448 0.014352
0 0.764714 0.578472 0.017448 0.014352
0 0.746745 0.659954 0.017448 0.014352
0 0.741797 0.686343 0.017448 0.014352
0 0.756510 0.610185 0.014063 0.011111
0 0.742318 0.753241 0.017969 0.020370
0 0.572266 0.947454 0.009115 0.030093
0 0.580208 0.958796 0.008333 0.033333
0 0.607943 0.932870 0.009115 0.017593
2 0.558333 0.923611 0.013021 0.034259
