1 0.271224 0.066898 0.032552 0.027315
0 0.235937 0.265046 0.030729 0.026389
0 0.580859 0.232870 0.029427 0.021296
1 0.315885 0.262731 0.034375 0.023611
0 0.133333 0.405324 0.033333 0.023611
0 0.134635 0.516898 0.033333 0.023611
0 0.133333 0.546528 0.033333 0.023611
0 0.134115 0.573843 0.033333 0.023611
0 0.138802 0.490278 0.024479 0.019444
1 0.168099 0.439815 0.016927 0.050000
1 0.238542 0.566898 0.029167 0.048611
0 0.210807 0.497222 0.025260 0.049074
0 0.157031 0.682407 0.030729 0.024074
0 0.256641 0.649306 0.023698 0.022685
0 0.258464 0.675694 0.033594 0.028241
0 0.258854 0.704861 0.030729 0.024537
0 0.339844 0.886343 0.013542 0.050463
2 0.394792 0.199769 0.013021 0.012500
0 0.458724 0.165972 0.028906 0.024537
2 0.387760 0.350000 0.006771 0.024074
0 0.377344 0.482176 0.013542 0.050463
1 0.375781 0.556713 0.010937 0.045833
1 0.378646 0.630324 0.014063 0.053241
0 0.380339 0.711806 0.010677 0.053241
0 0.381380 0.805787 0.010677 0.053241
0 0.383073 0.875000 0.012500 0.050000
0 0.396484 0.679861 0.012240 0.051389
0 0.394401 0.607870 0.011198 0.051852
1 0.527214 0.262731 0.026302 0.021759
0 0.677344 0.155787 0.033333 0.022685
1 0.736328 0.223380 0.031510 0.022685
0 0.969922 0.243750 0.028385 0.021759
0 0.704688 0.256481 0.031250 0.024074
0 0.898698 0.218287 0.029167 0.021759
0 0.421094 0.230556 0.028646 0.021296
0 0.341276 0.793056 0.011719 0.050926
1 0.393229 0.428009 0.018750 0.095833
0 0.394922 0.526157 0.012240 0.053241
2 0.321094 0.084954 0.006771 0.024537
0 0.489974 0.193981 0.029427 0.021296
1 0.534245 0.193981 0.029427 0.023148
0 0.168229 0.296759 0.033854 0.020370
0 0.044661 0.185880 0.031510 0.022685
0 0.937109 0.320370 0.019010 0.021296
0 0.345443 0.522917 0.020052 0.055093
1 0.833203 0.116435 0.075260 0.038426
0 0.827865 0.283102 0.031250 0.022685
0 0.920964 0.179398 0.033073 0.019907
1 0.597786 0.189815 0.069010 0.032407
0 0.301302 0.095139 0.020313 0.058796
2 0.032943 0.274074 0.014844 0.009259
2 0.073828 0.292593 0.014844 0.009259
1 0.089453 0.261343 0.033594 0.021759
2 0.403385 0.307639 0.013021 0.012500
0 0.397656 0.786343 0.011458 0.052315
1 0.379036 0.952315 0.013802 0.060185
1 0.305599 0.156944 0.029948 0.023148
0 0.577734 0.155556 0.032031 0.022222
1 0.683854 0.185648 0.027083 0.022222
1 0.733073 0.158796 0.029167 0.021296
0 0.733464 0.188657 0.030990 0.024537
1 0.796745 0.184954 0.071094 0.035648
0 0.816016 0.153935 0.031510 0.020833
0 0.798047 0.224306 0.031510 0.021759
0 0.743750 0.288426 0.031250 0.024074
0 0.991406 0.071296 0.017188 0.051852
