1 0.266146 0.070602 0.032292 0.034722
0 0.134245 0.413194 0.033073 0.022685
0 0.136068 0.528472 0.033073 0.022685
0 0.135807 0.556250 0.033073 0.022685
0 0.134766 0.583333 0.035156 0.022222
0 0.138672 0.499537 0.025260 0.019444
1 0.166146 0.446528 0.017708 0.051389
0 0.212240 0.506250 0.026042 0.048611
1 0.238281 0.570833 0.031250 0.050000
0 0.249219 0.600231 0.030208 0.039352
0 0.259245 0.654398 0.024740 0.025463
0 0.259375 0.681944 0.031771 0.027778
0 0.260677 0.711111 0.031250 0.022222
0 0.346354 0.898843 0.012500 0.051389
0 0.341927 0.842593 0.013021 0.052778
1 0.388281 0.365509 0.013021 0.047685
0 0.361198 0.360648 0.016146 0.053704
1 0.396094 0.618056 0.011458 0.044444
2 0.328776 0.113657 0.007031 0.021759
1 0.377865 0.565046 0.013542 0.054167
0 0.478906 0.192130 0.030208 0.024074
0 0.524609 0.186806 0.030469 0.020833
0 0.660417 0.177546 0.030729 0.022685
0 0.579427 0.186806 0.030729 0.018056
1 0.703906 0.175000 0.032813 0.024074
2 0.401562 0.202546 0.011979 0.011574
2 0.275521 0.231250 0.011979 0.011574
1 0.213151 0.267824 0.031510 0.018981
0 0.263281 0.268981 0.032292 0.021296
1 0.778516 0.168750 0.029948 0.021759
1 0.113151 0.149074 0.028906 0.025000
0 0.248438 0.241435 0.020833 0.020833
0 0.251823 0.162037 0.028646 0.020370
0 0.350651 0.251852 0.020052 0.038889
1 0.487370 0.157407 0.027865 0.021296
0 0.052995 0.198148 0.029948 0.022222
0 0.118229 0.236806 0.025000 0.018981
0 0.072526 0.275463 0.030990 0.021296
1 0.212109 0.193981 0.029948 0.023148
0 0.166667 0.269213 0.032813 0.021759
0 0.121224 0.272685 0.025260 0.020370
0 0.380078 0.697917 0.011719 0.051389
0 0.538281 0.154167 0.030208 0.021296
0 0.282943 0.207407 0.029427 0.034259
2 0.317708 0.251389 0.013021 0.015741
1 0.195833 0.235417 0.032292 0.023611
1 0.154948 0.235880 0.032292 0.023611
0 0.258203 0.299074 0.028385 0.021296
0 0.362630 0.097454 0.014323 0.056944
0 0.575781 0.150926 0.030208 0.021296
2 0.577214 0.169444 0.016406 0.012963
1 0.879297 0.160417 0.029948 0.021759
0 0.830078 0.167824 0.033594 0.024537
1 0.393099 0.457870 0.013802 0.054630
1 0.397005 0.757639 0.017969 0.118981
0 0.402214 0.981481 0.011198 0.037037
0 0.420703 0.982639 0.010156 0.034722
