1 0.271615 0.067130 0.031250 0.028704
0 0.695443 0.129630 0.032031 0.021296
0 0.374870 0.473611 0.011719 0.051852
1 0.391797 0.393519 0.012240 0.055556
0 0.377995 0.621065 0.012760 0.045833
0 0.132682 0.404398 0.033073 0.022685
0 0.134766 0.514120 0.033073 0.022685
0 0.132943 0.542361 0.033073 0.022685
0 0.132161 0.570833 0.035156 0.022222
0 0.137891 0.489352 0.025260 0.019444
1 0.165625 0.436806 0.017708 0.051389
1 0.182812 0.455324 0.022917 0.058796
0 0.208854 0.496528 0.026042 0.048611
1 0.238021 0.564583 0.030729 0.047685
0 0.246354 0.593750 0.030208 0.039352
0 0.255599 0.649306 0.024740 0.025463
0 0.256250 0.677778 0.031771 0.027778
0 0.257812 0.704167 0.031250 0.022222
0 0.340234 0.876620 0.012240 0.050463
1 0.661849 0.223148 0.030469 0.022222
0 0.539974 0.258102 0.030990 0.022685
0 0.130859 0.260880 0.025260 0.019907
0 0.237760 0.234259 0.028125 0.022222
0 0.197656 0.312500 0.029687 0.026852
0 0.379036 0.751157 0.012240 0.053241
0 0.376953 0.547917 0.012240 0.050463
0 0.394141 0.467361 0.012240 0.050463
0 0.377604 0.692593 0.011979 0.052778
0 0.393880 0.536111 0.012240 0.055556
1 0.395833 0.813194 0.012500 0.050463
1 0.394401 0.606944 0.012760 0.046296
2 0.394922 0.652083 0.006510 0.023611
0 0.394792 0.869444 0.010937 0.048148
0 0.378646 0.820833 0.010417 0.055556
0 0.393490 0.756481 0.013542 0.052778
1 0.617057 0.191204 0.028385 0.023148
1 0.443229 0.160417 0.029687 0.022685
1 0.478255 0.192361 0.032552 0.024537
1 0.527214 0.190509 0.033594 0.024537
0 0.379948 0.900231 0.011458 0.052315
0 0.867839 0.150000 0.032552 0.020370
1 0.575391 0.190278 0.031510 0.025000
0 0.666797 0.186343 0.032031 0.020833
2 0.780990 0.223843 0.010937 0.008796
0 0.884635 0.220602 0.028646 0.023611
0 0.505599 0.228009 0.026823 0.022685
1 0.514844 0.293750 0.028125 0.022685
0 0.424479 0.232870 0.029687 0.021296
1 0.313932 0.230324 0.027344 0.023611
0 0.030729 0.293287 0.029167 0.018056
0 0.193620 0.170602 0.033594 0.023611
0 0.220964 0.130787 0.033594 0.023611
1 0.604427 0.155324 0.029687 0.022685
0 0.989714 0.149074 0.020573 0.023148
2 0.691667 0.282176 0.010937 0.008796
1 0.701172 0.307176 0.071094 0.030093
0 0.859896 0.278009 0.028646 0.023611
0 0.805859 0.253935 0.027865 0.022685
0 0.934115 0.276852 0.025521 0.023148
0 0.964063 0.305093 0.021354 0.020370
0 0.670182 0.259954 0.033073 0.021759
1 0.064844 0.259954 0.031771 0.023611
0 0.123568 0.298148 0.030990 0.022222
0 0.308203 0.427546 0.026302 0.043981
1 0.358073 0.850926 0.018229 0.116667
0 0.343750 0.645139 0.013021 0.052315
0 0.410938 0.730324 0.011979 0.056019
