1 0.274740 0.055093 0.031771 0.030556
0 0.132812 0.390046 0.033333 0.023611
0 0.133333 0.503009 0.033333 0.023611
0 0.133333 0.533565 0.033333 0.023611
0 0.132812 0.558102 0.033333 0.023611
0 0.138021 0.474769 0.027083 0.019907
1 0.167318 0.425463 0.019010 0.053704
1 0.238542 0.554630 0.031771 0.048148
0 0.210026 0.485880 0.025781 0.049537
0 0.254948 0.635648 0.023958 0.025926
0 0.256380 0.664120 0.033594 0.028241
0 0.256510 0.693750 0.030729 0.024537
1 0.376432 0.640046 0.012240 0.051389
0 0.337630 0.840741 0.011719 0.050926
1 0.376953 0.707870 0.011198 0.046296
0 0.158984 0.216435 0.031510 0.021759
0 0.375781 0.495602 0.011979 0.052315
1 0.392839 0.390046 0.011719 0.051389
0 0.336458 0.777778 0.010937 0.048148
1 0.377214 0.565509 0.012240 0.051389
1 0.394141 0.460880 0.011198 0.047685
2 0.393880 0.523843 0.006510 0.025463
0 0.394922 0.601389 0.010156 0.052778
1 0.639583 0.218750 0.031250 0.024537
0 0.476823 0.226620 0.029687 0.022685
2 0.908203 0.319444 0.013281 0.011111
0 0.135156 0.244676 0.032292 0.020833
1 0.239063 0.175000 0.025000 0.020370
0 0.529557 0.186574 0.030469 0.023148
1 0.676172 0.128472 0.028906 0.023611
0 0.103125 0.149537 0.023438 0.020370
1 0.032292 0.242593 0.029687 0.022222
0 0.735286 0.251389 0.032031 0.023148
0 0.819661 0.253704 0.032031 0.023148
0 0.813411 0.292824 0.029948 0.021759
0 0.542318 0.255787 0.029427 0.022685
0 0.545573 0.153935 0.029687 0.020833
1 0.363281 0.252083 0.029687 0.020833
0 0.769401 0.187963 0.030469 0.021296
0 0.820182 0.152546 0.024219 0.020833
0 0.240495 0.220602 0.031510 0.021759
0 0.143750 0.280787 0.032292 0.020833
2 0.231901 0.284259 0.013802 0.010185
0 0.298958 0.274769 0.030208 0.021759
1 0.230078 0.250694 0.030469 0.018981
2 0.401823 0.224537 0.011458 0.011111
1 0.446224 0.288426 0.073177 0.030556
0 0.811589 0.219907 0.032031 0.023148
0 0.890755 0.222222 0.032031 0.023148
0 0.884245 0.252315 0.032031 0.023148
0 0.936589 0.289352 0.032031 0.023148
0 0.987109 0.252083 0.025781 0.019907
0 0.620573 0.156481 0.028646 0.019444
1 0.357682 0.784491 0.012240 0.049537
0 0.345964 0.581019 0.013802 0.053704
