0 0.125000 0.013426 0.010937 0.025926
0 0.135156 0.009722 0.009896 0.018519
0 0.136719 0.059722 0.019792 0.012037
0 0.254297 0.066667 0.019531 0.011111
0 0.309375 0.014583 0.008333 0.028241
0 0.345833 0.007639 0.006771 0.014352
2 0.600651 0.071296 0.022135 0.015741
0 0.603646 0.088657 0.013542 0.012500
2 0.611849 0.105556 0.019531 0.014815
2 0.640495 0.106019 0.017448 0.013889
0 0.637109 0.008796 0.007031 0.014815
0 0.645964 0.008333 0.008594 0.015741
0 0.728516 0.092130 0.017448 0.013889
0 0.729167 0.012963 0.008333 0.025000
0 0.736719 0.012963 0.008333 0.020370
0 0.757031 0.093056 0.016667 0.014815
0 0.696615 0.107870 0.017188 0.012963
0 0.979427 0.112731 0.015625 0.031944
0 0.954167 0.184722 0.013021 0.030556
0 0.877604 0.341435 0.012500 0.023611
0 0.863151 0.386343 0.014323 0.028241
0 0.795052 0.426157 0.010417 0.030093
0 0.015885 0.359722 0.008854 0.031481
0 0.030729 0.512037 0.018750 0.012963
0 0.040234 0.494676 0.019010 0.015278
0 0.077214 0.542361 0.020052 0.015278
0 0.023958 0.554167 0.018229 0.010185
0 0.065365 0.497917 0.018229 0.010648
0 0.079297 0.518287 0.019010 0.012500
0 0.089583 0.499074 0.020833 0.016667
0 0.102083 0.522222 0.017188 0.014815
0 0.135156 0.544444 0.017188 0.012963
2 0.120964 0.502083 0.023177 0.013426
0 0.128646 0.521759 0.019271 0.012963
0 0.146745 0.504398 0.018490 0.014352
0 0.154948 0.526157 0.017708 0.016204
0 0.169531 0.508565 0.016667 0.015278
0 0.182031 0.527778 0.020833 0.013889
0 0.191927 0.512037 0.016146 0.012037
0 0.208333 0.531250 0.018750 0.013426
0 0.215365 0.515278 0.017188 0.012037
0 0.241927 0.519213 0.017708 0.013426
1 0.200260 0.574306 0.042708 0.018981
0 0.261719 0.559722 0.018229 0.012963
0 0.250651 0.539815 0.013281 0.012037
0 0.268359 0.520139 0.019010 0.013426
0 0.123307 0.479398 0.016406 0.011574
0 0.291146 0.520370 0.017708 0.014815
0 0.297135 0.543750 0.018229 0.013426
0 0.312500 0.564815 0.018750 0.012963
0 0.291016 0.581944 0.016927 0.014815
0 0.259115 0.578935 0.019271 0.013426
2 0.235417 0.581250 0.019792 0.013426
0 0.323437 0.526157 0.013542 0.009722
0 0.327734 0.548611 0.016406 0.012963
0 0.318229 0.584722 0.018229 0.014815
2 0.366276 0.534028 0.020573 0.011574
0 0.372396 0.554398 0.018750 0.013426
0 0.350391 0.572454 0.016927 0.012500
0 0.349089 0.589815 0.014323 0.011111
0 0.397917 0.577546 0.013542 0.013426
0 0.386458 0.593981 0.018750 0.012963
0 0.401693 0.536574 0.017448 0.014815
0 0.432161 0.560880 0.018490 0.012500
0 0.462370 0.585648 0.016927 0.012037
0 0.458984 0.602315 0.016406 0.011111
0 0.452214 0.542824 0.016406 0.016204
0 0.462891 0.564352 0.019010 0.014815
2 0.536979 0.614352 0.018750 0.014815
0 0.498437 0.549074 0.019271 0.013889
0 0.517057 0.571759 0.017448 0.013889
0 0.530339 0.591435 0.018490 0.014352
0 0.556120 0.576620 0.017969 0.012500
0 0.576562 0.559259 0.018750 0.012037
0 0.517708 0.528704 0.012500 0.011111
0 0.630469 0.565972 0.017188 0.012500
0 0.605339 0.584259 0.017969 0.014815
0 0.592578 0.600926 0.019531 0.012963
0 0.643750 0.606019 0.017708 0.012037
0 0.581250 0.644907 0.018229 0.015741
1 0.058724 0.563426 0.044010 0.021296
1 0.176953 0.657870 0.027865 0.014815
0 0.184896 0.676852 0.016667 0.012963
2 0.094661 0.687731 0.010677 0.029167
0 0.085026 0.688194 0.007552 0.029167
0 0.076693 0.689815 0.006510 0.027778
0 0.066927 0.689120 0.007292 0.031019
0 0.058984 0.690972 0.007552 0.029167
0 0.031641 0.682870 0.008594 0.027778
0 0.017578 0.680093 0.007552 0.030556
0 0.007422 0.681250 0.008594 0.028241
0 0.003255 0.610185 0.005990 0.025926
0 0.012370 0.616435 0.008594 0.031019
0 0.032031 0.618519 0.008333 0.027778
0 0.040755 0.619676 0.006510 0.022685
0 0.049870 0.618981 0.007552 0.028704
0 0.058464 0.621759 0.007552 0.028704
0 0.067187 0.621528 0.006771 0.022685
0 0.211458 0.626157 0.019271 0.016204
0 0.269010 0.706481 0.008333 0.029630
0 0.271615 0.742361 0.007292 0.028241
0 0.307292 0.779861 0.017188 0.018056
0 0.265625 0.671991 0.008333 0.028241
1 0.163021 0.462500 0.042708 0.021296
1 0.409635 0.456944 0.041146 0.020370
2 0.371094 0.490278 0.024479 0.014815
0 0.500521 0.505093 0.017708 0.013889
0 0.035547 0.977083 0.019010 0.018056
0 0.058984 0.967593 0.019531 0.020370
0 0.101302 0.946991 0.019792 0.018056
0 0.207552 0.899769 0.016667 0.018056
0 0.262109 0.869907 0.013281 0.015741
2 0.351562 0.807870 0.021354 0.022222
0 0.394401 0.809028 0.015365 0.018056
0 0.502865 0.737269 0.016667 0.018056
0 0.556641 0.713889 0.012760 0.015741
0 0.584896 0.696991 0.015625 0.016204
0 0.622917 0.692130 0.017708 0.014815
0 0.782031 0.671759 0.016146 0.013889
1 0.760807 0.642130 0.041406 0.019444
0 0.767708 0.621065 0.017188 0.013426
0 0.759245 0.527778 0.017448 0.014815
0 0.791406 0.581713 0.018750 0.013426
0 0.765885 0.600694 0.016667 0.012500
0 0.809505 0.623611 0.017448 0.012037
2 0.843229 0.672222 0.019271 0.015741
0 0.834375 0.515046 0.013021 0.012500
0 0.829688 0.539352 0.017708 0.019444
0 0.852865 0.584722 0.017708 0.012963
0 0.840755 0.645833 0.018490 0.014815
0 0.888151 0.621296 0.021615 0.012963
0 0.868880 0.531944 0.019531 0.015741
0 0.697396 0.983796 0.013021 0.026852
0 0.736458 0.869676 0.012500 0.029167
0 0.741016 0.818056 0.013802 0.032407
0 0.746484 0.841898 0.011719 0.024537
0 0.760938 0.801620 0.015104 0.031944
0 0.740234 0.782870 0.013802 0.029630
2 0.755208 0.740278 0.014063 0.032407
2 0.754036 0.779861 0.014323 0.032870
2 0.770182 0.734954 0.013281 0.032870
0 0.784505 0.726157 0.012240 0.032870
0 0.771224 0.764352 0.013281 0.028704
0 0.926562 0.639583 0.018229 0.015278
0 0.992578 0.626852 0.014844 0.012963
0 0.932292 0.720602 0.018750 0.016204
0 0.959635 0.713426 0.017708 0.016667
0 0.982031 0.702315 0.019271 0.014815
0 0.936068 0.617593 0.017969 0.012963
0 0.931901 0.578241 0.016927 0.011111
0 0.926042 0.557870 0.018229 0.014815
0 0.951693 0.515972 0.020052 0.014352
0 0.924609 0.539815 0.017969 0.012037
0 0.950521 0.534722 0.019271 0.013889
0 0.982031 0.529398 0.019271 0.015278
2 0.891016 0.502546 0.022656 0.014352
0 0.711979 0.933565 0.010937 0.020833
0 0.019661 0.529861 0.016406 0.016204
0 0.268359 0.539815 0.015885 0.013889
0 0.429688 0.483565 0.017188 0.013426
0 0.663281 0.546065 0.014583 0.009722
0 0.760807 0.548148 0.017969 0.013889
0 0.950260 0.595602 0.013021 0.012500
0 0.841927 0.605093 0.017708 0.012037
0 0.730078 0.681019 0.019531 0.012963
0 0.706641 0.575926 0.009635 0.014815
0 0.657682 0.588889 0.016927 0.012037
1 0.669531 0.631944 0.020313 0.017593
1 0.300260 0.829630 0.018229 0.021296
1 0.026562 0.723148 0.029167 0.027778
0 0.720703 0.842130 0.011719 0.028704
0 0.764193 0.852083 0.015365 0.029167
0 0.470052 0.006019 0.012500 0.011111
