0 0.523307 0.013657 0.011198 0.026389
0 0.544661 0.020370 0.010156 0.028704
0 0.564583 0.035648 0.009896 0.037037
0 0.573438 0.031481 0.008854 0.033333
0 0.576042 0.086343 0.016667 0.011574
0 0.696484 0.090509 0.014844 0.011574
0 0.750260 0.036574 0.009896 0.027778
0 0.788542 0.019676 0.007812 0.031019
0 0.912370 0.017824 0.012240 0.018056
0 0.145573 0.104167 0.019271 0.014815
0 0.144792 0.148843 0.019271 0.016204
0 0.144271 0.177315 0.020313 0.013889
0 0.143880 0.208565 0.019010 0.012500
0 0.180990 0.104630 0.008854 0.028704
0 0.198177 0.105324 0.006771 0.031944
0 0.213802 0.105787 0.006771 0.027315
0 0.229297 0.108333 0.009635 0.028704
0 0.245703 0.106713 0.007552 0.030093
0 0.253906 0.108565 0.007292 0.022685
2 0.261589 0.106713 0.008594 0.031944
0 0.277604 0.111111 0.008333 0.033333
0 0.286198 0.111574 0.008854 0.028704
0 0.303125 0.112269 0.007812 0.027315
0 0.311328 0.113426 0.006510 0.025000
0 0.318750 0.112731 0.007292 0.032870
0 0.327734 0.112269 0.007552 0.029167
0 0.336328 0.113889 0.008594 0.031481
0 0.343620 0.115046 0.009635 0.031019
0 0.351823 0.115509 0.008333 0.032870
0 0.360286 0.116898 0.006510 0.028241
0 0.396224 0.116435 0.007552 0.029167
0 0.197266 0.173148 0.007031 0.031481
0 0.196615 0.205556 0.008333 0.027778
0 0.213151 0.208796 0.007031 0.032407
0 0.228255 0.175926 0.007031 0.027778
0 0.252865 0.210417 0.005729 0.025463
0 0.270052 0.176852 0.006250 0.023148
0 0.269531 0.212963 0.007292 0.029630
0 0.285547 0.177315 0.007552 0.028704
0 0.285156 0.212500 0.009375 0.026852
0 0.292839 0.179398 0.007031 0.021759
0 0.301302 0.178935 0.006250 0.021759
0 0.309635 0.179861 0.006250 0.026389
0 0.318099 0.180093 0.007552 0.025926
0 0.326823 0.180787 0.008333 0.033796
0 0.300911 0.212731 0.008073 0.026389
0 0.308854 0.214583 0.007812 0.028241
0 0.327344 0.215278 0.008333 0.026852
0 0.364583 0.187500 0.007292 0.029630
0 0.373958 0.187269 0.009375 0.031019
0 0.383724 0.188194 0.010156 0.031019
0 0.355078 0.219213 0.007552 0.022685
0 0.364844 0.222222 0.007812 0.025926
0 0.389193 0.224074 0.006510 0.029630
0 0.397266 0.222685 0.007552 0.025000
0 0.406250 0.221991 0.008854 0.027315
0 0.143880 0.312500 0.013281 0.009259
0 0.142318 0.296991 0.016406 0.008796
0 0.194141 0.308796 0.008073 0.026852
0 0.144271 0.370833 0.008854 0.034259
0 0.168359 0.369444 0.009635 0.032407
0 0.183594 0.371991 0.009375 0.031944
0 0.207943 0.374537 0.008594 0.027778
0 0.223698 0.376389 0.008333 0.031481
0 0.240755 0.377315 0.006510 0.028704
0 0.257031 0.377546 0.007812 0.029167
0 0.277344 0.313889 0.006771 0.027778
0 0.273698 0.378704 0.007292 0.029630
0 0.290495 0.382176 0.008594 0.031944
0 0.305599 0.381481 0.007552 0.029630
0 0.326172 0.319444 0.006510 0.022222
0 0.321615 0.382639 0.007292 0.031019
0 0.338281 0.382870 0.008854 0.026852
0 0.354687 0.318750 0.006250 0.028241
0 0.363151 0.318981 0.009635 0.026852
0 0.378516 0.320602 0.009115 0.026389
0 0.387240 0.320139 0.008333 0.027315
0 0.396094 0.322222 0.008333 0.026852
0 0.353646 0.383796 0.007812 0.026852
0 0.362500 0.383333 0.010417 0.025000
0 0.387500 0.387037 0.008854 0.036111
0 0.395182 0.388657 0.008594 0.018981
0 0.412109 0.321296 0.005469 0.022222
0 0.419661 0.388657 0.009115 0.031019
0 0.420573 0.325000 0.008333 0.028704
0 0.429557 0.324306 0.009115 0.028241
0 0.456380 0.391898 0.009115 0.030093
2 0.023568 0.450463 0.026823 0.018519
0 0.128125 0.457176 0.018229 0.013426
0 0.157161 0.478241 0.017448 0.011111
0 0.148698 0.636343 0.006250 0.024537
2 0.155599 0.845139 0.028906 0.024537
2 0.152474 0.828241 0.022135 0.017593
0 0.154427 0.810185 0.018750 0.015741
0 0.051042 0.838194 0.005729 0.027315
2 0.060286 0.782870 0.017448 0.024074
0 0.161198 0.762037 0.009896 0.030556
0 0.169010 0.754861 0.010417 0.026389
0 0.206380 0.630093 0.005990 0.031481
2 0.223698 0.633333 0.008333 0.037037
2 0.245573 0.638426 0.010417 0.039815
2 0.291667 0.707407 0.005729 0.030556
2 0.300391 0.757870 0.020052 0.015741
2 0.538802 0.721065 0.007292 0.030093
0 0.257682 0.640046 0.008594 0.031019
0 0.242839 0.696991 0.007031 0.025463
0 0.252734 0.703241 0.007031 0.024074
0 0.263281 0.707176 0.007812 0.028241
0 0.272917 0.706713 0.007812 0.029167
0 0.282682 0.710417 0.007552 0.031019
0 0.300000 0.713426 0.005729 0.020370
0 0.307812 0.710648 0.006250 0.026852
0 0.315885 0.708333 0.006771 0.025000
0 0.324349 0.710417 0.008073 0.031019
0 0.331901 0.714815 0.006510 0.025000
0 0.341146 0.710417 0.008333 0.031944
0 0.349349 0.712269 0.007552 0.030093
0 0.359635 0.711574 0.008333 0.031481
0 0.368229 0.713657 0.007292 0.026389
0 0.378646 0.710880 0.009375 0.028241
0 0.388672 0.711806 0.007031 0.028241
0 0.398047 0.712500 0.007552 0.032407
0 0.407682 0.715046 0.005469 0.022685
0 0.415234 0.712963 0.007552 0.031481
0 0.423177 0.715741 0.008333 0.028704
0 0.431510 0.714120 0.007812 0.027315
0 0.439583 0.715741 0.006771 0.033333
0 0.448568 0.715972 0.007031 0.031019
0 0.459375 0.715278 0.008854 0.029630
0 0.473568 0.716435 0.008594 0.028241
0 0.267578 0.638426 0.006510 0.030556
0 0.277604 0.639583 0.007292 0.030093
0 0.287500 0.639815 0.008333 0.031481
0 0.296615 0.642130 0.007812 0.035185
0 0.306771 0.640046 0.007812 0.029167
0 0.314714 0.644444 0.009115 0.032407
0 0.324089 0.643750 0.006510 0.031944
0 0.333333 0.643519 0.007292 0.027778
0 0.342708 0.644213 0.007292 0.029167
0 0.352214 0.644213 0.005990 0.030093
0 0.361849 0.640509 0.009115 0.033796
0 0.371224 0.642824 0.007552 0.028241
0 0.379818 0.644444 0.008594 0.026852
0 0.388932 0.643519 0.007552 0.034259
0 0.396745 0.644676 0.008073 0.027315
0 0.406641 0.644907 0.008073 0.033333
0 0.414193 0.644676 0.008073 0.032870
0 0.423177 0.649074 0.009375 0.031481
0 0.432552 0.648380 0.007812 0.027315
0 0.331510 0.669444 0.017708 0.014815
0 0.335156 0.685417 0.015104 0.010648
0 0.501693 0.904630 0.007031 0.032407
0 0.444922 0.645602 0.008073 0.024537
0 0.454036 0.647685 0.008594 0.028704
0 0.472656 0.650463 0.005729 0.025000
0 0.481771 0.650926 0.006250 0.025926
0 0.492188 0.651157 0.005729 0.028241
0 0.500000 0.651389 0.006771 0.030556
0 0.511198 0.650231 0.008333 0.027315
0 0.520182 0.652778 0.007031 0.023148
0 0.528776 0.655787 0.006510 0.028241
0 0.528255 0.720602 0.007552 0.033796
0 0.518359 0.721759 0.005990 0.026852
0 0.508854 0.721759 0.005729 0.030556
0 0.500000 0.725231 0.007292 0.029167
1 0.410156 0.745139 0.026562 0.014352
1 0.442839 0.746528 0.024740 0.016204
1 0.470052 0.757407 0.025000 0.024074
1 0.490234 0.789815 0.015885 0.037963
1 0.499479 0.843981 0.009896 0.043519
0 0.500651 0.996065 0.016927 0.007870
2 0.050000 0.917593 0.007812 0.031481
0 0.838542 0.833333 0.018229 0.014815
0 0.749870 0.805787 0.018490 0.018981
0 0.652995 0.654630 0.016406 0.012963
0 0.626042 0.707639 0.018229 0.017130
1 0.619661 0.689120 0.025781 0.017130
0 0.709115 0.697685 0.009375 0.026852
0 0.712240 0.731019 0.010937 0.031481
0 0.714453 0.768750 0.007031 0.027315
0 0.938281 0.626852 0.018229 0.015741
0 0.982682 0.592824 0.016927 0.014352
0 0.962109 0.507639 0.016927 0.010648
0 0.936719 0.547917 0.016667 0.013426
0 0.881380 0.541667 0.019531 0.013889
0 0.891536 0.563426 0.013802 0.012037
0 0.866406 0.580093 0.017188 0.012037
0 0.841536 0.598148 0.017969 0.012963
2 0.841016 0.618750 0.019010 0.011574
0 0.847396 0.559491 0.016667 0.009722
0 0.815365 0.509491 0.018229 0.013426
1 0.856901 0.479861 0.046615 0.017130
1 0.781120 0.615046 0.042448 0.018056
0 0.786198 0.633565 0.017708 0.012500
0 0.779427 0.592361 0.016146 0.011574
0 0.804818 0.574537 0.018490 0.013889
0 0.768229 0.530787 0.019271 0.015278
2 0.752083 0.508333 0.022396 0.011111
0 0.722266 0.607870 0.017448 0.012963
0 0.727995 0.566898 0.017969 0.012500
0 0.727865 0.547222 0.017708 0.012963
0 0.719401 0.523380 0.017969 0.017130
0 0.698047 0.492361 0.014323 0.013426
0 0.641927 0.516204 0.017188 0.012037
0 0.623828 0.539815 0.018490 0.013889
0 0.651823 0.560417 0.017708 0.013426
2 0.635677 0.580093 0.018229 0.015741
2 0.586458 0.574306 0.018750 0.013426
2 0.585026 0.532407 0.018490 0.012963
0 0.576302 0.490278 0.020833 0.012963
0 0.566406 0.552546 0.017188 0.014352
0 0.545052 0.530093 0.017188 0.015741
0 0.524609 0.549769 0.019531 0.011574
0 0.513542 0.569444 0.018229 0.012963
1 0.500521 0.593981 0.036458 0.018519
0 0.492448 0.544213 0.018229 0.012500
0 0.514974 0.528704 0.017969 0.012963
0 0.493229 0.481481 0.017188 0.012963
0 0.482422 0.524306 0.015885 0.015278
0 0.458464 0.543519 0.015365 0.012963
0 0.464583 0.585417 0.017188 0.015278
0 0.438802 0.587963 0.015625 0.009259
0 0.409505 0.581713 0.020573 0.011574
0 0.380729 0.581481 0.016667 0.012963
0 0.348958 0.579630 0.020833 0.012963
0 0.320703 0.576157 0.019010 0.016204
0 0.306380 0.488194 0.014844 0.011574
0 0.348568 0.532870 0.016406 0.014815
0 0.371224 0.537500 0.017448 0.013889
0 0.398568 0.539120 0.016927 0.011574
0 0.425651 0.538657 0.013802 0.010648
0 0.449479 0.499769 0.010937 0.009722
2 0.443620 0.519907 0.030990 0.017593
