0 0.533333 0.027546 0.009375 0.032870
0 0.541927 0.025463 0.008333 0.031481
0 0.550651 0.020833 0.009115 0.029630
0 0.558464 0.018056 0.009635 0.025000
0 0.574740 0.016667 0.012500 0.032407
0 0.583203 0.014815 0.009635 0.028704
0 0.540104 0.089120 0.008854 0.026389
0 0.562891 0.099769 0.008073 0.031944
0 0.571094 0.078704 0.007812 0.030556
0 0.588542 0.072917 0.010417 0.031944
0 0.582031 0.115278 0.008333 0.031481
0 0.592187 0.111343 0.007292 0.031019
0 0.595052 0.166435 0.017188 0.011574
0 0.713411 0.168750 0.017448 0.010648
0 0.762630 0.018287 0.009115 0.034722
2 0.760417 0.062963 0.007812 0.030556
0 0.767318 0.115278 0.009115 0.027778
0 0.805599 0.100694 0.009115 0.030093
0 0.930208 0.096528 0.011458 0.018981
0 0.162630 0.182870 0.021615 0.017593
0 0.160547 0.226389 0.021615 0.014815
0 0.160547 0.254861 0.019531 0.016204
0 0.161589 0.285417 0.019010 0.010648
0 0.197786 0.181019 0.007552 0.027778
0 0.215495 0.184028 0.008073 0.029167
0 0.230859 0.184491 0.008594 0.027315
0 0.247005 0.185417 0.011719 0.029167
0 0.262630 0.186806 0.007552 0.032870
0 0.270703 0.187037 0.005469 0.019444
2 0.280208 0.183102 0.008854 0.034722
0 0.294661 0.187037 0.007031 0.034259
0 0.304688 0.187269 0.006771 0.033796
0 0.320182 0.188889 0.006510 0.033333
0 0.328776 0.190972 0.006510 0.024537
0 0.336719 0.188426 0.007292 0.034259
0 0.344141 0.190278 0.006510 0.029630
0 0.352344 0.190509 0.007812 0.031019
0 0.360807 0.190509 0.008594 0.029167
0 0.368880 0.193287 0.008073 0.035648
0 0.377604 0.192361 0.009375 0.029167
0 0.414453 0.195139 0.007552 0.032870
0 0.213932 0.250231 0.008594 0.031019
0 0.213672 0.283565 0.009635 0.027315
0 0.229687 0.286111 0.009896 0.030556
0 0.246745 0.251389 0.008073 0.030556
0 0.269141 0.288426 0.009115 0.026852
0 0.286849 0.290278 0.007552 0.025926
0 0.287370 0.254861 0.008594 0.019907
0 0.303516 0.255787 0.008073 0.027315
0 0.310807 0.257176 0.008594 0.024537
0 0.301953 0.290046 0.008594 0.030093
0 0.318229 0.290972 0.008854 0.029167
0 0.318359 0.258333 0.006510 0.025926
0 0.326562 0.257407 0.009375 0.026852
0 0.326562 0.292361 0.006771 0.025463
0 0.335417 0.257176 0.008854 0.030093
0 0.345443 0.262037 0.010156 0.031481
0 0.346354 0.294213 0.009896 0.027315
0 0.373568 0.296759 0.007031 0.023148
0 0.381641 0.266204 0.005990 0.029630
0 0.382812 0.303009 0.007292 0.031019
0 0.406641 0.301852 0.009635 0.031481
0 0.413932 0.303241 0.007031 0.032407
0 0.423307 0.299306 0.008594 0.028241
0 0.401693 0.268519 0.007031 0.029630
0 0.391276 0.267361 0.007031 0.030093
0 0.160677 0.390972 0.012500 0.010648
0 0.160417 0.373148 0.015625 0.006481
0 0.211849 0.385648 0.007031 0.028704
0 0.294401 0.392824 0.007552 0.025463
0 0.160677 0.449537 0.008854 0.034259
0 0.183724 0.447222 0.009635 0.029630
0 0.200130 0.449306 0.009635 0.031019
0 0.226302 0.453009 0.008854 0.031019
0 0.241146 0.453009 0.007812 0.031944
0 0.258724 0.457176 0.007552 0.025463
0 0.272656 0.456019 0.007292 0.030556
0 0.290755 0.459259 0.008594 0.029630
0 0.307161 0.462963 0.009115 0.039815
0 0.322656 0.461343 0.008333 0.029167
0 0.339453 0.461111 0.005990 0.029630
0 0.355599 0.461111 0.007552 0.026852
0 0.370833 0.464583 0.007812 0.030093
0 0.380208 0.462731 0.007812 0.025463
0 0.343099 0.395833 0.006510 0.019444
0 0.371745 0.399306 0.007031 0.027315
0 0.380729 0.397222 0.007812 0.028704
0 0.396224 0.396528 0.007552 0.030093
0 0.404818 0.398380 0.005990 0.029167
0 0.413802 0.398611 0.008333 0.027778
0 0.429036 0.401852 0.007031 0.024074
0 0.436719 0.401620 0.007292 0.030093
0 0.447005 0.403935 0.008073 0.031019
0 0.403516 0.463426 0.005990 0.032407
0 0.412630 0.465046 0.007552 0.023611
0 0.437240 0.467824 0.009375 0.030093
0 0.472656 0.470139 0.007292 0.031019
0 0.038281 0.523843 0.016146 0.012500
0 0.063932 0.546759 0.018490 0.013889
0 0.223568 0.556481 0.006510 0.010185
0 0.165885 0.715046 0.008854 0.029167
2 0.077344 0.859259 0.017708 0.018519
0 0.013021 0.825694 0.009375 0.031019
0 0.022266 0.829861 0.008594 0.026389
0 0.068620 0.916435 0.007552 0.029167
2 0.169010 0.904167 0.023958 0.019444
2 0.172266 0.920602 0.027344 0.020833
0 0.170313 0.887269 0.018750 0.017130
0 0.175391 0.963889 0.017448 0.017593
0 0.177865 0.837731 0.009375 0.032870
0 0.186198 0.834028 0.009375 0.027315
2 0.239714 0.711111 0.007552 0.037963
2 0.315625 0.834259 0.018229 0.015741
1 0.426432 0.822685 0.026302 0.018519
1 0.459375 0.823843 0.025000 0.015278
1 0.486198 0.834259 0.025521 0.025926
1 0.507943 0.867824 0.017969 0.041204
1 0.517448 0.921759 0.010937 0.043519
1 0.636328 0.768287 0.025781 0.015278
0 0.518490 0.981944 0.006771 0.029630
0 0.222396 0.690046 0.005729 0.015278
0 0.294141 0.627315 0.016406 0.012037
2 0.262630 0.715741 0.009635 0.039815
0 0.259766 0.775694 0.007552 0.020833
0 0.269661 0.780556 0.007552 0.026852
0 0.274349 0.717824 0.007031 0.028241
0 0.283984 0.716667 0.007031 0.030556
0 0.280208 0.781019 0.007292 0.030556
0 0.290495 0.785185 0.006510 0.027778
0 0.300130 0.785417 0.008073 0.029167
0 0.317057 0.790509 0.005990 0.023611
0 0.325260 0.787269 0.007292 0.028241
0 0.332552 0.785185 0.005729 0.024074
0 0.341276 0.789583 0.007031 0.026389
0 0.348568 0.791435 0.008594 0.026389
0 0.357682 0.788889 0.006510 0.033333
0 0.366146 0.787963 0.007292 0.031481
0 0.375651 0.788889 0.008594 0.030556
0 0.384766 0.790972 0.008073 0.026389
0 0.395703 0.788657 0.007031 0.030093
0 0.404167 0.788194 0.007812 0.026389
0 0.414193 0.790741 0.009115 0.031481
0 0.423438 0.791435 0.005729 0.021759
0 0.431510 0.790972 0.007812 0.029167
0 0.439583 0.792593 0.007292 0.026852
0 0.448958 0.793519 0.007812 0.027778
0 0.457031 0.792130 0.006771 0.030556
0 0.465625 0.793056 0.007812 0.030556
0 0.475391 0.792130 0.009115 0.032407
0 0.490495 0.794907 0.007552 0.025926
0 0.517578 0.801389 0.006510 0.030556
0 0.525911 0.800694 0.005990 0.033796
0 0.534635 0.798380 0.007292 0.027315
0 0.544792 0.797454 0.007292 0.031944
2 0.555599 0.799537 0.007031 0.031481
2 0.308724 0.785648 0.007552 0.032407
0 0.294401 0.718287 0.006510 0.029167
0 0.303776 0.716435 0.007031 0.026389
0 0.313021 0.718750 0.007292 0.031019
0 0.322786 0.717824 0.007031 0.028241
0 0.332031 0.718519 0.007812 0.028704
0 0.340234 0.721065 0.007552 0.031019
0 0.350000 0.720833 0.006771 0.030556
0 0.356510 0.747222 0.017708 0.010185
0 0.351562 0.761806 0.013021 0.009722
0 0.359505 0.720833 0.005990 0.027778
0 0.369661 0.719907 0.008073 0.029630
0 0.378385 0.719213 0.008333 0.029167
0 0.388151 0.720833 0.007552 0.028704
0 0.397005 0.722917 0.007552 0.029167
0 0.405469 0.720370 0.006250 0.033333
0 0.413542 0.724537 0.008333 0.025000
0 0.423828 0.723611 0.007031 0.032407
0 0.432422 0.724074 0.006510 0.031481
0 0.439974 0.725231 0.008594 0.031944
0 0.450130 0.726389 0.008594 0.032407
0 0.461328 0.724074 0.007552 0.025926
0 0.471224 0.726620 0.008073 0.034722
0 0.489974 0.730093 0.009115 0.025926
0 0.499089 0.729630 0.006510 0.022222
0 0.508984 0.730093 0.007552 0.029630
0 0.517448 0.728935 0.006771 0.030093
0 0.526432 0.729398 0.007031 0.027315
0 0.537240 0.730787 0.006250 0.024537
0 0.546745 0.734491 0.007552 0.030093
0 0.765365 0.884954 0.016667 0.018981
0 0.854167 0.910648 0.016667 0.022222
0 0.725911 0.776157 0.008594 0.030093
0 0.727734 0.810880 0.009635 0.032870
0 0.730469 0.846296 0.008333 0.031481
0 0.364974 0.571528 0.012760 0.010648
0 0.365625 0.612037 0.016146 0.015741
0 0.336979 0.654398 0.018750 0.012500
0 0.365885 0.656250 0.019792 0.014352
0 0.387630 0.612963 0.016406 0.013889
0 0.416667 0.553241 0.018229 0.012963
0 0.419922 0.616204 0.017969 0.013889
0 0.397526 0.660185 0.016927 0.012963
0 0.425130 0.660648 0.019010 0.013889
0 0.449089 0.617593 0.013281 0.011111
0 0.456510 0.666435 0.015104 0.012500
0 0.480859 0.662963 0.017969 0.012963
0 0.483073 0.622222 0.017708 0.012963
0 0.494531 0.559954 0.017708 0.013426
2 0.469792 0.600926 0.029687 0.015741
1 0.517708 0.671296 0.039583 0.019444
0 0.510807 0.605093 0.017448 0.013889
0 0.522396 0.625231 0.017188 0.013426
0 0.550521 0.608796 0.018229 0.012037
0 0.573828 0.584954 0.015885 0.013426
0 0.582682 0.610185 0.018490 0.013889
0 0.566927 0.630556 0.017708 0.012963
0 0.600130 0.656713 0.017448 0.013426
2 0.641016 0.616898 0.019010 0.012500
0 0.652734 0.596528 0.018490 0.012500
0 0.625651 0.553704 0.013281 0.010185
2 0.668880 0.576389 0.020052 0.015741
2 0.667318 0.659722 0.018490 0.012963
2 0.712370 0.664583 0.018490 0.013426
0 0.694271 0.626389 0.017708 0.012037
0 0.702995 0.601852 0.019010 0.014815
0 0.705859 0.563657 0.019531 0.012500
0 0.727214 0.643750 0.017969 0.016204
0 0.784115 0.691898 0.016667 0.013426
0 0.806901 0.653241 0.019010 0.012037
0 0.809115 0.610648 0.018229 0.012963
0 0.832943 0.635648 0.015885 0.014815
0 0.863672 0.616898 0.013281 0.013426
0 0.849219 0.675231 0.017188 0.016204
1 0.849609 0.700694 0.041406 0.018056
1 0.873828 0.559028 0.044010 0.018056
0 0.894792 0.586111 0.016146 0.010185
0 0.894271 0.661343 0.017708 0.014352
0 0.918750 0.682870 0.016667 0.011111
2 0.913542 0.702778 0.018750 0.012963
0 0.902474 0.720833 0.017969 0.011111
0 0.950911 0.667824 0.016406 0.013426
0 0.946484 0.647917 0.015365 0.011574
0 0.949870 0.623148 0.019010 0.012963
0 0.947656 0.603704 0.019271 0.013889
0 0.993750 0.651620 0.012500 0.012500
0 0.641406 0.785880 0.017708 0.012500
0 0.670573 0.731944 0.019271 0.017593
0 0.219792 0.855556 0.010417 0.012037
0 0.219531 0.869444 0.008854 0.010185
