0 0.608464 0.068750 0.017969 0.016204
0 0.666797 0.040741 0.013802 0.014815
0 0.683464 0.034259 0.016406 0.014815
0 0.718490 0.007870 0.009896 0.014815
0 0.738542 0.007176 0.008333 0.013426
0 0.840104 0.047222 0.009375 0.033333
0 0.840104 0.090046 0.007292 0.031944
0 0.847135 0.187269 0.009896 0.029167
0 0.886068 0.171296 0.008073 0.032407
0 0.903646 0.144444 0.006771 0.025926
2 0.839583 0.137269 0.008333 0.032870
0 0.672005 0.187269 0.008594 0.034722
0 0.672917 0.240046 0.016667 0.011574
0 0.792708 0.245139 0.014583 0.011574
0 0.613151 0.102778 0.008594 0.030556
0 0.621224 0.100000 0.009115 0.034259
0 0.629948 0.096991 0.008333 0.028241
0 0.638411 0.093750 0.009115 0.026389
0 0.655078 0.090741 0.009635 0.031481
0 0.661849 0.087037 0.008594 0.031481
0 0.667839 0.145833 0.010156 0.030556
0 0.650781 0.153704 0.008854 0.030556
0 0.641536 0.176620 0.008594 0.031944
0 0.619661 0.165046 0.009115 0.029167
0 0.661589 0.190972 0.009635 0.036574
0 0.240495 0.261343 0.016406 0.014352
0 0.239193 0.302778 0.017969 0.012963
0 0.239453 0.332407 0.018490 0.012963
0 0.238411 0.362731 0.018490 0.011574
2 0.356641 0.261806 0.007031 0.031944
0 0.275781 0.259954 0.008333 0.031019
0 0.292708 0.259954 0.006771 0.027315
0 0.308984 0.260880 0.008073 0.027315
0 0.326042 0.261574 0.008854 0.030556
0 0.341536 0.262963 0.008073 0.031481
0 0.349740 0.262500 0.007292 0.020370
0 0.373828 0.264583 0.008073 0.031019
0 0.383333 0.264352 0.008333 0.029630
0 0.398568 0.266204 0.008594 0.028704
0 0.406380 0.266435 0.005990 0.025463
0 0.414974 0.266898 0.008594 0.032870
0 0.423438 0.267130 0.007812 0.028704
0 0.431250 0.267824 0.007812 0.028241
0 0.439974 0.268519 0.008594 0.032407
0 0.448437 0.270139 0.007292 0.031019
0 0.455990 0.270370 0.007292 0.032407
0 0.492578 0.272222 0.007552 0.030556
0 0.292318 0.328009 0.008073 0.031019
0 0.291536 0.361806 0.006510 0.026389
0 0.308333 0.364352 0.006771 0.031481
0 0.324219 0.328704 0.008333 0.030556
0 0.348958 0.365741 0.006771 0.024074
0 0.364974 0.367361 0.008073 0.027315
0 0.365365 0.332407 0.008333 0.023148
0 0.381380 0.332639 0.008073 0.029167
0 0.381771 0.365278 0.007292 0.031481
0 0.389062 0.333102 0.006250 0.021759
0 0.396745 0.334722 0.007031 0.023148
0 0.405208 0.336806 0.005729 0.026389
0 0.414453 0.334722 0.008073 0.028704
0 0.423698 0.335185 0.007292 0.031481
0 0.396615 0.367824 0.007292 0.026389
0 0.404687 0.366667 0.007812 0.025926
0 0.423438 0.369676 0.007812 0.025463
0 0.452344 0.374074 0.007292 0.021296
0 0.460807 0.375926 0.008594 0.029630
0 0.461198 0.341667 0.007812 0.029630
0 0.470182 0.342824 0.007031 0.031944
0 0.480339 0.341898 0.006510 0.032870
0 0.486068 0.377083 0.008073 0.031019
0 0.493750 0.375926 0.007292 0.029630
0 0.502995 0.375463 0.007031 0.028704
2 0.341797 0.794907 0.008594 0.038889
2 0.319922 0.791667 0.003906 0.034259
2 0.395052 0.913426 0.017708 0.016667
2 0.388932 0.863194 0.007031 0.032870
2 0.636719 0.874537 0.006771 0.031481
0 0.353646 0.795139 0.007812 0.031019
0 0.339062 0.852778 0.005729 0.023148
0 0.348958 0.859259 0.006771 0.027778
0 0.360547 0.859028 0.006510 0.027315
0 0.369271 0.861806 0.007292 0.030093
0 0.379167 0.862963 0.007292 0.028704
0 0.396745 0.868750 0.004427 0.021759
0 0.405339 0.865278 0.009115 0.028704
0 0.413281 0.862037 0.008854 0.026852
0 0.419922 0.866204 0.008073 0.027778
0 0.428646 0.867361 0.006771 0.026389
0 0.438151 0.865509 0.006510 0.031019
0 0.446875 0.865741 0.007292 0.031481
0 0.455599 0.865509 0.007031 0.032870
0 0.464974 0.867130 0.008073 0.028704
0 0.475781 0.864815 0.007812 0.032407
0 0.485156 0.866435 0.007292 0.029167
0 0.495182 0.867824 0.007552 0.034722
0 0.504297 0.868981 0.004948 0.026852
0 0.511979 0.868981 0.007292 0.029630
0 0.520573 0.867361 0.006771 0.027315
0 0.529427 0.868750 0.007292 0.030093
0 0.537630 0.867130 0.008594 0.030556
0 0.545703 0.869907 0.007031 0.029630
0 0.556510 0.869676 0.007812 0.033796
0 0.570964 0.872454 0.007552 0.030093
0 0.598177 0.876157 0.006250 0.031019
0 0.606510 0.875231 0.006771 0.031019
0 0.615495 0.874074 0.005990 0.028704
0 0.625781 0.874074 0.006771 0.032407
0 0.627734 0.811111 0.007031 0.029630
0 0.617188 0.807870 0.005729 0.022222
0 0.607422 0.804167 0.007031 0.029630
0 0.598177 0.805324 0.007292 0.031944
0 0.589063 0.804167 0.007292 0.030556
0 0.580599 0.805556 0.005990 0.025000
0 0.570312 0.806250 0.007292 0.027315
0 0.551042 0.803472 0.008333 0.030093
0 0.542057 0.801157 0.008073 0.026389
0 0.529557 0.803472 0.008073 0.031019
0 0.520573 0.802083 0.008333 0.032870
0 0.512630 0.799537 0.008594 0.032407
0 0.504167 0.800000 0.008333 0.030556
0 0.494271 0.800463 0.007812 0.025000
0 0.485026 0.797222 0.006510 0.031481
0 0.476693 0.798611 0.008073 0.029630
0 0.468750 0.798611 0.006250 0.027778
0 0.458984 0.797222 0.007552 0.030556
0 0.448698 0.798380 0.007292 0.030093
0 0.439193 0.799769 0.008073 0.027315
0 0.429948 0.798611 0.008333 0.030556
0 0.420573 0.800000 0.007292 0.032407
0 0.411458 0.798380 0.008854 0.030093
0 0.402474 0.795370 0.008594 0.031481
0 0.393359 0.798843 0.007031 0.030093
0 0.383724 0.795370 0.007552 0.027778
0 0.373568 0.795833 0.007031 0.031481
0 0.363802 0.795139 0.006250 0.031019
0 0.431380 0.839815 0.012760 0.011111
0 0.465755 0.834491 0.019010 0.015278
0 0.300391 0.964352 0.014323 0.012037
0 0.300911 0.947917 0.013802 0.012500
0 0.300911 0.930324 0.011719 0.015278
0 0.264844 0.909491 0.008854 0.028241
0 0.256641 0.916667 0.010156 0.032407
0 0.270703 0.952546 0.009635 0.020833
0 0.248438 0.965278 0.018229 0.016667
2 0.248307 0.981019 0.021615 0.020370
2 0.253255 0.993981 0.024740 0.012037
2 0.155599 0.940278 0.016927 0.027778
0 0.065495 0.867593 0.010677 0.030556
0 0.072656 0.906944 0.008333 0.028704
0 0.072786 0.874074 0.008073 0.028704
0 0.089974 0.904861 0.009115 0.030093
0 0.098177 0.906481 0.008854 0.026852
0 0.146484 0.989352 0.010677 0.021296
0 0.244531 0.794444 0.006250 0.030556
1 0.506771 0.899537 0.024479 0.017593
1 0.538542 0.900000 0.023438 0.013889
1 0.566797 0.908565 0.023698 0.021759
1 0.589583 0.942361 0.019271 0.042130
1 0.718359 0.841435 0.026302 0.018056
0 0.724089 0.859491 0.015885 0.014352
0 0.807161 0.850926 0.009115 0.031481
0 0.751563 0.806944 0.018750 0.014815
0 0.809896 0.883333 0.008333 0.032407
0 0.811589 0.919676 0.008073 0.031944
0 0.848307 0.956944 0.015885 0.017593
0 0.935677 0.984722 0.015104 0.020370
0 0.117057 0.608333 0.012760 0.012037
0 0.242188 0.635417 0.015625 0.010648
0 0.305729 0.619676 0.004687 0.011574
0 0.382943 0.622222 0.016927 0.014815
0 0.289974 0.465046 0.007552 0.027315
0 0.238411 0.526389 0.005990 0.030556
0 0.238281 0.466435 0.011979 0.012500
0 0.261979 0.525463 0.008854 0.033333
0 0.279557 0.528472 0.010156 0.033796
0 0.303646 0.530556 0.007812 0.030556
0 0.320182 0.530787 0.008594 0.031944
0 0.336068 0.531944 0.006510 0.026852
0 0.353516 0.533565 0.008594 0.032870
0 0.368750 0.536343 0.008854 0.032870
0 0.385417 0.537963 0.007812 0.032407
0 0.372135 0.469213 0.008854 0.026389
0 0.401432 0.535880 0.008594 0.032870
0 0.418229 0.536574 0.007292 0.027778
0 0.421745 0.469907 0.008594 0.024074
0 0.434896 0.538194 0.009375 0.025463
0 0.450391 0.473611 0.010156 0.025000
0 0.460156 0.474537 0.006771 0.023148
0 0.450521 0.537500 0.007292 0.030556
0 0.459245 0.538657 0.009115 0.026389
0 0.476042 0.476157 0.007292 0.026389
0 0.483594 0.474074 0.007292 0.024074
0 0.493099 0.477083 0.008073 0.027315
0 0.508724 0.478704 0.007552 0.021296
0 0.517578 0.481250 0.008073 0.027315
0 0.525651 0.480324 0.008594 0.026389
0 0.483594 0.541435 0.007292 0.031019
0 0.492318 0.542361 0.005990 0.023611
0 0.516146 0.544213 0.006771 0.028241
0 0.552474 0.545139 0.007031 0.030093
0 0.417318 0.731019 0.017969 0.015741
0 0.445443 0.732639 0.017448 0.017130
0 0.477995 0.734491 0.017448 0.013426
0 0.488542 0.690972 0.016667 0.015278
0 0.468620 0.646065 0.016406 0.011574
0 0.451302 0.688426 0.016146 0.013889
0 0.524479 0.693750 0.016667 0.010648
0 0.532682 0.715046 0.015885 0.012500
0 0.506380 0.735648 0.020573 0.016667
0 0.538151 0.742361 0.016406 0.015278
0 0.567448 0.739352 0.018229 0.014815
0 0.563672 0.695370 0.014323 0.012963
0 0.557161 0.653935 0.017969 0.014352
0 0.576432 0.632407 0.016406 0.013889
0 0.597917 0.614815 0.013021 0.012963
1 0.624219 0.748148 0.042708 0.020370
0 0.621224 0.703009 0.018490 0.012500
0 0.615625 0.658796 0.017188 0.015741
0 0.652474 0.685417 0.017448 0.014352
0 0.683073 0.706019 0.017188 0.016667
0 0.705078 0.689120 0.017969 0.014352
0 0.714583 0.666204 0.019271 0.014815
0 0.748437 0.694444 0.019271 0.013889
0 0.761719 0.714583 0.017708 0.012500
0 0.766146 0.671296 0.014583 0.012963
0 0.794010 0.654167 0.014063 0.012963
0 0.828906 0.677083 0.020313 0.014352
0 0.841276 0.659722 0.019010 0.016667
2 0.859375 0.702546 0.017708 0.015278
0 0.849479 0.722917 0.018229 0.015278
0 0.842839 0.755787 0.020573 0.015278
2 0.872396 0.744213 0.018229 0.014352
2 0.912630 0.748148 0.017969 0.016667
1 0.954948 0.633102 0.051042 0.017130
0 0.933854 0.709491 0.018229 0.010648
0 0.945703 0.731481 0.017969 0.014815
0 0.991667 0.775926 0.016667 0.012037
2 0.032943 0.753704 0.019010 0.015741
