0 0.994531 0.510880 0.010937 0.028241
0 0.885938 0.594213 0.013542 0.024537
0 0.900391 0.720833 0.013281 0.031481
0 0.910807 0.744676 0.013281 0.031019
0 0.981510 0.731944 0.013542 0.018519
0 0.959245 0.769676 0.013281 0.026389
2 0.880339 0.822454 0.020052 0.021759
0 0.897135 0.827778 0.018229 0.024074
0 0.874349 0.846296 0.017448 0.018519
2 0.852083 0.862269 0.016146 0.022685
0 0.853385 0.953472 0.015625 0.019907
0 0.873828 0.970139 0.012760 0.014352
0 0.827214 0.897454 0.013802 0.018056
0 0.870443 0.613194 0.012760 0.025463
0 0.879297 0.644444 0.009115 0.018519
0 0.827474 0.549769 0.010677 0.021759
0 0.837760 0.571528 0.014063 0.027315
0 0.790104 0.470139 0.011458 0.025463
0 0.773698 0.488889 0.016146 0.023148
0 0.777865 0.502778 0.016146 0.023148
0 0.784115 0.514815 0.016146 0.023148
0 0.788281 0.526852 0.016146 0.023148
0 0.797396 0.549537 0.016146 0.023148
0 0.803125 0.562500 0.016146 0.023148
0 0.744531 0.528009 0.015104 0.025463
0 0.749219 0.565741 0.016146 0.023148
0 0.775000 0.594907 0.016146 0.023148
0 0.751172 0.606713 0.021094 0.024537
0 0.756120 0.619213 0.017448 0.022685
0 0.764453 0.572454 0.015365 0.024537
0 0.730990 0.646528 0.008854 0.029167
0 0.745443 0.658565 0.009115 0.022685
0 0.985807 0.922222 0.013802 0.027778
0 0.480729 0.009028 0.011458 0.017130
0 0.549479 0.019444 0.017708 0.021296
0 0.520703 0.071296 0.016406 0.021296
0 0.554688 0.044907 0.017708 0.021296
0 0.561198 0.068981 0.017708 0.021296
0 0.568229 0.096296 0.017708 0.021296
0 0.575521 0.125000 0.017708 0.021296
0 0.588542 0.178241 0.017708 0.021296
0 0.592708 0.190741 0.017708 0.021296
0 0.578776 0.136574 0.012760 0.017593
2 0.583854 0.149074 0.017708 0.022222
0 0.503516 0.085648 0.016406 0.021296
0 0.509245 0.113889 0.016406 0.021296
0 0.534245 0.125926 0.016406 0.021296
0 0.526953 0.179167 0.016406 0.021296
0 0.532161 0.206481 0.016406 0.021296
0 0.550911 0.193056 0.012240 0.016667
0 0.539844 0.232639 0.016146 0.018981
0 0.558073 0.218750 0.016146 0.021759
0 0.546354 0.258565 0.016146 0.021759
0 0.549219 0.272917 0.016146 0.021759
0 0.557292 0.302546 0.016146 0.021759
0 0.574479 0.287269 0.016146 0.021759
0 0.570573 0.272454 0.016146 0.021759
0 0.567187 0.258565 0.016146 0.021759
0 0.597656 0.218287 0.016146 0.021759
0 0.560417 0.232176 0.013542 0.015278
0 0.564063 0.244676 0.011458 0.016204
0 0.601823 0.233102 0.013542 0.019907
0 0.604427 0.246528 0.016146 0.021759
0 0.609896 0.257176 0.016146 0.021759
0 0.612760 0.270602 0.016146 0.021759
0 0.616667 0.284491 0.016146 0.021759
0 0.618490 0.297917 0.016146 0.021759
0 0.622396 0.311806 0.016146 0.021759
0 0.568359 0.349537 0.012240 0.013889
0 0.570182 0.364583 0.015885 0.019907
0 0.580078 0.406250 0.015885 0.019907
0 0.584505 0.418750 0.015885 0.019907
0 0.589453 0.432176 0.015885 0.019907
0 0.588932 0.351620 0.015885 0.019907
0 0.591276 0.363657 0.015885 0.019907
0 0.595703 0.382639 0.015885 0.019907
0 0.637370 0.369213 0.016406 0.019907
0 0.425781 0.047917 0.009375 0.021759
0 0.396484 0.072222 0.016406 0.019444
0 0.408854 0.112963 0.017708 0.024074
0 0.413281 0.137037 0.019271 0.022222
0 0.450911 0.129861 0.015365 0.018981
0 0.424089 0.178472 0.019010 0.021759
0 0.429948 0.205787 0.019271 0.019907
0 0.443490 0.262269 0.019271 0.019907
0 0.448698 0.288194 0.019271 0.019907
0 0.484115 0.263657 0.019271 0.019907
0 0.457031 0.315509 0.019271 0.019907
0 0.463802 0.339583 0.019271 0.019907
0 0.470443 0.366667 0.017448 0.019444
0 0.436198 0.231944 0.014583 0.018519
0 0.476953 0.392824 0.014323 0.019907
0 0.505078 0.345602 0.014323 0.019907
0 0.516276 0.391898 0.014323 0.019907
0 0.520182 0.406713 0.014323 0.019907
0 0.526432 0.432639 0.014323 0.019907
0 0.528516 0.445139 0.014323 0.019907
0 0.532422 0.460880 0.014323 0.019907
0 0.540755 0.486343 0.014323 0.019907
0 0.542578 0.499306 0.014323 0.019907
0 0.544922 0.517824 0.014323 0.019907
0 0.499870 0.488194 0.014323 0.019907
0 0.483724 0.419444 0.017448 0.018519
0 0.488411 0.436111 0.017448 0.018519
0 0.509505 0.526620 0.017448 0.023611
0 0.498047 0.473380 0.017448 0.023611
0 0.524870 0.584491 0.017448 0.022685
0 0.367188 0.168056 0.011458 0.028704
0 0.362891 0.204861 0.011719 0.033796
0 0.410677 0.345833 0.011979 0.031481
0 0.364453 0.360880 0.010677 0.031019
0 0.428125 0.464815 0.011979 0.030556
0 0.455990 0.573611 0.011979 0.030556
0 0.477344 0.606019 0.011979 0.030556
0 0.449219 0.706944 0.010937 0.030556
2 0.453906 0.786111 0.013021 0.034259
0 0.494531 0.732176 0.010937 0.030093
0 0.518229 0.784491 0.010937 0.030093
0 0.512240 0.809491 0.010937 0.030093
0 0.557161 0.897222 0.012760 0.036111
0 0.546745 0.911111 0.012760 0.036111
0 0.540625 0.933796 0.011458 0.030556
2 0.566927 0.990741 0.010417 0.018519
1 0.446354 0.972685 0.019271 0.041667
2 0.306250 0.356250 0.021354 0.027315
2 0.270052 0.492593 0.014063 0.036111
2 0.291016 0.460648 0.017448 0.023148
2 0.394271 0.859491 0.016667 0.021759
2 0.298438 0.318750 0.018229 0.015278
0 0.274870 0.377315 0.013802 0.017593
0 0.276432 0.397222 0.016406 0.019444
0 0.281120 0.415278 0.016406 0.019444
0 0.283724 0.432407 0.016406 0.019444
0 0.287630 0.447685 0.016406 0.019444
0 0.293229 0.477083 0.013542 0.013426
0 0.297917 0.489583 0.015625 0.018056
0 0.303125 0.499769 0.015625 0.018056
0 0.304948 0.513194 0.015625 0.018056
0 0.306510 0.527083 0.015625 0.018056
0 0.311589 0.540972 0.020052 0.020833
0 0.316016 0.554630 0.018490 0.016667
0 0.319661 0.569444 0.018490 0.016667
0 0.323047 0.583796 0.018490 0.016667
0 0.328255 0.600000 0.018490 0.016667
0 0.331901 0.615278 0.018490 0.016667
0 0.336979 0.632407 0.018229 0.024074
0 0.343490 0.662037 0.018229 0.024074
0 0.346875 0.673148 0.018229 0.024074
0 0.350781 0.687037 0.018229 0.024074
0 0.354167 0.698611 0.018229 0.024074
0 0.357552 0.713426 0.018229 0.024074
0 0.360938 0.728241 0.018229 0.024074
0 0.366797 0.754167 0.015885 0.022222
0 0.339714 0.648148 0.012760 0.018519
0 0.322917 0.519444 0.009896 0.022222
1 0.327083 0.667361 0.015104 0.044907
1 0.340365 0.717824 0.016146 0.043981
1 0.348047 0.765278 0.011719 0.044444
1 0.338802 0.812963 0.018750 0.043519
0 0.376563 0.798611 0.015625 0.018519
0 0.380078 0.812500 0.015885 0.021296
0 0.385807 0.825926 0.016927 0.018519
0 0.390495 0.840278 0.016927 0.018519
0 0.310937 0.375463 0.015104 0.018519
0 0.316667 0.391204 0.017708 0.017593
0 0.320703 0.407176 0.017448 0.020833
0 0.325391 0.426157 0.017448 0.020833
0 0.327214 0.439120 0.017448 0.020833
0 0.331901 0.454398 0.017448 0.020833
0 0.335547 0.470139 0.017448 0.020833
0 0.338151 0.485880 0.017448 0.020833
0 0.343099 0.500231 0.017448 0.020833
0 0.351953 0.528935 0.017448 0.020833
0 0.348307 0.513194 0.014323 0.016204
0 0.357943 0.543750 0.018490 0.019907
0 0.359505 0.560417 0.018490 0.019907
0 0.368099 0.586806 0.018490 0.019907
0 0.362760 0.573843 0.015625 0.018981
0 0.374870 0.618750 0.018490 0.019907
0 0.377734 0.630324 0.018490 0.019907
0 0.380339 0.646065 0.018490 0.019907
0 0.384245 0.660417 0.018490 0.019907
0 0.370703 0.601389 0.014844 0.016667
0 0.391667 0.677083 0.016146 0.020833
0 0.393750 0.693519 0.018750 0.020370
0 0.396875 0.709259 0.018750 0.020370
0 0.409375 0.754167 0.018750 0.020370
0 0.413542 0.769444 0.018750 0.020370
0 0.416927 0.782407 0.018750 0.020370
0 0.423438 0.816667 0.018750 0.020370
0 0.421094 0.798148 0.015625 0.018519
0 0.404557 0.742130 0.013281 0.015741
0 0.401172 0.724769 0.015885 0.018056
0 0.114844 0.128472 0.015625 0.016204
2 0.073568 0.160648 0.019010 0.020370
2 0.145703 0.120602 0.015365 0.021759
0 0.262370 0.199306 0.015885 0.025463
2 0.016536 0.863194 0.024219 0.024537
0 0.188281 0.983565 0.013542 0.018981
0 0.203125 0.971759 0.015104 0.017593
0 0.234115 0.916898 0.014063 0.026389
0 0.265365 0.972454 0.014063 0.027315
0 0.133333 0.336111 0.014063 0.025000
0 0.140234 0.324074 0.013281 0.028704
0 0.158854 0.349306 0.016146 0.020833
0 0.161719 0.390278 0.009375 0.019444
0 0.201432 0.362963 0.008594 0.025000
0 0.210677 0.357639 0.009375 0.020833
0 0.177865 0.282407 0.013542 0.026852
0 0.183594 0.273380 0.010417 0.021759
0 0.205208 0.272685 0.016667 0.020370
0 0.211458 0.283102 0.016667 0.019907
2 0.160286 0.300463 0.022135 0.038889
2 0.167708 0.288889 0.017708 0.030556
0 0.975651 0.587963 0.013281 0.025000
