0 0.028125 0.589352 0.016146 0.014815
0 0.046094 0.596991 0.014583 0.019907
0 0.008724 0.577083 0.016927 0.019907
0 0.166276 0.889120 0.010677 0.033796
0 0.177865 0.878935 0.009896 0.034722
0 0.669661 0.906019 0.007031 0.027778
0 0.707812 0.809259 0.015625 0.014815
0 0.943620 0.966435 0.019531 0.018981
0 0.823958 0.964120 0.016667 0.014352
0 0.805078 0.971759 0.018490 0.017593
0 0.788542 0.943750 0.008333 0.025463
0 0.784115 0.912963 0.009375 0.029630
0 0.780729 0.884491 0.010937 0.026389
0 0.763411 0.784491 0.010677 0.027315
0 0.743620 0.795139 0.017969 0.017130
0 0.744661 0.809954 0.017969 0.013426
0 0.747656 0.824306 0.015625 0.016204
0 0.748828 0.836574 0.013281 0.014815
0 0.752344 0.864583 0.018750 0.015278
0 0.755469 0.880324 0.017708 0.016204
0 0.703125 0.847454 0.015625 0.015278
0 0.715755 0.862037 0.016406 0.018519
0 0.720443 0.893981 0.018490 0.019444
0 0.696615 0.885185 0.019792 0.015741
0 0.699870 0.900000 0.016927 0.016667
2 0.643229 0.349769 0.019792 0.011574
0 0.642188 0.334954 0.011979 0.008796
0 0.603125 0.366435 0.011979 0.011574
0 0.604427 0.409259 0.012500 0.010185
0 0.604036 0.423611 0.012240 0.008333
0 0.585938 0.424769 0.015625 0.009722
0 0.585417 0.439815 0.015104 0.010185
0 0.586198 0.612269 0.017188 0.012500
0 0.585156 0.595602 0.017188 0.012500
0 0.583594 0.582176 0.017188 0.012500
0 0.602604 0.571991 0.017188 0.012500
0 0.603385 0.552546 0.017188 0.012500
0 0.603385 0.537269 0.017188 0.012500
0 0.583333 0.538194 0.017188 0.012500
0 0.644010 0.589583 0.017188 0.012500
0 0.642708 0.525694 0.017188 0.012500
0 0.585026 0.523148 0.013281 0.009259
0 0.643229 0.510417 0.017188 0.012500
0 0.643229 0.495602 0.017188 0.012500
0 0.642969 0.481250 0.017188 0.012500
0 0.644010 0.466898 0.017188 0.012500
0 0.642708 0.452083 0.017188 0.012500
0 0.641146 0.421991 0.017188 0.012500
0 0.641667 0.393750 0.017188 0.012500
0 0.641927 0.377083 0.017188 0.012500
0 0.604427 0.394213 0.017188 0.012500
0 0.585156 0.395602 0.017188 0.012500
0 0.584635 0.336806 0.017188 0.012500
0 0.584896 0.365509 0.017188 0.012500
0 0.585417 0.471528 0.017188 0.012500
0 0.604948 0.452546 0.017188 0.012500
0 0.603646 0.468287 0.017188 0.012500
0 0.603906 0.438657 0.017188 0.012500
0 0.642188 0.436574 0.016146 0.012963
0 0.603125 0.293056 0.016146 0.012037
0 0.584375 0.235185 0.016146 0.012037
0 0.602865 0.234722 0.016146 0.012037
0 0.641406 0.201157 0.019792 0.014352
0 0.582943 0.264352 0.016406 0.013889
0 0.640885 0.232176 0.017708 0.012500
0 0.641927 0.260417 0.017708 0.012500
0 0.641406 0.290509 0.017708 0.012500
0 0.641667 0.320139 0.017708 0.012500
0 0.532422 0.752778 0.011198 0.013889
0 0.497266 0.748843 0.019531 0.015278
0 0.493490 0.707870 0.018750 0.013889
0 0.492057 0.644676 0.017448 0.012500
0 0.492578 0.584491 0.017448 0.012500
0 0.491536 0.527546 0.017448 0.012500
0 0.490755 0.543287 0.017448 0.012500
0 0.491667 0.599769 0.012500 0.009722
0 0.527474 0.660648 0.014844 0.012963
0 0.527734 0.643981 0.014844 0.012963
0 0.528255 0.599537 0.014844 0.012963
0 0.528255 0.585185 0.014844 0.012963
0 0.527995 0.569907 0.014844 0.012963
0 0.528255 0.541204 0.014844 0.012963
0 0.528255 0.525926 0.014844 0.012963
0 0.529167 0.627315 0.014063 0.012037
0 0.491016 0.499769 0.015885 0.014352
0 0.528125 0.474769 0.011979 0.011574
0 0.526823 0.386574 0.015625 0.012963
0 0.490365 0.440278 0.017188 0.012037
0 0.490755 0.469676 0.016406 0.012500
0 0.489714 0.412037 0.017969 0.012963
0 0.488021 0.382870 0.017188 0.012037
0 0.489453 0.353241 0.016927 0.011111
0 0.488932 0.322685 0.014844 0.009259
0 0.488281 0.293056 0.018229 0.016667
0 0.489063 0.264583 0.016146 0.011574
0 0.525000 0.237731 0.015104 0.013426
0 0.489193 0.220370 0.017969 0.012963
0 0.489844 0.192130 0.018229 0.013889
0 0.487891 0.147685 0.017448 0.012037
0 0.520703 0.144444 0.005990 0.023148
0 0.529036 0.142593 0.003906 0.029630
0 0.580208 0.140741 0.006771 0.031481
0 0.597135 0.137963 0.006771 0.031481
0 0.613802 0.137963 0.006771 0.031481
0 0.638542 0.137500 0.006771 0.031481
0 0.391797 0.116204 0.007031 0.035185
0 0.425651 0.161574 0.005990 0.031481
0 0.437760 0.156250 0.006250 0.029167
0 0.403776 0.192593 0.006510 0.034259
0 0.383333 0.451620 0.007812 0.031944
0 0.368880 0.272454 0.007552 0.012500
2 0.405208 0.354398 0.007812 0.033796
0 0.405729 0.451620 0.008854 0.029167
0 0.417448 0.486111 0.006771 0.035185
0 0.407552 0.519676 0.008333 0.031019
0 0.396094 0.615509 0.006771 0.029167
0 0.385547 0.655787 0.008073 0.029167
0 0.410677 0.644213 0.006771 0.031019
0 0.431771 0.645139 0.006250 0.029167
2 0.445312 0.618750 0.006250 0.034722
0 0.444141 0.788194 0.006510 0.031944
0 0.407161 0.794444 0.007031 0.030556
0 0.383333 0.856713 0.007812 0.031019
0 0.433464 0.898380 0.007031 0.031944
2 0.397396 0.900231 0.006771 0.031019
2 0.408724 0.956944 0.007552 0.033333
0 0.470833 0.764583 0.012500 0.022685
0 0.410286 0.279861 0.007031 0.010648
0 0.335677 0.170833 0.016667 0.012037
2 0.246875 0.013657 0.014063 0.025463
0 0.041016 0.032870 0.016927 0.012963
0 0.037760 0.016435 0.017188 0.014352
2 0.034896 0.241667 0.011458 0.031481
2 0.277344 0.447917 0.009375 0.035648
2 0.304557 0.432407 0.017448 0.012037
2 0.341927 0.347917 0.022917 0.017130
1 0.291276 0.646296 0.009635 0.046296
1 0.293099 0.703241 0.010156 0.044444
1 0.288672 0.752083 0.016406 0.046759
1 0.269922 0.790509 0.023177 0.029167
2 0.311849 0.872454 0.017969 0.016204
0 0.185547 0.203935 0.011198 0.028241
0 0.194401 0.197917 0.010156 0.032870
0 0.185807 0.290046 0.013281 0.013426
0 0.198828 0.280556 0.007552 0.028704
0 0.242578 0.277315 0.007552 0.024074
0 0.251172 0.280324 0.008073 0.021759
0 0.266667 0.197685 0.017188 0.019444
0 0.269531 0.212269 0.016146 0.017130
0 0.246615 0.182870 0.008333 0.020370
0 0.238672 0.184954 0.010156 0.031019
2 0.217708 0.190972 0.014583 0.043056
2 0.227474 0.184491 0.013802 0.040278
0 0.340755 0.366898 0.016927 0.012500
0 0.343099 0.384954 0.016927 0.012500
0 0.342578 0.400694 0.016927 0.012500
0 0.342839 0.420139 0.016927 0.012500
0 0.342057 0.438194 0.016927 0.012500
0 0.343620 0.454861 0.016927 0.012500
0 0.342578 0.471065 0.016927 0.012500
0 0.343099 0.484491 0.016927 0.012500
0 0.343359 0.503935 0.016927 0.012500
0 0.343880 0.520139 0.016927 0.012500
0 0.345964 0.537269 0.016927 0.012500
0 0.346745 0.553472 0.016927 0.012500
0 0.345703 0.570602 0.016927 0.012500
0 0.345703 0.585880 0.016927 0.012500
0 0.347526 0.601620 0.016927 0.012500
0 0.307682 0.587269 0.016927 0.012500
0 0.307161 0.569213 0.016927 0.012500
0 0.306641 0.552083 0.016927 0.012500
0 0.306641 0.535417 0.016927 0.012500
0 0.306380 0.520602 0.016927 0.012500
0 0.304557 0.490046 0.016927 0.012500
0 0.304557 0.462269 0.016927 0.012500
0 0.303776 0.415972 0.016927 0.012500
0 0.303776 0.399306 0.016927 0.012500
0 0.304818 0.381019 0.015365 0.011111
0 0.307422 0.343056 0.012760 0.010185
0 0.305339 0.361806 0.015885 0.013426
0 0.305990 0.476389 0.014063 0.012037
0 0.301953 0.448611 0.012760 0.010185
0 0.320703 0.508796 0.006510 0.022222
0 0.304297 0.505324 0.013802 0.011574
0 0.307552 0.602315 0.019271 0.012963
0 0.308073 0.621991 0.017708 0.014352
0 0.308073 0.652778 0.019271 0.012963
0 0.308464 0.666435 0.016927 0.012500
0 0.309375 0.683102 0.018750 0.015278
0 0.309375 0.697917 0.018750 0.015278
0 0.347135 0.716435 0.018750 0.015278
0 0.347917 0.734491 0.018750 0.015278
0 0.348958 0.786343 0.018750 0.015278
0 0.348698 0.801620 0.018750 0.015278
0 0.308203 0.804398 0.016927 0.013426
0 0.310937 0.755787 0.016146 0.013426
0 0.346875 0.751852 0.015625 0.011111
0 0.348047 0.769676 0.013802 0.009722
0 0.310547 0.729861 0.017969 0.013426
0 0.309766 0.712963 0.016927 0.011111
0 0.348958 0.701389 0.014583 0.010185
0 0.346745 0.679398 0.016927 0.014352
0 0.346615 0.664352 0.018229 0.011111
0 0.347396 0.649769 0.017708 0.011574
0 0.347266 0.634259 0.018490 0.011111
0 0.346875 0.617593 0.016146 0.012963
0 0.307812 0.637731 0.013021 0.010648
0 0.349870 0.819444 0.016406 0.013889
0 0.349089 0.835880 0.012760 0.011574
0 0.348047 0.853009 0.017448 0.013426
0 0.310286 0.819213 0.016927 0.011574
0 0.311458 0.835648 0.017188 0.010185
0 0.312240 0.853704 0.017188 0.012037
