0 0.994531 0.756019 0.010937 0.021296
0 0.879297 0.752315 0.015885 0.020370
0 0.858724 0.795833 0.013802 0.013889
0 0.864062 0.877778 0.009375 0.030556
0 0.867708 0.908102 0.010417 0.031019
0 0.934896 0.946296 0.012500 0.013889
0 0.907682 0.967593 0.016927 0.016667
0 0.836979 0.975694 0.019792 0.015278
0 0.814323 0.978009 0.016146 0.016204
2 0.789062 0.980324 0.017708 0.013426
2 0.739583 0.849074 0.007812 0.033333
0 0.961198 0.807639 0.015625 0.017130
0 0.864453 0.758796 0.009635 0.012963
0 0.835156 0.671991 0.007812 0.024537
0 0.763021 0.595602 0.015104 0.015278
0 0.798698 0.579398 0.017188 0.017130
0 0.816667 0.571991 0.009896 0.028241
0 0.799740 0.594907 0.018229 0.014815
0 0.802995 0.609259 0.017969 0.015741
0 0.804167 0.623148 0.015625 0.015741
0 0.807552 0.650231 0.019792 0.016204
0 0.810417 0.666898 0.018229 0.016204
0 0.759245 0.634028 0.017448 0.014352
0 0.771615 0.646991 0.013542 0.013426
0 0.775651 0.679167 0.016406 0.015741
0 0.751563 0.671296 0.020313 0.013889
0 0.753906 0.687500 0.019792 0.012963
0 0.724089 0.692824 0.005469 0.029167
0 0.642578 0.538426 0.017969 0.012037
0 0.657161 0.020370 0.016406 0.013889
0 0.637630 0.020370 0.016406 0.013889
0 0.636849 0.048611 0.016406 0.013889
0 0.656901 0.077778 0.016406 0.013889
0 0.638672 0.121759 0.016406 0.013889
0 0.637630 0.152778 0.016406 0.013889
0 0.639714 0.181019 0.016406 0.013889
0 0.657682 0.179167 0.016406 0.013889
0 0.638411 0.208796 0.016406 0.013889
0 0.638932 0.225000 0.016406 0.013889
0 0.657422 0.223148 0.016406 0.013889
0 0.657422 0.237037 0.016406 0.013889
0 0.658203 0.254167 0.016406 0.013889
0 0.639193 0.256481 0.016406 0.013889
0 0.695703 0.311574 0.016406 0.013889
0 0.696484 0.294907 0.016406 0.013889
0 0.696745 0.281019 0.016406 0.013889
0 0.697266 0.266667 0.016406 0.013889
0 0.697266 0.253704 0.016406 0.013889
0 0.696484 0.237963 0.016406 0.013889
0 0.696224 0.223611 0.016406 0.013889
0 0.696875 0.207407 0.019271 0.014815
0 0.696875 0.179861 0.017188 0.013426
0 0.695573 0.163657 0.017188 0.013426
0 0.695833 0.105324 0.017188 0.013426
0 0.695052 0.073843 0.017188 0.013426
0 0.694531 0.045139 0.017188 0.013426
0 0.694531 0.016898 0.017188 0.013426
0 0.695964 0.119676 0.013281 0.010648
2 0.697656 0.134259 0.019271 0.012963
0 0.658073 0.151389 0.011979 0.012037
0 0.657943 0.193287 0.013281 0.010648
0 0.657943 0.209259 0.011719 0.010185
0 0.638411 0.308796 0.013281 0.008333
0 0.636719 0.324074 0.016146 0.011111
0 0.657161 0.323611 0.017448 0.012037
0 0.657161 0.339583 0.015885 0.011574
0 0.657682 0.357639 0.016406 0.010648
0 0.638151 0.368056 0.016927 0.012037
0 0.638281 0.382870 0.015625 0.012037
0 0.639714 0.397685 0.017448 0.012037
0 0.698958 0.376852 0.017708 0.013889
0 0.760807 0.993287 0.015885 0.013426
0 0.542708 0.006713 0.018750 0.012500
0 0.579557 0.023380 0.016927 0.013426
0 0.542448 0.050463 0.017708 0.012963
0 0.543359 0.079398 0.017969 0.013426
0 0.542839 0.109954 0.014323 0.013426
0 0.543099 0.139352 0.017448 0.014815
0 0.542318 0.168981 0.017448 0.014815
0 0.580339 0.171759 0.017448 0.014815
0 0.543620 0.197685 0.017448 0.014815
0 0.544141 0.225926 0.017448 0.014815
0 0.582422 0.312037 0.017448 0.014815
0 0.544141 0.256944 0.015365 0.012037
0 0.545312 0.286343 0.016146 0.012500
0 0.545573 0.313889 0.017188 0.012037
0 0.582812 0.327546 0.016146 0.012500
0 0.583594 0.358102 0.016146 0.012500
0 0.582812 0.371528 0.016146 0.012500
0 0.581771 0.385417 0.016146 0.012500
0 0.545573 0.371528 0.016146 0.012500
0 0.543750 0.329861 0.016146 0.012500
0 0.545182 0.387269 0.012760 0.009722
0 0.582682 0.414120 0.013281 0.010648
0 0.582552 0.429861 0.018229 0.012500
0 0.582161 0.446759 0.016927 0.012963
0 0.546224 0.432176 0.015885 0.011574
0 0.547135 0.494907 0.017708 0.012963
0 0.553776 0.539120 0.014844 0.014352
0 0.304818 0.065509 0.008594 0.020833
0 0.323307 0.004167 0.016406 0.007407
0 0.481771 0.019907 0.007812 0.028704
0 0.432161 0.112037 0.008594 0.030556
0 0.449870 0.197454 0.007552 0.031944
0 0.467839 0.257407 0.008073 0.029630
0 0.495182 0.252778 0.008073 0.034259
0 0.485417 0.311574 0.008333 0.032407
0 0.497005 0.451157 0.009115 0.032870
0 0.486068 0.480324 0.007552 0.031019
0 0.472656 0.501157 0.008854 0.030093
2 0.460807 0.403472 0.008594 0.034722
0 0.462370 0.327778 0.007031 0.029630
0 0.439453 0.562500 0.007552 0.030556
0 0.462630 0.559954 0.007031 0.031944
0 0.473828 0.624306 0.008594 0.031019
0 0.438021 0.718750 0.007812 0.030093
0 0.451562 0.740046 0.007812 0.030093
0 0.464062 0.765046 0.007812 0.030093
0 0.451823 0.890046 0.007812 0.030093
0 0.497917 0.939120 0.007812 0.030093
1 0.410156 0.796991 0.010417 0.031019
1 0.410547 0.859722 0.006510 0.031481
1 0.383333 0.847222 0.011458 0.031481
1 0.389583 0.801389 0.010417 0.045370
0 0.349479 0.971296 0.015104 0.016667
0 0.369922 0.964120 0.016927 0.016204
0 0.389583 0.959954 0.016146 0.016204
0 0.582031 0.259954 0.011979 0.013426
2 0.396224 0.092361 0.018490 0.010648
0 0.205729 0.606019 0.009896 0.031481
0 0.219141 0.673611 0.010156 0.020370
0 0.196875 0.564120 0.011458 0.025463
0 0.139323 0.587731 0.009375 0.028241
0 0.154167 0.582407 0.010417 0.032407
0 0.170313 0.577546 0.010417 0.033796
0 0.179297 0.577083 0.008073 0.034722
0 0.147396 0.638194 0.013021 0.012500
0 0.163802 0.634259 0.016667 0.013889
0 0.062370 0.370370 0.016406 0.017593
0 0.091927 0.440972 0.016146 0.018056
2 0.014323 0.404398 0.024479 0.016204
0 0.016146 0.346296 0.009375 0.033333
0 0.029948 0.347917 0.008333 0.030093
0 0.044010 0.356713 0.006771 0.028241
2 0.331380 0.236806 0.009115 0.032870
0 0.260286 0.603472 0.014844 0.011574
1 0.323698 0.577546 0.022917 0.028241
1 0.343359 0.540509 0.012760 0.043981
1 0.347135 0.490741 0.007812 0.042593
1 0.345313 0.433102 0.008854 0.044907
0 0.361198 0.130556 0.013542 0.012037
2 0.395182 0.133565 0.022135 0.015278
0 0.394661 0.153704 0.017448 0.014815
0 0.397005 0.173148 0.017448 0.014815
0 0.396224 0.189815 0.017448 0.014815
0 0.396745 0.205556 0.017448 0.014815
0 0.395182 0.223611 0.017448 0.014815
0 0.397786 0.239352 0.017448 0.014815
0 0.397266 0.256944 0.017448 0.014815
0 0.397005 0.271296 0.017448 0.014815
0 0.397786 0.289352 0.017448 0.014815
0 0.398568 0.306019 0.017448 0.014815
0 0.400130 0.323611 0.017448 0.014815
0 0.400651 0.340278 0.017448 0.014815
0 0.400130 0.359722 0.017448 0.014815
0 0.401432 0.372685 0.017448 0.014815
0 0.401172 0.388889 0.017448 0.014815
0 0.362109 0.375000 0.017448 0.014815
0 0.362891 0.390278 0.017448 0.014815
0 0.361068 0.339352 0.017448 0.014815
0 0.359766 0.323611 0.017448 0.014815
0 0.359766 0.306019 0.017448 0.014815
0 0.358724 0.277315 0.017448 0.014815
0 0.358724 0.249537 0.017448 0.014815
0 0.357422 0.205556 0.017448 0.014815
0 0.357161 0.187037 0.017448 0.014815
0 0.359245 0.149537 0.014323 0.012037
0 0.357812 0.168750 0.018750 0.015278
2 0.357943 0.219907 0.018490 0.012963
0 0.355859 0.235417 0.012760 0.011574
0 0.360156 0.263426 0.013021 0.010185
0 0.374609 0.296065 0.007031 0.022685
0 0.357943 0.291898 0.013281 0.010648
0 0.360547 0.357639 0.014844 0.012500
0 0.361719 0.410185 0.018750 0.012963
0 0.401042 0.404630 0.016146 0.012963
0 0.400781 0.422222 0.018750 0.013889
0 0.401302 0.437963 0.018750 0.013889
0 0.399740 0.450463 0.018750 0.013889
0 0.399870 0.468287 0.016927 0.013426
0 0.362240 0.470370 0.018750 0.013889
0 0.361719 0.455556 0.018750 0.013889
0 0.362500 0.438889 0.018750 0.013889
0 0.363542 0.486574 0.018750 0.013889
0 0.401042 0.505556 0.018750 0.013889
0 0.401302 0.523148 0.018750 0.013889
0 0.363542 0.517593 0.016667 0.012963
0 0.363802 0.500926 0.016667 0.013889
0 0.361979 0.426389 0.013542 0.009259
0 0.401953 0.540509 0.015885 0.012500
0 0.364063 0.543981 0.015625 0.012963
0 0.401562 0.556944 0.014063 0.012037
0 0.402734 0.574537 0.016406 0.012963
0 0.402734 0.590741 0.016406 0.012963
0 0.404036 0.605556 0.016406 0.012963
0 0.401432 0.641204 0.016406 0.012963
0 0.366536 0.641667 0.016406 0.012963
0 0.365495 0.625000 0.016406 0.012963
0 0.364453 0.607870 0.016406 0.012963
0 0.362630 0.594444 0.016406 0.012963
0 0.403125 0.624537 0.013021 0.011111
2 0.366406 0.661111 0.018229 0.013889
0 0.402995 0.489352 0.015365 0.014815
