0 0.855208 0.123611 0.018229 0.013889
0 0.872656 0.134259 0.007292 0.032407
0 0.854036 0.139583 0.019531 0.015278
0 0.855729 0.154167 0.018229 0.013889
0 0.855469 0.168519 0.015104 0.012963
0 0.854427 0.197222 0.016667 0.013889
0 0.858203 0.213657 0.011198 0.011574
0 0.818099 0.125463 0.015365 0.014815
0 0.809505 0.164120 0.017448 0.014352
0 0.818880 0.182639 0.015885 0.013426
0 0.820443 0.211343 0.017448 0.010648
0 0.796875 0.197917 0.021875 0.016204
0 0.767578 0.210185 0.010156 0.030556
2 0.761068 0.278009 0.010156 0.031019
0 0.797135 0.215509 0.019792 0.017130
0 0.876563 0.311806 0.008333 0.017130
0 0.744531 0.417130 0.008333 0.030556
0 0.763411 0.522685 0.014844 0.019444
2 0.792448 0.518750 0.018229 0.017130
0 0.817969 0.531481 0.018229 0.017593
0 0.878516 0.455787 0.007552 0.029167
0 0.879297 0.485880 0.008594 0.031019
0 0.900781 0.417824 0.016667 0.013426
0 0.886068 0.368750 0.014844 0.013426
0 0.888672 0.335880 0.018490 0.012500
0 0.909505 0.332176 0.019531 0.012500
0 0.840495 0.539120 0.016406 0.017130
0 0.910417 0.557407 0.016146 0.013889
0 0.939063 0.548380 0.014063 0.012500
0 0.776823 0.623380 0.013542 0.012500
0 0.764453 0.590509 0.016927 0.014352
0 0.982682 0.650926 0.005990 0.018519
0 0.954557 0.748611 0.013802 0.013889
0 0.955469 0.762963 0.015625 0.016667
0 0.897526 0.750463 0.013802 0.011111
0 0.903646 0.772454 0.019792 0.016204
0 0.961198 0.412037 0.017188 0.013889
0 0.881120 0.710417 0.007552 0.029167
0 0.876302 0.822222 0.007812 0.027778
0 0.880339 0.870370 0.008073 0.029630
0 0.864974 0.891435 0.018490 0.016204
0 0.883073 0.921759 0.007812 0.026852
0 0.913021 0.937269 0.011979 0.014352
0 0.897396 0.992361 0.007812 0.015278
0 0.744661 0.802546 0.012240 0.018981
0 0.753646 0.806250 0.009375 0.018056
0 0.767969 0.817593 0.014063 0.016667
0 0.780469 0.825000 0.014063 0.016667
0 0.807292 0.831944 0.011979 0.015741
0 0.818620 0.837037 0.015885 0.024074
0 0.829297 0.842593 0.011719 0.018519
0 0.796484 0.867361 0.016927 0.015278
0 0.772526 0.858333 0.019531 0.018519
0 0.817187 0.876389 0.017708 0.013889
0 0.755729 0.038657 0.017188 0.015278
2 0.436198 0.956019 0.020833 0.065741
0 0.016146 0.809722 0.015625 0.023148
0 0.007552 0.848380 0.014583 0.022685
0 0.021484 0.871991 0.016927 0.023611
0 0.287370 0.197222 0.009635 0.031481
0 0.295964 0.241435 0.007031 0.032870
0 0.315495 0.217593 0.007031 0.026852
0 0.296224 0.297454 0.006510 0.020833
0 0.326172 0.341898 0.010156 0.034722
0 0.340104 0.392361 0.008854 0.031019
0 0.329297 0.465741 0.008073 0.032407
0 0.310937 0.539352 0.006771 0.026852
0 0.333464 0.548148 0.008594 0.030556
0 0.343490 0.675000 0.008854 0.032407
2 0.231380 0.132870 0.028906 0.026852
0 0.354948 0.299074 0.017188 0.013889
0 0.366667 0.335648 0.016146 0.012963
0 0.386589 0.337731 0.017969 0.012500
0 0.405990 0.338426 0.016146 0.012963
0 0.426302 0.018287 0.019792 0.015278
0 0.426432 0.003935 0.013802 0.006944
0 0.461849 0.013889 0.012240 0.012037
2 0.422005 0.034954 0.017969 0.012500
1 0.426693 0.183102 0.011198 0.049537
0 0.416146 0.241204 0.008333 0.032407
0 0.440755 0.249537 0.010156 0.033333
0 0.559896 0.115741 0.009896 0.028704
0 0.518880 0.125926 0.009115 0.024074
0 0.502604 0.137037 0.012500 0.031481
0 0.487630 0.214120 0.009635 0.033796
0 0.489583 0.299074 0.009375 0.030556
2 0.474089 0.407407 0.009115 0.034259
0 0.498177 0.478241 0.009375 0.033333
2 0.485807 0.493287 0.009635 0.031944
0 0.438802 0.497454 0.009896 0.028241
0 0.459375 0.513657 0.009375 0.028241
0 0.465365 0.557639 0.009896 0.029167
2 0.484115 0.610185 0.009896 0.035185
0 0.447917 0.613194 0.011458 0.031944
0 0.425391 0.606944 0.009635 0.030556
0 0.406250 0.667593 0.009896 0.029630
0 0.433073 0.710417 0.011458 0.032870
0 0.456120 0.731944 0.011719 0.030556
0 0.406771 0.747917 0.010937 0.031019
2 0.423568 0.783796 0.010677 0.034259
2 0.405859 0.831481 0.010677 0.030556
2 0.383724 0.810417 0.010677 0.035648
0 0.347917 0.771759 0.007812 0.030556
0 0.352865 0.861111 0.007812 0.030556
0 0.338281 0.907870 0.007812 0.030556
0 0.352865 0.951852 0.007812 0.030556
0 0.371224 0.983102 0.009115 0.031944
0 0.383203 0.987731 0.009635 0.024537
0 0.398307 0.960880 0.009635 0.029167
0 0.388411 0.950463 0.010677 0.030556
0 0.379818 0.941667 0.010677 0.030556
0 0.395443 0.903704 0.010677 0.030556
0 0.404818 0.908796 0.009635 0.028704
0 0.393099 0.845833 0.010677 0.030556
0 0.377214 0.857870 0.010677 0.030556
0 0.416667 0.827083 0.009896 0.028241
0 0.438411 0.859722 0.010677 0.030556
2 0.411458 0.870602 0.011458 0.033796
