0 0.459245 0.213426 0.015365 0.026852
0 0.477214 0.241204 0.015365 0.026852
0 0.493359 0.271296 0.015365 0.026852
0 0.510286 0.302315 0.015365 0.026852
0 0.528516 0.327315 0.015365 0.026852
0 0.546745 0.358796 0.015365 0.026852
0 0.199349 0.011806 0.019010 0.018981
0 0.198047 0.042130 0.015885 0.025000
0 0.208073 0.082870 0.015625 0.025926
0 0.253125 0.093519 0.015625 0.025926
0 0.264583 0.082870 0.015625 0.025926
0 0.290625 0.151389 0.015625 0.025926
0 0.312240 0.185185 0.015625 0.025926
0 0.312760 0.240741 0.015625 0.025926
0 0.337240 0.225463 0.015625 0.025926
0 0.359375 0.236111 0.015625 0.025926
0 0.377083 0.269907 0.015625 0.025926
0 0.397656 0.309722 0.015625 0.025926
0 0.416927 0.345833 0.015625 0.025926
0 0.432552 0.377778 0.015625 0.025926
0 0.359375 0.265741 0.013021 0.025000
0 0.377604 0.296759 0.014063 0.028704
0 0.383333 0.339352 0.014063 0.028704
0 0.379688 0.359259 0.014063 0.028704
0 0.396094 0.388426 0.014063 0.028704
0 0.403125 0.375000 0.014063 0.028704
0 0.417187 0.429630 0.014063 0.028704
0 0.438281 0.442593 0.014063 0.028704
0 0.435417 0.466204 0.014063 0.028704
0 0.432031 0.489352 0.014063 0.028704
0 0.360286 0.296065 0.012240 0.023611
0 0.365365 0.332407 0.013021 0.025000
2 0.396875 0.335648 0.014583 0.026852
0 0.413281 0.370139 0.014063 0.026389
2 0.419922 0.406713 0.014323 0.030093
0 0.430208 0.396759 0.014583 0.025926
2 0.457813 0.449537 0.015104 0.029630
2 0.454818 0.474074 0.016406 0.028704
0 0.451042 0.521759 0.015625 0.025000
0 0.456120 0.501852 0.013281 0.025926
0 0.472656 0.509954 0.011979 0.026389
0 0.473438 0.482639 0.014063 0.025463
0 0.490495 0.514815 0.013802 0.027778
0 0.489714 0.540046 0.013802 0.027315
0 0.482031 0.553935 0.014583 0.026389
0 0.092448 0.437731 0.015104 0.026389
0 0.115755 0.469907 0.013281 0.024074
0 0.102344 0.486806 0.014063 0.023611
0 0.070964 0.765509 0.017448 0.016204
0 0.059115 0.803935 0.017708 0.016204
0 0.109375 0.805093 0.017188 0.014815
0 0.123698 0.751852 0.017708 0.013889
0 0.243229 0.735880 0.016146 0.021759
0 0.267057 0.702315 0.017448 0.013889
0 0.291797 0.720833 0.017448 0.013889
0 0.316797 0.732407 0.017448 0.013889
0 0.338411 0.710185 0.017448 0.013889
0 0.320182 0.689352 0.017448 0.013889
0 0.329297 0.749074 0.019010 0.017593
0 0.297266 0.737269 0.014844 0.013426
1 0.304036 0.755093 0.026302 0.018519
2 0.353385 0.724769 0.022396 0.017130
0 0.362630 0.705093 0.014844 0.013889
2 0.354167 0.743287 0.020313 0.018056
0 0.375781 0.740278 0.018229 0.012963
0 0.358464 0.683565 0.011198 0.013426
0 0.281250 0.924306 0.016146 0.027315
0 0.415885 0.668287 0.016146 0.013426
0 0.451953 0.684491 0.016406 0.015278
0 0.436719 0.708333 0.016146 0.012963
0 0.464844 0.700231 0.015625 0.015278
2 0.467839 0.716435 0.017448 0.014352
0 0.446094 0.723148 0.011458 0.012963
0 0.540625 0.637731 0.014063 0.014352
0 0.483984 0.655093 0.017448 0.014815
0 0.599089 0.621991 0.016927 0.015278
0 0.641797 0.609028 0.016927 0.015278
0 0.670833 0.598843 0.014063 0.011574
0 0.626172 0.662963 0.016406 0.025926
0 0.658854 0.681481 0.007812 0.032407
2 0.715104 0.589120 0.020313 0.016204
0 0.773047 0.574537 0.013281 0.012037
0 0.769922 0.610185 0.011198 0.012037
0 0.816146 0.563889 0.016667 0.013889
0 0.884245 0.545139 0.019010 0.013426
2 0.868229 0.615972 0.019792 0.013426
1 0.857031 0.643981 0.026562 0.016667
0 0.952474 0.530093 0.016927 0.014815
0 0.967448 0.588194 0.019792 0.013426
0 0.975911 0.480787 0.017448 0.010648
0 0.994531 0.479630 0.010937 0.012963
0 0.619661 0.087037 0.014844 0.026852
2 0.635026 0.110648 0.015885 0.025926
0 0.688802 0.029167 0.016667 0.030556
0 0.743099 0.120139 0.017969 0.030093
0 0.696224 0.751852 0.013802 0.028704
0 0.731641 0.827778 0.014844 0.028704
0 0.755078 0.871296 0.015365 0.025000
0 0.742839 0.894676 0.008594 0.037500
0 0.753776 0.949769 0.011719 0.032870
0 0.641146 0.802315 0.010937 0.025000
0 0.654557 0.803704 0.011198 0.027778
0 0.667057 0.799306 0.011198 0.025463
2 0.685417 0.766898 0.013542 0.030093
0 0.623177 0.853009 0.010417 0.021759
0 0.669531 0.916435 0.010417 0.027315
0 0.685937 0.886343 0.009375 0.021759
0 0.698307 0.880787 0.011198 0.028241
0 0.707943 0.868287 0.013281 0.029167
0 0.710547 0.917361 0.012240 0.031019
0 0.723307 0.912269 0.012240 0.031019
0 0.687370 0.925694 0.012240 0.031019
0 0.700130 0.922917 0.012240 0.031019
0 0.716536 0.965046 0.012240 0.027315
0 0.725130 0.956944 0.013281 0.030556
0 0.733984 0.943519 0.011198 0.026852
2 0.726432 0.991667 0.009635 0.016667
0 0.739323 0.989815 0.009375 0.019444
0 0.753516 0.992824 0.009115 0.014352
