0 0.080990 0.388426 0.010937 0.033333
0 0.071094 0.367824 0.008333 0.029167
0 0.070573 0.334491 0.008333 0.029167
0 0.071615 0.300694 0.008333 0.029167
0 0.073177 0.240972 0.008333 0.029167
0 0.075521 0.165509 0.008333 0.029167
0 0.076563 0.129861 0.008333 0.029167
0 0.079297 0.021065 0.008073 0.030093
0 0.037370 0.242824 0.013281 0.011574
0 0.039453 0.226852 0.014844 0.011111
0 0.039323 0.210648 0.015625 0.011111
0 0.041016 0.196065 0.015365 0.012500
0 0.039844 0.180787 0.017188 0.011574
0 0.041146 0.162963 0.016667 0.012037
0 0.040625 0.147917 0.015625 0.010648
0 0.044010 0.043981 0.016146 0.011111
0 0.009766 0.046296 0.016927 0.025000
0 0.008594 0.071759 0.016667 0.025000
0 0.008594 0.094907 0.016667 0.025000
0 0.008594 0.133333 0.016667 0.025000
0 0.006120 0.219907 0.011719 0.025926
0 0.006771 0.276157 0.013021 0.023611
0 0.041016 0.105093 0.017448 0.012037
0 0.155859 0.059491 0.015365 0.010648
2 0.226823 0.032407 0.008333 0.017593
0 0.236068 0.038426 0.007552 0.025926
0 0.248828 0.041898 0.007031 0.025463
0 0.388021 0.091898 0.014063 0.011574
0 0.423958 0.042361 0.007292 0.030093
0 0.436198 0.118750 0.015625 0.018056
0 0.436198 0.103935 0.015625 0.018056
0 0.436979 0.090046 0.015625 0.018056
0 0.436458 0.074537 0.018750 0.016667
0 0.437760 0.059491 0.016667 0.016204
0 0.439193 0.047685 0.019010 0.020370
0 0.454297 0.075463 0.008073 0.029630
0 0.455599 0.121296 0.010156 0.031481
0 0.469271 0.133333 0.015625 0.016667
0 0.468880 0.116898 0.012240 0.013426
0 0.467708 0.100694 0.008854 0.013426
0 0.468490 0.057639 0.011458 0.012500
0 0.140104 0.292130 0.016146 0.014815
0 0.163021 0.290741 0.016146 0.014815
0 0.171094 0.305556 0.016146 0.014815
0 0.144792 0.325926 0.016146 0.014815
2 0.142187 0.309722 0.016146 0.014815
2 0.144922 0.346528 0.019010 0.019907
0 0.131380 0.344907 0.009115 0.031481
0 0.069792 0.610417 0.018229 0.020833
0 0.109635 0.614583 0.018750 0.023611
0 0.263281 0.572917 0.019271 0.019907
0 0.385156 0.515509 0.018750 0.018056
0 0.554688 0.508796 0.019271 0.015741
0 0.562370 0.461343 0.017448 0.015278
0 0.651563 0.452546 0.016667 0.015278
0 0.673438 0.447917 0.016667 0.014352
0 0.865104 0.299769 0.018750 0.013426
0 0.889844 0.299769 0.018750 0.013426
0 0.911979 0.302546 0.018750 0.013426
0 0.936198 0.304861 0.018750 0.013426
0 0.960677 0.304398 0.018750 0.013426
0 0.985677 0.303472 0.018750 0.013426
0 0.698177 0.449769 0.017708 0.009722
0 0.722396 0.451389 0.017188 0.014815
0 0.715104 0.471296 0.017708 0.012963
0 0.718229 0.493519 0.017708 0.012963
0 0.742969 0.472222 0.017708 0.012963
0 0.743750 0.450926 0.017708 0.012963
0 0.745052 0.430556 0.017708 0.012963
0 0.773438 0.431944 0.017708 0.012963
0 0.773438 0.452778 0.017708 0.012963
0 0.780469 0.496528 0.016146 0.013426
0 0.807813 0.458333 0.017708 0.012963
0 0.797135 0.433333 0.017708 0.012963
0 0.768229 0.472685 0.017708 0.012963
0 0.822917 0.440741 0.017708 0.012963
0 0.832031 0.460648 0.017708 0.012963
0 0.836328 0.501157 0.017969 0.011574
0 0.810677 0.497685 0.017708 0.012963
0 0.853906 0.484028 0.018750 0.013426
0 0.854688 0.445370 0.017708 0.012963
0 0.746484 0.490972 0.017448 0.014352
0 0.822396 0.478009 0.013542 0.012500
0 0.857682 0.503009 0.015365 0.011574
0 0.882682 0.487037 0.018490 0.012963
0 0.880469 0.507407 0.017708 0.013889
0 0.882161 0.449537 0.018490 0.014815
0 0.907552 0.454398 0.017188 0.013426
0 0.910156 0.471296 0.019271 0.012963
0 0.887760 0.470139 0.016667 0.012500
2 0.863151 0.465972 0.018490 0.014352
2 0.907161 0.493287 0.019010 0.014352
0 0.913151 0.513426 0.016927 0.012963
2 0.952083 0.480093 0.019792 0.014815
2 0.959115 0.500694 0.019792 0.013426
0 0.933984 0.496991 0.019010 0.015278
0 0.941536 0.518750 0.019010 0.015278
0 0.948307 0.540509 0.019010 0.015278
0 0.973047 0.541898 0.019010 0.015278
0 0.971745 0.520139 0.019010 0.015278
0 0.986068 0.505324 0.019010 0.015278
0 0.975651 0.484954 0.019010 0.015278
0 0.995703 0.489583 0.008594 0.011574
0 0.485677 0.260880 0.017708 0.015278
0 0.463151 0.260648 0.016927 0.014815
1 0.020964 0.716667 0.041406 0.033333
0 0.518490 0.931713 0.017708 0.012500
0 0.669531 0.900231 0.017708 0.015278
0 0.834505 0.953241 0.012760 0.018519
2 0.876953 0.957407 0.016927 0.033333
0 0.955339 0.981481 0.014323 0.012963
1 0.984375 0.964583 0.031250 0.026389
0 0.915755 0.905324 0.013802 0.027315
0 0.923307 0.914583 0.013281 0.027315
0 0.913151 0.873148 0.013281 0.025926
0 0.930469 0.875694 0.013542 0.025463
0 0.938281 0.888194 0.011458 0.023611
0 0.957552 0.845602 0.014583 0.031944
0 0.965885 0.856250 0.015104 0.031944
0 0.961719 0.782176 0.015625 0.033796
0 0.968880 0.798611 0.014323 0.027778
2 0.990495 0.809954 0.017969 0.034722
1 0.951042 0.895139 0.024479 0.043981
2 0.146875 0.360417 0.016667 0.018056
0 0.457422 0.167824 0.016406 0.014352
