0 0.053776 0.617593 0.009115 0.032407
0 0.058333 0.577083 0.008333 0.030093
0 0.029818 0.638426 0.016406 0.020370
0 0.027474 0.622917 0.017448 0.022685
0 0.027995 0.601157 0.017448 0.022685
0 0.030599 0.578935 0.017448 0.022685
0 0.031641 0.559491 0.017448 0.022685
0 0.033984 0.539120 0.017448 0.022685
0 0.035026 0.503009 0.017448 0.022685
0 0.037630 0.483565 0.017448 0.022685
0 0.038672 0.464583 0.017448 0.022685
0 0.039453 0.444676 0.017448 0.022685
0 0.040755 0.425231 0.017448 0.022685
0 0.043359 0.404861 0.017448 0.022685
0 0.044141 0.385880 0.017448 0.022685
0 0.047526 0.361806 0.017448 0.022685
0 0.035937 0.520370 0.013542 0.016667
0 0.070703 0.485417 0.011719 0.012500
0 0.077865 0.393519 0.011458 0.012963
0 0.048698 0.340972 0.015104 0.021759
0 0.049479 0.320139 0.018229 0.022685
0 0.052344 0.299769 0.018229 0.022685
0 0.051562 0.284028 0.018229 0.022685
0 0.053385 0.263657 0.018229 0.022685
0 0.054167 0.243287 0.018229 0.022685
0 0.085417 0.288194 0.014583 0.013426
0 0.073828 0.423611 0.010156 0.012963
0 0.079036 0.363657 0.007031 0.011574
0 0.080339 0.348611 0.006510 0.011111
0 0.083854 0.302083 0.010937 0.009722
0 0.056641 0.223380 0.016927 0.022685
0 0.060286 0.181713 0.016927 0.022685
0 0.061328 0.157639 0.016927 0.022685
0 0.062109 0.137731 0.016927 0.022685
0 0.064714 0.116898 0.016927 0.022685
0 0.066797 0.077083 0.014844 0.026389
0 0.045573 0.046296 0.018750 0.016667
0 0.023177 0.038889 0.018750 0.016667
0 0.136849 0.037037 0.016927 0.015741
0 0.158984 0.041667 0.016927 0.015741
0 0.190755 0.053241 0.017969 0.016667
0 0.236198 0.031713 0.016667 0.022685
0 0.238672 0.011111 0.015885 0.017593
0 0.279297 0.075926 0.017448 0.018519
0 0.288411 0.122685 0.014844 0.014815
0 0.308724 0.127083 0.019010 0.017130
0 0.320573 0.085417 0.017188 0.015278
0 0.339323 0.090741 0.016667 0.013889
0 0.242839 0.134259 0.015885 0.024074
0 0.241536 0.156019 0.015885 0.024074
0 0.240234 0.179167 0.015885 0.024074
0 0.236589 0.220833 0.015885 0.024074
0 0.234245 0.244444 0.015885 0.024074
0 0.232682 0.263889 0.015885 0.024074
0 0.232422 0.283333 0.015885 0.024074
0 0.229818 0.323148 0.015885 0.024074
0 0.226953 0.341667 0.015885 0.024074
0 0.225911 0.366204 0.015885 0.024074
0 0.223828 0.387963 0.015885 0.024074
0 0.223828 0.408333 0.015885 0.024074
0 0.220964 0.430093 0.015885 0.024074
0 0.218880 0.449537 0.015885 0.024074
0 0.217318 0.469907 0.015885 0.024074
0 0.216797 0.489815 0.015885 0.024074
0 0.215755 0.511574 0.015885 0.024074
0 0.213672 0.531019 0.015885 0.024074
0 0.206120 0.587963 0.007552 0.031481
0 0.216276 0.586343 0.006510 0.031019
0 0.249740 0.520139 0.015625 0.012500
0 0.251563 0.506019 0.016667 0.013889
0 0.253255 0.458333 0.016406 0.012037
0 0.254818 0.443981 0.017448 0.013889
0 0.257812 0.396296 0.018750 0.014815
0 0.263281 0.351157 0.017708 0.012500
0 0.268750 0.289815 0.017708 0.012963
0 0.269661 0.260648 0.017448 0.012963
0 0.267839 0.275231 0.019010 0.013426
0 0.274609 0.197917 0.015885 0.012500
0 0.352604 0.137731 0.017188 0.010648
0 0.375391 0.145139 0.016927 0.013426
0 0.401302 0.152546 0.011458 0.011574
0 0.401693 0.107176 0.015885 0.017130
0 0.432812 0.078241 0.014583 0.027778
0 0.433854 0.055556 0.014583 0.027778
0 0.435417 0.036574 0.014583 0.027778
0 0.438542 0.020370 0.014583 0.027778
0 0.466667 0.053241 0.012500 0.013889
0 0.468490 0.036111 0.011979 0.012037
0 0.470313 0.006944 0.011979 0.012963
0 0.500781 0.116204 0.015625 0.021296
2 0.532292 0.032176 0.009375 0.037500
0 0.551693 0.031944 0.007552 0.029630
0 0.737109 0.011111 0.017969 0.014815
0 0.975651 0.127315 0.015885 0.013889
0 0.399609 0.513426 0.016927 0.025926
0 0.403255 0.458333 0.016927 0.025926
0 0.411328 0.366667 0.016927 0.025926
0 0.411198 0.333102 0.015625 0.020833
0 0.413411 0.308796 0.015365 0.018519
0 0.416276 0.285648 0.017448 0.025926
0 0.421224 0.223843 0.013802 0.018056
0 0.422786 0.203472 0.014323 0.019907
0 0.424349 0.181481 0.017448 0.024074
0 0.431380 0.140972 0.013281 0.013426
0 0.452734 0.238426 0.011719 0.011111
0 0.449479 0.253472 0.009375 0.012500
0 0.452995 0.269907 0.017448 0.012963
0 0.450000 0.285880 0.016146 0.016204
0 0.446615 0.316898 0.016146 0.016204
0 0.443620 0.345370 0.014323 0.014815
0 0.441536 0.391898 0.017448 0.013426
0 0.441797 0.407176 0.017448 0.013426
0 0.441276 0.421991 0.017448 0.013426
0 0.439974 0.436806 0.017448 0.013426
0 0.437891 0.453009 0.017448 0.013426
0 0.437630 0.467361 0.017448 0.013426
0 0.436068 0.484028 0.017448 0.013426
2 0.435807 0.500231 0.012760 0.012500
0 0.457943 0.609028 0.007552 0.030093
0 0.459505 0.578009 0.008073 0.026389
0 0.462109 0.540741 0.008073 0.030556
0 0.466797 0.485185 0.008073 0.026852
0 0.474479 0.411343 0.008333 0.028241
0 0.476432 0.373843 0.008594 0.031019
2 0.469792 0.445602 0.007292 0.031019
0 0.520312 0.407407 0.007812 0.031481
0 0.483984 0.266898 0.008073 0.027315
0 0.486979 0.231481 0.008333 0.031481
0 0.527344 0.210648 0.007292 0.031481
0 0.586719 0.155787 0.007292 0.023611
0 0.876563 0.247454 0.017708 0.014352
0 0.864714 0.185417 0.008073 0.033796
0 0.871745 0.187037 0.009115 0.028704
0 0.879557 0.191435 0.013281 0.029167
0 0.894922 0.197222 0.009115 0.032407
0 0.902734 0.202778 0.011198 0.030556
0 0.911979 0.210880 0.009375 0.023611
0 0.883984 0.337500 0.009635 0.031481
0 0.893359 0.339120 0.008073 0.026389
0 0.902214 0.343287 0.009115 0.028241
0 0.844531 0.443750 0.013021 0.029167
0 0.809375 0.433565 0.018750 0.017130
0 0.835156 0.412963 0.017188 0.020370
0 0.835417 0.396296 0.017188 0.020370
0 0.838021 0.383333 0.017188 0.020370
0 0.838021 0.368519 0.017188 0.020370
0 0.840625 0.353704 0.017188 0.020370
0 0.842448 0.340741 0.017188 0.020370
0 0.873958 0.357639 0.018750 0.016204
0 0.855729 0.372454 0.011458 0.031019
0 0.875781 0.372222 0.015104 0.016667
0 0.874479 0.386343 0.018750 0.016204
0 0.872917 0.400694 0.018750 0.016204
0 0.870833 0.414583 0.018750 0.016204
0 0.868490 0.428009 0.018750 0.016204
0 0.856641 0.558796 0.017448 0.012037
0 0.880469 0.561574 0.019792 0.012963
2 0.630729 0.298380 0.008854 0.016204
0 0.639844 0.304167 0.008333 0.022222
0 0.651823 0.310417 0.007812 0.021759
0 0.557422 0.314815 0.015365 0.014815
0 0.787630 0.378009 0.013281 0.012500
0 0.532161 0.545833 0.014323 0.013889
2 0.533984 0.563426 0.020052 0.013889
0 0.555990 0.547917 0.018229 0.016204
0 0.562500 0.563889 0.017188 0.015741
0 0.534375 0.580787 0.015104 0.014352
0 0.519401 0.594444 0.007552 0.031481
2 0.534766 0.597454 0.020052 0.015278
2 0.536849 0.613194 0.019010 0.014352
1 0.394661 0.949537 0.044010 0.033333
0 0.241797 0.952778 0.017969 0.016667
0 0.125781 0.834954 0.018229 0.017130
0 0.157031 0.975000 0.016667 0.015741
0 0.525781 0.845139 0.019271 0.020833
0 0.621224 0.865046 0.016927 0.017130
0 0.789844 0.777315 0.019792 0.016667
0 0.900651 0.750463 0.016927 0.015741
0 0.899219 0.769907 0.018229 0.017593
0 0.890104 0.813426 0.019271 0.017593
0 0.937370 0.792361 0.019010 0.014352
