0 0.007552 0.591204 0.014583 0.019444
0 0.007552 0.571759 0.014583 0.019444
0 0.010156 0.549306 0.016146 0.018056
0 0.011719 0.527083 0.016146 0.018056
0 0.015365 0.506713 0.016146 0.018056
0 0.017188 0.487269 0.016146 0.018056
0 0.018750 0.466435 0.016146 0.018056
0 0.022656 0.448380 0.016146 0.018056
0 0.025000 0.428472 0.016146 0.018056
0 0.026953 0.410185 0.017969 0.021296
0 0.028906 0.387731 0.018229 0.018981
0 0.032292 0.366898 0.018229 0.018981
0 0.036198 0.324769 0.018229 0.018981
0 0.039323 0.303472 0.018229 0.018981
0 0.042188 0.283102 0.018229 0.018981
0 0.034115 0.345833 0.015625 0.018519
0 0.047917 0.495833 0.008854 0.011111
0 0.054818 0.436343 0.008594 0.014352
0 0.073438 0.286574 0.009375 0.012037
0 0.075521 0.269907 0.008854 0.012037
0 0.048958 0.224537 0.015104 0.020370
0 0.052214 0.202315 0.017448 0.023148
0 0.054557 0.182407 0.017448 0.023148
0 0.056380 0.158796 0.017448 0.023148
0 0.058984 0.141204 0.017448 0.023148
0 0.062370 0.103241 0.017448 0.023148
0 0.066276 0.078704 0.017448 0.023148
0 0.059375 0.122222 0.014583 0.018519
0 0.088672 0.150463 0.005469 0.012963
0 0.091927 0.119444 0.007812 0.010185
0 0.096875 0.091898 0.007292 0.009722
0 0.100651 0.061111 0.011198 0.013889
0 0.071615 0.040278 0.017708 0.019444
0 0.117448 0.019213 0.015625 0.012500
0 0.185286 0.048611 0.014844 0.014815
0 0.218620 0.017593 0.019531 0.016667
0 0.206901 0.057407 0.017969 0.018519
0 0.227734 0.066667 0.017969 0.018519
0 0.283854 0.015509 0.016667 0.018056
0 0.318750 0.069907 0.017708 0.016667
0 0.341406 0.078704 0.017708 0.016667
0 0.371875 0.093519 0.017708 0.016667
0 0.291797 0.105093 0.017969 0.016667
0 0.248438 0.099537 0.015104 0.024074
0 0.242708 0.141204 0.015104 0.024074
0 0.241016 0.163657 0.017448 0.019907
0 0.239714 0.179861 0.017448 0.019907
0 0.236589 0.202083 0.017448 0.019907
0 0.230599 0.245139 0.017448 0.019907
0 0.229036 0.264120 0.017448 0.019907
0 0.226432 0.284028 0.017448 0.019907
0 0.223828 0.303009 0.017448 0.019907
0 0.223568 0.319213 0.017448 0.019907
0 0.219141 0.339120 0.017448 0.019907
0 0.217057 0.357639 0.017448 0.019907
0 0.215234 0.380324 0.017448 0.019907
0 0.211589 0.401620 0.017448 0.019907
0 0.207682 0.424769 0.017448 0.019907
0 0.204036 0.464583 0.017448 0.019907
0 0.206250 0.445139 0.016146 0.018056
0 0.201432 0.480787 0.017448 0.019907
0 0.199349 0.499769 0.017448 0.019907
0 0.195703 0.520602 0.017448 0.019907
0 0.193099 0.556713 0.017448 0.022685
0 0.189714 0.578009 0.017448 0.022685
0 0.188932 0.596528 0.017448 0.022685
0 0.185807 0.616898 0.017448 0.022685
0 0.182552 0.636343 0.017708 0.022685
0 0.184896 0.653009 0.011458 0.017130
0 0.195703 0.537269 0.014323 0.012500
0 0.210417 0.635417 0.011458 0.032870
0 0.215755 0.595139 0.010677 0.030093
0 0.235677 0.508333 0.017708 0.015741
0 0.242448 0.448611 0.017188 0.014815
0 0.245443 0.419444 0.017448 0.014815
0 0.250651 0.373148 0.013802 0.013889
0 0.250130 0.389583 0.016927 0.015278
0 0.257552 0.329398 0.016667 0.014352
0 0.258724 0.314120 0.017448 0.016204
0 0.361979 0.625694 0.007812 0.031944
0 0.371615 0.627778 0.006250 0.028704
0 0.380339 0.623843 0.005990 0.025463
0 0.372396 0.573148 0.017708 0.022222
0 0.375000 0.553472 0.015104 0.021759
0 0.376563 0.532176 0.015104 0.021759
0 0.379948 0.512731 0.015104 0.021759
0 0.381771 0.492361 0.015104 0.021759
0 0.383854 0.473380 0.015104 0.021759
0 0.387370 0.451852 0.016406 0.020370
0 0.389453 0.430324 0.016406 0.018981
0 0.392057 0.410880 0.016406 0.018981
0 0.394922 0.388657 0.016406 0.018981
0 0.397005 0.367824 0.016406 0.018981
0 0.402734 0.329861 0.016406 0.018981
0 0.404557 0.310417 0.016406 0.018981
0 0.407161 0.289120 0.016406 0.018981
0 0.409505 0.269213 0.016406 0.018981
0 0.414453 0.226852 0.016927 0.022222
0 0.418880 0.204167 0.016927 0.022222
0 0.420703 0.181481 0.016927 0.022222
0 0.408333 0.566204 0.015104 0.013889
0 0.411068 0.554167 0.016406 0.012963
0 0.409375 0.536111 0.009896 0.011111
0 0.415365 0.506481 0.016146 0.013889
0 0.418620 0.492361 0.017448 0.014352
0 0.423177 0.446528 0.017708 0.016204
0 0.430078 0.401852 0.016927 0.015741
0 0.432031 0.355556 0.010417 0.013889
0 0.438802 0.341435 0.018229 0.014352
0 0.439193 0.325926 0.019010 0.012037
0 0.441927 0.310648 0.018229 0.014815
0 0.442578 0.263194 0.010677 0.013426
0 0.445833 0.249074 0.012500 0.012037
0 0.445573 0.233102 0.007812 0.011574
0 0.449870 0.217824 0.011198 0.013426
0 0.460156 0.128935 0.018229 0.018056
0 0.500260 0.146065 0.018229 0.018056
0 0.518490 0.152546 0.017188 0.016204
0 0.466276 0.176852 0.015365 0.015741
0 0.486198 0.184722 0.016667 0.016667
0 0.528646 0.202778 0.016667 0.016667
0 0.552083 0.211111 0.016667 0.016667
0 0.543490 0.184722 0.012500 0.012037
0 0.579557 0.177546 0.015885 0.016204
0 0.417969 0.079398 0.017188 0.020833
0 0.422396 0.035880 0.017188 0.020833
0 0.425521 0.015972 0.017188 0.020833
0 0.439193 0.029398 0.009115 0.028241
0 0.420312 0.058333 0.013021 0.014815
0 0.456510 0.067361 0.009375 0.012500
0 0.481120 0.003704 0.015885 0.006481
0 0.611719 0.151852 0.013542 0.028704
0 0.614062 0.130093 0.013542 0.028704
0 0.616667 0.111111 0.013542 0.028704
0 0.620313 0.093056 0.013542 0.028704
0 0.622396 0.068981 0.013542 0.028704
0 0.626823 0.021759 0.010937 0.021296
0 0.630990 0.008102 0.011979 0.015278
0 0.649870 0.133565 0.016406 0.018056
0 0.650911 0.116435 0.016406 0.018056
0 0.655078 0.088194 0.016406 0.018056
0 0.657422 0.073843 0.016406 0.018056
0 0.658984 0.059491 0.016406 0.018056
0 0.661589 0.027083 0.016406 0.018056
0 0.665495 0.012037 0.015885 0.017593
0 0.558724 0.580556 0.017969 0.024074
0 0.564193 0.527315 0.016927 0.025000
0 0.576953 0.439815 0.017448 0.019444
0 0.582031 0.400926 0.015625 0.018519
0 0.582292 0.382407 0.015625 0.018519
0 0.584896 0.358333 0.016146 0.022222
0 0.593880 0.295602 0.014844 0.016204
0 0.596484 0.275694 0.016406 0.015278
0 0.599219 0.254630 0.018750 0.020370
0 0.677474 0.200231 0.016406 0.019907
2 0.595443 0.573380 0.011198 0.012500
0 0.597396 0.557176 0.018750 0.012500
0 0.599219 0.541435 0.018750 0.012500
0 0.599740 0.526620 0.017708 0.016204
0 0.602344 0.510880 0.017708 0.016204
0 0.604297 0.495602 0.018490 0.014352
0 0.605859 0.480324 0.018490 0.014352
0 0.605859 0.466435 0.018490 0.014352
0 0.611458 0.420370 0.017708 0.018519
0 0.615365 0.393056 0.017708 0.018519
0 0.620313 0.362963 0.016146 0.016667
0 0.623047 0.347454 0.017969 0.014352
0 0.622266 0.330787 0.012760 0.012500
0 0.626823 0.315972 0.016667 0.014352
0 0.610807 0.684491 0.008073 0.030093
0 0.614062 0.653241 0.007812 0.024074
0 0.618490 0.616435 0.008333 0.031019
0 0.625911 0.561343 0.009115 0.027315
2 0.631901 0.523380 0.008594 0.029167
0 0.635417 0.489120 0.007812 0.028241
0 0.641016 0.453241 0.010156 0.034259
0 0.652865 0.346296 0.008854 0.026852
0 0.658724 0.312963 0.009115 0.028704
0 0.699740 0.297222 0.006250 0.029630
2 0.683724 0.268287 0.012760 0.036574
0 0.731901 0.121759 0.009115 0.029630
0 0.737370 0.084259 0.009115 0.030556
0 0.768229 0.019444 0.016146 0.018519
0 0.712109 0.073380 0.009115 0.029167
0 0.714844 0.035648 0.009375 0.035185
0 0.920312 0.128009 0.017708 0.017130
0 0.682682 0.491204 0.009115 0.032407
2 0.798438 0.400231 0.008854 0.015278
0 0.807161 0.406250 0.010156 0.025463
0 0.819141 0.414352 0.010156 0.021296
0 0.950651 0.500463 0.013281 0.011111
0 0.995313 0.525463 0.009375 0.015741
0 0.994531 0.540046 0.010937 0.015278
0 0.718750 0.005093 0.008333 0.008333
0 0.061328 0.904167 0.017969 0.016667
0 0.366927 0.988194 0.016667 0.014352
0 0.512891 0.962037 0.016406 0.013889
0 0.588021 0.963657 0.016667 0.015278
0 0.881510 0.915509 0.018750 0.016204
0 0.972396 0.962731 0.015625 0.013426
0 0.987370 0.804398 0.019010 0.014352
0 0.688542 0.632870 0.017188 0.012037
0 0.672526 0.678935 0.007552 0.032870
2 0.688802 0.649537 0.018229 0.014815
2 0.688802 0.686574 0.018229 0.014815
2 0.690625 0.699537 0.018229 0.014815
0 0.690104 0.667361 0.016146 0.012500
0 0.710807 0.635880 0.017969 0.012500
0 0.716927 0.653472 0.018229 0.013426
0 0.725000 0.404167 0.015625 0.013889
0 0.044531 0.525694 0.007292 0.014352
