2 0.048568 0.103935 0.015365 0.032870
2 0.043359 0.148611 0.011719 0.032407
0 0.025781 0.210185 0.008854 0.031481
0 0.037109 0.340278 0.017969 0.021296
0 0.049349 0.514815 0.009635 0.027778
0 0.053255 0.546065 0.011198 0.028241
0 0.058073 0.577778 0.006771 0.016667
0 0.064453 0.620139 0.009115 0.030093
0 0.070443 0.686806 0.007552 0.021759
0 0.074219 0.759259 0.006771 0.029630
0 0.072396 0.804861 0.006250 0.026389
0 0.064974 0.849769 0.010156 0.028241
0 0.056120 0.882870 0.010156 0.025926
0 0.046875 0.921759 0.007812 0.026852
0 0.041016 0.957176 0.011198 0.031019
0 0.137891 0.377778 0.020573 0.013889
0 0.194401 0.381019 0.020573 0.013889
0 0.219271 0.380093 0.018229 0.012963
0 0.238802 0.381713 0.017188 0.013426
0 0.216536 0.339583 0.016927 0.011574
0 0.263542 0.383565 0.017188 0.013426
0 0.285417 0.384491 0.017188 0.013426
0 0.283594 0.341435 0.017188 0.013426
0 0.308073 0.341435 0.017188 0.013426
0 0.308594 0.386806 0.017188 0.013426
0 0.333594 0.387269 0.017188 0.013426
0 0.240625 0.297917 0.013542 0.022685
0 0.241276 0.270833 0.015365 0.024074
0 0.240755 0.248380 0.013802 0.025463
0 0.241797 0.205556 0.014323 0.023148
0 0.239453 0.129167 0.014323 0.023148
0 0.240234 0.105556 0.014323 0.023148
0 0.240625 0.082870 0.016146 0.025000
0 0.241667 0.057870 0.016146 0.025000
0 0.241667 0.036574 0.016146 0.025000
0 0.239323 0.009954 0.014063 0.018981
0 0.240495 0.151620 0.014323 0.023611
0 0.292448 0.007176 0.019271 0.011574
0 0.292187 0.035417 0.019271 0.011574
0 0.272005 0.065509 0.017969 0.010648
0 0.271875 0.081713 0.016667 0.016204
0 0.292187 0.144213 0.016667 0.016204
0 0.291927 0.173380 0.016667 0.016204
0 0.290625 0.190509 0.016667 0.016204
0 0.291146 0.218750 0.016667 0.016204
0 0.272135 0.204398 0.016667 0.016204
0 0.272135 0.189583 0.016667 0.016204
0 0.272656 0.173380 0.016667 0.016204
0 0.272266 0.142361 0.015365 0.011574
0 0.322917 0.204167 0.014583 0.025000
0 0.324349 0.055556 0.015365 0.025926
0 0.322656 0.030787 0.013021 0.020833
0 0.323698 0.012269 0.016146 0.022685
0 0.397786 0.346296 0.018490 0.012963
0 0.430078 0.346991 0.017448 0.014352
0 0.458464 0.393056 0.012240 0.009259
0 0.442448 0.392130 0.009375 0.011111
0 0.437760 0.297222 0.011979 0.023148
0 0.437109 0.246296 0.014844 0.023148
0 0.438932 0.220833 0.015365 0.026852
0 0.438542 0.193287 0.015625 0.024537
0 0.438802 0.173380 0.015625 0.024537
0 0.438542 0.150231 0.015625 0.024537
0 0.438542 0.126620 0.015625 0.024537
0 0.440104 0.103009 0.015625 0.024537
0 0.440365 0.078472 0.015625 0.024537
0 0.440365 0.055324 0.015625 0.024537
0 0.441146 0.010648 0.014063 0.020370
0 0.471224 0.017593 0.017969 0.012037
0 0.472005 0.032870 0.017969 0.012037
0 0.471224 0.064352 0.017969 0.012037
0 0.472005 0.081019 0.017969 0.012037
0 0.471484 0.096296 0.017969 0.012037
0 0.471484 0.111111 0.017969 0.012037
0 0.471745 0.143519 0.017969 0.012037
0 0.470964 0.175000 0.017969 0.012037
0 0.470964 0.190741 0.017969 0.012037
0 0.470703 0.206019 0.017969 0.012037
0 0.471745 0.161343 0.015885 0.009722
0 0.491146 0.033333 0.017708 0.013889
0 0.490625 0.144444 0.017708 0.013889
0 0.489063 0.190741 0.017708 0.013889
0 0.489844 0.206944 0.017708 0.013889
0 0.490234 0.175000 0.013281 0.011111
0 0.522266 0.161111 0.015365 0.029630
0 0.522526 0.118981 0.014844 0.026852
0 0.521745 0.074074 0.014844 0.026852
0 0.522396 0.011574 0.016667 0.019444
2 0.478906 0.264583 0.018229 0.012500
2 0.490365 0.352315 0.020313 0.012963
0 0.514974 0.352083 0.019010 0.012500
0 0.532422 0.396759 0.015885 0.012037
0 0.593229 0.357176 0.014063 0.007870
0 0.622656 0.400000 0.017708 0.012037
0 0.631120 0.357870 0.015365 0.011111
0 0.648047 0.379630 0.015885 0.012963
0 0.645182 0.401389 0.019010 0.012963
0 0.636849 0.294444 0.012240 0.012963
0 0.634766 0.279630 0.013281 0.012963
0 0.635417 0.264583 0.017708 0.014352
0 0.635547 0.248611 0.012240 0.011111
0 0.636198 0.233333 0.015625 0.013889
0 0.672266 0.282870 0.007031 0.022222
0 0.639193 0.021759 0.015885 0.012963
0 0.637891 0.054167 0.015885 0.012963
0 0.637891 0.068981 0.015885 0.012963
0 0.637630 0.084259 0.015885 0.012963
0 0.637370 0.100463 0.015885 0.012963
0 0.638411 0.146759 0.015885 0.012963
0 0.636979 0.132870 0.014063 0.012963
0 0.636849 0.203009 0.015365 0.014352
2 0.697266 0.007407 0.017448 0.010185
0 0.696484 0.021759 0.017448 0.012037
0 0.697135 0.037500 0.017708 0.012037
0 0.695703 0.067824 0.016406 0.011574
0 0.694401 0.083565 0.016406 0.011574
0 0.695443 0.115509 0.016406 0.011574
0 0.696484 0.130787 0.016406 0.011574
0 0.695573 0.146065 0.018229 0.012500
0 0.695703 0.160880 0.015365 0.012500
0 0.695052 0.192361 0.017708 0.012500
0 0.694531 0.206713 0.017708 0.012500
0 0.695833 0.223843 0.017708 0.012500
0 0.693229 0.253935 0.017708 0.012500
0 0.694271 0.269213 0.017708 0.012500
0 0.693750 0.284954 0.017708 0.012500
0 0.693750 0.300231 0.017708 0.012500
0 0.694271 0.330324 0.017708 0.012500
2 0.696224 0.099306 0.018490 0.012500
0 0.735026 0.371065 0.017969 0.010648
0 0.756120 0.371991 0.016927 0.011574
0 0.787370 0.371991 0.015365 0.012500
0 0.833854 0.342130 0.014583 0.024074
0 0.886719 0.241898 0.015104 0.011574
0 0.888021 0.209028 0.013542 0.010648
0 0.888411 0.178241 0.013281 0.011111
0 0.887370 0.161574 0.016927 0.012963
0 0.887630 0.146759 0.016927 0.012963
0 0.888151 0.129630 0.016927 0.012963
0 0.888672 0.113889 0.016927 0.012963
0 0.889714 0.099074 0.016927 0.012963
0 0.889453 0.082407 0.016927 0.012963
0 0.889453 0.066204 0.016406 0.012037
0 0.888932 0.049537 0.015885 0.012963
0 0.887891 0.033796 0.015885 0.012963
0 0.888932 0.017593 0.017448 0.013889
0 0.889193 0.004167 0.015885 0.007407
0 0.924870 0.009954 0.014323 0.018981
0 0.923177 0.027083 0.014063 0.020833
0 0.920964 0.047222 0.015885 0.025926
0 0.920052 0.110648 0.013542 0.026852
0 0.919661 0.151157 0.015365 0.026389
0 0.919401 0.172917 0.016927 0.024537
0 0.918750 0.192361 0.015104 0.024537
0 0.485547 0.990972 0.015365 0.018056
0 0.484635 0.975463 0.014583 0.021296
0 0.484635 0.955556 0.014583 0.021296
0 0.484635 0.932870 0.014583 0.021296
0 0.484896 0.910185 0.014583 0.024074
0 0.484635 0.888426 0.014583 0.024074
0 0.485938 0.871296 0.014583 0.024074
0 0.485417 0.851852 0.014583 0.024074
0 0.486198 0.830556 0.014583 0.024074
0 0.485156 0.812037 0.014583 0.024074
0 0.486198 0.787500 0.014583 0.024074
0 0.486198 0.765741 0.014583 0.024074
0 0.485286 0.746065 0.012760 0.019907
0 0.486458 0.725694 0.015625 0.023611
0 0.487630 0.703472 0.014323 0.022685
0 0.486849 0.682870 0.015885 0.023148
0 0.488672 0.476852 0.015365 0.025926
0 0.488151 0.499537 0.015365 0.025926
0 0.488672 0.537037 0.015365 0.025926
0 0.487630 0.556944 0.015365 0.025926
0 0.488932 0.578241 0.015365 0.025926
0 0.487370 0.599074 0.015365 0.025926
0 0.486979 0.621759 0.014583 0.023148
0 0.487891 0.519676 0.012760 0.021759
0 0.488932 0.434722 0.013281 0.025000
0 0.523047 0.442824 0.015365 0.010648
0 0.524479 0.475231 0.017188 0.012500
0 0.524349 0.489815 0.016406 0.012037
0 0.522266 0.505093 0.016406 0.011111
0 0.523568 0.535648 0.016406 0.011111
0 0.522917 0.551389 0.017188 0.012963
0 0.523177 0.582407 0.016667 0.013889
0 0.523438 0.644213 0.014583 0.011574
0 0.522656 0.658333 0.015625 0.012037
0 0.522656 0.674306 0.016667 0.011574
0 0.521615 0.702546 0.014583 0.011574
0 0.519792 0.733796 0.012500 0.012963
2 0.520052 0.766204 0.016146 0.013889
0 0.521484 0.794907 0.016927 0.011111
0 0.521484 0.810185 0.016927 0.011111
0 0.521484 0.825463 0.016927 0.011111
0 0.520964 0.885648 0.016927 0.011111
0 0.521745 0.900463 0.016927 0.011111
0 0.521484 0.915278 0.016927 0.011111
0 0.520964 0.931019 0.016927 0.011111
0 0.521224 0.948611 0.016927 0.011111
0 0.712240 0.413889 0.017708 0.012963
0 0.734245 0.413889 0.016927 0.013889
0 0.820312 0.415741 0.016146 0.012963
0 0.879818 0.374769 0.019010 0.012500
0 0.920443 0.376389 0.017448 0.013889
0 0.941406 0.378472 0.017188 0.007870
0 0.891536 0.421296 0.016406 0.012963
0 0.911068 0.420602 0.018490 0.012500
0 0.954036 0.423148 0.018490 0.011111
0 0.979297 0.422685 0.017448 0.013889
0 0.878646 0.838889 0.014583 0.012963
0 0.877474 0.821991 0.014323 0.011574
0 0.877474 0.808102 0.014323 0.011574
0 0.880078 0.791898 0.014323 0.011574
0 0.880339 0.762269 0.014323 0.011574
0 0.881510 0.700000 0.011979 0.010185
0 0.880859 0.653241 0.016406 0.012037
0 0.881771 0.562731 0.016146 0.007870
0 0.883203 0.577315 0.014323 0.010185
0 0.883203 0.591667 0.014323 0.011111
0 0.881641 0.608102 0.014323 0.009722
0 0.881510 0.515046 0.013542 0.011574
0 0.883203 0.500463 0.011719 0.013889
0 0.884505 0.483565 0.013281 0.012500
0 0.882682 0.467130 0.014323 0.012963
0 0.668620 0.467824 0.013802 0.022685
0 0.669661 0.487037 0.010156 0.020370
0 0.670443 0.506250 0.012240 0.024537
0 0.668880 0.531019 0.016406 0.023148
0 0.702995 0.476852 0.018490 0.012963
0 0.670182 0.572454 0.009635 0.018056
0 0.667578 0.592824 0.016406 0.022685
0 0.669010 0.614583 0.009375 0.022685
0 0.668620 0.633565 0.008594 0.019907
0 0.667969 0.649306 0.015625 0.023611
0 0.701172 0.631713 0.016406 0.013426
0 0.701432 0.646528 0.016406 0.013426
0 0.701172 0.708102 0.016406 0.013426
0 0.700130 0.738657 0.016406 0.013426
0 0.699870 0.769213 0.016406 0.013426
0 0.698828 0.798843 0.016406 0.013426
0 0.700130 0.829398 0.016406 0.013426
0 0.700911 0.693056 0.013802 0.011111
0 0.666667 0.671759 0.015625 0.025926
0 0.666927 0.693056 0.015625 0.025926
0 0.665365 0.758796 0.015625 0.025926
0 0.667839 0.712269 0.012240 0.023611
0 0.667839 0.735417 0.010156 0.021759
0 0.666276 0.778704 0.012240 0.020370
0 0.667969 0.795602 0.009896 0.021759
0 0.665365 0.813889 0.013021 0.022222
0 0.666797 0.834491 0.010156 0.021759
0 0.666667 0.855093 0.010937 0.020370
0 0.665625 0.871759 0.010417 0.020370
0 0.665234 0.892824 0.014844 0.024537
0 0.664714 0.915278 0.013281 0.025000
0 0.691797 0.922454 0.007552 0.032870
0 0.666276 0.932407 0.011198 0.021296
0 0.665755 0.952546 0.009115 0.019907
0 0.689583 0.961574 0.007812 0.029630
0 0.665234 0.974769 0.013281 0.023611
0 0.666276 0.989583 0.016406 0.020833
0 0.521484 0.050926 0.013802 0.020370
0 0.873698 0.082407 0.009896 0.012037
0 0.874740 0.317824 0.017188 0.013426
2 0.554557 0.397917 0.015885 0.012500
0 0.602474 0.400000 0.011719 0.010185
