0 0.016016 0.667130 0.018490 0.011111
0 0.094010 0.977778 0.011979 0.028704
0 0.103516 0.940509 0.010156 0.028241
0 0.110286 0.896296 0.006510 0.028704
0 0.111589 0.851620 0.007031 0.030093
0 0.111068 0.815509 0.008073 0.028241
0 0.108854 0.781944 0.007292 0.021296
0 0.101693 0.713889 0.008073 0.029630
0 0.097396 0.673611 0.009375 0.019444
0 0.091276 0.640509 0.009635 0.029167
0 0.087891 0.609954 0.009635 0.029167
0 0.064062 0.412500 0.013021 0.029630
0 0.022005 0.369444 0.011719 0.012037
0 0.072005 0.225694 0.008594 0.031019
2 0.086198 0.200694 0.013021 0.031019
2 0.082422 0.246528 0.008073 0.033796
0 0.174609 0.472222 0.018490 0.014815
0 0.231380 0.476389 0.018490 0.014815
0 0.256120 0.477778 0.018490 0.014815
0 0.276172 0.478241 0.018490 0.014815
0 0.300911 0.478704 0.018490 0.014815
0 0.323047 0.481481 0.018490 0.014815
0 0.345964 0.483333 0.018490 0.014815
0 0.370703 0.484259 0.018490 0.014815
0 0.321354 0.437731 0.017188 0.015278
0 0.345182 0.437963 0.016927 0.013889
0 0.253646 0.435417 0.016146 0.010648
0 0.279557 0.032407 0.016406 0.028704
0 0.278776 0.057407 0.016406 0.028704
0 0.278776 0.082870 0.016406 0.028704
0 0.279297 0.133333 0.016406 0.028704
0 0.277734 0.155556 0.016406 0.028704
0 0.277734 0.179630 0.016406 0.028704
0 0.276953 0.203704 0.016406 0.028704
0 0.276953 0.225463 0.016406 0.028704
0 0.278646 0.303935 0.016146 0.024537
0 0.277083 0.249537 0.014063 0.023148
0 0.277214 0.105556 0.013281 0.024074
0 0.311458 0.055556 0.017188 0.014815
0 0.330729 0.055556 0.017188 0.014815
0 0.329688 0.072685 0.017188 0.014815
0 0.328646 0.087963 0.017188 0.014815
0 0.329948 0.102315 0.017188 0.014815
0 0.329948 0.132870 0.017188 0.014815
0 0.309115 0.161111 0.017188 0.014815
0 0.309635 0.178704 0.017188 0.014815
0 0.329427 0.241204 0.017188 0.014815
0 0.309375 0.240278 0.017188 0.014815
0 0.310417 0.270833 0.017188 0.014815
0 0.328385 0.272685 0.017188 0.014815
0 0.308594 0.285185 0.017188 0.014815
0 0.329427 0.287037 0.017188 0.014815
0 0.310156 0.301852 0.017188 0.014815
0 0.328906 0.318519 0.017188 0.014815
0 0.360677 0.301852 0.015104 0.026852
0 0.362760 0.030093 0.014063 0.017593
0 0.362891 0.046759 0.015885 0.024074
0 0.361589 0.068056 0.015365 0.024074
0 0.364453 0.090741 0.014844 0.023148
0 0.361458 0.111343 0.015625 0.028241
0 0.360938 0.130787 0.015625 0.024537
0 0.362630 0.152546 0.015365 0.025463
0 0.360677 0.280093 0.014063 0.026852
0 0.276302 0.346296 0.010937 0.022222
0 0.277474 0.371296 0.014323 0.025926
0 0.277083 0.393519 0.013542 0.021296
0 0.478646 0.010648 0.015104 0.020370
0 0.477865 0.033333 0.016146 0.027778
0 0.477344 0.057870 0.016146 0.027778
0 0.478125 0.080556 0.016146 0.027778
0 0.477083 0.103241 0.016146 0.027778
0 0.477604 0.150463 0.016146 0.027778
0 0.477344 0.174074 0.016146 0.027778
0 0.476823 0.200000 0.016146 0.027778
0 0.476042 0.222685 0.016146 0.027778
0 0.475260 0.247685 0.016146 0.027778
0 0.475260 0.270833 0.016146 0.027778
0 0.475521 0.293750 0.015625 0.027315
0 0.476302 0.317824 0.015625 0.027315
0 0.475260 0.343287 0.015625 0.027315
0 0.473958 0.394676 0.015625 0.027315
0 0.529297 0.005787 0.016927 0.010648
0 0.509766 0.034722 0.016927 0.013889
0 0.529036 0.068519 0.016927 0.013889
0 0.510286 0.067130 0.016927 0.013889
0 0.509766 0.082870 0.016927 0.013889
0 0.507682 0.114815 0.016927 0.013889
0 0.527995 0.130093 0.016927 0.013889
0 0.507943 0.129630 0.016927 0.013889
0 0.508724 0.162963 0.016927 0.013889
0 0.508724 0.178241 0.016927 0.013889
0 0.508464 0.192130 0.016927 0.013889
0 0.508724 0.209259 0.016927 0.013889
0 0.508464 0.239815 0.016927 0.013889
0 0.508724 0.257407 0.016927 0.013889
0 0.507943 0.272685 0.016927 0.013889
0 0.507682 0.286574 0.016927 0.013889
0 0.507682 0.303241 0.016927 0.013889
0 0.526432 0.303241 0.016927 0.013889
0 0.525911 0.287037 0.016927 0.013889
0 0.526953 0.240741 0.016927 0.013889
0 0.526823 0.271065 0.013542 0.014352
2 0.515625 0.361111 0.019271 0.011111
0 0.559115 0.021296 0.011979 0.020370
0 0.560156 0.044444 0.013542 0.023148
0 0.559896 0.067130 0.014583 0.024074
0 0.559635 0.087037 0.013542 0.022222
0 0.558594 0.105787 0.014063 0.020833
0 0.559505 0.173380 0.013281 0.022685
0 0.558854 0.216898 0.013542 0.022685
0 0.558333 0.259028 0.014583 0.027315
0 0.435547 0.444213 0.017969 0.013426
0 0.466927 0.443981 0.017708 0.014815
0 0.476823 0.487963 0.015104 0.011111
0 0.495182 0.489815 0.014844 0.010185
2 0.528125 0.448843 0.021354 0.013426
0 0.551562 0.447685 0.016667 0.010185
0 0.569531 0.493287 0.016146 0.010648
2 0.593359 0.495602 0.017448 0.012500
0 0.631901 0.471759 0.014844 0.011111
0 0.667708 0.452778 0.015104 0.010185
0 0.638932 0.495602 0.012240 0.009722
0 0.659505 0.496991 0.018490 0.012500
0 0.681250 0.497917 0.018229 0.011574
0 0.560156 0.539815 0.014063 0.010185
0 0.525521 0.571991 0.017188 0.026389
0 0.524740 0.595139 0.017188 0.026389
0 0.525521 0.632639 0.017188 0.026389
0 0.525000 0.652083 0.017188 0.026389
0 0.525000 0.672917 0.017188 0.026389
0 0.525260 0.694213 0.017188 0.026389
0 0.523958 0.716204 0.013542 0.020370
0 0.524609 0.613889 0.013802 0.019444
0 0.523177 0.776389 0.014583 0.024074
0 0.524219 0.798148 0.014583 0.024074
0 0.523177 0.818981 0.014583 0.024074
0 0.523698 0.840741 0.014583 0.024074
0 0.523177 0.859259 0.014583 0.024074
0 0.522917 0.880556 0.014583 0.024074
0 0.521615 0.905093 0.014583 0.024074
0 0.523438 0.924074 0.014583 0.024074
0 0.522656 0.942130 0.014583 0.024074
0 0.521615 0.965278 0.014583 0.024074
0 0.520573 0.982870 0.014583 0.024074
0 0.557943 0.994213 0.017448 0.011574
0 0.557943 0.980787 0.017448 0.011574
0 0.558203 0.920139 0.017448 0.011574
0 0.558724 0.903935 0.017448 0.011574
0 0.558724 0.888657 0.017448 0.011574
2 0.558203 0.859954 0.016927 0.010648
0 0.557682 0.827315 0.014844 0.014815
0 0.558854 0.797685 0.015104 0.013889
0 0.559245 0.768287 0.017969 0.011574
0 0.559245 0.753241 0.015365 0.010185
0 0.558203 0.738194 0.011719 0.010648
0 0.558333 0.677315 0.016667 0.012963
0 0.559635 0.645833 0.017188 0.012037
0 0.560677 0.630787 0.016667 0.011574
0 0.559375 0.600000 0.015625 0.011111
0 0.561328 0.585185 0.016927 0.012037
0 0.561979 0.570602 0.017708 0.013426
0 0.735026 0.040278 0.017969 0.012963
0 0.734505 0.054630 0.017969 0.012963
0 0.733984 0.070833 0.017969 0.012963
0 0.734245 0.089352 0.017969 0.012963
0 0.733203 0.118981 0.017969 0.012963
0 0.733984 0.135648 0.017969 0.012963
0 0.732943 0.165278 0.017969 0.012963
0 0.731380 0.180093 0.017969 0.012963
0 0.734245 0.212963 0.017969 0.012963
0 0.733984 0.229167 0.017969 0.012963
0 0.733464 0.244444 0.017969 0.012963
0 0.732292 0.258565 0.014583 0.012500
0 0.730599 0.287500 0.017969 0.012963
0 0.732422 0.304167 0.017969 0.012963
0 0.733464 0.318981 0.017969 0.012963
0 0.731641 0.350463 0.017969 0.012963
0 0.731641 0.366667 0.017969 0.012963
2 0.733854 0.103935 0.020833 0.013426
2 0.732292 0.195833 0.018229 0.012963
0 0.731250 0.380556 0.017708 0.012963
0 0.730208 0.395602 0.017188 0.014352
0 0.730469 0.427083 0.016146 0.012500
0 0.673568 0.391204 0.013802 0.012037
0 0.674479 0.377083 0.008854 0.009722
0 0.676562 0.360648 0.006771 0.012963
0 0.679167 0.244444 0.008854 0.012963
0 0.678516 0.182176 0.007552 0.010648
0 0.679688 0.151157 0.007812 0.012500
0 0.680339 0.119444 0.007552 0.013889
0 0.680339 0.040972 0.007552 0.012500
0 0.707552 0.311343 0.005729 0.021759
0 0.925911 0.007870 0.007031 0.012037
0 0.966406 0.061111 0.014583 0.024074
0 0.964063 0.082176 0.016667 0.026389
0 0.961458 0.102083 0.016667 0.026389
0 0.960156 0.121065 0.016667 0.026389
0 0.956771 0.144213 0.016667 0.026389
0 0.958854 0.208565 0.016667 0.026389
0 0.955208 0.245602 0.016667 0.026389
0 0.956250 0.266898 0.016667 0.026389
0 0.955729 0.288194 0.016667 0.026389
0 0.927214 0.082870 0.019010 0.013889
0 0.926953 0.099074 0.013281 0.014815
0 0.926953 0.162500 0.015885 0.012963
0 0.926432 0.146759 0.015885 0.012963
0 0.926172 0.178241 0.015885 0.012963
0 0.927214 0.193981 0.015885 0.012963
0 0.926432 0.208333 0.015885 0.012963
0 0.925391 0.224537 0.015885 0.012963
0 0.928385 0.114120 0.013021 0.012500
0 0.926562 0.129167 0.013021 0.015741
0 0.927214 0.243519 0.012760 0.011111
0 0.925781 0.257870 0.013542 0.013889
0 0.925260 0.274769 0.011458 0.015278
0 0.922526 0.339583 0.015885 0.010648
0 0.916276 0.471528 0.017969 0.013426
0 0.956771 0.472454 0.017708 0.012500
0 0.976953 0.474769 0.016406 0.008796
0 0.771224 0.466204 0.017969 0.010185
0 0.793490 0.466898 0.016146 0.010648
0 0.748828 0.509954 0.017448 0.012500
0 0.771224 0.510648 0.017448 0.010185
0 0.739323 0.572685 0.017708 0.013889
0 0.856380 0.511343 0.015885 0.010648
0 0.927214 0.515972 0.015885 0.010648
0 0.947135 0.515741 0.017708 0.012963
0 0.991797 0.517130 0.016406 0.011111
0 0.823568 0.468750 0.015365 0.010648
0 0.737630 0.726157 0.017448 0.011574
0 0.738151 0.740046 0.017448 0.011574
0 0.737891 0.801620 0.017448 0.011574
0 0.737630 0.831713 0.017448 0.011574
0 0.735807 0.861806 0.017448 0.011574
0 0.736589 0.891435 0.017448 0.011574
0 0.736328 0.921528 0.017448 0.011574
0 0.705078 0.887731 0.010156 0.015278
0 0.704036 0.872454 0.009635 0.017130
0 0.705729 0.803935 0.008333 0.018056
0 0.706771 0.763889 0.009375 0.014815
0 0.705729 0.783333 0.008333 0.018519
0 0.706510 0.664815 0.011458 0.013889
0 0.737370 0.786806 0.013281 0.010648
0 0.920573 0.750231 0.008333 0.009722
0 0.919401 0.886806 0.006510 0.009722
0 0.705859 0.561806 0.011719 0.020833
0 0.708464 0.579630 0.007031 0.015741
0 0.708984 0.597454 0.007552 0.015278
0 0.680339 0.018981 0.007552 0.012037
0 0.681380 0.004398 0.005469 0.007870
0 0.678385 0.300000 0.007292 0.013889
0 0.922005 0.686806 0.007552 0.008796
0 0.709766 0.739815 0.005990 0.014815
0 0.706641 0.705556 0.007552 0.013889
