0 0.015885 0.032407 0.017708 0.011111
0 0.014714 0.016898 0.017969 0.014352
0 0.012891 0.132870 0.021094 0.012963
0 0.041797 0.170602 0.008594 0.030093
0 0.027214 0.394444 0.008594 0.029630
0 0.018620 0.395139 0.006510 0.022685
0 0.018359 0.457176 0.007031 0.029167
0 0.025000 0.459954 0.007812 0.023611
0 0.023307 0.491435 0.007031 0.030093
0 0.016146 0.584028 0.007812 0.028241
0 0.204167 0.023611 0.016146 0.022222
0 0.203646 0.044907 0.016146 0.022222
0 0.204427 0.064815 0.016146 0.022222
0 0.203385 0.083333 0.016146 0.022222
0 0.204167 0.118519 0.016146 0.022222
2 0.202214 0.096528 0.019010 0.023611
0 0.203385 0.138194 0.015625 0.020833
0 0.203385 0.156250 0.018229 0.023611
0 0.201823 0.173380 0.018229 0.023611
0 0.202604 0.196991 0.018229 0.023611
0 0.202083 0.220139 0.018229 0.023611
0 0.202474 0.241898 0.017969 0.028241
0 0.198958 0.265278 0.007292 0.032407
2 0.206250 0.275231 0.010937 0.031019
0 0.199349 0.310648 0.007552 0.032407
0 0.198437 0.356944 0.007292 0.032407
0 0.197656 0.395602 0.007812 0.031019
0 0.201823 0.434259 0.014063 0.026852
0 0.201302 0.456713 0.013542 0.024537
0 0.200651 0.478241 0.013802 0.025926
0 0.200391 0.497685 0.014844 0.029630
0 0.200391 0.520370 0.014844 0.029630
0 0.199870 0.568519 0.014844 0.029630
0 0.200130 0.589815 0.014844 0.029630
0 0.200391 0.612037 0.014844 0.029630
0 0.199870 0.635185 0.014844 0.029630
0 0.199870 0.654630 0.014844 0.029630
0 0.198828 0.676852 0.014844 0.029630
0 0.199349 0.696759 0.014844 0.029630
0 0.198307 0.716667 0.014844 0.029630
0 0.199609 0.739352 0.014844 0.029630
0 0.198307 0.763889 0.014844 0.029630
0 0.199349 0.785648 0.013281 0.026852
0 0.195443 0.993519 0.012760 0.012963
0 0.238021 0.020139 0.018229 0.015278
0 0.236979 0.034028 0.018229 0.015278
0 0.237240 0.066898 0.018229 0.015278
0 0.254688 0.097454 0.018229 0.015278
0 0.254427 0.130787 0.018229 0.015278
0 0.255208 0.143750 0.018229 0.015278
0 0.236198 0.175231 0.018229 0.015278
0 0.236458 0.190972 0.018229 0.015278
0 0.235937 0.205324 0.018229 0.015278
0 0.253125 0.158102 0.013542 0.013426
0 0.282422 0.020602 0.007552 0.018056
0 0.281120 0.043287 0.008073 0.020833
0 0.280208 0.107407 0.006771 0.023148
0 0.280339 0.193056 0.007031 0.020370
0 0.282943 0.239815 0.013802 0.026852
0 0.238281 0.261806 0.014583 0.010648
0 0.263281 0.308796 0.018229 0.014815
0 0.286458 0.309722 0.019271 0.014815
0 0.245573 0.345602 0.017708 0.014352
0 0.265755 0.345833 0.020052 0.014815
2 0.327865 0.310648 0.016667 0.012037
0 0.370312 0.312500 0.017188 0.011111
0 0.329818 0.347917 0.018490 0.010648
0 0.352734 0.350000 0.016406 0.012037
0 0.371875 0.351389 0.018229 0.011111
0 0.241276 0.389583 0.014844 0.009722
0 0.260677 0.388889 0.015625 0.010185
0 0.281250 0.439583 0.008333 0.020833
0 0.280208 0.462037 0.010937 0.023148
0 0.280208 0.481481 0.010937 0.023148
0 0.280208 0.503241 0.010937 0.023148
0 0.278906 0.527315 0.010937 0.023148
0 0.279687 0.548611 0.010937 0.023148
0 0.280469 0.568981 0.010937 0.023148
0 0.278906 0.606481 0.010937 0.023148
0 0.232292 0.478241 0.017708 0.013889
0 0.250781 0.478704 0.017708 0.013889
0 0.251042 0.555556 0.017708 0.013889
0 0.230729 0.571296 0.017708 0.013889
0 0.230990 0.587037 0.017708 0.013889
0 0.231771 0.602315 0.017708 0.013889
0 0.232813 0.524769 0.014063 0.013426
0 0.230208 0.617824 0.013542 0.012500
0 0.231120 0.633333 0.017969 0.012963
0 0.249870 0.633333 0.017969 0.012963
0 0.230859 0.647685 0.017969 0.012963
0 0.231120 0.662500 0.017969 0.012963
0 0.231120 0.678241 0.017969 0.012963
0 0.230859 0.693519 0.017969 0.012963
0 0.249349 0.694907 0.017969 0.012963
0 0.249089 0.709722 0.017969 0.012963
0 0.249609 0.725926 0.017969 0.012963
0 0.229818 0.740278 0.017969 0.012963
0 0.249609 0.663426 0.015885 0.011111
0 0.230859 0.711111 0.011719 0.012037
0 0.230990 0.725926 0.013021 0.011111
0 0.247917 0.758102 0.017708 0.013426
0 0.277734 0.668750 0.007031 0.028241
0 0.278255 0.710648 0.010677 0.020370
0 0.277734 0.752778 0.009635 0.025000
0 0.277083 0.796065 0.010937 0.013426
0 0.403516 0.006713 0.019010 0.012500
0 0.403516 0.037500 0.017969 0.013889
0 0.403776 0.068056 0.017969 0.013889
0 0.403516 0.083796 0.017969 0.013889
0 0.403255 0.097222 0.017969 0.013889
0 0.402344 0.112269 0.016146 0.012500
0 0.402344 0.130556 0.018229 0.012963
0 0.400130 0.145602 0.015885 0.012500
0 0.401953 0.178009 0.019531 0.013426
0 0.401432 0.193750 0.019531 0.013426
0 0.402474 0.207176 0.019531 0.013426
0 0.400911 0.223843 0.016406 0.013426
0 0.402083 0.240046 0.018229 0.013426
0 0.452865 0.011574 0.007292 0.022222
0 0.438672 0.034954 0.019010 0.013426
0 0.438932 0.049769 0.019010 0.013426
0 0.437891 0.080324 0.019010 0.013426
0 0.438411 0.095139 0.019010 0.013426
0 0.438932 0.111343 0.019010 0.013426
0 0.437370 0.144213 0.019010 0.013426
0 0.437109 0.159028 0.019010 0.013426
0 0.436328 0.172917 0.019010 0.013426
0 0.437109 0.187731 0.019010 0.013426
0 0.437109 0.204861 0.019010 0.013426
0 0.436589 0.220139 0.019010 0.013426
0 0.451432 0.045833 0.007031 0.031481
0 0.451953 0.084954 0.007552 0.030093
0 0.451172 0.166667 0.006510 0.034259
0 0.450651 0.211343 0.007031 0.030093
0 0.450260 0.248148 0.008333 0.029630
0 0.483073 0.067593 0.016667 0.013889
0 0.482812 0.082639 0.016146 0.015278
0 0.437109 0.250694 0.015365 0.013426
0 0.436068 0.268750 0.015365 0.013426
0 0.438151 0.285417 0.015365 0.013426
0 0.441797 0.301620 0.015365 0.013426
2 0.479818 0.269444 0.016406 0.010185
0 0.479818 0.317130 0.016927 0.009259
0 0.501432 0.318750 0.017448 0.008796
0 0.437240 0.353009 0.016667 0.012500
0 0.456771 0.353241 0.017188 0.010185
0 0.398047 0.375694 0.014323 0.025463
0 0.397266 0.397454 0.014323 0.025463
0 0.397266 0.415046 0.014323 0.025463
0 0.398047 0.436343 0.014323 0.025463
0 0.396484 0.479167 0.014323 0.024074
0 0.397266 0.505556 0.015885 0.025000
0 0.395443 0.524537 0.015885 0.025000
0 0.395182 0.566204 0.015885 0.025000
0 0.394661 0.586111 0.015885 0.025000
0 0.394922 0.606019 0.015885 0.025000
0 0.395703 0.626389 0.015885 0.025000
0 0.396484 0.643056 0.015885 0.025000
0 0.395443 0.666204 0.015885 0.025000
0 0.394401 0.706250 0.014323 0.025463
0 0.394271 0.724537 0.017188 0.024074
0 0.393359 0.750926 0.013802 0.025926
0 0.393880 0.771065 0.012760 0.023611
0 0.392969 0.792361 0.015625 0.023611
0 0.393359 0.811111 0.013802 0.026852
0 0.395964 0.828472 0.012760 0.020833
0 0.424870 0.814815 0.009115 0.010185
0 0.429167 0.396528 0.016146 0.008796
0 0.427734 0.412500 0.013281 0.010185
0 0.430469 0.442361 0.017708 0.010648
0 0.429297 0.472222 0.016406 0.013889
0 0.428776 0.487037 0.016406 0.013889
0 0.429036 0.502315 0.016406 0.013889
0 0.429297 0.547685 0.016406 0.013889
0 0.429036 0.564352 0.016406 0.013889
0 0.429297 0.578241 0.016406 0.013889
0 0.429557 0.593981 0.016406 0.013889
2 0.429036 0.637269 0.016927 0.013426
0 0.427083 0.653009 0.015625 0.010648
0 0.425911 0.683333 0.016406 0.014815
0 0.426693 0.697685 0.016406 0.014815
0 0.426693 0.712963 0.016406 0.014815
0 0.426953 0.726852 0.016406 0.014815
0 0.426693 0.741667 0.016406 0.014815
0 0.426432 0.756944 0.016406 0.014815
0 0.427995 0.771296 0.016406 0.014815
0 0.428385 0.787963 0.015625 0.012963
0 0.392448 0.937500 0.016667 0.025926
0 0.391797 0.956481 0.015365 0.024074
0 0.391927 0.979167 0.016667 0.025000
0 0.442318 0.980556 0.015885 0.012037
2 0.470964 0.942361 0.016406 0.027315
0 0.482031 0.032870 0.018750 0.012963
0 0.596094 0.015509 0.016146 0.013426
0 0.596484 0.075000 0.014844 0.012963
0 0.596615 0.091204 0.013021 0.012037
0 0.598047 0.121065 0.013802 0.014352
0 0.597005 0.137037 0.015885 0.012037
0 0.595313 0.184722 0.017708 0.013889
0 0.594792 0.201620 0.017188 0.014352
0 0.563281 0.320602 0.013021 0.011574
0 0.585286 0.320370 0.016927 0.012037
0 0.516797 0.355324 0.016406 0.013426
0 0.542839 0.356250 0.016406 0.011574
0 0.564193 0.357407 0.016927 0.012963
0 0.585026 0.358102 0.017448 0.011574
0 0.641536 0.020602 0.007552 0.032870
0 0.655599 0.022685 0.015365 0.012963
0 0.655599 0.038889 0.017969 0.014815
0 0.656120 0.053241 0.016927 0.012963
0 0.655729 0.068981 0.017188 0.012037
0 0.654948 0.083333 0.017188 0.012037
0 0.655208 0.098148 0.017188 0.012037
0 0.655729 0.114815 0.018750 0.013889
0 0.654948 0.143981 0.018750 0.013889
0 0.654948 0.189352 0.018750 0.013889
0 0.654167 0.205556 0.018750 0.013889
0 0.654427 0.222222 0.018750 0.013889
0 0.653646 0.236574 0.018750 0.013889
0 0.640495 0.091435 0.007552 0.031019
0 0.652474 0.282870 0.016406 0.013889
0 0.652995 0.298148 0.016406 0.013889
0 0.652734 0.313889 0.016406 0.013889
0 0.652474 0.330093 0.016406 0.013889
0 0.654036 0.344907 0.016406 0.013889
0 0.651172 0.377315 0.016406 0.013889
0 0.651042 0.389583 0.014063 0.013426
0 0.608984 0.403472 0.007031 0.032870
0 0.620182 0.411343 0.006510 0.027315
0 0.608724 0.433796 0.004948 0.020370
0 0.608203 0.475926 0.007552 0.032407
0 0.608333 0.517593 0.007292 0.027778
0 0.649870 0.435648 0.016406 0.014815
0 0.650781 0.450926 0.014583 0.010185
0 0.648568 0.497454 0.017448 0.012500
0 0.650651 0.527778 0.019010 0.012963
0 0.631771 0.547222 0.005729 0.023148
0 0.647526 0.557870 0.017448 0.013889
0 0.647266 0.572222 0.017448 0.013889
0 0.647786 0.586111 0.017448 0.013889
0 0.647786 0.600926 0.017448 0.013889
0 0.648828 0.630556 0.017448 0.013889
0 0.648047 0.661111 0.017448 0.013889
0 0.646224 0.677778 0.017448 0.013889
0 0.648958 0.616204 0.015104 0.010185
0 0.607161 0.632176 0.006510 0.018056
0 0.646745 0.692130 0.017969 0.012963
0 0.613151 0.678935 0.009115 0.025463
0 0.605469 0.742593 0.006771 0.025926
0 0.647135 0.707407 0.017708 0.013889
0 0.646354 0.721759 0.017708 0.013889
0 0.646875 0.736111 0.017708 0.013889
0 0.646354 0.768056 0.017708 0.013889
0 0.646094 0.782407 0.017708 0.013889
0 0.645312 0.812500 0.017708 0.013889
0 0.645052 0.826852 0.017708 0.013889
0 0.644792 0.839815 0.017708 0.013889
0 0.604167 0.809954 0.007292 0.029167
0 0.587891 0.876620 0.014323 0.013426
0 0.586198 0.905324 0.018750 0.015278
0 0.584505 0.921065 0.014844 0.010648
0 0.585677 0.938194 0.017708 0.013426
0 0.584896 0.966667 0.017188 0.012963
0 0.584766 0.981713 0.017448 0.012500
0 0.584245 0.996065 0.017448 0.007870
0 0.643359 0.960185 0.015885 0.012963
0 0.643490 0.945833 0.016667 0.014815
0 0.631120 0.874306 0.006510 0.026389
0 0.829818 0.010185 0.011719 0.012963
0 0.830859 0.025926 0.011719 0.012963
0 0.847135 0.027083 0.016146 0.013426
0 0.846615 0.042361 0.016146 0.013426
0 0.846094 0.057639 0.016146 0.013426
0 0.847135 0.073380 0.016146 0.013426
0 0.831250 0.057407 0.010417 0.012037
0 0.830339 0.073148 0.013281 0.012037
0 0.830208 0.087269 0.013021 0.008796
0 0.845182 0.087500 0.013281 0.009259
0 0.880208 0.008102 0.013021 0.014352
0 0.878776 0.026389 0.016406 0.022222
0 0.878776 0.048611 0.016406 0.022222
0 0.877995 0.087500 0.016406 0.022222
0 0.879948 0.065509 0.013021 0.018056
0 0.880339 0.106944 0.018490 0.021296
0 0.886068 0.122917 0.016406 0.018981
0 0.876823 0.148843 0.015625 0.012500
0 0.829427 0.147685 0.008333 0.013889
0 0.987109 0.393056 0.014323 0.015741
0 0.984375 0.410648 0.013021 0.021296
0 0.788802 0.325231 0.007292 0.026389
0 0.847526 0.418750 0.016927 0.009722
0 0.869792 0.430324 0.016146 0.024537
0 0.821745 0.477083 0.017448 0.008796
0 0.839323 0.491667 0.017708 0.014815
0 0.821745 0.491435 0.015365 0.012500
0 0.822526 0.506481 0.009115 0.011111
0 0.839323 0.506944 0.016146 0.012037
0 0.823958 0.521759 0.010937 0.011111
0 0.839583 0.523148 0.016146 0.010185
0 0.871224 0.470370 0.014323 0.023148
0 0.872396 0.487269 0.015625 0.021759
0 0.873958 0.524769 0.016146 0.025463
0 0.838932 0.552083 0.016927 0.014352
0 0.820833 0.566898 0.016667 0.013426
0 0.819922 0.582639 0.017969 0.013426
0 0.819401 0.596065 0.017969 0.013426
0 0.819401 0.609491 0.017969 0.013426
0 0.819141 0.626620 0.017969 0.013426
0 0.837891 0.582639 0.015885 0.011574
0 0.838151 0.597917 0.017969 0.013426
0 0.836719 0.613194 0.015625 0.012500
0 0.836979 0.627315 0.017188 0.012963
0 0.871224 0.587500 0.015365 0.024074
0 0.836849 0.657639 0.017969 0.012500
0 0.837109 0.702083 0.017969 0.012500
0 0.834505 0.734491 0.017969 0.012500
0 0.835547 0.762269 0.017969 0.012500
0 0.818359 0.687731 0.018490 0.011574
0 0.821615 0.702546 0.010937 0.011574
0 0.816927 0.732870 0.015104 0.010185
0 0.818880 0.761574 0.013802 0.012037
0 0.817057 0.778241 0.015885 0.012037
0 0.834505 0.776852 0.017969 0.011111
0 0.815755 0.793287 0.016927 0.012500
0 0.815234 0.849306 0.015885 0.009722
0 0.868880 0.631944 0.016406 0.026852
0 0.868490 0.652083 0.015104 0.020833
0 0.866276 0.673148 0.016927 0.025000
0 0.866667 0.691435 0.015104 0.023611
0 0.866667 0.711574 0.014063 0.023148
0 0.866406 0.730556 0.016667 0.025926
0 0.866797 0.750000 0.014323 0.020370
0 0.868490 0.767824 0.017188 0.020833
0 0.867448 0.790046 0.015625 0.023611
0 0.863802 0.850000 0.014583 0.012037
0 0.865495 0.828704 0.010677 0.012037
0 0.819010 0.536806 0.009896 0.007870
