0 0.057422 0.042130 0.019010 0.016667
0 0.058984 0.026852 0.017969 0.016667
0 0.059505 0.011574 0.018490 0.014815
0 0.075000 0.064352 0.017708 0.015741
0 0.076693 0.050463 0.020573 0.017593
0 0.077734 0.034722 0.020052 0.017593
0 0.077995 0.019676 0.019531 0.018981
0 0.080339 0.007639 0.021094 0.014352
0 0.111198 0.073380 0.017188 0.013426
0 0.113802 0.054630 0.015625 0.015741
0 0.114974 0.041204 0.013281 0.012037
0 0.135156 0.042130 0.017188 0.015741
0 0.131771 0.056481 0.013021 0.011111
0 0.128125 0.076389 0.014583 0.014815
0 0.136719 0.018519 0.011458 0.010185
0 0.007161 0.187269 0.013802 0.011574
0 0.029687 0.182870 0.016667 0.012963
0 0.004818 0.268981 0.008594 0.024074
0 0.030729 0.259722 0.018750 0.015741
0 0.009635 0.396065 0.008854 0.027315
0 0.019141 0.476852 0.007552 0.026852
0 0.021615 0.515278 0.006250 0.026852
0 0.028125 0.621991 0.007812 0.025463
2 0.012240 0.435648 0.011979 0.029630
0 0.044661 0.262500 0.009635 0.030556
0 0.029948 0.294213 0.009896 0.022685
0 0.050911 0.293287 0.008594 0.025463
2 0.058594 0.293519 0.008854 0.024074
0 0.083854 0.259491 0.013021 0.011574
0 0.103255 0.261111 0.017969 0.012963
2 0.125911 0.262731 0.018490 0.012500
0 0.147135 0.264352 0.017708 0.013889
0 0.138151 0.183565 0.018490 0.014352
0 0.159505 0.185648 0.017969 0.013889
0 0.188411 0.213426 0.016927 0.012037
0 0.229818 0.208102 0.019010 0.014352
1 0.177734 0.250694 0.041927 0.027315
0 0.308724 0.205787 0.017448 0.014352
0 0.302344 0.270602 0.018229 0.012500
0 0.381771 0.166667 0.018229 0.016667
0 0.392578 0.190046 0.018490 0.014352
0 0.410156 0.156250 0.014583 0.015278
0 0.438021 0.163889 0.016146 0.017593
0 0.472656 0.186574 0.013021 0.014815
2 0.402344 0.209028 0.018750 0.017130
0 0.445443 0.134491 0.017448 0.018056
0 0.484115 0.110648 0.016146 0.019444
0 0.529818 0.080556 0.008594 0.029630
0 0.559115 0.140509 0.018750 0.020833
2 0.604297 0.010185 0.019010 0.015741
0 0.704297 0.015972 0.021615 0.016204
0 0.933594 0.007407 0.018750 0.013889
0 0.344141 0.339815 0.007031 0.025000
0 0.313672 0.329167 0.012760 0.012037
0 0.311849 0.343519 0.012760 0.013889
0 0.312760 0.361574 0.013542 0.013889
0 0.310807 0.375231 0.014844 0.012500
0 0.336198 0.380093 0.008333 0.031481
0 0.184635 0.584028 0.017708 0.023611
0 0.183333 0.623843 0.017708 0.023611
0 0.183854 0.686806 0.017708 0.023611
0 0.183333 0.707639 0.017708 0.023611
0 0.183333 0.728472 0.017708 0.023611
0 0.183333 0.746065 0.017708 0.023611
0 0.183333 0.780787 0.017708 0.023611
0 0.181510 0.800231 0.017708 0.023611
0 0.182552 0.819676 0.017708 0.023611
0 0.180469 0.836343 0.017708 0.023611
0 0.181250 0.859954 0.017708 0.023611
0 0.180729 0.881250 0.017708 0.023611
2 0.180859 0.761343 0.017969 0.024537
0 0.181771 0.902546 0.017708 0.023611
0 0.217057 0.925463 0.012760 0.011111
2 0.185417 0.937731 0.009375 0.032870
0 0.177344 0.927778 0.008854 0.032407
0 0.176953 0.970602 0.008594 0.031019
0 0.195964 0.658333 0.017448 0.015741
0 0.216797 0.640509 0.017448 0.015278
0 0.217057 0.684028 0.017448 0.015278
0 0.216016 0.700694 0.017448 0.015278
0 0.215755 0.731713 0.017448 0.015278
0 0.233984 0.763657 0.017448 0.015278
0 0.234766 0.791898 0.017448 0.015278
0 0.215495 0.837731 0.017448 0.015278
0 0.215755 0.853472 0.017448 0.015278
0 0.216016 0.868287 0.017448 0.015278
0 0.232422 0.809028 0.014323 0.012500
0 0.233073 0.822454 0.014583 0.014352
0 0.243620 0.927083 0.020573 0.014352
0 0.348177 0.975694 0.017188 0.011574
0 0.384245 0.469907 0.016927 0.014815
0 0.385417 0.486806 0.017708 0.013426
0 0.383333 0.531713 0.017708 0.013426
0 0.383333 0.561806 0.017708 0.013426
0 0.382812 0.577546 0.017708 0.013426
0 0.381771 0.591898 0.017708 0.013426
0 0.382031 0.607176 0.017708 0.013426
0 0.381771 0.621991 0.017708 0.013426
0 0.382031 0.657176 0.017708 0.013426
0 0.382292 0.671065 0.017708 0.013426
0 0.382031 0.731713 0.017708 0.013426
0 0.382031 0.747454 0.017708 0.013426
0 0.384635 0.500000 0.014583 0.008333
0 0.382552 0.515972 0.016146 0.013426
0 0.381771 0.700926 0.017188 0.015741
0 0.382422 0.762500 0.015885 0.012963
0 0.380859 0.778241 0.015365 0.014815
0 0.380469 0.793750 0.014583 0.012500
0 0.379688 0.808333 0.015104 0.012963
0 0.380469 0.839815 0.018229 0.015741
0 0.380208 0.856019 0.018229 0.015741
0 0.379427 0.870833 0.018229 0.015741
0 0.379688 0.887037 0.018229 0.015741
0 0.380469 0.901389 0.018229 0.015741
0 0.381250 0.915741 0.018229 0.015741
0 0.418620 0.517361 0.017969 0.016204
0 0.418750 0.532639 0.018229 0.014352
0 0.418490 0.546991 0.018229 0.014352
0 0.417969 0.562269 0.018229 0.014352
0 0.418229 0.594676 0.018229 0.014352
0 0.417708 0.608565 0.018229 0.014352
0 0.416927 0.622917 0.018229 0.014352
0 0.417708 0.640046 0.018229 0.014352
0 0.416667 0.698380 0.018229 0.014352
0 0.417187 0.713657 0.018229 0.014352
0 0.416927 0.744676 0.018229 0.014352
0 0.416146 0.759491 0.018229 0.014352
0 0.416406 0.774306 0.018229 0.014352
0 0.415885 0.804398 0.018229 0.014352
0 0.415885 0.821991 0.018229 0.014352
0 0.416146 0.836806 0.018229 0.014352
0 0.415365 0.848843 0.018229 0.014352
0 0.416146 0.865972 0.018229 0.014352
0 0.415625 0.881250 0.018229 0.014352
0 0.414974 0.913426 0.017448 0.017593
0 0.414974 0.930556 0.017969 0.014815
0 0.416276 0.949074 0.017969 0.014815
0 0.420182 0.963889 0.017969 0.014815
0 0.432422 0.549537 0.007031 0.033333
0 0.431771 0.587269 0.006771 0.030093
0 0.431510 0.629398 0.006771 0.030093
0 0.431250 0.669444 0.007812 0.031481
0 0.430729 0.707870 0.007812 0.031481
0 0.430990 0.746759 0.007812 0.031481
0 0.429948 0.832870 0.007812 0.031481
0 0.429167 0.872222 0.007812 0.031481
0 0.429167 0.912037 0.007812 0.031481
0 0.463542 0.472222 0.016146 0.012963
0 0.464062 0.487500 0.016146 0.012963
0 0.463021 0.502315 0.016146 0.012963
0 0.462760 0.518519 0.016146 0.012963
0 0.461979 0.548843 0.018750 0.012500
0 0.461068 0.564120 0.013802 0.013426
0 0.461068 0.579167 0.017448 0.015741
0 0.461328 0.609028 0.017969 0.014352
0 0.460807 0.624769 0.015885 0.013426
0 0.459635 0.655787 0.016146 0.010648
0 0.461068 0.696991 0.017969 0.014352
0 0.460807 0.731713 0.017969 0.014352
0 0.460286 0.747222 0.016927 0.015741
2 0.459245 0.932407 0.017448 0.013889
2 0.562109 0.340972 0.007552 0.032870
0 0.533984 0.400926 0.006510 0.019444
0 0.542578 0.403935 0.005990 0.017130
0 0.550781 0.404630 0.006250 0.021296
0 0.562500 0.384722 0.007292 0.029630
0 0.553255 0.347454 0.007552 0.028241
0 0.572005 0.338194 0.008594 0.032870
0 0.571094 0.300463 0.007292 0.029630
0 0.602083 0.173843 0.007292 0.031019
0 0.570964 0.234491 0.007031 0.030093
0 0.571484 0.266204 0.006510 0.025926
0 0.607031 0.242361 0.007812 0.031944
0 0.620964 0.276389 0.007552 0.032407
0 0.620052 0.312963 0.007292 0.031481
0 0.602734 0.387731 0.013281 0.032870
0 0.617578 0.421759 0.015885 0.026852
0 0.627604 0.340741 0.006250 0.018519
0 0.642969 0.343750 0.013021 0.023611
0 0.631250 0.367361 0.018229 0.013426
0 0.575391 0.938426 0.011198 0.012037
0 0.581250 0.430787 0.010937 0.012500
0 0.577995 0.475231 0.016406 0.014352
0 0.578385 0.506944 0.017188 0.014815
0 0.578255 0.521759 0.019010 0.015741
0 0.578516 0.537731 0.016406 0.013426
0 0.577083 0.553241 0.018750 0.012963
0 0.576562 0.569444 0.016146 0.011111
0 0.576693 0.601852 0.017969 0.013889
0 0.576953 0.617130 0.017969 0.013889
0 0.576693 0.631481 0.017969 0.013889
0 0.576432 0.646759 0.017969 0.013889
0 0.576693 0.663426 0.017969 0.013889
0 0.575651 0.679167 0.017969 0.013889
0 0.573828 0.738889 0.015885 0.013889
0 0.575130 0.753935 0.012760 0.012500
0 0.574479 0.783333 0.017188 0.013889
0 0.575130 0.800231 0.016406 0.010648
0 0.573698 0.846991 0.017708 0.014352
0 0.573177 0.863889 0.015625 0.014815
0 0.592708 0.580556 0.007292 0.029630
0 0.631510 0.991204 0.017708 0.012037
0 0.632031 0.976389 0.017188 0.012037
0 0.630990 0.960648 0.017188 0.012037
0 0.631510 0.946296 0.017188 0.012037
0 0.632552 0.897222 0.017188 0.012037
0 0.632292 0.885185 0.017188 0.012037
0 0.632422 0.868981 0.016406 0.014815
0 0.633073 0.852315 0.017708 0.012037
0 0.633333 0.807176 0.017708 0.014352
0 0.633854 0.778009 0.017708 0.014352
0 0.633333 0.762731 0.017708 0.014352
0 0.633073 0.746528 0.017708 0.014352
0 0.634635 0.731713 0.017708 0.014352
0 0.634375 0.717824 0.017708 0.014352
0 0.633854 0.702546 0.017708 0.014352
0 0.635156 0.687731 0.017708 0.014352
0 0.619010 0.753704 0.006771 0.028704
0 0.607943 0.751389 0.005469 0.021296
0 0.620182 0.684722 0.005990 0.031481
0 0.636589 0.657176 0.017969 0.011574
0 0.636328 0.641435 0.017969 0.011574
0 0.634245 0.625694 0.017969 0.011574
0 0.634505 0.610880 0.017969 0.011574
0 0.634635 0.595833 0.016146 0.011111
0 0.619271 0.578241 0.018229 0.016667
0 0.636328 0.565509 0.017448 0.012500
0 0.635156 0.550231 0.015104 0.012500
0 0.631901 0.534028 0.008594 0.013426
0 0.636719 0.519907 0.018229 0.011111
0 0.636198 0.504861 0.018229 0.012500
0 0.638281 0.488194 0.013021 0.011574
0 0.625260 0.479398 0.009896 0.035648
0 0.646224 0.471991 0.013281 0.024537
0 0.661979 0.460880 0.008333 0.030093
0 0.670833 0.459028 0.007292 0.018056
0 0.635677 0.398148 0.006771 0.022222
0 0.643359 0.402778 0.006510 0.029630
0 0.653906 0.401620 0.007292 0.031019
0 0.670703 0.402778 0.006510 0.027778
0 0.679948 0.401389 0.006250 0.022222
0 0.688021 0.399306 0.007292 0.021759
0 0.696224 0.403935 0.007031 0.030093
0 0.705469 0.404861 0.007812 0.030093
0 0.714323 0.404398 0.007812 0.030093
0 0.722917 0.403935 0.007812 0.030093
0 0.739583 0.402546 0.007812 0.030093
0 0.747656 0.403009 0.007812 0.030093
0 0.757292 0.402083 0.007812 0.030093
0 0.767188 0.403935 0.007812 0.030093
0 0.731510 0.403241 0.005729 0.022222
0 0.720313 0.340046 0.008333 0.028241
0 0.711328 0.332176 0.007031 0.014352
0 0.729297 0.340278 0.008073 0.026852
0 0.737891 0.339815 0.007552 0.032407
0 0.746224 0.341204 0.007552 0.032407
0 0.755859 0.340278 0.007552 0.032407
0 0.763411 0.340741 0.007552 0.032407
0 0.780990 0.345833 0.006250 0.030556
0 0.788802 0.346065 0.008333 0.027315
0 0.772396 0.341667 0.007292 0.025926
0 0.808854 0.342824 0.009375 0.032870
0 0.731641 0.457870 0.007552 0.015741
0 0.723307 0.458102 0.008073 0.013426
0 0.757292 0.464352 0.008854 0.027778
0 0.765755 0.464815 0.006510 0.028704
0 0.775391 0.473148 0.007031 0.029630
0 0.747786 0.460417 0.007552 0.018981
2 0.817839 0.344444 0.008073 0.032407
0 0.826693 0.342593 0.007552 0.032407
0 0.835547 0.342130 0.007552 0.030556
2 0.845182 0.340046 0.009115 0.034722
0 0.807682 0.412731 0.014323 0.013426
0 0.822005 0.404630 0.013281 0.014815
0 0.807943 0.446528 0.016927 0.013426
0 0.809375 0.462269 0.017188 0.013426
0 0.808854 0.477546 0.017188 0.013426
0 0.809115 0.507639 0.017188 0.013426
0 0.808854 0.523380 0.017188 0.013426
0 0.809245 0.568750 0.013802 0.012500
0 0.807552 0.584491 0.015625 0.011574
0 0.810026 0.554167 0.015365 0.012963
0 0.807943 0.631250 0.017969 0.012500
0 0.808333 0.660880 0.014063 0.013426
0 0.828776 0.446065 0.016927 0.009722
0 0.827865 0.463194 0.017188 0.014352
0 0.827995 0.492593 0.013281 0.011111
0 0.827214 0.554398 0.016406 0.012500
0 0.826172 0.585648 0.019010 0.013889
0 0.825781 0.615509 0.016146 0.013426
0 0.812891 0.615509 0.007552 0.010648
0 0.826953 0.630787 0.017448 0.012500
0 0.825911 0.662269 0.017448 0.012500
0 0.825651 0.692361 0.017448 0.012500
0 0.824609 0.708102 0.017448 0.012500
0 0.824349 0.722454 0.017448 0.012500
0 0.824870 0.738194 0.017448 0.012500
0 0.824089 0.755324 0.017448 0.012500
0 0.807161 0.721991 0.015885 0.012500
0 0.807682 0.737269 0.013802 0.012500
0 0.807552 0.753704 0.013021 0.010185
0 0.807292 0.675926 0.014583 0.012963
0 0.806641 0.690741 0.015885 0.011111
0 0.858464 0.441435 0.013802 0.023611
0 0.859766 0.487731 0.013802 0.023611
0 0.857943 0.526157 0.013802 0.023611
0 0.859115 0.546991 0.015625 0.026389
0 0.860026 0.505093 0.015365 0.021296
0 0.860417 0.462731 0.016667 0.025463
0 0.858073 0.590509 0.015104 0.027315
0 0.858203 0.608796 0.016406 0.025000
0 0.858724 0.668519 0.016406 0.025000
0 0.856901 0.691667 0.016406 0.025000
0 0.856641 0.712037 0.016406 0.025000
0 0.856120 0.752778 0.016406 0.025000
0 0.857943 0.769907 0.016406 0.025000
0 0.865495 0.787269 0.016406 0.016204
0 0.855339 0.812269 0.015885 0.015278
0 0.858073 0.728009 0.011458 0.020833
0 0.857682 0.630093 0.015885 0.028704
2 0.873047 0.329398 0.021615 0.012500
0 0.878125 0.372454 0.008333 0.030093
0 0.886979 0.376389 0.006250 0.022222
0 0.894531 0.372222 0.006250 0.027778
0 0.904297 0.366435 0.009115 0.025463
0 0.912370 0.369676 0.008594 0.029167
2 0.922786 0.371528 0.009635 0.031944
0 0.939193 0.370370 0.008073 0.024074
0 0.947266 0.369213 0.007552 0.021759
0 0.956250 0.370602 0.008854 0.026389
0 0.965365 0.371759 0.007812 0.023148
0 0.977474 0.387731 0.012760 0.013426
0 0.890755 0.294907 0.008594 0.029630
0 0.900651 0.296296 0.008594 0.029630
0 0.909766 0.295370 0.008594 0.029630
0 0.969661 0.298611 0.008594 0.029630
0 0.979036 0.299537 0.008594 0.029630
0 0.954167 0.298380 0.007812 0.032870
0 0.927344 0.296759 0.008854 0.031481
0 0.935417 0.294676 0.008333 0.031019
2 0.919010 0.295370 0.008854 0.036111
2 0.945573 0.295833 0.008854 0.036111
0 0.834245 0.144907 0.009115 0.032407
0 0.834375 0.190509 0.008854 0.031019
0 0.859505 0.121759 0.017969 0.013889
0 0.860026 0.135648 0.017969 0.013889
0 0.860156 0.153241 0.019792 0.015741
0 0.861198 0.169676 0.018229 0.011574
0 0.860417 0.186343 0.014583 0.010648
0 0.859896 0.202546 0.015625 0.011574
0 0.859635 0.217361 0.018229 0.013426
0 0.840365 0.285648 0.006771 0.033333
