0 0.060677 0.145370 0.009375 0.014815
0 0.074479 0.149537 0.016146 0.012963
0 0.057943 0.127083 0.019531 0.016204
0 0.077604 0.135185 0.019271 0.016667
0 0.059505 0.111574 0.017969 0.015741
0 0.059505 0.096528 0.018490 0.016204
0 0.078776 0.104398 0.020573 0.017130
0 0.078516 0.119444 0.018490 0.016667
2 0.059505 0.078009 0.022135 0.022685
0 0.081380 0.088657 0.020052 0.017130
0 0.061979 0.061111 0.019271 0.020370
0 0.064714 0.045833 0.017969 0.024074
0 0.068880 0.029861 0.014844 0.027315
0 0.083984 0.057176 0.019531 0.019907
0 0.081901 0.072917 0.016406 0.013426
0 0.083073 0.028935 0.008854 0.031019
0 0.091276 0.035648 0.009115 0.027778
0 0.100260 0.038889 0.008333 0.026852
0 0.117578 0.047454 0.008594 0.030093
0 0.126302 0.045139 0.008854 0.026389
0 0.135286 0.050694 0.009635 0.032870
0 0.144141 0.050231 0.009115 0.027315
0 0.161198 0.055556 0.009375 0.033333
0 0.171484 0.052083 0.012760 0.029167
0 0.184766 0.065278 0.014844 0.013889
0 0.187891 0.079630 0.017448 0.012963
0 0.167187 0.083565 0.018229 0.011574
0 0.144922 0.083796 0.017969 0.013889
0 0.137240 0.103472 0.011979 0.012500
0 0.135547 0.126852 0.016927 0.014815
0 0.132161 0.141435 0.013802 0.012500
0 0.160677 0.100000 0.015625 0.011111
0 0.110417 0.156713 0.014583 0.013426
0 0.128646 0.159491 0.018750 0.015278
0 0.113802 0.139352 0.016667 0.012963
0 0.115495 0.125694 0.014323 0.012500
2 0.116667 0.100694 0.021354 0.017130
0 0.120573 0.112500 0.013021 0.012037
2 0.107943 0.047917 0.009115 0.033796
0 0.007031 0.271065 0.013542 0.014352
0 0.028906 0.266435 0.016667 0.011574
0 0.005729 0.349537 0.010937 0.028704
0 0.029948 0.316667 0.018750 0.012963
0 0.030859 0.343056 0.018490 0.014815
0 0.045312 0.344213 0.009896 0.031944
0 0.029167 0.379398 0.010417 0.023611
0 0.050911 0.379167 0.007552 0.029630
2 0.058724 0.379167 0.009115 0.028704
2 0.011719 0.519213 0.011979 0.031944
0 0.009635 0.478935 0.008333 0.030093
0 0.019141 0.559722 0.007552 0.026852
0 0.021224 0.597685 0.007552 0.027778
0 0.028385 0.709028 0.007292 0.031019
0 0.083854 0.343750 0.014583 0.012500
0 0.102474 0.343981 0.017969 0.013889
0 0.138672 0.266204 0.018490 0.012963
0 0.168880 0.287963 0.018490 0.012963
0 0.248047 0.292130 0.018490 0.012963
0 0.159505 0.268750 0.016927 0.011574
0 0.128385 0.294676 0.017188 0.012500
2 0.126823 0.346759 0.019271 0.014815
0 0.147135 0.346296 0.016667 0.012963
1 0.206120 0.338426 0.041927 0.021296
0 0.302214 0.353472 0.017448 0.013426
0 0.342448 0.287731 0.018229 0.014352
2 0.498568 0.059491 0.010677 0.033796
0 0.525130 0.083796 0.009635 0.029630
2 0.604036 0.092824 0.017969 0.016204
2 0.656380 0.079167 0.017969 0.013889
2 0.654687 0.112037 0.019792 0.018519
0 0.382422 0.251389 0.018490 0.017593
0 0.392188 0.270370 0.016146 0.018519
0 0.410938 0.240278 0.015104 0.018519
0 0.445052 0.217824 0.016667 0.020833
0 0.484245 0.194444 0.017969 0.022222
2 0.462240 0.260880 0.018750 0.019907
0 0.532161 0.237963 0.013281 0.015741
0 0.620313 0.191898 0.018750 0.022685
0 0.872266 0.088426 0.015885 0.012963
0 0.344401 0.421991 0.007031 0.027315
0 0.335807 0.463194 0.007552 0.029167
0 0.311589 0.475231 0.014844 0.013426
0 0.311068 0.459028 0.013802 0.011574
0 0.312630 0.443981 0.013281 0.012037
0 0.312240 0.428241 0.011458 0.012037
0 0.313021 0.412731 0.014063 0.013426
0 0.184375 0.666435 0.018229 0.022685
0 0.184375 0.705324 0.018229 0.022685
0 0.183333 0.771065 0.018229 0.022685
0 0.182292 0.789120 0.018229 0.022685
0 0.183333 0.809491 0.018229 0.022685
0 0.181250 0.829398 0.018229 0.022685
2 0.180729 0.843519 0.018229 0.025926
0 0.182812 0.865046 0.018229 0.022685
0 0.181771 0.882639 0.018229 0.022685
0 0.181510 0.902083 0.018229 0.022685
0 0.180208 0.920602 0.018229 0.022685
0 0.181510 0.942130 0.015104 0.022222
0 0.179818 0.965278 0.015365 0.025000
0 0.180339 0.982407 0.017448 0.026852
0 0.198828 0.740741 0.017969 0.015741
0 0.217188 0.721759 0.018229 0.013889
0 0.217188 0.767593 0.017708 0.013889
0 0.217188 0.783333 0.017708 0.013889
0 0.215625 0.813426 0.017708 0.013889
0 0.233333 0.844444 0.017708 0.013889
0 0.233854 0.875926 0.017708 0.013889
0 0.214062 0.920370 0.017708 0.013889
0 0.214583 0.936111 0.017708 0.013889
0 0.216146 0.950000 0.017708 0.013889
0 0.232682 0.890741 0.014844 0.012963
0 0.232552 0.905324 0.013021 0.012500
0 0.383984 0.552546 0.016406 0.016204
0 0.385026 0.567824 0.016406 0.016204
0 0.384115 0.613194 0.018750 0.016204
0 0.383594 0.643519 0.017188 0.013889
0 0.382292 0.659259 0.017188 0.013889
0 0.382031 0.675000 0.017188 0.013889
0 0.382292 0.689352 0.017188 0.013889
0 0.381771 0.702778 0.017188 0.013889
0 0.382031 0.737963 0.017188 0.013889
0 0.382031 0.753241 0.017188 0.013889
0 0.382161 0.784722 0.015885 0.015741
0 0.381901 0.813889 0.017969 0.014815
0 0.381901 0.830093 0.017969 0.014815
0 0.380339 0.922685 0.017969 0.014815
0 0.379297 0.937963 0.017969 0.014815
0 0.379557 0.954630 0.017969 0.014815
0 0.379297 0.969676 0.016406 0.013426
0 0.380469 0.983333 0.017188 0.013889
0 0.380078 0.996991 0.017448 0.006019
0 0.382552 0.844213 0.015104 0.011574
0 0.381120 0.859028 0.015885 0.014352
0 0.380859 0.874306 0.015885 0.014352
0 0.380339 0.889583 0.015885 0.014352
0 0.418620 0.598148 0.017448 0.012963
0 0.418620 0.613889 0.017448 0.012963
0 0.419401 0.628241 0.017448 0.012963
0 0.418880 0.644444 0.017448 0.012963
0 0.418099 0.676852 0.017448 0.012963
0 0.418099 0.692593 0.017448 0.012963
0 0.417057 0.706019 0.017448 0.012963
0 0.417839 0.723611 0.017448 0.012963
0 0.416797 0.781944 0.017448 0.012963
0 0.416536 0.798148 0.016406 0.014815
0 0.416276 0.827778 0.016406 0.014815
0 0.416016 0.841667 0.016406 0.014815
0 0.416016 0.856019 0.016406 0.014815
0 0.415755 0.888889 0.016406 0.014815
0 0.415495 0.903472 0.019010 0.014352
0 0.415495 0.919213 0.019010 0.014352
0 0.416016 0.932639 0.019010 0.014352
0 0.415234 0.948843 0.019010 0.014352
0 0.415365 0.964352 0.017708 0.014815
0 0.414583 0.994213 0.016667 0.011574
0 0.432552 0.631019 0.007812 0.034259
0 0.431250 0.669907 0.006771 0.029630
0 0.431380 0.711343 0.007031 0.031944
0 0.430599 0.750694 0.007031 0.031944
0 0.430599 0.790509 0.007031 0.031944
0 0.430339 0.829398 0.007031 0.031944
0 0.430339 0.913657 0.007031 0.031944
0 0.429557 0.954167 0.007552 0.032407
0 0.429036 0.987731 0.007031 0.024537
0 0.463021 0.555324 0.015625 0.013426
0 0.461068 0.828009 0.016406 0.016204
0 0.461979 0.810185 0.017188 0.012037
0 0.461458 0.779167 0.017188 0.012037
0 0.460417 0.737500 0.017188 0.012037
0 0.461198 0.706481 0.017188 0.012037
0 0.460938 0.691667 0.017188 0.012037
0 0.461458 0.660648 0.017188 0.012037
0 0.461719 0.645833 0.017188 0.012037
0 0.462500 0.630787 0.020313 0.014352
0 0.462760 0.584491 0.016146 0.010648
0 0.463672 0.600231 0.016927 0.011574
0 0.602083 0.254398 0.007292 0.031019
0 0.570443 0.316204 0.007031 0.027778
0 0.570833 0.349537 0.006250 0.028704
0 0.570312 0.383333 0.007812 0.031481
0 0.552474 0.429630 0.007031 0.025000
0 0.533073 0.484491 0.006771 0.022685
0 0.542578 0.485648 0.004948 0.015741
0 0.550911 0.487731 0.006510 0.022685
0 0.561979 0.465972 0.006771 0.028241
2 0.561849 0.425000 0.007031 0.032407
0 0.572266 0.419444 0.008073 0.030556
0 0.606771 0.316435 0.007292 0.033796
0 0.620182 0.357639 0.008073 0.032870
0 0.619661 0.396296 0.007031 0.032407
0 0.605469 0.479861 0.013021 0.031019
0 0.577995 0.514120 0.016927 0.013426
0 0.573177 0.945370 0.016146 0.012963
0 0.573177 0.928935 0.017708 0.014352
0 0.575521 0.881250 0.017708 0.014352
0 0.575260 0.865509 0.017708 0.014352
0 0.573958 0.818750 0.017708 0.014352
0 0.575521 0.731250 0.017708 0.014352
0 0.576042 0.714120 0.017708 0.014352
0 0.576823 0.699769 0.017708 0.014352
0 0.574349 0.760880 0.016406 0.015278
0 0.576823 0.683333 0.017188 0.014815
0 0.576562 0.650231 0.017188 0.012500
0 0.576823 0.635185 0.017708 0.013889
0 0.577344 0.620370 0.017708 0.013889
0 0.577604 0.603704 0.017708 0.013889
0 0.577865 0.586574 0.017708 0.013889
0 0.593099 0.660880 0.007031 0.029167
0 0.577604 0.557870 0.017708 0.013889
0 0.632161 0.981250 0.016406 0.012500
0 0.631771 0.967361 0.015104 0.011574
0 0.631641 0.951157 0.015885 0.013426
0 0.632161 0.934028 0.017969 0.016204
0 0.632682 0.888194 0.017969 0.016204
0 0.633073 0.860648 0.017188 0.014815
0 0.633594 0.844907 0.017188 0.014815
0 0.633333 0.828704 0.017188 0.014815
0 0.634115 0.812963 0.017188 0.014815
0 0.634375 0.800000 0.017188 0.014815
0 0.634115 0.784259 0.017188 0.014815
0 0.635677 0.769444 0.017188 0.014815
0 0.636719 0.739815 0.017188 0.014815
0 0.635938 0.722685 0.017188 0.014815
0 0.634896 0.707407 0.017188 0.014815
0 0.635156 0.692130 0.017188 0.014815
0 0.635417 0.678241 0.017188 0.014815
0 0.620313 0.765509 0.007812 0.031944
0 0.607292 0.791898 0.007292 0.025463
0 0.618620 0.835880 0.008594 0.028241
0 0.619271 0.660185 0.017708 0.016667
0 0.636068 0.647685 0.017448 0.014815
0 0.635417 0.631019 0.016146 0.012037
0 0.631901 0.615278 0.009635 0.012037
0 0.636849 0.602315 0.017969 0.011111
0 0.635807 0.586343 0.017969 0.012500
0 0.621875 0.442593 0.017188 0.024074
0 0.627734 0.421759 0.008073 0.021296
0 0.642708 0.425000 0.014063 0.026852
0 0.625391 0.562963 0.009635 0.038889
0 0.638281 0.570833 0.012500 0.011111
0 0.646354 0.554861 0.013021 0.025463
0 0.635286 0.479630 0.005469 0.020370
0 0.643099 0.484954 0.006510 0.031019
0 0.654036 0.484028 0.006510 0.031019
0 0.670573 0.484028 0.006250 0.026389
0 0.679167 0.484954 0.006250 0.026389
0 0.687891 0.482176 0.005990 0.022685
0 0.696094 0.485880 0.006771 0.031019
0 0.705469 0.486806 0.006771 0.031019
0 0.722656 0.485417 0.006771 0.031019
0 0.739583 0.484028 0.006771 0.031019
0 0.747396 0.484259 0.007812 0.032407
0 0.755859 0.484491 0.008594 0.031019
0 0.766406 0.486111 0.007292 0.030556
0 0.714193 0.484259 0.008073 0.026852
0 0.730859 0.484259 0.007031 0.022222
0 0.625781 0.507870 0.017188 0.017593
0 0.662240 0.542593 0.007292 0.028704
0 0.670443 0.541667 0.008073 0.018519
0 0.713411 0.538889 0.008073 0.013889
0 0.722656 0.540046 0.008333 0.016204
0 0.730599 0.539120 0.008073 0.018056
0 0.748698 0.543056 0.008854 0.020370
0 0.756380 0.546991 0.007552 0.026389
0 0.765104 0.547454 0.006250 0.026389
0 0.775260 0.554861 0.007292 0.030093
0 0.710807 0.414352 0.007031 0.015741
0 0.719922 0.421759 0.008073 0.027778
0 0.728385 0.420370 0.008333 0.029630
0 0.737109 0.421991 0.008073 0.031019
0 0.745703 0.421991 0.008073 0.031019
0 0.754297 0.422917 0.008073 0.031019
0 0.762370 0.421991 0.008073 0.031019
0 0.771875 0.423843 0.007292 0.028241
0 0.779948 0.425463 0.008333 0.029630
0 0.788542 0.427315 0.008333 0.029630
0 0.807943 0.423148 0.008594 0.033333
2 0.817057 0.426620 0.007031 0.032870
0 0.826693 0.424769 0.008073 0.031944
0 0.834635 0.423843 0.007292 0.031019
2 0.843880 0.421759 0.009635 0.036111
2 0.872135 0.411343 0.022396 0.013426
2 0.918099 0.376157 0.009115 0.034722
2 0.944531 0.379861 0.009896 0.035648
0 0.832943 0.227778 0.008594 0.029630
0 0.833464 0.272917 0.007552 0.029167
0 0.858724 0.203704 0.017969 0.012963
0 0.858984 0.218981 0.017969 0.012963
0 0.857943 0.236111 0.017969 0.012963
0 0.860026 0.252315 0.017969 0.012963
0 0.860547 0.268981 0.017969 0.012963
0 0.860286 0.284722 0.017969 0.012963
0 0.858203 0.299537 0.017969 0.012963
0 0.890885 0.377083 0.008854 0.030093
0 0.900391 0.378009 0.008073 0.027315
0 0.908333 0.378704 0.007292 0.022222
0 0.925781 0.378935 0.007292 0.029167
0 0.934115 0.376389 0.008333 0.032407
0 0.952474 0.381250 0.008073 0.033796
0 0.969010 0.380556 0.007812 0.032407
0 0.977083 0.381944 0.008333 0.032407
0 0.877214 0.455093 0.009115 0.030556
0 0.886198 0.457176 0.007812 0.021759
0 0.894531 0.453704 0.007292 0.027778
0 0.903125 0.450000 0.007812 0.026852
0 0.911849 0.452083 0.008594 0.027315
2 0.922005 0.453472 0.009635 0.031944
0 0.937500 0.453935 0.009375 0.028241
0 0.946615 0.451157 0.007812 0.022685
0 0.955469 0.453704 0.008854 0.029630
0 0.963021 0.456250 0.006250 0.032870
0 0.975130 0.474537 0.014323 0.027778
0 0.807422 0.493287 0.014844 0.012500
0 0.821875 0.486806 0.013542 0.012500
0 0.807943 0.527778 0.016927 0.012963
0 0.808984 0.543056 0.015885 0.013889
0 0.808594 0.590046 0.017188 0.012500
0 0.808594 0.559259 0.018750 0.012963
0 0.808203 0.604861 0.019010 0.014352
0 0.823958 0.834491 0.016667 0.013426
0 0.824609 0.818981 0.016406 0.014815
0 0.824349 0.803704 0.016406 0.014815
0 0.824349 0.787963 0.016406 0.014815
0 0.824870 0.774074 0.016406 0.014815
0 0.826042 0.742130 0.018229 0.014815
0 0.827083 0.712037 0.017188 0.012963
0 0.826302 0.635648 0.016667 0.013889
0 0.826042 0.666667 0.017708 0.014815
0 0.825130 0.695833 0.017448 0.014815
0 0.806120 0.891898 0.011719 0.013426
0 0.808073 0.834954 0.013021 0.011574
0 0.806510 0.818750 0.016146 0.012500
0 0.806250 0.802083 0.015104 0.012500
0 0.809115 0.742130 0.012500 0.013889
0 0.807422 0.756481 0.010156 0.012037
0 0.808203 0.772454 0.012760 0.014352
0 0.809115 0.635417 0.016667 0.012500
0 0.809375 0.650463 0.013542 0.012963
0 0.809505 0.667130 0.013281 0.012963
0 0.807031 0.681019 0.014063 0.011111
0 0.855469 0.893981 0.014583 0.012963
0 0.865625 0.867361 0.017188 0.018981
0 0.827604 0.574769 0.013542 0.011574
0 0.826953 0.545370 0.017969 0.015741
0 0.828646 0.528704 0.016146 0.009259
0 0.858724 0.523380 0.014844 0.022685
0 0.859505 0.542824 0.017969 0.025463
0 0.859115 0.565278 0.015104 0.023148
0 0.859505 0.587963 0.015885 0.024074
0 0.856901 0.607639 0.014323 0.021759
0 0.857943 0.629398 0.016406 0.025463
0 0.857161 0.690046 0.016406 0.025463
0 0.857682 0.709028 0.016406 0.025463
0 0.858984 0.747917 0.016406 0.025463
0 0.857682 0.772454 0.016406 0.025463
0 0.857161 0.794213 0.016406 0.025463
0 0.856380 0.834954 0.016406 0.025463
0 0.857682 0.850694 0.016406 0.025463
0 0.858203 0.809722 0.011719 0.018519
0 0.857812 0.670833 0.015104 0.023148
0 0.801953 0.047222 0.015365 0.027778
0 0.839583 0.368056 0.005729 0.033333
