0 0.025260 0.047454 0.017188 0.011574
0 0.033854 0.105787 0.009896 0.029167
0 0.025391 0.103472 0.010156 0.031944
0 0.011328 0.100231 0.009635 0.029167
0 0.003255 0.099537 0.005990 0.029630
0 0.095312 0.222685 0.017188 0.014815
0 0.125130 0.231944 0.012240 0.010185
0 0.176172 0.254398 0.018490 0.015278
0 0.332422 0.309491 0.016406 0.014352
0 0.324349 0.107870 0.012240 0.010185
0 0.339714 0.110185 0.017448 0.012963
0 0.314453 0.085185 0.004948 0.021296
0 0.369792 0.018981 0.007292 0.028704
2 0.039193 0.438426 0.019010 0.012037
0 0.204036 0.452315 0.016927 0.012963
0 0.243359 0.425000 0.014844 0.012963
0 0.295833 0.428241 0.014583 0.012037
0 0.336589 0.209259 0.010677 0.011111
0 0.355208 0.237963 0.006771 0.031481
0 0.382552 0.237731 0.006771 0.028241
0 0.381901 0.275694 0.005990 0.031019
0 0.362500 0.334491 0.007292 0.023611
0 0.381120 0.319676 0.009635 0.030093
0 0.344661 0.393287 0.007031 0.031019
2 0.379036 0.390509 0.006510 0.031944
0 0.372786 0.409954 0.012240 0.031019
0 0.370964 0.450926 0.006510 0.024074
0 0.341536 0.516204 0.005469 0.023148
0 0.342708 0.551852 0.008333 0.032407
0 0.241146 0.563657 0.006250 0.028241
0 0.240885 0.595602 0.006250 0.028241
0 0.180859 0.633565 0.017969 0.011574
0 0.023307 0.786574 0.015885 0.011111
0 0.005990 0.827083 0.007812 0.024537
0 0.121484 0.798148 0.017448 0.006481
0 0.141797 0.800000 0.012240 0.007407
0 0.161979 0.800463 0.015104 0.011111
0 0.138932 0.830787 0.016406 0.012500
0 0.111198 0.892593 0.007292 0.035185
0 0.120964 0.946528 0.012760 0.007870
0 0.196224 0.981481 0.007552 0.015741
0 0.218359 0.840741 0.015885 0.012963
0 0.244922 0.925463 0.006510 0.030556
0 0.268620 0.839583 0.015365 0.013426
0 0.307031 0.844213 0.017188 0.012500
0 0.267318 0.649769 0.016927 0.010648
0 0.256510 0.669907 0.005729 0.028704
0 0.374479 0.562037 0.004167 0.027778
0 0.371875 0.603935 0.005729 0.028241
0 0.339974 0.605787 0.007552 0.029167
0 0.337370 0.639815 0.017448 0.022222
0 0.370964 0.696759 0.005469 0.028704
0 0.370312 0.727546 0.006771 0.028241
0 0.337630 0.763657 0.006510 0.027315
0 0.339193 0.852546 0.006510 0.028241
0 0.335156 0.892361 0.005729 0.029167
0 0.366667 0.849537 0.005729 0.031481
0 0.380729 0.905787 0.012500 0.011574
0 0.394661 0.926620 0.012240 0.012500
0 0.396484 0.983333 0.015885 0.012037
0 0.472917 0.021065 0.017188 0.022685
0 0.436589 0.140278 0.012240 0.012963
0 0.435677 0.158102 0.016667 0.012500
0 0.436458 0.172917 0.014583 0.012500
0 0.436458 0.203009 0.013021 0.012500
0 0.433464 0.218056 0.017448 0.012963
0 0.434505 0.232870 0.017448 0.012963
0 0.433464 0.264352 0.017448 0.012963
0 0.432422 0.295370 0.017448 0.012963
0 0.433333 0.280556 0.014063 0.012037
0 0.434635 0.248611 0.014583 0.013889
0 0.470703 0.127315 0.014323 0.025926
0 0.470443 0.149537 0.014323 0.025926
0 0.470443 0.169907 0.014323 0.025926
0 0.468880 0.187037 0.014323 0.025926
0 0.469401 0.212500 0.014323 0.025926
0 0.469922 0.257870 0.010677 0.020370
0 0.468359 0.278009 0.014844 0.026389
0 0.468099 0.300000 0.014844 0.024074
0 0.467578 0.322222 0.014844 0.024074
0 0.466536 0.362963 0.014844 0.024074
0 0.465755 0.384259 0.014844 0.024074
2 0.466276 0.425463 0.015885 0.029630
0 0.431901 0.371991 0.017448 0.012500
0 0.431901 0.401620 0.013281 0.012500
0 0.464323 0.445602 0.015625 0.029167
0 0.464323 0.470602 0.015625 0.029167
0 0.465625 0.491435 0.015625 0.029167
0 0.464323 0.513194 0.015625 0.029167
0 0.464323 0.536343 0.015625 0.029167
0 0.464062 0.559028 0.015625 0.029167
0 0.463021 0.580324 0.013542 0.025463
0 0.439714 0.543519 0.005990 0.029630
0 0.430599 0.416898 0.016927 0.011574
0 0.429297 0.430787 0.017969 0.012500
0 0.429036 0.447222 0.017448 0.012963
0 0.429818 0.477315 0.014844 0.012037
0 0.427995 0.507407 0.016927 0.014815
0 0.449740 0.503472 0.006771 0.029167
0 0.427995 0.584722 0.014844 0.012963
0 0.427865 0.598148 0.017188 0.012037
0 0.426953 0.613657 0.016406 0.011574
0 0.426563 0.629630 0.016667 0.012963
0 0.427214 0.658796 0.013802 0.012037
0 0.460417 0.596065 0.013542 0.021759
0 0.461719 0.621528 0.015625 0.025463
0 0.461198 0.640741 0.013021 0.021296
0 0.461719 0.658102 0.013021 0.018981
0 0.461589 0.679630 0.013281 0.024074
0 0.461068 0.699769 0.013281 0.022685
0 0.459505 0.722454 0.014323 0.023611
0 0.459505 0.743750 0.014323 0.023611
0 0.459766 0.767361 0.014323 0.023611
0 0.458464 0.788194 0.014323 0.023611
0 0.458464 0.807639 0.014323 0.023611
0 0.458203 0.828935 0.014323 0.023611
0 0.426302 0.703472 0.014063 0.015278
0 0.437630 0.703935 0.005990 0.020833
0 0.424740 0.719213 0.016667 0.012500
0 0.424479 0.749306 0.016667 0.012500
0 0.424740 0.780324 0.016667 0.012500
0 0.422656 0.854861 0.016667 0.012500
0 0.422917 0.871065 0.016667 0.012500
0 0.421875 0.886111 0.018750 0.012037
2 0.424609 0.795602 0.017969 0.012500
0 0.420964 0.915278 0.017969 0.014815
2 0.422786 0.931481 0.016927 0.014815
0 0.455990 0.909954 0.014063 0.025463
0 0.456250 0.929630 0.016667 0.024074
0 0.454557 0.965741 0.014323 0.024074
0 0.453776 0.989583 0.015885 0.020833
0 0.423698 0.945833 0.017188 0.013889
0 0.421094 0.960417 0.016146 0.013426
0 0.419922 0.975926 0.017969 0.013889
0 0.419271 0.990741 0.019271 0.015741
0 0.590104 0.051389 0.017708 0.012963
0 0.610807 0.052083 0.014844 0.009722
0 0.581510 0.094213 0.014583 0.013426
0 0.627344 0.154861 0.017188 0.014352
0 0.655339 0.012963 0.015365 0.024074
0 0.654948 0.032639 0.016146 0.025463
0 0.680990 0.058796 0.015104 0.012963
0 0.688281 0.083102 0.017708 0.012500
0 0.616927 0.096991 0.008854 0.014352
0 0.668620 0.133102 0.014844 0.025463
0 0.667969 0.153472 0.011458 0.019907
0 0.667188 0.174074 0.015104 0.022222
0 0.667839 0.196528 0.016406 0.026389
0 0.666016 0.246528 0.016406 0.026389
0 0.665234 0.292361 0.016406 0.026389
0 0.664714 0.335880 0.016406 0.026389
0 0.663932 0.355787 0.016406 0.026389
0 0.664453 0.375231 0.016406 0.026389
0 0.662891 0.400694 0.016406 0.026389
0 0.662630 0.421065 0.016406 0.026389
0 0.666667 0.267593 0.013542 0.019444
0 0.633594 0.215741 0.018750 0.014815
0 0.632682 0.232176 0.017969 0.012500
0 0.614974 0.230324 0.017969 0.012500
0 0.632943 0.246065 0.017969 0.012500
0 0.632943 0.262269 0.017969 0.012500
0 0.631380 0.294676 0.017969 0.012500
0 0.631641 0.309028 0.017969 0.012500
0 0.631641 0.324769 0.017969 0.012500
0 0.631641 0.340972 0.017969 0.012500
0 0.629557 0.373843 0.017969 0.012500
0 0.630339 0.388657 0.017969 0.012500
0 0.630339 0.405324 0.017969 0.012500
0 0.613411 0.262037 0.013281 0.011111
0 0.582031 0.278472 0.014583 0.025463
0 0.584245 0.303472 0.010677 0.019907
0 0.612891 0.294444 0.014323 0.012037
0 0.613281 0.309491 0.016667 0.013426
0 0.613281 0.325231 0.016667 0.013426
0 0.613021 0.339583 0.016667 0.013426
0 0.612760 0.354861 0.016667 0.013426
0 0.611719 0.371065 0.016667 0.013426
0 0.612240 0.387269 0.016667 0.013426
0 0.611458 0.403472 0.016667 0.013426
0 0.571615 0.504167 0.014063 0.021296
0 0.573438 0.481250 0.016146 0.024537
0 0.610547 0.419444 0.016406 0.012037
0 0.611589 0.435648 0.016406 0.012037
0 0.610286 0.450926 0.016406 0.012037
0 0.611068 0.465741 0.016406 0.012037
0 0.609245 0.483333 0.016927 0.012963
0 0.627474 0.481944 0.016927 0.012963
0 0.627083 0.496528 0.018229 0.016204
0 0.608724 0.499074 0.014844 0.010185
0 0.661589 0.488657 0.014844 0.024537
0 0.616146 0.556250 0.017188 0.011574
0 0.660286 0.508796 0.017448 0.025000
0 0.660286 0.527315 0.015885 0.025926
0 0.660156 0.547917 0.014583 0.022685
0 0.658724 0.603704 0.014844 0.024074
0 0.658203 0.644907 0.014844 0.024074
0 0.657943 0.666204 0.014844 0.024074
0 0.657161 0.682870 0.014844 0.024074
0 0.655599 0.706944 0.016927 0.024074
0 0.641797 0.684954 0.005990 0.029167
0 0.634766 0.660417 0.005469 0.018981
0 0.657682 0.723611 0.013281 0.023148
0 0.655469 0.744213 0.015625 0.023611
0 0.655729 0.765509 0.015625 0.023611
0 0.655208 0.782639 0.015625 0.023611
0 0.654948 0.802546 0.015625 0.023611
0 0.653646 0.823380 0.015625 0.023611
0 0.654687 0.842824 0.015625 0.023611
0 0.654167 0.865046 0.015625 0.023611
0 0.653125 0.882639 0.016667 0.027315
0 0.652344 0.906250 0.016667 0.027315
0 0.652734 0.925694 0.014844 0.024537
0 0.652344 0.947685 0.013542 0.025926
0 0.651823 0.982176 0.014063 0.023611
0 0.570443 0.760417 0.015365 0.022685
0 0.603255 0.774769 0.017448 0.014352
0 0.603125 0.789352 0.017188 0.012037
0 0.622917 0.759259 0.015625 0.011111
0 0.621875 0.775231 0.016146 0.011574
0 0.622135 0.790509 0.017188 0.014352
0 0.603255 0.819213 0.016927 0.014352
0 0.621484 0.820602 0.017969 0.013426
0 0.601432 0.850694 0.016927 0.014352
0 0.620703 0.852546 0.016927 0.014352
0 0.619922 0.865972 0.016927 0.014352
0 0.601042 0.894676 0.017708 0.013426
0 0.600781 0.926157 0.017708 0.013426
0 0.619531 0.927546 0.017708 0.013426
0 0.620052 0.943287 0.017708 0.013426
0 0.618750 0.958102 0.017708 0.013426
0 0.618490 0.973380 0.017708 0.013426
0 0.617969 0.988657 0.017708 0.013426
0 0.601302 0.941435 0.017188 0.013426
0 0.599609 0.956713 0.017969 0.013426
0 0.600000 0.971991 0.015625 0.012500
0 0.572005 0.961111 0.006510 0.014815
0 0.572526 0.879167 0.015885 0.022222
0 0.570964 0.859491 0.016406 0.021759
0 0.571094 0.839583 0.013542 0.018981
0 0.572786 0.816435 0.013281 0.019907
0 0.570312 0.800926 0.012500 0.020370
0 0.569401 0.783796 0.015885 0.021296
0 0.572656 0.917361 0.008333 0.016204
0 0.598307 0.996759 0.015365 0.006481
0 0.835417 0.011343 0.017708 0.020833
0 0.802734 0.004398 0.013281 0.007870
0 0.834375 0.050463 0.014583 0.025000
0 0.858464 0.078241 0.017448 0.012963
0 0.879818 0.077778 0.017448 0.012963
0 0.902474 0.081019 0.017448 0.012963
0 0.873047 0.123380 0.017448 0.012500
0 0.808203 0.147454 0.016927 0.014352
2 0.950260 0.082407 0.022917 0.014815
0 0.972917 0.084491 0.017188 0.015278
0 0.983073 0.038426 0.014583 0.012963
0 0.982161 0.006019 0.016927 0.011111
0 0.866667 0.185648 0.016146 0.012963
0 0.867057 0.200463 0.016406 0.012963
0 0.866146 0.215278 0.016667 0.012963
0 0.865755 0.230787 0.014323 0.011574
0 0.864062 0.278935 0.017708 0.014352
0 0.863021 0.332870 0.018750 0.012963
0 0.808203 0.178241 0.017448 0.012963
0 0.807161 0.193287 0.017448 0.011574
0 0.807161 0.208333 0.015365 0.012037
0 0.807031 0.224537 0.015625 0.011111
0 0.805469 0.256019 0.014063 0.012037
0 0.806380 0.272685 0.017448 0.011111
0 0.804818 0.285880 0.015885 0.011574
0 0.803906 0.315972 0.014583 0.012500
0 0.803125 0.347685 0.015625 0.010185
0 0.803516 0.363194 0.015885 0.011574
2 0.804297 0.378472 0.017448 0.012500
0 0.804818 0.393750 0.018490 0.014352
0 0.803516 0.410417 0.015885 0.013426
0 0.802865 0.439815 0.017188 0.012963
0 0.803125 0.455787 0.017188 0.012500
0 0.801432 0.517361 0.016927 0.012500
0 0.800130 0.532639 0.016927 0.012500
0 0.798307 0.592361 0.015885 0.012500
0 0.798047 0.609028 0.016406 0.013426
0 0.811589 0.681019 0.008073 0.026852
0 0.863802 0.347454 0.015625 0.011574
0 0.863151 0.378704 0.017969 0.012963
0 0.862500 0.393981 0.019271 0.012963
0 0.862240 0.409259 0.018750 0.013889
0 0.861589 0.425694 0.017969 0.015278
0 0.861068 0.457407 0.017969 0.013889
0 0.860417 0.503935 0.017708 0.011574
0 0.859245 0.518519 0.013802 0.012037
0 0.859505 0.534259 0.017969 0.015741
0 0.859245 0.555787 0.019531 0.015278
0 0.858854 0.571991 0.017188 0.011574
0 0.857943 0.587963 0.017448 0.012037
0 0.857943 0.617824 0.019531 0.014352
0 0.857552 0.634954 0.017188 0.013426
0 0.857031 0.650463 0.019271 0.015741
0 0.855729 0.678935 0.017188 0.016204
0 0.797005 0.715972 0.015885 0.010648
0 0.796094 0.730093 0.018750 0.012963
0 0.838021 0.747222 0.008333 0.027778
0 0.836589 0.816204 0.008594 0.025926
0 0.835026 0.855093 0.008073 0.033333
0 0.834766 0.893519 0.008073 0.028704
0 0.834505 0.933565 0.007031 0.031019
0 0.833073 0.971991 0.007292 0.034722
0 0.795312 0.745370 0.017188 0.012963
0 0.795052 0.776157 0.017708 0.015278
0 0.795182 0.792130 0.015885 0.011111
0 0.794401 0.820833 0.015365 0.013889
0 0.794271 0.838426 0.016667 0.012037
0 0.794531 0.852778 0.014583 0.012963
0 0.795052 0.867593 0.013021 0.012963
0 0.795833 0.882407 0.012500 0.013889
0 0.792448 0.898148 0.016146 0.013889
0 0.793880 0.927546 0.012240 0.014352
0 0.791536 0.943750 0.014844 0.014352
0 0.792448 0.958796 0.018229 0.013889
0 0.791797 0.972917 0.017448 0.013426
0 0.791797 0.987963 0.019010 0.012963
