0 0.380729 0.046065 0.015104 0.018981
0 0.093229 0.152778 0.010417 0.013889
0 0.332813 0.210417 0.013021 0.018981
0 0.346094 0.222685 0.016146 0.021296
0 0.302214 0.009954 0.007552 0.012500
0 0.163021 0.241204 0.017708 0.020370
0 0.146745 0.439352 0.015885 0.018519
0 0.187891 0.442824 0.015885 0.016204
0 0.295573 0.400463 0.015625 0.018519
0 0.324479 0.314815 0.015625 0.020370
0 0.084896 0.586806 0.017188 0.018981
0 0.155078 0.564583 0.009115 0.024537
0 0.148438 0.594676 0.009896 0.025463
0 0.029297 0.724074 0.015365 0.016667
0 0.004687 0.736806 0.008854 0.015278
0 0.071224 0.797685 0.016406 0.019444
0 0.117057 0.832639 0.012760 0.017130
0 0.076302 0.892824 0.010937 0.026389
0 0.016667 0.910880 0.010937 0.018981
0 0.151953 0.865509 0.014844 0.018056
0 0.146354 0.672222 0.010937 0.024074
0 0.446094 0.010417 0.011979 0.019907
0 0.466797 0.032407 0.011719 0.030556
0 0.423438 0.092361 0.010937 0.030093
0 0.444141 0.128009 0.010677 0.027315
0 0.433984 0.160648 0.012240 0.028704
0 0.393490 0.162037 0.009375 0.030556
0 0.394401 0.229630 0.011198 0.022222
0 0.332943 0.350926 0.011198 0.029630
0 0.358464 0.369213 0.010156 0.027315
0 0.349219 0.402315 0.011979 0.027778
0 0.338281 0.441667 0.015625 0.024074
0 0.288932 0.482639 0.013802 0.028241
0 0.309375 0.526157 0.008333 0.033796
0 0.298177 0.561574 0.009896 0.023148
0 0.259245 0.592593 0.009115 0.022222
0 0.251172 0.625694 0.013802 0.031019
0 0.237240 0.671991 0.011458 0.028241
0 0.226302 0.702083 0.018229 0.013426
0 0.266667 0.694444 0.010417 0.025926
0 0.245573 0.776620 0.010937 0.027315
0 0.236849 0.805324 0.011198 0.024537
0 0.198828 0.812500 0.011198 0.025926
0 0.178646 0.897917 0.008854 0.029167
0 0.166536 0.926852 0.012760 0.029630
0 0.204948 0.912500 0.009896 0.029630
0 0.204297 0.971991 0.013281 0.019907
0 0.512370 0.004167 0.010156 0.007407
0 0.505339 0.010880 0.016927 0.019907
0 0.502344 0.025926 0.016667 0.020370
0 0.492578 0.068056 0.016927 0.021296
0 0.487370 0.094444 0.016927 0.021296
0 0.477995 0.121296 0.016927 0.021296
0 0.466276 0.165046 0.015365 0.020833
0 0.472396 0.152083 0.010937 0.017130
0 0.474479 0.135648 0.014583 0.020370
0 0.529557 0.064815 0.016406 0.018519
0 0.522266 0.098148 0.016406 0.018519
0 0.518359 0.117130 0.016406 0.018519
0 0.512109 0.139352 0.016406 0.018519
0 0.486589 0.153009 0.010677 0.027315
0 0.495833 0.196759 0.013542 0.013889
0 0.487109 0.235648 0.016406 0.016667
0 0.427344 0.318056 0.012500 0.017593
0 0.497266 0.316204 0.014844 0.018519
0 0.463281 0.330556 0.010417 0.030556
0 0.458854 0.352315 0.010417 0.030556
0 0.453906 0.366667 0.010417 0.030556
0 0.442969 0.406481 0.010417 0.030556
0 0.427344 0.466667 0.010417 0.030556
0 0.422396 0.487963 0.010417 0.030556
0 0.417448 0.507870 0.010417 0.030556
0 0.432943 0.450463 0.007552 0.020370
0 0.448047 0.385417 0.009115 0.027315
0 0.424089 0.335417 0.016406 0.017130
0 0.420182 0.347454 0.016406 0.017130
0 0.414844 0.376620 0.013542 0.013426
0 0.408854 0.388194 0.017708 0.019907
0 0.405208 0.402546 0.017708 0.019907
0 0.398698 0.429398 0.017708 0.019907
0 0.394531 0.443750 0.017188 0.018056
0 0.390495 0.458796 0.015885 0.018519
0 0.402865 0.416204 0.014583 0.017593
0 0.374089 0.527778 0.015365 0.018519
0 0.407422 0.542130 0.009115 0.031481
0 0.402083 0.562269 0.010417 0.028241
0 0.365755 0.553241 0.015885 0.021296
0 0.363411 0.567593 0.013281 0.015741
0 0.357682 0.579398 0.016927 0.020833
0 0.354167 0.593056 0.016667 0.019444
0 0.347526 0.621065 0.015365 0.017130
0 0.339583 0.646759 0.016667 0.021296
0 0.321094 0.716204 0.013542 0.016667
0 0.318880 0.729398 0.017448 0.019907
0 0.314714 0.743056 0.015885 0.019444
0 0.310156 0.756481 0.016667 0.018519
0 0.304167 0.784028 0.014583 0.018981
0 0.292708 0.822454 0.014583 0.019907
0 0.303255 0.831713 0.009115 0.021759
0 0.287891 0.837269 0.015885 0.018981
0 0.280729 0.863657 0.016667 0.018056
0 0.273438 0.890972 0.016667 0.020833
2 0.270703 0.903935 0.016927 0.024537
2 0.392578 0.601157 0.010677 0.031944
0 0.386849 0.617130 0.010677 0.032407
0 0.381380 0.637731 0.010677 0.031944
0 0.375260 0.658102 0.010937 0.031019
0 0.370964 0.678241 0.011198 0.031481
0 0.365365 0.697222 0.011458 0.030556
0 0.360286 0.717824 0.010677 0.028241
0 0.355599 0.735417 0.010156 0.028241
0 0.342057 0.687731 0.011198 0.028241
0 0.344141 0.716204 0.010677 0.025000
0 0.348828 0.748843 0.010156 0.027315
0 0.344922 0.774074 0.016927 0.017593
0 0.339974 0.790509 0.014844 0.015278
0 0.335286 0.807870 0.012240 0.011111
0 0.330078 0.824537 0.013802 0.016667
0 0.325260 0.844444 0.016146 0.017593
0 0.320052 0.864583 0.016146 0.016204
0 0.313932 0.883102 0.016927 0.018056
0 0.307812 0.905093 0.015625 0.017593
0 0.304167 0.922454 0.015104 0.017130
0 0.298177 0.939120 0.016146 0.017130
0 0.293490 0.959028 0.016667 0.019907
0 0.255859 0.958333 0.016406 0.018519
0 0.251953 0.969676 0.016406 0.020833
0 0.247005 0.984491 0.017969 0.018981
0 0.508073 0.277546 0.011458 0.014352
0 0.528125 0.295833 0.017708 0.018519
0 0.549219 0.311806 0.015104 0.018056
0 0.745573 0.006481 0.019271 0.012037
0 0.708724 0.013194 0.011198 0.015278
0 0.704557 0.028009 0.010156 0.017130
0 0.740885 0.024074 0.018229 0.021296
0 0.735938 0.043750 0.017188 0.018981
0 0.697266 0.056713 0.012760 0.018056
0 0.692187 0.069213 0.013542 0.018981
0 0.731380 0.062731 0.016406 0.015278
0 0.726172 0.080787 0.016406 0.015278
0 0.721615 0.099537 0.017188 0.018519
0 0.717187 0.119444 0.017188 0.018519
0 0.711719 0.139352 0.017188 0.018519
0 0.707031 0.157870 0.017188 0.018519
0 0.701302 0.179630 0.017188 0.018519
0 0.697135 0.196759 0.017188 0.018519
0 0.670964 0.155093 0.013281 0.017593
0 0.686198 0.235648 0.017188 0.018519
0 0.683333 0.254630 0.017188 0.018519
0 0.677865 0.273148 0.017188 0.018519
0 0.673438 0.293519 0.017188 0.018519
0 0.657813 0.194676 0.017708 0.021759
0 0.657031 0.211806 0.011458 0.015278
0 0.648828 0.240278 0.014844 0.020370
0 0.640885 0.284722 0.010937 0.014815
0 0.635286 0.297222 0.014323 0.018519
0 0.663802 0.331713 0.017188 0.018056
0 0.656250 0.353935 0.017188 0.018056
0 0.653125 0.372917 0.017188 0.018056
0 0.633594 0.312963 0.008333 0.013889
0 0.588672 0.347222 0.017969 0.018519
0 0.607031 0.359491 0.014063 0.015278
0 0.572005 0.379398 0.015365 0.019907
0 0.607552 0.409259 0.017188 0.021296
0 0.671094 0.416204 0.014583 0.018519
0 0.690755 0.431713 0.015365 0.018056
0 0.600391 0.469213 0.016406 0.018056
0 0.642708 0.474769 0.017188 0.017130
0 0.637500 0.494907 0.011979 0.016667
0 0.632682 0.514583 0.015365 0.017130
0 0.627734 0.531944 0.016927 0.017593
0 0.592578 0.528009 0.016406 0.019907
0 0.571745 0.526157 0.015885 0.018056
0 0.588672 0.540509 0.015365 0.019907
0 0.583724 0.554861 0.016406 0.019907
0 0.562630 0.555093 0.013281 0.016667
0 0.580990 0.568287 0.017188 0.022685
0 0.531901 0.548380 0.010677 0.030093
0 0.526563 0.567130 0.011979 0.031481
0 0.556120 0.583102 0.013802 0.018056
0 0.572656 0.594213 0.017708 0.021759
0 0.553255 0.597917 0.016406 0.019907
0 0.549609 0.612269 0.016406 0.019907
0 0.545182 0.626620 0.016406 0.019907
0 0.541797 0.639583 0.016406 0.019907
0 0.537109 0.653935 0.016406 0.019907
0 0.533203 0.668750 0.016406 0.019907
0 0.529036 0.681713 0.016406 0.019907
0 0.526432 0.696528 0.016406 0.019907
0 0.523568 0.713194 0.016406 0.019907
0 0.518359 0.726620 0.016406 0.019907
0 0.515755 0.740972 0.016406 0.019907
0 0.509766 0.754861 0.016406 0.019907
0 0.506120 0.767824 0.016406 0.019907
0 0.522917 0.781019 0.017188 0.021296
0 0.527604 0.767130 0.017188 0.021296
0 0.545573 0.696759 0.017188 0.021296
0 0.549740 0.681944 0.017188 0.021296
0 0.553385 0.667593 0.017188 0.021296
0 0.561719 0.640278 0.017188 0.021296
0 0.565625 0.625463 0.017188 0.021296
0 0.569271 0.612963 0.017188 0.021296
0 0.616016 0.577315 0.017448 0.019444
0 0.610286 0.598843 0.012240 0.018056
0 0.604948 0.618519 0.016667 0.017593
0 0.594531 0.656944 0.016667 0.017593
0 0.589323 0.676389 0.016667 0.017593
0 0.584896 0.693981 0.016667 0.017593
0 0.577865 0.714815 0.016667 0.017593
0 0.572135 0.734259 0.016667 0.017593
0 0.556510 0.794676 0.017708 0.018056
0 0.500130 0.825000 0.016927 0.018519
0 0.551172 0.813657 0.019010 0.018056
0 0.546224 0.831250 0.019010 0.018056
0 0.541276 0.848380 0.018490 0.014352
0 0.527214 0.899537 0.015885 0.017593
0 0.517578 0.933796 0.014844 0.016667
0 0.512760 0.953472 0.017708 0.018056
0 0.507812 0.970602 0.017708 0.018056
0 0.501042 0.990046 0.017708 0.018056
0 0.492578 0.932639 0.007552 0.016204
0 0.410156 0.978241 0.016667 0.011111
0 0.404687 0.994907 0.017188 0.010185
0 0.478385 0.726620 0.010937 0.029167
0 0.471094 0.745370 0.009896 0.027778
0 0.485417 0.714352 0.009896 0.024074
0 0.941536 0.007639 0.019010 0.014352
0 0.912370 0.007176 0.010677 0.013426
0 0.903385 0.035185 0.013021 0.032407
0 0.936589 0.025694 0.018490 0.016204
0 0.931641 0.045139 0.018490 0.016204
0 0.927474 0.064583 0.018490 0.016204
0 0.922005 0.085880 0.018490 0.016204
0 0.913151 0.121065 0.018490 0.016204
0 0.909766 0.139120 0.018490 0.016204
0 0.904557 0.159954 0.018490 0.016204
0 0.899609 0.176157 0.018490 0.016204
0 0.895703 0.193287 0.018490 0.016204
0 0.890755 0.212269 0.018490 0.016204
0 0.885026 0.234491 0.018490 0.016204
0 0.880078 0.255787 0.018490 0.016204
0 0.875391 0.273380 0.018490 0.016204
0 0.870182 0.293287 0.018490 0.016204
0 0.863411 0.309954 0.018490 0.016204
0 0.861849 0.328009 0.018490 0.016204
0 0.855859 0.346065 0.018490 0.016204
0 0.851953 0.364120 0.018490 0.016204
0 0.847266 0.382639 0.018490 0.016204
0 0.829167 0.305787 0.015104 0.018056
0 0.832031 0.289583 0.015625 0.018056
0 0.842187 0.246065 0.011979 0.016204
0 0.853125 0.203472 0.016146 0.019907
0 0.877604 0.120370 0.011979 0.017593
0 0.917057 0.102315 0.012760 0.013889
0 0.835156 0.422454 0.017188 0.018056
0 0.830599 0.442824 0.018490 0.018981
0 0.826432 0.461574 0.018490 0.017593
0 0.821354 0.481713 0.018229 0.017130
0 0.726302 0.489583 0.016146 0.018981
0 0.718750 0.502546 0.012500 0.015278
0 0.738021 0.518981 0.015104 0.016667
0 0.748568 0.481713 0.016927 0.018981
0 0.768359 0.497685 0.017969 0.021296
0 0.811198 0.517361 0.014583 0.020833
0 0.765755 0.587963 0.016406 0.021296
0 0.758073 0.616667 0.016667 0.023148
0 0.755208 0.630556 0.016667 0.023148
0 0.752604 0.644444 0.016667 0.023148
0 0.748047 0.658102 0.013802 0.019907
0 0.736328 0.701620 0.016927 0.019907
0 0.730729 0.712269 0.015104 0.020833
0 0.725391 0.740046 0.014323 0.018056
0 0.720182 0.753009 0.015885 0.018056
0 0.716927 0.768056 0.015625 0.018519
0 0.714583 0.781944 0.015625 0.018519
0 0.707682 0.812500 0.016927 0.021296
2 0.709635 0.797454 0.017188 0.021759
0 0.702344 0.825231 0.015104 0.021759
0 0.695052 0.852546 0.016667 0.020833
0 0.691276 0.866435 0.017448 0.020833
0 0.655599 0.987500 0.015885 0.017593
0 0.671484 0.935185 0.016927 0.016667
0 0.676302 0.921296 0.017188 0.018519
0 0.826693 0.559954 0.016927 0.021759
0 0.846224 0.576157 0.017448 0.021759
0 0.866536 0.593519 0.017448 0.018519
0 0.829688 0.611111 0.018229 0.019444
0 0.810417 0.664583 0.016146 0.019907
0 0.808073 0.678704 0.015104 0.017593
0 0.803255 0.692130 0.017448 0.020370
0 0.799740 0.707176 0.014063 0.017130
0 0.786849 0.747685 0.015365 0.019444
0 0.773568 0.797454 0.017448 0.019907
0 0.772526 0.813657 0.017448 0.019907
0 0.764453 0.840046 0.017448 0.019907
0 0.759766 0.853472 0.017448 0.019907
0 0.755078 0.865972 0.017448 0.019907
0 0.750911 0.881250 0.017448 0.019907
0 0.743099 0.910880 0.017448 0.019907
0 0.732552 0.952083 0.015625 0.017130
0 0.727344 0.963889 0.012500 0.015741
0 0.724089 0.979167 0.017448 0.020370
0 0.717448 0.993981 0.012500 0.012037
2 0.908984 0.630324 0.021615 0.023611
0 0.927734 0.648380 0.016406 0.019907
0 0.971224 0.528009 0.011719 0.017130
0 0.965885 0.557639 0.012500 0.018056
0 0.958464 0.568519 0.014323 0.017593
0 0.954427 0.581250 0.015104 0.019907
0 0.948047 0.614352 0.012240 0.018519
0 0.991536 0.589352 0.013281 0.017593
0 0.986979 0.607407 0.019271 0.017593
0 0.977995 0.645370 0.014844 0.013889
0 0.994401 0.706250 0.011198 0.015278
0 0.956641 0.719907 0.017969 0.019444
0 0.992057 0.811343 0.010156 0.025463
0 0.984505 0.834028 0.010156 0.030093
0 0.978255 0.858565 0.010677 0.025463
0 0.971224 0.879630 0.010156 0.033333
0 0.965495 0.903241 0.010156 0.033333
0 0.959505 0.922222 0.010156 0.033333
0 0.954557 0.944444 0.010156 0.033333
0 0.947526 0.962963 0.010156 0.033333
0 0.940495 0.985880 0.010677 0.028241
0 0.913932 0.971296 0.012240 0.017593
0 0.917318 0.956944 0.012240 0.016667
0 0.925391 0.928472 0.011719 0.016204
0 0.928906 0.913194 0.010937 0.012500
0 0.934115 0.900463 0.013021 0.014815
0 0.937109 0.884259 0.012760 0.016667
0 0.941406 0.870139 0.011458 0.016204
0 0.909635 0.983102 0.012500 0.017130
