0 0.006771 0.087269 0.013021 0.011574
0 0.007682 0.102546 0.014844 0.013426
0 0.008464 0.123148 0.015365 0.016667
0 0.011589 0.155556 0.016406 0.015741
0 0.044922 0.135185 0.016406 0.012963
0 0.049089 0.162963 0.016406 0.013889
2 0.049609 0.175926 0.016406 0.013889
0 0.050911 0.189352 0.014844 0.012963
0 0.054297 0.218056 0.014844 0.012963
0 0.055859 0.231713 0.013802 0.011574
0 0.056120 0.245139 0.013802 0.011574
0 0.056771 0.275000 0.017708 0.017593
0 0.022917 0.243056 0.016146 0.025926
2 0.038672 0.277315 0.013802 0.034259
0 0.062630 0.120370 0.009635 0.030556
0 0.067057 0.152315 0.009635 0.030556
0 0.072396 0.186574 0.009375 0.028704
0 0.096094 0.196065 0.008333 0.022685
2 0.087240 0.122454 0.008333 0.031944
0 0.058333 0.025000 0.016146 0.026852
0 0.209375 0.139815 0.014063 0.024074
0 0.211328 0.188889 0.019010 0.021296
0 0.322135 0.039815 0.016146 0.012963
0 0.321615 0.056019 0.016146 0.012963
0 0.342318 0.020833 0.013802 0.027778
0 0.351693 0.022222 0.013802 0.027778
0 0.361198 0.021528 0.011979 0.025463
0 0.371094 0.022917 0.012500 0.029167
0 0.379688 0.020602 0.011458 0.023611
0 0.398958 0.015046 0.017188 0.014352
0 0.418099 0.063889 0.016406 0.012963
0 0.418620 0.045833 0.016406 0.012963
0 0.378516 0.070370 0.010156 0.032407
0 0.365495 0.072454 0.015365 0.013426
0 0.365365 0.087963 0.015625 0.013889
0 0.365495 0.103704 0.016406 0.013889
0 0.417578 0.120833 0.016927 0.010185
0 0.417448 0.089120 0.014583 0.013426
0 0.417839 0.104861 0.016406 0.012500
0 0.433854 0.074074 0.007292 0.032407
0 0.392448 0.075463 0.007292 0.032407
0 0.391667 0.110880 0.005729 0.021759
0 0.351042 0.085648 0.007812 0.031481
0 0.352214 0.122222 0.005990 0.026852
0 0.338542 0.174537 0.007812 0.031481
0 0.369792 0.147917 0.009375 0.034722
0 0.377865 0.148380 0.007292 0.034722
0 0.386589 0.148148 0.005990 0.027778
0 0.401172 0.149074 0.008073 0.032407
0 0.409115 0.150000 0.006771 0.029630
0 0.433073 0.149537 0.007292 0.030556
0 0.434505 0.111574 0.005990 0.023148
0 0.416927 0.150231 0.006771 0.027315
0 0.453906 0.185185 0.007292 0.030556
0 0.416797 0.209259 0.016927 0.011111
0 0.394661 0.208796 0.016927 0.011111
0 0.360677 0.208102 0.015625 0.010648
0 0.492969 0.028009 0.013021 0.032870
0 0.514453 0.024306 0.015365 0.030093
0 0.525130 0.054630 0.009635 0.022222
0 0.518490 0.090741 0.014063 0.032407
1 0.538542 0.088194 0.018750 0.042130
0 0.543880 0.061574 0.015365 0.013889
0 0.523307 0.008565 0.013281 0.016204
0 0.549089 0.208102 0.008073 0.026389
0 0.554557 0.169444 0.008073 0.015741
0 0.559375 0.158796 0.013542 0.023148
0 0.564063 0.147454 0.012500 0.026389
0 0.571354 0.138194 0.012500 0.026389
2 0.580859 0.130556 0.015885 0.029630
0 0.587370 0.123611 0.010156 0.021296
0 0.593620 0.113657 0.013802 0.031019
2 0.602344 0.107407 0.011979 0.032407
0 0.609635 0.100000 0.012500 0.027778
2 0.617188 0.094444 0.010417 0.023148
0 0.625000 0.089583 0.012500 0.027315
0 0.633333 0.080556 0.013542 0.026852
0 0.640365 0.075694 0.009375 0.019907
0 0.648307 0.070139 0.008594 0.022685
2 0.636458 0.041435 0.012500 0.035648
2 0.688802 0.101389 0.019271 0.021296
0 0.742839 0.068519 0.014323 0.017593
0 0.760938 0.077546 0.016667 0.014352
0 0.813151 0.096991 0.017969 0.022685
1 0.774740 0.156481 0.020833 0.045370
0 0.993359 0.271065 0.010677 0.014352
0 0.845313 0.376620 0.016146 0.021759
0 0.816146 0.423611 0.016146 0.017593
0 0.932682 0.611343 0.016927 0.018981
0 0.929427 0.578009 0.017708 0.018056
0 0.994531 0.599769 0.010937 0.015278
0 0.790365 0.574306 0.014583 0.018056
0 0.739062 0.461806 0.017708 0.018981
0 0.671875 0.471759 0.016667 0.012963
0 0.675260 0.351157 0.009375 0.023611
0 0.685677 0.313889 0.013021 0.028704
2 0.702604 0.287500 0.017708 0.025000
2 0.723307 0.275694 0.016927 0.017130
2 0.764323 0.305093 0.017708 0.029630
2 0.671745 0.401157 0.008073 0.031944
2 0.601432 0.470139 0.017448 0.015278
0 0.581901 0.538889 0.006510 0.020370
0 0.576953 0.575231 0.014844 0.024537
0 0.521094 0.628241 0.016146 0.023148
0 0.499349 0.644213 0.015885 0.019907
2 0.374349 0.775694 0.037760 0.059722
2 0.346875 0.819907 0.020833 0.037037
2 0.324740 0.868056 0.024479 0.050926
2 0.300391 0.927778 0.025781 0.064815
0 0.360026 0.856713 0.013802 0.026389
2 0.252344 0.978241 0.017188 0.027778
2 0.711589 0.672222 0.010156 0.031481
0 0.547656 0.436111 0.013542 0.014815
0 0.535677 0.465972 0.016146 0.011574
0 0.475781 0.457870 0.017188 0.012963
0 0.444401 0.433796 0.014844 0.011111
0 0.418750 0.457639 0.015625 0.012500
0 0.357552 0.439120 0.017708 0.014352
0 0.369271 0.473148 0.016667 0.012963
0 0.302474 0.470139 0.019010 0.014352
0 0.284766 0.437731 0.017448 0.012500
0 0.272005 0.455787 0.011719 0.011574
0 0.209115 0.485880 0.016667 0.015278
0 0.174219 0.459954 0.016667 0.015278
0 0.215755 0.650463 0.014844 0.016667
0 0.228516 0.678935 0.016406 0.024537
0 0.249870 0.711574 0.009635 0.028704
0 0.169010 0.797222 0.015625 0.016667
0 0.162240 0.781250 0.015104 0.018981
0 0.150521 0.785185 0.006771 0.025926
0 0.142318 0.785417 0.005990 0.028241
0 0.135677 0.788657 0.006771 0.020833
0 0.152734 0.807176 0.014844 0.018981
0 0.139323 0.819213 0.012500 0.016204
0 0.089323 0.766898 0.017188 0.021759
0 0.085677 0.749306 0.019271 0.023611
0 0.062630 0.819676 0.013802 0.030093
0 0.045964 0.805324 0.013802 0.030093
0 0.024349 0.888194 0.013802 0.030093
0 0.029036 0.941667 0.012240 0.026852
0 0.019531 0.722917 0.010417 0.023611
0 0.005339 0.743056 0.010156 0.031481
2 0.070182 0.547917 0.020052 0.017130
0 0.067187 0.430556 0.010937 0.026852
0 0.079297 0.393056 0.010677 0.024074
0 0.094792 0.414120 0.014063 0.030093
0 0.092448 0.363194 0.011979 0.023611
0 0.751302 0.959722 0.010937 0.013889
0 0.677995 0.984259 0.014844 0.020370
