2 0.091797 0.006250 0.014323 0.011574
2 0.091016 0.044444 0.016927 0.029630
0 0.092057 0.024537 0.016927 0.028704
0 0.113932 0.036574 0.009115 0.032407
0 0.092318 0.067130 0.016927 0.026852
0 0.040365 0.130787 0.017188 0.013426
0 0.042578 0.145833 0.016927 0.015741
0 0.044010 0.164352 0.016667 0.015741
0 0.046745 0.199537 0.015885 0.015741
0 0.080078 0.179861 0.016406 0.016204
0 0.097786 0.162500 0.011719 0.031481
0 0.102474 0.193981 0.009635 0.030556
2 0.123307 0.165278 0.009635 0.030556
0 0.107161 0.229167 0.009635 0.030556
0 0.131120 0.234259 0.009635 0.030556
0 0.085156 0.205787 0.016146 0.014352
0 0.087240 0.233102 0.013542 0.013426
0 0.084635 0.217824 0.016146 0.014352
0 0.089193 0.261343 0.014323 0.013426
0 0.090495 0.276157 0.012240 0.014352
0 0.091667 0.289120 0.013021 0.012500
0 0.092448 0.318519 0.018229 0.015741
0 0.058464 0.286111 0.015885 0.023148
2 0.073438 0.321065 0.013021 0.033796
0 0.244922 0.184491 0.014844 0.025463
0 0.248047 0.235648 0.016927 0.026852
0 0.357812 0.084491 0.017188 0.013426
0 0.358333 0.100694 0.017188 0.013426
0 0.379036 0.067361 0.012760 0.027315
0 0.388411 0.067361 0.012760 0.027315
0 0.397266 0.067361 0.012760 0.027315
0 0.408203 0.069213 0.012760 0.027315
0 0.416276 0.066898 0.011198 0.024537
0 0.467448 0.039120 0.006771 0.024537
0 0.466927 0.008565 0.005729 0.016204
0 0.435156 0.062269 0.015104 0.012500
0 0.455599 0.094676 0.016406 0.013426
0 0.454818 0.110880 0.015885 0.012500
0 0.454427 0.137500 0.014063 0.012037
0 0.454427 0.152315 0.018229 0.012037
0 0.453125 0.167593 0.018229 0.012037
0 0.400911 0.119213 0.015365 0.011574
0 0.401953 0.134954 0.015885 0.014352
0 0.401823 0.149769 0.017188 0.012500
0 0.387370 0.132870 0.008073 0.030556
0 0.388021 0.168287 0.006250 0.028241
0 0.428255 0.157639 0.006510 0.022685
0 0.428385 0.121991 0.006771 0.031944
0 0.414844 0.121528 0.008854 0.030093
0 0.469922 0.121528 0.008594 0.031944
0 0.470313 0.158102 0.006771 0.027315
0 0.468490 0.196065 0.006771 0.031019
0 0.460938 0.196296 0.006771 0.028704
0 0.452865 0.195602 0.006771 0.026389
0 0.444922 0.196065 0.008073 0.031019
0 0.436719 0.195370 0.009375 0.032407
0 0.422266 0.194676 0.007031 0.028241
0 0.413932 0.194676 0.008073 0.033796
0 0.405990 0.193981 0.008333 0.033333
0 0.374089 0.220833 0.007552 0.029630
0 0.395833 0.255093 0.015104 0.013889
0 0.430078 0.254398 0.016927 0.012500
0 0.489323 0.231713 0.006250 0.031019
0 0.493750 0.255556 0.016146 0.011111
0 0.529427 0.076157 0.013021 0.031944
0 0.516927 0.038889 0.014063 0.030556
2 0.506641 0.011111 0.013281 0.021296
2 0.539062 0.040509 0.014583 0.032870
0 0.551302 0.072454 0.014583 0.032870
0 0.561589 0.102315 0.010677 0.022222
0 0.551953 0.130787 0.013281 0.033796
1 0.573828 0.135417 0.018490 0.043981
0 0.579688 0.110185 0.015625 0.013889
0 0.559896 0.055787 0.015625 0.017130
0 0.554167 0.039583 0.013542 0.016204
0 0.528906 0.011111 0.013542 0.021296
0 0.584245 0.257639 0.007031 0.026389
0 0.590625 0.218519 0.008854 0.017593
0 0.595052 0.207176 0.013542 0.025463
0 0.600521 0.195139 0.013542 0.025463
0 0.607292 0.185417 0.013542 0.025463
2 0.616016 0.176157 0.013281 0.026389
2 0.638281 0.154861 0.013021 0.031944
2 0.652604 0.141898 0.009375 0.024537
2 0.725391 0.150694 0.019010 0.020833
0 0.622786 0.169907 0.010677 0.018519
0 0.629297 0.161806 0.012760 0.030093
0 0.661719 0.136574 0.012500 0.024074
0 0.669271 0.128704 0.013021 0.027778
0 0.676432 0.124769 0.009115 0.019907
0 0.684896 0.118981 0.009896 0.022222
2 0.676693 0.076389 0.010156 0.033333
0 0.645182 0.148148 0.012760 0.028704
0 0.763672 0.041204 0.017969 0.023148
0 0.766536 0.011574 0.016406 0.020370
0 0.778125 0.118056 0.015104 0.015741
0 0.848568 0.145370 0.017448 0.022222
0 0.797135 0.127083 0.016667 0.016204
1 0.810807 0.207176 0.021094 0.044907
2 0.788932 0.336574 0.017448 0.027778
2 0.757292 0.322222 0.017708 0.015741
2 0.737630 0.336806 0.019010 0.024537
2 0.706380 0.448843 0.009115 0.031944
2 0.938411 0.387500 0.020052 0.023148
0 0.822786 0.464815 0.017448 0.020370
0 0.777474 0.512963 0.016406 0.015741
0 0.714844 0.521065 0.017188 0.011574
0 0.709245 0.398148 0.010156 0.024074
0 0.719792 0.359954 0.013021 0.028241
0 0.647917 0.517361 0.016667 0.012500
0 0.973828 0.628009 0.015365 0.014352
0 0.911198 0.597917 0.017708 0.021759
0 0.839193 0.611111 0.013802 0.019444
2 0.742839 0.719444 0.008073 0.025926
0 0.615365 0.586111 0.006771 0.021296
0 0.610026 0.621296 0.014323 0.024074
0 0.573828 0.647222 0.015365 0.023148
0 0.553646 0.672917 0.016667 0.020833
0 0.533594 0.690046 0.015104 0.019907
0 0.437370 0.812037 0.014844 0.026852
2 0.405599 0.818750 0.037240 0.061574
2 0.379036 0.862500 0.019531 0.033333
2 0.355859 0.907176 0.023698 0.052315
2 0.332161 0.970139 0.026823 0.059722
2 0.577214 0.511806 0.017969 0.013426
0 0.532943 0.492824 0.012760 0.009722
0 0.507812 0.506944 0.016667 0.011111
0 0.463932 0.521991 0.015365 0.010648
0 0.450651 0.496759 0.016927 0.013889
0 0.477344 0.479861 0.014583 0.010648
0 0.397005 0.498380 0.015365 0.012500
0 0.398828 0.516204 0.017448 0.012037
0 0.320052 0.482176 0.016667 0.011574
0 0.312240 0.519213 0.016667 0.011574
0 0.233464 0.514120 0.013281 0.013426
0 0.229167 0.496759 0.017188 0.014815
2 0.181771 0.561574 0.017188 0.014815
2 0.069792 0.564815 0.022396 0.022222
0 0.127214 0.534954 0.016406 0.016204
2 0.085677 0.591898 0.018229 0.018056
0 0.088542 0.608565 0.018229 0.018056
0 0.129297 0.456019 0.014323 0.027778
0 0.101562 0.473611 0.013021 0.026852
0 0.113802 0.435185 0.013021 0.026852
0 0.125651 0.404167 0.012760 0.025000
0 0.452474 0.255787 0.016927 0.008796
0 0.248177 0.693981 0.015104 0.017593
0 0.260807 0.721759 0.017448 0.025926
0 0.283203 0.753935 0.010156 0.026389
0 0.284766 0.798380 0.005990 0.032870
0 0.200391 0.838657 0.015365 0.015278
0 0.194271 0.822917 0.014583 0.019907
0 0.182292 0.826157 0.007292 0.026389
0 0.174219 0.827083 0.007292 0.026389
0 0.167187 0.828472 0.005208 0.021759
0 0.160286 0.837500 0.005469 0.026852
0 0.185026 0.846991 0.014323 0.018981
0 0.170964 0.859028 0.013802 0.018056
0 0.121484 0.806250 0.016927 0.020833
0 0.116406 0.787963 0.016667 0.021296
0 0.100781 0.922454 0.012500 0.030093
0 0.088021 0.965278 0.012500 0.026852
0 0.040755 0.879167 0.012240 0.028704
0 0.022396 0.859259 0.011979 0.024074
0 0.034766 0.699769 0.013281 0.029167
0 0.046224 0.705787 0.010677 0.025463
0 0.004297 0.628704 0.008073 0.011111
2 0.034896 0.954630 0.031250 0.069444
