0 0.069661 0.077778 0.013281 0.031481
0 0.121094 0.076852 0.011458 0.028704
0 0.141146 0.097222 0.011458 0.028704
0 0.181771 0.295139 0.010417 0.027315
0 0.132812 0.314583 0.010417 0.027315
0 0.163542 0.359491 0.009375 0.023611
0 0.068490 0.363657 0.015104 0.011574
2 0.088281 0.190278 0.014063 0.031481
2 0.054557 0.318981 0.016406 0.012963
0 0.073698 0.376620 0.017708 0.011574
0 0.079948 0.390509 0.017708 0.011574
0 0.090625 0.424306 0.015625 0.010648
0 0.086198 0.407176 0.017708 0.011574
0 0.099089 0.488889 0.017969 0.016667
0 0.168099 0.465509 0.010677 0.025463
0 0.234766 0.440046 0.010677 0.025463
0 0.249349 0.543287 0.010677 0.025463
2 0.267708 0.528704 0.010937 0.027778
2 0.017448 0.333565 0.015625 0.030093
2 0.021615 0.354861 0.015625 0.030093
0 0.037500 0.610880 0.009896 0.027315
0 0.027734 0.612963 0.008073 0.024074
0 0.018880 0.616204 0.010677 0.025926
0 0.005469 0.618981 0.009375 0.030556
0 0.077865 0.654167 0.014583 0.015741
0 0.132812 0.640046 0.018229 0.016204
2 0.027344 0.685880 0.020833 0.018981
0 0.238021 0.617824 0.012500 0.014352
0 0.272526 0.587731 0.017448 0.015278
0 0.391927 0.570602 0.015625 0.017130
0 0.419141 0.543056 0.016927 0.016667
0 0.442448 0.585417 0.016146 0.012500
0 0.374089 0.484028 0.012240 0.026389
0 0.403516 0.469907 0.013802 0.027778
0 0.388802 0.446759 0.011458 0.025926
0 0.402344 0.418981 0.012500 0.022222
2 0.422266 0.466435 0.015365 0.029167
0 0.513672 0.537037 0.015885 0.012963
0 0.530208 0.519213 0.011979 0.011574
0 0.525781 0.557639 0.011979 0.011574
0 0.380078 0.329398 0.017448 0.013426
0 0.347005 0.293750 0.015365 0.023611
0 0.379818 0.301157 0.011719 0.011574
2 0.362891 0.329861 0.010156 0.034722
2 0.378125 0.231250 0.017708 0.012500
2 0.417187 0.181250 0.007292 0.031944
0 0.380469 0.272917 0.014583 0.011574
0 0.379688 0.286343 0.013542 0.010648
0 0.339714 0.205787 0.016406 0.014352
0 0.377474 0.216898 0.013802 0.012500
0 0.373568 0.189120 0.015365 0.011574
0 0.338151 0.171759 0.016406 0.013889
0 0.336068 0.137037 0.015885 0.011111
0 0.338281 0.151157 0.014583 0.013426
0 0.391667 0.175926 0.007812 0.029630
0 0.394271 0.206944 0.007812 0.029630
0 0.395833 0.243056 0.007292 0.027778
0 0.420052 0.250694 0.007812 0.031944
2 0.415234 0.146296 0.007552 0.032407
0 0.415885 0.112037 0.006250 0.028704
0 0.392708 0.080787 0.014583 0.027315
0 0.413932 0.052546 0.008073 0.031019
2 0.392188 0.056481 0.014583 0.031481
2 0.392448 0.013426 0.016667 0.025926
0 0.393490 0.037731 0.015625 0.028241
0 0.559245 0.027315 0.016927 0.015741
0 0.578906 0.158102 0.015625 0.021759
0 0.577474 0.174769 0.014844 0.021759
0 0.575651 0.189815 0.017448 0.026852
0 0.574870 0.208796 0.016406 0.022222
0 0.541667 0.215278 0.016146 0.025926
0 0.584766 0.232639 0.014323 0.018981
0 0.585286 0.247222 0.015365 0.019444
0 0.583984 0.262731 0.015365 0.017130
0 0.542839 0.265741 0.017448 0.021296
2 0.601172 0.536806 0.016927 0.011574
2 0.668880 0.564583 0.017969 0.014352
0 0.692318 0.547222 0.014844 0.012037
0 0.681641 0.585648 0.017969 0.014815
0 0.687240 0.303472 0.016667 0.012500
0 0.676302 0.324306 0.007292 0.029167
0 0.720703 0.306713 0.016927 0.014352
0 0.742448 0.310185 0.016146 0.012963
0 0.783984 0.316204 0.015885 0.013889
0 0.780729 0.292130 0.008854 0.029630
0 0.762240 0.253472 0.009375 0.032870
0 0.765625 0.216204 0.008854 0.026852
0 0.768490 0.179398 0.008854 0.031944
0 0.754427 0.253009 0.008333 0.027315
0 0.745833 0.252083 0.008333 0.027315
0 0.738542 0.250694 0.009375 0.030093
0 0.730339 0.249537 0.009115 0.030556
0 0.715365 0.245602 0.007292 0.026389
0 0.706641 0.244907 0.008594 0.032407
0 0.698568 0.242593 0.010156 0.034259
0 0.683594 0.216667 0.007292 0.027778
0 0.684896 0.180093 0.008854 0.029630
0 0.699740 0.170139 0.016667 0.012500
0 0.699740 0.184491 0.016667 0.012500
0 0.699609 0.199306 0.015365 0.014352
0 0.715234 0.193750 0.011198 0.030093
0 0.727865 0.175694 0.007812 0.030093
0 0.725651 0.210417 0.006510 0.023611
0 0.748958 0.223148 0.016146 0.012963
0 0.752474 0.208796 0.019010 0.015741
0 0.753125 0.194676 0.016146 0.014352
0 0.754167 0.169444 0.016667 0.012963
0 0.755729 0.151620 0.017188 0.017130
0 0.736589 0.116898 0.017448 0.016204
0 0.717708 0.118056 0.011458 0.025926
0 0.709375 0.118750 0.013021 0.030093
0 0.698958 0.116435 0.011458 0.027315
0 0.689323 0.114583 0.013021 0.029167
0 0.681510 0.115972 0.013021 0.029167
0 0.768620 0.099074 0.007552 0.024074
2 0.810156 0.067824 0.014583 0.032870
2 0.822917 0.042593 0.015104 0.032407
2 0.840755 0.107407 0.012240 0.031481
0 0.814583 0.012500 0.010937 0.024074
0 0.831901 0.072685 0.012240 0.028704
0 0.818880 0.103935 0.013281 0.032870
0 0.827995 0.141435 0.012760 0.033796
0 0.850000 0.140278 0.014583 0.031481
0 0.852995 0.107176 0.013802 0.019907
0 0.856901 0.123843 0.013802 0.019907
0 0.858333 0.171065 0.010417 0.022685
1 0.869141 0.205324 0.019531 0.044907
0 0.875130 0.181250 0.015365 0.016204
0 0.850000 0.011806 0.011979 0.022685
0 0.915755 0.245833 0.009115 0.022222
0 0.921875 0.239815 0.013542 0.029630
0 0.938802 0.228472 0.011979 0.031019
2 0.932292 0.232639 0.011979 0.031019
2 0.948177 0.221991 0.011458 0.024537
0 0.955078 0.218056 0.013281 0.027778
0 0.963411 0.210185 0.013281 0.027778
0 0.971615 0.206713 0.008854 0.019907
0 0.979948 0.202315 0.009896 0.022222
0 0.985286 0.481713 0.010677 0.024537
0 0.994661 0.447917 0.010677 0.024537
2 0.981120 0.532176 0.011719 0.032870
0 0.943229 0.979167 0.013021 0.031481
0 0.875521 0.693287 0.015104 0.025463
0 0.837760 0.713426 0.016146 0.017593
0 0.794401 0.751389 0.016927 0.019444
0 0.770312 0.766667 0.016667 0.021296
0 0.816146 0.608102 0.017188 0.015278
0 0.817969 0.589120 0.015625 0.013426
0 0.804557 0.570833 0.016927 0.013889
0 0.774219 0.581713 0.017708 0.016204
0 0.767448 0.562731 0.016146 0.015278
0 0.750781 0.535417 0.016667 0.016204
2 0.745833 0.594444 0.017708 0.015741
2 0.659505 0.866898 0.038281 0.049537
2 0.628385 0.903935 0.022396 0.033796
2 0.636198 0.918519 0.014583 0.026852
2 0.604557 0.949074 0.023698 0.048148
0 0.523047 0.751620 0.014844 0.028241
0 0.542188 0.787731 0.007812 0.030093
0 0.511068 0.720602 0.013281 0.018056
0 0.507161 0.691204 0.010156 0.025926
0 0.448958 0.858102 0.014583 0.012500
0 0.443490 0.841435 0.015104 0.019907
0 0.431120 0.843287 0.008594 0.026389
0 0.423828 0.845602 0.008594 0.026389
0 0.416016 0.845602 0.005469 0.018981
0 0.433724 0.864815 0.015885 0.019444
0 0.417448 0.877083 0.013542 0.017130
0 0.387240 0.756481 0.008854 0.030556
0 0.371354 0.800694 0.016667 0.020833
0 0.373047 0.818056 0.016406 0.019444
0 0.329036 0.824537 0.010156 0.024074
0 0.368099 0.986574 0.011198 0.026852
0 0.304427 0.955787 0.009896 0.025463
0 0.300260 0.985185 0.013542 0.029630
2 0.277995 0.952546 0.025781 0.072685
0 0.306771 0.779630 0.010417 0.026852
2 0.290104 0.861343 0.013542 0.029167
2 0.251563 0.795139 0.013542 0.029167
2 0.222656 0.938194 0.010417 0.028241
0 0.217969 0.890972 0.010417 0.028241
0 0.211458 0.953009 0.010417 0.028241
0 0.158724 0.810880 0.014844 0.021759
0 0.091016 0.922917 0.015885 0.011574
0 0.044661 0.858565 0.015885 0.011574
0 0.194922 0.986574 0.011719 0.013889
0 0.408333 0.851389 0.007812 0.024074
0 0.542057 0.829861 0.007031 0.031944
0 0.540625 0.856481 0.006771 0.024074
0 0.169531 0.909491 0.010937 0.014352
0 0.685547 0.324074 0.008073 0.015741
0 0.753776 0.329167 0.008073 0.015741
0 0.716276 0.325463 0.008073 0.015741
0 0.293750 0.675463 0.009375 0.013889
0 0.706380 0.320370 0.008073 0.012037
