0 0.053125 0.153472 0.016667 0.024537
0 0.047135 0.162731 0.012500 0.026389
0 0.040625 0.172454 0.012500 0.026389
0 0.030078 0.191435 0.014844 0.026389
0 0.017318 0.355787 0.014844 0.026389
0 0.125911 0.343750 0.012760 0.020833
0 0.144531 0.312037 0.013021 0.018519
0 0.151562 0.300000 0.013021 0.018519
0 0.160026 0.288657 0.013281 0.021759
2 0.024479 0.613889 0.011979 0.028704
0 0.008854 0.748843 0.013542 0.022685
0 0.029167 0.785417 0.013542 0.022685
0 0.004687 0.781481 0.008854 0.020370
0 0.069010 0.852546 0.012500 0.021759
0 0.081510 0.875231 0.012500 0.021759
2 0.009505 0.906713 0.015365 0.024537
0 0.136979 0.963657 0.014583 0.023611
0 0.226562 0.678704 0.015104 0.017593
0 0.246875 0.665278 0.012500 0.021296
0 0.265625 0.971528 0.014063 0.019907
0 0.276302 0.953472 0.014063 0.019907
0 0.302083 0.906250 0.014063 0.019907
0 0.315625 0.886806 0.014063 0.019907
2 0.331120 0.862269 0.014323 0.025463
2 0.421094 0.662269 0.010417 0.026389
0 0.341797 0.761111 0.010677 0.020370
2 0.339323 0.805093 0.007292 0.029630
0 0.376693 0.842593 0.008073 0.019444
0 0.281901 0.654630 0.011198 0.017593
0 0.246745 0.593981 0.013802 0.022222
2 0.287109 0.644907 0.024219 0.041667
0 0.225391 0.559722 0.013802 0.022222
0 0.208724 0.531944 0.013802 0.022222
0 0.214974 0.205324 0.017448 0.015278
0 0.287370 0.230787 0.014323 0.022685
2 0.306250 0.267824 0.016146 0.029167
0 0.297917 0.337731 0.011979 0.018981
2 0.363542 0.373148 0.030208 0.055556
2 0.391146 0.421065 0.020313 0.034722
2 0.358073 0.241435 0.040104 0.055093
2 0.455469 0.495833 0.022396 0.025926
2 0.445182 0.587963 0.014323 0.028704
2 0.416146 0.605787 0.011458 0.031019
0 0.454297 0.743981 0.015365 0.023148
0 0.468359 0.761574 0.013802 0.024074
0 0.482031 0.785648 0.012500 0.024074
0 0.495052 0.802315 0.010937 0.019444
0 0.502865 0.826157 0.009375 0.020833
0 0.417708 0.688889 0.009896 0.028704
0 0.435417 0.619676 0.011979 0.024537
2 0.423177 0.575926 0.009896 0.029630
1 0.501563 0.528241 0.022396 0.025926
2 0.493750 0.767361 0.014063 0.019907
2 0.534635 0.862731 0.016667 0.029167
2 0.550260 0.818519 0.016146 0.022222
0 0.559635 0.836343 0.014583 0.014352
0 0.553125 0.865741 0.010937 0.016667
0 0.584766 0.881481 0.013802 0.015741
0 0.599219 0.855093 0.010937 0.015741
0 0.616016 0.866667 0.008594 0.012963
2 0.651172 0.929861 0.011198 0.026389
0 0.665104 0.964815 0.010937 0.024074
2 0.741276 0.838194 0.013802 0.022685
2 0.683333 0.743519 0.011458 0.037963
0 0.757552 0.816898 0.011458 0.024537
0 0.760417 0.822917 0.011458 0.024537
0 0.765104 0.830787 0.011458 0.024537
2 0.758854 0.986343 0.011979 0.021759
2 0.789974 0.860648 0.013281 0.025926
2 0.794661 0.870370 0.013281 0.025926
0 0.763021 0.973843 0.014583 0.022685
0 0.776432 0.914120 0.015885 0.022685
0 0.814974 0.888657 0.015885 0.022685
2 0.834896 0.912963 0.014063 0.021296
2 0.587240 0.651620 0.009375 0.030093
2 0.596094 0.657176 0.009375 0.030093
0 0.593750 0.620602 0.014063 0.018056
0 0.591667 0.594676 0.014063 0.018056
0 0.650130 0.589583 0.012240 0.021759
0 0.676693 0.598843 0.014844 0.024537
0 0.669661 0.568750 0.014844 0.024537
0 0.693750 0.646991 0.010937 0.019907
0 0.722917 0.684491 0.014063 0.022685
0 0.725521 0.711343 0.014063 0.018981
0 0.765625 0.739583 0.014063 0.018981
0 0.801432 0.764352 0.013281 0.021296
0 0.784245 0.769907 0.013281 0.024074
0 0.803516 0.807870 0.013281 0.024074
0 0.818359 0.834722 0.013281 0.024074
2 0.765885 0.762963 0.014063 0.022222
2 0.838802 0.859028 0.015625 0.026389
0 0.864974 0.861343 0.012760 0.021759
0 0.855339 0.883565 0.013281 0.022685
0 0.871875 0.901620 0.013021 0.019907
0 0.884375 0.922917 0.013021 0.019907
0 0.902214 0.937500 0.013281 0.022222
0 0.914714 0.915741 0.013281 0.022222
0 0.924089 0.891204 0.013281 0.022222
0 0.932682 0.957870 0.013281 0.022222
0 0.930469 0.983102 0.014583 0.022685
0 0.912760 0.956713 0.014583 0.022685
0 0.884766 0.771065 0.015365 0.021759
0 0.864193 0.739583 0.015365 0.021759
0 0.912109 0.826157 0.015365 0.021759
2 0.920312 0.797454 0.015625 0.023611
1 0.852734 0.746759 0.024219 0.032407
3 0.854948 0.708102 0.005208 0.007870
0 0.855078 0.674769 0.015365 0.021759
0 0.833984 0.560417 0.014323 0.025463
2 0.742057 0.578472 0.015885 0.026389
1 0.862109 0.512731 0.037760 0.055093
1 0.876693 0.487269 0.037760 0.055093
1 0.883073 0.468287 0.036458 0.052315
0 0.866536 0.497685 0.014323 0.023148
0 0.596615 0.518981 0.015625 0.025926
0 0.610286 0.492824 0.013281 0.021759
0 0.675651 0.490741 0.011719 0.017593
0 0.505599 0.402083 0.014323 0.021759
2 0.542578 0.433333 0.015365 0.023148
0 0.434115 0.313426 0.016146 0.025926
0 0.454297 0.316204 0.014844 0.023148
0 0.468880 0.312963 0.014844 0.023148
0 0.403906 0.276620 0.013021 0.020833
0 0.367839 0.231019 0.014844 0.021296
0 0.332422 0.186111 0.014844 0.021296
0 0.376432 0.197222 0.015365 0.023148
0 0.463281 0.197222 0.012500 0.021296
2 0.372005 0.168056 0.016927 0.024074
0 0.302344 0.101620 0.015104 0.023611
0 0.389062 0.010648 0.013542 0.020370
0 0.396615 0.023148 0.013542 0.024074
0 0.467578 0.123380 0.014323 0.021759
0 0.481120 0.144213 0.014323 0.021759
0 0.496484 0.162500 0.013281 0.020370
0 0.443490 0.015278 0.009896 0.024074
0 0.439453 0.028241 0.011719 0.027778
0 0.545573 0.211574 0.014583 0.020370
0 0.563802 0.228241 0.014583 0.020370
0 0.599219 0.264583 0.012500 0.027315
0 0.608594 0.235880 0.012500 0.027315
0 0.575911 0.214583 0.014844 0.015278
0 0.580078 0.200231 0.014844 0.015278
0 0.579818 0.184722 0.013802 0.014815
0 0.991016 0.911111 0.013281 0.022222
0 0.966276 0.874537 0.013281 0.022222
0 0.988151 0.988889 0.013281 0.022222
0 0.579557 0.153241 0.013802 0.014815
0 0.584245 0.138889 0.013802 0.014815
2 0.592708 0.090972 0.016667 0.016204
2 0.613672 0.175463 0.011198 0.057407
2 0.625781 0.193750 0.010937 0.055093
2 0.622526 0.018519 0.009115 0.036111
0 0.849089 0.049769 0.011198 0.026389
0 0.867708 0.291435 0.013021 0.021759
2 0.885677 0.311343 0.016667 0.026389
0 0.957292 0.418287 0.013021 0.021759
0 0.971615 0.438194 0.013021 0.021759
0 0.988281 0.461806 0.013021 0.021759
2 0.926823 0.369213 0.023438 0.036574
2 0.004948 0.315278 0.009375 0.025926
2 0.514323 0.983565 0.014063 0.021759
