0 0.008073 0.082176 0.013021 0.008796
0 0.027865 0.080787 0.015625 0.009722
0 0.045052 0.080324 0.016667 0.013426
0 0.080859 0.077546 0.017448 0.011574
0 0.174870 0.075926 0.014844 0.010185
0 0.137891 0.077083 0.016927 0.010648
0 0.196875 0.075463 0.015104 0.011111
0 0.232292 0.093519 0.014063 0.021296
0 0.246745 0.130787 0.011719 0.026389
0 0.235937 0.137963 0.014583 0.019444
0 0.237370 0.151620 0.016927 0.016204
0 0.241667 0.163194 0.015104 0.020833
0 0.254036 0.199306 0.016927 0.019907
2 0.263932 0.221065 0.011719 0.020833
2 0.256250 0.212037 0.016146 0.017593
2 0.270703 0.244213 0.017969 0.033796
0 0.265365 0.378009 0.011979 0.022685
0 0.284635 0.291898 0.010417 0.025463
0 0.366536 0.161111 0.013281 0.018519
0 0.436068 0.968056 0.007552 0.027778
0 0.573698 0.009954 0.009896 0.018981
0 0.552865 0.075694 0.006771 0.027315
0 0.509766 0.179167 0.015885 0.020370
0 0.559245 0.124537 0.015885 0.016667
2 0.520312 0.132176 0.016146 0.014352
0 0.522786 0.106250 0.015365 0.012500
0 0.553385 0.202083 0.014583 0.018056
0 0.573047 0.188194 0.012240 0.029167
0 0.589974 0.246528 0.014844 0.022685
0 0.604557 0.267593 0.013802 0.023148
0 0.628385 0.274074 0.016146 0.020370
0 0.655078 0.258102 0.014323 0.015278
0 0.674609 0.276620 0.014844 0.012500
0 0.671745 0.238426 0.007552 0.025926
0 0.693880 0.269907 0.013281 0.010185
0 0.646484 0.311343 0.014844 0.017130
0 0.605208 0.327546 0.011458 0.025463
0 0.589453 0.290278 0.014844 0.025000
0 0.574089 0.265046 0.013802 0.022685
0 0.557943 0.245139 0.011198 0.017130
2 0.571094 0.221759 0.016146 0.025926
2 0.521875 0.222917 0.015104 0.015278
2 0.502474 0.259954 0.008073 0.039352
0 0.505339 0.214815 0.013802 0.013889
0 0.541276 0.228472 0.014323 0.014352
0 0.523438 0.205324 0.015104 0.015278
0 0.705599 0.238194 0.013802 0.010648
0 0.685286 0.238657 0.014844 0.011574
0 0.905469 0.156713 0.016146 0.018981
0 0.745182 0.258796 0.013802 0.010185
0 0.763281 0.255787 0.012500 0.011574
0 0.841016 0.216898 0.015365 0.017130
0 0.842057 0.187731 0.012760 0.014352
0 0.877083 0.147917 0.013021 0.017130
2 0.543880 0.214120 0.015885 0.021759
2 0.710807 0.265046 0.015365 0.013426
0 0.630990 0.339120 0.010937 0.028241
0 0.636589 0.367593 0.009635 0.028704
0 0.622266 0.391898 0.011719 0.025463
0 0.613672 0.355556 0.011198 0.021296
0 0.644792 0.403935 0.011458 0.026389
0 0.132161 0.418750 0.015885 0.012500
0 0.235807 0.450463 0.014844 0.012037
0 0.097005 0.408102 0.015885 0.011574
0 0.067969 0.397917 0.015104 0.014352
0 0.025260 0.433102 0.017188 0.013426
0 0.430339 0.914352 0.008594 0.026852
0 0.157422 0.400463 0.015885 0.012963
0 0.205208 0.422222 0.015104 0.012963
0 0.295052 0.430556 0.012500 0.010185
0 0.310286 0.451389 0.015885 0.012963
0 0.245703 0.409491 0.015885 0.011574
0 0.146354 0.450231 0.015625 0.011574
0 0.449870 0.711806 0.008594 0.026389
0 0.379167 0.434722 0.015104 0.012037
0 0.439323 0.440046 0.016146 0.013426
0 0.352344 0.452083 0.016146 0.013426
0 0.354557 0.401389 0.014323 0.012963
0 0.419010 0.454630 0.014583 0.012963
0 0.458333 0.462037 0.016146 0.015741
0 0.453516 0.643056 0.007552 0.026852
0 0.499870 0.452083 0.011198 0.011574
0 0.596875 0.472685 0.012500 0.011111
0 0.510286 0.471759 0.016406 0.013889
0 0.634896 0.481019 0.013542 0.012037
0 0.567969 0.464120 0.010937 0.009722
0 0.673438 0.485880 0.015104 0.010648
0 0.617708 0.493519 0.016146 0.011111
0 0.675130 0.523611 0.014323 0.012963
0 0.538542 0.476157 0.010937 0.011574
0 0.530469 0.493287 0.014063 0.010648
0 0.496875 0.510185 0.013542 0.018519
2 0.476562 0.550231 0.010937 0.028241
2 0.568490 0.501157 0.017708 0.012500
2 0.780208 0.544907 0.015104 0.012963
0 0.716016 0.496065 0.013281 0.011574
0 0.758594 0.523148 0.014063 0.011111
0 0.614323 0.511574 0.015104 0.012963
0 0.748177 0.537269 0.014063 0.012500
0 0.762370 0.506944 0.013802 0.012037
0 0.820443 0.552546 0.014844 0.012500
0 0.797786 0.512269 0.014323 0.010648
0 0.832812 0.537731 0.014063 0.012500
0 0.866276 0.561806 0.016406 0.015278
0 0.908594 0.571296 0.015104 0.012037
0 0.886849 0.566435 0.014844 0.012500
0 0.860156 0.542593 0.015104 0.012037
2 0.845703 0.557176 0.016406 0.012500
2 0.789583 0.529398 0.016667 0.012500
1 0.845052 0.523843 0.037500 0.018981
0 0.646875 0.713426 0.014063 0.022222
0 0.641276 0.728472 0.013802 0.022685
0 0.844141 0.594676 0.015365 0.011574
0 0.604557 0.704630 0.015365 0.018519
0 0.558073 0.804861 0.009375 0.026389
0 0.562109 0.776157 0.010677 0.026389
0 0.556380 0.859491 0.005469 0.021759
0 0.550781 0.956713 0.009375 0.026389
0 0.471094 0.857870 0.006771 0.028704
0 0.464714 0.786111 0.006510 0.027778
0 0.474609 0.777083 0.005990 0.019907
0 0.461719 0.831713 0.006250 0.026389
0 0.484245 0.740741 0.006510 0.031481
0 0.461849 0.862963 0.005469 0.018519
0 0.420182 0.792130 0.009635 0.025926
0 0.424089 0.883333 0.005990 0.026852
0 0.466536 0.745602 0.006510 0.026389
0 0.467969 0.712963 0.006250 0.026852
0 0.477474 0.699769 0.006510 0.026389
0 0.478255 0.665046 0.005469 0.027315
0 0.468750 0.678704 0.006771 0.025926
0 0.470573 0.643981 0.006771 0.025926
0 0.486198 0.659722 0.006771 0.025926
0 0.479687 0.626389 0.006771 0.025926
0 0.487760 0.617593 0.006771 0.025926
2 0.485156 0.700926 0.006250 0.028704
2 0.475391 0.734491 0.007031 0.028241
2 0.473698 0.816204 0.008333 0.027778
0 0.418099 0.950000 0.008073 0.026852
0 0.394792 0.470370 0.014583 0.011111
0 0.373958 0.468981 0.014583 0.011111
0 0.396094 0.486343 0.011979 0.008796
0 0.404427 0.500926 0.015104 0.009259
0 0.381380 0.540278 0.013802 0.012037
0 0.356510 0.537269 0.015625 0.011574
0 0.334115 0.537963 0.015625 0.011111
0 0.343880 0.500463 0.014323 0.011111
0 0.325000 0.501157 0.015625 0.012500
0 0.318359 0.483796 0.014323 0.011111
0 0.297917 0.485185 0.015104 0.011111
0 0.300651 0.503935 0.014844 0.011574
0 0.301693 0.518750 0.015885 0.011574
0 0.251432 0.500694 0.014844 0.011574
0 0.254036 0.516667 0.014844 0.012037
0 0.251172 0.535648 0.015365 0.012963
0 0.272135 0.535880 0.014583 0.011574
2 0.377734 0.486343 0.016406 0.008796
2 0.383854 0.501389 0.016146 0.011111
2 0.373177 0.519676 0.017708 0.011574
2 0.314323 0.538426 0.015625 0.010185
2 0.180208 0.518750 0.018750 0.011574
0 0.279687 0.503935 0.013021 0.011574
0 0.279948 0.519907 0.013021 0.011111
0 0.349870 0.520139 0.012760 0.010648
0 0.340885 0.487037 0.014063 0.011111
0 0.326172 0.519213 0.012760 0.009722
0 0.398307 0.521065 0.012760 0.010648
0 0.358333 0.487269 0.011458 0.008796
0 0.361589 0.502083 0.010677 0.009722
0 0.294271 0.539583 0.011979 0.009722
0 0.407031 0.534491 0.011458 0.009722
0 0.404948 0.758102 0.013021 0.024537
0 0.389844 0.723843 0.010937 0.019907
0 0.261589 0.575231 0.015365 0.013426
0 0.226432 0.538657 0.014844 0.012500
0 0.205469 0.538194 0.015104 0.010648
0 0.231120 0.519907 0.015885 0.011111
0 0.207943 0.517130 0.016406 0.011111
0 0.133464 0.518750 0.014844 0.010648
0 0.184115 0.537269 0.015104 0.010648
0 0.148047 0.501620 0.014844 0.010648
0 0.108073 0.517824 0.015104 0.010648
0 0.061458 0.501620 0.016667 0.012500
0 0.136719 0.538657 0.015104 0.010648
0 0.074870 0.537269 0.014844 0.010648
0 0.100651 0.539120 0.014844 0.010648
0 0.229687 0.563426 0.014583 0.013889
0 0.205599 0.562269 0.012760 0.010648
0 0.026823 0.538426 0.017188 0.011111
0 0.049609 0.536574 0.016927 0.011111
0 0.177865 0.564815 0.015625 0.010185
0 0.005078 0.536343 0.009635 0.010648
2 0.118099 0.503009 0.017448 0.010648
2 0.091406 0.503241 0.020313 0.011111
2 0.321484 0.621528 0.015365 0.022685
0 0.279818 0.485648 0.010677 0.010185
0 0.155859 0.518750 0.011719 0.010648
0 0.219010 0.501852 0.016667 0.013889
2 0.163672 0.539352 0.015365 0.010185
0 0.797005 0.365278 0.015365 0.012963
0 0.791536 0.427315 0.015365 0.013889
0 0.789193 0.448611 0.016406 0.012963
2 0.793359 0.402778 0.016406 0.013889
2 0.795443 0.380093 0.016406 0.012963
0 0.787760 0.462963 0.020833 0.017593
0 0.861198 0.399306 0.006250 0.019907
1 0.436198 0.807407 0.011979 0.059259
2 0.020182 0.450231 0.016406 0.013426
0 0.689583 0.509954 0.014063 0.011574
0 0.877995 0.531944 0.014844 0.012963
0 0.926953 0.575000 0.014844 0.012963
0 0.906380 0.538657 0.015885 0.013426
0 0.881771 0.549537 0.015625 0.012963
0 0.916016 0.555324 0.016406 0.013426
0 0.940234 0.561343 0.016406 0.011574
2 0.954427 0.581019 0.018750 0.012963
0 0.963151 0.500463 0.008594 0.016667
2 0.193620 0.502546 0.015885 0.009722
0 0.219922 0.103704 0.009115 0.017593
0 0.863542 0.373148 0.006771 0.025000
0 0.996875 0.300926 0.006250 0.029630
0 0.990104 0.297917 0.007812 0.027315
2 0.985156 0.283102 0.007292 0.028241
0 0.998047 0.361111 0.003906 0.024074
0 0.959115 0.471296 0.006250 0.024074
0 0.928255 0.538889 0.014844 0.012963
0 0.961719 0.561574 0.014583 0.011111
0 0.977344 0.586111 0.014063 0.011111
0 0.996875 0.588889 0.006250 0.012963
0 0.948698 0.544213 0.016667 0.012500
0 0.349089 0.657407 0.013802 0.021296
0 0.583854 0.726157 0.015625 0.022685
0 0.079557 0.521759 0.015885 0.011111
0 0.444010 0.350463 0.005729 0.026852
0 0.497656 0.602778 0.005729 0.025000
0 0.148828 0.559954 0.015885 0.009722
0 0.569010 0.899769 0.009896 0.026389
0 0.468229 0.895833 0.006771 0.028704
0 0.458984 0.905556 0.005990 0.025926
0 0.280729 0.373148 0.014583 0.024074
0 0.496615 0.650463 0.006771 0.028704
0 0.544401 0.926157 0.011198 0.029167
2 0.085938 0.558565 0.019792 0.010648
3 0.432552 0.754398 0.004167 0.011574
0 0.536589 0.887500 0.010677 0.027778
0 0.483333 0.781481 0.006771 0.028704
0 0.465885 0.929630 0.006771 0.028704
0 0.456641 0.936343 0.008073 0.030093
0 0.053776 0.519213 0.013281 0.009722
0 0.293229 0.592593 0.014583 0.013889
0 0.292057 0.338194 0.014844 0.022685
0 0.091667 0.436574 0.016146 0.012037
0 0.463281 0.964815 0.006771 0.028704
0 0.453906 0.972222 0.006771 0.028704
0 0.575260 0.931713 0.009375 0.026389
0 0.586198 0.990046 0.008854 0.018981
0 0.557161 0.990046 0.009115 0.019907
0 0.681510 0.949074 0.012500 0.015741
0 0.816276 0.967130 0.013802 0.019444
0 0.801172 0.990278 0.013802 0.019444
0 0.908984 0.952083 0.016927 0.018056
0 0.970052 0.973843 0.016667 0.013426
0 0.985286 0.991667 0.009115 0.016667
0 0.969141 0.545833 0.015365 0.012037
0 0.462760 0.992593 0.005729 0.013889
0 0.992969 0.942593 0.007812 0.025000
0 0.352995 0.470139 0.013281 0.012500
0 0.060286 0.558333 0.016927 0.012037
0 0.985417 0.569444 0.014063 0.010185
0 0.561328 0.231019 0.014323 0.020370
0 0.011719 0.393750 0.015625 0.015278
0 0.435417 0.007176 0.005729 0.013426
0 0.123698 0.561574 0.014063 0.012037
0 0.989974 0.549537 0.016927 0.012963
0 0.631771 0.672917 0.012500 0.019907
0 0.623568 0.710648 0.013281 0.023148
0 0.471484 0.965509 0.005990 0.028241
0 0.480078 0.857639 0.005990 0.028241
0 0.016406 0.559954 0.015625 0.011574
0 0.476042 0.909722 0.006771 0.028704
1 0.480469 0.986343 0.009896 0.027315
0 0.138151 0.433565 0.015885 0.012500
0 0.175260 0.431713 0.015625 0.012500
0 0.994141 0.987269 0.011719 0.013426
2 0.639974 0.298380 0.014323 0.018056
