0 0.009896 0.073380 0.013021 0.008796
0 0.028255 0.073380 0.014844 0.009722
0 0.046875 0.071991 0.016667 0.013426
0 0.082161 0.072917 0.017448 0.011574
0 0.175130 0.071759 0.014844 0.010185
0 0.138932 0.072454 0.015365 0.010648
0 0.197396 0.069444 0.015104 0.011111
0 0.231771 0.088426 0.014063 0.021296
0 0.247526 0.125694 0.011719 0.026389
0 0.236458 0.132870 0.014583 0.019444
0 0.237370 0.147917 0.016927 0.016204
0 0.241146 0.161343 0.015104 0.020833
0 0.253255 0.194213 0.016927 0.019907
2 0.264323 0.216898 0.011979 0.020833
2 0.255729 0.204167 0.016146 0.017593
2 0.269922 0.239120 0.017969 0.033796
0 0.284896 0.288194 0.010417 0.025463
0 0.367057 0.160185 0.013281 0.018519
0 0.576172 0.009028 0.008073 0.017130
0 0.553125 0.078009 0.006771 0.027315
0 0.508984 0.181481 0.015885 0.020370
0 0.559505 0.127315 0.015885 0.016667
2 0.520833 0.132176 0.017188 0.018056
0 0.523828 0.109028 0.015365 0.012500
0 0.548177 0.138889 0.007812 0.025000
0 0.573438 0.188889 0.011979 0.029630
0 0.589714 0.247917 0.013802 0.019907
0 0.603516 0.270370 0.013802 0.023148
0 0.628646 0.278009 0.014583 0.020833
0 0.655599 0.261806 0.014323 0.015278
0 0.676302 0.277315 0.014063 0.013889
0 0.672005 0.241204 0.007552 0.025926
0 0.693620 0.270370 0.013802 0.011111
0 0.647266 0.315046 0.014844 0.017130
0 0.605208 0.330787 0.011458 0.025463
0 0.588802 0.292593 0.013542 0.022222
0 0.573568 0.267824 0.013802 0.022685
0 0.557682 0.246991 0.011198 0.017130
2 0.570573 0.223380 0.016146 0.030093
2 0.522656 0.222917 0.017188 0.016204
2 0.502734 0.261806 0.008073 0.039352
0 0.510547 0.213426 0.013802 0.013889
0 0.540234 0.228935 0.014323 0.014352
0 0.704948 0.242593 0.014063 0.011111
0 0.686849 0.244213 0.014844 0.011574
0 0.746745 0.264815 0.013802 0.010185
0 0.762500 0.262269 0.012500 0.011574
0 0.843099 0.226157 0.015365 0.017130
0 0.841276 0.195139 0.012760 0.014352
0 0.878646 0.157639 0.013021 0.017130
2 0.711589 0.266435 0.015365 0.013426
0 0.630990 0.339120 0.010937 0.028241
0 0.637109 0.369444 0.009635 0.028704
0 0.622526 0.395139 0.011719 0.025463
0 0.613932 0.358333 0.011198 0.021296
0 0.643490 0.408102 0.009896 0.028241
0 0.041016 0.428241 0.013281 0.010185
0 0.104167 0.428472 0.016667 0.011574
0 0.438411 0.987269 0.006510 0.025463
2 0.414193 0.981250 0.007552 0.029167
2 0.445052 0.760648 0.006250 0.031481
0 0.154688 0.397454 0.015104 0.013426
0 0.230990 0.448148 0.013021 0.010185
0 0.433073 0.945833 0.007292 0.025926
0 0.429036 0.878472 0.007552 0.027315
0 0.054297 0.397454 0.014844 0.011574
0 0.615885 0.326389 0.009896 0.026852
0 0.349740 0.450231 0.014063 0.012500
0 0.535937 0.496991 0.015625 0.012500
0 0.675260 0.530556 0.015104 0.012037
0 0.624609 0.518287 0.014844 0.012500
0 0.460026 0.461574 0.014844 0.012037
2 0.499609 0.512037 0.013802 0.022222
2 0.281510 0.447685 0.017708 0.012037
1 0.416667 0.435417 0.034896 0.018056
0 0.641927 0.715278 0.014063 0.022222
0 0.639193 0.733102 0.013802 0.022685
0 0.600651 0.707870 0.015365 0.018519
0 0.554167 0.804861 0.008333 0.028241
0 0.557943 0.778009 0.010677 0.026389
0 0.555208 0.850000 0.008333 0.022222
0 0.545703 0.959259 0.007552 0.029630
0 0.467969 0.859722 0.006771 0.028704
0 0.461849 0.787037 0.006510 0.027778
0 0.471224 0.778472 0.005990 0.019907
0 0.459635 0.833565 0.006250 0.026389
0 0.481901 0.739120 0.005990 0.028241
0 0.458203 0.863426 0.005469 0.018519
0 0.463151 0.746528 0.006510 0.026389
0 0.465104 0.716667 0.007292 0.026852
0 0.474089 0.703009 0.008073 0.027315
0 0.476042 0.667593 0.007292 0.026852
0 0.466536 0.680556 0.005990 0.029630
0 0.468229 0.646759 0.006771 0.025926
0 0.483594 0.662037 0.006771 0.025926
0 0.477474 0.628472 0.006510 0.027315
0 0.485156 0.619444 0.007292 0.027778
2 0.482031 0.698611 0.006250 0.028704
2 0.473047 0.736806 0.007031 0.028241
2 0.469922 0.819907 0.007031 0.029630
0 0.393490 0.470370 0.014583 0.011111
0 0.371354 0.468519 0.014583 0.011111
0 0.393750 0.485417 0.011979 0.008796
0 0.403385 0.501852 0.015104 0.009259
0 0.379557 0.538889 0.013802 0.012037
0 0.353906 0.535880 0.015625 0.011574
0 0.331771 0.536111 0.015625 0.011111
0 0.341276 0.497222 0.014323 0.011111
0 0.322135 0.498380 0.015625 0.012500
0 0.317057 0.483796 0.014323 0.011111
0 0.295573 0.481481 0.015104 0.011111
0 0.299089 0.501620 0.014844 0.011574
0 0.299870 0.515509 0.015885 0.011574
0 0.249609 0.498843 0.014844 0.011574
0 0.254818 0.513889 0.014844 0.012037
0 0.252734 0.533796 0.015365 0.012963
0 0.272135 0.533565 0.014583 0.011574
2 0.376172 0.487731 0.016406 0.008796
2 0.382031 0.500463 0.016146 0.011111
2 0.370573 0.520139 0.017708 0.011574
2 0.312240 0.535185 0.015625 0.010185
2 0.177604 0.513426 0.019792 0.012963
0 0.277083 0.498843 0.013021 0.011574
0 0.277344 0.516204 0.014063 0.008333
0 0.346745 0.516435 0.012760 0.010648
0 0.338281 0.483333 0.014063 0.011111
0 0.323568 0.514583 0.012760 0.009722
0 0.397005 0.518750 0.012760 0.010648
0 0.356771 0.482176 0.011458 0.008796
0 0.359766 0.499306 0.010677 0.009722
0 0.291406 0.536343 0.011979 0.009722
0 0.406250 0.536806 0.011458 0.009722
0 0.389323 0.733102 0.014583 0.023611
0 0.223307 0.534028 0.014844 0.012500
0 0.202604 0.530787 0.015104 0.010648
0 0.231641 0.517130 0.015885 0.011111
0 0.205078 0.514352 0.016406 0.011111
0 0.131901 0.513657 0.014844 0.010648
0 0.183073 0.531250 0.015104 0.010648
0 0.145703 0.495139 0.014844 0.010648
0 0.105859 0.513194 0.016927 0.011574
0 0.059115 0.495602 0.016667 0.012500
0 0.134635 0.531250 0.015104 0.010648
0 0.073047 0.531713 0.014844 0.010648
0 0.098568 0.531713 0.014844 0.010648
0 0.367578 0.688889 0.014323 0.025926
0 0.346484 0.658102 0.009635 0.015278
0 0.024740 0.531019 0.017188 0.011111
0 0.051042 0.531713 0.016667 0.011574
0 0.321094 0.627778 0.015104 0.020370
0 0.004297 0.529167 0.008073 0.012963
2 0.115495 0.496528 0.017448 0.010648
2 0.091406 0.495833 0.020313 0.011111
2 0.416146 0.804861 0.013542 0.026389
0 0.277214 0.481481 0.010677 0.010185
0 0.152734 0.513889 0.012240 0.011111
0 0.216146 0.497222 0.016667 0.013889
2 0.161589 0.533333 0.015365 0.010185
0 0.796745 0.375000 0.015365 0.012963
0 0.791536 0.434722 0.015365 0.013889
0 0.789714 0.455556 0.016406 0.012963
2 0.793359 0.410648 0.016406 0.013889
2 0.794922 0.387500 0.016406 0.012963
0 0.787760 0.470833 0.020833 0.017593
0 0.860417 0.408102 0.006250 0.019907
0 0.068620 0.443981 0.014844 0.010185
0 0.485807 0.434259 0.014844 0.012963
0 0.705078 0.536343 0.015365 0.012500
0 0.571745 0.470602 0.015885 0.013426
0 0.444271 0.667361 0.006250 0.024537
0 0.575130 0.487731 0.016406 0.013426
0 0.708854 0.518287 0.016146 0.013426
2 0.772917 0.550926 0.018750 0.013889
0 0.961198 0.511111 0.008854 0.024074
2 0.192448 0.497222 0.017708 0.012037
0 0.862500 0.380556 0.006771 0.025000
0 0.996875 0.313889 0.006250 0.029630
0 0.989974 0.308333 0.008073 0.026852
2 0.983854 0.292824 0.007292 0.028241
0 0.997266 0.376389 0.005469 0.024074
0 0.958073 0.482870 0.006250 0.024074
0 0.659245 0.490741 0.014844 0.012963
0 0.748307 0.527546 0.014844 0.012500
0 0.840495 0.565509 0.014323 0.012500
0 0.887500 0.576620 0.012500 0.012500
0 0.723047 0.505093 0.016406 0.012037
0 0.421484 0.840278 0.008073 0.024074
0 0.579688 0.729398 0.015625 0.023611
0 0.079297 0.515741 0.015885 0.011111
0 0.443750 0.348148 0.005729 0.026852
0 0.494792 0.605093 0.005729 0.025000
0 0.299870 0.597454 0.014844 0.015278
0 0.565104 0.903472 0.009896 0.026389
0 0.464323 0.895833 0.006771 0.028704
0 0.456120 0.908333 0.005990 0.025926
0 0.494271 0.651852 0.007812 0.025926
0 0.539974 0.927778 0.009115 0.031481
2 0.246615 0.568287 0.016146 0.014352
0 0.532813 0.887963 0.010417 0.027778
0 0.479948 0.778704 0.006771 0.028704
0 0.462240 0.930093 0.006771 0.028704
0 0.453255 0.937963 0.008073 0.027778
0 0.053255 0.512731 0.013802 0.009722
0 0.405990 0.764120 0.012500 0.023611
0 0.459245 0.965278 0.007031 0.025000
0 0.450260 0.970833 0.006771 0.028704
0 0.570833 0.934954 0.009375 0.026389
0 0.582292 0.991435 0.009896 0.017130
0 0.552604 0.992130 0.008854 0.015741
0 0.676302 0.957176 0.010417 0.018981
0 0.808724 0.975000 0.013802 0.019444
0 0.793880 0.992593 0.013802 0.014815
0 0.918490 0.959259 0.018229 0.014815
0 0.976953 0.994907 0.006510 0.010185
0 0.780339 0.518750 0.016927 0.014352
0 0.458073 0.990972 0.007292 0.018056
0 0.986458 0.958565 0.007292 0.024537
0 0.352734 0.467361 0.013281 0.012500
0 0.215885 0.560417 0.015104 0.011574
0 0.819010 0.543981 0.013542 0.012963
0 0.554167 0.205324 0.013542 0.015278
0 0.374089 0.246991 0.015365 0.018981
0 0.273177 0.585417 0.013542 0.015278
0 0.877995 0.538426 0.016927 0.012963
0 0.630729 0.676620 0.011979 0.021759
0 0.622005 0.710185 0.013281 0.023148
0 0.471094 0.935417 0.006771 0.025463
0 0.477214 0.856713 0.005990 0.028241
0 0.164714 0.556481 0.017448 0.012963
0 0.473958 0.896296 0.007292 0.027778
1 0.492839 0.703009 0.010156 0.060648
0 0.625391 0.612269 0.014323 0.027315
0 0.491667 0.759491 0.006771 0.025463
0 0.467318 0.977315 0.008594 0.026852
2 0.489844 0.791898 0.007812 0.031019
0 0.025260 0.511343 0.015625 0.011574
0 0.114453 0.554630 0.018490 0.012963
0 0.150260 0.059491 0.016667 0.013426
0 0.862370 0.552546 0.015885 0.012500
0 0.911719 0.549306 0.015625 0.012500
0 0.486328 0.836574 0.008073 0.028704
1 0.566146 0.712731 0.025521 0.053241
0 0.455078 0.195139 0.005469 0.027315
0 0.907813 0.969907 0.018229 0.014815
0 0.086458 0.553009 0.014063 0.010648
2 0.967318 0.981481 0.015885 0.015741
0 0.938281 0.556250 0.015625 0.012500
0 0.920312 0.569213 0.015625 0.012500
0 0.923568 0.584954 0.015365 0.012500
1 0.525130 0.810880 0.023698 0.055093
0 0.577083 0.505787 0.015625 0.012500
0 0.189974 0.464815 0.011719 0.012037
0 0.439193 0.871528 0.007552 0.027315
0 0.992708 0.993981 0.014583 0.012037
0 0.447526 0.072917 0.005469 0.027315
0 0.024740 0.478009 0.015625 0.011574
0 0.012760 0.493287 0.015625 0.011574
0 0.005990 0.550000 0.011458 0.012037
0 0.478516 0.967593 0.007552 0.026852
0 0.971615 0.578009 0.015625 0.012500
0 0.976042 0.597454 0.015625 0.012500
1 0.985026 0.562731 0.029948 0.019907
2 0.640104 0.302315 0.013542 0.016667
