0 0.013021 0.048843 0.013021 0.008796
0 0.031250 0.049769 0.015104 0.009722
0 0.048177 0.048843 0.016667 0.013426
0 0.084245 0.050231 0.017448 0.011574
0 0.180469 0.052778 0.015104 0.011111
0 0.143880 0.051620 0.017448 0.011574
0 0.202083 0.053241 0.015104 0.011111
0 0.236719 0.073611 0.014063 0.021296
0 0.252083 0.111111 0.011979 0.029630
0 0.239063 0.119444 0.015625 0.022222
0 0.241146 0.133102 0.016146 0.018056
0 0.244661 0.144213 0.015365 0.019907
0 0.256250 0.180556 0.015104 0.021296
2 0.266927 0.204630 0.013021 0.023148
2 0.259635 0.195602 0.016667 0.020833
2 0.273438 0.226852 0.017708 0.032407
0 0.286458 0.275926 0.010417 0.025926
0 0.370182 0.150000 0.013281 0.018519
0 0.583203 0.008565 0.008073 0.016204
0 0.559375 0.076157 0.006771 0.027315
0 0.513802 0.178241 0.015625 0.024074
0 0.565495 0.125000 0.015885 0.016667
2 0.526042 0.129398 0.017188 0.018056
0 0.528776 0.104398 0.015365 0.012500
0 0.541927 0.020833 0.007812 0.025000
0 0.578646 0.190278 0.011979 0.029630
0 0.593359 0.248611 0.015365 0.023148
0 0.608724 0.272222 0.013802 0.023148
0 0.631641 0.278935 0.015365 0.018056
0 0.658464 0.263426 0.015365 0.014815
0 0.679948 0.281019 0.015104 0.009259
0 0.676432 0.244213 0.005990 0.023611
0 0.697396 0.275926 0.014063 0.007407
0 0.649349 0.315046 0.014844 0.017130
0 0.607552 0.330787 0.011458 0.025463
0 0.591536 0.293287 0.013281 0.024537
0 0.576432 0.268287 0.013802 0.022685
0 0.561589 0.246991 0.011198 0.017130
2 0.574740 0.223380 0.016146 0.030093
2 0.526302 0.219907 0.015104 0.014815
2 0.505859 0.257639 0.008073 0.039352
0 0.503776 0.212500 0.015365 0.020370
0 0.543750 0.228472 0.013542 0.017130
0 0.709635 0.246296 0.014063 0.011111
0 0.691016 0.246065 0.014844 0.011574
0 0.749089 0.268981 0.013802 0.010185
0 0.766667 0.266898 0.012500 0.011574
0 0.846484 0.233333 0.014323 0.017593
0 0.847266 0.203472 0.012240 0.012500
0 0.884375 0.166204 0.011979 0.013889
2 0.716016 0.274074 0.013802 0.010185
0 0.633724 0.341898 0.010156 0.023611
0 0.638932 0.369907 0.009635 0.028704
0 0.623307 0.396065 0.011719 0.025463
0 0.616276 0.359722 0.011198 0.021296
0 0.645312 0.409491 0.009896 0.028241
2 0.421224 0.988426 0.007552 0.023148
0 0.507292 0.188194 0.015104 0.019907
0 0.572396 0.506019 0.015104 0.012963
0 0.548307 0.500231 0.014844 0.012500
2 0.429167 0.914815 0.007812 0.030556
0 0.639453 0.718519 0.014323 0.020370
0 0.636068 0.735417 0.013802 0.022685
0 0.598958 0.710185 0.016667 0.020370
0 0.551042 0.803935 0.008333 0.028241
0 0.555859 0.775694 0.010677 0.026389
0 0.550260 0.834491 0.006771 0.020833
0 0.540365 0.957870 0.008854 0.027778
0 0.463021 0.855556 0.006771 0.028704
0 0.459375 0.780324 0.008333 0.028241
0 0.467839 0.773843 0.005990 0.019907
0 0.454167 0.827315 0.008333 0.027778
0 0.478385 0.735648 0.006771 0.026852
0 0.453385 0.858796 0.006250 0.020370
0 0.460417 0.742593 0.006771 0.025926
0 0.461979 0.708796 0.007292 0.026852
0 0.472266 0.696991 0.008073 0.027315
0 0.472917 0.663426 0.007292 0.026852
0 0.463021 0.676852 0.007812 0.026852
0 0.465365 0.639815 0.006771 0.025926
0 0.482422 0.657639 0.008073 0.028241
0 0.475130 0.625694 0.006510 0.027315
0 0.482682 0.615972 0.007552 0.026389
2 0.480990 0.692130 0.007292 0.027778
2 0.470313 0.732870 0.006250 0.028704
2 0.466276 0.810648 0.007031 0.029630
0 0.397396 0.464815 0.014583 0.011111
0 0.373437 0.460648 0.014583 0.011111
0 0.395703 0.479630 0.013281 0.010185
0 0.691146 0.589583 0.014063 0.014352
0 0.745443 0.605556 0.013281 0.012037
0 0.621745 0.570370 0.016406 0.012963
0 0.603776 0.532870 0.015365 0.013889
0 0.569792 0.522917 0.015104 0.014352
0 0.316536 0.473148 0.014323 0.011111
0 0.296094 0.472685 0.015104 0.011111
0 0.505599 0.509028 0.014844 0.011574
0 0.580339 0.541898 0.015885 0.011574
0 0.400391 0.495139 0.014844 0.011574
0 0.420182 0.510648 0.014844 0.012037
0 0.434896 0.531944 0.016146 0.012037
0 0.488672 0.539120 0.015885 0.013426
2 0.376693 0.479861 0.016927 0.010648
2 0.845833 0.610185 0.016667 0.012963
2 0.575391 0.558796 0.015365 0.012963
2 0.249479 0.502778 0.019792 0.012963
0 0.450521 0.499769 0.012500 0.011574
0 0.507812 0.525231 0.013021 0.012500
0 0.770443 0.592824 0.013802 0.013426
0 0.338281 0.475000 0.014063 0.011111
0 0.688802 0.570833 0.012500 0.011111
0 0.976823 0.649074 0.014063 0.012963
0 0.357812 0.476157 0.011458 0.008796
0 0.630208 0.538889 0.011979 0.012037
0 0.526953 0.550926 0.012760 0.011111
0 0.416536 0.952778 0.008073 0.026852
0 0.392188 0.532870 0.016667 0.011111
0 0.347786 0.525463 0.015885 0.010185
0 0.366276 0.510648 0.015885 0.011111
0 0.318880 0.506944 0.016406 0.011111
0 0.160417 0.497917 0.016146 0.012500
0 0.298958 0.521065 0.015104 0.010648
0 0.234505 0.483102 0.014844 0.010648
0 0.124609 0.496065 0.016927 0.011574
0 0.066797 0.474769 0.016927 0.012500
0 0.203385 0.516667 0.016667 0.012037
0 0.137109 0.514120 0.014844 0.010648
0 0.160417 0.516898 0.015104 0.010648
0 0.424870 0.881250 0.007031 0.020833
0 0.416276 0.850694 0.008073 0.028241
0 0.069401 0.511111 0.017448 0.011111
0 0.106771 0.512269 0.016667 0.011574
0 0.409505 0.786806 0.011198 0.024537
0 0.026562 0.508102 0.016146 0.011574
2 0.144141 0.479861 0.017448 0.010648
2 0.115625 0.477315 0.020313 0.011111
0 0.277865 0.469907 0.011979 0.010185
0 0.201432 0.499537 0.010677 0.010185
0 0.326562 0.489815 0.016667 0.013889
2 0.262109 0.520833 0.015365 0.010185
0 0.799349 0.381944 0.015365 0.012963
0 0.792578 0.441204 0.015365 0.013889
0 0.790495 0.461111 0.016927 0.012037
2 0.793880 0.417130 0.016406 0.013889
2 0.797786 0.393981 0.016406 0.012963
0 0.788281 0.474769 0.019792 0.014352
0 0.863672 0.417130 0.005469 0.022222
0 0.588151 0.511111 0.015365 0.012037
0 0.426693 0.957870 0.007031 0.027778
2 0.609635 0.514815 0.018750 0.013889
0 0.963542 0.525463 0.008854 0.024074
2 0.291927 0.488889 0.017708 0.012037
0 0.865625 0.390278 0.006771 0.025000
0 0.994661 0.322222 0.008073 0.026852
2 0.988802 0.308565 0.007292 0.028241
0 0.959375 0.495833 0.006250 0.024074
0 0.007552 0.417824 0.014583 0.012500
0 0.042448 0.403241 0.016146 0.012963
0 0.648828 0.524769 0.014323 0.011574
0 0.578255 0.728472 0.012760 0.023611
0 0.098698 0.496296 0.018229 0.011111
0 0.445833 0.342130 0.005729 0.026852
0 0.493229 0.600000 0.005729 0.025000
0 0.358854 0.675231 0.015104 0.023611
0 0.559635 0.901157 0.009896 0.026389
0 0.459375 0.893519 0.006771 0.028704
0 0.450130 0.895833 0.005990 0.025926
0 0.491927 0.648611 0.006250 0.025926
0 0.534896 0.925463 0.010417 0.028704
2 0.422005 0.779861 0.015365 0.026389
0 0.527604 0.887500 0.010417 0.027778
0 0.476823 0.775926 0.006771 0.028704
0 0.456771 0.926852 0.006771 0.028704
0 0.447656 0.934954 0.007812 0.029167
0 0.071094 0.491898 0.014063 0.009722
0 0.414714 0.983796 0.008073 0.024074
0 0.453646 0.960185 0.008333 0.027778
0 0.443880 0.968750 0.008594 0.027315
0 0.564453 0.934954 0.009635 0.031019
0 0.576172 0.990972 0.010156 0.018056
0 0.547396 0.991435 0.009896 0.017130
0 0.671875 0.957639 0.010417 0.018981
0 0.804427 0.983565 0.011979 0.018981
0 0.914583 0.972454 0.018229 0.012500
0 0.451432 0.990046 0.006510 0.019907
0 0.983984 0.974074 0.007552 0.025926
0 0.351953 0.459491 0.013281 0.012500
0 0.292708 0.583102 0.013542 0.016204
0 0.557292 0.203935 0.013542 0.015278
0 0.321224 0.618750 0.015365 0.024537
0 0.311589 0.434722 0.016927 0.012963
0 0.627995 0.678935 0.014844 0.025463
0 0.618620 0.715509 0.012760 0.021759
0 0.465365 0.931713 0.006771 0.025463
0 0.472266 0.851852 0.006510 0.026852
0 0.261328 0.563657 0.015885 0.018056
0 0.469010 0.894213 0.008333 0.027315
1 0.490365 0.699537 0.011458 0.059259
0 0.488021 0.757176 0.006771 0.025463
0 0.461068 0.973148 0.007552 0.028704
2 0.484766 0.787731 0.007552 0.029167
0 0.227995 0.546759 0.013281 0.012963
0 0.164844 0.046296 0.016146 0.015741
0 0.124870 0.425231 0.016406 0.012500
0 0.261979 0.431713 0.015625 0.012500
0 0.482812 0.829167 0.007292 0.028704
0 0.455339 0.340509 0.005469 0.027315
0 0.188151 0.542130 0.016406 0.010185
0 0.493229 0.454861 0.015625 0.012500
0 0.380469 0.442361 0.015625 0.012500
0 0.716276 0.542130 0.012760 0.012963
0 0.531380 0.496528 0.012760 0.012500
0 0.334766 0.457870 0.011719 0.012037
0 0.120182 0.374074 0.012760 0.012037
0 0.313151 0.458796 0.011719 0.010185
0 0.032943 0.471991 0.014844 0.010648
0 0.153646 0.537731 0.016146 0.012500
0 0.479557 0.881944 0.007552 0.026852
0 0.585938 0.472917 0.015625 0.012500
1 0.877995 0.550000 0.035156 0.020370
2 0.849089 0.627778 0.015885 0.012963
0 0.819010 0.544907 0.014583 0.013889
0 0.628516 0.520602 0.014323 0.012500
2 0.622656 0.647917 0.013021 0.028241
0 0.590625 0.490741 0.014583 0.012037
0 0.692839 0.536343 0.015365 0.012500
0 0.669401 0.530324 0.015365 0.012500
0 0.447526 0.299537 0.006510 0.028704
0 0.292448 0.455787 0.016667 0.012500
0 0.123177 0.534259 0.015625 0.010185
0 0.770703 0.555324 0.010677 0.008796
0 0.735417 0.546759 0.016146 0.012963
0 0.175651 0.384722 0.016927 0.013889
0 0.696745 0.519907 0.014323 0.012963
2 0.791667 0.561343 0.016146 0.012500
0 0.476172 0.922685 0.007552 0.026852
0 0.083333 0.532870 0.016667 0.012963
0 0.472396 0.959722 0.008333 0.028704
0 0.859375 0.579630 0.015104 0.013889
0 0.892188 0.588657 0.016667 0.012500
0 0.930339 0.562269 0.015365 0.013426
0 0.280208 0.345139 0.013021 0.026389
0 0.447266 0.250231 0.007031 0.031019
0 0.961719 0.605787 0.015104 0.012500
2 0.743099 0.528472 0.015365 0.013426
0 0.045573 0.490972 0.015625 0.010648
0 0.425260 0.848148 0.007812 0.025926
0 0.012630 0.489352 0.014323 0.008333
0 0.419661 0.914352 0.007552 0.029630
0 0.085547 0.403472 0.015885 0.012500
0 0.139323 0.029630 0.014063 0.011111
3 0.770052 0.577083 0.007292 0.006019
0 0.388281 0.736574 0.013021 0.024074
0 0.928646 0.596991 0.016667 0.012500
0 0.822917 0.570602 0.011979 0.010648
1 0.969010 0.572454 0.036458 0.021759
0 0.271094 0.157176 0.008333 0.022685
0 0.049479 0.530556 0.016146 0.012963
0 0.154167 0.462037 0.017188 0.012037
0 0.253125 0.059954 0.007292 0.019907
0 0.994792 0.477546 0.009375 0.023611
0 0.990365 0.520370 0.013542 0.016667
0 0.922917 0.579630 0.014583 0.013889
0 0.988021 0.613194 0.015104 0.012500
0 0.007943 0.468519 0.015365 0.012037
2 0.642839 0.302315 0.013802 0.015741
