0 0.011458 0.045139 0.013021 0.008796
0 0.030729 0.045139 0.015104 0.009722
0 0.047135 0.045139 0.016667 0.013426
0 0.082943 0.045602 0.017448 0.011574
0 0.178906 0.049074 0.015104 0.011111
0 0.144141 0.048380 0.017448 0.011574
0 0.201302 0.050000 0.015104 0.011111
0 0.236979 0.071759 0.014063 0.021296
0 0.251302 0.109259 0.011979 0.029630
0 0.238281 0.116667 0.015625 0.022222
0 0.240104 0.129861 0.016146 0.018056
0 0.243880 0.142361 0.015365 0.019907
0 0.256250 0.178704 0.015104 0.021296
2 0.265885 0.200000 0.013021 0.023148
2 0.259896 0.192824 0.016667 0.020833
2 0.272396 0.224074 0.017708 0.032407
0 0.286068 0.273148 0.009115 0.025000
0 0.370182 0.150000 0.013281 0.018519
0 0.583203 0.008565 0.008073 0.016204
0 0.559375 0.076157 0.006771 0.027315
0 0.512500 0.175926 0.015625 0.024074
0 0.565495 0.125000 0.015885 0.016667
2 0.526563 0.127083 0.017188 0.018056
0 0.528776 0.102546 0.015365 0.012500
0 0.541927 0.020833 0.007812 0.025000
0 0.577344 0.187037 0.011979 0.029630
0 0.591797 0.246296 0.015365 0.023148
0 0.605859 0.268981 0.013802 0.023148
0 0.629297 0.276620 0.015365 0.018056
0 0.658464 0.263426 0.015365 0.014815
0 0.677604 0.280093 0.015104 0.009259
0 0.673828 0.243287 0.005990 0.023611
0 0.696875 0.275694 0.013021 0.006944
0 0.647786 0.315046 0.014844 0.017130
0 0.605729 0.330324 0.011458 0.025463
0 0.592057 0.291435 0.013281 0.024537
0 0.576432 0.264120 0.013802 0.022685
0 0.560547 0.242824 0.011198 0.017130
2 0.572917 0.221065 0.016146 0.030093
2 0.525781 0.218981 0.017188 0.018519
2 0.505339 0.254398 0.008073 0.039352
0 0.510026 0.200000 0.013802 0.012963
0 0.543229 0.225000 0.015625 0.015741
0 0.707812 0.244444 0.014063 0.011111
0 0.689974 0.246991 0.014844 0.011574
0 0.749089 0.268981 0.013802 0.010185
0 0.764844 0.267361 0.014583 0.010648
0 0.846484 0.233333 0.014323 0.017593
0 0.845703 0.203935 0.012240 0.012500
0 0.884375 0.166204 0.011979 0.013889
2 0.713151 0.273611 0.015365 0.011111
0 0.631120 0.340972 0.010156 0.023611
0 0.637630 0.370833 0.009635 0.028704
0 0.622526 0.393287 0.011719 0.025463
0 0.613411 0.355556 0.011198 0.021296
0 0.644271 0.409491 0.009896 0.028241
2 0.418620 0.987037 0.008594 0.025926
0 0.489714 0.104861 0.007552 0.029167
0 0.568750 0.504167 0.015104 0.012963
0 0.545182 0.497454 0.014844 0.012500
2 0.427083 0.912037 0.007812 0.030556
0 0.639453 0.718519 0.014323 0.020370
0 0.632943 0.732639 0.013802 0.022685
0 0.596354 0.709259 0.016667 0.020370
0 0.549479 0.803009 0.008333 0.028241
0 0.554818 0.773843 0.010677 0.026389
0 0.548958 0.833565 0.006771 0.020833
0 0.538021 0.956944 0.008854 0.027778
0 0.459635 0.854167 0.006771 0.028704
0 0.457031 0.778935 0.008333 0.028241
0 0.465885 0.773148 0.007292 0.019444
0 0.454167 0.827315 0.008333 0.027778
0 0.476562 0.732870 0.006771 0.026852
0 0.451042 0.857407 0.006250 0.020370
0 0.459115 0.739352 0.006771 0.025926
0 0.460938 0.707407 0.007292 0.026852
0 0.470703 0.696065 0.008073 0.027315
0 0.471875 0.661111 0.007292 0.026852
0 0.462240 0.676389 0.007812 0.026852
0 0.463542 0.639815 0.006771 0.025926
0 0.480339 0.657176 0.008073 0.028241
0 0.473828 0.622917 0.006510 0.027315
0 0.482682 0.615972 0.007552 0.026389
2 0.478906 0.691204 0.008854 0.027778
2 0.469010 0.731019 0.006250 0.028704
2 0.464714 0.809722 0.007031 0.029630
0 0.395313 0.461111 0.014583 0.011111
0 0.372656 0.458796 0.014583 0.011111
0 0.392839 0.476852 0.013281 0.010185
0 0.817969 0.624306 0.014063 0.014352
0 0.888411 0.643519 0.013281 0.012037
0 0.757161 0.605093 0.016406 0.012963
0 0.744661 0.569444 0.015365 0.013889
0 0.694010 0.558102 0.015104 0.014352
0 0.314193 0.468981 0.014323 0.011111
0 0.294271 0.467593 0.015104 0.011111
0 0.649870 0.543287 0.014844 0.011574
0 0.772526 0.594213 0.015885 0.011574
0 0.518750 0.508796 0.016667 0.012963
0 0.610807 0.548611 0.014844 0.012037
0 0.568490 0.553704 0.016146 0.012037
0 0.620703 0.568750 0.015885 0.013426
2 0.375911 0.476620 0.016927 0.010648
2 0.711849 0.594444 0.015365 0.012963
2 0.382161 0.509259 0.017969 0.012037
0 0.608594 0.532639 0.012500 0.011574
0 0.716667 0.577546 0.013021 0.012500
0 0.978255 0.647454 0.013802 0.013426
0 0.336458 0.471759 0.014063 0.011111
0 0.906771 0.630556 0.012500 0.011111
0 0.949349 0.565741 0.014844 0.012963
0 0.356250 0.471991 0.011458 0.008796
0 0.779167 0.579630 0.011979 0.012037
0 0.661068 0.580556 0.012760 0.011111
0 0.415234 0.951852 0.008073 0.026852
0 0.529687 0.551389 0.016667 0.011111
0 0.453516 0.526852 0.015885 0.010185
0 0.551693 0.533333 0.015885 0.011111
0 0.498307 0.520833 0.016406 0.011111
0 0.304688 0.502083 0.016146 0.012500
0 0.490625 0.540046 0.015104 0.010648
0 0.418359 0.495602 0.014844 0.010648
0 0.237760 0.496991 0.016146 0.010648
0 0.154036 0.477083 0.016927 0.012500
0 0.317448 0.523148 0.016667 0.012037
0 0.224349 0.515972 0.014844 0.010648
0 0.248438 0.517824 0.015104 0.010648
0 0.423047 0.883565 0.007031 0.020833
0 0.405859 0.955787 0.007031 0.025463
0 0.158203 0.511574 0.015885 0.011111
0 0.190104 0.513657 0.016667 0.011574
0 0.412891 0.853935 0.007552 0.025463
0 0.119271 0.509954 0.016146 0.011574
2 0.258203 0.484491 0.017448 0.010648
2 0.213802 0.480093 0.020313 0.011111
0 0.276562 0.468056 0.011979 0.010185
0 0.340234 0.508333 0.010677 0.010185
0 0.569922 0.525463 0.015885 0.013889
2 0.406120 0.528241 0.015365 0.010185
0 0.797526 0.383333 0.015365 0.012963
0 0.790495 0.443056 0.015365 0.013889
0 0.790495 0.461111 0.016927 0.012037
2 0.793880 0.417130 0.016406 0.013889
2 0.795443 0.394676 0.016406 0.013426
0 0.788281 0.474769 0.019792 0.014352
0 0.861328 0.418519 0.006510 0.020370
0 0.586328 0.508333 0.015365 0.012037
0 0.424349 0.954630 0.007031 0.027778
2 0.607031 0.512500 0.018750 0.013889
0 0.959635 0.527315 0.008854 0.024074
2 0.483073 0.503704 0.017708 0.012037
0 0.864062 0.392130 0.006771 0.025000
0 0.994661 0.322222 0.008073 0.026852
2 0.988802 0.308565 0.007292 0.028241
0 0.955859 0.496991 0.007552 0.027315
0 0.647266 0.523843 0.014323 0.011574
0 0.576172 0.728472 0.012760 0.023611
0 0.189062 0.496759 0.018229 0.011111
0 0.443750 0.338889 0.005729 0.026852
0 0.492969 0.600000 0.005729 0.025000
0 0.386589 0.729630 0.013802 0.028704
0 0.559635 0.901157 0.009896 0.026389
0 0.457292 0.890741 0.006771 0.028704
0 0.448568 0.894907 0.005990 0.025926
0 0.490365 0.645833 0.006250 0.025926
0 0.533594 0.925463 0.010417 0.028704
2 0.431120 0.872454 0.007552 0.027315
0 0.525260 0.885185 0.010417 0.027778
0 0.475521 0.775000 0.006771 0.028704
0 0.454427 0.923611 0.006771 0.028704
0 0.445312 0.933102 0.007812 0.029167
0 0.162240 0.493287 0.014063 0.009722
0 0.411589 0.981944 0.007552 0.025000
0 0.452083 0.957870 0.008333 0.027778
0 0.442057 0.966435 0.008594 0.027315
0 0.563672 0.932639 0.009635 0.031019
0 0.573828 0.990972 0.010156 0.018056
0 0.544531 0.990278 0.009896 0.019444
0 0.669531 0.957639 0.010417 0.018981
0 0.802344 0.985880 0.011979 0.018981
0 0.905208 0.971065 0.018229 0.012500
0 0.449349 0.987731 0.006510 0.019907
0 0.980339 0.975926 0.007552 0.025926
0 0.350130 0.456713 0.013281 0.012500
0 0.335938 0.637963 0.012500 0.018519
0 0.556510 0.199537 0.013542 0.017593
0 0.360547 0.678935 0.015365 0.024537
0 0.134115 0.424074 0.017188 0.012963
0 0.627995 0.678935 0.014844 0.025463
0 0.608464 0.696759 0.010677 0.024074
0 0.463542 0.929861 0.006771 0.025463
0 0.470703 0.851389 0.006510 0.026852
0 0.308073 0.599769 0.014583 0.018056
0 0.467187 0.891898 0.008333 0.027315
1 0.489583 0.698611 0.011458 0.059259
0 0.486719 0.754861 0.006771 0.025463
0 0.459505 0.970833 0.007552 0.028704
2 0.483724 0.785880 0.007552 0.029167
0 0.282943 0.572917 0.014323 0.015278
0 0.163542 0.042593 0.016146 0.015741
0 0.068490 0.419213 0.015625 0.012500
0 0.480729 0.827778 0.007292 0.028704
0 0.453516 0.337269 0.005469 0.027315
0 0.245703 0.554398 0.015885 0.012500
0 0.241667 0.429861 0.015625 0.012500
0 0.714193 0.540278 0.012760 0.012963
0 0.529036 0.492824 0.012760 0.012500
0 0.332161 0.454167 0.011719 0.012037
0 0.311589 0.455093 0.011719 0.010185
0 0.082943 0.472917 0.014844 0.010648
0 0.216406 0.541898 0.016146 0.012500
0 0.477734 0.880556 0.007552 0.026852
0 0.317057 0.418750 0.015885 0.012500
1 0.782813 0.524769 0.033854 0.021759
0 0.570833 0.464815 0.014583 0.013889
0 0.626172 0.519676 0.014323 0.012500
2 0.620313 0.647917 0.013021 0.028241
0 0.375521 0.438426 0.014583 0.012037
0 0.689974 0.535417 0.015365 0.012500
0 0.667318 0.530324 0.015365 0.012500
0 0.446484 0.295370 0.006510 0.028704
0 0.290625 0.452546 0.016667 0.012500
0 0.188021 0.536111 0.015625 0.010185
0 0.748177 0.550000 0.011458 0.010185
0 0.732292 0.545370 0.016146 0.012963
0 0.480729 0.462037 0.014583 0.012963
2 0.765234 0.557407 0.014844 0.013889
0 0.474609 0.921759 0.007552 0.026852
0 0.151953 0.534259 0.015365 0.012963
0 0.470573 0.957870 0.008333 0.028704
0 0.824740 0.570833 0.015104 0.013889
0 0.845052 0.567824 0.013542 0.015278
0 0.819401 0.545370 0.013802 0.012963
0 0.103516 0.393750 0.017969 0.013426
0 0.445703 0.249306 0.007031 0.031019
0 0.895052 0.590972 0.015104 0.012500
2 0.468880 0.437500 0.017448 0.013889
0 0.112500 0.491435 0.015625 0.010648
0 0.424219 0.850463 0.007812 0.025926
0 0.065365 0.487731 0.015104 0.009722
0 0.416536 0.915278 0.007552 0.029630
0 0.185677 0.026389 0.014063 0.011111
0 0.411849 0.809259 0.009635 0.026852
0 0.870313 0.583565 0.016667 0.012500
0 0.787240 0.563194 0.011979 0.010648
1 0.922526 0.562731 0.036719 0.022685
0 0.284635 0.328009 0.010417 0.018981
0 0.123177 0.532870 0.016146 0.012963
0 0.249349 0.466435 0.016927 0.012500
0 0.293229 0.244676 0.007292 0.019907
0 0.751563 0.534259 0.014583 0.013889
0 0.926823 0.598843 0.015104 0.012500
0 0.009635 0.464815 0.015104 0.012037
0 0.039583 0.484722 0.015625 0.010185
0 0.076432 0.505787 0.017969 0.012500
0 0.079167 0.528704 0.016146 0.012963
0 0.920443 0.581250 0.011198 0.009722
2 0.043620 0.505324 0.017448 0.012500
0 0.971354 0.575231 0.014583 0.012500
0 0.954688 0.590278 0.013021 0.011111
3 0.504948 0.844676 0.003646 0.013426
0 0.988021 0.597917 0.014583 0.012500
0 0.978906 0.612269 0.014583 0.012500
2 0.006901 0.502083 0.013281 0.011574
0 0.995573 0.582870 0.008854 0.011111
0 0.033073 0.527315 0.016146 0.012963
2 0.641536 0.302315 0.013281 0.014815
