0 0.010156 0.046065 0.013021 0.008796
0 0.028255 0.046528 0.015885 0.010648
0 0.046615 0.046759 0.017188 0.012963
0 0.083203 0.047917 0.017448 0.011574
0 0.177214 0.050231 0.016406 0.011574
0 0.142057 0.048148 0.018490 0.012037
0 0.200521 0.050000 0.015104 0.011111
0 0.235156 0.068981 0.011979 0.023148
0 0.250391 0.107407 0.010156 0.026852
0 0.238281 0.116667 0.015625 0.022222
0 0.240104 0.129861 0.016146 0.018056
0 0.243880 0.142361 0.015365 0.019907
0 0.254948 0.177778 0.017708 0.019444
2 0.265885 0.200000 0.013021 0.023148
2 0.258854 0.189120 0.018750 0.018056
2 0.272396 0.224074 0.017708 0.032407
0 0.285026 0.274306 0.010156 0.027315
0 0.368099 0.149537 0.013281 0.018519
0 0.581641 0.008565 0.008073 0.016204
0 0.558073 0.074306 0.006771 0.027315
0 0.512500 0.175926 0.015625 0.024074
0 0.563021 0.124306 0.014583 0.018981
2 0.526563 0.127083 0.017188 0.018056
0 0.528255 0.102546 0.015365 0.012500
0 0.541146 0.019907 0.007812 0.025000
0 0.577344 0.187037 0.011979 0.029630
0 0.591797 0.246296 0.015365 0.023148
0 0.605859 0.268981 0.013802 0.023148
0 0.629557 0.277083 0.015365 0.018056
0 0.657422 0.262500 0.015365 0.014815
0 0.677604 0.280093 0.015104 0.009259
0 0.673828 0.243287 0.005990 0.023611
0 0.696875 0.275694 0.013021 0.006944
0 0.647786 0.315046 0.014844 0.017130
0 0.605729 0.330324 0.011458 0.025463
0 0.589974 0.292361 0.013281 0.024537
0 0.575651 0.265509 0.013802 0.022685
0 0.559245 0.245139 0.011198 0.017130
2 0.572917 0.221065 0.016146 0.030093
2 0.522917 0.218981 0.017188 0.018519
2 0.503776 0.255787 0.008073 0.039352
0 0.528776 0.190509 0.013281 0.023611
0 0.541276 0.226620 0.014323 0.019907
0 0.707552 0.246296 0.014063 0.011111
0 0.689974 0.246991 0.014844 0.011574
0 0.747786 0.270833 0.013802 0.010185
0 0.764844 0.267361 0.014583 0.010648
0 0.843620 0.235185 0.014323 0.017593
0 0.844661 0.203935 0.012240 0.012500
0 0.883073 0.167593 0.011979 0.013889
2 0.713151 0.273611 0.015365 0.011111
0 0.631120 0.340972 0.010156 0.023611
0 0.634766 0.372222 0.009635 0.028704
0 0.621354 0.396065 0.010937 0.027315
0 0.613672 0.358333 0.011198 0.021296
0 0.642448 0.411343 0.009896 0.028241
2 0.417839 0.987037 0.008594 0.025926
0 0.488672 0.093750 0.007552 0.029167
0 0.568229 0.504167 0.015104 0.012963
0 0.543359 0.497454 0.014844 0.012500
2 0.427083 0.912037 0.007812 0.030556
0 0.638151 0.718519 0.014323 0.020370
0 0.632943 0.732639 0.013802 0.022685
0 0.596354 0.709259 0.016667 0.020370
0 0.547656 0.802546 0.008333 0.028241
0 0.552734 0.774769 0.010677 0.026389
0 0.548177 0.833102 0.006771 0.020833
0 0.538021 0.956944 0.008854 0.027778
0 0.459896 0.853241 0.006771 0.028704
0 0.455208 0.781250 0.008333 0.028241
0 0.465104 0.772454 0.005729 0.020833
0 0.452083 0.828241 0.008333 0.027778
0 0.476302 0.730093 0.006771 0.026852
0 0.450521 0.856019 0.006250 0.020370
0 0.458073 0.739583 0.008854 0.026389
0 0.459245 0.708796 0.006510 0.030556
0 0.470182 0.696528 0.008073 0.027315
0 0.470573 0.661111 0.007292 0.026852
0 0.460807 0.675926 0.006510 0.026852
0 0.464062 0.638426 0.006771 0.025926
0 0.479557 0.655324 0.008073 0.028241
0 0.472266 0.622917 0.006510 0.027315
0 0.480599 0.615972 0.007552 0.026389
2 0.477474 0.690972 0.006510 0.028241
2 0.467708 0.730556 0.006250 0.028704
2 0.463411 0.809259 0.007031 0.029630
0 0.395313 0.461111 0.014583 0.011111
0 0.370573 0.459722 0.014583 0.011111
0 0.392839 0.476852 0.013281 0.010185
0 0.935417 0.654398 0.015625 0.011574
0 0.945964 0.624537 0.015365 0.013889
0 0.864583 0.618750 0.015104 0.014352
0 0.314193 0.468981 0.014323 0.011111
0 0.293750 0.470833 0.015104 0.011111
0 0.854036 0.600231 0.014844 0.011574
0 0.703646 0.559954 0.016667 0.014352
0 0.922917 0.635185 0.016146 0.012963
0 0.727865 0.596759 0.014063 0.012963
0 0.787109 0.615046 0.015885 0.013426
2 0.375651 0.476157 0.016927 0.010648
2 0.885547 0.640741 0.015365 0.012963
2 0.578255 0.542361 0.016406 0.015278
0 0.799479 0.585417 0.012500 0.011574
0 0.984896 0.651157 0.013021 0.012500
0 0.336458 0.471759 0.014063 0.011111
0 0.939974 0.566204 0.014844 0.012963
0 0.354948 0.472917 0.011458 0.008796
0 0.981641 0.633333 0.011198 0.011111
0 0.830599 0.628009 0.013802 0.012500
0 0.414193 0.950463 0.008073 0.026852
0 0.686849 0.570602 0.014844 0.012500
0 0.649219 0.559259 0.015625 0.014815
0 0.801823 0.602315 0.013542 0.012963
0 0.722266 0.578704 0.015365 0.011111
0 0.500781 0.526157 0.016146 0.012500
0 0.685286 0.589352 0.016406 0.012963
0 0.449870 0.516204 0.014844 0.011111
0 0.380078 0.492361 0.014844 0.010648
0 0.535026 0.553704 0.014844 0.013889
0 0.397266 0.528472 0.014844 0.010648
0 0.432161 0.535648 0.015365 0.012037
0 0.420964 0.884954 0.007031 0.020833
0 0.401953 0.982176 0.007031 0.025463
0 0.293620 0.523611 0.013281 0.012037
0 0.343490 0.525694 0.015104 0.011574
0 0.404297 0.942130 0.008073 0.023148
0 0.253125 0.520602 0.016146 0.011574
2 0.494792 0.506250 0.016146 0.011574
2 0.435156 0.497454 0.017188 0.010648
0 0.274740 0.465741 0.011979 0.010185
0 0.537370 0.532176 0.010677 0.009722
0 0.745182 0.570833 0.015885 0.013889
2 0.614583 0.568519 0.015104 0.013889
0 0.797005 0.381019 0.015365 0.012963
0 0.788932 0.443056 0.015365 0.013889
0 0.787630 0.462037 0.016927 0.012037
2 0.791536 0.418981 0.016406 0.013889
2 0.795443 0.394676 0.016406 0.013426
0 0.785417 0.476620 0.020833 0.016204
0 0.860547 0.418981 0.006510 0.020370
0 0.584766 0.509722 0.015365 0.012037
0 0.423047 0.955556 0.007031 0.027778
2 0.605339 0.514583 0.019010 0.016204
0 0.959635 0.527315 0.008854 0.024074
2 0.664193 0.549074 0.015885 0.014815
0 0.861979 0.392593 0.006771 0.025000
0 0.992057 0.325463 0.008073 0.026852
2 0.986979 0.308565 0.010937 0.028241
0 0.955859 0.496991 0.007552 0.027315
0 0.647266 0.523843 0.014323 0.011574
0 0.576172 0.728472 0.012760 0.023611
0 0.390755 0.510880 0.015885 0.011574
0 0.443750 0.338889 0.005729 0.026852
0 0.491667 0.598148 0.005729 0.025000
0 0.413932 0.840741 0.007552 0.029630
0 0.558073 0.900694 0.009896 0.026389
0 0.456510 0.891204 0.006771 0.028704
0 0.447526 0.895370 0.005990 0.025926
0 0.489583 0.648148 0.006250 0.025926
0 0.532031 0.925000 0.010417 0.028704
2 0.430859 0.874306 0.007552 0.027315
0 0.525260 0.885185 0.010417 0.027778
0 0.473698 0.775000 0.006771 0.028704
0 0.453385 0.925000 0.006771 0.028704
0 0.445312 0.933102 0.007812 0.029167
0 0.356510 0.507407 0.010937 0.008333
0 0.411589 0.981944 0.007552 0.025000
0 0.452083 0.957870 0.008333 0.027778
0 0.440755 0.965972 0.008594 0.027315
0 0.563411 0.932639 0.009635 0.031019
0 0.573828 0.990972 0.010156 0.018056
0 0.544531 0.990278 0.009896 0.019444
0 0.666927 0.955787 0.010417 0.018981
0 0.800521 0.985880 0.011979 0.018981
0 0.905729 0.971991 0.018229 0.012500
0 0.449089 0.986806 0.006510 0.019907
0 0.979297 0.975926 0.007552 0.025926
0 0.349089 0.457176 0.013281 0.012500
0 0.382161 0.724306 0.012760 0.024537
0 0.556510 0.199537 0.013542 0.017593
0 0.403385 0.763194 0.015625 0.027315
0 0.625651 0.676389 0.014323 0.022222
0 0.623958 0.608796 0.011979 0.022222
0 0.462760 0.930787 0.006771 0.025463
0 0.469401 0.852315 0.006510 0.026852
0 0.366797 0.687269 0.013281 0.022685
0 0.465365 0.892824 0.008333 0.027315
1 0.487240 0.698380 0.010417 0.060648
0 0.485156 0.753935 0.006771 0.025463
0 0.458464 0.970833 0.007552 0.028704
2 0.482161 0.786343 0.007552 0.029167
0 0.341797 0.648611 0.013802 0.020370
0 0.160677 0.043287 0.018229 0.016204
0 0.479687 0.825926 0.007292 0.028704
0 0.453516 0.337269 0.005469 0.027315
0 0.306901 0.606019 0.015885 0.020370
0 0.714193 0.540278 0.012760 0.012963
0 0.526953 0.492361 0.012760 0.012500
0 0.332161 0.454167 0.011719 0.012037
0 0.311589 0.455093 0.011719 0.010185
0 0.277344 0.486806 0.014063 0.010648
0 0.283073 0.573611 0.015104 0.017593
0 0.476432 0.878704 0.007552 0.026852
1 0.627865 0.471991 0.033333 0.027315
0 0.153646 0.407176 0.015104 0.011574
0 0.626172 0.519676 0.014323 0.012500
2 0.619922 0.647685 0.013802 0.028704
0 0.036068 0.415278 0.015885 0.011111
0 0.689974 0.535417 0.015365 0.012500
0 0.667318 0.530324 0.015365 0.012500
0 0.444661 0.298148 0.006510 0.028704
0 0.290625 0.452546 0.016667 0.012500
0 0.254427 0.553241 0.014583 0.015741
0 0.748177 0.550000 0.011458 0.010185
0 0.732292 0.545370 0.016146 0.012963
0 0.152995 0.425694 0.014844 0.012500
2 0.763411 0.557407 0.014844 0.013889
0 0.473047 0.921296 0.007552 0.026852
0 0.226172 0.547685 0.015365 0.012963
0 0.468750 0.959722 0.008333 0.028704
0 0.798958 0.566204 0.015104 0.013889
0 0.676562 0.491435 0.014063 0.018981
0 0.570703 0.485185 0.014323 0.012037
0 0.444922 0.249769 0.007031 0.031019
0 0.854427 0.580787 0.015104 0.012500
2 0.023307 0.396528 0.016927 0.010648
0 0.295312 0.504398 0.015625 0.010648
0 0.422917 0.852778 0.007812 0.025926
0 0.237500 0.501157 0.015104 0.009722
0 0.417057 0.913889 0.007552 0.029630
0 0.245703 0.009491 0.010677 0.018056
0 0.409896 0.899769 0.006771 0.028241
0 0.831510 0.573380 0.016667 0.012500
0 0.785156 0.562269 0.011979 0.010648
1 0.906120 0.556019 0.036198 0.025000
0 0.081771 0.372454 0.011458 0.008796
0 0.197917 0.540741 0.016146 0.012963
0 0.255859 0.465046 0.016927 0.012500
0 0.162370 0.375694 0.010677 0.008796
0 0.449479 0.436574 0.014583 0.013889
0 0.876432 0.585880 0.016406 0.013426
0 0.182812 0.476852 0.015104 0.012037
0 0.078776 0.490509 0.014844 0.011574
0 0.216276 0.516204 0.016927 0.012037
0 0.166406 0.536574 0.015625 0.011111
0 0.801432 0.549769 0.011198 0.009722
2 0.112109 0.509491 0.017448 0.012500
0 0.961979 0.573380 0.014583 0.012500
0 0.833594 0.557407 0.013021 0.011111
3 0.603646 0.637731 0.006771 0.009722
0 0.859115 0.564120 0.015104 0.010648
0 0.906250 0.594213 0.014583 0.012500
2 0.077865 0.508102 0.017708 0.011574
0 0.984115 0.578704 0.015104 0.011111
0 0.106120 0.533565 0.016406 0.010648
0 0.883203 0.567824 0.017448 0.013426
0 0.934245 0.601852 0.015885 0.012963
0 0.198958 0.496528 0.015104 0.012500
2 0.179818 0.515741 0.019010 0.012963
0 0.138932 0.537963 0.016406 0.012963
0 0.976432 0.541898 0.009635 0.024537
0 0.997786 0.391204 0.004427 0.025000
0 0.998047 0.332176 0.003906 0.028241
3 0.906120 0.580787 0.007552 0.005093
0 0.957943 0.610185 0.012240 0.012037
0 0.653125 0.578704 0.015104 0.014815
0 0.113542 0.477778 0.015104 0.012037
0 0.095052 0.456250 0.017188 0.011574
0 0.041276 0.470833 0.016927 0.012963
0 0.036458 0.528472 0.016146 0.012500
0 0.933464 0.584491 0.015365 0.013426
0 0.133854 0.493056 0.015104 0.012037
2 0.137891 0.511574 0.019010 0.012963
0 0.070052 0.530093 0.016146 0.012963
0 0.442318 0.043287 0.007031 0.027315
0 0.460026 0.021528 0.007552 0.029167
0 0.982552 0.615278 0.015104 0.013889
0 0.025911 0.504630 0.012760 0.011111
0 0.027995 0.487731 0.018490 0.012500
0 0.007292 0.467130 0.014063 0.012037
2 0.640625 0.303472 0.013542 0.015278
