0 0.011198 0.051620 0.013021 0.008796
0 0.030859 0.052083 0.015885 0.010648
0 0.048958 0.051852 0.017188 0.012963
0 0.083724 0.053009 0.017448 0.011574
0 0.178255 0.054398 0.015365 0.010648
0 0.144401 0.054167 0.018490 0.012037
0 0.202083 0.056019 0.015104 0.011111
0 0.235417 0.072222 0.011979 0.023148
0 0.251953 0.113426 0.010156 0.026852
0 0.238021 0.120833 0.015625 0.022222
0 0.239844 0.134491 0.016146 0.018056
0 0.243620 0.147454 0.015365 0.019907
0 0.255208 0.181019 0.017708 0.019444
2 0.266667 0.205093 0.013021 0.023148
2 0.259635 0.191435 0.018750 0.018056
2 0.272135 0.229167 0.017708 0.032407
0 0.286328 0.278935 0.010156 0.027315
0 0.369661 0.153704 0.013281 0.018519
0 0.581641 0.008565 0.008073 0.016204
0 0.557031 0.078935 0.006771 0.027315
0 0.511458 0.179167 0.015625 0.024074
0 0.563021 0.125694 0.014583 0.018981
2 0.524219 0.129398 0.017188 0.018056
0 0.527214 0.103472 0.015365 0.012500
0 0.540885 0.023148 0.009375 0.025000
0 0.576302 0.188889 0.011979 0.029630
0 0.591797 0.246296 0.015365 0.023148
0 0.605859 0.268981 0.013802 0.023148
0 0.630078 0.279398 0.015365 0.018056
0 0.656380 0.264815 0.015365 0.014815
0 0.675781 0.282407 0.015104 0.009259
0 0.673828 0.243287 0.005990 0.023611
0 0.695312 0.278009 0.013021 0.006944
0 0.646484 0.316898 0.014844 0.017130
0 0.605729 0.330324 0.011458 0.025463
0 0.589974 0.292361 0.013281 0.024537
0 0.575651 0.265509 0.013802 0.022685
0 0.559245 0.245139 0.011198 0.017130
2 0.572917 0.221065 0.016146 0.030093
2 0.525000 0.222222 0.017188 0.018519
2 0.503776 0.257639 0.008073 0.039352
0 0.535807 0.179167 0.010677 0.026852
0 0.541276 0.226620 0.014323 0.019907
0 0.707552 0.246296 0.014063 0.011111
0 0.687630 0.247454 0.014844 0.011574
0 0.746615 0.272222 0.015625 0.010185
0 0.764583 0.268750 0.014583 0.010648
0 0.844141 0.235648 0.014323 0.017593
0 0.844661 0.206713 0.012240 0.012500
0 0.881771 0.169907 0.011979 0.013889
2 0.713151 0.273611 0.015365 0.011111
0 0.631120 0.340972 0.010156 0.023611
0 0.634766 0.372222 0.009635 0.028704
0 0.621354 0.396065 0.010937 0.027315
0 0.613672 0.358333 0.011198 0.021296
0 0.642448 0.411343 0.009896 0.028241
2 0.432682 0.147222 0.011198 0.027778
0 0.570833 0.508333 0.015104 0.012963
0 0.545964 0.502083 0.014844 0.012500
2 0.426302 0.932870 0.007812 0.030556
0 0.638151 0.718519 0.014323 0.020370
0 0.634505 0.734954 0.013802 0.022685
0 0.596354 0.709259 0.016667 0.020370
0 0.547656 0.802546 0.008333 0.028241
0 0.552865 0.775463 0.010417 0.026852
0 0.548177 0.833102 0.006771 0.020833
0 0.538021 0.956944 0.008854 0.027778
0 0.462240 0.855093 0.006771 0.028704
0 0.456250 0.782176 0.008333 0.028241
0 0.465885 0.775694 0.005729 0.020833
0 0.453646 0.830556 0.008333 0.027778
0 0.477344 0.732870 0.006771 0.026852
0 0.451042 0.861574 0.006250 0.020370
0 0.459115 0.744213 0.008854 0.026389
0 0.460547 0.711574 0.006510 0.030556
0 0.470964 0.697454 0.008073 0.027315
0 0.472135 0.662037 0.007292 0.026852
0 0.462109 0.678241 0.006510 0.026852
0 0.463021 0.643519 0.006771 0.025926
0 0.480078 0.658565 0.008073 0.028241
0 0.474089 0.624306 0.006510 0.027315
0 0.481120 0.617361 0.007552 0.026389
2 0.477995 0.694676 0.006510 0.028241
2 0.467969 0.733333 0.006250 0.028704
2 0.464193 0.811111 0.007031 0.029630
0 0.401302 0.463889 0.014583 0.011111
0 0.373177 0.463889 0.014583 0.011111
0 0.396745 0.479167 0.013281 0.010185
0 0.316536 0.474074 0.016406 0.012037
0 0.293750 0.470833 0.015104 0.011111
0 0.959635 0.629398 0.016667 0.014352
0 0.877344 0.637963 0.015104 0.012963
0 0.985286 0.666898 0.015885 0.013426
2 0.374349 0.478935 0.016927 0.010648
2 0.761198 0.591667 0.016146 0.014815
0 0.338021 0.476389 0.014063 0.011111
0 0.835547 0.542593 0.014844 0.012963
0 0.355729 0.474306 0.011458 0.008796
0 0.887630 0.624769 0.014844 0.012500
0 0.926302 0.619213 0.015104 0.011574
0 0.978255 0.649074 0.015365 0.011111
0 0.671094 0.568287 0.016146 0.012500
0 0.826953 0.625926 0.016406 0.012963
0 0.623177 0.553935 0.015104 0.013426
0 0.620964 0.539120 0.013802 0.013426
0 0.650911 0.584259 0.014844 0.013889
0 0.573568 0.560185 0.015365 0.012963
0 0.595964 0.567130 0.015365 0.012037
0 0.419922 0.923843 0.007031 0.020833
0 0.469661 0.543056 0.013281 0.012037
0 0.530469 0.551620 0.015104 0.011574
0 0.422135 0.536343 0.015104 0.011574
2 0.747396 0.570602 0.016667 0.011574
2 0.684766 0.555787 0.016927 0.014352
0 0.275000 0.469907 0.011979 0.010185
0 0.712630 0.579861 0.010677 0.009722
0 0.932422 0.637269 0.014323 0.012500
2 0.753646 0.606019 0.015104 0.013889
0 0.796224 0.383333 0.015365 0.012963
0 0.787630 0.462037 0.016927 0.012037
2 0.791536 0.418981 0.016406 0.013889
2 0.795443 0.394676 0.016406 0.013426
0 0.785417 0.476620 0.020833 0.016204
0 0.860547 0.418981 0.006510 0.020370
0 0.586589 0.512037 0.015365 0.012037
2 0.606380 0.515972 0.019010 0.016204
0 0.959635 0.527315 0.008854 0.024074
2 0.892057 0.610185 0.015885 0.014815
0 0.861979 0.392593 0.006771 0.025000
0 0.991276 0.326852 0.008073 0.026852
2 0.986979 0.308565 0.010937 0.028241
0 0.955859 0.496991 0.007552 0.027315
0 0.647266 0.526157 0.014323 0.011574
0 0.576172 0.728472 0.012760 0.023611
0 0.578385 0.544444 0.015104 0.011111
0 0.444010 0.342130 0.005729 0.026852
0 0.491667 0.600926 0.005729 0.025000
0 0.413672 0.892130 0.007552 0.029630
0 0.557813 0.903935 0.009896 0.026389
0 0.457292 0.893056 0.006771 0.028704
0 0.448437 0.895370 0.007812 0.025926
0 0.489844 0.648611 0.006250 0.025926
0 0.532031 0.925000 0.010417 0.028704
2 0.431901 0.884491 0.007552 0.027315
0 0.526042 0.887963 0.010417 0.027778
0 0.475260 0.779167 0.006771 0.028704
0 0.454688 0.925926 0.006771 0.028704
0 0.445833 0.935417 0.007812 0.029167
0 0.575391 0.528241 0.012240 0.012037
0 0.451302 0.960185 0.008333 0.027778
0 0.442318 0.967824 0.008594 0.027315
0 0.563411 0.932639 0.009635 0.031019
0 0.572526 0.990972 0.010156 0.018056
0 0.544531 0.990278 0.009896 0.019444
0 0.668229 0.958565 0.010417 0.018981
0 0.800521 0.985880 0.011979 0.018981
0 0.903906 0.971065 0.018229 0.012500
0 0.449089 0.986806 0.006510 0.019907
0 0.979297 0.975926 0.007552 0.025926
0 0.351693 0.462269 0.013281 0.012500
0 0.412500 0.812963 0.011458 0.022222
0 0.556510 0.199537 0.013542 0.017593
0 0.432292 0.819907 0.013021 0.028704
0 0.626693 0.678241 0.014323 0.022222
0 0.699870 0.594444 0.015365 0.010185
0 0.463542 0.931713 0.006771 0.025463
0 0.470182 0.852778 0.006510 0.026852
0 0.401172 0.755787 0.013281 0.022685
0 0.466927 0.893750 0.008333 0.027315
1 0.489323 0.701620 0.010417 0.060648
0 0.485677 0.756250 0.006771 0.025463
0 0.460547 0.975000 0.007552 0.028704
2 0.483464 0.789583 0.008073 0.031019
0 0.382422 0.720370 0.012240 0.022222
0 0.161458 0.047917 0.018229 0.016204
0 0.481510 0.829167 0.007292 0.028704
0 0.453516 0.341435 0.005469 0.027315
0 0.357552 0.683333 0.014063 0.024074
0 0.714193 0.543519 0.012760 0.012963
0 0.528255 0.494213 0.012760 0.012500
0 0.332682 0.458796 0.011719 0.012037
0 0.311198 0.457870 0.011979 0.012037
0 0.413281 0.496991 0.014063 0.010648
0 0.339844 0.643981 0.014063 0.021296
0 0.477474 0.881944 0.007552 0.026852
1 0.431380 0.418056 0.035156 0.021296
0 0.626563 0.520833 0.015104 0.014815
2 0.619531 0.648843 0.013021 0.031019
0 0.689974 0.535417 0.015365 0.012500
0 0.667318 0.530324 0.015365 0.012500
0 0.445443 0.301389 0.006510 0.028704
0 0.291667 0.455787 0.016667 0.012500
0 0.317318 0.607407 0.013281 0.022222
0 0.747396 0.550926 0.011458 0.010185
0 0.730469 0.546759 0.016146 0.012963
2 0.764453 0.557870 0.014844 0.013889
0 0.474870 0.923611 0.007552 0.026852
0 0.291927 0.587731 0.015104 0.020833
0 0.469531 0.959259 0.008333 0.028704
0 0.798958 0.566204 0.015104 0.013889
0 0.200260 0.431481 0.014583 0.012037
0 0.445182 0.252546 0.007031 0.031019
0 0.854427 0.580787 0.015104 0.012500
0 0.442448 0.519676 0.015625 0.010648
0 0.423698 0.874537 0.007812 0.025926
0 0.398438 0.513194 0.014063 0.011574
0 0.413151 0.975463 0.007552 0.029630
0 0.407552 0.946991 0.006771 0.028241
0 0.831510 0.573380 0.016667 0.012500
0 0.785156 0.562269 0.011979 0.010648
1 0.783073 0.524074 0.034375 0.021296
0 0.264844 0.566204 0.015625 0.017593
0 0.255859 0.468750 0.016927 0.012500
0 0.048958 0.406944 0.014583 0.013889
0 0.876432 0.585880 0.016406 0.013426
0 0.336458 0.493287 0.014583 0.010648
0 0.207552 0.501157 0.015625 0.012500
0 0.377214 0.531019 0.016927 0.012037
0 0.239453 0.548611 0.014844 0.013889
0 0.673568 0.517130 0.013281 0.012963
2 0.262109 0.522917 0.017448 0.012500
0 0.869271 0.549306 0.014583 0.012500
0 0.695052 0.521759 0.013021 0.011111
3 0.675000 0.590972 0.006771 0.009722
0 0.722656 0.529630 0.014583 0.014815
0 0.897135 0.592361 0.014583 0.012500
2 0.226042 0.521528 0.017708 0.011574
0 0.912240 0.561574 0.015104 0.011111
0 0.185807 0.540972 0.016406 0.010648
0 0.726953 0.511806 0.017448 0.013426
0 0.918620 0.596296 0.015885 0.012963
0 0.333854 0.511574 0.015104 0.012037
2 0.333854 0.528935 0.018229 0.013426
0 0.217057 0.550000 0.016406 0.012963
0 0.993750 0.514352 0.012500 0.012963
0 0.997786 0.391204 0.004427 0.025000
0 0.998047 0.332176 0.003906 0.028241
3 0.760026 0.542361 0.007552 0.005093
0 0.997005 0.617824 0.005990 0.010648
0 0.791406 0.614815 0.015104 0.014815
0 0.267969 0.488889 0.015104 0.012037
0 0.227865 0.468056 0.016146 0.010185
0 0.222526 0.486574 0.016927 0.012963
0 0.123698 0.539815 0.013021 0.012963
0 0.812760 0.552083 0.014583 0.012500
0 0.272396 0.506481 0.015104 0.012037
2 0.295182 0.528009 0.017448 0.011574
0 0.151302 0.539583 0.013542 0.012500
0 0.333073 0.281481 0.016667 0.020370
0 0.455339 0.226157 0.007552 0.029167
0 0.935807 0.603704 0.012240 0.010185
0 0.185547 0.517130 0.012760 0.011111
0 0.147266 0.501157 0.014323 0.013426
0 0.165625 0.481019 0.018229 0.012963
0 0.403516 0.207870 0.014844 0.022222
0 0.447266 0.165972 0.007031 0.027315
0 0.054688 0.532407 0.017188 0.014815
2 0.150781 0.518287 0.017188 0.011574
0 0.093750 0.498148 0.016667 0.012037
0 0.450521 0.092593 0.005729 0.027778
0 0.979427 0.580093 0.013542 0.010185
0 0.086719 0.532870 0.017188 0.014815
0 0.509766 0.511574 0.013281 0.012037
0 0.483854 0.524306 0.014063 0.014352
2 0.441797 0.074769 0.007031 0.031944
0 0.789193 0.443981 0.016927 0.012037
0 0.937630 0.585880 0.017448 0.012500
0 0.972786 0.596065 0.014844 0.011574
0 0.954557 0.608102 0.017448 0.012500
0 0.972526 0.610648 0.014323 0.011111
0 0.095312 0.477778 0.016667 0.012037
0 0.083594 0.460648 0.017188 0.012963
0 0.015104 0.472454 0.016667 0.013426
0 0.569401 0.242130 0.013802 0.018519
0 0.953906 0.569907 0.015104 0.011111
0 0.027604 0.493056 0.016667 0.012037
0 0.025000 0.509259 0.016667 0.012037
0 0.009375 0.529630 0.016667 0.012037
2 0.640755 0.305093 0.014323 0.014815
