0 0.009635 0.056250 0.013021 0.008796
0 0.028516 0.054861 0.015885 0.010648
0 0.047135 0.055556 0.017188 0.012963
0 0.081380 0.055324 0.017448 0.011574
0 0.177214 0.056250 0.015365 0.010648
0 0.141016 0.055556 0.018490 0.012037
0 0.198958 0.057870 0.015104 0.011111
0 0.233854 0.076852 0.013542 0.022222
0 0.249089 0.112963 0.010156 0.026852
0 0.238021 0.120833 0.015625 0.022222
0 0.239844 0.134491 0.016146 0.018056
0 0.243620 0.147454 0.015365 0.019907
0 0.254297 0.183333 0.015885 0.016667
2 0.265755 0.206944 0.011198 0.019444
2 0.257422 0.194213 0.019010 0.018056
2 0.272135 0.229167 0.017708 0.032407
0 0.284245 0.278935 0.010156 0.027315
0 0.368099 0.153241 0.013281 0.018519
0 0.581641 0.008565 0.008073 0.016204
0 0.556771 0.075694 0.006771 0.027315
0 0.511458 0.179167 0.015625 0.024074
0 0.563021 0.125694 0.014583 0.018981
2 0.524219 0.129398 0.017188 0.018056
0 0.527214 0.103472 0.015365 0.012500
0 0.540104 0.021759 0.009375 0.025000
0 0.576302 0.188889 0.011979 0.029630
0 0.591797 0.246296 0.015365 0.023148
0 0.605859 0.268981 0.013802 0.023148
0 0.630078 0.279398 0.015365 0.018056
0 0.656901 0.262963 0.015365 0.014815
0 0.676823 0.281944 0.015104 0.009259
0 0.673828 0.243287 0.005990 0.023611
0 0.695182 0.275694 0.012760 0.011574
0 0.646484 0.316898 0.014844 0.017130
0 0.605729 0.330324 0.011458 0.025463
0 0.589974 0.292361 0.013281 0.024537
0 0.575651 0.265509 0.013802 0.022685
0 0.559245 0.245139 0.011198 0.017130
2 0.572396 0.221759 0.018229 0.031481
2 0.525000 0.222222 0.017188 0.018519
2 0.503516 0.258102 0.008073 0.039352
0 0.553646 0.218287 0.013542 0.021759
0 0.541276 0.226620 0.014323 0.019907
0 0.707552 0.246296 0.014063 0.011111
0 0.687630 0.247454 0.014844 0.011574
0 0.748437 0.269444 0.015625 0.010185
0 0.763802 0.266898 0.014583 0.010648
0 0.845964 0.233796 0.014323 0.017593
0 0.845182 0.203009 0.012240 0.012500
0 0.882552 0.167130 0.011979 0.013889
2 0.713151 0.273611 0.015365 0.011111
0 0.631380 0.344213 0.010156 0.023611
0 0.637109 0.373611 0.009635 0.028704
0 0.621354 0.396065 0.010937 0.027315
0 0.613672 0.358333 0.011198 0.021296
0 0.644792 0.410880 0.009896 0.028241
2 0.252474 0.372917 0.016927 0.020833
0 0.568750 0.505093 0.015104 0.012963
0 0.544922 0.498380 0.015885 0.010648
0 0.639974 0.720370 0.014323 0.020370
0 0.636589 0.735417 0.013802 0.022685
0 0.600781 0.708796 0.016667 0.020370
0 0.550521 0.807176 0.008333 0.028241
0 0.556250 0.776389 0.010417 0.026852
0 0.549479 0.835880 0.006771 0.020833
0 0.540885 0.962500 0.008854 0.027778
0 0.463021 0.856944 0.006771 0.028704
0 0.457813 0.784954 0.008333 0.028241
0 0.467448 0.777546 0.005729 0.020833
0 0.454688 0.831481 0.008333 0.027778
0 0.478906 0.734722 0.006771 0.026852
0 0.453125 0.862500 0.006250 0.020370
0 0.459115 0.744213 0.008854 0.026389
0 0.462630 0.712500 0.006510 0.030556
0 0.472005 0.703009 0.008073 0.027315
0 0.472396 0.665741 0.007292 0.026852
0 0.462109 0.678241 0.006510 0.026852
0 0.465104 0.645370 0.006771 0.025926
0 0.481380 0.660880 0.008073 0.028241
0 0.474609 0.626157 0.006510 0.027315
0 0.482943 0.619676 0.007552 0.026389
2 0.480599 0.696065 0.006510 0.028241
2 0.469531 0.735185 0.006250 0.028704
2 0.465234 0.812037 0.007031 0.029630
0 0.470964 0.203472 0.005469 0.025463
0 0.392578 0.482870 0.016406 0.012037
0 0.435937 0.471065 0.014063 0.016204
2 0.483073 0.251389 0.005208 0.030556
0 0.470833 0.429630 0.011458 0.022222
0 0.625911 0.485185 0.014323 0.013889
0 0.483984 0.319907 0.007552 0.020370
0 0.961198 0.639352 0.015104 0.012037
0 0.911979 0.628009 0.015104 0.013426
0 0.976562 0.629167 0.012500 0.012037
0 0.796615 0.620602 0.015625 0.013426
0 0.714974 0.594907 0.012760 0.012037
0 0.739844 0.602083 0.014063 0.014352
0 0.653516 0.578241 0.013281 0.012037
0 0.682682 0.591898 0.016406 0.013426
0 0.619401 0.571759 0.013802 0.011111
0 0.348958 0.479167 0.011979 0.010185
0 0.991406 0.648611 0.011458 0.012037
0 0.796745 0.378704 0.015365 0.012963
0 0.788151 0.460648 0.016927 0.012037
2 0.792318 0.417130 0.016406 0.013889
2 0.795443 0.391435 0.016406 0.013426
0 0.785937 0.474769 0.020833 0.016204
0 0.863151 0.418056 0.006510 0.020370
0 0.586068 0.512269 0.014323 0.012500
2 0.607031 0.515046 0.017708 0.015278
0 0.961198 0.525463 0.008854 0.024074
0 0.866146 0.390741 0.006771 0.025000
0 0.993099 0.319907 0.008073 0.026852
2 0.987370 0.305787 0.009635 0.028241
0 0.957422 0.493750 0.007552 0.027315
0 0.646484 0.522454 0.014323 0.011574
0 0.579036 0.730787 0.012760 0.023611
0 0.866406 0.628935 0.015625 0.012500
0 0.444010 0.342130 0.005729 0.026852
0 0.493229 0.601852 0.005729 0.025000
0 0.561198 0.905324 0.009375 0.026389
0 0.459375 0.896296 0.006771 0.028704
0 0.450260 0.900000 0.007812 0.025926
0 0.491927 0.652315 0.006250 0.025926
0 0.535156 0.929167 0.010417 0.028704
0 0.527083 0.889352 0.010417 0.027778
0 0.476432 0.778935 0.007031 0.027315
0 0.457292 0.930093 0.006771 0.028704
0 0.445833 0.935417 0.007812 0.029167
0 0.830859 0.598148 0.013281 0.013889
0 0.454167 0.964352 0.007292 0.026852
0 0.444922 0.971528 0.008594 0.027315
0 0.565234 0.938426 0.009115 0.026852
0 0.574870 0.992361 0.008594 0.015278
0 0.547526 0.991898 0.010156 0.016204
0 0.670573 0.958565 0.010417 0.018981
0 0.804688 0.986343 0.011979 0.018981
0 0.921224 0.971991 0.016406 0.013426
0 0.451953 0.990972 0.007552 0.018056
0 0.982682 0.970370 0.007552 0.025926
0 0.471354 0.340972 0.006771 0.023611
0 0.555469 0.200231 0.015625 0.018981
0 0.626693 0.678241 0.014323 0.022222
0 0.951953 0.656481 0.014844 0.012963
0 0.465495 0.935185 0.008073 0.025000
0 0.472526 0.856019 0.006510 0.026852
0 0.469010 0.896991 0.008333 0.027315
1 0.489323 0.701620 0.010417 0.060648
0 0.487500 0.757639 0.006771 0.025463
0 0.462109 0.977315 0.007552 0.028704
2 0.484766 0.790972 0.008073 0.031019
0 0.414974 0.987269 0.009635 0.025463
0 0.160417 0.051157 0.018229 0.016204
0 0.483594 0.830556 0.007292 0.028704
0 0.453516 0.341435 0.005469 0.027315
0 0.416406 0.879398 0.006771 0.028241
0 0.714583 0.541667 0.011979 0.012963
0 0.528255 0.494213 0.012760 0.012500
0 0.458854 0.406713 0.009896 0.020833
0 0.401823 0.461574 0.011979 0.012037
0 0.406380 0.763657 0.011719 0.022685
0 0.480078 0.884722 0.007552 0.026852
1 0.051172 0.394907 0.039323 0.017593
0 0.626563 0.518981 0.015104 0.014815
2 0.621094 0.649306 0.013021 0.031019
0 0.689974 0.535417 0.015365 0.012500
0 0.667318 0.530324 0.015365 0.012500
0 0.445703 0.300926 0.006510 0.028704
0 0.366927 0.464120 0.016667 0.012500
0 0.424870 0.811343 0.011198 0.025463
0 0.748568 0.548611 0.009635 0.012963
0 0.732292 0.543981 0.016146 0.012963
2 0.765495 0.554630 0.014844 0.013889
0 0.476953 0.925463 0.007552 0.026852
0 0.377995 0.709954 0.013281 0.024537
0 0.472135 0.963426 0.008333 0.028704
0 0.800521 0.563426 0.015104 0.013889
0 0.444922 0.252546 0.005990 0.029167
0 0.855990 0.577546 0.015104 0.012500
0 0.766016 0.591204 0.014323 0.012037
0 0.676693 0.565972 0.015365 0.014352
0 0.833594 0.569676 0.016667 0.012500
0 0.786198 0.561343 0.011979 0.010648
1 0.568229 0.469444 0.034375 0.021296
0 0.355469 0.670139 0.014583 0.025463
0 0.316016 0.475694 0.016927 0.012500
0 0.877474 0.583102 0.016406 0.013426
0 0.580469 0.529398 0.014583 0.010648
0 0.484375 0.521528 0.015625 0.012500
0 0.584375 0.562037 0.017188 0.012037
0 0.327865 0.622917 0.014063 0.019907
0 0.593490 0.494907 0.012500 0.009259
2 0.518620 0.549306 0.017448 0.012500
0 0.650260 0.468287 0.013542 0.017130
0 0.619531 0.502778 0.013021 0.011111
3 0.893359 0.615278 0.008594 0.006481
0 0.651172 0.508796 0.014844 0.011111
0 0.900781 0.588657 0.014583 0.012500
2 0.453646 0.543750 0.017708 0.011574
0 0.713802 0.507407 0.015104 0.011111
0 0.269661 0.566435 0.015885 0.015278
0 0.562760 0.451852 0.015104 0.012037
0 0.920964 0.593519 0.015885 0.012963
0 0.601302 0.549537 0.015104 0.012037
2 0.486328 0.541435 0.014844 0.011574
0 0.299870 0.593981 0.014323 0.017593
0 0.996354 0.513426 0.007292 0.010185
0 0.998047 0.388657 0.003906 0.025463
3 0.688151 0.522222 0.006510 0.006481
0 0.994010 0.612269 0.011979 0.014352
0 0.532031 0.515509 0.016146 0.012500
0 0.267708 0.474537 0.016146 0.010185
0 0.216406 0.552315 0.012500 0.011111
0 0.716927 0.523843 0.014583 0.012500
0 0.557031 0.538426 0.015104 0.012037
2 0.550911 0.558102 0.017448 0.011574
0 0.239844 0.557176 0.013542 0.015278
0 0.123568 0.416898 0.015365 0.011574
0 0.453906 0.304167 0.005729 0.029630
0 0.938672 0.600926 0.012240 0.010185
0 0.413281 0.535417 0.011979 0.011574
0 0.426693 0.516898 0.014323 0.013426
0 0.475000 0.502315 0.015625 0.012037
0 0.191797 0.390509 0.015365 0.013426
0 0.445703 0.206250 0.007031 0.027315
0 0.145182 0.542593 0.014844 0.012963
2 0.370312 0.537269 0.017188 0.011574
0 0.360547 0.514352 0.016927 0.012037
0 0.447266 0.165741 0.007031 0.025926
0 0.834375 0.538889 0.013542 0.010185
0 0.180859 0.545370 0.018490 0.014815
0 0.669271 0.549074 0.015625 0.012963
0 0.718359 0.579167 0.013802 0.012037
2 0.434505 0.330787 0.007031 0.031944
0 0.789193 0.442130 0.016927 0.012037
0 0.781510 0.536574 0.016146 0.012037
0 0.807161 0.548843 0.014844 0.011574
0 0.955859 0.603472 0.017448 0.012500
0 0.976823 0.608333 0.015625 0.012037
0 0.420312 0.496759 0.013542 0.012963
0 0.232422 0.472685 0.017448 0.012963
0 0.370573 0.497917 0.016667 0.013426
0 0.759635 0.518981 0.015104 0.011111
0 0.289844 0.510185 0.016667 0.012037
0 0.323307 0.531250 0.015885 0.011574
0 0.103125 0.540741 0.016667 0.012037
2 0.435677 0.200694 0.007812 0.029167
0 0.865625 0.546296 0.010937 0.010185
0 0.850521 0.557407 0.016146 0.012963
0 0.316016 0.315509 0.014844 0.021759
0 0.890234 0.569676 0.016927 0.014352
2 0.893490 0.555556 0.014063 0.012963
0 0.300781 0.460417 0.016146 0.011574
0 0.069141 0.538889 0.016927 0.012037
2 0.175260 0.522685 0.018229 0.012037
0 0.112630 0.502315 0.016927 0.012037
0 0.181771 0.487500 0.016667 0.012037
0 0.237240 0.456944 0.016667 0.012037
0 0.035937 0.537037 0.017188 0.012037
0 0.919531 0.577315 0.015625 0.012037
0 0.938932 0.568287 0.012760 0.010648
0 0.450000 0.071759 0.005729 0.027778
0 0.432031 0.143056 0.009896 0.031481
0 0.479167 0.128704 0.006250 0.021296
0 0.281771 0.491667 0.016667 0.012037
0 0.241406 0.527778 0.016667 0.012037
0 0.460677 0.206250 0.006771 0.028241
0 0.962240 0.587963 0.015104 0.012963
0 0.731771 0.565278 0.015625 0.012963
0 0.080078 0.455556 0.016927 0.012037
0 0.008594 0.497685 0.016667 0.012037
0 0.008724 0.537037 0.016927 0.012037
2 0.641406 0.303704 0.013542 0.014815
