0 0.010417 0.059028 0.013021 0.008796
0 0.029297 0.059954 0.015885 0.010648
0 0.046875 0.058796 0.017188 0.012963
0 0.082943 0.060417 0.017448 0.011574
0 0.178516 0.060880 0.015365 0.010648
0 0.143880 0.060185 0.018490 0.012037
0 0.200521 0.062500 0.015104 0.011111
0 0.234896 0.080556 0.013542 0.022222
0 0.249870 0.117593 0.010156 0.026852
0 0.238411 0.127315 0.013802 0.021296
0 0.241146 0.139583 0.016146 0.018056
0 0.244141 0.153009 0.015365 0.019907
0 0.254818 0.186574 0.015885 0.016667
2 0.266927 0.208796 0.012500 0.017593
2 0.258724 0.197917 0.019010 0.018056
2 0.272917 0.234259 0.017708 0.032407
0 0.286589 0.281250 0.010156 0.027315
0 0.369661 0.154167 0.013281 0.018519
0 0.581380 0.009954 0.007552 0.018981
0 0.556250 0.078935 0.006771 0.027315
0 0.511458 0.180324 0.016146 0.021759
0 0.562240 0.126157 0.017708 0.017130
2 0.525000 0.132176 0.017188 0.018056
0 0.526172 0.107176 0.015365 0.012500
0 0.539844 0.023611 0.009375 0.025000
0 0.575521 0.190741 0.011979 0.029630
0 0.592057 0.249537 0.015365 0.023148
0 0.605859 0.271759 0.013802 0.023148
0 0.629297 0.282176 0.015365 0.018056
0 0.657422 0.265741 0.015365 0.014815
0 0.678385 0.283102 0.017188 0.010648
0 0.674609 0.246065 0.005990 0.023611
0 0.696745 0.278009 0.012760 0.007870
0 0.648047 0.317361 0.014844 0.017130
0 0.605208 0.332639 0.011458 0.025463
0 0.590365 0.295370 0.011979 0.025926
0 0.576432 0.269213 0.013802 0.022685
0 0.560026 0.249306 0.011198 0.017130
2 0.573698 0.225000 0.018229 0.031481
2 0.524479 0.222685 0.017188 0.015741
2 0.503255 0.260880 0.008073 0.039352
0 0.598047 0.278472 0.014323 0.024537
0 0.541276 0.231250 0.014323 0.019907
0 0.709896 0.247222 0.014063 0.011111
0 0.690495 0.248380 0.014844 0.011574
0 0.748698 0.271296 0.015625 0.010185
0 0.764844 0.268750 0.014583 0.010648
0 0.845964 0.233796 0.014323 0.017593
0 0.847005 0.203935 0.012240 0.012500
0 0.882031 0.167593 0.011979 0.013889
2 0.715234 0.275000 0.015365 0.011111
0 0.631380 0.345602 0.010156 0.023611
0 0.637109 0.373611 0.009635 0.028704
0 0.622656 0.397917 0.010937 0.027315
0 0.614453 0.361806 0.009115 0.021759
0 0.643750 0.411343 0.009896 0.028241
0 0.570833 0.509259 0.015104 0.012963
0 0.548047 0.502083 0.015885 0.010648
0 0.640755 0.720370 0.014323 0.020370
0 0.637760 0.737500 0.014583 0.021296
0 0.606641 0.682639 0.010677 0.028241
0 0.552344 0.806250 0.008333 0.028241
0 0.557292 0.777315 0.010417 0.026852
0 0.551302 0.837731 0.006771 0.020833
0 0.542188 0.962037 0.008854 0.027778
0 0.463281 0.859722 0.006771 0.028704
0 0.457031 0.785880 0.008333 0.028241
0 0.467969 0.780324 0.005729 0.020833
0 0.455208 0.833333 0.008333 0.027778
0 0.478125 0.735185 0.006771 0.026852
0 0.453646 0.863426 0.006250 0.020370
0 0.461458 0.746065 0.008854 0.026389
0 0.461589 0.714352 0.006510 0.030556
0 0.470964 0.703009 0.008073 0.027315
0 0.472917 0.667130 0.007292 0.026852
0 0.463411 0.681481 0.006510 0.026852
0 0.466146 0.646759 0.006771 0.025926
0 0.481641 0.663657 0.008073 0.028241
0 0.475130 0.628009 0.006510 0.027315
0 0.483203 0.621528 0.007552 0.026389
2 0.479557 0.701157 0.006510 0.028241
2 0.470052 0.736111 0.006250 0.028704
2 0.466016 0.812963 0.007031 0.029630
0 0.483073 0.269213 0.005208 0.019907
0 0.479687 0.087037 0.006250 0.028704
0 0.489063 0.196296 0.005729 0.025926
0 0.558073 0.450231 0.014583 0.015278
0 0.727734 0.605093 0.015365 0.012037
0 0.859375 0.631250 0.014063 0.014352
0 0.821745 0.622685 0.013281 0.012037
0 0.906510 0.646296 0.013542 0.013889
0 0.704818 0.593519 0.013802 0.011111
0 0.486328 0.323148 0.006510 0.029630
0 0.797005 0.380556 0.015365 0.012963
0 0.788672 0.463426 0.016927 0.012037
2 0.793099 0.419444 0.016406 0.013889
2 0.795703 0.395602 0.016406 0.013426
0 0.785937 0.475694 0.020833 0.016204
0 0.863151 0.418056 0.006510 0.020370
0 0.586068 0.512269 0.014323 0.012500
2 0.608854 0.517361 0.017708 0.015278
0 0.963802 0.524537 0.008854 0.024074
0 0.863802 0.391204 0.006771 0.025000
0 0.994141 0.323611 0.008073 0.026852
2 0.989193 0.308102 0.009635 0.028241
0 0.958203 0.495602 0.007552 0.027315
0 0.649349 0.526620 0.014323 0.011574
0 0.579036 0.730787 0.012760 0.023611
0 0.443750 0.346759 0.005729 0.026852
0 0.492708 0.603704 0.005729 0.025000
0 0.561198 0.905324 0.009375 0.026389
0 0.459896 0.897685 0.006771 0.028704
0 0.450781 0.900926 0.007812 0.025926
0 0.491406 0.645370 0.006250 0.025926
0 0.536719 0.929167 0.010417 0.028704
0 0.528906 0.890278 0.008854 0.025000
0 0.477474 0.780787 0.007031 0.027315
0 0.457292 0.931481 0.006771 0.028704
0 0.447917 0.938657 0.007812 0.029167
0 0.455208 0.967130 0.007292 0.026852
0 0.445182 0.974769 0.008594 0.027315
0 0.567187 0.937037 0.010417 0.029630
0 0.577214 0.993519 0.007552 0.012963
0 0.548307 0.993056 0.008073 0.013889
0 0.672135 0.960417 0.010417 0.018981
0 0.806771 0.984954 0.011979 0.018981
0 0.925911 0.973380 0.016406 0.013426
0 0.451953 0.990972 0.007552 0.018056
0 0.985807 0.972685 0.007552 0.025926
0 0.458073 0.148843 0.006771 0.023611
0 0.555469 0.203935 0.015625 0.018981
0 0.629557 0.679167 0.012760 0.020370
0 0.465495 0.935648 0.008073 0.025000
0 0.472786 0.857407 0.006510 0.026852
0 0.470052 0.898380 0.008333 0.027315
1 0.490625 0.704861 0.010417 0.060648
0 0.487500 0.762269 0.006771 0.025463
0 0.461068 0.979630 0.007552 0.028704
2 0.485547 0.792361 0.008073 0.031019
0 0.162500 0.053935 0.018229 0.016204
0 0.482552 0.831019 0.007292 0.028704
0 0.452734 0.345602 0.005469 0.027315
0 0.714323 0.543056 0.011979 0.012963
0 0.527734 0.497454 0.012760 0.012500
0 0.470833 0.185417 0.004687 0.024537
0 0.479297 0.886111 0.007552 0.026852
0 0.629036 0.522917 0.014323 0.014352
2 0.622917 0.650463 0.014063 0.030556
0 0.692578 0.538657 0.015365 0.012500
0 0.670182 0.533102 0.015365 0.012500
0 0.445443 0.303241 0.006510 0.028704
0 0.473438 0.287500 0.006771 0.025000
0 0.748958 0.551852 0.011458 0.011111
0 0.732031 0.546759 0.016146 0.012963
2 0.763802 0.556713 0.010937 0.010648
0 0.476432 0.926852 0.007552 0.026852
0 0.472917 0.965278 0.008333 0.028704
0 0.801823 0.565741 0.015104 0.013889
0 0.444661 0.254861 0.005990 0.029167
0 0.858594 0.579398 0.015104 0.012500
0 0.974870 0.644444 0.014323 0.012037
0 0.901693 0.626157 0.014844 0.013426
0 0.834896 0.573843 0.016667 0.012500
0 0.787240 0.563194 0.011979 0.010648
1 0.542448 0.465278 0.035417 0.022222
0 0.414714 0.965741 0.007552 0.026852
0 0.877474 0.584028 0.016406 0.013426
0 0.832943 0.595602 0.014323 0.012500
0 0.677865 0.569676 0.015625 0.012500
0 0.679688 0.586111 0.016146 0.012963
0 0.427734 0.861343 0.008594 0.027315
0 0.545964 0.483333 0.011198 0.011111
2 0.629818 0.576620 0.017448 0.012500
0 0.535547 0.427315 0.014323 0.012037
0 0.560417 0.488426 0.013021 0.011111
0 0.588672 0.496759 0.014844 0.011111
0 0.900781 0.589583 0.014583 0.012500
2 0.584115 0.568287 0.017708 0.011574
0 0.606510 0.481944 0.015104 0.011111
0 0.383854 0.718519 0.012500 0.021296
0 0.537500 0.447685 0.015104 0.012037
0 0.922266 0.595833 0.015885 0.012963
0 0.800521 0.600926 0.015104 0.012037
2 0.607422 0.569676 0.015885 0.012500
0 0.410677 0.781019 0.011979 0.025000
0 0.998047 0.388657 0.003906 0.025463
3 0.612630 0.504630 0.006510 0.006481
0 0.994922 0.614583 0.010156 0.013426
0 0.793490 0.582639 0.016146 0.012500
0 0.472396 0.410417 0.011979 0.026389
0 0.325260 0.634259 0.012500 0.019444
0 0.642839 0.507870 0.014844 0.012037
0 0.755208 0.588426 0.015104 0.012037
2 0.655990 0.583102 0.015625 0.014352
0 0.351432 0.663889 0.013802 0.024074
0 0.453125 0.308796 0.005729 0.029630
0 0.938932 0.601389 0.012240 0.010185
0 0.558594 0.555787 0.011979 0.011574
0 0.638932 0.553935 0.014323 0.013426
0 0.725000 0.565972 0.014583 0.012500
0 0.445703 0.210417 0.007031 0.027315
0 0.252734 0.563889 0.014844 0.012963
2 0.540885 0.559028 0.017188 0.011574
0 0.581641 0.544907 0.016927 0.012037
0 0.446484 0.173611 0.007031 0.025926
0 0.706771 0.508102 0.012500 0.010648
0 0.287109 0.589352 0.015885 0.018519
0 0.937891 0.620139 0.014323 0.012500
0 0.933854 0.634954 0.013021 0.012500
2 0.434505 0.337269 0.007031 0.031944
0 0.790495 0.443519 0.016927 0.012037
0 0.661979 0.487037 0.015625 0.013889
0 0.669531 0.516435 0.014063 0.011574
0 0.958724 0.603935 0.017448 0.012500
0 0.976823 0.608333 0.015625 0.012037
0 0.671354 0.551852 0.013542 0.012963
0 0.452474 0.459028 0.015365 0.021759
0 0.602344 0.536806 0.016667 0.013426
0 0.598307 0.462963 0.013802 0.012963
0 0.517448 0.532407 0.016667 0.012037
0 0.508854 0.551620 0.014063 0.010648
0 0.203125 0.550926 0.016667 0.012037
2 0.399219 0.230324 0.013542 0.016204
0 0.742188 0.515046 0.012500 0.010648
0 0.719792 0.528009 0.015625 0.013426
0 0.041536 0.482407 0.015365 0.011111
0 0.780599 0.543519 0.016406 0.011111
2 0.764583 0.525231 0.018229 0.012500
0 0.470182 0.364120 0.010156 0.030093
0 0.172005 0.546296 0.016927 0.012037
2 0.395964 0.533565 0.016406 0.009722
0 0.481380 0.523148 0.016927 0.012037
0 0.505990 0.510648 0.016667 0.012037
0 0.481120 0.156944 0.005469 0.022222
0 0.132422 0.545370 0.017448 0.012037
0 0.823958 0.554630 0.015625 0.012037
0 0.807161 0.534491 0.012760 0.010648
0 0.449219 0.124537 0.005729 0.027778
0 0.232943 0.399074 0.016406 0.016667
0 0.560417 0.524769 0.013542 0.010648
0 0.473958 0.547222 0.016667 0.012037
0 0.461979 0.262269 0.006771 0.028241
0 0.864844 0.565741 0.015104 0.012963
0 0.432161 0.446296 0.014323 0.015741
0 0.378516 0.514352 0.014844 0.010185
0 0.099609 0.542593 0.016927 0.012037
0 0.326432 0.513194 0.015365 0.011574
0 0.339583 0.531713 0.015104 0.010648
0 0.436328 0.227315 0.007552 0.025000
2 0.872917 0.548148 0.020313 0.012963
0 0.910807 0.576157 0.016927 0.014352
0 0.073177 0.543287 0.015625 0.009722
0 0.566667 0.702083 0.011458 0.023611
2 0.045703 0.537500 0.017969 0.010185
0 0.439453 0.128009 0.005469 0.028241
2 0.947135 0.584722 0.018229 0.012037
0 0.904036 0.558333 0.016927 0.013889
0 0.264193 0.141204 0.009115 0.028704
0 0.993099 0.579398 0.013802 0.012500
2 0.024609 0.038657 0.030469 0.017130
0 0.129036 0.477778 0.015365 0.011111
1 0.043880 0.518287 0.038802 0.015278
0 0.008203 0.536111 0.015365 0.011111
0 0.450130 0.031481 0.006510 0.025000
2 0.458724 0.066204 0.005990 0.030556
3 0.976172 0.593981 0.005469 0.003704
0 0.943880 0.566898 0.013802 0.012500
2 0.641276 0.305324 0.013281 0.016204
