0 0.478125 0.031713 0.006250 0.027315
0 0.466536 0.037731 0.005469 0.021759
0 0.467708 0.073380 0.006250 0.027315
0 0.477865 0.097454 0.006250 0.027315
0 0.469010 0.129861 0.006250 0.027315
0 0.478906 0.140046 0.006250 0.027315
0 0.488542 0.148380 0.006250 0.027315
0 0.470833 0.180324 0.006250 0.027315
0 0.481901 0.229861 0.006510 0.025463
0 0.489453 0.231481 0.006510 0.025926
0 0.494141 0.269676 0.006510 0.025463
0 0.485286 0.261343 0.006510 0.025463
0 0.508724 0.224769 0.006510 0.025463
0 0.447005 0.119676 0.007031 0.024537
0 0.441406 0.164815 0.008854 0.025926
0 0.428906 0.213426 0.008854 0.025926
0 0.410938 0.270833 0.008854 0.025926
0 0.392057 0.314120 0.011198 0.024537
2 0.488411 0.094907 0.008594 0.047222
2 0.480469 0.185648 0.007292 0.029630
2 0.472917 0.211111 0.007292 0.029630
0 0.469792 0.241204 0.006250 0.020370
0 0.501302 0.312731 0.006771 0.026389
0 0.491406 0.309491 0.006771 0.026389
0 0.510156 0.330787 0.006771 0.026389
0 0.512240 0.371528 0.006771 0.026389
0 0.502865 0.354861 0.006771 0.026389
0 0.493229 0.347917 0.006771 0.026389
0 0.493490 0.388657 0.006771 0.026389
0 0.484245 0.385880 0.005990 0.023611
0 0.472005 0.345602 0.005990 0.023611
0 0.482161 0.345370 0.005990 0.025000
2 0.481510 0.306019 0.007292 0.029630
2 0.473438 0.388426 0.007292 0.029630
2 0.490234 0.178009 0.005469 0.021759
1 0.469401 0.296065 0.007031 0.060648
2 0.527214 0.019676 0.009115 0.031019
0 0.374740 0.354630 0.015104 0.023148
0 0.331510 0.420370 0.015104 0.023148
0 0.279948 0.436806 0.014583 0.015278
2 0.350521 0.383796 0.015625 0.024074
0 0.235677 0.442361 0.013542 0.012500
0 0.325781 0.452778 0.018229 0.013889
0 0.251953 0.458102 0.015365 0.014352
0 0.277474 0.478009 0.015365 0.014352
0 0.174089 0.431481 0.014844 0.012963
0 0.114714 0.413194 0.015885 0.014352
0 0.086719 0.414120 0.015625 0.011574
0 0.055078 0.418750 0.016406 0.013426
0 0.183464 0.334259 0.008073 0.025000
0 0.014453 0.323148 0.014323 0.012963
0 0.028125 0.442361 0.015625 0.011574
0 0.114844 0.435185 0.017188 0.013889
0 0.154688 0.473148 0.017188 0.013889
0 0.178646 0.481481 0.017188 0.013889
0 0.180729 0.445833 0.017188 0.013889
0 0.215104 0.454630 0.015104 0.013889
0 0.264323 0.497685 0.017188 0.013889
0 0.147917 0.492593 0.017188 0.013889
0 0.089714 0.458796 0.014323 0.011111
0 0.093490 0.506019 0.017188 0.013889
0 0.180469 0.512269 0.015625 0.015278
0 0.139974 0.519907 0.016406 0.017593
2 0.205078 0.430093 0.014844 0.012963
2 0.144401 0.421528 0.016927 0.014352
2 0.158464 0.505787 0.016927 0.014352
2 0.172786 0.492824 0.016927 0.014352
2 0.209245 0.501620 0.016927 0.014352
0 0.223177 0.489352 0.017188 0.012037
0 0.233594 0.507639 0.011979 0.012500
2 0.218750 0.471528 0.017708 0.016204
0 0.202083 0.484722 0.015104 0.013889
0 0.039714 0.259722 0.014323 0.012963
0 0.026172 0.262500 0.011198 0.020370
0 0.015625 0.262269 0.012500 0.028241
2 0.028776 0.212500 0.011719 0.031481
2 0.042839 0.218056 0.011719 0.031481
0 0.050521 0.221296 0.010417 0.025000
0 0.158724 0.551157 0.008594 0.028241
0 0.156641 0.592361 0.008594 0.028241
0 0.160286 0.621991 0.008594 0.028241
0 0.166276 0.661806 0.008594 0.028241
0 0.169401 0.700694 0.009635 0.024537
0 0.158203 0.739815 0.015365 0.019444
0 0.097396 0.789120 0.012500 0.014352
0 0.119271 0.775231 0.016146 0.015278
0 0.070964 0.734491 0.009635 0.027315
0 0.058464 0.830093 0.017448 0.018519
0 0.101432 0.803472 0.015885 0.015278
0 0.119922 0.792593 0.015885 0.017593
0 0.116146 0.832870 0.015625 0.015741
0 0.118359 0.845602 0.013802 0.015278
0 0.120443 0.857639 0.014323 0.014352
0 0.122917 0.869213 0.014063 0.015278
0 0.128906 0.893287 0.013021 0.014352
0 0.128385 0.880787 0.013021 0.014352
0 0.130990 0.907407 0.014583 0.016667
0 0.052474 0.901852 0.012760 0.012963
0 0.055859 0.912731 0.012240 0.013426
0 0.058203 0.927546 0.012240 0.013426
0 0.058984 0.940278 0.008594 0.013889
0 0.064974 0.960880 0.012240 0.013426
0 0.038932 0.981481 0.015365 0.019444
0 0.037109 0.970602 0.015365 0.018056
0 0.034245 0.957870 0.015365 0.018519
0 0.029557 0.935417 0.016927 0.017130
0 0.026953 0.921991 0.013281 0.016204
0 0.024609 0.910417 0.014844 0.019907
0 0.022396 0.899074 0.016146 0.015741
0 0.020182 0.886806 0.013281 0.016204
0 0.040365 0.912731 0.013021 0.028241
0 0.249479 0.893056 0.012500 0.016667
0 0.204818 0.732176 0.014844 0.015278
0 0.187370 0.751157 0.014844 0.015278
3 0.098958 0.758333 0.008333 0.009259
0 0.219661 0.727546 0.014844 0.015278
0 0.187630 0.695602 0.014844 0.015278
0 0.202214 0.683565 0.014844 0.015278
0 0.218229 0.676852 0.016667 0.016667
0 0.239844 0.662037 0.016667 0.016667
0 0.255729 0.650926 0.016667 0.016667
0 0.277865 0.633796 0.016667 0.016667
0 0.271615 0.693519 0.016667 0.016667
0 0.255469 0.705093 0.016667 0.016667
0 0.310937 0.672222 0.013021 0.011111
0 0.327083 0.669676 0.015104 0.016204
0 0.343359 0.678704 0.014844 0.016667
0 0.373047 0.716898 0.013281 0.023611
0 0.383854 0.777315 0.011458 0.030556
0 0.372266 0.818750 0.013802 0.024537
0 0.402865 0.800463 0.011458 0.030556
0 0.380859 0.822685 0.012240 0.028704
2 0.419661 0.786806 0.015885 0.022685
2 0.434766 0.773380 0.015885 0.022685
0 0.448698 0.809954 0.013021 0.027315
0 0.459245 0.834722 0.007031 0.027778
0 0.456120 0.917130 0.007031 0.027778
0 0.470703 0.868519 0.007031 0.027778
0 0.483203 0.971296 0.007031 0.027778
0 0.492839 0.974537 0.007031 0.027778
0 0.506641 0.931481 0.007031 0.027778
0 0.495964 0.926852 0.007031 0.027778
0 0.487109 0.904630 0.007031 0.027778
0 0.498307 0.883796 0.007031 0.027778
0 0.507161 0.884259 0.007031 0.027778
0 0.508203 0.854167 0.007031 0.027778
0 0.500130 0.840278 0.007031 0.027778
0 0.501172 0.809259 0.007031 0.027778
0 0.492057 0.792593 0.007031 0.027778
0 0.491146 0.826852 0.006250 0.025926
0 0.488151 0.862500 0.007031 0.027778
0 0.519661 0.815278 0.007031 0.027778
0 0.504818 0.764815 0.007031 0.027778
0 0.495703 0.717593 0.007031 0.027778
0 0.497266 0.686111 0.007031 0.027778
0 0.523828 0.746296 0.007031 0.027778
0 0.505469 0.968981 0.004167 0.025000
0 0.485156 0.936806 0.006771 0.022685
0 0.517057 0.698148 0.007031 0.027778
0 0.506901 0.707407 0.007031 0.027778
0 0.501432 0.616204 0.007031 0.024074
0 0.499609 0.645833 0.007031 0.027778
0 0.541146 0.622685 0.006771 0.025926
0 0.530078 0.628704 0.007031 0.027778
0 0.528385 0.664120 0.007292 0.025463
0 0.526563 0.699074 0.006771 0.025000
0 0.514583 0.738889 0.006250 0.022222
0 0.520964 0.781713 0.005990 0.022685
0 0.513411 0.773148 0.006510 0.021296
0 0.507943 0.654861 0.005990 0.020833
0 0.510807 0.626157 0.005469 0.021759
1 0.521354 0.638889 0.009896 0.058333
2 0.540625 0.661806 0.006250 0.032870
2 0.536719 0.694676 0.008333 0.030093
2 0.494271 0.755787 0.008333 0.030093
2 0.509635 0.808565 0.008333 0.030093
0 0.556771 0.814583 0.015625 0.018056
0 0.577344 0.798380 0.015625 0.018056
0 0.592708 0.788657 0.015625 0.018056
0 0.563802 0.775694 0.015625 0.018056
0 0.596875 0.741898 0.015625 0.018056
0 0.618620 0.713889 0.012760 0.025926
0 0.632161 0.684259 0.012760 0.025926
0 0.642578 0.654630 0.009115 0.020370
0 0.651042 0.623611 0.010417 0.025926
0 0.584375 0.757176 0.014063 0.014352
3 0.502474 0.735417 0.005469 0.009722
0 0.650651 0.915509 0.008073 0.024537
0 0.649349 0.879861 0.008073 0.024537
0 0.650000 0.859259 0.015625 0.015741
0 0.629167 0.866667 0.007812 0.025000
0 0.632552 0.894907 0.007812 0.025000
2 0.634896 0.931019 0.007812 0.025000
3 0.638281 0.864583 0.002604 0.011574
0 0.638021 0.830093 0.008854 0.026852
0 0.628125 0.783333 0.008854 0.026852
0 0.632292 0.738889 0.012500 0.025926
0 0.642969 0.713426 0.012500 0.025926
0 0.674740 0.679861 0.015625 0.020833
0 0.710807 0.651389 0.010156 0.028704
0 0.666536 0.644444 0.010156 0.028704
0 0.658203 0.637037 0.010156 0.028704
2 0.656510 0.678472 0.015625 0.028241
0 0.607292 0.814352 0.008854 0.026852
0 0.638151 0.987269 0.007552 0.025463
0 0.720443 0.589120 0.006510 0.028241
0 0.678255 0.567593 0.010156 0.026852
0 0.667188 0.578009 0.005729 0.019907
2 0.706120 0.585648 0.009635 0.029630
2 0.654167 0.591667 0.009375 0.030556
2 0.632552 0.556944 0.020833 0.013889
0 0.588021 0.523380 0.015104 0.011574
0 0.614193 0.520139 0.010156 0.009722
0 0.643750 0.518287 0.015104 0.011574
0 0.677604 0.509491 0.015104 0.011574
0 0.711979 0.506250 0.015104 0.011574
0 0.755469 0.500694 0.015104 0.011574
0 0.750781 0.518750 0.015104 0.011574
0 0.737760 0.639120 0.015104 0.011574
0 0.767448 0.609028 0.015104 0.015278
0 0.764844 0.534491 0.015104 0.011574
0 0.649740 0.481250 0.015625 0.011574
0 0.626563 0.483565 0.015104 0.011574
0 0.497396 0.469213 0.015104 0.011574
0 0.551432 0.462269 0.010677 0.009722
0 0.671875 0.449537 0.015625 0.012963
2 0.605078 0.470370 0.015885 0.011111
0 0.813802 0.653241 0.013021 0.012963
0 0.798568 0.664815 0.014323 0.017593
0 0.778125 0.678241 0.014063 0.012963
0 0.755599 0.448380 0.016927 0.011574
0 0.448958 0.471991 0.015625 0.013426
0 0.409115 0.472917 0.015625 0.013426
0 0.395833 0.489120 0.015625 0.013426
0 0.362109 0.471528 0.015885 0.012500
0 0.400130 0.454630 0.011198 0.011111
0 0.326302 0.469907 0.017188 0.012037
0 0.351823 0.488889 0.017188 0.012037
0 0.343229 0.504630 0.017188 0.012037
0 0.347396 0.522222 0.017188 0.012037
0 0.318750 0.504167 0.017188 0.012037
0 0.325260 0.520833 0.017188 0.012037
0 0.339844 0.538889 0.017188 0.012037
0 0.373307 0.523148 0.015365 0.009259
0 0.380339 0.508333 0.015365 0.009259
0 0.420443 0.526389 0.015365 0.009259
0 0.407943 0.540278 0.015365 0.009259
0 0.398307 0.524074 0.015365 0.009259
0 0.384245 0.541204 0.015365 0.009259
2 0.428516 0.541667 0.017448 0.012037
0 0.361458 0.507407 0.014583 0.013889
0 0.301042 0.501852 0.013021 0.012037
0 0.288411 0.515278 0.015365 0.015741
0 0.258073 0.526389 0.015625 0.015741
2 0.305729 0.520833 0.015104 0.012963
2 0.292578 0.533565 0.032552 0.020833
0 0.088932 0.543519 0.011198 0.012963
0 0.097266 0.557870 0.014323 0.011111
0 0.124609 0.661574 0.009635 0.022222
0 0.128776 0.686574 0.009635 0.022222
2 0.687630 0.479630 0.016927 0.012037
0 0.687109 0.314352 0.010677 0.024074
2 0.745313 0.465046 0.028125 0.016204
0 0.785286 0.514120 0.014844 0.010648
0 0.839193 0.491435 0.016927 0.011574
0 0.823828 0.444676 0.016927 0.011574
0 0.899089 0.489120 0.016927 0.011574
0 0.880339 0.509954 0.014323 0.012500
0 0.856641 0.508102 0.011198 0.012500
0 0.908333 0.503472 0.015104 0.010648
0 0.937760 0.469213 0.017188 0.013426
2 0.808594 0.512731 0.015104 0.010648
2 0.900000 0.471991 0.015104 0.010648
0 0.988281 0.462500 0.016146 0.012963
0 0.972396 0.499074 0.015625 0.011111
0 0.990885 0.515741 0.012500 0.020370
2 0.989974 0.478009 0.016406 0.012500
1 0.944922 0.501157 0.036719 0.018056
0 0.882161 0.659259 0.009635 0.025000
0 0.920964 0.662269 0.005469 0.020833
0 0.928776 0.661806 0.005469 0.020833
0 0.936068 0.657176 0.007552 0.026389
0 0.961328 0.714583 0.007552 0.026389
0 0.968490 0.715278 0.006771 0.023148
0 0.976693 0.710648 0.008073 0.024074
0 0.989062 0.766667 0.014583 0.014815
0 0.995443 0.811806 0.008594 0.028241
0 0.986719 0.820370 0.009896 0.028704
0 0.956510 0.823611 0.009896 0.028704
2 0.941927 0.839815 0.010937 0.049074
2 0.949740 0.840972 0.009375 0.042130
0 0.919922 0.942130 0.013281 0.013889
0 0.837630 0.395370 0.013281 0.010185
2 0.838802 0.510417 0.015104 0.010648
0 0.608854 0.168056 0.013542 0.018519
2 0.636979 0.137963 0.017188 0.028704
2 0.651172 0.127083 0.015365 0.026389
2 0.655078 0.114352 0.014844 0.027778
0 0.681380 0.084028 0.012240 0.027315
0 0.660547 0.106713 0.008594 0.025463
0 0.688151 0.075926 0.011198 0.026852
0 0.695182 0.072222 0.011198 0.026852
0 0.702734 0.092593 0.015885 0.019444
0 0.720052 0.065509 0.012500 0.023611
0 0.729557 0.007870 0.008594 0.014815
2 0.798047 0.006250 0.020052 0.011574
0 0.810286 0.058333 0.015885 0.012963
0 0.831510 0.050926 0.015104 0.012963
0 0.853776 0.045833 0.015885 0.011111
2 0.837630 0.075926 0.015885 0.011111
0 0.825391 0.108102 0.013802 0.022685
2 0.791536 0.062500 0.015885 0.011111
2 0.943099 0.149074 0.015885 0.011111
2 0.980339 0.016667 0.015885 0.011111
0 0.496094 0.015972 0.006250 0.027315
2 0.027604 0.460185 0.020313 0.014815
0 0.026172 0.486343 0.015365 0.013426
0 0.095833 0.487963 0.017188 0.013889
3 0.115234 0.495139 0.010677 0.006944
0 0.129427 0.468981 0.017188 0.013889
0 0.195833 0.541204 0.015104 0.013889
0 0.242057 0.495833 0.015365 0.013889
0 0.281641 0.501389 0.015365 0.015741
0 0.412109 0.557407 0.015365 0.009259
0 0.465495 0.951389 0.007031 0.027778
2 0.960677 0.987037 0.017188 0.017593
0 0.594792 0.441204 0.010937 0.011111
0 0.804036 0.461806 0.016927 0.011574
0 0.993880 0.013889 0.012240 0.013889
0 0.622266 0.754630 0.005990 0.029630
2 0.615365 0.803472 0.009375 0.025463
