0 0.095052 0.352083 0.010417 0.040278
0 0.091406 0.522222 0.010937 0.038889
0 0.061328 0.585417 0.010156 0.031944
1 0.080729 0.712037 0.016146 0.084259
0 0.095964 0.792593 0.010677 0.037963
0 0.093359 0.932407 0.012240 0.035185
0 0.058594 0.800231 0.009375 0.039352
0 0.059115 0.747685 0.009896 0.037037
0 0.199609 0.936111 0.021094 0.025000
0 0.201563 0.985417 0.021875 0.023611
0 0.230078 0.936806 0.019531 0.015278
0 0.229427 0.911343 0.021875 0.018056
0 0.275260 0.923843 0.008854 0.035648
0 0.284245 0.924306 0.010677 0.037500
1 0.211719 0.572222 0.054688 0.025000
1 0.214062 0.521759 0.056250 0.020370
1 0.211719 0.475000 0.054167 0.019444
1 0.297526 0.361806 0.053906 0.023611
0 0.297266 0.448611 0.021094 0.016667
0 0.300000 0.472917 0.020313 0.018056
0 0.299349 0.494907 0.021094 0.014815
0 0.297266 0.514352 0.015365 0.014815
0 0.297526 0.534028 0.020573 0.015278
0 0.297786 0.554861 0.019010 0.012500
0 0.298047 0.579167 0.021615 0.016667
0 0.297005 0.601852 0.019531 0.015741
0 0.298047 0.624306 0.022656 0.018056
1 0.386198 0.929630 0.052604 0.020370
1 0.387500 0.905787 0.051562 0.027315
1 0.387630 0.855556 0.051302 0.019444
1 0.387370 0.830556 0.051823 0.022222
1 0.390365 0.807639 0.050521 0.020833
1 0.390104 0.781713 0.051042 0.024537
1 0.390234 0.757639 0.052344 0.023611
0 0.389062 0.681944 0.021875 0.019444
1 0.390625 0.609028 0.053125 0.020833
1 0.390234 0.583796 0.052344 0.021296
1 0.392057 0.535648 0.051823 0.021296
1 0.391016 0.510185 0.052344 0.018519
1 0.390365 0.460648 0.052604 0.017593
1 0.390885 0.433565 0.052083 0.019907
0 0.378906 0.408333 0.017188 0.016667
0 0.376953 0.389583 0.021094 0.015278
0 0.380859 0.352083 0.010156 0.037500
0 0.380469 0.250694 0.009375 0.040278
0 0.381510 0.171528 0.008854 0.041204
0 0.382292 0.122222 0.008333 0.036111
0 0.383073 0.078472 0.006771 0.034722
0 0.383724 0.024769 0.008073 0.035648
1 0.428906 0.033102 0.050000 0.023611
0 0.434375 0.056944 0.020313 0.015741
1 0.440234 0.078472 0.050781 0.020833
1 0.440234 0.101389 0.050781 0.019444
1 0.439844 0.128472 0.051562 0.020833
0 0.450000 0.153241 0.020313 0.014815
2 0.480859 0.159722 0.008594 0.041667
0 0.480990 0.227778 0.009375 0.035185
1 0.439453 0.175000 0.049219 0.019444
1 0.442188 0.197917 0.048438 0.020833
1 0.443750 0.223148 0.050000 0.019444
1 0.447656 0.247222 0.048438 0.019444
1 0.578906 0.986111 0.053125 0.019444
1 0.579688 0.961111 0.051562 0.022222
1 0.575130 0.674769 0.051823 0.021759
1 0.580339 0.650926 0.051823 0.018519
1 0.580469 0.604167 0.053125 0.019444
1 0.581250 0.577546 0.050000 0.022685
1 0.581380 0.531481 0.050260 0.019444
1 0.580339 0.482407 0.048698 0.018519
1 0.579948 0.387269 0.050000 0.021759
1 0.580599 0.361343 0.050781 0.018981
1 0.580469 0.339583 0.049479 0.019907
1 0.581250 0.312963 0.050521 0.018519
2 0.572917 0.290741 0.022396 0.014815
0 0.570443 0.268519 0.021615 0.013889
1 0.582031 0.240972 0.051562 0.020833
1 0.581250 0.217361 0.051562 0.018056
1 0.582422 0.193287 0.051302 0.018056
1 0.581901 0.167593 0.050781 0.022222
1 0.582292 0.143981 0.050000 0.020370
1 0.581120 0.118750 0.053385 0.019907
0 0.567448 0.099769 0.019271 0.012500
0 0.578125 0.073843 0.022396 0.015278
1 0.583594 0.026852 0.051562 0.023148
0 0.063281 0.991435 0.009896 0.017130
1 0.427604 0.008796 0.052083 0.016667
0 0.473828 0.287731 0.020573 0.026389
1 0.480208 0.365741 0.037500 0.051852
1 0.478646 0.435417 0.034375 0.049537
1 0.479036 0.502315 0.035156 0.049074
1 0.478646 0.573380 0.035937 0.055093
1 0.478646 0.637037 0.035417 0.051852
1 0.478385 0.806250 0.036458 0.052315
1 0.478385 0.840278 0.035937 0.051852
1 0.478125 0.873611 0.034896 0.050926
1 0.477344 0.905324 0.034896 0.049537
1 0.478255 0.939352 0.035156 0.052778
1 0.477083 0.974306 0.034375 0.051389
0 0.380990 0.304861 0.009375 0.037500
