0 0.063542 0.409259 0.011458 0.035185
0 0.092578 0.410880 0.008594 0.038426
0 0.094531 0.569444 0.010937 0.038889
0 0.063672 0.573611 0.010156 0.036111
0 0.061979 0.626852 0.008854 0.034259
1 0.087500 0.723843 0.017708 0.079167
0 0.066927 0.821065 0.009896 0.027315
0 0.106250 0.842361 0.009375 0.034722
0 0.099089 0.930556 0.009635 0.036111
0 0.125781 0.882176 0.009375 0.036574
0 0.135026 0.792593 0.009115 0.032407
0 0.203906 0.829398 0.020313 0.015278
0 0.205078 0.804861 0.022656 0.020833
0 0.203125 0.756250 0.021875 0.020833
0 0.235677 0.756250 0.019271 0.018056
0 0.233203 0.733565 0.024219 0.016204
0 0.273828 0.854861 0.008594 0.029167
0 0.282813 0.855556 0.007812 0.033333
0 0.275391 0.880556 0.019531 0.019444
0 0.275781 0.928472 0.020313 0.018056
0 0.276693 0.975000 0.021615 0.016667
0 0.309896 0.980787 0.019792 0.014352
0 0.313151 0.954630 0.023177 0.015741
0 0.311719 0.904861 0.021875 0.018056
2 0.309115 0.877546 0.022396 0.016204
0 0.278125 0.743750 0.009375 0.037500
0 0.289062 0.743519 0.009375 0.040741
0 0.374609 0.887500 0.019531 0.016667
0 0.373177 0.867824 0.019271 0.016204
0 0.393359 0.840741 0.014844 0.015741
1 0.389844 0.820139 0.054688 0.023611
1 0.390885 0.747454 0.052604 0.019907
1 0.390885 0.722454 0.052604 0.024537
1 0.390885 0.674769 0.050000 0.023611
1 0.389583 0.649537 0.053646 0.020370
1 0.394401 0.625231 0.051302 0.022685
1 0.394401 0.598843 0.051823 0.022685
1 0.394010 0.573611 0.052083 0.022222
0 0.392318 0.500926 0.022135 0.016667
1 0.392578 0.427778 0.052865 0.021296
1 0.393750 0.400000 0.053125 0.019444
1 0.393490 0.351157 0.052083 0.018981
1 0.392969 0.326389 0.054688 0.022222
1 0.393099 0.277778 0.051302 0.022222
1 0.393099 0.250463 0.051302 0.020370
0 0.301172 0.441898 0.018490 0.014352
0 0.301563 0.420139 0.021875 0.018056
0 0.301302 0.397454 0.022396 0.014352
0 0.302214 0.374074 0.022135 0.015741
0 0.301172 0.352083 0.022656 0.018056
0 0.299609 0.331250 0.016406 0.015278
0 0.301563 0.312500 0.021875 0.016667
0 0.301172 0.291667 0.019531 0.016667
0 0.301563 0.267361 0.021875 0.015278
1 0.299870 0.178935 0.054427 0.030093
1 0.215625 0.292593 0.054688 0.022222
1 0.217057 0.339583 0.054948 0.020833
1 0.214974 0.390972 0.053385 0.023611
1 0.584375 0.950694 0.051562 0.023611
1 0.583984 0.929167 0.050781 0.022222
1 0.585938 0.904861 0.051562 0.020833
1 0.582812 0.880556 0.051562 0.022222
1 0.582031 0.854398 0.052083 0.018981
1 0.583333 0.807639 0.053646 0.020833
1 0.583854 0.782407 0.050521 0.021296
1 0.578906 0.496759 0.053125 0.021296
1 0.583203 0.472685 0.050781 0.021296
1 0.584766 0.423611 0.052344 0.022222
1 0.584375 0.399306 0.053125 0.020833
1 0.583594 0.350000 0.051562 0.019444
1 0.583854 0.303009 0.049479 0.023611
1 0.584375 0.206250 0.050000 0.020833
1 0.583594 0.181944 0.051562 0.022222
1 0.583594 0.158333 0.053125 0.019444
1 0.583854 0.132870 0.052083 0.021296
0 0.575000 0.109028 0.023438 0.015278
1 0.584375 0.060417 0.051562 0.026389
1 0.584766 0.033333 0.049219 0.019444
1 0.445312 0.018750 0.050000 0.018056
1 0.445312 0.043056 0.050000 0.019444
1 0.450781 0.068056 0.050000 0.022222
0 0.483594 0.048611 0.010937 0.036111
0 0.363281 0.940972 0.017188 0.018056
0 0.363672 0.925000 0.016406 0.016667
0 0.070182 0.993750 0.010677 0.012500
0 0.099089 0.988657 0.010677 0.022685
0 0.129036 0.992130 0.010156 0.015741
0 0.365104 0.959491 0.015104 0.014352
0 0.379948 0.208333 0.021354 0.014815
0 0.381901 0.226157 0.015365 0.012500
0 0.383333 0.170139 0.009375 0.038426
0 0.383203 0.126157 0.010156 0.030093
0 0.383203 0.070370 0.008073 0.037037
1 0.481641 0.797454 0.034635 0.051389
1 0.482292 0.761343 0.034896 0.049537
1 0.481901 0.729630 0.033594 0.052778
1 0.482422 0.695833 0.034115 0.050000
1 0.483073 0.662963 0.035417 0.050926
1 0.482682 0.628241 0.035156 0.050926
1 0.583854 0.993287 0.050000 0.013426
1 0.484766 0.458102 0.040885 0.056019
1 0.482292 0.392130 0.034375 0.050926
1 0.482292 0.322454 0.034896 0.049537
1 0.481510 0.254398 0.034375 0.047685
1 0.483724 0.187269 0.037760 0.055093
0 0.477734 0.109491 0.021615 0.025463
0 0.573307 0.093056 0.021094 0.018519
