0 0.068620 0.228241 0.010677 0.032407
0 0.066797 0.395833 0.008594 0.036111
0 0.066797 0.445139 0.011719 0.037500
0 0.096094 0.450000 0.009375 0.038889
0 0.099609 0.575000 0.010156 0.038889
0 0.070573 0.642824 0.007812 0.029167
1 0.094010 0.684954 0.016667 0.082870
0 0.075000 0.825694 0.009375 0.035648
2 0.075521 0.889815 0.012500 0.038889
0 0.086719 0.932639 0.007812 0.034722
0 0.106901 0.952083 0.009635 0.034722
0 0.106250 0.884028 0.009375 0.034722
0 0.117448 0.880556 0.009896 0.037037
0 0.143880 0.757870 0.010156 0.036111
0 0.128516 0.614583 0.010156 0.040278
0 0.126562 0.485417 0.009375 0.037500
0 0.136719 0.386806 0.010937 0.037500
1 0.219531 0.106944 0.055729 0.024074
1 0.220703 0.154167 0.057031 0.025000
1 0.219792 0.204630 0.055208 0.024074
0 0.208594 0.570833 0.021875 0.019444
0 0.208984 0.622222 0.022656 0.025000
0 0.208073 0.644676 0.020833 0.014352
0 0.239193 0.571991 0.020573 0.017130
0 0.238411 0.548843 0.020052 0.016204
0 0.279948 0.939120 0.017708 0.017130
0 0.296875 0.922222 0.009375 0.036111
0 0.279167 0.913889 0.021354 0.016667
0 0.278776 0.891435 0.022135 0.016204
0 0.280469 0.866667 0.020313 0.016667
0 0.283594 0.841667 0.020313 0.016667
0 0.280859 0.815972 0.021094 0.018056
0 0.280859 0.793750 0.019531 0.018056
0 0.316797 0.913889 0.021094 0.016667
0 0.315625 0.890278 0.021875 0.013889
0 0.317448 0.866667 0.022396 0.018519
0 0.316016 0.841435 0.019531 0.017130
0 0.313802 0.818287 0.020833 0.014352
0 0.314453 0.797222 0.019531 0.016667
0 0.318099 0.770370 0.022656 0.016667
0 0.316797 0.722222 0.021094 0.016667
2 0.313281 0.693519 0.022396 0.017593
0 0.279687 0.698611 0.021875 0.019444
0 0.280469 0.744676 0.018750 0.018981
0 0.277344 0.672917 0.007812 0.029167
0 0.287891 0.668981 0.008594 0.028704
0 0.283073 0.558102 0.008854 0.035648
0 0.293750 0.559722 0.009375 0.038889
0 0.306250 0.254167 0.021875 0.019444
0 0.306120 0.234954 0.022135 0.018981
0 0.306250 0.213889 0.021875 0.016667
0 0.305859 0.188194 0.019531 0.015278
0 0.305859 0.167361 0.019531 0.018056
0 0.305078 0.146528 0.016406 0.018056
0 0.306771 0.127083 0.022396 0.017130
0 0.305599 0.106481 0.020052 0.014815
0 0.305469 0.082639 0.018750 0.018056
0 0.384766 0.022222 0.021094 0.022222
0 0.388281 0.039583 0.017188 0.015278
1 0.397917 0.063194 0.052083 0.020833
1 0.399089 0.090509 0.053906 0.023611
1 0.399349 0.140278 0.052865 0.022222
1 0.398698 0.165741 0.051042 0.021296
1 0.398568 0.213889 0.052865 0.018519
1 0.398307 0.240278 0.051823 0.025000
0 0.396224 0.313657 0.023698 0.019907
1 0.398177 0.388426 0.051562 0.022222
1 0.398438 0.411574 0.051042 0.018519
1 0.398177 0.436343 0.051562 0.019907
1 0.395573 0.462269 0.048958 0.019907
1 0.394661 0.488194 0.050781 0.024537
1 0.396094 0.535880 0.052083 0.020833
1 0.395052 0.561343 0.052083 0.018056
1 0.394792 0.635185 0.053646 0.022222
0 0.397656 0.656250 0.017188 0.012500
0 0.377474 0.681944 0.018490 0.016667
0 0.377995 0.702083 0.017448 0.018056
0 0.369531 0.739583 0.017188 0.018056
0 0.368620 0.756944 0.017448 0.013889
0 0.369531 0.825000 0.017188 0.019444
1 0.588672 0.985880 0.049219 0.028241
1 0.588281 0.938889 0.050000 0.022222
1 0.586979 0.914583 0.051042 0.026389
1 0.589323 0.841667 0.048958 0.022222
1 0.589063 0.818056 0.051562 0.022222
1 0.589063 0.770833 0.053125 0.022222
1 0.588281 0.745139 0.050000 0.023611
1 0.589844 0.721528 0.053125 0.020833
1 0.588021 0.698380 0.053646 0.021759
1 0.586328 0.674306 0.053906 0.020833
1 0.587760 0.626157 0.053646 0.021759
1 0.587891 0.603472 0.050781 0.020833
1 0.494401 0.268750 0.046094 0.061574
1 0.589453 0.023611 0.050781 0.022222
1 0.588411 0.121296 0.049740 0.024074
1 0.589323 0.169676 0.051562 0.022685
1 0.589453 0.214583 0.049219 0.020833
1 0.588672 0.240972 0.050781 0.023611
1 0.589453 0.289815 0.049740 0.022222
1 0.583724 0.314583 0.051302 0.021759
0 0.078125 0.985648 0.009896 0.028704
0 0.368490 0.843287 0.017188 0.015278
0 0.369661 0.863889 0.015885 0.013889
0 0.371094 0.880324 0.014063 0.012500
0 0.369661 0.898611 0.015885 0.015741
0 0.369661 0.918287 0.015365 0.016204
0 0.368490 0.938657 0.018229 0.017130
2 0.369271 0.956944 0.017188 0.015741
0 0.369010 0.972454 0.016667 0.013426
0 0.368490 0.991435 0.019271 0.017130
0 0.320573 0.992824 0.007812 0.014352
0 0.309375 0.990046 0.007812 0.019907
0 0.296875 0.990972 0.008854 0.018056
0 0.285807 0.989352 0.008073 0.021296
0 0.369401 0.775231 0.015885 0.015278
1 0.487370 0.977546 0.034635 0.044907
1 0.486328 0.916667 0.034635 0.053704
1 0.486458 0.615278 0.035417 0.047222
1 0.486458 0.579398 0.035937 0.048611
1 0.486589 0.547454 0.034115 0.050463
1 0.486849 0.513889 0.035156 0.046296
1 0.487240 0.480556 0.036458 0.046296
1 0.486979 0.444213 0.035937 0.052315
1 0.486458 0.211111 0.034375 0.049074
1 0.486719 0.140741 0.033854 0.050000
1 0.487109 0.073611 0.035156 0.050000
1 0.487630 0.017824 0.036198 0.034722
