0 0.088021 0.059259 0.010937 0.036111
2 0.089063 0.119444 0.012500 0.047222
0 0.101953 0.168056 0.008594 0.038889
0 0.092448 0.225926 0.011979 0.039815
0 0.095312 0.266898 0.009375 0.036574
0 0.104427 0.318056 0.011458 0.038889
0 0.106250 0.271528 0.009375 0.043056
0 0.096094 0.355556 0.010937 0.038889
0 0.107031 0.388194 0.010937 0.040278
0 0.125391 0.335880 0.011719 0.035648
0 0.130469 0.491667 0.010937 0.038889
0 0.106641 0.430556 0.010156 0.036111
2 0.102214 0.481713 0.011198 0.039352
0 0.104297 0.530556 0.011719 0.038889
0 0.107422 0.576389 0.010156 0.038889
2 0.107292 0.627083 0.008854 0.043056
0 0.111849 0.692593 0.010677 0.037963
0 0.111719 0.738426 0.010937 0.037037
0 0.116406 0.781250 0.010937 0.037500
0 0.117969 0.820139 0.010937 0.040278
0 0.116406 0.858565 0.009896 0.038426
0 0.116406 0.901852 0.009375 0.039815
0 0.144661 0.916435 0.010677 0.037500
0 0.140755 0.778704 0.009115 0.035185
1 0.128776 0.639815 0.016927 0.082407
0 0.163672 0.207176 0.010156 0.036574
0 0.169661 0.340509 0.010156 0.036574
2 0.107682 0.803704 0.009635 0.038889
0 0.210156 0.816667 0.010937 0.041667
1 0.192969 0.867361 0.017188 0.081944
0 0.225391 0.328241 0.012760 0.030556
0 0.242188 0.408796 0.010417 0.035185
0 0.259766 0.345833 0.010156 0.038889
0 0.269661 0.340509 0.008073 0.035648
0 0.289844 0.345139 0.010937 0.037500
0 0.301172 0.338889 0.008594 0.041667
0 0.317578 0.340278 0.010156 0.041667
0 0.330859 0.341667 0.010156 0.038889
0 0.300781 0.209722 0.010937 0.036111
0 0.313151 0.213194 0.010677 0.037500
0 0.325781 0.211806 0.010937 0.040278
0 0.336719 0.214583 0.007812 0.040278
0 0.295312 0.151620 0.020313 0.016204
0 0.295312 0.126389 0.021875 0.019444
0 0.313281 0.135417 0.010937 0.043056
0 0.332031 0.126389 0.020313 0.016667
0 0.332292 0.099769 0.021875 0.017130
0 0.333333 0.077083 0.023958 0.018981
0 0.331250 0.051389 0.021875 0.016667
0 0.330469 0.028704 0.019271 0.017593
0 0.296354 0.028704 0.020833 0.020370
0 0.298047 0.052083 0.020573 0.016204
0 0.295182 0.077083 0.021615 0.019907
0 0.294792 0.104167 0.026042 0.016667
1 0.601432 0.811806 0.052865 0.024537
1 0.604297 0.738194 0.050781 0.026389
0 0.587630 0.837269 0.021615 0.015278
1 0.603906 0.715972 0.050000 0.023611
1 0.605469 0.692361 0.053125 0.023611
1 0.604297 0.666667 0.050781 0.022222
1 0.604297 0.643750 0.050781 0.023611
1 0.605339 0.618287 0.051823 0.022685
1 0.605469 0.595139 0.053125 0.023611
1 0.604297 0.522917 0.052344 0.020833
1 0.605599 0.499306 0.052865 0.023611
1 0.605078 0.476389 0.053906 0.019444
1 0.605729 0.451389 0.051562 0.021296
1 0.605469 0.426389 0.053125 0.022222
1 0.605339 0.403472 0.052344 0.018981
1 0.605208 0.378241 0.053646 0.023148
1 0.605078 0.353935 0.053906 0.019907
1 0.605469 0.307176 0.053125 0.022685
1 0.604688 0.281944 0.054688 0.025000
1 0.604167 0.235417 0.052604 0.023611
1 0.605469 0.210417 0.053125 0.023611
1 0.603516 0.163194 0.052344 0.023611
1 0.603906 0.138194 0.053125 0.020833
1 0.604297 0.066667 0.052344 0.025000
1 0.605078 0.042361 0.050781 0.020833
0 0.157812 0.017130 0.009375 0.033333
0 0.117839 0.948843 0.010677 0.037500
0 0.174349 0.927083 0.009115 0.036574
0 0.188021 0.947917 0.010937 0.038426
0 0.232682 0.955324 0.009635 0.036574
0 0.217057 0.979861 0.010156 0.037500
0 0.233724 0.988657 0.009115 0.022685
0 0.231120 0.916667 0.009635 0.034259
0 0.214062 0.913194 0.010937 0.035648
0 0.212370 0.864120 0.009635 0.037500
0 0.228125 0.834722 0.010417 0.037037
0 0.229687 0.878935 0.009375 0.031944
0 0.222135 0.792824 0.014063 0.035648
2 0.385677 0.243750 0.017188 0.015278
2 0.384896 0.224306 0.018750 0.017130
2 0.385677 0.166667 0.019271 0.013889
0 0.385417 0.202083 0.018229 0.013426
0 0.384766 0.182870 0.019010 0.014815
0 0.385807 0.149306 0.019010 0.015278
0 0.386198 0.129167 0.017188 0.016667
0 0.386979 0.108796 0.017188 0.016667
0 0.387109 0.090278 0.015365 0.013889
0 0.387370 0.071296 0.014844 0.013889
0 0.385417 0.053704 0.018750 0.017593
0 0.385417 0.033102 0.018750 0.016204
0 0.331120 0.006944 0.022656 0.012963
0 0.296875 0.006713 0.019271 0.012500
1 0.502734 0.146759 0.036198 0.050926
1 0.502995 0.213889 0.035677 0.055556
1 0.503255 0.279167 0.037760 0.052778
1 0.502865 0.413657 0.033854 0.052315
1 0.503906 0.517361 0.034375 0.049537
1 0.503125 0.548611 0.034896 0.050926
1 0.503646 0.816435 0.035417 0.054167
1 0.503646 0.850463 0.036458 0.056481
0 0.512240 0.939120 0.018750 0.026389
0 0.526042 0.980093 0.019792 0.022222
0 0.633854 0.987037 0.008333 0.025926
0 0.623047 0.989815 0.006510 0.020370
