0 0.120964 0.056481 0.011198 0.037037
0 0.092188 0.071991 0.010417 0.041204
0 0.095052 0.115046 0.009896 0.035648
0 0.105469 0.118981 0.008854 0.039815
0 0.126042 0.193750 0.008333 0.038426
0 0.103906 0.165509 0.010937 0.039352
0 0.106250 0.237500 0.010417 0.039815
0 0.105078 0.280324 0.010156 0.037500
2 0.100781 0.330093 0.009896 0.041667
0 0.102474 0.379861 0.010677 0.037500
0 0.106771 0.428009 0.009375 0.039352
0 0.124740 0.344676 0.009896 0.036574
0 0.136458 0.501620 0.010417 0.039352
0 0.133073 0.611574 0.010937 0.037037
2 0.105078 0.476389 0.010156 0.038889
0 0.110286 0.544676 0.010156 0.040278
0 0.110547 0.589583 0.011719 0.037500
0 0.115625 0.631481 0.010937 0.037963
0 0.115625 0.673611 0.010937 0.038889
0 0.114714 0.712269 0.009115 0.037500
0 0.115104 0.755093 0.010417 0.037037
0 0.116016 0.801620 0.010156 0.042130
0 0.116276 0.871296 0.008073 0.037963
0 0.119661 0.915972 0.010156 0.037500
0 0.215495 0.833796 0.009635 0.040741
0 0.217969 0.884259 0.009375 0.037037
0 0.231120 0.809722 0.008594 0.036111
0 0.233073 0.851852 0.010937 0.037037
0 0.233984 0.895833 0.008073 0.037963
0 0.198177 0.726157 0.009896 0.035648
0 0.208594 0.670139 0.009375 0.037500
0 0.220964 0.644907 0.011198 0.037037
2 0.206641 0.525694 0.011719 0.029167
0 0.165755 0.549537 0.010677 0.035185
0 0.176172 0.469444 0.011719 0.038889
0 0.156641 0.253472 0.008594 0.034722
0 0.242318 0.254861 0.010156 0.037500
0 0.259375 0.189583 0.009375 0.037500
0 0.270833 0.187731 0.010417 0.034722
0 0.289453 0.188194 0.008594 0.040278
0 0.301953 0.185417 0.010156 0.040278
0 0.318359 0.182176 0.010156 0.041204
0 0.332031 0.187500 0.010937 0.033333
0 0.302344 0.054861 0.009375 0.040278
0 0.313021 0.057407 0.009375 0.038889
0 0.326172 0.057639 0.011719 0.040278
0 0.336458 0.058333 0.008854 0.036111
1 0.608073 0.059954 0.052083 0.024537
1 0.607031 0.085185 0.050000 0.025926
1 0.606901 0.133102 0.050260 0.024537
1 0.607682 0.158565 0.053385 0.022685
1 0.607422 0.205556 0.052344 0.025000
1 0.607031 0.229167 0.053125 0.022222
1 0.607031 0.253472 0.051562 0.023611
1 0.607031 0.279167 0.053125 0.022222
1 0.607812 0.304167 0.051562 0.022222
1 0.607422 0.326389 0.053906 0.019444
1 0.607812 0.350000 0.054688 0.019444
1 0.607031 0.373611 0.053125 0.022222
1 0.606380 0.447685 0.051302 0.020370
1 0.606250 0.472222 0.051562 0.022222
1 0.605859 0.495139 0.052344 0.020833
1 0.606250 0.519444 0.051562 0.019444
1 0.606250 0.545139 0.053125 0.020833
1 0.607031 0.567361 0.053125 0.020833
1 0.606641 0.594444 0.052344 0.022222
1 0.604818 0.668056 0.051302 0.022222
0 0.589844 0.692361 0.021875 0.020833
0 0.512760 0.797685 0.019271 0.029630
0 0.528125 0.838194 0.021875 0.026389
0 0.624609 0.854861 0.010156 0.037500
0 0.636719 0.854167 0.012500 0.038889
0 0.101172 0.017593 0.010156 0.034259
2 0.107292 0.653009 0.009375 0.040278
0 0.101432 0.607407 0.010677 0.037963
0 0.122005 0.956019 0.012760 0.038889
0 0.237891 0.980324 0.009635 0.037500
0 0.236458 0.936806 0.008854 0.039352
0 0.213281 0.765972 0.010417 0.037500
0 0.230469 0.770602 0.009896 0.036574
0 0.211589 0.715509 0.010156 0.038426
0 0.229297 0.732407 0.009115 0.031481
0 0.226823 0.683796 0.008854 0.031481
2 0.386719 0.087500 0.018229 0.014815
0 0.385677 0.068287 0.019271 0.016204
0 0.386198 0.046991 0.018750 0.016204
0 0.386198 0.027083 0.019271 0.016204
2 0.386719 0.009491 0.019271 0.016204
1 0.505078 0.062269 0.035677 0.055093
1 0.505208 0.129630 0.035417 0.050926
1 0.606901 0.012500 0.052344 0.024074
1 0.504557 0.262037 0.035156 0.052778
1 0.505208 0.367593 0.034896 0.049074
1 0.505078 0.402083 0.034115 0.049537
1 0.504818 0.671759 0.034635 0.050926
1 0.504297 0.707639 0.034115 0.052315
0 0.397786 0.980556 0.022656 0.016667
0 0.443359 0.985185 0.022656 0.016667
