2 0.354297 0.561111 0.046094 0.022222
2 0.351563 0.580556 0.037500 0.025000
0 0.157813 0.511111 0.018750 0.013889
0 0.158203 0.525000 0.017969 0.016667
2 0.203906 0.552778 0.014062 0.050000
2 0.193750 0.591667 0.043750 0.019444
2 0.309375 0.671528 0.031250 0.023611
2 0.344922 0.678472 0.033594 0.023611
2 0.357031 0.638889 0.032812 0.025000
2 0.354297 0.619444 0.033594 0.022222
2 0.355859 0.601389 0.035156 0.025000
2 0.414453 0.589583 0.035156 0.020833
2 0.403516 0.606944 0.053906 0.019444
2 0.402734 0.625694 0.055469 0.023611
2 0.403516 0.646528 0.053906 0.029167
2 0.249219 0.490278 0.032812 0.019444
0 0.274609 0.515972 0.014844 0.018056
0 0.310156 0.551389 0.007813 0.022222
0 0.434375 0.523611 0.009375 0.027778
0 0.541016 0.540278 0.010156 0.030556
0 0.725781 0.231944 0.018750 0.025000
2 0.262109 0.585417 0.035156 0.026389
2 0.271094 0.554167 0.023438 0.016667
2 0.296875 0.520139 0.014062 0.045833
2 0.390625 0.686111 0.040625 0.022222
2 0.441016 0.693750 0.039844 0.026389
2 0.481641 0.699306 0.032031 0.020833
2 0.530469 0.702778 0.054688 0.025000
2 0.548437 0.660417 0.060938 0.020833
2 0.646094 0.707639 0.034375 0.023611
2 0.694141 0.704167 0.035156 0.022222
2 0.827734 0.684028 0.041406 0.029167
2 0.879687 0.672917 0.054688 0.029167
0 0.868359 0.550000 0.017969 0.019444
