2 0.231250 0.489583 0.031250 0.020833
2 0.186719 0.551389 0.012500 0.047222
2 0.176563 0.589583 0.046875 0.020833
2 0.291406 0.670833 0.032812 0.027778
2 0.243750 0.585417 0.034375 0.029167
2 0.254687 0.554167 0.021875 0.016667
2 0.336719 0.560417 0.045313 0.020833
2 0.396484 0.587500 0.035156 0.025000
2 0.385547 0.606250 0.053906 0.018056
2 0.384766 0.624306 0.055469 0.026389
2 0.385547 0.645139 0.052344 0.029167
2 0.338672 0.638194 0.032031 0.026389
2 0.335938 0.619444 0.034375 0.022222
2 0.338281 0.600000 0.035937 0.022222
2 0.333984 0.579167 0.038281 0.019444
2 0.326953 0.677778 0.035156 0.025000
2 0.372656 0.684722 0.039063 0.027778
2 0.422656 0.691667 0.039063 0.027778
2 0.464063 0.699306 0.031250 0.020833
2 0.512891 0.702778 0.055469 0.025000
2 0.530078 0.661111 0.061719 0.022222
2 0.627344 0.707639 0.034375 0.023611
2 0.675000 0.702778 0.035937 0.022222
2 0.808984 0.685417 0.042969 0.029167
2 0.860156 0.672917 0.053125 0.029167
0 0.706250 0.231250 0.017188 0.023611
0 0.416406 0.522222 0.007813 0.027778
0 0.523438 0.538194 0.012500 0.031944
0 0.291797 0.548611 0.008594 0.022222
0 0.256250 0.515278 0.014062 0.016667
2 0.279297 0.519444 0.013281 0.044444
0 0.139453 0.509028 0.019531 0.015278
0 0.141016 0.525000 0.017969 0.013889
0 0.848828 0.550000 0.017969 0.019444
