0 0.121484 0.507639 0.017969 0.015278
0 0.123047 0.524306 0.017969 0.018056
0 0.238672 0.513889 0.014844 0.016667
0 0.274219 0.548611 0.007813 0.025000
0 0.398438 0.520833 0.007813 0.027778
0 0.505078 0.537500 0.013281 0.033333
0 0.686719 0.230556 0.018750 0.022222
2 0.841797 0.672222 0.053906 0.027778
2 0.790625 0.684028 0.042188 0.023611
2 0.656641 0.703472 0.035156 0.023611
2 0.609375 0.705556 0.034375 0.022222
2 0.494531 0.701389 0.054688 0.022222
2 0.445313 0.699306 0.031250 0.020833
2 0.512500 0.657639 0.059375 0.023611
2 0.404687 0.691667 0.040625 0.025000
2 0.354688 0.683333 0.039063 0.025000
2 0.309766 0.675694 0.033594 0.023611
2 0.273438 0.669444 0.031250 0.025000
2 0.226172 0.582639 0.033594 0.026389
2 0.237109 0.551389 0.021094 0.016667
2 0.261328 0.518056 0.014844 0.050000
2 0.318359 0.559028 0.044531 0.020833
2 0.378516 0.586806 0.035156 0.020833
2 0.367578 0.604167 0.057031 0.025000
2 0.366406 0.622917 0.054688 0.023611
2 0.366797 0.644444 0.053906 0.027778
2 0.321094 0.637500 0.032812 0.025000
2 0.317969 0.615278 0.032812 0.022222
2 0.319922 0.597917 0.036719 0.023611
2 0.314844 0.578472 0.037500 0.020833
2 0.213281 0.489583 0.031250 0.020833
0 0.830078 0.549306 0.017969 0.018056
0 0.957031 0.275694 0.010937 0.037500
2 0.168750 0.551389 0.012500 0.050000
2 0.157813 0.588194 0.043750 0.018056
