0 0.933203 0.341667 0.011719 0.036111
0 0.667578 0.230556 0.017969 0.022222
0 0.379687 0.521528 0.009375 0.029167
0 0.255859 0.548611 0.008594 0.022222
0 0.220703 0.513194 0.014844 0.018056
0 0.486328 0.537500 0.011719 0.036111
0 0.103125 0.506944 0.018750 0.016667
0 0.104687 0.522917 0.018750 0.015278
0 0.809766 0.550000 0.017969 0.019444
0 0.980859 0.288889 0.011719 0.030556
0 0.976172 0.250694 0.013281 0.034722
0 0.977734 0.386806 0.011719 0.037500
0 0.968359 0.388889 0.011719 0.036111
0 0.981641 0.475694 0.014844 0.034722
2 0.973828 0.638194 0.033594 0.023611
2 0.823438 0.671528 0.054688 0.026389
2 0.771484 0.682639 0.041406 0.026389
2 0.638281 0.702778 0.034375 0.025000
2 0.590234 0.704167 0.033594 0.022222
2 0.493359 0.658333 0.061719 0.022222
2 0.475391 0.702083 0.053906 0.020833
2 0.426953 0.696528 0.032031 0.020833
2 0.385938 0.691667 0.040625 0.025000
2 0.335938 0.683333 0.040625 0.025000
2 0.290625 0.675000 0.034375 0.022222
2 0.254687 0.667361 0.031250 0.023611
2 0.141016 0.588889 0.047656 0.019444
2 0.208594 0.582639 0.034375 0.026389
2 0.218359 0.551389 0.022656 0.016667
2 0.242188 0.517361 0.012500 0.045833
2 0.299219 0.558333 0.045313 0.022222
2 0.359766 0.587500 0.033594 0.022222
2 0.348437 0.602778 0.054688 0.025000
2 0.348047 0.622917 0.055469 0.023611
2 0.348437 0.642361 0.053125 0.026389
2 0.302734 0.635417 0.030469 0.023611
2 0.299219 0.616667 0.031250 0.025000
2 0.300781 0.597222 0.035937 0.027778
2 0.296875 0.578472 0.037500 0.020833
2 0.149609 0.550000 0.013281 0.050000
2 0.194531 0.487500 0.031250 0.016667
