2 0.371875 0.603472 0.043750 0.020833
2 0.486719 0.680556 0.031250 0.022222
2 0.524219 0.685417 0.034375 0.023611
2 0.569531 0.692361 0.040625 0.026389
2 0.621094 0.699306 0.040625 0.026389
2 0.660937 0.703472 0.029687 0.020833
2 0.711719 0.705556 0.057813 0.022222
2 0.828125 0.704861 0.035937 0.020833
2 0.875781 0.700000 0.037500 0.019444
2 0.728906 0.661111 0.062500 0.022222
2 0.592969 0.593750 0.031250 0.020833
2 0.583203 0.610417 0.053906 0.018056
2 0.582812 0.631250 0.054688 0.023611
2 0.582812 0.650694 0.054688 0.020833
2 0.535547 0.645139 0.032031 0.023611
2 0.531250 0.627778 0.035937 0.025000
2 0.533594 0.606250 0.037500 0.026389
2 0.528906 0.588194 0.037500 0.020833
2 0.532812 0.568750 0.043750 0.020833
2 0.474219 0.527778 0.010937 0.047222
2 0.449609 0.563889 0.022656 0.013889
2 0.439844 0.594444 0.032812 0.025000
2 0.382031 0.564583 0.010937 0.048611
2 0.426172 0.500694 0.028906 0.020833
0 0.333984 0.522222 0.017969 0.013889
0 0.335156 0.537500 0.018750 0.016667
0 0.451953 0.524306 0.014844 0.015278
0 0.486719 0.557639 0.007813 0.023611
0 0.612109 0.527083 0.007031 0.031944
0 0.719922 0.540278 0.011719 0.036111
0 0.911719 0.224306 0.015625 0.020833
