2 0.048437 0.466667 0.032812 0.019444
2 0.095703 0.497917 0.013281 0.048611
2 0.071875 0.532639 0.023438 0.015278
2 0.060547 0.563194 0.035156 0.029167
2 0.108203 0.650694 0.032031 0.026389
2 0.144531 0.659028 0.035937 0.026389
0 0.074609 0.493056 0.014844 0.019444
0 0.110156 0.530556 0.007813 0.025000
2 0.153906 0.543056 0.046875 0.025000
2 0.150781 0.561111 0.039063 0.025000
2 0.155078 0.581944 0.038281 0.025000
2 0.153125 0.600000 0.034375 0.025000
2 0.155078 0.619444 0.035156 0.025000
0 0.742578 0.888194 0.010156 0.034722
0 0.860156 0.615972 0.018750 0.018056
