0 0.771094 0.250694 0.020312 0.020833
0 0.762500 0.286111 0.010937 0.036111
0 0.764063 0.320833 0.007813 0.030556
0 0.758203 0.418056 0.011719 0.036111
0 0.750000 0.421528 0.010937 0.034722
0 0.778906 0.466667 0.021875 0.019444
0 0.775781 0.481944 0.020312 0.016667
0 0.784375 0.505556 0.012500 0.036111
0 0.775781 0.509028 0.012500 0.037500
0 0.759375 0.507639 0.012500 0.037500
2 0.791406 0.661806 0.029687 0.023611
2 0.751953 0.667361 0.030469 0.023611
2 0.640234 0.436806 0.024219 0.020833
2 0.640625 0.463889 0.023438 0.019444
0 0.587500 0.556250 0.018750 0.015278
2 0.603516 0.681944 0.052344 0.025000
2 0.551172 0.686111 0.041406 0.019444
2 0.505078 0.687500 0.041406 0.019444
2 0.417969 0.688194 0.035937 0.023611
2 0.370313 0.684028 0.034375 0.023611
2 0.257031 0.664583 0.053125 0.029167
2 0.209375 0.654167 0.031250 0.022222
2 0.168359 0.644444 0.044531 0.030556
2 0.144922 0.532639 0.036719 0.026389
2 0.134766 0.549306 0.058594 0.031944
2 0.132813 0.568750 0.059375 0.029167
2 0.133203 0.588889 0.053906 0.033333
0 0.168359 0.472917 0.008594 0.026389
2 0.276953 0.625000 0.061719 0.027778
0 0.274219 0.503472 0.010937 0.037500
0 0.456250 0.221528 0.018750 0.023611
0 0.990234 0.606944 0.016406 0.019444
