2 0.425781 0.498611 0.029687 0.016667
0 0.450000 0.523611 0.015625 0.016667
0 0.486328 0.556944 0.007031 0.025000
2 0.448438 0.563194 0.021875 0.012500
2 0.439844 0.595139 0.032812 0.026389
2 0.371875 0.603472 0.043750 0.020833
2 0.380859 0.563889 0.010156 0.047222
2 0.485938 0.679167 0.031250 0.025000
2 0.523047 0.685417 0.035156 0.020833
2 0.532031 0.566667 0.043750 0.022222
2 0.528516 0.587500 0.038281 0.022222
2 0.532812 0.606250 0.035937 0.026389
2 0.530859 0.625694 0.033594 0.020833
2 0.534766 0.645139 0.032031 0.023611
2 0.582422 0.652778 0.053906 0.022222
2 0.582031 0.631944 0.053125 0.025000
2 0.582812 0.611806 0.054688 0.023611
2 0.592969 0.593056 0.034375 0.016667
0 0.611719 0.527083 0.009375 0.031944
2 0.473437 0.527083 0.010937 0.048611
0 0.719922 0.540972 0.013281 0.031944
0 0.911719 0.225694 0.018750 0.020833
2 0.875781 0.704167 0.035937 0.025000
2 0.827344 0.707639 0.035937 0.020833
2 0.710547 0.704861 0.057031 0.023611
2 0.728125 0.662500 0.064062 0.022222
2 0.660937 0.703472 0.031250 0.023611
2 0.620313 0.697917 0.039063 0.023611
2 0.568359 0.691667 0.041406 0.025000
0 0.332812 0.520833 0.018750 0.016667
0 0.333594 0.536806 0.018750 0.018056
