2 0.117969 0.632639 0.043750 0.029167
2 0.158594 0.642361 0.032812 0.026389
2 0.207031 0.653472 0.056250 0.029167
2 0.227344 0.615278 0.060938 0.033333
0 0.225781 0.495139 0.010937 0.034722
0 0.407813 0.216667 0.018750 0.025000
2 0.321094 0.675000 0.035937 0.025000
2 0.368359 0.679167 0.036719 0.022222
2 0.500391 0.682639 0.039844 0.020833
2 0.553516 0.679861 0.053906 0.020833
0 0.567578 0.661111 0.016406 0.016667
0 0.536719 0.555556 0.018750 0.016667
2 0.590234 0.434722 0.024219 0.019444
2 0.589063 0.463194 0.025000 0.018056
0 0.721484 0.254167 0.017969 0.019444
0 0.714063 0.287500 0.010937 0.036111
0 0.715234 0.325000 0.008594 0.030556
0 0.701563 0.422917 0.010937 0.037500
0 0.708594 0.420139 0.012500 0.037500
0 0.728125 0.469444 0.020312 0.019444
0 0.725781 0.484722 0.018750 0.019444
0 0.733594 0.509028 0.012500 0.034722
0 0.725000 0.511111 0.010937 0.036111
0 0.708594 0.509722 0.012500 0.036111
2 0.785547 0.656250 0.030469 0.020833
2 0.740625 0.665972 0.029687 0.020833
2 0.701953 0.669444 0.032031 0.019444
2 0.825000 0.648611 0.029687 0.025000
0 0.976172 0.159722 0.010156 0.025000
0 0.976172 0.597917 0.014844 0.018056
