0 0.508203 0.662500 0.016406 0.013889
0 0.862500 0.259722 0.017188 0.019444
0 0.864453 0.288889 0.017969 0.019444
0 0.866406 0.305556 0.018750 0.019444
0 0.867578 0.423611 0.016406 0.019444
0 0.933594 0.172917 0.015625 0.034722
0 0.941406 0.165972 0.015625 0.037500
0 0.951563 0.158333 0.010937 0.025000
0 0.983594 0.338889 0.015625 0.022222
0 0.952344 0.597222 0.014062 0.013889
0 0.933203 0.608333 0.017969 0.019444
0 0.916406 0.614583 0.015625 0.018056
0 0.889844 0.620833 0.015625 0.019444
0 0.869531 0.627778 0.015625 0.016667
2 0.801953 0.650000 0.028906 0.022222
