2 0.966016 0.585417 0.025781 0.023611
2 0.987891 0.252083 0.022656 0.029167
0 0.984766 0.238194 0.017969 0.023611
2 0.776563 0.648611 0.029687 0.022222
2 0.737891 0.656944 0.032031 0.019444
2 0.693359 0.663889 0.028906 0.019444
2 0.654688 0.668750 0.032812 0.026389
2 0.504687 0.679861 0.054688 0.020833
2 0.453125 0.681944 0.040625 0.019444
0 0.448047 0.663194 0.014844 0.012500
2 0.406250 0.682639 0.043750 0.020833
2 0.319531 0.679167 0.039063 0.022222
2 0.271484 0.673611 0.036719 0.027778
2 0.158203 0.651389 0.055469 0.027778
2 0.179297 0.613194 0.061719 0.029167
0 0.178125 0.490278 0.012500 0.033333
0 0.357812 0.213194 0.018750 0.023611
0 0.486719 0.552778 0.018750 0.013889
2 0.539844 0.434028 0.025000 0.018056
2 0.539063 0.460417 0.026563 0.018056
0 0.673437 0.252083 0.020312 0.018056
0 0.664063 0.286806 0.010937 0.034722
0 0.666016 0.321528 0.010156 0.029167
0 0.651953 0.421528 0.011719 0.034722
0 0.658984 0.418056 0.011719 0.036111
0 0.678906 0.469444 0.020312 0.019444
0 0.676172 0.484722 0.021094 0.019444
0 0.684375 0.507639 0.010937 0.034722
0 0.675000 0.509722 0.012500 0.038889
0 0.658594 0.508333 0.012500 0.036111
