0 0.271094 0.645833 0.017188 0.016667
0 0.823438 0.243056 0.014062 0.016667
0 0.818750 0.636111 0.017188 0.019444
0 0.837109 0.631250 0.017969 0.020833
0 0.842188 0.194444 0.014062 0.033333
0 0.850000 0.187500 0.014062 0.036111
0 0.859766 0.180556 0.010156 0.025000
0 0.917188 0.266667 0.020312 0.027778
0 0.923047 0.293056 0.022656 0.025000
2 0.918750 0.280556 0.023438 0.027778
0 0.887891 0.364583 0.016406 0.020833
2 0.968750 0.583333 0.023438 0.022222
2 0.925000 0.601389 0.032812 0.025000
2 0.892969 0.612500 0.025000 0.022222
0 0.855859 0.622222 0.013281 0.013889
