0 0.021484 0.566667 0.017969 0.019444
2 0.974219 0.575000 0.034375 0.030556
0 0.651172 0.299306 0.017969 0.018056
0 0.653125 0.327778 0.017188 0.016667
0 0.652734 0.344444 0.019531 0.013889
0 0.646875 0.460417 0.017188 0.018056
0 0.727344 0.225694 0.012500 0.034722
0 0.734766 0.219444 0.011719 0.036111
0 0.745313 0.214583 0.010937 0.026389
0 0.798437 0.306944 0.020312 0.022222
2 0.800000 0.319444 0.021875 0.025000
0 0.803516 0.332639 0.021094 0.023611
0 0.766016 0.400000 0.016406 0.019444
2 0.798047 0.639583 0.032031 0.023611
2 0.766406 0.647222 0.025000 0.019444
0 0.729688 0.651389 0.014062 0.013889
0 0.710547 0.659028 0.016406 0.018056
0 0.692578 0.661806 0.013281 0.015278
0 0.666406 0.665278 0.018750 0.013889
0 0.646094 0.668056 0.015625 0.016667
2 0.576172 0.675000 0.027344 0.022222
2 0.535937 0.675000 0.029687 0.019444
2 0.491797 0.673611 0.030469 0.022222
2 0.453516 0.671528 0.032031 0.018056
0 0.481641 0.477083 0.017969 0.015278
0 0.478906 0.489583 0.018750 0.015278
0 0.485547 0.514583 0.008594 0.037500
0 0.476563 0.516667 0.010937 0.036111
0 0.460938 0.510417 0.009375 0.034722
0 0.478125 0.327778 0.009375 0.030556
0 0.478125 0.290278 0.009375 0.033333
0 0.458984 0.422917 0.010156 0.034722
0 0.466797 0.422222 0.011719 0.036111
2 0.303125 0.652778 0.053125 0.025000
2 0.251172 0.647222 0.041406 0.025000
2 0.203906 0.638194 0.042188 0.031944
0 0.286328 0.522917 0.019531 0.018056
2 0.344531 0.414583 0.029687 0.020833
2 0.342187 0.438889 0.029687 0.027778
0 0.174609 0.160417 0.019531 0.026389
