2 0.970703 0.493056 0.019531 0.025000
0 0.920313 0.888889 0.017188 0.030556
2 0.773438 0.584028 0.032812 0.029167
0 0.597266 0.298611 0.021094 0.019444
0 0.545703 0.203472 0.008594 0.023611
0 0.536328 0.209722 0.011719 0.036111
0 0.527344 0.213889 0.009375 0.033333
0 0.600391 0.328472 0.017969 0.020833
0 0.562891 0.391667 0.013281 0.019444
2 0.598047 0.313194 0.022656 0.023611
0 0.450781 0.282639 0.017188 0.012500
0 0.451953 0.308333 0.014844 0.013889
0 0.452734 0.327083 0.016406 0.015278
0 0.443750 0.444444 0.018750 0.013889
0 0.256250 0.478472 0.009375 0.037500
2 0.137109 0.400000 0.035156 0.025000
2 0.139453 0.371528 0.033594 0.020833
2 0.256250 0.390972 0.009375 0.034722
2 0.251563 0.638889 0.031250 0.022222
2 0.291016 0.642361 0.030469 0.020833
2 0.334766 0.647917 0.030469 0.018056
2 0.375781 0.651389 0.029687 0.022222
0 0.446094 0.649306 0.017188 0.015278
0 0.466406 0.647917 0.017188 0.012500
0 0.492969 0.647222 0.014062 0.011111
0 0.509766 0.645833 0.016406 0.013889
0 0.530078 0.640972 0.013281 0.009722
2 0.565234 0.638194 0.024219 0.015278
2 0.596875 0.631944 0.032812 0.019444
2 0.642969 0.625694 0.021875 0.015278
2 0.671875 0.618056 0.020312 0.019444
0 0.749609 0.594444 0.014844 0.016667
