2 0.480859 0.678472 0.030469 0.023611
2 0.517969 0.684722 0.034375 0.022222
2 0.563281 0.690972 0.040625 0.023611
2 0.614453 0.700000 0.039844 0.022222
2 0.656250 0.703472 0.029687 0.018056
2 0.706641 0.704167 0.057031 0.019444
2 0.821875 0.709028 0.035937 0.020833
2 0.870313 0.705556 0.035937 0.022222
0 0.327344 0.518056 0.017188 0.016667
0 0.328516 0.534028 0.019531 0.012500
0 0.606641 0.525000 0.008594 0.030556
0 0.714844 0.540278 0.012500 0.033333
0 0.908594 0.225694 0.018750 0.020833
0 0.480859 0.555556 0.007031 0.022222
0 0.445313 0.520833 0.015625 0.016667
2 0.442969 0.560417 0.023438 0.015278
2 0.419531 0.496528 0.029687 0.015278
