0 0.848437 0.898611 0.017188 0.025000
0 0.880469 0.878472 0.018750 0.029167
0 0.955469 0.778472 0.018750 0.026389
2 0.986328 0.482639 0.019531 0.026389
0 0.207031 0.450694 0.007813 0.034722
0 0.395312 0.426389 0.015625 0.013889
0 0.406250 0.312500 0.017188 0.013889
0 0.406250 0.294444 0.015625 0.011111
0 0.406641 0.267361 0.013281 0.012500
0 0.483594 0.203472 0.010937 0.031944
0 0.492578 0.200694 0.011719 0.037500
0 0.501562 0.195833 0.007813 0.022222
0 0.551172 0.294444 0.019531 0.016667
0 0.553906 0.322222 0.018750 0.019444
0 0.515625 0.384028 0.014062 0.015278
2 0.551953 0.309028 0.021094 0.018056
2 0.201953 0.609028 0.032031 0.020833
2 0.241016 0.617361 0.030469 0.023611
2 0.284375 0.625000 0.031250 0.019444
2 0.325391 0.629861 0.028906 0.020833
0 0.395312 0.633333 0.018750 0.016667
0 0.416016 0.633333 0.017969 0.013889
0 0.442578 0.635417 0.014844 0.012500
0 0.458594 0.634028 0.017188 0.012500
0 0.479297 0.631944 0.013281 0.011111
2 0.515234 0.630556 0.025781 0.019444
2 0.546875 0.627778 0.032812 0.016667
2 0.593750 0.625000 0.023438 0.013889
2 0.621875 0.618056 0.020312 0.016667
0 0.700781 0.600000 0.017188 0.016667
2 0.725391 0.589583 0.033594 0.023611
2 0.859375 0.543056 0.039063 0.033333
0 0.676172 0.606250 0.017969 0.015278
