0 0.699609 0.986111 0.017969 0.025000
0 0.723047 0.932639 0.019531 0.026389
0 0.781641 0.871528 0.017969 0.023611
0 0.799219 0.879861 0.014062 0.020833
0 0.787500 0.931250 0.017188 0.026389
0 0.803516 0.938194 0.017969 0.026389
0 0.806250 0.822222 0.017188 0.025000
0 0.881250 0.790278 0.017188 0.025000
0 0.920313 0.695833 0.014062 0.022222
0 0.949609 0.720833 0.017969 0.025000
0 0.978516 0.668056 0.016406 0.022222
2 0.143750 0.536806 0.029687 0.026389
2 0.187109 0.551389 0.030469 0.025000
2 0.226953 0.565278 0.030469 0.025000
0 0.296094 0.580556 0.017188 0.016667
0 0.316406 0.587500 0.015625 0.016667
0 0.343359 0.593750 0.016406 0.012500
0 0.358984 0.593750 0.017969 0.012500
0 0.379297 0.595139 0.013281 0.012500
0 0.304297 0.375694 0.016406 0.015278
0 0.322266 0.263194 0.017969 0.015278
0 0.322266 0.245139 0.016406 0.012500
0 0.323047 0.216667 0.014844 0.013889
0 0.405469 0.168750 0.007813 0.031944
0 0.413672 0.168056 0.010156 0.036111
0 0.423828 0.164583 0.007031 0.029167
0 0.382031 0.209028 0.014062 0.015278
0 0.466797 0.272917 0.021094 0.015278
0 0.467187 0.300694 0.018750 0.015278
2 0.466016 0.286111 0.021094 0.016667
0 0.426172 0.355556 0.016406 0.016667
0 0.538672 0.182639 0.013281 0.015278
0 0.539453 0.197222 0.014844 0.013889
0 0.539844 0.211111 0.014062 0.013889
0 0.541797 0.223611 0.016406 0.016667
2 0.414844 0.600694 0.026563 0.020833
2 0.446875 0.604167 0.031250 0.019444
2 0.492969 0.608333 0.021875 0.016667
2 0.522656 0.609028 0.021875 0.018056
0 0.601563 0.604167 0.017188 0.011111
2 0.626562 0.600694 0.032812 0.018056
2 0.763672 0.580556 0.038281 0.022222
2 0.830859 0.563194 0.019531 0.018056
0 0.753125 0.440972 0.010937 0.031944
0 0.747656 0.363889 0.009375 0.030556
0 0.769141 0.361806 0.008594 0.029167
0 0.784766 0.359722 0.010156 0.033333
0 0.802734 0.421528 0.010156 0.031944
0 0.795313 0.425694 0.010937 0.031944
0 0.787109 0.434028 0.011719 0.029167
