0 0.930078 0.625694 0.017969 0.023611
0 0.948828 0.647222 0.017969 0.025000
0 0.875781 0.713889 0.018750 0.025000
0 0.891016 0.756944 0.017969 0.027778
0 0.882813 0.784028 0.017188 0.029167
0 0.790234 0.815972 0.017969 0.023611
0 0.718359 0.861806 0.016406 0.023611
0 0.672266 0.877778 0.011719 0.016667
0 0.695703 0.904167 0.016406 0.022222
0 0.617969 0.972917 0.018750 0.026389
0 0.988672 0.491667 0.019531 0.022222
2 0.113672 0.500000 0.032031 0.027778
2 0.071484 0.479167 0.030469 0.027778
2 0.033594 0.460417 0.032812 0.029167
2 0.153906 0.517361 0.029687 0.026389
