0 0.803516 0.338889 0.021094 0.022222
0 0.810938 0.558333 0.020312 0.016667
2 0.837500 0.550000 0.023438 0.019444
0 0.908984 0.528472 0.017969 0.029167
0 0.939844 0.511111 0.015625 0.022222
0 0.962500 0.601389 0.017188 0.025000
0 0.968750 0.648611 0.018750 0.025000
0 0.946094 0.686806 0.018750 0.026389
0 0.892187 0.683333 0.017188 0.025000
0 0.782422 0.777778 0.017969 0.025000
0 0.787891 0.751389 0.019531 0.025000
0 0.748828 0.752778 0.017969 0.025000
0 0.708594 0.821528 0.015625 0.023611
0 0.656641 0.973611 0.017969 0.025000
0 0.626562 0.970139 0.014062 0.020833
0 0.607031 0.925694 0.018750 0.026389
0 0.537500 0.965278 0.017188 0.022222
0 0.496484 0.972222 0.014844 0.019444
2 0.350000 0.243750 0.020312 0.018056
