0 0.028125 0.867361 0.018750 0.015278
0 0.128906 0.824306 0.017188 0.020833
0 0.138281 0.861111 0.017188 0.019444
0 0.133984 0.904861 0.019531 0.018056
0 0.143359 0.924306 0.019531 0.018056
0 0.182422 0.893056 0.019531 0.019444
0 0.203516 0.907639 0.019531 0.018056
0 0.225000 0.825000 0.018750 0.016667
0 0.231641 0.847222 0.017969 0.016667
0 0.280469 0.889583 0.017188 0.020833
0 0.311719 0.806250 0.020312 0.018056
0 0.347656 0.872222 0.017188 0.013889
0 0.363281 0.814583 0.018750 0.015278
0 0.390625 0.866667 0.018750 0.016667
0 0.432813 0.850694 0.018750 0.018056
0 0.434375 0.829167 0.018750 0.019444
0 0.444922 0.775000 0.017969 0.013889
0 0.486719 0.784722 0.017188 0.016667
0 0.545703 0.759722 0.017969 0.016667
0 0.566406 0.797222 0.015625 0.016667
0 0.694531 0.714583 0.021875 0.018056
0 0.713281 0.758333 0.017188 0.016667
0 0.788672 0.693750 0.017969 0.015278
0 0.876172 0.734028 0.014844 0.015278
0 0.907812 0.760417 0.017188 0.018056
0 0.921484 0.679167 0.017969 0.019444
0 0.979297 0.606944 0.019531 0.019444
0 0.702734 0.625694 0.017969 0.018056
0 0.669922 0.622917 0.017969 0.026389
2 0.598437 0.603472 0.023438 0.020833
0 0.571484 0.598611 0.017969 0.019444
0 0.511328 0.360417 0.010156 0.034722
0 0.457812 0.329167 0.012500 0.033333
0 0.424219 0.307639 0.010937 0.031944
0 0.442187 0.320833 0.012500 0.030556
0 0.460938 0.402083 0.012500 0.034722
0 0.452344 0.397917 0.010937 0.034722
0 0.442969 0.402778 0.010937 0.033333
0 0.410937 0.384028 0.012500 0.031944
2 0.530078 0.584722 0.021094 0.019444
2 0.467969 0.560417 0.021875 0.023611
2 0.401563 0.527083 0.040625 0.037500
2 0.271875 0.447222 0.034375 0.033333
0 0.248828 0.435417 0.017969 0.020833
2 0.174219 0.381944 0.025000 0.027778
2 0.105078 0.325000 0.033594 0.041667
2 0.074219 0.296528 0.029687 0.031944
0 0.045703 0.268056 0.016406 0.025000
0 0.026953 0.251389 0.019531 0.027778
0 0.011719 0.238194 0.017188 0.023611
0 0.578125 0.365972 0.017188 0.015278
0 0.265234 0.015972 0.016406 0.020833
0 0.263672 0.031250 0.017969 0.023611
