0 0.990234 0.838194 0.016406 0.018056
0 0.975781 0.810417 0.015625 0.015278
0 0.825000 0.788194 0.017188 0.018056
0 0.788281 0.742361 0.015625 0.015278
0 0.011719 0.688889 0.020312 0.019444
0 0.064453 0.718056 0.017969 0.016667
0 0.075391 0.921528 0.017969 0.023611
0 0.077734 0.947222 0.016406 0.019444
0 0.138281 0.968750 0.018750 0.020833
0 0.203906 0.958333 0.017188 0.022222
0 0.215625 0.787500 0.021875 0.016667
0 0.190625 0.727778 0.018750 0.016667
0 0.148828 0.706250 0.017969 0.018056
0 0.227734 0.707639 0.017969 0.018056
0 0.244922 0.766667 0.019531 0.016667
0 0.272656 0.786806 0.018750 0.015278
0 0.305078 0.768056 0.017969 0.016667
0 0.392188 0.719444 0.018750 0.016667
0 0.404687 0.790972 0.018750 0.018056
0 0.339063 0.789583 0.018750 0.015278
0 0.459375 0.793750 0.018750 0.015278
0 0.504297 0.793750 0.017969 0.015278
0 0.474219 0.725694 0.017188 0.018056
0 0.544141 0.776389 0.019531 0.013889
0 0.634375 0.754861 0.018750 0.015278
0 0.676172 0.782639 0.017969 0.015278
0 0.727734 0.706250 0.017969 0.015278
0 0.591016 0.637500 0.019531 0.025000
