0 0.130469 0.947222 0.017188 0.022222
0 0.044922 0.753472 0.021094 0.015278
0 0.122266 0.678472 0.017969 0.012500
2 0.044141 0.920139 0.032031 0.037500
0 0.114453 0.777778 0.021094 0.016667
0 0.194141 0.684722 0.017969 0.013889
0 0.319141 0.772917 0.017969 0.015278
0 0.372656 0.773611 0.017188 0.011111
0 0.376563 0.726389 0.017188 0.013889
0 0.397656 0.755556 0.017188 0.013889
0 0.437891 0.777083 0.019531 0.015278
0 0.466406 0.761111 0.017188 0.016667
0 0.496094 0.686111 0.017188 0.013889
0 0.506250 0.781944 0.017188 0.013889
0 0.521875 0.720139 0.015625 0.015278
0 0.564844 0.786806 0.018750 0.015278
0 0.617188 0.789583 0.017188 0.015278
0 0.683984 0.775694 0.017969 0.015278
0 0.820313 0.788194 0.017188 0.015278
0 0.907422 0.766667 0.017969 0.013889
0 0.976563 0.795833 0.018750 0.013889
0 0.981250 0.307639 0.020312 0.015278
0 0.141406 0.302083 0.017188 0.023611
2 0.162891 0.322917 0.033594 0.045833
2 0.282813 0.440278 0.040625 0.047222
0 0.301172 0.302083 0.014844 0.029167
0 0.321875 0.231250 0.015625 0.031944
0 0.339063 0.248611 0.014062 0.030556
0 0.352734 0.263889 0.014844 0.033333
0 0.332031 0.329861 0.014062 0.034722
0 0.340625 0.329167 0.014062 0.030556
0 0.348047 0.336806 0.014844 0.031944
0 0.402734 0.312500 0.013281 0.033333
2 0.344141 0.496528 0.024219 0.029167
2 0.402344 0.542361 0.023438 0.031944
0 0.443359 0.570139 0.017969 0.026389
2 0.468359 0.582639 0.022656 0.026389
0 0.535937 0.626389 0.020312 0.022222
0 0.567187 0.636111 0.017188 0.016667
