0 0.966797 0.791667 0.017969 0.016667
0 0.899219 0.750000 0.021875 0.016667
0 0.814062 0.786806 0.018750 0.015278
0 0.815625 0.747917 0.018750 0.015278
0 0.766016 0.756944 0.017969 0.013889
0 0.727734 0.800000 0.017969 0.016667
0 0.662891 0.791667 0.017969 0.016667
0 0.627344 0.743750 0.018750 0.012500
0 0.620313 0.772917 0.017188 0.015278
0 0.600781 0.787500 0.017188 0.013889
0 0.542969 0.764583 0.018750 0.015278
0 0.528906 0.781944 0.018750 0.016667
0 0.469531 0.765972 0.017188 0.012500
0 0.413672 0.774306 0.017969 0.015278
0 0.250391 0.665278 0.017969 0.013889
0 0.244922 0.692361 0.016406 0.015278
0 0.230859 0.786111 0.021094 0.016667
0 0.164844 0.755556 0.020312 0.013889
0 0.107813 0.697917 0.018750 0.015278
0 0.098047 0.772917 0.019531 0.015278
0 0.063672 0.726389 0.017969 0.013889
0 0.017188 0.745833 0.018750 0.016667
0 0.030469 0.882639 0.017188 0.023611
0 0.978125 0.395833 0.007813 0.033333
0 0.987500 0.393750 0.009375 0.031944
2 0.102344 0.313889 0.032812 0.047222
0 0.080469 0.290972 0.017188 0.020833
2 0.011719 0.213889 0.023438 0.033333
