0 0.117188 0.988194 0.017188 0.023611
0 0.046094 0.722917 0.020312 0.015278
2 0.037891 0.765972 0.038281 0.023611
0 0.021875 0.979861 0.015625 0.020833
0 0.076563 0.740972 0.017188 0.018056
0 0.091016 0.723611 0.019531 0.016667
0 0.150000 0.731250 0.018750 0.015278
0 0.147656 0.750694 0.017188 0.018056
0 0.207031 0.781250 0.017188 0.015278
0 0.279297 0.761111 0.019531 0.016667
0 0.341406 0.795833 0.020312 0.013889
0 0.346094 0.716667 0.017188 0.013889
0 0.486328 0.731250 0.017969 0.015278
0 0.507031 0.715972 0.017188 0.015278
0 0.518750 0.777083 0.018750 0.015278
0 0.578125 0.765972 0.017188 0.012500
0 0.619922 0.787500 0.019531 0.016667
0 0.688281 0.776389 0.018750 0.019444
0 0.694141 0.795833 0.017969 0.013889
0 0.638672 0.729861 0.021094 0.015278
0 0.764844 0.802778 0.018750 0.013889
0 0.776172 0.781944 0.017969 0.013889
0 0.838281 0.804861 0.017188 0.015278
0 0.948828 0.783333 0.019531 0.013889
0 0.848437 0.300694 0.020312 0.015278
0 0.822656 0.352083 0.018750 0.018056
0 0.439063 0.621528 0.017188 0.020833
0 0.408594 0.611111 0.017188 0.022222
2 0.339844 0.566667 0.023438 0.025000
0 0.314844 0.551389 0.020312 0.025000
2 0.274609 0.524306 0.022656 0.029167
2 0.216797 0.480556 0.022656 0.025000
2 0.154297 0.422917 0.041406 0.045833
0 0.168359 0.284722 0.013281 0.030556
0 0.189844 0.215278 0.012500 0.030556
0 0.207422 0.232639 0.014844 0.029167
0 0.221875 0.247222 0.012500 0.030556
0 0.270312 0.297222 0.014062 0.033333
0 0.199609 0.314583 0.013281 0.031944
0 0.208594 0.311806 0.014062 0.031944
0 0.214453 0.319444 0.013281 0.030556
