0 0.125000 0.013426 0.010937 0.025926
0 0.135156 0.009722 0.009896 0.018519
0 0.136719 0.055093 0.019792 0.012037
0 0.253516 0.062500 0.019531 0.011111
0 0.309245 0.013426 0.008594 0.024074
0 0.345833 0.006250 0.006771 0.011574
2 0.599089 0.068519 0.019531 0.012963
0 0.631120 0.080093 0.014323 0.013889
2 0.612370 0.104630 0.017969 0.012037
2 0.640495 0.106019 0.017448 0.013889
0 0.637109 0.008796 0.007031 0.014815
0 0.645052 0.006944 0.006771 0.012963
0 0.693099 0.087037 0.017969 0.015741
0 0.729167 0.012963 0.008333 0.025000
0 0.736719 0.012963 0.008333 0.020370
0 0.724740 0.087963 0.016667 0.014815
0 0.696484 0.106481 0.016927 0.010185
0 0.976823 0.121991 0.013021 0.028241
0 0.948177 0.199074 0.013021 0.030556
0 0.875521 0.342361 0.012500 0.023611
0 0.862630 0.387731 0.014323 0.028241
0 0.903255 0.349769 0.011719 0.033796
0 0.801042 0.376157 0.008333 0.027315
0 0.015625 0.353704 0.008854 0.031481
0 0.020833 0.504167 0.018750 0.012963
0 0.040755 0.488657 0.019010 0.015278
0 0.040234 0.528935 0.020052 0.015278
0 0.022917 0.547685 0.018229 0.010185
0 0.064844 0.492361 0.018229 0.010648
0 0.076432 0.511343 0.019010 0.012500
0 0.089323 0.493056 0.020833 0.016667
0 0.100521 0.516204 0.017708 0.011111
0 0.089323 0.531481 0.017188 0.012963
2 0.119922 0.494676 0.023177 0.013426
0 0.127604 0.517593 0.019271 0.012963
0 0.145182 0.499306 0.018490 0.014352
0 0.154688 0.521065 0.017708 0.016204
0 0.169271 0.503472 0.016667 0.015278
0 0.181510 0.521991 0.019792 0.013426
0 0.190885 0.507870 0.016146 0.012037
0 0.207552 0.526620 0.018750 0.013426
0 0.214844 0.511574 0.017188 0.012037
0 0.239844 0.514120 0.017708 0.013426
3 0.228776 0.532176 0.007552 0.007870
1 0.196354 0.571991 0.042708 0.018981
0 0.226693 0.551620 0.019010 0.009722
0 0.249870 0.533333 0.013281 0.012037
0 0.266276 0.514583 0.019010 0.013426
0 0.245052 0.487963 0.016667 0.010185
0 0.290104 0.515741 0.017708 0.014815
0 0.295833 0.540509 0.018229 0.013426
0 0.303906 0.559722 0.018750 0.012963
0 0.287109 0.578241 0.016927 0.014815
0 0.258594 0.574306 0.019271 0.013426
2 0.233854 0.577083 0.019792 0.013426
0 0.318229 0.521991 0.013542 0.009722
0 0.319141 0.542593 0.016406 0.012963
0 0.316406 0.581481 0.018229 0.014815
2 0.348307 0.526620 0.020573 0.011574
0 0.353385 0.548148 0.018750 0.011111
0 0.334245 0.565972 0.016927 0.012500
0 0.343880 0.584259 0.014323 0.011111
0 0.371875 0.570139 0.013542 0.013426
0 0.369141 0.589120 0.020052 0.013426
0 0.382161 0.531019 0.017448 0.014815
0 0.402865 0.553009 0.018750 0.010648
0 0.417448 0.535417 0.015104 0.010648
0 0.431641 0.557407 0.015885 0.012037
0 0.420964 0.576852 0.016927 0.012037
0 0.421224 0.594444 0.016406 0.011111
0 0.453776 0.540741 0.019531 0.014815
0 0.474870 0.562963 0.014844 0.013889
0 0.479818 0.584259 0.015885 0.012037
2 0.485417 0.606019 0.018750 0.014815
0 0.518229 0.549074 0.019271 0.013889
0 0.517318 0.569444 0.017448 0.013889
0 0.537630 0.590509 0.018490 0.014352
0 0.560026 0.574769 0.017969 0.012500
0 0.567448 0.555324 0.015625 0.014352
0 0.606250 0.537963 0.012500 0.011111
0 0.607161 0.512731 0.019010 0.012500
0 0.630469 0.565972 0.017188 0.012500
0 0.608203 0.580787 0.015885 0.015278
0 0.591146 0.595602 0.016667 0.012500
0 0.632031 0.600926 0.017708 0.012037
0 0.579427 0.643056 0.018229 0.015741
1 0.628255 0.624769 0.041927 0.020833
0 0.707943 0.573380 0.016406 0.016204
1 0.056901 0.556019 0.044010 0.021296
1 0.175391 0.655556 0.027865 0.014815
0 0.184375 0.675463 0.015625 0.010185
2 0.094401 0.684028 0.010677 0.029167
0 0.084766 0.682639 0.007552 0.029167
0 0.075911 0.683796 0.006510 0.027778
0 0.066667 0.684954 0.007292 0.031019
0 0.058203 0.685417 0.007552 0.029167
0 0.031380 0.678241 0.008594 0.027778
0 0.017318 0.676852 0.007552 0.030556
0 0.007161 0.677083 0.008594 0.028241
0 0.003255 0.607407 0.005990 0.025926
0 0.012109 0.611343 0.008594 0.031019
0 0.030990 0.615278 0.008333 0.027778
0 0.038932 0.615046 0.006510 0.022685
0 0.048828 0.614815 0.007552 0.028704
0 0.058203 0.615741 0.007552 0.028704
0 0.067187 0.614583 0.006771 0.022685
0 0.210156 0.621991 0.019271 0.016204
0 0.268229 0.700463 0.008333 0.029630
0 0.270052 0.737269 0.007292 0.028241
0 0.305990 0.776620 0.017188 0.018056
0 0.265365 0.668287 0.008333 0.028241
1 0.286198 0.475463 0.042708 0.021296
1 0.409635 0.456944 0.041146 0.020370
2 0.469531 0.500000 0.024479 0.014815
0 0.527344 0.491667 0.017708 0.013889
0 0.034766 0.971528 0.019010 0.018056
0 0.057292 0.960880 0.017708 0.017130
0 0.100130 0.940741 0.020052 0.022222
0 0.206641 0.896065 0.017448 0.016204
0 0.245052 0.850463 0.020313 0.016667
0 0.260026 0.866667 0.013281 0.015741
2 0.290885 0.834722 0.021354 0.022222
0 0.392318 0.805324 0.015365 0.018056
0 0.459115 0.754861 0.016667 0.018056
0 0.516797 0.727778 0.012760 0.015741
0 0.557813 0.704861 0.015625 0.016204
0 0.598958 0.690278 0.015625 0.013889
0 0.721615 0.673611 0.016146 0.013889
1 0.711849 0.636574 0.026823 0.019444
0 0.704427 0.614352 0.011458 0.013889
0 0.703516 0.592824 0.008073 0.010648
0 0.742318 0.618750 0.015885 0.012500
3 0.710417 0.505556 0.008854 0.005556
3 0.787891 0.502546 0.007552 0.006019
0 0.764714 0.525231 0.017448 0.009722
0 0.741927 0.548843 0.013542 0.010648
0 0.769141 0.578704 0.015365 0.014815
0 0.772917 0.601389 0.017708 0.012037
0 0.771615 0.644907 0.017188 0.011111
0 0.809505 0.623611 0.017448 0.012037
2 0.778906 0.677778 0.017708 0.012037
0 0.826432 0.517130 0.017448 0.015741
0 0.828385 0.537500 0.016667 0.014815
0 0.842708 0.583333 0.017708 0.012963
0 0.847005 0.644444 0.018490 0.014815
0 0.861328 0.625694 0.014844 0.011574
0 0.871745 0.605093 0.013281 0.010185
0 0.884245 0.526852 0.019531 0.015741
0 0.893880 0.504398 0.014844 0.012500
0 0.695052 0.981019 0.013021 0.026852
3 0.651302 0.853704 0.006771 0.010185
3 0.655208 0.860648 0.006771 0.006481
3 0.657552 0.869907 0.006771 0.007407
3 0.654948 0.884028 0.006250 0.011574
0 0.734375 0.868287 0.012500 0.029167
0 0.737891 0.818519 0.013802 0.032407
0 0.744010 0.842824 0.011458 0.021759
0 0.759115 0.801620 0.015104 0.031944
0 0.737891 0.783333 0.013802 0.029630
2 0.752604 0.740278 0.014063 0.032407
2 0.752995 0.776157 0.014323 0.032870
2 0.767318 0.733565 0.013281 0.032870
0 0.782422 0.725694 0.012240 0.032870
0 0.769141 0.764352 0.013281 0.028704
0 0.909505 0.640741 0.016927 0.013889
0 0.961589 0.641204 0.014844 0.012963
0 0.932292 0.720602 0.018750 0.016204
0 0.957812 0.713426 0.017708 0.016667
0 0.979427 0.703241 0.019271 0.014815
0 0.981901 0.590278 0.016927 0.013889
0 0.932161 0.614352 0.017969 0.012963
0 0.931901 0.578241 0.016927 0.011111
0 0.925260 0.556944 0.018229 0.014815
0 0.922786 0.519444 0.019531 0.012037
0 0.922917 0.539815 0.020313 0.010185
0 0.949349 0.532870 0.021094 0.014815
0 0.980990 0.529861 0.019271 0.015278
0 0.994271 0.508333 0.011458 0.012963
2 0.948307 0.496991 0.023698 0.011574
0 0.710156 0.932176 0.010937 0.020833
0 0.724479 0.940509 0.009375 0.016204
0 0.267188 0.536574 0.016667 0.013889
0 0.468359 0.004861 0.014323 0.008796
1 0.026562 0.716667 0.029687 0.031481
1 0.006120 0.704861 0.011719 0.014352
