0 0.292578 0.233796 0.016927 0.012963
0 0.291016 0.277546 0.017969 0.014352
0 0.661328 0.040509 0.017448 0.013426
0 0.717578 0.013194 0.014323 0.016204
0 0.735677 0.007407 0.016146 0.012963
0 0.666016 0.074074 0.008594 0.033333
0 0.673568 0.073148 0.007552 0.032407
0 0.682031 0.068981 0.007812 0.029630
0 0.690885 0.065278 0.007812 0.030556
0 0.706771 0.061574 0.008854 0.030556
0 0.715495 0.057407 0.008073 0.029630
0 0.673177 0.139815 0.007812 0.028704
0 0.694271 0.146759 0.009896 0.030556
0 0.703255 0.126620 0.009115 0.031019
0 0.720833 0.121065 0.008333 0.033796
0 0.714453 0.164120 0.007552 0.035648
0 0.723307 0.158333 0.010156 0.032407
0 0.725781 0.211806 0.016146 0.011574
0 0.893490 0.018981 0.007812 0.032407
0 0.893099 0.061574 0.007552 0.032407
2 0.892708 0.107870 0.009375 0.033333
0 0.847526 0.214815 0.013281 0.010185
0 0.900391 0.158796 0.008073 0.028704
0 0.938802 0.143056 0.007292 0.025926
0 0.956771 0.115972 0.006771 0.020833
0 0.290625 0.304861 0.019271 0.016204
0 0.291016 0.336343 0.019010 0.011574
0 0.327604 0.231944 0.008333 0.028704
0 0.344792 0.233333 0.009375 0.027778
0 0.359245 0.233102 0.008073 0.026389
0 0.377865 0.235648 0.011979 0.030556
0 0.393359 0.234259 0.007552 0.027778
0 0.401042 0.233796 0.006771 0.020370
2 0.409635 0.234259 0.009375 0.033333
0 0.425781 0.237731 0.007812 0.031019
0 0.434245 0.235880 0.006510 0.029167
0 0.450391 0.239352 0.007031 0.030556
0 0.458073 0.237731 0.007812 0.029167
0 0.467057 0.239352 0.008073 0.032407
0 0.475391 0.237500 0.005469 0.028704
0 0.482812 0.240972 0.007292 0.026389
0 0.492057 0.238657 0.009635 0.031019
0 0.500000 0.241204 0.009375 0.032407
0 0.508203 0.241667 0.009115 0.031481
0 0.544922 0.242361 0.008073 0.029167
0 0.343490 0.300694 0.008333 0.031019
0 0.343099 0.334722 0.008073 0.025926
0 0.360417 0.335185 0.008333 0.032407
0 0.376563 0.304861 0.008333 0.030093
0 0.400651 0.336343 0.008073 0.021759
0 0.416797 0.305787 0.005990 0.024537
0 0.417057 0.338657 0.008594 0.027315
0 0.432943 0.306250 0.007031 0.026389
0 0.433073 0.336343 0.008854 0.026389
0 0.440234 0.304398 0.005990 0.026389
0 0.448177 0.307407 0.005729 0.023148
0 0.448828 0.339120 0.008073 0.026389
0 0.457161 0.339583 0.006510 0.022685
0 0.457031 0.307639 0.007812 0.032870
0 0.465625 0.306944 0.007292 0.026852
0 0.474740 0.306944 0.007292 0.031481
0 0.475651 0.342824 0.005990 0.025463
0 0.513151 0.312963 0.008073 0.028704
0 0.522005 0.314815 0.008073 0.029630
0 0.532943 0.315046 0.008073 0.031019
0 0.504818 0.345139 0.005469 0.018981
0 0.513542 0.347685 0.009375 0.030556
0 0.537370 0.348843 0.007552 0.028241
0 0.545312 0.349074 0.007292 0.033333
0 0.555078 0.347222 0.007031 0.030556
0 0.290365 0.439815 0.014063 0.012037
0 0.290625 0.500000 0.009375 0.034259
0 0.314974 0.498611 0.009115 0.032407
0 0.330990 0.500926 0.009896 0.032407
0 0.342578 0.437963 0.008073 0.025000
0 0.355599 0.502083 0.008594 0.031944
0 0.372266 0.504167 0.008594 0.032407
0 0.424609 0.442361 0.006510 0.026389
0 0.387891 0.505093 0.006510 0.025926
0 0.405469 0.505787 0.007812 0.030093
0 0.421615 0.507176 0.007812 0.028241
0 0.437370 0.507870 0.007552 0.029630
0 0.454036 0.508796 0.007031 0.030556
0 0.470182 0.510880 0.006510 0.026389
0 0.473958 0.443287 0.006250 0.018981
0 0.502995 0.446991 0.006510 0.023611
0 0.512500 0.446528 0.007292 0.023611
0 0.528385 0.447222 0.007812 0.022222
0 0.536328 0.449769 0.007552 0.025463
0 0.544531 0.448380 0.006250 0.030093
0 0.560286 0.449537 0.005469 0.020370
0 0.568880 0.451389 0.008073 0.030556
0 0.579167 0.455093 0.007812 0.023148
0 0.486458 0.511343 0.006771 0.026389
0 0.502474 0.511574 0.006510 0.029630
0 0.511589 0.509954 0.009115 0.025463
0 0.535807 0.512269 0.007552 0.032870
0 0.543620 0.513426 0.008073 0.024074
0 0.569922 0.515972 0.009115 0.025463
0 0.604948 0.516898 0.007812 0.031019
2 0.393750 0.765972 0.008333 0.037500
0 0.391276 0.826157 0.006510 0.022685
2 0.440885 0.837269 0.006250 0.030093
2 0.372917 0.763657 0.003646 0.031019
0 0.405729 0.767824 0.006250 0.029167
0 0.400781 0.831481 0.006771 0.025000
0 0.411458 0.831019 0.007292 0.025926
0 0.422396 0.835880 0.007292 0.031019
0 0.432161 0.837037 0.008073 0.029630
0 0.449349 0.842130 0.005990 0.020370
0 0.457682 0.837269 0.007552 0.028241
0 0.465755 0.834954 0.005990 0.022685
0 0.472266 0.838889 0.007552 0.030556
0 0.480599 0.840741 0.006510 0.024074
0 0.490234 0.838426 0.007031 0.033333
0 0.483984 0.811343 0.014323 0.012500
0 0.499609 0.838426 0.007031 0.032407
0 0.507943 0.837731 0.008594 0.032870
0 0.517057 0.840046 0.007552 0.029167
0 0.528255 0.839815 0.007031 0.027778
0 0.537240 0.838657 0.006250 0.028241
0 0.547526 0.840741 0.006510 0.030556
0 0.555859 0.840509 0.005990 0.024537
0 0.563542 0.840278 0.006771 0.031481
0 0.572135 0.840972 0.006771 0.027315
0 0.582031 0.841667 0.007812 0.028704
0 0.589714 0.841667 0.008073 0.032407
0 0.597526 0.842130 0.008073 0.030556
0 0.608333 0.842130 0.007812 0.031481
0 0.623437 0.843750 0.007292 0.027315
0 0.415885 0.769213 0.006250 0.030093
0 0.425911 0.767361 0.007031 0.031944
0 0.435547 0.767361 0.008073 0.030093
0 0.446354 0.769444 0.006771 0.031481
0 0.455078 0.768056 0.007552 0.029630
0 0.463281 0.770602 0.006250 0.027315
0 0.472005 0.770602 0.007031 0.028241
0 0.482943 0.769907 0.007031 0.028704
0 0.491536 0.769676 0.008073 0.031019
0 0.501042 0.769444 0.007292 0.026852
0 0.511198 0.767361 0.007292 0.028241
0 0.519922 0.770370 0.007552 0.030556
0 0.529167 0.770833 0.008333 0.029630
0 0.537891 0.770139 0.008594 0.030093
0 0.546354 0.772917 0.007812 0.026389
0 0.555599 0.773148 0.008594 0.032407
0 0.564453 0.771065 0.007552 0.032870
0 0.572526 0.775463 0.007552 0.030556
0 0.582292 0.774074 0.007812 0.027778
0 0.536198 0.808333 0.017708 0.015741
0 0.593880 0.771759 0.007552 0.026852
0 0.603776 0.777315 0.008073 0.030556
0 0.623047 0.778241 0.008073 0.023148
0 0.632422 0.777546 0.008073 0.024537
0 0.642188 0.775694 0.007292 0.033796
0 0.651302 0.777778 0.008333 0.032407
0 0.659766 0.776620 0.008073 0.025463
0 0.669922 0.779167 0.006510 0.024074
0 0.679688 0.781481 0.007812 0.028704
0 0.650911 0.848611 0.006510 0.029630
0 0.659635 0.847222 0.006250 0.031481
0 0.668620 0.846991 0.006510 0.031019
0 0.678125 0.845370 0.007812 0.031481
2 0.688802 0.846991 0.007292 0.032870
1 0.559245 0.871991 0.024740 0.014352
1 0.592708 0.872454 0.024479 0.014352
1 0.620313 0.882639 0.023958 0.025463
1 0.640885 0.917361 0.017188 0.043056
0 0.074479 0.566898 0.013021 0.010648
0 0.188411 0.599769 0.014844 0.009722
0 0.115365 0.840509 0.008854 0.032870
0 0.124609 0.850000 0.008594 0.031481
0 0.122917 0.880324 0.009896 0.025463
0 0.141276 0.879630 0.008594 0.028704
0 0.151432 0.883565 0.008594 0.023611
0 0.296354 0.765509 0.007292 0.029167
0 0.317057 0.885880 0.008594 0.029167
0 0.308203 0.890278 0.010156 0.030556
0 0.308854 0.921759 0.013542 0.013889
0 0.300521 0.938426 0.017188 0.014815
2 0.300130 0.957639 0.021094 0.018056
2 0.303516 0.971296 0.026823 0.026852
0 0.353125 0.905093 0.014583 0.014815
0 0.351562 0.920139 0.015104 0.013426
0 0.351693 0.937037 0.015885 0.012037
0 0.271615 0.587500 0.016667 0.012037
0 0.340495 0.588657 0.016927 0.015278
0 0.388021 0.678241 0.017188 0.016667
0 0.422135 0.613657 0.017188 0.013426
0 0.515104 0.591204 0.016667 0.013889
0 0.515495 0.621296 0.017448 0.015741
0 0.523698 0.662037 0.017188 0.014815
0 0.469010 0.703472 0.017188 0.012500
0 0.497135 0.705787 0.018229 0.014352
0 0.533984 0.708796 0.016406 0.011111
0 0.563672 0.666667 0.017448 0.012037
2 0.460807 0.598148 0.020052 0.012963
0 0.580208 0.622917 0.018750 0.012500
0 0.608854 0.667824 0.017188 0.014352
0 0.566536 0.708333 0.018490 0.012963
0 0.608464 0.715046 0.016406 0.011574
0 0.652734 0.715278 0.017969 0.011111
0 0.656250 0.670602 0.014063 0.014352
0 0.676562 0.694907 0.017188 0.013889
0 0.679427 0.631019 0.017708 0.015741
0 0.631380 0.559954 0.010156 0.024537
0 0.730859 0.636343 0.014323 0.013426
0 0.733724 0.680556 0.018490 0.015741
1 0.716146 0.721528 0.039062 0.016204
0 0.753906 0.661343 0.017188 0.015278
0 0.755078 0.617361 0.016406 0.012500
0 0.784245 0.639583 0.019531 0.013426
0 0.804427 0.622917 0.019271 0.016204
0 0.816016 0.667130 0.018490 0.012963
0 0.801693 0.685185 0.017969 0.012963
0 0.802995 0.778241 0.019010 0.013889
0 0.871615 0.672917 0.018750 0.014352
0 0.892839 0.693981 0.017448 0.012037
1 0.986328 0.604167 0.024219 0.017593
0 0.985026 0.638426 0.021094 0.015741
1 0.983333 0.700694 0.018229 0.014352
2 0.981771 0.721296 0.019792 0.013889
0 0.984766 0.742130 0.019010 0.013889
0 0.859245 0.822917 0.009115 0.028241
0 0.861849 0.858102 0.008594 0.027315
0 0.864193 0.892361 0.008594 0.029167
0 0.775651 0.834028 0.017969 0.014352
0 0.900130 0.930556 0.015885 0.021296
0 0.988411 0.956019 0.016406 0.021296
1 0.770703 0.815972 0.025781 0.017130
2 0.447526 0.885880 0.017448 0.014352
2 0.084375 0.727546 0.020313 0.014352
