0 0.880859 0.470139 0.015885 0.016204
0 0.863281 0.480324 0.017708 0.018056
0 0.862500 0.512731 0.013542 0.016204
0 0.867188 0.597685 0.010417 0.028704
0 0.879427 0.553935 0.010417 0.011574
0 0.996745 0.471528 0.006510 0.016204
0 0.871615 0.628009 0.009896 0.027315
0 0.937760 0.665741 0.012500 0.015741
0 0.910156 0.684028 0.016667 0.018056
0 0.840234 0.694444 0.019010 0.011111
0 0.817057 0.696296 0.017448 0.012963
2 0.791146 0.695602 0.017708 0.013426
0 0.789974 0.804630 0.013281 0.012037
0 0.773438 0.777083 0.016667 0.013426
0 0.762891 0.711111 0.014844 0.012963
0 0.962891 0.841435 0.011719 0.014352
0 0.979167 0.850463 0.014063 0.016667
0 0.982422 0.862963 0.014844 0.019444
0 0.933073 0.893981 0.019271 0.023148
0 0.903906 0.842361 0.010937 0.028241
0 0.913802 0.952083 0.009375 0.027315
0 0.923568 0.991204 0.010156 0.017593
0 0.908073 0.977315 0.007812 0.014815
0 0.910807 0.991898 0.010677 0.016204
0 0.780599 0.993056 0.010677 0.013889
3 0.740104 0.791667 0.004167 0.014815
2 0.733854 0.503704 0.012500 0.031481
0 0.727214 0.408565 0.007031 0.028241
0 0.801042 0.292130 0.016667 0.015741
0 0.802344 0.309259 0.016667 0.015741
0 0.804688 0.321296 0.016667 0.015741
0 0.806510 0.336111 0.016667 0.015741
0 0.809896 0.364352 0.019271 0.016667
0 0.812630 0.377546 0.017969 0.014352
0 0.778516 0.392593 0.017448 0.018519
0 0.774089 0.362500 0.015365 0.018519
0 0.765234 0.308333 0.015365 0.015741
0 0.762240 0.348148 0.019792 0.015741
0 0.753906 0.385185 0.019792 0.014815
0 0.756641 0.402315 0.018490 0.016667
0 0.677865 0.237269 0.016146 0.024537
0 0.647266 0.251852 0.016406 0.011111
0 0.837240 0.385880 0.009375 0.019907
0 0.819531 0.290046 0.009375 0.029167
0 0.640495 0.023843 0.012240 0.009722
0 0.639974 0.039815 0.016927 0.011111
0 0.639974 0.082870 0.016927 0.011111
0 0.640234 0.097685 0.016927 0.011111
0 0.641797 0.114815 0.016927 0.011111
0 0.659505 0.072222 0.016927 0.011111
0 0.659505 0.053241 0.016927 0.011111
0 0.658854 0.037500 0.016146 0.012963
0 0.698958 0.011111 0.018229 0.013889
0 0.700781 0.026389 0.018229 0.013889
0 0.701042 0.088889 0.018229 0.013889
0 0.546745 0.003241 0.015885 0.005556
0 0.584375 0.025926 0.016146 0.012037
0 0.584375 0.042593 0.016146 0.012037
0 0.584896 0.070833 0.016146 0.012037
0 0.584896 0.085648 0.016146 0.012037
0 0.584635 0.101389 0.016146 0.012037
0 0.584245 0.145602 0.016927 0.015278
0 0.585026 0.162037 0.017448 0.013889
0 0.550000 0.211806 0.016667 0.012500
0 0.548568 0.148148 0.016927 0.012963
0 0.548307 0.103935 0.012760 0.012500
0 0.548047 0.088657 0.019010 0.014352
0 0.547917 0.046991 0.015104 0.014352
0 0.547656 0.029861 0.016667 0.011574
0 0.585156 0.128935 0.011458 0.011574
0 0.438672 0.011111 0.008073 0.021296
0 0.473438 0.053009 0.006771 0.025463
0 0.453385 0.204167 0.008333 0.030556
0 0.465755 0.201389 0.007031 0.030556
0 0.498698 0.239583 0.007292 0.030093
0 0.466797 0.288194 0.007552 0.030093
0 0.488932 0.398611 0.007031 0.029630
2 0.464583 0.423148 0.006771 0.036111
0 0.476823 0.544907 0.008854 0.031481
0 0.466146 0.572685 0.008854 0.031481
0 0.444792 0.575463 0.008854 0.031481
0 0.491146 0.590278 0.008854 0.031481
0 0.512760 0.686111 0.008854 0.031481
0 0.471354 0.678704 0.008854 0.031481
0 0.448958 0.702315 0.008854 0.031481
0 0.433854 0.746296 0.008854 0.031481
0 0.465365 0.799074 0.008854 0.031481
2 0.499740 0.777778 0.007812 0.037037
0 0.452604 0.866204 0.007812 0.032407
2 0.465625 0.960417 0.007292 0.031019
2 0.455339 0.986574 0.008594 0.026852
1 0.391276 0.520370 0.010677 0.046296
0 0.386849 0.567824 0.010677 0.031944
0 0.413802 0.577315 0.008854 0.031481
0 0.382682 0.627546 0.013802 0.024537
0 0.392057 0.678472 0.014844 0.015278
0 0.372656 0.685648 0.016146 0.016667
0 0.352865 0.690046 0.014583 0.013426
0 0.302083 0.672685 0.010937 0.030556
0 0.278906 0.680556 0.008854 0.021296
0 0.319922 0.760185 0.011198 0.028704
0 0.333464 0.754398 0.010677 0.031019
0 0.349089 0.879630 0.011719 0.032407
0 0.325130 0.910185 0.009635 0.027778
0 0.118750 0.762269 0.017708 0.012500
2 0.030339 0.661574 0.009115 0.035185
0 0.141797 0.310880 0.009635 0.027315
0 0.157422 0.306944 0.009115 0.033333
0 0.172917 0.299074 0.009896 0.033333
0 0.181771 0.299074 0.008333 0.032407
0 0.200781 0.283796 0.011458 0.033333
3 0.229427 0.260880 0.004167 0.015278
0 0.194922 0.251157 0.010677 0.032870
0 0.226172 0.213426 0.011719 0.025000
2 0.128516 0.172454 0.019531 0.023611
0 0.094141 0.162500 0.016927 0.020370
0 0.143229 0.126157 0.017188 0.017130
0 0.126432 0.119213 0.015365 0.017130
0 0.104688 0.109722 0.016667 0.018519
0 0.084635 0.100000 0.014583 0.017593
0 0.064583 0.090278 0.017708 0.013889
0 0.047135 0.080324 0.008333 0.024537
0 0.020443 0.069444 0.009115 0.031481
0 0.033203 0.072685 0.009115 0.028704
2 0.368620 0.377778 0.016927 0.012963
1 0.327214 0.295139 0.024219 0.032870
1 0.345964 0.258333 0.013802 0.044444
1 0.350000 0.207639 0.009896 0.041204
1 0.347656 0.150231 0.010417 0.047685
0 0.376693 0.012269 0.006510 0.023611
0 0.359635 0.009028 0.013542 0.012500
0 0.400521 0.008102 0.019271 0.011574
0 0.402083 0.024306 0.019271 0.011574
0 0.402083 0.039120 0.019271 0.011574
0 0.402474 0.058102 0.017448 0.012500
0 0.401693 0.075000 0.016927 0.012037
0 0.401823 0.091204 0.017188 0.012963
0 0.403125 0.106944 0.017188 0.012963
0 0.404167 0.120833 0.017188 0.012963
0 0.403385 0.139815 0.018229 0.014815
0 0.403516 0.154398 0.017448 0.012500
0 0.401953 0.168750 0.017448 0.012500
0 0.403516 0.185880 0.017448 0.012500
0 0.367318 0.235880 0.017448 0.012500
0 0.365755 0.217824 0.017448 0.012500
0 0.366016 0.202546 0.017448 0.012500
0 0.364974 0.188194 0.017448 0.012500
0 0.364453 0.171528 0.017448 0.012500
0 0.364453 0.156713 0.017448 0.012500
0 0.364453 0.127546 0.017448 0.012500
0 0.364974 0.108565 0.017448 0.012500
0 0.363932 0.092361 0.017448 0.012500
0 0.363411 0.056713 0.017448 0.012500
0 0.362630 0.040972 0.017448 0.012500
0 0.362630 0.024306 0.017448 0.012500
0 0.363151 0.075000 0.015365 0.012037
0 0.364974 0.144213 0.013281 0.009722
0 0.405990 0.206250 0.015104 0.016204
0 0.403646 0.223611 0.017188 0.013889
0 0.403385 0.239352 0.017188 0.013889
0 0.403646 0.257870 0.017188 0.013889
0 0.365365 0.311111 0.017188 0.013889
0 0.365885 0.325926 0.017188 0.013889
0 0.368229 0.341204 0.017188 0.013889
0 0.405469 0.307407 0.017188 0.013889
0 0.405208 0.292130 0.017188 0.013889
0 0.366406 0.261806 0.015625 0.011574
0 0.403646 0.273843 0.014583 0.010648
0 0.405599 0.324074 0.013802 0.012037
0 0.405859 0.340972 0.013802 0.011574
0 0.369401 0.360417 0.017448 0.012500
0 0.404948 0.359028 0.017708 0.010648
0 0.964844 0.523611 0.016146 0.012963
0 0.945052 0.523380 0.010937 0.017130
