0 0.140885 0.165741 0.009375 0.028704
0 0.156510 0.161343 0.009375 0.033796
0 0.173307 0.153935 0.008594 0.032870
0 0.091797 0.013657 0.019010 0.021759
2 0.127604 0.025231 0.019271 0.024537
0 0.224870 0.061343 0.012240 0.025463
0 0.118620 0.616898 0.017448 0.016204
0 0.389844 0.965972 0.010937 0.032870
0 0.364193 0.853241 0.009635 0.030556
0 0.348568 0.767593 0.010156 0.029630
0 0.322656 0.763194 0.009375 0.025463
0 0.329036 0.646065 0.009635 0.032870
0 0.332292 0.609028 0.008854 0.031944
0 0.304167 0.535880 0.009896 0.029167
0 0.269661 0.478935 0.008073 0.032870
0 0.277474 0.533102 0.008594 0.022685
0 0.355469 0.505093 0.015104 0.017593
0 0.350781 0.542130 0.014583 0.015741
0 0.371484 0.536574 0.015365 0.015741
0 0.390365 0.529861 0.015104 0.015278
0 0.432292 0.744213 0.007812 0.028241
0 0.442708 0.968287 0.007292 0.023611
0 0.465625 0.992824 0.007812 0.014352
2 0.464714 0.907407 0.007031 0.031481
2 0.453776 0.943287 0.008073 0.030093
2 0.502344 0.925231 0.006771 0.031019
2 0.489714 0.875926 0.007552 0.035185
0 0.446094 0.835648 0.007292 0.029630
0 0.465104 0.781481 0.007292 0.026852
0 0.498437 0.806481 0.007292 0.032407
0 0.443229 0.672222 0.006771 0.025926
0 0.467448 0.662963 0.006771 0.028704
0 0.441797 0.559259 0.007552 0.028704
0 0.464844 0.561806 0.006771 0.031019
0 0.475781 0.561343 0.006771 0.028241
0 0.385807 0.422917 0.010677 0.030093
0 0.412240 0.429861 0.007812 0.031019
2 0.464062 0.428935 0.007292 0.032870
2 0.499089 0.377778 0.007031 0.031481
0 0.511849 0.387731 0.008594 0.031944
0 0.466016 0.291667 0.009115 0.028704
1 0.391667 0.371991 0.009375 0.043981
0 0.452734 0.219444 0.006510 0.030556
0 0.490234 0.211111 0.006510 0.030556
0 0.462370 0.160185 0.006510 0.030556
0 0.472786 0.090741 0.005990 0.026852
0 0.485417 0.021065 0.007292 0.028241
0 0.548307 0.063426 0.017969 0.012963
0 0.583854 0.013657 0.019271 0.013426
0 0.547917 0.003472 0.015625 0.006019
0 0.682813 0.069213 0.013542 0.031944
0 0.669661 0.104861 0.016927 0.014352
0 0.764193 0.158796 0.015885 0.016667
0 0.818750 0.141667 0.010937 0.031481
0 0.800000 0.142361 0.018750 0.018056
0 0.800521 0.157407 0.017708 0.017593
0 0.804167 0.173843 0.016146 0.015278
0 0.805469 0.186111 0.016146 0.016667
0 0.808724 0.215741 0.019010 0.017593
0 0.811458 0.229398 0.017708 0.015278
0 0.778125 0.243519 0.018750 0.019444
0 0.772917 0.212037 0.015625 0.018519
0 0.760286 0.200231 0.017448 0.018056
0 0.752995 0.237269 0.019531 0.014352
0 0.755599 0.254630 0.020052 0.015741
0 0.725781 0.259954 0.007292 0.028241
2 0.729297 0.334491 0.010156 0.031019
0 0.729688 0.469676 0.007812 0.031944
0 0.860938 0.331250 0.017188 0.017130
0 0.880339 0.321296 0.015885 0.012963
0 0.861719 0.365972 0.014583 0.017130
0 0.881641 0.405556 0.017448 0.015741
0 0.865495 0.450231 0.010156 0.029167
0 0.995964 0.324537 0.008073 0.019444
0 0.869922 0.481944 0.010677 0.029630
0 0.909245 0.537963 0.015885 0.018519
0 0.936979 0.517824 0.013021 0.017130
0 0.838932 0.545833 0.017448 0.012037
0 0.815495 0.548611 0.017969 0.014815
2 0.790755 0.548611 0.017448 0.012963
0 0.762630 0.563194 0.014844 0.013426
0 0.772396 0.629861 0.016667 0.013426
0 0.789583 0.656944 0.013542 0.010185
0 0.942578 0.711343 0.013281 0.015278
0 0.978125 0.702083 0.014583 0.016204
0 0.981641 0.715509 0.016406 0.017130
0 0.931510 0.746296 0.018750 0.017593
0 0.911589 0.807407 0.010156 0.027778
0 0.922266 0.851620 0.010677 0.030093
0 0.932161 0.900926 0.009115 0.029630
0 0.963542 0.903241 0.012500 0.014815
0 0.957552 0.971065 0.010937 0.029167
0 0.910026 0.878009 0.019010 0.012500
0 0.907552 0.846528 0.015625 0.015278
0 0.907682 0.831019 0.008594 0.012037
0 0.866536 0.850463 0.009115 0.014815
0 0.855339 0.849537 0.010156 0.013889
0 0.844792 0.848843 0.008854 0.012500
0 0.860938 0.883565 0.016146 0.011574
0 0.840365 0.883565 0.016667 0.012500
0 0.815365 0.886111 0.017708 0.013889
0 0.803385 0.851620 0.009896 0.013426
0 0.814323 0.854167 0.008333 0.012963
0 0.780990 0.844213 0.013021 0.020833
3 0.737630 0.738657 0.003385 0.012500
1 0.346875 0.012269 0.009375 0.023611
1 0.349219 0.058565 0.007812 0.047685
1 0.343750 0.108333 0.015625 0.044444
1 0.324870 0.147685 0.024219 0.033333
2 0.367969 0.228472 0.018750 0.018981
0 0.367448 0.211574 0.018229 0.012963
0 0.404167 0.193287 0.013021 0.012500
0 0.366797 0.195139 0.016406 0.013426
0 0.364974 0.178009 0.016406 0.013426
0 0.363932 0.164120 0.016406 0.013426
0 0.404036 0.159954 0.016406 0.013426
0 0.403776 0.142824 0.016406 0.013426
0 0.401953 0.109954 0.016406 0.013426
0 0.402474 0.091898 0.016406 0.013426
0 0.401693 0.075231 0.016406 0.013426
0 0.365234 0.069676 0.016406 0.013426
0 0.365755 0.086806 0.016406 0.013426
0 0.365104 0.114120 0.015104 0.013426
0 0.404557 0.059028 0.015365 0.012500
0 0.401953 0.038657 0.015365 0.011574
0 0.401172 0.021528 0.017448 0.011574
0 0.401953 0.006944 0.018490 0.012037
0 0.364063 0.008565 0.017188 0.011574
0 0.363802 0.024306 0.015625 0.011574
0 0.364974 0.040509 0.017448 0.013426
0 0.365495 0.055556 0.017969 0.013889
0 0.403776 0.175231 0.013802 0.011574
0 0.403255 0.126389 0.015365 0.010185
0 0.940625 0.375926 0.017708 0.015741
2 0.194401 0.400694 0.030469 0.019907
