3 0.251042 0.453009 0.007292 0.008796
3 0.170964 0.304167 0.005990 0.014815
3 0.165495 0.298148 0.008073 0.006481
3 0.161589 0.291435 0.006510 0.007870
3 0.160807 0.274306 0.005990 0.010648
0 0.104036 0.217593 0.009635 0.017593
2 0.109375 0.263889 0.012500 0.034259
0 0.120573 0.270833 0.010417 0.031481
0 0.113021 0.230787 0.006250 0.015278
0 0.098958 0.268750 0.008333 0.031944
0 0.089974 0.341204 0.007552 0.032407
0 0.099870 0.350463 0.007552 0.027778
0 0.108203 0.381250 0.009115 0.030093
0 0.086849 0.373843 0.008594 0.023611
0 0.095833 0.393056 0.009896 0.033333
0 0.081380 0.422454 0.010677 0.030093
2 0.089714 0.449074 0.009635 0.035185
0 0.101432 0.445833 0.008073 0.031481
0 0.078125 0.466435 0.008333 0.031019
2 0.085156 0.515972 0.009896 0.031944
2 0.104167 0.545602 0.011458 0.035648
0 0.072526 0.541898 0.008594 0.031019
3 0.061458 0.630787 0.005208 0.013426
0 0.194531 0.474537 0.015104 0.019444
0 0.218750 0.452778 0.015104 0.019444
0 0.212500 0.481944 0.015104 0.019444
0 0.233854 0.507407 0.015104 0.019444
0 0.234115 0.527315 0.015104 0.019444
0 0.258854 0.494444 0.015104 0.019444
0 0.282552 0.485185 0.015104 0.019444
0 0.258854 0.513889 0.015104 0.019444
0 0.284635 0.503704 0.015104 0.019444
0 0.286979 0.520370 0.015104 0.019444
0 0.257812 0.535648 0.015104 0.019444
0 0.211328 0.560417 0.016406 0.018056
0 0.208594 0.539352 0.016146 0.014815
1 0.200130 0.519213 0.033073 0.023611
2 0.212760 0.578241 0.029687 0.027778
0 0.234635 0.549306 0.013021 0.018056
0 0.171745 0.599537 0.006510 0.012963
0 0.283594 0.415046 0.016667 0.023611
0 0.322135 0.367361 0.016667 0.023611
0 0.364063 0.311343 0.016667 0.023611
0 0.396354 0.269676 0.016667 0.023611
0 0.422917 0.188889 0.013021 0.023148
0 0.447396 0.209028 0.017188 0.027315
0 0.544792 0.083565 0.017188 0.027315
0 0.562630 0.015972 0.015365 0.022685
0 0.559505 0.040972 0.016406 0.026389
0 0.502214 0.134259 0.016406 0.024074
0 0.510026 0.161111 0.016406 0.024074
0 0.560417 0.112500 0.010937 0.028704
0 0.535417 0.043287 0.010937 0.021759
0 0.551302 0.174769 0.013021 0.030093
0 0.560677 0.209028 0.013021 0.030093
0 0.569661 0.240046 0.010677 0.028241
0 0.598437 0.214120 0.020313 0.016204
1 0.656641 0.193750 0.025781 0.028241
0 0.630469 0.248611 0.019271 0.013889
2 0.308984 0.510417 0.017969 0.019907
2 0.312891 0.487731 0.018490 0.016204
0 0.299089 0.450926 0.019531 0.015741
2 0.325000 0.437731 0.019271 0.015278
0 0.319922 0.466667 0.017969 0.015741
0 0.334245 0.498380 0.016406 0.017130
2 0.356250 0.487500 0.018229 0.019444
0 0.357161 0.426852 0.016927 0.016667
0 0.365755 0.442593 0.015365 0.014815
0 0.380990 0.475694 0.017188 0.017130
0 0.359375 0.507407 0.016146 0.016667
0 0.383594 0.518056 0.015625 0.015741
0 0.405078 0.463889 0.019010 0.016667
0 0.412370 0.416435 0.014844 0.018056
0 0.433073 0.449537 0.018229 0.018519
0 0.494531 0.420370 0.018229 0.018519
0 0.515365 0.383796 0.018229 0.018519
0 0.543229 0.436574 0.018229 0.018519
0 0.564063 0.362500 0.018229 0.018519
2 0.463802 0.431944 0.019271 0.019444
2 0.484635 0.485185 0.033854 0.033333
0 0.548568 0.391667 0.012760 0.015741
0 0.625521 0.396065 0.018229 0.022685
0 0.658854 0.326157 0.018229 0.022685
0 0.703516 0.306944 0.020052 0.021296
0 0.739323 0.269676 0.018229 0.022685
0 0.746615 0.347917 0.018229 0.022685
2 0.659896 0.395370 0.019792 0.021296
0 0.752734 0.299306 0.017969 0.018981
2 0.795052 0.306019 0.018229 0.017593
0 0.828516 0.349769 0.016927 0.020833
0 0.805599 0.254630 0.017969 0.017593
0 0.836849 0.195370 0.020052 0.016667
2 0.895443 0.224074 0.023177 0.021296
0 0.901302 0.159722 0.014063 0.013889
0 0.928385 0.164352 0.016667 0.017593
0 0.944531 0.175926 0.018750 0.020370
0 0.969271 0.125926 0.020313 0.014815
0 0.993359 0.130093 0.013281 0.019444
0 0.869010 0.381713 0.009896 0.031019
0 0.903255 0.359028 0.010677 0.030093
0 0.927214 0.345833 0.008594 0.023148
0 0.935937 0.342130 0.010937 0.037963
0 0.959505 0.327315 0.007552 0.029630
0 0.966927 0.323380 0.011458 0.031944
0 0.983203 0.315278 0.009635 0.025926
0 0.996094 0.306019 0.006771 0.029630
0 0.904818 0.427083 0.011719 0.034722
0 0.915755 0.424306 0.011719 0.034722
0 0.923828 0.420139 0.011719 0.034722
0 0.937630 0.410880 0.011719 0.034722
0 0.946745 0.406250 0.011719 0.034722
0 0.954557 0.401157 0.011719 0.034722
0 0.969661 0.393287 0.011719 0.034722
0 0.980078 0.388194 0.011719 0.034722
0 0.947005 0.512963 0.010156 0.025000
0 0.955078 0.505324 0.008073 0.025463
0 0.962891 0.499306 0.009115 0.028241
0 0.987109 0.486806 0.010677 0.030093
0 0.995052 0.481250 0.009375 0.024537
0 0.973568 0.528704 0.010677 0.027778
0 0.983984 0.523611 0.009115 0.026852
0 0.992708 0.518519 0.009375 0.026852
0 0.889062 0.636343 0.008854 0.028241
0 0.923958 0.601389 0.018229 0.016667
0 0.975130 0.606019 0.010677 0.032407
0 0.872656 0.776620 0.011458 0.025463
0 0.891927 0.831944 0.012500 0.030556
0 0.883464 0.838194 0.012760 0.029167
0 0.876302 0.846528 0.011979 0.027315
0 0.870052 0.853704 0.015104 0.025926
0 0.851302 0.781250 0.013021 0.031944
0 0.828125 0.776620 0.013542 0.035648
0 0.818229 0.786806 0.010937 0.031019
0 0.830859 0.820370 0.012760 0.029630
0 0.855078 0.867593 0.011198 0.029630
0 0.846484 0.806481 0.011198 0.025926
0 0.809505 0.953935 0.011719 0.015278
0 0.802604 0.986111 0.013542 0.025000
0 0.784375 0.992593 0.009375 0.014815
0 0.675000 0.970370 0.007812 0.030556
0 0.652995 0.884028 0.008073 0.029167
0 0.620052 0.918519 0.010417 0.028704
0 0.609896 0.953241 0.007292 0.021296
0 0.506771 0.989120 0.016146 0.016204
3 0.424089 0.963889 0.006510 0.008333
0 0.695443 0.801389 0.016927 0.018519
2 0.772656 0.762963 0.018229 0.016667
0 0.808073 0.738889 0.017188 0.013889
2 0.669531 0.926157 0.007292 0.030093
2 0.077865 0.862731 0.007812 0.032870
0 0.069141 0.860648 0.010677 0.032407
0 0.055729 0.879167 0.011458 0.034259
0 0.063281 0.909491 0.009375 0.025463
0 0.074349 0.898843 0.007552 0.020833
3 0.053255 0.908796 0.007031 0.014815
1 0.763802 0.019676 0.019271 0.030093
1 0.787760 0.037500 0.026562 0.015741
1 0.817969 0.028704 0.027083 0.020370
1 0.847786 0.011343 0.029427 0.019907
2 0.729036 0.112963 0.011719 0.031481
0 0.738411 0.108796 0.009115 0.030556
0 0.746875 0.102546 0.007812 0.028241
0 0.755729 0.094676 0.009896 0.033796
0 0.764062 0.087269 0.010417 0.031019
0 0.791016 0.076852 0.010156 0.027778
0 0.805729 0.069676 0.009896 0.031019
0 0.815755 0.062963 0.009635 0.028704
0 0.823828 0.058796 0.010156 0.033333
0 0.832422 0.054167 0.010156 0.033333
0 0.839453 0.047222 0.010156 0.033333
0 0.848307 0.044444 0.010156 0.033333
0 0.864714 0.033796 0.010156 0.033333
0 0.874609 0.029630 0.010156 0.033333
0 0.884245 0.023148 0.010156 0.033333
0 0.768359 0.163426 0.010156 0.033333
0 0.777474 0.156481 0.010156 0.033333
0 0.784766 0.153241 0.010156 0.033333
0 0.804036 0.139815 0.010156 0.033333
0 0.814453 0.134259 0.010156 0.033333
0 0.822005 0.129167 0.010156 0.033333
0 0.842578 0.118056 0.010156 0.033333
0 0.851953 0.112500 0.010156 0.033333
0 0.860547 0.110185 0.010156 0.033333
0 0.868359 0.105093 0.010156 0.033333
0 0.877995 0.100000 0.010156 0.033333
0 0.886589 0.095833 0.010156 0.033333
0 0.894661 0.089352 0.010156 0.033333
0 0.905339 0.083333 0.010156 0.033333
0 0.913672 0.078704 0.010156 0.033333
0 0.922526 0.071296 0.010156 0.033333
0 0.932292 0.065509 0.009375 0.030093
0 0.894531 0.016898 0.010937 0.026389
0 0.904818 0.014583 0.009635 0.024537
0 0.912109 0.009954 0.008073 0.018981
0 0.922135 0.008796 0.009896 0.015741
0 0.931380 0.019676 0.013802 0.015278
3 0.933333 0.035648 0.008333 0.009259
0 0.941146 0.060185 0.010937 0.032407
0 0.949870 0.054861 0.011198 0.031944
0 0.959505 0.050231 0.011198 0.031944
0 0.967057 0.046991 0.011198 0.031944
0 0.976953 0.039583 0.011198 0.031944
0 0.986589 0.034491 0.011198 0.031944
0 0.994401 0.029398 0.011198 0.031944
0 0.832161 0.128241 0.010156 0.025926
0 0.793880 0.146759 0.009115 0.024074
0 0.757682 0.166667 0.008073 0.022222
