0 0.098177 0.043519 0.008854 0.027778
0 0.031771 0.331481 0.014063 0.010185
0 0.048958 0.328009 0.012500 0.009722
2 0.070312 0.321991 0.016667 0.012500
0 0.136979 0.183102 0.006771 0.028241
0 0.126172 0.191898 0.007552 0.030093
0 0.114323 0.237037 0.007812 0.031481
0 0.124870 0.334954 0.007552 0.029167
0 0.099870 0.396759 0.007031 0.028704
0 0.120052 0.401620 0.007812 0.022685
2 0.090495 0.630787 0.011198 0.035648
2 0.086589 0.674074 0.009115 0.031481
3 0.064844 0.647685 0.003646 0.011111
0 0.070052 0.988194 0.009375 0.021759
0 0.177474 0.899537 0.018490 0.013889
0 0.233073 0.903935 0.018229 0.013426
0 0.257552 0.904861 0.018229 0.013426
0 0.276823 0.907639 0.018229 0.013426
0 0.300781 0.907176 0.018229 0.013426
0 0.323177 0.910417 0.018229 0.013426
0 0.345313 0.911343 0.018229 0.013426
0 0.370573 0.912500 0.018229 0.010185
0 0.474609 0.917130 0.016406 0.012037
0 0.494141 0.918519 0.014323 0.012037
0 0.567318 0.922454 0.015885 0.013426
2 0.590234 0.925694 0.018490 0.015278
0 0.633073 0.924074 0.018229 0.012963
0 0.657161 0.927546 0.018490 0.012500
0 0.678646 0.928009 0.017188 0.012500
0 0.745443 0.940972 0.017448 0.013426
0 0.765885 0.940509 0.017708 0.012500
0 0.766927 0.897917 0.017188 0.013426
0 0.789193 0.899306 0.015885 0.011574
0 0.830339 0.943287 0.016927 0.013426
0 0.917969 0.923843 0.009375 0.010648
0 0.950260 0.906713 0.016146 0.012500
0 0.922005 0.946759 0.015365 0.013889
0 0.941276 0.945139 0.017448 0.013426
0 0.984766 0.949074 0.016406 0.011111
0 0.469661 0.873843 0.009635 0.011574
2 0.522396 0.878472 0.012500 0.008796
0 0.547135 0.879630 0.010937 0.011111
0 0.527344 0.956481 0.010417 0.021296
0 0.526042 0.993519 0.014583 0.012963
0 0.559766 0.996296 0.017448 0.007407
0 0.908073 0.991435 0.006771 0.011574
0 0.919401 0.773148 0.009635 0.012037
0 0.918620 0.741667 0.013281 0.011111
0 0.913802 0.451620 0.018229 0.009722
0 0.961979 0.034954 0.014583 0.023611
0 0.960807 0.080556 0.013281 0.025926
0 0.959896 0.102546 0.015104 0.020833
0 0.959115 0.123148 0.016146 0.024074
0 0.958854 0.143981 0.016146 0.024074
0 0.959115 0.163889 0.016146 0.024074
0 0.959635 0.181944 0.016146 0.024074
0 0.960938 0.219907 0.016146 0.024074
0 0.960938 0.240278 0.016146 0.024074
0 0.959505 0.201157 0.013281 0.018981
0 0.928646 0.230324 0.013021 0.013426
0 0.929948 0.215509 0.011458 0.010648
0 0.927474 0.185185 0.015365 0.012037
0 0.928646 0.153009 0.018229 0.015278
0 0.929688 0.108565 0.015625 0.011574
0 0.930599 0.078472 0.012760 0.012500
0 0.928646 0.062500 0.015104 0.012037
0 0.930339 0.045833 0.014844 0.014815
0 0.958594 0.282870 0.009896 0.011111
0 0.921354 0.506713 0.013021 0.011574
0 0.921615 0.523611 0.017708 0.012037
0 0.922135 0.539352 0.012500 0.013889
0 0.922396 0.553241 0.014583 0.012963
0 0.919792 0.570139 0.015625 0.016204
0 0.921094 0.618750 0.015104 0.010648
0 0.921354 0.633333 0.014063 0.011111
0 0.920573 0.648148 0.012500 0.011111
0 0.920833 0.663889 0.013021 0.011111
0 0.919792 0.680787 0.015625 0.011574
0 0.917969 0.694907 0.015625 0.012037
0 0.917188 0.710417 0.016146 0.012500
0 0.948438 0.724074 0.015104 0.025926
0 0.948438 0.703704 0.015104 0.025926
0 0.949740 0.680556 0.015104 0.025926
0 0.951172 0.643981 0.013802 0.023148
0 0.951562 0.582176 0.014063 0.023611
0 0.953646 0.563194 0.014063 0.023611
0 0.953906 0.540046 0.014063 0.023611
0 0.958073 0.523843 0.014063 0.023611
0 0.959896 0.502083 0.014063 0.023611
0 0.736458 0.008333 0.016667 0.012963
0 0.736198 0.023611 0.016667 0.012963
0 0.737240 0.037037 0.016667 0.012963
0 0.736198 0.054167 0.016667 0.012963
0 0.737760 0.068519 0.016667 0.012963
0 0.736719 0.084259 0.016667 0.012963
0 0.736719 0.115278 0.016667 0.012963
0 0.735938 0.129167 0.016667 0.012963
0 0.735677 0.145833 0.016667 0.012963
0 0.736719 0.160648 0.016667 0.012963
0 0.736198 0.176389 0.016667 0.012963
0 0.736458 0.192130 0.016667 0.012963
0 0.735547 0.222685 0.015885 0.012963
0 0.735417 0.237963 0.017188 0.012037
0 0.735026 0.268519 0.017448 0.012963
0 0.734766 0.283333 0.017969 0.012037
0 0.733594 0.299769 0.015625 0.012500
0 0.733073 0.405093 0.016667 0.014815
0 0.733073 0.421759 0.016667 0.014815
0 0.730990 0.481481 0.016667 0.014815
0 0.731771 0.497222 0.016667 0.014815
0 0.730469 0.512500 0.016667 0.014815
0 0.730469 0.527778 0.016667 0.014815
0 0.730469 0.557407 0.016667 0.014815
0 0.730469 0.572685 0.016667 0.014815
0 0.730208 0.602315 0.016667 0.014815
0 0.728776 0.618287 0.017969 0.013426
2 0.728906 0.631944 0.016667 0.014815
0 0.730469 0.542824 0.015625 0.011574
0 0.730078 0.648611 0.016406 0.012037
0 0.730339 0.663889 0.016406 0.012037
0 0.729818 0.678241 0.016406 0.012037
0 0.729818 0.693981 0.016406 0.012037
0 0.728516 0.722685 0.016406 0.012037
0 0.727995 0.737037 0.016406 0.012037
0 0.729297 0.752778 0.016406 0.012037
0 0.727734 0.784259 0.016406 0.012037
0 0.727214 0.797685 0.016406 0.012037
0 0.727214 0.811574 0.016406 0.012037
0 0.726172 0.829167 0.016406 0.012037
0 0.727214 0.859259 0.016406 0.012037
0 0.695182 0.080093 0.007552 0.030556
0 0.704688 0.126389 0.007812 0.027778
0 0.695443 0.167593 0.008594 0.021296
0 0.694792 0.198380 0.007812 0.028241
0 0.693490 0.268287 0.007812 0.027315
0 0.720703 0.333796 0.006510 0.026852
0 0.710286 0.365509 0.005990 0.023611
0 0.680339 0.335417 0.005469 0.013426
0 0.680339 0.366667 0.007031 0.012963
0 0.679948 0.398148 0.006250 0.012963
0 0.679297 0.443287 0.005990 0.012500
0 0.679557 0.481019 0.005469 0.013889
0 0.679557 0.459954 0.004948 0.011574
0 0.679297 0.427083 0.005990 0.012500
0 0.678776 0.511574 0.006510 0.012037
0 0.678125 0.557639 0.005729 0.012500
0 0.677995 0.588889 0.006510 0.012963
0 0.677083 0.605324 0.005208 0.011574
0 0.676953 0.618981 0.005469 0.012037
0 0.676432 0.634954 0.005469 0.011574
0 0.677865 0.679630 0.006771 0.012963
0 0.675651 0.733796 0.004948 0.012037
0 0.674349 0.822454 0.007031 0.011574
0 0.514583 0.003935 0.014063 0.006944
0 0.515365 0.017361 0.016667 0.013426
0 0.515625 0.032639 0.016667 0.013426
0 0.515104 0.046528 0.016667 0.013426
0 0.514583 0.109491 0.016667 0.013426
0 0.513021 0.141435 0.016667 0.013426
0 0.514062 0.155787 0.016667 0.013426
0 0.513802 0.171065 0.016667 0.013426
0 0.512500 0.183565 0.016667 0.013426
0 0.512240 0.199769 0.016667 0.013426
0 0.512500 0.215972 0.016667 0.013426
0 0.514583 0.231713 0.016667 0.013426
0 0.514583 0.247917 0.016667 0.013426
2 0.515495 0.093519 0.016927 0.014815
0 0.480339 0.005787 0.012760 0.010648
0 0.481510 0.020833 0.015104 0.022222
0 0.480990 0.043056 0.015104 0.022222
0 0.481510 0.061574 0.015104 0.022222
0 0.481250 0.081481 0.015104 0.022222
0 0.482031 0.101852 0.015104 0.022222
0 0.480208 0.123611 0.015104 0.022222
0 0.479948 0.165278 0.015104 0.022222
0 0.480729 0.181944 0.015104 0.022222
0 0.479427 0.210648 0.015104 0.022222
0 0.480339 0.229630 0.013802 0.019444
0 0.479818 0.251389 0.015885 0.023148
0 0.480208 0.271528 0.015104 0.023611
0 0.511198 0.276157 0.010417 0.013426
0 0.482292 0.289120 0.011979 0.020833
0 0.491536 0.385880 0.017448 0.011574
2 0.558984 0.403704 0.011719 0.024074
0 0.558854 0.462037 0.014063 0.024074
0 0.557031 0.479861 0.009375 0.018056
0 0.558594 0.503935 0.013542 0.022685
0 0.557943 0.525463 0.014323 0.022222
0 0.557813 0.546296 0.015104 0.023148
0 0.555859 0.562963 0.007552 0.013889
0 0.558333 0.609954 0.011458 0.023611
0 0.555729 0.583796 0.010937 0.016667
0 0.558464 0.651852 0.013802 0.020370
0 0.556510 0.692130 0.014063 0.024074
0 0.528776 0.443519 0.015365 0.012963
0 0.508724 0.474537 0.015365 0.012963
0 0.527995 0.505556 0.017448 0.012963
0 0.509245 0.504630 0.017448 0.012963
0 0.508724 0.519907 0.017448 0.012963
0 0.507943 0.551852 0.017448 0.012963
0 0.507682 0.566204 0.017448 0.012963
0 0.526172 0.567130 0.017448 0.012963
0 0.508464 0.598148 0.017448 0.012963
0 0.507682 0.613426 0.017448 0.012963
0 0.507682 0.629630 0.017448 0.012963
0 0.507682 0.644444 0.017448 0.012963
0 0.507682 0.676389 0.017448 0.012963
0 0.525911 0.675463 0.017448 0.012963
0 0.507161 0.706481 0.017448 0.012963
0 0.506901 0.722222 0.017448 0.012963
0 0.506380 0.735648 0.017448 0.012963
0 0.525130 0.737500 0.017448 0.012963
0 0.525651 0.721759 0.017448 0.012963
0 0.526042 0.704398 0.011979 0.012500
0 0.508594 0.692130 0.014583 0.010185
0 0.479036 0.399074 0.014844 0.024074
0 0.478776 0.421296 0.014844 0.024074
0 0.477734 0.445833 0.014844 0.024074
0 0.478255 0.474074 0.014844 0.024074
0 0.478255 0.494444 0.014844 0.024074
0 0.478516 0.519444 0.014844 0.024074
0 0.477474 0.540741 0.014844 0.024074
0 0.477995 0.588426 0.014844 0.024074
0 0.476302 0.610185 0.015104 0.025000
0 0.476562 0.635185 0.015104 0.025000
0 0.476302 0.658333 0.015104 0.025000
0 0.475781 0.681944 0.015104 0.025000
0 0.475000 0.703241 0.015104 0.025000
0 0.474479 0.726389 0.015104 0.025000
0 0.475000 0.749537 0.015104 0.025000
0 0.473828 0.774074 0.013802 0.023148
0 0.474089 0.825231 0.013281 0.024537
2 0.514844 0.795139 0.019271 0.017130
0 0.675130 0.795370 0.005990 0.013889
0 0.674479 0.809028 0.005729 0.010648
0 0.364974 0.006713 0.013281 0.012500
0 0.366146 0.018981 0.013542 0.024074
0 0.366667 0.060880 0.013542 0.025463
0 0.363411 0.128704 0.009115 0.019444
0 0.364453 0.169213 0.013802 0.024537
0 0.365625 0.211806 0.015104 0.025463
0 0.365234 0.257407 0.017969 0.012963
0 0.334375 0.015741 0.017188 0.012037
0 0.315104 0.027778 0.017188 0.012037
0 0.315885 0.044213 0.018229 0.012500
0 0.315885 0.060185 0.017188 0.012037
0 0.315104 0.090741 0.017188 0.012037
0 0.333854 0.092130 0.017188 0.012037
0 0.315625 0.106019 0.017188 0.012037
0 0.314583 0.122685 0.017188 0.012037
0 0.314844 0.137963 0.017188 0.012037
0 0.314583 0.155093 0.017188 0.012037
0 0.333854 0.154167 0.017188 0.012037
0 0.333333 0.169907 0.017188 0.012037
0 0.333073 0.187500 0.017188 0.012037
0 0.314453 0.201620 0.017969 0.013426
0 0.314844 0.171759 0.012500 0.012037
0 0.315234 0.186574 0.012240 0.011111
0 0.333073 0.218981 0.015625 0.012963
0 0.334245 0.123611 0.015365 0.011111
0 0.314453 0.076620 0.014844 0.011574
0 0.282943 0.026157 0.014323 0.025463
0 0.283724 0.048380 0.015885 0.026389
0 0.283724 0.070602 0.015885 0.026389
0 0.283203 0.091898 0.015885 0.026389
0 0.282161 0.114120 0.015885 0.026389
0 0.283724 0.134491 0.015885 0.026389
0 0.282161 0.157639 0.015885 0.026389
0 0.283464 0.178472 0.015885 0.026389
0 0.283203 0.199306 0.015885 0.026389
0 0.283464 0.226157 0.015885 0.026389
0 0.284766 0.248843 0.015885 0.026389
0 0.282292 0.469907 0.016667 0.029630
0 0.280990 0.493981 0.016667 0.029630
0 0.281510 0.519444 0.016667 0.029630
0 0.279167 0.540741 0.016667 0.029630
0 0.280729 0.567130 0.016667 0.029630
0 0.279427 0.588426 0.016667 0.029630
0 0.280729 0.615741 0.016667 0.029630
0 0.279427 0.639352 0.016667 0.029630
0 0.279427 0.659722 0.016667 0.029630
0 0.278646 0.682639 0.015104 0.028241
0 0.280208 0.734954 0.014583 0.024537
0 0.313281 0.491898 0.018229 0.013426
0 0.332031 0.492824 0.018229 0.013426
0 0.331510 0.508102 0.018229 0.013426
0 0.331250 0.522454 0.018229 0.013426
0 0.332031 0.539120 0.018229 0.013426
0 0.331771 0.570139 0.018229 0.013426
0 0.311979 0.598380 0.018229 0.013426
0 0.311458 0.613657 0.018229 0.013426
0 0.330990 0.673380 0.018229 0.013426
0 0.313542 0.673380 0.018229 0.013426
0 0.363411 0.484259 0.016927 0.023148
0 0.364714 0.504630 0.016927 0.023148
0 0.364583 0.527546 0.014583 0.020833
0 0.363542 0.547454 0.017188 0.020833
0 0.363151 0.568519 0.016927 0.023148
0 0.363151 0.590278 0.016927 0.023148
0 0.312500 0.704861 0.018229 0.013426
0 0.311719 0.717824 0.018229 0.013426
0 0.312500 0.732639 0.018229 0.013426
0 0.329948 0.719676 0.018229 0.013426
0 0.330208 0.748380 0.018229 0.013426
0 0.278516 0.775926 0.012240 0.023148
0 0.279427 0.800000 0.013021 0.025000
0 0.277865 0.821528 0.012500 0.023611
0 0.361589 0.732870 0.013802 0.024074
0 0.359245 0.706944 0.009115 0.020370
0 0.330208 0.704167 0.017188 0.011111
0 0.292708 0.434259 0.015625 0.012963
0 0.702474 0.953935 0.011719 0.025463
