0 0.067448 0.093981 0.007292 0.022222
0 0.076042 0.094213 0.007292 0.031944
0 0.100260 0.128009 0.006771 0.028241
0 0.067187 0.157176 0.007292 0.028241
0 0.073568 0.160417 0.005990 0.021759
0 0.072786 0.193981 0.007552 0.031481
0 0.065495 0.287731 0.007552 0.030093
0 0.068490 0.553241 0.015104 0.024074
2 0.036328 0.562731 0.016406 0.015278
0 0.015755 0.568519 0.015365 0.012963
0 0.003385 0.572454 0.006250 0.011574
0 0.053906 0.747685 0.007812 0.029630
2 0.055339 0.870602 0.012240 0.034722
0 0.037760 0.894907 0.008333 0.030556
2 0.051823 0.912963 0.008854 0.031481
3 0.030078 0.885417 0.003906 0.014352
0 0.250391 0.012037 0.008073 0.023148
0 0.249740 0.056481 0.007292 0.030556
0 0.249219 0.097685 0.007292 0.030556
0 0.252995 0.134491 0.015365 0.027315
0 0.250911 0.158565 0.015365 0.027315
0 0.251953 0.197917 0.015365 0.027315
0 0.250911 0.223843 0.015365 0.027315
0 0.250651 0.273380 0.015365 0.027315
0 0.250391 0.293287 0.015365 0.027315
0 0.249609 0.316435 0.015365 0.027315
0 0.250651 0.337731 0.015365 0.027315
0 0.250651 0.360417 0.015365 0.027315
0 0.250651 0.402083 0.015365 0.027315
0 0.249349 0.424306 0.015365 0.027315
0 0.250391 0.472917 0.015365 0.027315
0 0.250651 0.491898 0.012760 0.026389
0 0.250260 0.446528 0.013021 0.024537
0 0.249609 0.383333 0.013802 0.021296
0 0.252214 0.179167 0.011719 0.024074
0 0.284115 0.180787 0.016146 0.015278
0 0.302604 0.180324 0.016146 0.015278
0 0.301953 0.258565 0.017448 0.013426
0 0.282292 0.275000 0.016667 0.012037
0 0.282682 0.289583 0.017448 0.013426
0 0.282682 0.306250 0.017448 0.013426
0 0.282422 0.336806 0.017448 0.013426
0 0.300911 0.338194 0.017448 0.013426
0 0.282682 0.351620 0.017448 0.013426
0 0.282682 0.366435 0.017448 0.013426
0 0.281380 0.382176 0.017448 0.013426
0 0.282161 0.398843 0.017448 0.013426
0 0.300391 0.400694 0.017448 0.013426
0 0.299870 0.431250 0.017448 0.013426
0 0.281380 0.445139 0.017448 0.013426
0 0.281510 0.322454 0.013021 0.011574
0 0.283984 0.226852 0.014323 0.012963
0 0.300521 0.368519 0.015104 0.012037
0 0.282031 0.415741 0.012500 0.011111
0 0.281901 0.432176 0.011719 0.010648
0 0.299479 0.416667 0.016667 0.012037
0 0.300260 0.463657 0.014063 0.012500
0 0.331380 0.503009 0.016927 0.014352
0 0.332552 0.458333 0.016146 0.027778
0 0.331250 0.413426 0.012500 0.026852
0 0.330208 0.377083 0.008333 0.015278
0 0.333984 0.306713 0.013281 0.026389
0 0.334245 0.267130 0.012760 0.022222
0 0.333594 0.243981 0.014063 0.025926
0 0.333464 0.225463 0.015885 0.025000
0 0.333203 0.204167 0.015885 0.025000
0 0.335286 0.181019 0.015885 0.025000
0 0.334505 0.162500 0.015885 0.025000
0 0.335286 0.140509 0.012240 0.018981
0 0.314193 0.007870 0.017448 0.012037
0 0.336849 0.008565 0.017448 0.013426
0 0.318880 0.046759 0.017448 0.013889
0 0.293229 0.088657 0.014583 0.011574
0 0.312891 0.091204 0.014844 0.010185
0 0.423177 0.012269 0.018229 0.013426
0 0.449870 0.015509 0.017448 0.011574
0 0.494401 0.003704 0.018490 0.006481
0 0.533333 0.015972 0.017188 0.011574
0 0.555599 0.017824 0.016406 0.011574
0 0.598437 0.039352 0.016667 0.012037
0 0.597396 0.056944 0.016667 0.012037
0 0.618750 0.059259 0.016667 0.012037
0 0.640104 0.057407 0.016667 0.012037
0 0.640104 0.019907 0.016667 0.012037
0 0.617708 0.019444 0.016667 0.012037
0 0.708854 0.013426 0.017708 0.012963
0 0.709115 0.029167 0.017708 0.012963
0 0.709375 0.044213 0.015625 0.011574
0 0.707292 0.075926 0.017708 0.012963
0 0.706250 0.137037 0.017708 0.012963
0 0.704427 0.200000 0.017708 0.012963
0 0.706771 0.090972 0.014063 0.011574
0 0.706771 0.151620 0.015625 0.013426
0 0.705729 0.229167 0.018750 0.012963
0 0.663411 0.179167 0.007552 0.030556
0 0.664323 0.103935 0.007812 0.032870
0 0.664062 0.140046 0.006771 0.031944
0 0.703516 0.261574 0.016927 0.015741
0 0.703776 0.275000 0.016927 0.015741
0 0.704036 0.290278 0.016927 0.015741
0 0.702734 0.305556 0.016927 0.015741
0 0.703776 0.337037 0.016927 0.015741
0 0.702995 0.366204 0.016927 0.015741
0 0.701432 0.381481 0.016927 0.015741
0 0.701953 0.396759 0.016927 0.015741
0 0.702214 0.413426 0.016927 0.015741
0 0.702214 0.428241 0.016927 0.015741
0 0.703776 0.443056 0.016927 0.015741
0 0.700391 0.488426 0.016927 0.015741
0 0.704036 0.321065 0.015885 0.011574
0 0.701693 0.473611 0.014844 0.012963
0 0.700521 0.519676 0.018229 0.013426
0 0.700260 0.535417 0.018229 0.013426
0 0.698047 0.551157 0.012760 0.012500
0 0.685937 0.584722 0.007812 0.030556
0 0.661328 0.334259 0.007031 0.022222
0 0.671354 0.391898 0.009896 0.028241
0 0.685156 0.456713 0.006771 0.023611
0 0.660677 0.449537 0.006250 0.025926
0 0.659245 0.517824 0.008594 0.028241
0 0.642969 0.586343 0.013021 0.013426
0 0.698307 0.656250 0.016927 0.016204
0 0.697786 0.671991 0.016927 0.016204
0 0.697526 0.730787 0.016927 0.016204
0 0.696484 0.746065 0.016927 0.016204
0 0.695182 0.760880 0.016927 0.016204
0 0.694661 0.806713 0.016927 0.016204
0 0.695833 0.823148 0.017708 0.012963
0 0.693099 0.791435 0.011719 0.012500
0 0.693880 0.851620 0.016406 0.012500
0 0.692839 0.866898 0.016406 0.012500
0 0.694401 0.896991 0.016406 0.012500
0 0.694661 0.911343 0.016406 0.012500
0 0.693359 0.927083 0.016406 0.012500
0 0.693620 0.941435 0.016406 0.012500
0 0.692708 0.970370 0.018229 0.014815
0 0.692187 0.985185 0.017708 0.013889
2 0.694531 0.881250 0.019792 0.012500
0 0.905859 0.119444 0.019010 0.013889
0 0.926172 0.133796 0.013802 0.026852
0 0.928776 0.173611 0.013802 0.026852
0 0.929297 0.191204 0.013802 0.026852
0 0.931641 0.227778 0.013802 0.026852
0 0.928125 0.291898 0.014583 0.024537
0 0.926042 0.338657 0.014583 0.024537
0 0.925260 0.359954 0.014583 0.024537
0 0.923698 0.380324 0.014583 0.024537
0 0.923698 0.401157 0.014583 0.024537
0 0.923958 0.418287 0.014583 0.024537
0 0.922917 0.439120 0.014583 0.024537
0 0.923958 0.457639 0.013542 0.022685
0 0.925911 0.476157 0.016406 0.027315
0 0.925521 0.498148 0.015104 0.026852
0 0.892318 0.485648 0.016927 0.013889
0 0.892318 0.470833 0.016927 0.013889
0 0.892318 0.441667 0.016927 0.013889
0 0.893620 0.407870 0.016927 0.013889
0 0.894401 0.365278 0.016927 0.013889
0 0.896354 0.333565 0.012500 0.014352
0 0.894271 0.317593 0.016146 0.013889
0 0.895052 0.302546 0.018229 0.014352
0 0.895703 0.286111 0.015365 0.013889
0 0.895833 0.256481 0.018229 0.016667
0 0.896875 0.227083 0.017188 0.014352
0 0.896875 0.209491 0.017188 0.014352
0 0.896875 0.195139 0.017188 0.014352
0 0.882812 0.225000 0.008854 0.014815
0 0.878125 0.470139 0.008854 0.014352
0 0.879687 0.440046 0.004687 0.010648
0 0.877865 0.484722 0.008854 0.009259
0 0.923828 0.754398 0.015885 0.022685
0 0.921484 0.776389 0.015365 0.022222
0 0.918750 0.794213 0.014583 0.025463
0 0.917839 0.816204 0.013281 0.021296
0 0.914714 0.833565 0.015365 0.023611
0 0.913411 0.894907 0.012760 0.024074
0 0.912500 0.934259 0.015104 0.029630
0 0.911979 0.953935 0.014583 0.025463
0 0.910417 0.974074 0.014063 0.025000
0 0.885677 0.777546 0.016667 0.014352
0 0.884375 0.808565 0.016667 0.014352
0 0.884375 0.822917 0.016667 0.014352
0 0.884115 0.838194 0.016667 0.014352
0 0.884635 0.853472 0.016667 0.014352
0 0.883594 0.886343 0.016667 0.014352
0 0.883073 0.900694 0.016667 0.014352
0 0.882292 0.945139 0.016667 0.014352
0 0.880990 0.961343 0.016667 0.014352
0 0.881120 0.993056 0.012240 0.013889
0 0.868620 0.992824 0.007552 0.014352
0 0.883203 0.931944 0.013802 0.012037
0 0.885677 0.915972 0.011458 0.014352
0 0.884245 0.869444 0.015365 0.012963
0 0.870313 0.778472 0.008854 0.009722
0 0.835547 0.729398 0.010677 0.018056
0 0.868750 0.760648 0.016667 0.010185
0 0.637760 0.980324 0.010417 0.011574
0 0.638151 0.927083 0.013802 0.013426
0 0.636589 0.911806 0.011198 0.012500
0 0.637500 0.881250 0.012500 0.013426
0 0.637891 0.866667 0.012760 0.012037
0 0.638802 0.853241 0.011458 0.012037
0 0.639193 0.836806 0.012760 0.011574
0 0.639844 0.804861 0.014063 0.013426
0 0.695573 0.775926 0.017188 0.011111
0 0.832682 0.718519 0.009635 0.010185
0 0.920703 0.559722 0.015885 0.007407
0 0.922396 0.537269 0.008854 0.010648
0 0.640885 0.759259 0.010417 0.013889
0 0.639193 0.745139 0.010677 0.009722
0 0.640625 0.729398 0.012500 0.013426
0 0.640755 0.708796 0.012240 0.010185
0 0.641016 0.615278 0.016406 0.012963
0 0.641667 0.631713 0.011458 0.013426
0 0.642318 0.646528 0.013281 0.012500
0 0.642188 0.692824 0.011458 0.012500
0 0.257812 0.678472 0.014063 0.012500
0 0.247005 0.712037 0.014844 0.027778
0 0.247005 0.736574 0.014844 0.027778
0 0.246484 0.762963 0.014844 0.027778
0 0.247266 0.812037 0.014844 0.027778
0 0.245964 0.858333 0.014844 0.027778
0 0.245182 0.881019 0.014844 0.027778
0 0.244922 0.900463 0.014844 0.027778
0 0.244792 0.922917 0.015104 0.023611
0 0.245833 0.833102 0.012500 0.027315
0 0.245573 0.784028 0.013021 0.022685
0 0.279167 0.735648 0.016667 0.012963
0 0.298438 0.736111 0.016667 0.012963
0 0.297917 0.751389 0.016667 0.012963
0 0.297396 0.768056 0.016667 0.012963
0 0.297135 0.782870 0.016667 0.012963
0 0.296615 0.811574 0.016667 0.012963
0 0.277604 0.840278 0.016667 0.012963
0 0.277344 0.856944 0.016667 0.012963
0 0.295573 0.917130 0.016667 0.012963
0 0.277083 0.916204 0.016667 0.012963
0 0.276953 0.946759 0.017448 0.013889
0 0.295703 0.947222 0.017448 0.013889
0 0.295182 0.962963 0.017448 0.013889
0 0.276432 0.960648 0.017448 0.013889
0 0.294141 0.991667 0.017448 0.013889
0 0.276562 0.975926 0.016146 0.012963
0 0.246094 0.975926 0.014583 0.024074
0 0.326172 0.975231 0.014323 0.022685
0 0.325130 0.949074 0.011198 0.018519
0 0.328516 0.830324 0.014323 0.025463
0 0.327734 0.808102 0.015365 0.026389
0 0.328516 0.790972 0.015365 0.026389
0 0.330339 0.771065 0.013802 0.023611
0 0.330078 0.748611 0.015885 0.023148
0 0.329167 0.728009 0.015625 0.021759
0 0.330469 0.711574 0.013021 0.017593
0 0.439583 0.990046 0.014063 0.019907
0 0.440885 0.969907 0.013542 0.027778
0 0.439583 0.948611 0.013542 0.027778
0 0.441146 0.926389 0.013542 0.027778
0 0.440625 0.902778 0.013542 0.027778
0 0.440885 0.879630 0.013542 0.027778
0 0.440885 0.855093 0.013542 0.027778
0 0.442448 0.833796 0.013542 0.027778
0 0.442188 0.785417 0.016146 0.030093
0 0.443750 0.765509 0.016146 0.030093
0 0.444271 0.745602 0.016146 0.030093
0 0.443750 0.721991 0.016146 0.030093
0 0.443880 0.691204 0.015365 0.028704
0 0.443880 0.668519 0.015365 0.028704
0 0.445182 0.646528 0.013802 0.025463
0 0.494401 0.691898 0.016406 0.013426
0 0.474870 0.719676 0.016406 0.013426
0 0.493620 0.753009 0.016406 0.013426
0 0.474349 0.752546 0.016406 0.013426
0 0.473568 0.767361 0.016406 0.013426
0 0.474089 0.797917 0.016406 0.013426
0 0.474349 0.813194 0.016406 0.013426
0 0.492318 0.813194 0.016406 0.013426
0 0.472786 0.844213 0.016406 0.013426
0 0.471745 0.859028 0.016406 0.013426
0 0.473047 0.873843 0.016406 0.013426
0 0.473047 0.890509 0.016406 0.013426
0 0.490755 0.920602 0.016406 0.013426
0 0.472526 0.920139 0.016406 0.013426
0 0.472786 0.935880 0.016406 0.013426
0 0.472266 0.950694 0.016406 0.013426
0 0.490755 0.965972 0.016406 0.013426
0 0.489974 0.982639 0.016406 0.013426
0 0.471875 0.966898 0.017708 0.014352
0 0.471875 0.980324 0.017708 0.014352
0 0.522266 0.937500 0.014844 0.025926
0 0.491536 0.951620 0.013281 0.012500
0 0.522526 0.896528 0.012760 0.021759
0 0.525130 0.708796 0.015365 0.025926
0 0.525130 0.729398 0.014323 0.024537
0 0.524349 0.751620 0.014323 0.021759
0 0.523568 0.771528 0.013281 0.020833
0 0.524089 0.790278 0.015885 0.024074
0 0.523047 0.810185 0.012760 0.016667
0 0.641536 0.675694 0.012760 0.013426
2 0.525651 0.653009 0.014323 0.028241
0 0.480990 0.495602 0.016146 0.011574
0 0.476432 0.523611 0.008594 0.011111
0 0.448568 0.536574 0.012760 0.019444
0 0.446354 0.518981 0.015104 0.024074
0 0.445833 0.499537 0.014583 0.023148
0 0.447786 0.477546 0.014323 0.020833
0 0.446354 0.458796 0.014063 0.022222
0 0.480469 0.480324 0.017188 0.012500
0 0.479427 0.464120 0.017188 0.012500
0 0.479948 0.449306 0.017188 0.012500
0 0.479687 0.433565 0.017188 0.012500
0 0.480469 0.417824 0.017188 0.012500
0 0.480469 0.404398 0.017188 0.012500
0 0.481901 0.297454 0.015885 0.013426
0 0.447266 0.431481 0.017448 0.023148
0 0.446745 0.412963 0.017448 0.023148
0 0.448307 0.371296 0.017448 0.023148
0 0.448828 0.348611 0.017448 0.023148
0 0.448828 0.330093 0.017448 0.023148
0 0.448828 0.308333 0.017448 0.023148
0 0.447786 0.288426 0.017448 0.023148
0 0.449089 0.270833 0.017448 0.023148
2 0.481771 0.342824 0.016146 0.014352
0 0.481510 0.358102 0.015104 0.012500
0 0.479818 0.387731 0.014844 0.012500
0 0.482682 0.281481 0.015885 0.010185
0 0.482422 0.265046 0.015885 0.013426
0 0.482161 0.251157 0.015885 0.013426
0 0.481641 0.187731 0.015885 0.013426
0 0.482422 0.173380 0.015885 0.013426
0 0.482812 0.144213 0.017708 0.014352
0 0.480469 0.204398 0.013021 0.016204
0 0.482943 0.113657 0.015365 0.012500
0 0.482422 0.097685 0.016927 0.011111
0 0.451172 0.074306 0.014844 0.026389
0 0.449609 0.097917 0.014844 0.026389
0 0.450651 0.117361 0.014844 0.026389
0 0.450651 0.138194 0.014844 0.026389
0 0.448568 0.181250 0.014323 0.022685
0 0.450000 0.208102 0.015104 0.025463
0 0.449219 0.226620 0.015625 0.025463
0 0.449349 0.246296 0.017448 0.022222
