0 0.007292 0.143056 0.007812 0.026852
2 0.010417 0.184259 0.011458 0.034259
0 0.017578 0.226620 0.007552 0.027315
0 0.019010 0.263194 0.006771 0.028241
0 0.027995 0.008333 0.021615 0.012037
0 0.042708 0.016898 0.010937 0.028241
0 0.082552 0.007639 0.015625 0.013426
0 0.101693 0.009028 0.018490 0.011574
2 0.125000 0.010417 0.019792 0.011574
0 0.145443 0.009954 0.017448 0.012500
0 0.301432 0.018750 0.018490 0.013426
0 0.313021 0.078704 0.012500 0.012037
0 0.311198 0.092593 0.011458 0.012037
0 0.310417 0.108565 0.013542 0.013426
0 0.310156 0.123380 0.014063 0.014352
0 0.310677 0.140278 0.015625 0.014815
0 0.335417 0.128704 0.007812 0.030556
0 0.343229 0.085880 0.007292 0.023611
0 0.003385 0.810185 0.006250 0.026852
0 0.246094 0.290741 0.017708 0.014815
0 0.182812 0.336111 0.017188 0.024074
0 0.182292 0.375463 0.017188 0.024074
0 0.187500 0.402315 0.017188 0.024074
0 0.182552 0.442130 0.017188 0.024074
0 0.181250 0.461111 0.017188 0.024074
0 0.183594 0.480556 0.017188 0.024074
0 0.180729 0.498148 0.017188 0.024074
2 0.180469 0.514815 0.017188 0.024074
0 0.180990 0.536111 0.017188 0.024074
0 0.179688 0.553241 0.017188 0.024074
0 0.180469 0.572685 0.017188 0.024074
0 0.178646 0.589815 0.017188 0.024074
0 0.179688 0.613426 0.017188 0.024074
0 0.179167 0.634259 0.017188 0.024074
0 0.179036 0.654630 0.017969 0.024074
0 0.175521 0.680556 0.007292 0.032407
0 0.176302 0.725231 0.009375 0.031944
0 0.175391 0.772222 0.009635 0.028704
0 0.174349 0.811806 0.008073 0.031944
2 0.183724 0.691435 0.010156 0.033796
0 0.215625 0.391435 0.017188 0.015278
0 0.216667 0.436806 0.017188 0.015278
0 0.215625 0.452546 0.017188 0.015278
0 0.214062 0.482176 0.017188 0.015278
0 0.232682 0.515741 0.017969 0.012037
0 0.232422 0.547222 0.017969 0.012037
0 0.231380 0.561574 0.015365 0.012963
0 0.231771 0.576389 0.015625 0.013889
0 0.213802 0.589815 0.016146 0.012963
0 0.213281 0.606019 0.016146 0.012963
0 0.214583 0.621296 0.016146 0.012963
0 0.215625 0.678472 0.011979 0.011574
0 0.222526 0.759954 0.017969 0.014352
0 0.243229 0.759954 0.018229 0.015278
0 0.178385 0.849306 0.016146 0.031019
0 0.177214 0.871065 0.012760 0.021759
0 0.176693 0.891667 0.013281 0.022222
0 0.177214 0.912963 0.015365 0.026852
0 0.176563 0.937269 0.015104 0.024537
0 0.174479 0.985185 0.017188 0.025000
0 0.208073 0.895370 0.015104 0.013889
0 0.226693 0.895833 0.019010 0.015741
0 0.208333 0.941435 0.014583 0.013426
0 0.226693 0.973380 0.020052 0.014352
0 0.206380 0.986343 0.016927 0.016204
0 0.254167 0.923148 0.007812 0.018519
0 0.253125 0.941898 0.006771 0.019907
0 0.239063 0.722685 0.016146 0.013889
0 0.307422 0.765509 0.018490 0.013426
0 0.330078 0.766898 0.019010 0.015278
0 0.347396 0.728704 0.017708 0.012963
0 0.349870 0.766898 0.017448 0.013426
0 0.384245 0.222222 0.016406 0.012963
0 0.384505 0.236806 0.017448 0.012500
0 0.383594 0.250926 0.013021 0.012037
0 0.382943 0.265278 0.014844 0.011111
0 0.383203 0.281944 0.019010 0.014815
0 0.382682 0.313426 0.017448 0.012963
0 0.381771 0.330093 0.018229 0.012963
0 0.382031 0.343519 0.016146 0.012963
0 0.382292 0.359028 0.017708 0.014352
0 0.381771 0.374537 0.016667 0.012037
0 0.381901 0.407407 0.018490 0.014815
0 0.381901 0.424306 0.018490 0.013426
0 0.381901 0.453472 0.018490 0.013426
0 0.381380 0.484028 0.018490 0.013426
0 0.381380 0.500231 0.018490 0.013426
0 0.381380 0.513889 0.016406 0.010185
0 0.380469 0.529861 0.015104 0.014352
0 0.380208 0.544907 0.016146 0.012037
0 0.378646 0.560648 0.015104 0.012963
0 0.462760 0.222222 0.016146 0.013889
0 0.419141 0.267593 0.017969 0.013889
0 0.417839 0.283333 0.017969 0.013889
0 0.418099 0.298611 0.017969 0.013889
0 0.418359 0.314352 0.017969 0.013889
0 0.417578 0.344444 0.017969 0.013889
0 0.417839 0.359722 0.017969 0.013889
0 0.417057 0.374537 0.017969 0.013889
0 0.417578 0.391204 0.017969 0.013889
0 0.463802 0.237963 0.016146 0.013889
0 0.462240 0.253241 0.016146 0.013889
0 0.462891 0.270370 0.017448 0.013889
0 0.460547 0.299537 0.017448 0.013889
0 0.461849 0.316204 0.017448 0.013889
0 0.460286 0.330556 0.017448 0.013889
0 0.461589 0.362500 0.017448 0.013889
0 0.460026 0.407407 0.017448 0.013889
0 0.430599 0.420602 0.007552 0.031019
0 0.431380 0.380324 0.007552 0.031019
0 0.431380 0.339120 0.007552 0.031019
0 0.431641 0.299306 0.007552 0.031019
0 0.460156 0.374306 0.014583 0.014352
0 0.416667 0.451157 0.017188 0.012500
0 0.417187 0.465509 0.017188 0.012500
0 0.416146 0.496528 0.017188 0.012500
0 0.416667 0.512269 0.017188 0.012500
0 0.415885 0.527083 0.017188 0.012500
0 0.429818 0.460648 0.006510 0.032407
0 0.430339 0.500000 0.007552 0.031481
0 0.461068 0.449537 0.018490 0.011111
0 0.460547 0.481944 0.016406 0.012963
0 0.460938 0.497917 0.016146 0.017130
0 0.380078 0.593750 0.017448 0.012500
0 0.380078 0.609954 0.017448 0.012500
0 0.379557 0.625694 0.017448 0.012500
0 0.379297 0.639583 0.017448 0.012500
0 0.380859 0.653935 0.017448 0.012500
0 0.379036 0.668287 0.017969 0.011574
0 0.415365 0.557639 0.017188 0.012500
0 0.415365 0.574769 0.017188 0.012500
0 0.415365 0.589120 0.017188 0.012500
0 0.415104 0.604861 0.017188 0.012500
0 0.415625 0.620139 0.017188 0.012500
0 0.414583 0.635880 0.017188 0.012500
0 0.429818 0.584722 0.007552 0.031481
0 0.428776 0.626852 0.007552 0.031481
0 0.429036 0.665278 0.007552 0.031481
0 0.414062 0.665741 0.017188 0.012037
0 0.414453 0.684491 0.016927 0.014352
0 0.416276 0.701620 0.016927 0.015278
0 0.419271 0.717593 0.016146 0.011111
2 0.458333 0.685648 0.019792 0.014815
0 0.416016 0.768981 0.018490 0.013889
0 0.434766 0.768519 0.016406 0.013889
0 0.375521 0.791204 0.016146 0.027778
0 0.374609 0.813426 0.013802 0.023148
0 0.375000 0.832176 0.014583 0.020833
0 0.375911 0.852315 0.015885 0.025926
0 0.406120 0.827546 0.013281 0.011574
0 0.405859 0.856019 0.012760 0.012037
0 0.407161 0.887500 0.015885 0.012963
0 0.406901 0.902315 0.015885 0.012963
0 0.407682 0.918056 0.015885 0.012963
0 0.374609 0.894444 0.014323 0.024074
0 0.373828 0.918750 0.013802 0.023611
0 0.373437 0.940741 0.015104 0.025000
0 0.373958 0.958565 0.017708 0.026389
0 0.373047 0.982639 0.014323 0.022685
0 0.407031 0.963657 0.015104 0.014352
0 0.406771 0.979398 0.015104 0.014352
0 0.406901 0.995370 0.015365 0.009259
0 0.495443 0.770139 0.016406 0.011574
0 0.560026 0.736574 0.015365 0.011111
0 0.543359 0.773611 0.015365 0.012037
0 0.563542 0.772917 0.018229 0.012500
0 0.533724 0.147917 0.007031 0.014352
0 0.562370 0.135185 0.005990 0.026852
0 0.552083 0.150231 0.006250 0.011574
0 0.552865 0.095833 0.007292 0.025926
0 0.571484 0.016204 0.008594 0.025926
0 0.571354 0.048148 0.007812 0.033333
0 0.572656 0.086574 0.006771 0.032407
0 0.621354 0.023843 0.006250 0.032870
0 0.608203 0.065972 0.007031 0.031019
0 0.620573 0.062269 0.007812 0.031944
0 0.628646 0.090741 0.006771 0.021296
0 0.603125 0.138194 0.011979 0.031944
0 0.616797 0.170139 0.015365 0.028241
0 0.644271 0.092593 0.012500 0.026852
0 0.649349 0.120370 0.018490 0.015741
0 0.636849 0.148611 0.006510 0.021296
0 0.644661 0.151852 0.007031 0.029630
0 0.654557 0.150926 0.007552 0.030556
0 0.578255 0.227315 0.016927 0.012963
0 0.578646 0.256481 0.017708 0.012963
0 0.578125 0.271759 0.017708 0.012963
0 0.577865 0.287037 0.017708 0.012963
0 0.577865 0.304167 0.017708 0.012963
0 0.576953 0.319907 0.015885 0.012037
0 0.593750 0.331713 0.006771 0.030093
0 0.577344 0.353472 0.017188 0.013426
0 0.577604 0.367824 0.017188 0.013426
0 0.576823 0.383102 0.017188 0.013426
0 0.576042 0.397917 0.017188 0.013426
0 0.576562 0.416435 0.017188 0.013426
0 0.575260 0.431713 0.017188 0.013426
0 0.626302 0.230093 0.009375 0.035185
0 0.646875 0.220602 0.013021 0.028241
0 0.638802 0.238889 0.013021 0.011111
0 0.636719 0.255093 0.017708 0.012037
0 0.637760 0.270833 0.017708 0.012037
0 0.631771 0.285417 0.008333 0.013426
0 0.635156 0.300694 0.015104 0.013426
0 0.636979 0.315509 0.017708 0.014352
0 0.622005 0.328472 0.018490 0.020833
0 0.636589 0.346759 0.015365 0.012037
0 0.636068 0.361806 0.017448 0.013426
0 0.635807 0.377546 0.018490 0.014352
0 0.637760 0.393519 0.017708 0.014815
0 0.636849 0.407639 0.018490 0.013426
0 0.574089 0.490972 0.016927 0.013426
0 0.575391 0.506481 0.012240 0.011111
0 0.620703 0.436574 0.008073 0.031481
0 0.635547 0.438889 0.017969 0.012963
0 0.635286 0.453704 0.017969 0.012963
0 0.636328 0.468981 0.017969 0.012963
0 0.635026 0.485185 0.017969 0.012963
0 0.635286 0.498611 0.017969 0.012963
0 0.634245 0.515278 0.017969 0.012963
0 0.634245 0.531019 0.017969 0.012963
0 0.633464 0.561574 0.017969 0.012963
0 0.574609 0.536806 0.018490 0.014352
0 0.575521 0.552546 0.016146 0.012500
0 0.619661 0.506713 0.006510 0.031019
0 0.613802 0.591898 0.006771 0.023611
0 0.633594 0.605787 0.018229 0.012500
0 0.633203 0.622685 0.017448 0.013889
0 0.632682 0.637500 0.016406 0.010185
0 0.573047 0.599306 0.018490 0.015278
0 0.573698 0.616435 0.017188 0.014352
0 0.573698 0.692361 0.010937 0.008796
0 0.633724 0.653009 0.016406 0.011574
0 0.632422 0.699074 0.017969 0.012963
0 0.632422 0.715278 0.017969 0.012963
0 0.632682 0.730093 0.017969 0.012963
0 0.632943 0.746759 0.017969 0.012963
0 0.632552 0.760880 0.016146 0.011574
0 0.631250 0.790278 0.017708 0.014815
0 0.631120 0.806713 0.013281 0.010648
0 0.630599 0.852315 0.019010 0.014815
0 0.588542 0.821065 0.007812 0.033796
0 0.588802 0.855556 0.006250 0.030556
0 0.630990 0.868519 0.014583 0.012037
0 0.588542 0.893287 0.006250 0.031019
0 0.587891 0.930324 0.008073 0.019907
0 0.628776 0.912963 0.017448 0.012963
0 0.629557 0.944444 0.017448 0.012963
0 0.627734 0.975463 0.017448 0.012963
0 0.627474 0.990741 0.017448 0.012963
0 0.587630 0.994676 0.009115 0.010648
0 0.663672 0.210185 0.007031 0.026852
0 0.672396 0.151620 0.007292 0.026389
0 0.680859 0.151389 0.006510 0.025926
0 0.671745 0.207639 0.006510 0.013426
0 0.689844 0.150231 0.006771 0.021759
0 0.721615 0.088889 0.007812 0.030556
0 0.697396 0.153241 0.008333 0.031481
0 0.707031 0.156019 0.008333 0.031481
0 0.716667 0.154630 0.008333 0.031481
0 0.724740 0.154630 0.008333 0.031481
0 0.740625 0.150463 0.008333 0.031481
0 0.750521 0.154167 0.008333 0.031481
0 0.759896 0.153241 0.008333 0.031481
0 0.769531 0.154630 0.008333 0.031481
0 0.732812 0.152546 0.007292 0.022685
0 0.730339 0.089120 0.007031 0.027315
0 0.738151 0.088889 0.007552 0.032407
0 0.747005 0.090278 0.007552 0.032407
0 0.756641 0.089815 0.007552 0.032407
0 0.764453 0.091667 0.007552 0.032407
0 0.774609 0.091435 0.005990 0.026389
0 0.782292 0.094213 0.007292 0.029167
0 0.790755 0.095370 0.007552 0.029630
0 0.810937 0.091898 0.009375 0.031944
2 0.820052 0.094213 0.007812 0.033796
0 0.828776 0.092130 0.008594 0.031481
0 0.837240 0.091435 0.008854 0.030093
2 0.847396 0.088889 0.009896 0.037963
2 0.876172 0.078704 0.023177 0.013889
0 0.893750 0.043981 0.008333 0.032407
2 0.921745 0.043519 0.009115 0.034259
2 0.926172 0.120139 0.010156 0.034722
0 0.903255 0.044213 0.008073 0.029167
0 0.911719 0.044444 0.008333 0.029630
0 0.928906 0.045833 0.008854 0.035185
0 0.938411 0.043750 0.007552 0.031019
0 0.956901 0.047454 0.008594 0.036574
0 0.971875 0.046065 0.007292 0.033796
2 0.948177 0.046759 0.009375 0.037963
0 0.981510 0.048380 0.007292 0.032870
0 0.880208 0.121991 0.008333 0.030093
0 0.889844 0.124074 0.006250 0.020370
0 0.897656 0.119444 0.007812 0.023148
0 0.907161 0.116204 0.008594 0.022222
0 0.915495 0.117130 0.009635 0.022222
0 0.941536 0.115509 0.008594 0.018981
0 0.949740 0.114120 0.006250 0.012500
0 0.809766 0.196065 0.017448 0.011574
0 0.830729 0.195833 0.016667 0.011111
0 0.860547 0.191667 0.013802 0.025926
0 0.861068 0.215278 0.013281 0.025926
0 0.830078 0.212963 0.017969 0.015741
0 0.810807 0.211111 0.016406 0.012963
0 0.810937 0.227778 0.018229 0.012963
0 0.829948 0.243056 0.013021 0.010185
0 0.812240 0.259028 0.015104 0.013426
0 0.811849 0.273380 0.014323 0.012500
0 0.828906 0.305556 0.016146 0.012037
0 0.809766 0.318981 0.018490 0.013889
0 0.815234 0.304861 0.008073 0.011574
0 0.809896 0.335185 0.014583 0.012037
0 0.828516 0.336343 0.019010 0.014352
0 0.808594 0.350231 0.013542 0.009722
0 0.809635 0.365741 0.018229 0.012037
0 0.810026 0.381019 0.019010 0.012963
0 0.827604 0.365509 0.016667 0.013426
0 0.828906 0.381944 0.017708 0.012963
0 0.862109 0.234954 0.013281 0.022685
0 0.862500 0.254630 0.016146 0.023148
0 0.860156 0.277778 0.015104 0.023148
0 0.861198 0.299074 0.015104 0.023148
0 0.860938 0.339352 0.015104 0.023148
0 0.860938 0.360648 0.015104 0.023148
0 0.860417 0.381944 0.015104 0.023148
0 0.827083 0.412963 0.016667 0.012963
0 0.808984 0.412037 0.016927 0.013889
0 0.808333 0.426852 0.015104 0.012037
0 0.810026 0.442824 0.015885 0.016204
0 0.826693 0.443287 0.017448 0.013426
0 0.860547 0.418750 0.013802 0.025463
0 0.859115 0.444676 0.013542 0.026389
0 0.859635 0.463889 0.014063 0.024074
0 0.826042 0.459028 0.016667 0.012500
0 0.808073 0.474769 0.016667 0.012500
0 0.826172 0.475463 0.017969 0.013889
0 0.826562 0.490046 0.017188 0.012500
0 0.812760 0.489815 0.008854 0.011111
0 0.812370 0.504398 0.008594 0.011574
0 0.825130 0.504167 0.015885 0.011111
0 0.859896 0.480787 0.009375 0.020833
0 0.858203 0.505093 0.014323 0.022222
0 0.861328 0.522222 0.016927 0.023148
0 0.867969 0.538657 0.017188 0.018056
0 0.857552 0.565741 0.015104 0.011111
0 0.806641 0.562963 0.014323 0.012037
0 0.851953 0.848611 0.015885 0.025000
0 0.803516 0.892361 0.013281 0.011574
0 0.804557 0.909722 0.014323 0.013889
0 0.821094 0.909491 0.018229 0.014352
0 0.803776 0.924306 0.012240 0.011574
0 0.821745 0.924537 0.017448 0.012037
0 0.802604 0.938889 0.018750 0.012963
0 0.822005 0.941667 0.016927 0.012963
0 0.854688 0.885880 0.015104 0.023611
0 0.854557 0.903935 0.014844 0.022685
0 0.856771 0.940972 0.014583 0.025463
0 0.800911 0.955324 0.013281 0.012500
0 0.821484 0.971296 0.016927 0.012037
0 0.803385 0.985185 0.015625 0.012963
