0 0.058984 0.160880 0.009115 0.015278
0 0.072396 0.164583 0.017188 0.017130
0 0.075391 0.150231 0.019531 0.015278
0 0.055990 0.142824 0.020313 0.015278
0 0.056250 0.125694 0.018229 0.014352
0 0.076172 0.133565 0.020573 0.016204
0 0.076042 0.118287 0.019792 0.016204
0 0.056771 0.109259 0.018750 0.013889
2 0.056250 0.092361 0.022917 0.019907
0 0.077344 0.102778 0.020833 0.017593
0 0.079427 0.086574 0.016146 0.013889
0 0.060677 0.075926 0.020313 0.017593
0 0.062500 0.059259 0.017708 0.025926
0 0.065365 0.043056 0.016146 0.027778
0 0.081120 0.072917 0.020052 0.018981
0 0.079948 0.045833 0.008854 0.030556
0 0.088932 0.050231 0.008594 0.026389
0 0.098177 0.054861 0.008854 0.029167
0 0.115234 0.063194 0.009635 0.029167
0 0.123307 0.062037 0.008073 0.025000
0 0.132422 0.065509 0.009115 0.032870
0 0.141927 0.066667 0.009375 0.028704
0 0.108203 0.172222 0.014844 0.012963
0 0.110807 0.153704 0.016406 0.014815
0 0.113281 0.140278 0.013021 0.010185
0 0.132812 0.141898 0.016667 0.012500
0 0.131250 0.158333 0.013542 0.012037
0 0.126953 0.175463 0.015885 0.012963
0 0.138932 0.118750 0.019010 0.011574
0 0.142187 0.097917 0.019271 0.013426
0 0.164714 0.097685 0.018490 0.012963
0 0.185807 0.095370 0.016927 0.012037
0 0.182161 0.081019 0.014323 0.015741
0 0.169531 0.069907 0.011979 0.026852
0 0.159766 0.068981 0.011719 0.030556
2 0.115365 0.115741 0.022396 0.016667
0 0.118620 0.128009 0.012240 0.009722
2 0.497135 0.073380 0.010937 0.038426
2 0.655469 0.092593 0.018229 0.014815
2 0.575651 0.149074 0.019531 0.015741
2 0.603776 0.108565 0.018490 0.017130
0 0.755599 0.107870 0.016406 0.012963
0 0.006380 0.284954 0.012240 0.011574
0 0.027344 0.281250 0.018229 0.013426
0 0.004427 0.363426 0.008333 0.031481
0 0.027474 0.356944 0.017448 0.013889
0 0.043359 0.358333 0.011198 0.031481
0 0.026562 0.394444 0.008854 0.021296
0 0.048438 0.395370 0.007812 0.025926
2 0.056380 0.395602 0.008594 0.028241
0 0.033594 0.308333 0.017188 0.013889
0 0.081510 0.357639 0.014583 0.012500
0 0.100521 0.359491 0.018229 0.013426
0 0.136458 0.281944 0.017188 0.012963
0 0.066406 0.299074 0.018750 0.012963
0 0.048307 0.328704 0.019531 0.012963
2 0.124740 0.362037 0.019792 0.014815
0 0.145573 0.361574 0.018229 0.012963
0 0.158203 0.283333 0.016406 0.012963
0 0.128125 0.305787 0.017708 0.015278
1 0.208333 0.354630 0.042188 0.019444
3 0.354948 0.332870 0.006250 0.008333
0 0.233854 0.311574 0.017708 0.012963
0 0.301042 0.367593 0.018229 0.012037
0 0.296745 0.311806 0.015885 0.015278
0 0.380599 0.264583 0.017969 0.019907
0 0.409505 0.253009 0.015365 0.015278
0 0.444792 0.231713 0.018750 0.020833
0 0.483333 0.207870 0.017708 0.020370
2 0.582422 0.208796 0.017969 0.016667
0 0.668099 0.188194 0.013281 0.015278
0 0.765625 0.164583 0.019271 0.018056
0 0.007031 0.495370 0.007812 0.028704
2 0.009635 0.534259 0.010937 0.032407
0 0.017057 0.576389 0.009115 0.028704
0 0.019141 0.613889 0.008073 0.031481
0 0.026172 0.725463 0.008594 0.029630
0 0.181250 0.681019 0.017708 0.025926
0 0.183073 0.721759 0.017708 0.025926
0 0.182161 0.786574 0.015365 0.022222
0 0.181380 0.805093 0.015365 0.022222
0 0.181641 0.825000 0.015365 0.022222
0 0.180078 0.842130 0.015365 0.022222
0 0.180339 0.880556 0.015365 0.022222
0 0.179818 0.897685 0.015365 0.022222
0 0.180990 0.916898 0.016667 0.021759
0 0.179818 0.934722 0.015365 0.022222
0 0.180078 0.958333 0.015365 0.022222
0 0.179036 0.977778 0.015365 0.022222
2 0.179167 0.857870 0.018229 0.022222
0 0.214453 0.737963 0.015885 0.013889
0 0.200781 0.756944 0.017708 0.013889
0 0.215885 0.783565 0.017708 0.014352
0 0.215495 0.799769 0.017969 0.013426
0 0.214974 0.829398 0.017448 0.013426
0 0.231641 0.859954 0.017448 0.013426
0 0.232031 0.890741 0.016667 0.012037
0 0.231771 0.906481 0.014583 0.012037
0 0.213932 0.936343 0.017448 0.013426
0 0.213932 0.950231 0.017448 0.013426
0 0.213932 0.965972 0.017448 0.013426
0 0.232161 0.920602 0.013802 0.012500
0 0.343229 0.438657 0.006250 0.027315
0 0.333854 0.477778 0.007812 0.031481
0 0.309635 0.491667 0.014583 0.012037
0 0.310286 0.473843 0.013281 0.011574
0 0.311849 0.458333 0.013281 0.012963
0 0.311328 0.443287 0.012240 0.012500
0 0.312760 0.427778 0.013021 0.012963
0 0.383984 0.568750 0.016927 0.014352
0 0.385026 0.584491 0.016927 0.014352
0 0.382943 0.613194 0.016927 0.014352
0 0.383594 0.628241 0.018750 0.012963
0 0.383333 0.659722 0.017188 0.012037
0 0.381771 0.675000 0.018229 0.012963
0 0.381510 0.689815 0.018229 0.012963
0 0.382031 0.704167 0.018229 0.012963
0 0.382812 0.719444 0.018229 0.012963
0 0.382552 0.753241 0.018229 0.012963
0 0.382031 0.768981 0.018229 0.012963
0 0.380729 0.829167 0.018229 0.012963
0 0.381250 0.843981 0.018229 0.012963
0 0.379427 0.938426 0.018229 0.012963
0 0.380208 0.953704 0.018229 0.012963
0 0.379167 0.969907 0.018229 0.012963
0 0.379557 0.983102 0.017448 0.014352
0 0.381510 0.858102 0.015625 0.011574
0 0.380339 0.873611 0.014844 0.012963
0 0.379297 0.889583 0.015885 0.014352
0 0.378906 0.905324 0.014583 0.014352
0 0.381510 0.799074 0.016667 0.015741
0 0.380339 0.996759 0.016406 0.006481
0 0.417448 0.613426 0.017708 0.012963
0 0.416667 0.628241 0.017708 0.012963
0 0.417187 0.644907 0.017708 0.012963
0 0.417448 0.660648 0.017708 0.012963
0 0.418229 0.692130 0.017708 0.012963
0 0.416667 0.720833 0.017708 0.012963
0 0.417448 0.736574 0.017708 0.012963
0 0.416146 0.797222 0.017708 0.012963
0 0.417448 0.811111 0.017708 0.012963
0 0.415625 0.841667 0.017708 0.012963
0 0.416146 0.856481 0.017708 0.012963
0 0.416146 0.872917 0.017708 0.014352
0 0.415885 0.903935 0.017708 0.014352
0 0.414844 0.918287 0.017708 0.014352
0 0.415365 0.932639 0.017708 0.014352
0 0.415104 0.949769 0.017708 0.014352
0 0.415625 0.963194 0.017708 0.014352
0 0.413802 0.978935 0.017708 0.014352
0 0.428906 0.968287 0.008854 0.034722
0 0.430078 0.929398 0.007552 0.032870
0 0.430078 0.844213 0.007552 0.032870
0 0.430859 0.805324 0.007552 0.032870
0 0.430599 0.765046 0.007552 0.032870
0 0.430599 0.724769 0.007552 0.032870
0 0.430599 0.684491 0.007552 0.032870
0 0.431120 0.643519 0.008073 0.033333
0 0.463021 0.570139 0.016667 0.013426
0 0.464323 0.584028 0.016667 0.013426
0 0.461979 0.599769 0.016667 0.013426
0 0.461719 0.614352 0.016667 0.012037
0 0.461068 0.646991 0.018490 0.013426
0 0.461068 0.676620 0.018490 0.013426
0 0.461849 0.704861 0.018490 0.013426
0 0.459766 0.753009 0.018490 0.013426
0 0.460026 0.794676 0.018490 0.013426
0 0.461328 0.828472 0.018490 0.013426
0 0.461198 0.842361 0.019271 0.014352
0 0.460677 0.722454 0.016146 0.011574
0 0.461198 0.661806 0.015625 0.013426
0 0.570182 0.332639 0.006510 0.029167
0 0.570964 0.365046 0.007031 0.029167
0 0.569792 0.398611 0.007292 0.030556
0 0.570312 0.433796 0.007292 0.031481
0 0.552214 0.444676 0.007031 0.027315
0 0.532422 0.499074 0.006510 0.021296
0 0.542057 0.501389 0.006510 0.017593
0 0.550130 0.504398 0.007031 0.024537
0 0.561979 0.476620 0.007292 0.029167
0 0.606120 0.411111 0.009115 0.032407
0 0.618880 0.412269 0.006510 0.032870
0 0.619792 0.371991 0.007812 0.034722
0 0.605729 0.314120 0.008333 0.032870
0 0.601042 0.265741 0.007812 0.030556
2 0.560807 0.437731 0.007552 0.031944
0 0.627474 0.435880 0.007552 0.019907
0 0.643620 0.439583 0.013281 0.025463
0 0.577474 0.529398 0.015885 0.010648
0 0.577995 0.573611 0.015885 0.011111
0 0.577214 0.603472 0.016927 0.012500
0 0.577214 0.619213 0.018490 0.016204
0 0.576693 0.634722 0.018490 0.013889
0 0.576693 0.650463 0.018490 0.013889
0 0.575911 0.697685 0.018490 0.013889
0 0.576693 0.713889 0.018490 0.013889
0 0.576693 0.729630 0.018490 0.013889
0 0.576693 0.744444 0.018490 0.013889
0 0.575391 0.761111 0.018490 0.013889
0 0.573568 0.777315 0.018490 0.013889
0 0.573828 0.836343 0.015885 0.014352
0 0.574740 0.851389 0.011979 0.011111
0 0.573958 0.881481 0.018229 0.014815
0 0.574740 0.896991 0.016146 0.014352
0 0.572526 0.943519 0.017969 0.014815
0 0.572917 0.961111 0.017188 0.013889
0 0.576432 0.666435 0.016406 0.011574
0 0.592839 0.677315 0.006510 0.028704
0 0.632031 0.994213 0.016146 0.009722
0 0.632031 0.981713 0.016146 0.011574
0 0.631641 0.965741 0.017448 0.013889
0 0.632812 0.949769 0.017188 0.013426
0 0.632812 0.905093 0.016667 0.014815
0 0.632682 0.874769 0.018490 0.014352
0 0.632682 0.861343 0.015885 0.011574
0 0.633203 0.845833 0.017969 0.013889
0 0.634115 0.829861 0.016667 0.012500
0 0.633984 0.815972 0.017448 0.013426
0 0.633464 0.800694 0.017448 0.013426
0 0.633984 0.784954 0.017448 0.013426
0 0.635807 0.754398 0.017448 0.013426
0 0.635286 0.737269 0.017448 0.013426
0 0.633984 0.723380 0.017448 0.013426
0 0.633724 0.707639 0.017448 0.013426
0 0.635286 0.693750 0.015885 0.010648
0 0.618880 0.851620 0.007552 0.029167
0 0.610026 0.730556 0.007031 0.024074
0 0.619271 0.781019 0.007812 0.030556
0 0.625521 0.677315 0.018750 0.013889
0 0.635677 0.663426 0.017188 0.012037
0 0.634896 0.647917 0.016667 0.011574
0 0.631250 0.631713 0.009896 0.013426
0 0.636198 0.618056 0.018750 0.011111
0 0.636068 0.602083 0.017448 0.011574
0 0.624479 0.577315 0.009896 0.037037
0 0.637500 0.585417 0.013021 0.013426
0 0.638542 0.526157 0.017708 0.016204
0 0.645833 0.568056 0.013542 0.025926
0 0.634766 0.495602 0.006510 0.021759
0 0.661589 0.558333 0.008073 0.030556
0 0.669661 0.557407 0.007031 0.020370
0 0.711719 0.551620 0.007812 0.014352
0 0.721484 0.553241 0.007552 0.015741
0 0.730469 0.554398 0.007812 0.020833
0 0.675391 0.528009 0.017969 0.013426
0 0.642578 0.500000 0.007552 0.030556
0 0.653255 0.499074 0.007552 0.030556
0 0.695964 0.499537 0.007552 0.030556
0 0.705078 0.500000 0.007552 0.030556
0 0.714193 0.498148 0.007552 0.030556
0 0.721745 0.499074 0.007552 0.030556
0 0.738932 0.498148 0.007552 0.030556
0 0.747526 0.496759 0.007552 0.030556
0 0.756641 0.497685 0.007552 0.030556
0 0.766276 0.499074 0.007552 0.030556
0 0.671484 0.500231 0.007031 0.026389
0 0.679818 0.496759 0.007031 0.024074
0 0.687240 0.495139 0.007292 0.021759
0 0.747526 0.556019 0.009115 0.020370
0 0.756641 0.560185 0.009635 0.030556
0 0.765104 0.561806 0.008854 0.027315
0 0.774740 0.569213 0.007812 0.030093
0 0.710286 0.430324 0.007031 0.016204
0 0.718620 0.434491 0.008073 0.030093
0 0.727734 0.434954 0.008073 0.030093
0 0.736849 0.434722 0.007031 0.033333
0 0.744922 0.435648 0.009115 0.032407
0 0.753776 0.436111 0.009115 0.032407
0 0.763411 0.436111 0.009115 0.032407
0 0.780859 0.438889 0.009115 0.032407
0 0.789453 0.440278 0.009115 0.032407
0 0.771615 0.438426 0.007812 0.027778
0 0.808854 0.440046 0.009375 0.034722
0 0.825911 0.437500 0.008594 0.029630
0 0.834115 0.437500 0.008333 0.030556
2 0.844141 0.435417 0.009115 0.035648
2 0.817578 0.439352 0.007552 0.031481
2 0.872135 0.424537 0.021354 0.013889
2 0.921745 0.468287 0.010156 0.031019
2 0.917448 0.392361 0.009896 0.035648
2 0.943750 0.393981 0.009896 0.035185
0 0.890755 0.391204 0.008594 0.028704
0 0.899609 0.393519 0.008073 0.028704
0 0.907682 0.394213 0.008073 0.029167
0 0.926172 0.391435 0.008073 0.032870
0 0.933984 0.390046 0.008073 0.031019
0 0.952344 0.394213 0.006250 0.032870
0 0.968229 0.392824 0.008333 0.030093
0 0.977344 0.394907 0.007292 0.029630
0 0.877604 0.467361 0.009375 0.031944
0 0.894661 0.466898 0.008073 0.027315
0 0.886589 0.469907 0.006510 0.021296
0 0.903255 0.462500 0.008073 0.025926
0 0.911849 0.464583 0.008594 0.029167
0 0.938281 0.467130 0.008854 0.026852
0 0.947005 0.466204 0.009115 0.026852
0 0.955469 0.467593 0.008333 0.029630
0 0.963672 0.469676 0.007552 0.029167
0 0.974740 0.487269 0.014583 0.027315
0 0.807552 0.507407 0.016146 0.013889
0 0.822266 0.500000 0.013281 0.014815
0 0.857943 0.537731 0.012760 0.023611
0 0.859375 0.584259 0.014063 0.025926
0 0.859505 0.600694 0.014844 0.022685
0 0.858073 0.620370 0.014063 0.025926
0 0.858724 0.642361 0.014844 0.027315
0 0.857292 0.685185 0.013021 0.024074
0 0.857943 0.703472 0.014844 0.024537
0 0.857552 0.725694 0.016667 0.025463
0 0.858724 0.761806 0.014844 0.027315
0 0.857161 0.786806 0.014844 0.027315
0 0.856641 0.806713 0.014844 0.027315
0 0.856641 0.845602 0.014844 0.027315
0 0.859766 0.865972 0.016927 0.025463
0 0.865104 0.883102 0.017708 0.018981
0 0.855729 0.908565 0.015625 0.017130
0 0.804427 0.906019 0.014063 0.013889
0 0.858333 0.823380 0.010937 0.019907
0 0.807552 0.541667 0.016667 0.012963
0 0.827995 0.542130 0.013802 0.009259
0 0.808203 0.556713 0.016406 0.013426
0 0.826693 0.557639 0.016406 0.013426
0 0.808333 0.573380 0.017708 0.015278
0 0.808203 0.604861 0.016406 0.013426
0 0.808073 0.621296 0.018229 0.014815
0 0.808724 0.648380 0.017448 0.014352
0 0.827083 0.588889 0.013542 0.012037
0 0.826953 0.649074 0.017969 0.013889
0 0.825911 0.680093 0.017969 0.013889
0 0.825651 0.712963 0.017969 0.013889
0 0.826693 0.727778 0.017969 0.013889
0 0.825911 0.756944 0.017969 0.013889
0 0.825130 0.788426 0.017969 0.013889
0 0.823828 0.805093 0.017969 0.013889
0 0.823828 0.818056 0.017969 0.013889
0 0.824089 0.833796 0.017969 0.013889
0 0.823307 0.850000 0.017969 0.013889
0 0.807031 0.817824 0.015104 0.013426
0 0.806771 0.833102 0.015104 0.013426
0 0.806510 0.847917 0.015104 0.013426
0 0.808333 0.788194 0.013021 0.014352
0 0.807813 0.772222 0.013021 0.012963
0 0.808333 0.756713 0.014583 0.015278
0 0.810417 0.665741 0.013542 0.013889
0 0.808594 0.680556 0.013021 0.013889
0 0.806901 0.695833 0.011719 0.011111
0 0.809766 0.711343 0.012760 0.013426
0 0.832682 0.243287 0.008594 0.032870
0 0.832552 0.286343 0.007292 0.029167
0 0.857943 0.217361 0.017969 0.013426
0 0.858464 0.232176 0.017969 0.013426
0 0.858724 0.249306 0.019531 0.013426
0 0.859245 0.265972 0.017969 0.013426
0 0.858203 0.313657 0.017969 0.013426
0 0.858333 0.282176 0.013542 0.012500
0 0.858203 0.297454 0.015885 0.011574
3 0.765625 0.532407 0.004167 0.004630
0 0.858984 0.558333 0.017448 0.025000
0 0.383203 0.597222 0.013281 0.011111
0 0.416276 0.704630 0.015365 0.012037
0 0.730208 0.498380 0.005729 0.025463
0 0.813021 0.725926 0.005208 0.012037
2 0.106120 0.062269 0.008073 0.034722
0 0.176042 0.332176 0.019271 0.011574
0 0.839063 0.381019 0.006250 0.034259
