0 0.037240 0.267130 0.012500 0.012037
0 0.041536 0.278241 0.013281 0.013889
0 0.146484 0.010880 0.015885 0.018056
0 0.147656 0.025926 0.016146 0.024074
0 0.146745 0.047917 0.013281 0.023611
0 0.146875 0.067130 0.014063 0.028704
0 0.147005 0.113889 0.013802 0.024074
0 0.147526 0.177315 0.012240 0.025926
0 0.150391 0.214352 0.014844 0.025000
0 0.150911 0.233333 0.011719 0.022222
0 0.156120 0.269444 0.015365 0.024074
0 0.194922 0.006944 0.019010 0.012963
0 0.177604 0.038889 0.017188 0.012037
0 0.179427 0.068287 0.015625 0.014352
0 0.179818 0.083796 0.016927 0.013889
0 0.179818 0.098148 0.016927 0.013889
0 0.180859 0.112963 0.016927 0.013889
0 0.180859 0.143981 0.016927 0.013889
0 0.181641 0.173148 0.016927 0.013889
0 0.181901 0.188889 0.016927 0.013889
0 0.182943 0.203241 0.016927 0.013889
0 0.197396 0.068519 0.016146 0.012963
0 0.197396 0.083565 0.018229 0.014352
0 0.196094 0.098611 0.014063 0.012963
0 0.197135 0.113194 0.014063 0.012500
0 0.197135 0.128009 0.015104 0.011574
0 0.196615 0.174537 0.011458 0.012037
0 0.198828 0.188426 0.014323 0.011111
0 0.201432 0.203472 0.017448 0.014352
0 0.200521 0.219676 0.013021 0.012500
0 0.159375 0.550463 0.015104 0.012963
0 0.151562 0.576389 0.016146 0.021296
0 0.157943 0.591204 0.013281 0.020370
0 0.160938 0.609028 0.013542 0.025463
0 0.160026 0.633102 0.010156 0.018056
0 0.162240 0.648611 0.013021 0.025926
0 0.163151 0.668287 0.011719 0.021759
0 0.162630 0.689815 0.013281 0.025000
0 0.165104 0.730556 0.014583 0.028704
0 0.165234 0.749769 0.015885 0.024537
0 0.165625 0.771528 0.016667 0.025463
0 0.166927 0.813194 0.015104 0.024537
0 0.167839 0.831019 0.012240 0.019444
0 0.166667 0.853241 0.016146 0.023148
0 0.167187 0.872454 0.013021 0.021759
0 0.168359 0.894213 0.015365 0.027315
0 0.169922 0.915509 0.012760 0.021759
2 0.109896 0.988889 0.009375 0.022222
0 0.137109 0.990046 0.008073 0.019907
0 0.144271 0.983565 0.008333 0.021759
0 0.153255 0.985185 0.008073 0.026852
0 0.199740 0.909722 0.015104 0.012037
0 0.217448 0.906481 0.015625 0.012037
0 0.217188 0.891435 0.014583 0.013426
0 0.199219 0.891667 0.016667 0.012037
0 0.216927 0.878241 0.014063 0.011111
0 0.199479 0.862963 0.013021 0.011111
0 0.193229 0.606944 0.015625 0.011111
0 0.211328 0.547454 0.014844 0.013426
0 0.211719 0.568519 0.010417 0.014815
0 0.211328 0.604861 0.016927 0.008796
0 0.194271 0.621065 0.017188 0.012500
0 0.194792 0.636343 0.017188 0.012500
0 0.195312 0.650694 0.017188 0.012500
0 0.195312 0.665509 0.017188 0.012500
0 0.195573 0.697917 0.017188 0.012500
0 0.195312 0.727083 0.017188 0.012500
0 0.197656 0.742824 0.017188 0.012500
0 0.196875 0.772454 0.017188 0.012500
0 0.198437 0.802083 0.017188 0.012500
0 0.216276 0.802315 0.016927 0.011111
0 0.213151 0.786806 0.013802 0.012500
0 0.213672 0.770833 0.012760 0.013889
0 0.215234 0.756019 0.012240 0.010185
0 0.214714 0.741435 0.015365 0.013426
0 0.214193 0.727083 0.016406 0.014352
0 0.367448 0.012500 0.017188 0.012963
0 0.368880 0.042593 0.015885 0.012963
0 0.368490 0.058565 0.015104 0.011574
0 0.412370 0.153935 0.007031 0.030093
0 0.370833 0.073148 0.018229 0.012037
0 0.371354 0.088426 0.018229 0.012037
0 0.371615 0.103241 0.018229 0.012037
0 0.371615 0.118056 0.018229 0.012037
0 0.370052 0.150926 0.018229 0.012037
0 0.372917 0.180556 0.018229 0.012037
0 0.374219 0.241204 0.018229 0.012037
0 0.372135 0.225926 0.014583 0.013889
0 0.395573 0.217824 0.006250 0.030093
0 0.415365 0.234491 0.007292 0.030093
0 0.413411 0.194676 0.006510 0.028241
0 0.416406 0.267593 0.007292 0.030556
0 0.375260 0.287500 0.015625 0.012037
0 0.374609 0.303472 0.018490 0.014352
0 0.375651 0.346991 0.018490 0.014352
0 0.376432 0.362269 0.018490 0.014352
0 0.376953 0.378009 0.018490 0.014352
0 0.377734 0.392824 0.018490 0.014352
0 0.378776 0.454861 0.018490 0.014352
0 0.377344 0.441204 0.016667 0.013889
0 0.375521 0.333102 0.015625 0.012500
0 0.378906 0.469213 0.018750 0.014352
0 0.379036 0.486806 0.017969 0.012500
0 0.381380 0.531713 0.017969 0.012500
0 0.381120 0.560417 0.017969 0.012500
0 0.381641 0.576620 0.017969 0.012500
0 0.382422 0.621528 0.017969 0.012500
0 0.381901 0.607639 0.017969 0.012500
0 0.383464 0.683102 0.017969 0.012500
0 0.382943 0.696991 0.017969 0.012500
0 0.385547 0.712269 0.017969 0.012500
0 0.385547 0.727546 0.017969 0.012500
0 0.384766 0.744213 0.017969 0.012500
0 0.384766 0.742824 0.017969 0.012500
0 0.383073 0.591435 0.017708 0.013426
0 0.382943 0.636343 0.016406 0.015278
0 0.382422 0.651389 0.016406 0.016667
0 0.386458 0.757870 0.018229 0.013889
0 0.385807 0.773611 0.016927 0.012037
0 0.387891 0.787269 0.015885 0.012500
0 0.391016 0.803009 0.009635 0.015278
0 0.386979 0.818981 0.019271 0.012963
0 0.387891 0.832870 0.018490 0.013889
0 0.386068 0.850231 0.012240 0.012500
0 0.378906 0.867593 0.015625 0.029630
0 0.364323 0.881481 0.009375 0.025926
0 0.354427 0.881713 0.008333 0.019907
0 0.399349 0.856481 0.008073 0.036111
0 0.396875 0.583565 0.007292 0.029167
0 0.398047 0.653472 0.008073 0.031019
0 0.442318 0.311574 0.020052 0.014815
0 0.463802 0.309722 0.017708 0.010185
0 0.484245 0.308102 0.016927 0.012500
0 0.444010 0.347685 0.013542 0.011111
0 0.508984 0.305556 0.016927 0.012963
0 0.439453 0.470370 0.016406 0.013889
0 0.438151 0.487037 0.016406 0.013889
0 0.439193 0.533333 0.016406 0.013889
0 0.439193 0.548611 0.016406 0.013889
0 0.441276 0.595833 0.016406 0.013889
0 0.439193 0.579630 0.012240 0.010185
0 0.443620 0.654167 0.015885 0.014815
0 0.442839 0.686111 0.016406 0.012037
0 0.443620 0.701389 0.016406 0.012037
0 0.442839 0.717593 0.016406 0.012037
0 0.443359 0.732870 0.016406 0.012037
0 0.428125 0.754861 0.006771 0.029167
0 0.444792 0.765741 0.016667 0.014815
0 0.444531 0.781481 0.016667 0.014815
0 0.444531 0.794907 0.016667 0.014815
0 0.444271 0.812037 0.016667 0.014815
0 0.445833 0.827315 0.016667 0.014815
0 0.446354 0.856713 0.017188 0.014352
0 0.447266 0.841667 0.010677 0.011111
0 0.442448 0.669907 0.017188 0.012963
0 0.261458 0.943750 0.007292 0.031944
0 0.271615 0.945139 0.007292 0.031944
0 0.280729 0.944213 0.007292 0.031944
0 0.288802 0.944676 0.007292 0.031944
0 0.305729 0.941435 0.007292 0.031944
0 0.322917 0.940046 0.007292 0.031944
0 0.331771 0.939120 0.007292 0.031944
0 0.356510 0.936806 0.007292 0.031944
0 0.374219 0.935417 0.007292 0.031944
0 0.383333 0.934954 0.007292 0.031944
0 0.392448 0.936343 0.007292 0.031944
0 0.318620 0.967130 0.017448 0.012037
0 0.297005 0.944676 0.005990 0.021759
0 0.339583 0.940972 0.005208 0.020833
0 0.347656 0.940972 0.007292 0.024537
0 0.385807 0.990741 0.015365 0.018519
0 0.457813 0.987731 0.007292 0.022685
2 0.466927 0.985417 0.007292 0.028241
0 0.475781 0.982639 0.007292 0.028241
0 0.402214 0.991204 0.007552 0.017593
0 0.466927 0.937037 0.005729 0.028704
0 0.685026 0.970833 0.005990 0.025000
0 0.691406 0.929167 0.006771 0.031481
0 0.716276 0.915509 0.014844 0.013426
0 0.717187 0.930556 0.013021 0.011111
0 0.716146 0.945602 0.015104 0.010648
0 0.716406 0.963426 0.011979 0.012963
2 0.589844 0.011806 0.016667 0.013426
0 0.591276 0.056944 0.015885 0.014815
0 0.591016 0.073148 0.016927 0.013889
0 0.592318 0.087963 0.016927 0.013889
0 0.592318 0.104630 0.014844 0.013889
0 0.620182 0.007176 0.012760 0.013426
0 0.623958 0.020833 0.016146 0.025926
0 0.622396 0.042130 0.016146 0.025926
0 0.625000 0.061574 0.016146 0.025926
0 0.624219 0.081944 0.016146 0.025926
0 0.625000 0.105556 0.016146 0.025926
0 0.625521 0.124537 0.016146 0.025926
0 0.626563 0.146759 0.016146 0.025926
0 0.627474 0.168287 0.013802 0.024537
0 0.593099 0.149537 0.018490 0.013889
0 0.593099 0.165741 0.018490 0.013889
0 0.594141 0.180556 0.018490 0.013889
0 0.596615 0.212269 0.015104 0.011574
0 0.597266 0.240046 0.013281 0.013426
0 0.627995 0.211806 0.015365 0.026389
0 0.628776 0.232176 0.015365 0.026389
0 0.630078 0.251157 0.015365 0.026389
0 0.629297 0.275231 0.015365 0.026389
0 0.571224 0.302778 0.015885 0.011111
0 0.590104 0.300926 0.018750 0.012037
0 0.655859 0.295833 0.017969 0.010185
0 0.659505 0.333333 0.017969 0.012037
0 0.675651 0.294213 0.016406 0.009722
0 0.698307 0.292593 0.016927 0.012963
2 0.550911 0.388657 0.019010 0.012500
0 0.588932 0.353241 0.016927 0.013889
0 0.591797 0.368519 0.016927 0.013889
0 0.594401 0.384722 0.016927 0.013889
0 0.594922 0.402315 0.016927 0.013889
0 0.595573 0.434028 0.017188 0.014352
0 0.595313 0.450231 0.017188 0.014352
0 0.596615 0.465046 0.017188 0.014352
0 0.596875 0.479861 0.017188 0.014352
0 0.597135 0.495602 0.017188 0.014352
0 0.597656 0.510880 0.017188 0.014352
0 0.598437 0.541435 0.017188 0.014352
0 0.598698 0.556250 0.017188 0.014352
0 0.599219 0.571065 0.017188 0.014352
0 0.580599 0.408333 0.008073 0.031481
0 0.582161 0.446296 0.008073 0.031481
0 0.582682 0.488426 0.008073 0.031481
0 0.584635 0.569676 0.007292 0.032870
0 0.554557 0.575000 0.016927 0.015741
0 0.554427 0.590278 0.017188 0.012963
0 0.557031 0.624537 0.017188 0.012963
0 0.558333 0.666204 0.017188 0.012963
0 0.558333 0.712037 0.017188 0.012963
0 0.560417 0.741667 0.017188 0.012963
0 0.560547 0.771296 0.018490 0.013889
0 0.560156 0.757176 0.014583 0.011574
0 0.558724 0.696065 0.015885 0.012500
0 0.585938 0.609491 0.007292 0.032870
0 0.599219 0.601620 0.017188 0.012500
0 0.599740 0.617361 0.018229 0.012500
0 0.587240 0.648611 0.007292 0.031481
0 0.587630 0.689352 0.007552 0.030556
0 0.589193 0.730787 0.007031 0.029167
0 0.589714 0.768056 0.007552 0.033333
0 0.560156 0.803241 0.017188 0.012963
0 0.560677 0.818981 0.017188 0.012963
0 0.559896 0.834028 0.016667 0.013426
0 0.561849 0.849074 0.014323 0.012037
0 0.603906 0.798843 0.017708 0.012500
0 0.604427 0.784491 0.018229 0.013426
0 0.603255 0.768981 0.016927 0.012963
0 0.603255 0.753704 0.017969 0.013889
0 0.603125 0.722685 0.016667 0.012037
0 0.602865 0.708333 0.016667 0.012037
0 0.602865 0.692593 0.016667 0.012037
0 0.601302 0.676852 0.016667 0.012037
0 0.629948 0.395833 0.017188 0.011111
0 0.629557 0.410880 0.017448 0.012500
0 0.630859 0.426157 0.017448 0.012500
0 0.630599 0.440972 0.017448 0.012500
0 0.630859 0.456250 0.017448 0.012500
0 0.632161 0.471528 0.017448 0.012500
0 0.633594 0.504861 0.015625 0.012500
0 0.633333 0.520370 0.016146 0.012963
0 0.633073 0.535185 0.016146 0.012963
0 0.633594 0.551389 0.016146 0.012963
0 0.633724 0.566435 0.017448 0.013426
0 0.633984 0.582176 0.017969 0.011574
0 0.635417 0.611343 0.017708 0.013426
0 0.635156 0.642824 0.017708 0.013426
0 0.635156 0.656713 0.017708 0.013426
0 0.637240 0.690509 0.017708 0.013426
0 0.637240 0.706250 0.017708 0.013426
0 0.638542 0.720602 0.017708 0.013426
0 0.638802 0.736343 0.017708 0.013426
0 0.638802 0.752546 0.017708 0.013426
0 0.639062 0.781250 0.018750 0.012500
0 0.639974 0.798148 0.014323 0.012037
0 0.638802 0.813657 0.013542 0.011574
0 0.638542 0.826157 0.018229 0.011574
0 0.639974 0.842824 0.015885 0.011574
0 0.746224 0.106713 0.007552 0.021759
0 0.746615 0.128704 0.006771 0.019444
0 0.791797 0.006944 0.013281 0.011111
0 0.790755 0.026157 0.017969 0.013426
0 0.790234 0.039120 0.017969 0.013426
0 0.791797 0.054861 0.017969 0.013426
0 0.772526 0.072454 0.017969 0.013426
0 0.793359 0.149769 0.017969 0.013426
0 0.774740 0.150694 0.017188 0.013426
0 0.792318 0.103472 0.014844 0.011574
0 0.746354 0.150694 0.004687 0.017130
0 0.822266 0.011574 0.014844 0.022222
0 0.822786 0.031250 0.015885 0.027315
0 0.824219 0.053935 0.013021 0.029167
0 0.826172 0.105556 0.015365 0.029630
0 0.825130 0.127315 0.015365 0.029630
0 0.826302 0.148148 0.016146 0.024074
0 0.826562 0.167361 0.014063 0.025463
0 0.826172 0.191898 0.014323 0.031019
0 0.761589 0.286574 0.017969 0.012963
0 0.745052 0.326852 0.017708 0.013889
0 0.767448 0.323148 0.017188 0.012037
0 0.784766 0.285648 0.017448 0.010185
0 0.831510 0.228241 0.007812 0.032407
0 0.832422 0.269444 0.007031 0.030556
0 0.832552 0.316667 0.009375 0.031481
0 0.793750 0.368056 0.013021 0.011111
2 0.825391 0.351620 0.009635 0.033796
0 0.833724 0.359954 0.008594 0.032870
0 0.830339 0.386574 0.017448 0.023148
0 0.831641 0.409491 0.013802 0.020833
0 0.831120 0.428935 0.014844 0.018981
0 0.833203 0.451620 0.015365 0.022685
0 0.831771 0.469907 0.017188 0.023148
0 0.832422 0.489352 0.017448 0.019444
0 0.834115 0.508565 0.015625 0.021759
2 0.834896 0.528241 0.018229 0.020370
0 0.833464 0.543750 0.017448 0.019907
0 0.832682 0.559954 0.017969 0.020833
0 0.835156 0.583565 0.017708 0.020833
0 0.834245 0.600231 0.017448 0.020833
0 0.835938 0.648380 0.017708 0.019907
0 0.836589 0.666667 0.016927 0.018519
0 0.838542 0.706250 0.017708 0.024537
0 0.775781 0.758333 0.016146 0.013889
0 0.797526 0.426389 0.017448 0.013889
0 0.798307 0.440278 0.016927 0.014815
0 0.798568 0.455556 0.016927 0.014815
0 0.800911 0.562500 0.016927 0.014815
0 0.801432 0.593519 0.016927 0.014815
0 0.801172 0.609722 0.016927 0.014815
0 0.803255 0.655093 0.016927 0.014815
0 0.781120 0.473148 0.013281 0.010185
0 0.781250 0.487731 0.015104 0.009722
0 0.780469 0.503009 0.016667 0.011574
0 0.782161 0.532870 0.016406 0.012037
0 0.176953 0.277315 0.017448 0.007407
0 0.747526 0.168519 0.005990 0.018519
0 0.409245 0.009491 0.007552 0.014352
