0 0.156250 0.058333 0.018229 0.012037
0 0.203385 0.074306 0.011979 0.009722
0 0.148698 0.120139 0.016146 0.021759
0 0.147005 0.143287 0.016406 0.021759
0 0.147526 0.161806 0.013281 0.018981
0 0.146354 0.179861 0.015625 0.022685
0 0.145052 0.200231 0.015104 0.020833
0 0.143490 0.221065 0.015625 0.021759
0 0.143229 0.239583 0.016146 0.021759
0 0.139714 0.259259 0.015365 0.023148
0 0.137240 0.280556 0.015625 0.024074
0 0.132552 0.322917 0.016667 0.019907
0 0.125130 0.384954 0.015885 0.020833
0 0.124349 0.421991 0.015885 0.019907
0 0.124089 0.440972 0.015885 0.021759
0 0.122786 0.478472 0.014844 0.022685
0 0.007292 0.470602 0.013542 0.010648
0 0.006771 0.487037 0.013021 0.017593
0 0.143099 0.494907 0.018490 0.014815
0 0.200260 0.130093 0.015104 0.013889
0 0.180859 0.140972 0.016927 0.013426
0 0.196745 0.145833 0.013802 0.012963
0 0.179688 0.156481 0.016146 0.014815
0 0.193359 0.160648 0.009635 0.011111
0 0.177865 0.186343 0.016146 0.015278
0 0.191276 0.190046 0.009115 0.011574
0 0.173307 0.216898 0.016927 0.014352
0 0.170964 0.260417 0.017448 0.014352
0 0.167839 0.290741 0.016927 0.015741
0 0.180859 0.295833 0.009115 0.012963
0 0.167318 0.306250 0.016406 0.016204
0 0.183203 0.311574 0.012240 0.012963
0 0.166667 0.321296 0.017708 0.013889
0 0.181510 0.325694 0.013021 0.013426
0 0.164974 0.335648 0.015885 0.013889
0 0.181771 0.340741 0.016146 0.014815
0 0.180208 0.355324 0.016146 0.015278
0 0.161198 0.365046 0.017188 0.014352
0 0.159115 0.395139 0.017188 0.017130
0 0.157682 0.410417 0.016406 0.013426
0 0.156120 0.425463 0.016927 0.014815
0 0.168099 0.441435 0.007552 0.006944
0 0.169010 0.428009 0.008333 0.013426
0 0.171745 0.399074 0.007031 0.012037
0 0.177734 0.384028 0.007552 0.010648
0 0.172005 0.414120 0.006510 0.011574
0 0.194531 0.608333 0.006771 0.012963
0 0.094792 0.753935 0.014583 0.010648
0 0.084635 0.774769 0.017708 0.018056
0 0.089714 0.791204 0.014844 0.018519
0 0.089844 0.809954 0.016667 0.020833
0 0.086719 0.831713 0.011458 0.017130
0 0.086719 0.850463 0.015625 0.021296
0 0.086068 0.866898 0.013802 0.019907
0 0.082682 0.890046 0.012240 0.020833
0 0.090495 0.902315 0.011719 0.019444
0 0.079427 0.928935 0.016146 0.025463
0 0.077865 0.948380 0.016146 0.024537
0 0.075781 0.968981 0.016667 0.025000
0 0.119531 0.832870 0.016146 0.013889
0 0.119271 0.847685 0.016146 0.014815
0 0.117708 0.861574 0.016667 0.015741
0 0.115755 0.877778 0.015885 0.015741
0 0.133724 0.838426 0.009115 0.012037
0 0.132292 0.852315 0.009375 0.012037
0 0.123307 0.818056 0.011719 0.011111
0 0.128516 0.881019 0.007552 0.015741
0 0.112630 0.906713 0.017969 0.015278
0 0.127734 0.912037 0.010156 0.011111
0 0.108854 0.936111 0.016146 0.016667
0 0.108724 0.950926 0.017448 0.018519
0 0.106510 0.979861 0.017188 0.018056
0 0.119271 0.984954 0.006250 0.013426
0 0.118880 0.996759 0.010677 0.006481
0 0.384766 0.005324 0.015365 0.009722
0 0.383854 0.018519 0.016146 0.016667
0 0.391146 0.093981 0.006250 0.029630
0 0.376042 0.125000 0.016146 0.013889
0 0.373437 0.140278 0.017188 0.014815
0 0.372135 0.155556 0.017188 0.014815
0 0.369010 0.184722 0.017188 0.014815
0 0.363802 0.228704 0.017188 0.014815
0 0.363802 0.242593 0.017188 0.014815
0 0.361979 0.258796 0.017188 0.014815
0 0.361458 0.274537 0.017188 0.014815
0 0.360677 0.289815 0.017188 0.014815
0 0.358594 0.305093 0.017188 0.014815
0 0.367969 0.198611 0.015625 0.014815
0 0.357031 0.335880 0.017188 0.016204
0 0.354427 0.363194 0.017188 0.016204
0 0.353125 0.379398 0.017188 0.016204
0 0.351823 0.391898 0.017188 0.016204
0 0.351302 0.407176 0.017188 0.016204
0 0.346354 0.438194 0.017188 0.016204
0 0.345313 0.469213 0.017188 0.016204
0 0.339453 0.529630 0.016406 0.014815
0 0.339974 0.513426 0.014323 0.014815
0 0.354687 0.348843 0.015104 0.012500
0 0.335417 0.573611 0.014063 0.012037
0 0.333333 0.588426 0.017708 0.014815
0 0.329948 0.618287 0.015104 0.013426
0 0.329167 0.632870 0.017188 0.013889
0 0.327865 0.648611 0.016667 0.015741
0 0.327344 0.662269 0.017188 0.014352
0 0.325260 0.678472 0.017188 0.014352
0 0.320833 0.723843 0.017188 0.014352
0 0.320312 0.738657 0.017188 0.014352
0 0.318229 0.753472 0.017188 0.014352
0 0.316667 0.769676 0.017188 0.014352
0 0.313411 0.812963 0.016406 0.015741
0 0.310547 0.842361 0.016927 0.017130
0 0.309635 0.858102 0.016146 0.012500
0 0.308594 0.871528 0.016667 0.013426
0 0.306250 0.887037 0.016146 0.015741
0 0.304688 0.901389 0.018229 0.014815
0 0.304167 0.915741 0.016146 0.013889
0 0.302214 0.931250 0.017448 0.014352
0 0.298177 0.961111 0.018229 0.015741
0 0.296484 0.974537 0.017448 0.016667
0 0.297135 0.991435 0.018750 0.015278
0 0.443359 0.012037 0.017448 0.016667
0 0.441276 0.040509 0.017969 0.016204
0 0.441016 0.058565 0.016406 0.016204
0 0.438281 0.072685 0.017708 0.016667
0 0.433854 0.102083 0.013021 0.013426
0 0.412760 0.165046 0.007292 0.027315
0 0.390365 0.203472 0.008854 0.031944
0 0.406901 0.235648 0.007552 0.021296
0 0.397135 0.344213 0.007292 0.018056
0 0.399740 0.318519 0.007812 0.009259
0 0.383854 0.499537 0.008333 0.031481
0 0.380469 0.541204 0.006771 0.019444
0 0.378255 0.569444 0.008594 0.030556
0 0.398047 0.621759 0.017448 0.015741
0 0.418880 0.628241 0.017448 0.015741
0 0.440234 0.632870 0.017448 0.015741
0 0.463151 0.641204 0.017448 0.015741
0 0.394792 0.657870 0.016146 0.015741
0 0.416667 0.664815 0.016146 0.015741
0 0.477344 0.682176 0.016667 0.010648
0 0.499870 0.688657 0.017448 0.009722
0 0.376172 0.773843 0.015885 0.016204
0 0.375260 0.790046 0.017708 0.014352
0 0.369271 0.835417 0.016146 0.015278
0 0.368490 0.851620 0.016146 0.015278
0 0.360677 0.953472 0.016146 0.015278
0 0.355469 0.985880 0.016146 0.015278
0 0.320573 0.994676 0.008854 0.010648
0 0.316276 0.937500 0.009635 0.032407
0 0.322266 0.870602 0.007552 0.027315
0 0.366146 0.881019 0.011979 0.012963
0 0.365234 0.895833 0.015365 0.013889
0 0.354687 0.996991 0.016146 0.006019
0 0.356901 0.969676 0.015365 0.013426
0 0.134896 0.822222 0.008854 0.010185
0 0.594792 0.203472 0.009375 0.015278
0 0.588151 0.230787 0.015365 0.012500
0 0.587500 0.245833 0.017188 0.012963
0 0.588151 0.261806 0.016406 0.015278
0 0.586328 0.277546 0.016406 0.015278
0 0.584766 0.292361 0.016406 0.015278
0 0.583464 0.306713 0.016406 0.015278
0 0.582161 0.321065 0.016406 0.015278
0 0.580078 0.337269 0.016406 0.015278
0 0.571484 0.426620 0.016406 0.015278
0 0.570443 0.442361 0.016406 0.015278
0 0.569401 0.456713 0.016406 0.015278
0 0.577344 0.366204 0.015104 0.014815
2 0.576042 0.381250 0.016146 0.015278
0 0.623698 0.199537 0.013021 0.021296
2 0.556641 0.059722 0.012240 0.033333
0 0.559896 0.009259 0.013542 0.017593
0 0.589583 0.031944 0.016667 0.015741
0 0.610938 0.007639 0.017708 0.014352
0 0.635026 0.086343 0.012760 0.028241
0 0.638542 0.068981 0.013021 0.027778
0 0.640365 0.043056 0.013542 0.032407
0 0.642839 0.016667 0.013281 0.025000
0 0.624349 0.216435 0.015885 0.021759
0 0.623828 0.234491 0.015885 0.021759
0 0.620833 0.256944 0.014063 0.020370
0 0.620443 0.275926 0.015365 0.022222
0 0.617057 0.301852 0.016927 0.020370
0 0.616667 0.321065 0.015104 0.021759
0 0.611198 0.361574 0.015104 0.023148
0 0.608594 0.383565 0.016146 0.023611
0 0.607812 0.403241 0.017188 0.024074
0 0.605729 0.421991 0.017188 0.024537
0 0.605469 0.443750 0.017188 0.024537
0 0.603385 0.462731 0.017188 0.024537
0 0.600260 0.484028 0.017188 0.024537
0 0.599479 0.502546 0.017188 0.024537
0 0.597917 0.522454 0.017188 0.024537
0 0.595182 0.551157 0.013802 0.020833
0 0.590495 0.590278 0.016927 0.023148
0 0.588932 0.610185 0.016927 0.023148
0 0.589974 0.628241 0.016927 0.023148
0 0.586068 0.651389 0.016927 0.023148
0 0.568620 0.473611 0.015365 0.013889
0 0.565755 0.518056 0.015365 0.013889
0 0.563672 0.533796 0.015365 0.013889
0 0.561849 0.548148 0.015365 0.013889
0 0.558724 0.576852 0.015365 0.013889
0 0.557682 0.607176 0.013281 0.013426
0 0.557813 0.622917 0.015104 0.014352
0 0.525000 0.660185 0.016667 0.012963
0 0.543880 0.663889 0.015885 0.013889
0 0.607031 0.681713 0.014583 0.013426
0 0.650781 0.695139 0.016667 0.009722
0 0.628125 0.688657 0.016146 0.011574
0 0.607943 0.719676 0.017448 0.014352
2 0.650521 0.731713 0.019271 0.014352
0 0.691276 0.743750 0.017969 0.013426
2 0.495312 0.736111 0.020313 0.016667
0 0.537240 0.713426 0.017708 0.014815
0 0.538281 0.729630 0.017708 0.014815
0 0.538021 0.748148 0.017708 0.014815
0 0.536979 0.764815 0.017708 0.014815
0 0.534115 0.795833 0.017708 0.014815
0 0.532292 0.810185 0.017708 0.014815
0 0.531771 0.824074 0.017708 0.014815
0 0.530469 0.839352 0.017708 0.014815
0 0.528646 0.856481 0.017708 0.014815
0 0.526563 0.869907 0.017708 0.014815
0 0.525000 0.901389 0.017708 0.014815
0 0.523438 0.915741 0.017708 0.014815
0 0.522396 0.930556 0.017708 0.014815
0 0.519271 0.959722 0.017708 0.014815
0 0.517448 0.976389 0.017708 0.014815
0 0.570182 0.785185 0.017448 0.015741
0 0.570443 0.800000 0.017448 0.015741
0 0.567318 0.815741 0.017448 0.015741
0 0.566797 0.829167 0.017448 0.015741
0 0.565495 0.843519 0.017448 0.015741
0 0.555859 0.937037 0.017448 0.015741
0 0.555599 0.952778 0.017448 0.015741
0 0.553255 0.982407 0.017448 0.015741
0 0.557031 0.921759 0.016146 0.015741
0 0.559896 0.909722 0.016146 0.015741
0 0.561198 0.892130 0.016146 0.015741
0 0.563542 0.880093 0.016146 0.015741
0 0.477604 0.917361 0.017188 0.014352
0 0.476302 0.933102 0.017188 0.014352
0 0.473958 0.965972 0.017188 0.014352
0 0.522396 0.764352 0.008333 0.030556
0 0.518750 0.800000 0.008333 0.030556
0 0.515365 0.841204 0.008333 0.030556
0 0.507552 0.924537 0.008333 0.030556
0 0.505208 0.962963 0.008333 0.030556
0 0.501302 0.992824 0.007292 0.014352
0 0.754818 0.047917 0.013281 0.020833
0 0.757682 0.031944 0.016406 0.025926
0 0.759896 0.011806 0.015104 0.022685
0 0.791667 0.014583 0.017708 0.017130
0 0.789844 0.030324 0.017708 0.016204
0 0.809115 0.035185 0.017708 0.016667
0 0.843229 0.016435 0.012500 0.030093
0 0.842187 0.043056 0.014063 0.030556
0 0.838151 0.066898 0.014844 0.034722
0 0.738932 0.258333 0.015365 0.016667
0 0.734245 0.303472 0.015365 0.026389
0 0.730990 0.346991 0.013542 0.028241
0 0.726302 0.392130 0.013542 0.031481
0 0.720573 0.456019 0.015625 0.032407
0 0.715495 0.493981 0.014844 0.025926
0 0.714453 0.512963 0.014323 0.025926
0 0.713411 0.533102 0.015885 0.023611
0 0.711458 0.554167 0.015104 0.028704
0 0.708854 0.576389 0.014063 0.023148
0 0.707812 0.596528 0.015625 0.022685
0 0.706250 0.615972 0.011458 0.019907
0 0.766667 0.303704 0.019792 0.014815
0 0.783724 0.326852 0.017969 0.016667
0 0.763802 0.336574 0.016667 0.014815
0 0.762240 0.351852 0.016667 0.014815
0 0.760156 0.366667 0.016667 0.014815
0 0.754167 0.428241 0.016667 0.014815
0 0.747135 0.505556 0.016667 0.014815
0 0.781380 0.341204 0.012240 0.012037
0 0.780859 0.356481 0.012240 0.012037
0 0.778385 0.370833 0.018229 0.017593
0 0.778255 0.388657 0.018490 0.016204
0 0.776432 0.402083 0.018490 0.016204
0 0.774609 0.419676 0.018490 0.016204
0 0.774349 0.434028 0.018490 0.016204
0 0.767839 0.481250 0.018490 0.016204
0 0.767578 0.497454 0.018490 0.016204
0 0.757292 0.398380 0.014583 0.013426
0 0.773307 0.450694 0.012760 0.013426
0 0.770182 0.465509 0.017969 0.016204
0 0.818620 0.287963 0.013802 0.025000
0 0.816276 0.310648 0.016406 0.027778
0 0.814193 0.334722 0.014844 0.023148
0 0.813021 0.356944 0.015625 0.023148
0 0.811198 0.376852 0.015625 0.023148
0 0.810417 0.397222 0.015625 0.023148
0 0.806771 0.419907 0.015625 0.023148
0 0.804948 0.441667 0.015625 0.023148
0 0.802604 0.462500 0.015625 0.023148
0 0.801562 0.484259 0.015625 0.023148
0 0.799740 0.506944 0.015625 0.023148
0 0.762760 0.543981 0.015104 0.013889
0 0.740885 0.584491 0.016667 0.015278
0 0.758464 0.589583 0.016927 0.016204
0 0.795312 0.556250 0.017188 0.028241
0 0.792708 0.579398 0.017188 0.028241
0 0.786458 0.641898 0.017188 0.028241
0 0.790495 0.597222 0.013281 0.023148
0 0.788932 0.618287 0.013802 0.019907
0 0.722526 0.670833 0.015365 0.012037
0 0.742318 0.676852 0.013802 0.009259
0 0.713021 0.711343 0.017708 0.016204
0 0.734375 0.718519 0.018229 0.014815
0 0.714453 0.750694 0.015885 0.015278
0 0.787370 0.678935 0.008594 0.034722
0 0.783203 0.719676 0.008594 0.034722
0 0.777995 0.767361 0.008594 0.034722
0 0.774609 0.810417 0.008594 0.034722
0 0.688281 0.814583 0.013021 0.031944
0 0.684896 0.856944 0.009896 0.025000
0 0.688151 0.840046 0.008594 0.018056
0 0.677734 0.940741 0.009635 0.022222
0 0.674089 0.985417 0.009635 0.022685
0 0.731510 0.860417 0.017708 0.011574
0 0.731250 0.875231 0.017708 0.011574
0 0.729688 0.890046 0.017708 0.011574
0 0.706901 0.929630 0.017448 0.013889
0 0.705078 0.959722 0.017448 0.013889
0 0.710286 0.901157 0.013281 0.014352
0 0.709245 0.915046 0.015365 0.013426
0 0.768880 0.834028 0.016406 0.026389
0 0.767188 0.857176 0.013021 0.023611
0 0.765365 0.876157 0.013021 0.023611
0 0.763802 0.898843 0.013021 0.023611
0 0.760677 0.915509 0.016146 0.024537
0 0.758984 0.936111 0.013802 0.022222
0 0.757161 0.954398 0.014844 0.023611
2 0.757031 0.974769 0.018229 0.028241
0 0.753516 0.987269 0.015885 0.023611
2 0.767448 0.798148 0.009896 0.033333
0 0.735417 0.802083 0.013542 0.011574
0 0.948307 0.985880 0.019010 0.016204
0 0.993229 0.996296 0.011979 0.007407
0 0.931641 0.807870 0.007552 0.033333
0 0.957552 0.722222 0.009375 0.032407
0 0.966797 0.725000 0.007031 0.023148
0 0.965625 0.658333 0.006250 0.023148
0 0.972786 0.663194 0.008073 0.029167
0 0.969922 0.627083 0.007552 0.031944
0 0.985938 0.536111 0.010417 0.030556
0 0.985286 0.233102 0.009115 0.019907
