0 0.094922 0.442130 0.014844 0.020370
0 0.102083 0.461111 0.015625 0.019444
2 0.105599 0.475463 0.010677 0.013889
0 0.021484 0.229398 0.011719 0.022685
0 0.047656 0.787731 0.017188 0.022685
0 0.065755 0.822917 0.014844 0.019907
0 0.048958 0.847685 0.017188 0.025000
0 0.028906 0.876157 0.018229 0.023611
0 0.008333 0.862269 0.016146 0.025463
0 0.005078 0.806250 0.009635 0.026389
0 0.149479 0.663194 0.016146 0.026389
0 0.186068 0.693750 0.014844 0.025463
0 0.202083 0.673843 0.014063 0.022685
0 0.035417 0.013194 0.018750 0.025463
0 0.087891 0.008333 0.015885 0.015741
0 0.127083 0.007407 0.015104 0.013889
0 0.255078 0.383565 0.016406 0.021759
0 0.255469 0.363194 0.015625 0.024537
0 0.271354 0.411343 0.015104 0.022685
2 0.276042 0.397685 0.017188 0.027778
0 0.281641 0.384028 0.016927 0.022685
2 0.288021 0.370139 0.019271 0.028241
2 0.292708 0.356944 0.020833 0.025000
2 0.336068 0.337037 0.017448 0.025000
0 0.299219 0.390278 0.018229 0.027778
0 0.089063 0.388889 0.011458 0.028704
0 0.040104 0.982407 0.014063 0.025926
0 0.072396 0.933333 0.014583 0.025926
0 0.078776 0.924306 0.013802 0.024537
0 0.085156 0.915046 0.014583 0.023611
0 0.092318 0.905787 0.012240 0.021759
0 0.098958 0.897685 0.013021 0.020370
0 0.106901 0.889352 0.010677 0.017593
0 0.111719 0.877083 0.012500 0.020833
0 0.124479 0.859028 0.011458 0.019907
0 0.131120 0.847222 0.013281 0.027778
0 0.083333 0.991898 0.007292 0.016204
0 0.092708 0.982407 0.006771 0.027778
0 0.102344 0.967593 0.007292 0.029630
0 0.111589 0.957639 0.006510 0.020833
0 0.130990 0.925231 0.008333 0.032870
0 0.140625 0.912037 0.006250 0.025926
0 0.148698 0.898611 0.007812 0.027778
0 0.157682 0.887500 0.006510 0.030556
0 0.167187 0.871991 0.008333 0.031019
0 0.212760 0.805787 0.018750 0.018981
0 0.212630 0.731944 0.010677 0.019444
0 0.220052 0.721759 0.009896 0.019444
0 0.224219 0.707870 0.011979 0.029630
0 0.231510 0.700231 0.013021 0.019907
0 0.231250 0.731944 0.014063 0.025926
0 0.229948 0.778241 0.016667 0.016667
0 0.245182 0.680093 0.014844 0.026852
0 0.258464 0.663194 0.013281 0.026389
0 0.257422 0.739815 0.018490 0.015741
0 0.267448 0.726620 0.016667 0.018056
0 0.277214 0.712269 0.016406 0.017130
0 0.291797 0.686806 0.016927 0.016204
0 0.277995 0.634028 0.014844 0.027315
0 0.283464 0.621991 0.014844 0.027315
0 0.290234 0.610417 0.014844 0.027315
0 0.295443 0.601157 0.014844 0.027315
0 0.305599 0.594213 0.014844 0.027315
0 0.309766 0.582639 0.014844 0.027315
0 0.316016 0.571528 0.014844 0.027315
0 0.331380 0.630093 0.017969 0.018519
0 0.354297 0.593519 0.017969 0.018519
0 0.247917 0.603935 0.018229 0.027315
0 0.264583 0.578935 0.018229 0.027315
2 0.279167 0.557176 0.018229 0.027315
0 0.295833 0.534954 0.018229 0.027315
0 0.322135 0.499306 0.015625 0.029167
0 0.336458 0.475231 0.015625 0.029167
0 0.350260 0.451157 0.015625 0.029167
0 0.240104 0.972454 0.016667 0.025463
0 0.251042 0.993056 0.010937 0.013889
0 0.276432 0.983333 0.013802 0.030556
0 0.331771 0.978241 0.009896 0.018519
0 0.324870 0.988194 0.009635 0.013426
0 0.338542 0.968519 0.008854 0.018519
0 0.356380 0.933102 0.011198 0.028241
0 0.361849 0.922917 0.013281 0.024537
0 0.370312 0.918287 0.010937 0.017130
0 0.395833 0.877315 0.010937 0.020370
0 0.377474 0.909259 0.011719 0.019444
0 0.418490 0.850000 0.008854 0.020370
0 0.437891 0.821528 0.008594 0.015278
0 0.441797 0.805787 0.013802 0.026389
0 0.454427 0.785417 0.014063 0.028241
0 0.462240 0.776852 0.013021 0.025926
0 0.470964 0.771528 0.009635 0.016204
0 0.508984 0.754167 0.010677 0.020370
0 0.518099 0.759028 0.014844 0.022685
0 0.525781 0.770833 0.016146 0.025926
0 0.498828 0.803241 0.018490 0.018519
0 0.490104 0.815741 0.020313 0.012963
0 0.480990 0.828935 0.017708 0.015278
0 0.471615 0.841435 0.017708 0.015278
0 0.463281 0.854861 0.017708 0.015278
0 0.454948 0.868287 0.017708 0.015278
0 0.444531 0.881713 0.017708 0.015278
0 0.436979 0.896065 0.017708 0.015278
0 0.427995 0.909722 0.019010 0.015741
0 0.417318 0.923148 0.019010 0.015741
0 0.408724 0.934259 0.019010 0.015741
0 0.391536 0.961806 0.018490 0.016204
0 0.383073 0.973843 0.016667 0.014352
0 0.374870 0.986343 0.017969 0.014352
0 0.583724 0.994444 0.009635 0.011111
0 0.631120 0.951620 0.017969 0.025463
0 0.649870 0.929630 0.015885 0.023148
0 0.644922 0.993519 0.015885 0.012963
0 0.652995 0.981250 0.019010 0.017130
0 0.662891 0.968750 0.017969 0.017130
0 0.671354 0.956944 0.017708 0.018519
0 0.674740 0.941898 0.013021 0.013426
0 0.969922 0.932407 0.017969 0.022222
0 0.923568 0.884722 0.017969 0.022222
0 0.872786 0.834722 0.015885 0.017593
0 0.841406 0.796759 0.017708 0.024074
0 0.808854 0.814815 0.017188 0.023148
0 0.913932 0.735417 0.017969 0.024537
0 0.911328 0.683796 0.016406 0.025926
0 0.851042 0.690278 0.016667 0.020370
1 0.965104 0.744213 0.044271 0.052315
0 0.875391 0.485880 0.012760 0.020833
0 0.872917 0.570139 0.014063 0.028241
0 0.902734 0.597222 0.013281 0.027778
0 0.913932 0.534954 0.013802 0.026389
0 0.926042 0.548843 0.014063 0.028241
0 0.945312 0.568519 0.013542 0.027778
0 0.959375 0.584954 0.015625 0.031944
0 0.946354 0.645139 0.011458 0.031019
0 0.987109 0.613657 0.014844 0.034722
0 0.995703 0.616898 0.008594 0.021759
0 0.964323 0.665278 0.014063 0.026852
0 0.978255 0.680093 0.013802 0.026852
0 0.993620 0.690741 0.012760 0.023148
0 0.738021 0.693981 0.019271 0.025926
0 0.815625 0.490972 0.013021 0.030093
0 0.929948 0.251157 0.018229 0.026389
0 0.868490 0.209491 0.018750 0.025463
0 0.867318 0.108796 0.015885 0.018519
0 0.676042 0.438194 0.017188 0.024537
0 0.508203 0.473380 0.015365 0.020833
0 0.457292 0.456019 0.014063 0.017593
1 0.583594 0.340972 0.038542 0.047685
1 0.526302 0.277778 0.039583 0.050000
1 0.498698 0.286343 0.038542 0.047685
0 0.452604 0.260648 0.012500 0.020370
0 0.413932 0.206250 0.016406 0.024537
0 0.397526 0.256250 0.016406 0.024537
0 0.404297 0.237037 0.013802 0.018519
0 0.363802 0.181481 0.016667 0.023148
0 0.310937 0.100000 0.018229 0.026852
0 0.247005 0.062963 0.016927 0.025926
0 0.228125 0.528241 0.016667 0.023148
