0 0.209766 0.087963 0.017969 0.016667
0 0.302865 0.096991 0.016146 0.011574
0 0.401823 0.139352 0.007292 0.029630
0 0.419271 0.141204 0.007292 0.029630
0 0.433854 0.138426 0.007292 0.029630
0 0.460677 0.139352 0.007292 0.029630
0 0.479167 0.137963 0.007292 0.029630
0 0.503385 0.137963 0.007292 0.029630
0 0.522917 0.200926 0.007292 0.029630
0 0.445573 0.205093 0.007292 0.029630
0 0.420052 0.206019 0.007292 0.029630
1 0.750130 0.041204 0.028385 0.017593
0 0.018880 0.330787 0.008594 0.023611
0 0.035156 0.330787 0.009896 0.027315
0 0.055859 0.330556 0.008594 0.025926
0 0.029427 0.390278 0.006771 0.023148
0 0.074740 0.330093 0.007292 0.024074
0 0.079036 0.390278 0.007552 0.024074
0 0.104167 0.392130 0.008333 0.025926
0 0.119401 0.386806 0.005990 0.017130
0 0.108203 0.330556 0.008594 0.024074
0 0.137109 0.389352 0.008073 0.027778
0 0.144661 0.389352 0.005469 0.021296
0 0.153125 0.388889 0.008333 0.021296
0 0.143620 0.325000 0.007552 0.023148
0 0.152865 0.328009 0.010417 0.024537
0 0.161719 0.327546 0.007812 0.028241
0 0.179167 0.326157 0.006771 0.025463
0 0.188802 0.327083 0.008333 0.028241
0 0.198177 0.325231 0.007292 0.025463
0 0.205208 0.325463 0.009375 0.022222
0 0.214714 0.326157 0.007031 0.025463
0 0.221745 0.324074 0.005469 0.022222
0 0.230729 0.325000 0.007292 0.025000
0 0.238411 0.322222 0.005469 0.019444
0 0.250391 0.323380 0.007031 0.017130
0 0.186719 0.387963 0.008854 0.028704
0 0.202214 0.383565 0.008594 0.024537
0 0.209375 0.383102 0.005208 0.020833
0 0.218750 0.387731 0.008854 0.028241
0 0.227344 0.389120 0.006771 0.019907
0 0.241016 0.391204 0.007031 0.020370
2 0.255990 0.387269 0.007292 0.031944
0 0.265755 0.390972 0.008073 0.024537
0 0.277865 0.385880 0.007292 0.019907
0 0.217057 0.355324 0.017448 0.011574
0 0.289062 0.322454 0.007812 0.024537
0 0.297656 0.322917 0.008854 0.026389
0 0.306120 0.322917 0.006510 0.024537
0 0.313932 0.323148 0.008594 0.026852
0 0.323828 0.320602 0.007031 0.025463
0 0.298047 0.388657 0.004948 0.019907
0 0.305469 0.388426 0.006250 0.019444
0 0.312109 0.386574 0.005469 0.019444
0 0.319271 0.387269 0.006771 0.022685
0 0.327734 0.386806 0.005469 0.020833
0 0.498698 0.330324 0.012500 0.012500
0 0.513021 0.375463 0.005208 0.020370
0 0.521484 0.376620 0.007031 0.028241
0 0.529948 0.375463 0.004687 0.022222
0 0.539844 0.376157 0.007292 0.028241
0 0.548568 0.375463 0.006510 0.025926
0 0.556771 0.372917 0.008333 0.030093
0 0.566276 0.373148 0.007552 0.022222
0 0.576693 0.372454 0.009115 0.031019
0 0.595052 0.378009 0.005208 0.029167
0 0.823698 0.425926 0.018229 0.011111
0 0.841927 0.425463 0.018229 0.011111
0 0.863281 0.424074 0.018229 0.011111
0 0.883333 0.424074 0.018229 0.011111
0 0.902604 0.422222 0.018229 0.011111
0 0.965365 0.422222 0.018229 0.011111
0 0.988281 0.421296 0.018229 0.011111
0 0.962240 0.462500 0.017188 0.012963
0 0.986328 0.494676 0.016927 0.011574
0 0.066667 0.456481 0.010937 0.012037
1 0.127604 0.456713 0.045312 0.015278
2 0.179167 0.451389 0.018229 0.012963
2 0.207552 0.452083 0.018750 0.011574
2 0.233073 0.450926 0.017708 0.013889
0 0.255599 0.491435 0.018490 0.014352
0 0.021484 0.642824 0.016927 0.014352
0 0.051302 0.664352 0.015625 0.013889
0 0.160807 0.621528 0.019010 0.011574
0 0.244661 0.678935 0.016927 0.014352
2 0.306641 0.651852 0.019010 0.013889
1 0.323568 0.452546 0.044010 0.017130
1 0.360286 0.481250 0.041927 0.018056
0 0.395573 0.540509 0.016146 0.013426
0 0.408464 0.673843 0.015885 0.012500
0 0.440104 0.627083 0.013021 0.010648
0 0.442448 0.645602 0.015625 0.012500
0 0.436458 0.666435 0.016667 0.010648
0 0.469531 0.619907 0.017708 0.014815
1 0.518490 0.442824 0.041667 0.014352
0 0.484635 0.474537 0.016146 0.012963
0 0.486979 0.521065 0.016667 0.012500
0 0.460156 0.668287 0.017188 0.010648
0 0.476823 0.644444 0.017708 0.014815
0 0.485417 0.664352 0.017708 0.014815
0 0.500781 0.647222 0.017708 0.014815
0 0.508333 0.619444 0.017708 0.014815
0 0.510417 0.663889 0.017708 0.014815
0 0.531250 0.639815 0.017708 0.014815
0 0.542708 0.618519 0.017708 0.014815
0 0.532031 0.666204 0.017708 0.014815
0 0.557031 0.662963 0.017708 0.014815
0 0.558594 0.643519 0.017708 0.014815
0 0.586198 0.639352 0.017708 0.014815
0 0.579948 0.615741 0.017708 0.014815
0 0.576823 0.592593 0.017708 0.014815
0 0.619010 0.617130 0.017708 0.014815
0 0.614844 0.643056 0.017708 0.014815
0 0.613542 0.659722 0.017708 0.014815
0 0.638281 0.659722 0.017708 0.014815
0 0.647135 0.615741 0.017708 0.014815
0 0.675260 0.651852 0.017708 0.014815
2 0.586979 0.660185 0.017708 0.014815
0 0.619792 0.721991 0.006771 0.020833
0 0.638021 0.708565 0.007292 0.030093
0 0.632812 0.755324 0.007812 0.029167
0 0.673177 0.585648 0.012500 0.011111
0 0.714844 0.564120 0.017708 0.013426
0 0.694010 0.615046 0.014583 0.012500
0 0.709245 0.635185 0.016406 0.012037
0 0.713411 0.657639 0.018490 0.010648
0 0.735938 0.613194 0.017188 0.013426
0 0.748958 0.632176 0.015104 0.012500
0 0.749479 0.653704 0.017188 0.012037
0 0.776823 0.610880 0.016146 0.011574
0 0.736328 0.581019 0.016406 0.012963
0 0.786589 0.632407 0.016406 0.012963
0 0.800391 0.654167 0.016406 0.012963
0 0.821224 0.630556 0.016406 0.012963
0 0.816797 0.609722 0.016406 0.012963
0 0.812370 0.578241 0.016406 0.012963
2 0.850391 0.554861 0.030469 0.018981
0 0.866276 0.575000 0.015365 0.012037
0 0.877214 0.606944 0.015365 0.012037
0 0.876693 0.622685 0.015365 0.012037
0 0.844141 0.653241 0.015365 0.012037
0 0.881901 0.645370 0.015365 0.012037
0 0.951172 0.569676 0.014844 0.012500
0 0.932682 0.600463 0.015885 0.012963
0 0.927214 0.621528 0.019010 0.012500
0 0.907292 0.643981 0.016146 0.012037
0 0.969792 0.619213 0.016667 0.013426
0 0.961589 0.653009 0.008594 0.023611
0 0.971094 0.656713 0.009375 0.023611
0 0.936068 0.675000 0.013802 0.025000
0 0.960286 0.697685 0.008073 0.022222
0 0.961458 0.749537 0.008333 0.026852
0 0.969271 0.805093 0.009375 0.030556
0 0.992578 0.853472 0.005990 0.024537
0 0.992839 0.902083 0.013281 0.012500
2 0.936068 0.809722 0.008073 0.030556
0 0.914714 0.800926 0.013281 0.010185
0 0.916146 0.817593 0.017188 0.012963
0 0.916536 0.840278 0.013802 0.019444
0 0.870703 0.779398 0.018490 0.013426
0 0.813281 0.783796 0.014063 0.010185
0 0.796224 0.786111 0.016406 0.011111
0 0.832161 0.810648 0.016406 0.012037
0 0.850391 0.808333 0.016406 0.014815
0 0.880469 0.819907 0.017708 0.015741
0 0.785677 0.823148 0.015104 0.014815
0 0.688021 0.819907 0.017188 0.009259
0 0.708073 0.818750 0.018229 0.012500
0 0.737500 0.817130 0.016667 0.011111
0 0.756250 0.815509 0.018750 0.013426
2 0.679167 0.796759 0.019271 0.009259
0 0.630078 0.801389 0.009115 0.030556
0 0.611719 0.853241 0.008333 0.028704
0 0.610156 0.898843 0.009375 0.031944
0 0.606771 0.933565 0.008333 0.030093
0 0.654427 0.960417 0.016146 0.012500
2 0.692839 0.958796 0.018490 0.012963
0 0.724740 0.969676 0.015625 0.030093
0 0.774479 0.947222 0.018229 0.012963
0 0.855729 0.943981 0.018750 0.012037
0 0.960938 0.798843 0.008854 0.030093
0 0.686068 0.513889 0.017448 0.012037
0 0.569661 0.516204 0.017448 0.013889
3 0.785156 0.087269 0.009375 0.007870
3 0.858464 0.057639 0.008594 0.012500
0 0.580990 0.140509 0.005729 0.023611
0 0.581120 0.200926 0.006510 0.031481
3 0.792578 0.107407 0.005469 0.013889
