2 0.885156 0.090278 0.025000 0.038889
2 0.790755 0.170833 0.019010 0.022222
2 0.726693 0.026389 0.018490 0.024074
2 0.683464 0.085648 0.027865 0.035185
2 0.646094 0.074537 0.011458 0.030556
2 0.636198 0.110880 0.013542 0.019907
2 0.618620 0.130093 0.016927 0.023148
2 0.602344 0.147454 0.016146 0.023611
2 0.591797 0.168287 0.017448 0.028241
2 0.565495 0.124769 0.014844 0.027315
2 0.575000 0.184028 0.018229 0.030093
2 0.540365 0.189120 0.014583 0.026389
2 0.554427 0.205556 0.016146 0.025926
2 0.532031 0.227778 0.016146 0.022222
2 0.511979 0.246759 0.017708 0.013889
2 0.797786 0.246296 0.015885 0.025000
2 0.786458 0.448380 0.017188 0.024537
0 0.936849 0.121759 0.019531 0.021296
0 0.967187 0.106481 0.017708 0.016667
0 0.993099 0.150926 0.013802 0.015741
0 0.915495 0.169213 0.020573 0.015278
0 0.895443 0.183565 0.018490 0.018056
0 0.891536 0.244213 0.013281 0.030093
0 0.856641 0.250000 0.013281 0.028704
0 0.818229 0.225231 0.018750 0.018056
0 0.778906 0.264120 0.016667 0.021759
0 0.761458 0.283796 0.015625 0.021296
0 0.737370 0.310648 0.016406 0.020370
0 0.705208 0.347222 0.017188 0.023148
0 0.686198 0.370602 0.012500 0.018056
0 0.669271 0.386806 0.016146 0.021759
0 0.654948 0.404861 0.010937 0.017130
0 0.645052 0.426389 0.010937 0.025000
0 0.776693 0.046991 0.012760 0.029167
0 0.769531 0.055787 0.013542 0.028241
0 0.762630 0.064583 0.010677 0.018981
0 0.749609 0.078472 0.014323 0.027315
0 0.707812 0.123148 0.011458 0.027778
0 0.701172 0.131713 0.011719 0.025463
0 0.714583 0.116204 0.011979 0.025000
0 0.720964 0.109259 0.010156 0.021296
0 0.729297 0.101620 0.013281 0.031019
0 0.775391 0.123611 0.012240 0.028704
0 0.754687 0.144907 0.013542 0.027778
0 0.746484 0.154861 0.010156 0.020833
0 0.741016 0.162037 0.012760 0.027778
0 0.734245 0.170370 0.013802 0.027778
0 0.727214 0.178009 0.013281 0.025463
0 0.757812 0.209722 0.017708 0.025000
0 0.810156 0.148611 0.017708 0.022222
0 0.833984 0.124769 0.016927 0.022685
0 0.677083 0.295833 0.016146 0.022222
0 0.645964 0.333333 0.012240 0.021296
0 0.631771 0.347222 0.012500 0.018519
0 0.607552 0.377546 0.014583 0.018981
0 0.587500 0.402546 0.016667 0.020833
0 0.568880 0.421528 0.016406 0.018056
0 0.617969 0.470833 0.013021 0.029630
0 0.608724 0.475694 0.012240 0.024537
0 0.601042 0.484954 0.011458 0.021759
0 0.608464 0.505093 0.018490 0.020370
0 0.646224 0.509722 0.012760 0.009259
0 0.730208 0.493056 0.019271 0.017593
0 0.756771 0.475231 0.018229 0.020833
0 0.829948 0.405093 0.014063 0.026852
2 0.884635 0.133333 0.017708 0.022222
0 0.866146 0.607639 0.017708 0.011574
0 0.915755 0.641435 0.007552 0.027315
0 0.913542 0.766898 0.007292 0.024537
0 0.944661 0.869213 0.016927 0.027315
0 0.902604 0.917130 0.016146 0.027778
0 0.758203 0.939352 0.016927 0.028704
0 0.774089 0.921296 0.014323 0.026852
0 0.745052 0.906713 0.011979 0.030093
2 0.739453 0.931713 0.012240 0.031944
0 0.717708 0.941204 0.011979 0.028704
0 0.716536 0.915046 0.014323 0.024537
0 0.705208 0.877315 0.013542 0.022222
0 0.692057 0.851620 0.015365 0.018981
0 0.687500 0.838194 0.013542 0.014352
0 0.699479 0.752315 0.007812 0.025926
0 0.635938 0.893056 0.012500 0.028704
0 0.627344 0.912269 0.013542 0.031944
0 0.640495 0.949769 0.012760 0.031944
0 0.643359 0.988657 0.014323 0.022685
0 0.605990 0.774537 0.013542 0.018519
0 0.609896 0.800926 0.016146 0.021296
0 0.578776 0.791898 0.011198 0.030093
0 0.223438 0.928472 0.013542 0.022685
0 0.273307 0.847222 0.014323 0.027778
0 0.262891 0.720139 0.015885 0.013426
0 0.249609 0.736111 0.015885 0.017593
0 0.236719 0.743981 0.013542 0.028704
0 0.228646 0.754861 0.010417 0.025463
0 0.220833 0.761806 0.010417 0.026389
0 0.212370 0.768750 0.010156 0.028241
0 0.205599 0.771528 0.011198 0.024537
0 0.197266 0.778241 0.013281 0.030556
0 0.153125 0.739583 0.017708 0.017130
0 0.154557 0.725926 0.017448 0.014815
0 0.156641 0.710417 0.018490 0.018056
0 0.121354 0.711343 0.007292 0.021759
0 0.083854 0.707407 0.008333 0.025926
0 0.116016 0.689352 0.017969 0.013889
0 0.075130 0.642593 0.016406 0.015741
0 0.070182 0.606019 0.009115 0.028704
0 0.196484 0.646759 0.016406 0.013889
0 0.267448 0.558102 0.006250 0.030093
0 0.313021 0.568981 0.014063 0.012037
0 0.507943 0.489120 0.006510 0.030093
0 0.551953 0.579398 0.005990 0.023611
2 0.533203 0.626157 0.007552 0.031019
0 0.424609 0.333796 0.012240 0.028704
0 0.388021 0.247222 0.015625 0.032407
0 0.397917 0.195602 0.011979 0.027315
0 0.381380 0.195602 0.012240 0.027315
2 0.379948 0.074306 0.011458 0.031944
0 0.374870 0.039583 0.010677 0.029167
0 0.286458 0.079398 0.011458 0.009722
0 0.273568 0.084028 0.009635 0.026389
0 0.265755 0.088889 0.009115 0.025926
0 0.242318 0.106250 0.011198 0.012500
0 0.226432 0.113194 0.015365 0.015278
0 0.196354 0.133333 0.014063 0.016667
0 0.177865 0.132870 0.017708 0.017593
0 0.160547 0.221296 0.006510 0.026852
0 0.159896 0.250926 0.007812 0.026852
0 0.014583 0.465278 0.017188 0.012963
0 0.034115 0.439120 0.007812 0.029167
0 0.036328 0.409954 0.007552 0.029167
0 0.037370 0.374074 0.007552 0.026852
0 0.039714 0.295833 0.007552 0.030556
0 0.066927 0.175231 0.017188 0.018981
0 0.042969 0.121528 0.006771 0.026389
0 0.044401 0.027315 0.008073 0.034259
0 0.463542 0.568981 0.016146 0.020370
2 0.443880 0.628472 0.012760 0.027315
0 0.924219 0.423380 0.004687 0.018981
0 0.927344 0.368981 0.005729 0.027778
0 0.876172 0.965046 0.014323 0.023611
0 0.929427 0.681944 0.017188 0.012037
0 0.892318 0.661574 0.015365 0.010185
0 0.917969 0.557639 0.007292 0.025463
2 0.265495 0.652546 0.020573 0.012500
