2 0.128516 0.212037 0.024219 0.015741
2 0.365885 0.546759 0.022396 0.052778
0 0.107943 0.803935 0.019531 0.017130
0 0.176172 0.759954 0.015365 0.014352
0 0.238542 0.756481 0.017188 0.014815
0 0.290365 0.738426 0.017188 0.014815
0 0.370052 0.709028 0.016667 0.012500
0 0.369531 0.727315 0.017708 0.013889
0 0.466536 0.673843 0.016406 0.018981
2 0.563932 0.121528 0.015885 0.057870
2 0.559635 0.068519 0.007812 0.032407
2 0.554948 0.021759 0.008333 0.029630
2 0.479427 0.129167 0.016667 0.012037
2 0.496354 0.058565 0.010417 0.027315
2 0.507552 0.026389 0.007292 0.030556
2 0.118490 0.975231 0.016667 0.015278
2 0.218880 0.951389 0.010677 0.026852
2 0.279427 0.944676 0.030208 0.039352
2 0.286849 0.895833 0.026302 0.023148
2 0.314974 0.914583 0.011719 0.029167
2 0.334375 0.897917 0.019792 0.013426
2 0.355339 0.895602 0.018490 0.015278
2 0.406250 0.878472 0.016667 0.016204
2 0.548698 0.957870 0.019271 0.059259
2 0.652995 0.742824 0.010156 0.033796
0 0.658594 0.808102 0.008333 0.029167
0 0.664323 0.855093 0.007812 0.027778
0 0.670833 0.913657 0.007812 0.028241
0 0.676432 0.952083 0.008594 0.023611
0 0.682682 0.985185 0.012240 0.029630
0 0.699089 0.964352 0.010677 0.027778
0 0.701823 0.933333 0.006250 0.027778
0 0.702083 0.903472 0.007292 0.022685
0 0.719401 0.832407 0.009115 0.027778
0 0.723307 0.796991 0.005990 0.025463
0 0.694531 0.753472 0.007812 0.029167
0 0.702604 0.732407 0.008854 0.027778
0 0.711068 0.711343 0.008594 0.027315
0 0.522135 0.653241 0.017188 0.013889
0 0.554557 0.626389 0.016927 0.010185
0 0.619661 0.617130 0.018490 0.014815
0 0.663802 0.657407 0.018229 0.012963
2 0.702083 0.580556 0.018750 0.016667
0 0.726562 0.592593 0.017188 0.014815
2 0.751953 0.625463 0.019531 0.017593
0 0.776432 0.554167 0.014844 0.012963
0 0.787109 0.569213 0.017448 0.014352
0 0.859766 0.598611 0.015885 0.012037
2 0.878906 0.558565 0.018750 0.014352
0 0.864714 0.539815 0.016406 0.010185
0 0.899349 0.509491 0.017448 0.012500
0 0.918750 0.525694 0.017188 0.012500
0 0.929427 0.559491 0.015625 0.013426
0 0.966667 0.641667 0.014583 0.020370
0 0.889453 0.440509 0.012240 0.027315
0 0.891797 0.415509 0.010156 0.029167
0 0.902734 0.415741 0.014323 0.030556
0 0.876823 0.409954 0.010937 0.023611
0 0.879167 0.380787 0.012500 0.027315
0 0.889323 0.375231 0.010937 0.028241
0 0.853776 0.346296 0.012240 0.029630
0 0.866146 0.346759 0.010937 0.028704
0 0.877214 0.339120 0.013281 0.029167
0 0.864062 0.300926 0.013021 0.028704
0 0.837891 0.299074 0.012240 0.029630
0 0.843880 0.277083 0.014323 0.028241
0 0.847656 0.256944 0.011979 0.026852
0 0.820443 0.251389 0.012240 0.027778
0 0.828776 0.233333 0.011719 0.028704
0 0.834375 0.212037 0.014063 0.029630
0 0.809635 0.214120 0.012500 0.026389
0 0.815495 0.196065 0.010677 0.021759
2 0.822526 0.174537 0.013281 0.032407
0 0.800130 0.150000 0.013281 0.026852
0 0.802083 0.117130 0.013542 0.031481
2 0.789062 0.114583 0.014583 0.031944
2 0.777083 0.076389 0.013542 0.028704
2 0.761458 0.026852 0.017188 0.040741
2 0.927474 0.013194 0.023177 0.025463
2 0.339062 0.389815 0.025000 0.047222
2 0.984896 0.012731 0.022917 0.023611
0 0.806641 0.994213 0.011719 0.009722
0 0.830599 0.987269 0.015885 0.012500
0 0.860156 0.978472 0.011979 0.009722
0 0.876953 0.971759 0.014844 0.007407
0 0.842839 0.804630 0.012760 0.012037
2 0.950260 0.771296 0.017188 0.015741
2 0.517318 0.179630 0.008594 0.034259
2 0.856641 0.315509 0.009115 0.021759
