2 0.273177 0.244213 0.017708 0.012500
2 0.284375 0.276620 0.021354 0.014352
2 0.320312 0.243519 0.011458 0.034259
2 0.301042 0.206713 0.013021 0.032870
2 0.358724 0.167130 0.010677 0.033333
2 0.352474 0.128009 0.010677 0.034722
2 0.346745 0.081019 0.009635 0.033333
2 0.368490 0.267824 0.015625 0.060648
2 0.366016 0.211111 0.009115 0.033333
2 0.338411 0.443981 0.015365 0.031481
2 0.304948 0.438889 0.022917 0.049074
2 0.505599 0.010880 0.011719 0.020833
0 0.516406 0.043056 0.011458 0.028704
2 0.532031 0.086343 0.014583 0.035648
0 0.546875 0.123148 0.011979 0.028704
2 0.563672 0.171759 0.017448 0.043519
2 0.581120 0.220370 0.012240 0.032407
2 0.592969 0.256250 0.013542 0.029167
0 0.606901 0.256713 0.013802 0.029167
0 0.605339 0.290972 0.011719 0.025463
2 0.629297 0.316204 0.014844 0.034259
0 0.622396 0.338889 0.009375 0.019444
0 0.616667 0.354398 0.011979 0.029167
0 0.641276 0.351389 0.011719 0.028704
0 0.635938 0.375926 0.011979 0.024074
0 0.628646 0.391435 0.011979 0.025463
0 0.655339 0.395370 0.013802 0.028704
0 0.652474 0.417130 0.013802 0.024074
0 0.647396 0.439583 0.012500 0.025463
0 0.672656 0.438889 0.011979 0.027778
0 0.663802 0.484491 0.010937 0.030093
0 0.675130 0.484722 0.012760 0.032407
0 0.686458 0.475463 0.011979 0.031481
0 0.710677 0.483102 0.011458 0.025463
0 0.700000 0.513194 0.010937 0.028241
0 0.689193 0.518750 0.012240 0.027315
0 0.687630 0.549306 0.011719 0.025463
0 0.702604 0.554167 0.012500 0.026852
0 0.713542 0.551157 0.013542 0.030093
0 0.700521 0.577315 0.013542 0.026852
0 0.084505 0.887731 0.016927 0.016204
0 0.123177 0.854630 0.016146 0.012963
0 0.145443 0.865509 0.017969 0.012500
0 0.200000 0.846528 0.017708 0.017130
2 0.173437 0.693519 0.023958 0.052778
2 0.300260 0.808333 0.015625 0.016667
0 0.339062 0.810185 0.016667 0.012963
0 0.387370 0.773380 0.017448 0.016204
0 0.416536 0.780556 0.016406 0.015741
0 0.491406 0.716667 0.015625 0.016667
0 0.500391 0.744676 0.016927 0.013426
0 0.550651 0.725926 0.018490 0.013889
2 0.529557 0.790509 0.019531 0.019907
0 0.460417 0.937037 0.008333 0.031481
0 0.475521 0.945833 0.010417 0.030556
0 0.480078 0.986343 0.009635 0.023611
0 0.509766 0.891898 0.009635 0.032870
0 0.517708 0.870833 0.008333 0.031481
0 0.525260 0.848148 0.009375 0.027778
0 0.539844 0.932176 0.007812 0.026389
0 0.535677 0.968519 0.009375 0.031481
0 0.628646 0.676157 0.017188 0.015278
0 0.675781 0.660880 0.017708 0.015278
2 0.690755 0.695833 0.017969 0.018519
0 0.686849 0.717361 0.017969 0.017130
2 0.780339 0.688657 0.016406 0.016204
0 0.765104 0.603935 0.017708 0.018056
0 0.895443 0.591667 0.016406 0.019444
0 0.803125 0.623611 0.016667 0.014815
0 0.948047 0.592361 0.017448 0.016204
0 0.956901 0.614815 0.016927 0.016667
0 0.972266 0.709722 0.013281 0.022222
0 0.932813 0.773380 0.014063 0.028241
0 0.868229 0.835880 0.014583 0.026389
0 0.836458 0.774537 0.015104 0.027778
0 0.830859 0.792130 0.013281 0.025000
0 0.822266 0.819907 0.014844 0.024074
0 0.849609 0.826620 0.012760 0.025463
0 0.853125 0.804167 0.016146 0.029630
2 0.840365 0.875000 0.015104 0.030556
0 0.864844 0.862963 0.013021 0.028704
0 0.877734 0.888889 0.011719 0.020370
0 0.873437 0.914583 0.014583 0.028241
0 0.895443 0.921065 0.015365 0.028241
0 0.911849 0.957407 0.013281 0.025000
0 0.926302 0.987269 0.017188 0.024537
0 0.659375 0.937963 0.014583 0.013889
2 0.297526 0.016667 0.011198 0.032407
2 0.976432 0.746991 0.014844 0.023611
2 0.992448 0.675926 0.014583 0.029630
2 0.995182 0.695370 0.009635 0.021296
2 0.767578 0.905787 0.016406 0.015278
0 0.006510 0.917361 0.012500 0.013426
0 0.249609 0.045602 0.017448 0.028241
2 0.731510 0.148380 0.019271 0.026389
2 0.789844 0.150000 0.021354 0.025926
2 0.323307 0.321065 0.010677 0.038426
2 0.665495 0.454398 0.010156 0.020833
