2 0.118359 0.250926 0.013802 0.027778
2 0.374349 0.200694 0.016927 0.018981
2 0.654297 0.202083 0.021094 0.040278
2 0.670833 0.253009 0.012500 0.031944
2 0.864453 0.236806 0.033073 0.029167
2 0.904557 0.200231 0.017969 0.022685
2 0.026042 0.683565 0.021354 0.013426
0 0.033073 0.643519 0.015104 0.010185
0 0.062630 0.604861 0.016406 0.014352
0 0.101562 0.644213 0.021875 0.012500
2 0.131901 0.668287 0.023698 0.013426
0 0.184375 0.666898 0.017708 0.011574
0 0.212109 0.666898 0.012760 0.010648
0 0.243099 0.668287 0.018490 0.011574
0 0.274349 0.667824 0.019010 0.013426
0 0.302865 0.624537 0.018750 0.013889
2 0.298828 0.666898 0.019010 0.012500
0 0.324870 0.665972 0.019010 0.013426
0 0.344271 0.662731 0.008854 0.031019
0 0.362760 0.665972 0.018750 0.010648
0 0.392969 0.666667 0.018229 0.011111
0 0.416016 0.667593 0.016406 0.011111
0 0.441927 0.668287 0.017188 0.012500
0 0.464583 0.665741 0.015104 0.012037
0 0.498568 0.667593 0.016927 0.013889
0 0.526042 0.668519 0.016667 0.012963
2 0.552474 0.668981 0.019010 0.012963
0 0.575391 0.669444 0.016927 0.012963
2 0.603906 0.670139 0.019271 0.013426
0 0.627604 0.668750 0.016146 0.013426
2 0.659245 0.669676 0.023177 0.015278
2 0.690234 0.668056 0.017448 0.012037
2 0.716797 0.668056 0.018490 0.014815
0 0.701562 0.624769 0.015104 0.011574
0 0.742318 0.649769 0.017448 0.011574
0 0.739844 0.668750 0.016667 0.010648
2 0.791536 0.650000 0.017448 0.012037
0 0.783984 0.668519 0.013281 0.011111
0 0.790234 0.686343 0.017448 0.012500
0 0.820443 0.648148 0.016406 0.012963
0 0.817187 0.667593 0.017188 0.012037
0 0.822005 0.689120 0.015365 0.010648
0 0.860547 0.649769 0.016927 0.010648
0 0.846224 0.666667 0.017969 0.011111
0 0.854167 0.685185 0.017708 0.013889
0 0.900781 0.668981 0.017188 0.013889
0 0.914323 0.647917 0.017708 0.011574
0 0.938411 0.613426 0.021094 0.016667
0 0.948568 0.663194 0.016927 0.011574
0 0.975130 0.625231 0.015885 0.019907
0 0.980990 0.657639 0.015625 0.015278
2 0.972135 0.750694 0.010937 0.031019
0 0.976953 0.771759 0.009635 0.029630
2 0.993880 0.756713 0.011719 0.034722
2 0.499089 0.934259 0.019531 0.025000
2 0.522005 0.950231 0.018490 0.021759
2 0.542057 0.962731 0.018490 0.023611
2 0.564323 0.976389 0.015104 0.019444
0 0.469922 0.966898 0.018490 0.020833
2 0.442448 0.975000 0.017708 0.021296
0 0.550911 0.994907 0.012240 0.010185
0 0.332161 0.864583 0.009115 0.025463
2 0.248177 0.909491 0.019792 0.021759
2 0.184115 0.909954 0.010937 0.033796
0 0.874870 0.668519 0.012760 0.009259
2 0.260417 0.430787 0.010417 0.033796
0 0.178646 0.463426 0.008333 0.025926
0 0.197786 0.457407 0.007552 0.021296
0 0.989974 0.550463 0.007552 0.024074
2 0.582161 0.060880 0.018490 0.017130
