2 0.151172 0.386806 0.016927 0.032870
2 0.188802 0.425000 0.021875 0.025000
2 0.073828 0.440278 0.016406 0.032407
2 0.096484 0.398380 0.017969 0.033796
2 0.016797 0.382870 0.013802 0.037037
0 0.007292 0.426389 0.014063 0.031481
0 0.028776 0.231250 0.012240 0.025463
2 0.161198 0.091667 0.011458 0.039815
2 0.171615 0.044444 0.013542 0.033333
0 0.103125 0.036574 0.010937 0.024074
0 0.357943 0.006713 0.012760 0.012500
2 0.468490 0.190972 0.031771 0.034722
0 0.391146 0.245833 0.011979 0.028704
2 0.376042 0.313194 0.009896 0.033796
0 0.532682 0.097454 0.014323 0.017130
0 0.540755 0.170833 0.012240 0.017593
2 0.838151 0.067824 0.016406 0.023611
0 0.859766 0.087269 0.017969 0.019907
0 0.881120 0.108333 0.017969 0.022222
0 0.906641 0.128704 0.014323 0.018519
2 0.906641 0.660648 0.019010 0.022222
2 0.865365 0.703472 0.033854 0.034722
2 0.775911 0.784491 0.010156 0.027315
2 0.672135 0.729398 0.012500 0.031019
2 0.654687 0.681481 0.019271 0.033333
2 0.630729 0.698380 0.014063 0.060648
2 0.592318 0.759259 0.017969 0.022222
2 0.568490 0.766898 0.019271 0.016204
2 0.639974 0.596296 0.010156 0.035185
2 0.582682 0.536343 0.019010 0.017130
2 0.373958 0.691667 0.015625 0.020370
0 0.200521 0.948843 0.010937 0.028241
0 0.179557 0.951620 0.008073 0.032870
2 0.121094 0.757407 0.016146 0.034259
0 0.057682 0.756019 0.017969 0.023148
2 0.502083 0.321991 0.030208 0.036574
2 0.641146 0.797222 0.020833 0.057407
