0 0.071615 0.075231 0.020833 0.007870
0 0.149870 0.088426 0.017969 0.012963
2 0.201432 0.092130 0.021094 0.014815
2 0.208594 0.076389 0.021875 0.012963
2 0.198177 0.033796 0.008333 0.031481
0 0.135937 0.010648 0.008854 0.017593
0 0.198958 0.006713 0.007812 0.012500
0 0.281510 0.105556 0.017188 0.013889
0 0.302344 0.108333 0.016146 0.010185
0 0.344792 0.068519 0.011979 0.022222
0 0.386328 0.136806 0.017969 0.014352
0 0.387240 0.153935 0.017188 0.012500
2 0.425000 0.094676 0.020313 0.018056
0 0.538542 0.061574 0.005208 0.030556
0 0.581641 0.131250 0.018490 0.010648
0 0.607552 0.135880 0.014063 0.009722
0 0.628125 0.135880 0.016146 0.011574
0 0.701693 0.141435 0.017969 0.009722
0 0.764323 0.146528 0.017708 0.010648
0 0.810417 0.149306 0.017708 0.010648
0 0.842318 0.152315 0.017969 0.011111
0 0.874609 0.155093 0.012760 0.008333
0 0.113151 0.379398 0.015885 0.010648
0 0.133854 0.380787 0.019792 0.015278
0 0.176953 0.381944 0.020052 0.013889
2 0.202474 0.383333 0.020052 0.012963
0 0.290885 0.383333 0.020313 0.013889
0 0.320312 0.385880 0.016146 0.012500
0 0.341797 0.388657 0.018490 0.013426
0 0.348568 0.326157 0.007552 0.030093
0 0.348438 0.289815 0.006771 0.028704
0 0.375781 0.274769 0.014583 0.008796
0 0.377734 0.308333 0.017448 0.012037
0 0.378255 0.325926 0.019010 0.013889
0 0.417969 0.365741 0.016667 0.012037
0 0.467187 0.373380 0.016146 0.012500
0 0.488151 0.374306 0.017448 0.012500
0 0.508333 0.374306 0.016667 0.011574
0 0.523698 0.352315 0.015104 0.026852
0 0.530208 0.316435 0.006771 0.031019
0 0.673828 0.377083 0.018490 0.010648
2 0.789193 0.381713 0.017448 0.011574
0 0.811198 0.381713 0.016667 0.011574
0 0.833724 0.383565 0.018490 0.010648
0 0.863281 0.384722 0.014583 0.010185
0 0.959245 0.423380 0.017969 0.013426
0 0.981250 0.422685 0.016667 0.013889
0 0.975781 0.557639 0.007812 0.028241
0 0.547656 0.571296 0.004167 0.026852
0 0.540365 0.491667 0.006250 0.031481
0 0.540365 0.455556 0.006771 0.031481
0 0.518750 0.636343 0.013021 0.008796
0 0.542578 0.695833 0.013281 0.012037
0 0.324479 0.640046 0.014583 0.011574
0 0.340625 0.685880 0.016146 0.012500
0 0.185938 0.631019 0.018229 0.013889
0 0.114193 0.544444 0.009115 0.026852
2 0.113672 0.592824 0.011198 0.038426
0 0.054688 0.675694 0.021875 0.014352
0 0.022786 0.679630 0.019531 0.012963
0 0.019141 0.524769 0.010677 0.031019
0 0.028516 0.528472 0.009635 0.030093
0 0.122396 0.724074 0.010937 0.031481
2 0.119141 0.768519 0.010677 0.037037
2 0.180859 0.854861 0.009115 0.034722
2 0.181641 0.906713 0.011719 0.033796
0 0.119401 0.915509 0.007552 0.025463
2 0.212500 0.960417 0.015625 0.031019
2 0.263281 0.879630 0.034896 0.027778
2 0.266536 0.913657 0.017448 0.029167
2 0.423177 0.940741 0.007292 0.035185
0 0.422786 0.870139 0.006510 0.032870
2 0.484635 0.924306 0.033333 0.062500
2 0.541536 0.861343 0.024740 0.056019
2 0.482292 0.769444 0.031771 0.019444
2 0.954948 0.931944 0.034375 0.022222
2 0.982682 0.865509 0.013802 0.030093
