0 0.053516 0.204861 0.013802 0.031019
0 0.021615 0.192824 0.016146 0.018056
0 0.006510 0.180093 0.012500 0.020370
0 0.011719 0.233333 0.014063 0.020370
0 0.010286 0.247917 0.011719 0.018056
0 0.007031 0.264352 0.013542 0.016667
0 0.004557 0.277546 0.008594 0.013426
0 0.003646 0.292593 0.006771 0.012963
0 0.002083 0.307176 0.003646 0.010648
0 0.005990 0.331481 0.011458 0.019444
0 0.006641 0.378472 0.012760 0.023611
0 0.127474 0.212963 0.012240 0.022222
2 0.111589 0.248380 0.015365 0.028241
0 0.188281 0.118519 0.015625 0.025000
0 0.223177 0.012500 0.013542 0.024074
0 0.240104 0.092130 0.014583 0.010185
0 0.133984 0.322917 0.011198 0.016204
0 0.165104 0.399074 0.013542 0.020370
0 0.265885 0.038657 0.014063 0.021759
0 0.277604 0.020833 0.009375 0.015741
0 0.263932 0.008333 0.013281 0.015741
0 0.262500 0.119676 0.013542 0.031019
0 0.278516 0.128241 0.009115 0.018519
0 0.281250 0.157870 0.011979 0.023148
2 0.294010 0.182176 0.016146 0.031944
0 0.312630 0.196296 0.012240 0.027778
0 0.315234 0.224537 0.012760 0.025000
0 0.327604 0.251852 0.013542 0.024074
0 0.391927 0.158796 0.008854 0.014815
0 0.357943 0.308796 0.012240 0.023148
2 0.370052 0.332176 0.013542 0.024537
0 0.388672 0.368519 0.013281 0.026852
0 0.421094 0.015741 0.012500 0.021296
0 0.433594 0.037963 0.010937 0.022222
0 0.464453 0.054398 0.013281 0.021759
0 0.597786 0.007870 0.010156 0.014815
0 0.612370 0.009028 0.008594 0.011574
0 0.706380 0.090278 0.013802 0.019444
0 0.744010 0.142130 0.011458 0.023148
0 0.693490 0.136343 0.007292 0.011574
0 0.672266 0.158102 0.011198 0.019907
0 0.696745 0.148611 0.010677 0.021296
0 0.703906 0.160880 0.010417 0.018056
0 0.751042 0.208102 0.011979 0.018981
0 0.836979 0.205787 0.010937 0.018981
0 0.794010 0.229861 0.010937 0.014352
0 0.873307 0.107870 0.012760 0.027778
0 0.878255 0.140972 0.016927 0.014352
0 0.873177 0.072685 0.014583 0.022222
0 0.856771 0.071991 0.010937 0.021759
0 0.819661 0.011574 0.010156 0.015741
0 0.875391 0.019907 0.014844 0.013889
0 0.879297 0.007176 0.017448 0.013426
0 0.958594 0.245602 0.012500 0.026389
0 0.948438 0.256713 0.010937 0.025463
2 0.981250 0.287500 0.015625 0.026852
2 0.976953 0.310648 0.014323 0.027778
2 0.996875 0.326852 0.006250 0.022222
0 0.897656 0.540046 0.013542 0.022685
0 0.903646 0.553704 0.011979 0.023148
0 0.854297 0.517361 0.011198 0.018981
0 0.836328 0.434259 0.012240 0.021296
2 0.935417 0.599074 0.011979 0.023148
0 0.983854 0.592130 0.009896 0.019444
2 0.976042 0.633333 0.023958 0.007407
0 0.931120 0.633333 0.013802 0.024074
2 0.902474 0.628935 0.011719 0.020833
2 0.909115 0.644444 0.010417 0.018519
2 0.912760 0.659259 0.009375 0.016667
0 0.450521 0.521065 0.011458 0.023611
0 0.223307 0.252315 0.010156 0.020370
0 0.236328 0.277315 0.011198 0.018519
0 0.263281 0.332639 0.013021 0.026389
0 0.256380 0.512037 0.011719 0.023148
0 0.977734 0.042130 0.011719 0.019444
0 0.783724 0.314120 0.013281 0.018981
0 0.800000 0.356019 0.013021 0.024074
0 0.780729 0.367824 0.010417 0.018981
0 0.958203 0.784491 0.015885 0.011574
0 0.985417 0.786111 0.016667 0.012037
0 0.880990 0.850231 0.006771 0.033796
0 0.872266 0.857870 0.006510 0.028704
0 0.869271 0.921759 0.006771 0.029630
0 0.780859 0.911574 0.008594 0.033333
0 0.803255 0.840972 0.017448 0.008796
0 0.776563 0.843519 0.014583 0.011111
2 0.802083 0.780324 0.055208 0.019907
0 0.790234 0.756713 0.015885 0.012500
0 0.760156 0.754630 0.017188 0.014815
0 0.705729 0.755324 0.016667 0.013426
0 0.718359 0.778935 0.014323 0.011574
0 0.713802 0.937731 0.006250 0.030093
0 0.713542 0.979398 0.005729 0.028241
0 0.557422 0.754861 0.016927 0.012500
0 0.561458 0.777083 0.015625 0.011574
2 0.493750 0.775463 0.017188 0.012963
0 0.026172 0.868519 0.009115 0.032407
0 0.012891 0.866667 0.010677 0.033333
0 0.046745 0.752546 0.008594 0.026389
0 0.016536 0.755093 0.009635 0.027778
0 0.005859 0.752778 0.008594 0.025000
0 0.731901 0.655787 0.011719 0.026389
0 0.750260 0.634028 0.013021 0.019907
0 0.761979 0.656250 0.013021 0.026389
0 0.712500 0.553472 0.011458 0.023611
0 0.701693 0.580093 0.010677 0.018519
0 0.715234 0.606481 0.011719 0.025926
0 0.608594 0.503704 0.016146 0.025000
0 0.606510 0.459722 0.015104 0.012963
0 0.605859 0.442361 0.015365 0.013426
0 0.607812 0.418981 0.011458 0.025926
0 0.706771 0.443981 0.010417 0.027778
0 0.719792 0.424074 0.014063 0.026852
0 0.661068 0.371991 0.012760 0.023611
0 0.672266 0.373380 0.014323 0.023611
0 0.713021 0.361343 0.013542 0.020833
0 0.599870 0.375231 0.009635 0.019907
0 0.604297 0.307870 0.013281 0.018519
0 0.584766 0.276852 0.014323 0.024074
0 0.578255 0.246296 0.008073 0.014815
0 0.241146 0.478704 0.011979 0.026852
0 0.126562 0.314815 0.010937 0.019444
0 0.451562 0.605324 0.015104 0.025463
0 0.419531 0.659722 0.009375 0.024074
0 0.692708 0.195370 0.013542 0.023148
