0 0.045964 0.369213 0.012760 0.029167
0 0.013672 0.360648 0.016406 0.017593
0 0.007682 0.401852 0.014844 0.018519
0 0.005208 0.417361 0.009896 0.013426
0 0.004036 0.436111 0.007552 0.010185
0 0.005859 0.546991 0.010156 0.031019
2 0.105469 0.407176 0.016667 0.025463
0 0.120443 0.370139 0.014323 0.023611
0 0.130469 0.479861 0.010937 0.018056
0 0.123047 0.473148 0.010677 0.018519
0 0.178255 0.270602 0.014323 0.024537
0 0.229297 0.239352 0.014323 0.011111
0 0.251693 0.263889 0.013281 0.025000
0 0.277995 0.288657 0.010677 0.017130
0 0.272656 0.302083 0.014063 0.026389
2 0.285286 0.324769 0.016927 0.030093
0 0.309245 0.366204 0.012760 0.021296
0 0.318229 0.359491 0.014063 0.027315
0 0.321224 0.390741 0.013802 0.027778
0 0.351042 0.442824 0.014583 0.026389
2 0.364714 0.467361 0.015885 0.026389
0 0.383854 0.501389 0.014063 0.022222
0 0.195182 0.136806 0.011198 0.021759
0 0.208724 0.159491 0.012240 0.023611
0 0.249089 0.148148 0.012240 0.021296
0 0.252734 0.183333 0.011198 0.019444
0 0.263411 0.166204 0.010156 0.020370
0 0.270703 0.108102 0.011198 0.018981
2 0.281120 0.109954 0.013281 0.025463
2 0.298698 0.089815 0.013542 0.022222
2 0.294010 0.078472 0.019792 0.023611
0 0.322005 0.012963 0.006510 0.023148
0 0.401562 0.093519 0.012500 0.026852
0 0.406641 0.145370 0.012760 0.024074
0 0.418359 0.168750 0.010677 0.022685
0 0.451693 0.179630 0.011198 0.022222
0 0.383724 0.293750 0.008594 0.015278
0 0.517318 0.006481 0.011198 0.012037
0 0.528906 0.023843 0.009375 0.017130
0 0.540365 0.043750 0.011979 0.023611
2 0.557552 0.052546 0.016667 0.024537
0 0.565234 0.014815 0.010156 0.017593
0 0.570573 0.023148 0.011458 0.018519
0 0.575000 0.046991 0.014063 0.024537
0 0.580469 0.115741 0.013542 0.025000
0 0.596354 0.117593 0.009896 0.022222
0 0.614453 0.096759 0.009635 0.015741
0 0.693490 0.192130 0.014063 0.022222
0 0.661198 0.262500 0.010417 0.019444
0 0.680599 0.240046 0.007031 0.014352
0 0.685547 0.252315 0.010156 0.019444
0 0.692578 0.262963 0.009115 0.016667
0 0.732422 0.239120 0.011719 0.022685
0 0.741406 0.307176 0.010417 0.017130
0 0.843490 0.164815 0.013021 0.023148
0 0.858594 0.160648 0.015104 0.023148
0 0.859635 0.106019 0.016146 0.013889
0 0.862630 0.090046 0.016406 0.013426
0 0.863281 0.050694 0.016146 0.012500
1 0.783203 0.043519 0.035677 0.047222
0 0.802214 0.028472 0.018490 0.011574
0 0.741797 0.058796 0.009635 0.014815
0 0.938151 0.072685 0.015365 0.020370
0 0.953646 0.069907 0.011979 0.022222
0 0.961068 0.119213 0.012240 0.019907
0 0.997656 0.153935 0.004167 0.010648
0 0.975130 0.046759 0.009635 0.019444
0 0.988021 0.021528 0.009375 0.026389
0 0.995182 0.012500 0.009635 0.020370
0 0.966406 0.130787 0.014063 0.018056
0 0.860938 0.193750 0.015625 0.026389
0 0.853385 0.204861 0.006771 0.018981
0 0.867057 0.226157 0.016406 0.015278
0 0.885156 0.238889 0.010937 0.018519
0 0.834766 0.281250 0.010677 0.021759
0 0.930208 0.285185 0.013542 0.026852
2 0.954036 0.331944 0.014844 0.026852
2 0.975521 0.369907 0.015104 0.029630
0 0.948438 0.351389 0.015625 0.026852
2 0.993880 0.437037 0.012240 0.030556
0 0.987240 0.670602 0.008333 0.018981
2 0.979557 0.710417 0.023698 0.007870
0 0.934766 0.714120 0.014844 0.022685
2 0.904818 0.712731 0.012760 0.024537
2 0.910807 0.726852 0.011198 0.022222
2 0.916536 0.741667 0.009115 0.017593
0 0.162630 0.554167 0.013281 0.023148
0 0.014323 0.923843 0.007812 0.026389
0 0.024219 0.922685 0.008333 0.029630
0 0.054688 0.916435 0.006771 0.029167
0 0.183594 0.579167 0.010417 0.012963
0 0.258333 0.476852 0.013021 0.025926
0 0.217057 0.403009 0.012760 0.018056
0 0.229818 0.423611 0.011719 0.020370
0 0.776172 0.406713 0.011198 0.018981
0 0.775000 0.462269 0.012500 0.019907
0 0.794401 0.447917 0.015365 0.027315
0 0.708464 0.462500 0.012240 0.019444
0 0.716406 0.523380 0.014063 0.025463
0 0.703776 0.546065 0.008594 0.025463
0 0.667708 0.478472 0.014583 0.022685
0 0.655339 0.478241 0.013281 0.023148
0 0.594141 0.485417 0.011198 0.018981
0 0.597917 0.420370 0.009896 0.019444
0 0.577083 0.387963 0.013542 0.025000
0 0.570573 0.358565 0.007292 0.012500
0 0.548958 0.358796 0.008854 0.012963
0 0.450781 0.644907 0.016146 0.022222
0 0.608984 0.613889 0.013281 0.026852
0 0.605208 0.571065 0.014583 0.014352
0 0.603516 0.553704 0.016927 0.013889
0 0.605208 0.530324 0.012500 0.024537
0 0.713151 0.655093 0.012760 0.025926
0 0.702865 0.681481 0.010937 0.018519
0 0.717318 0.706019 0.014323 0.024074
0 0.754297 0.731481 0.012240 0.021296
0 0.765625 0.750463 0.013542 0.022222
0 0.736198 0.754398 0.015104 0.029167
0 0.734896 0.854630 0.015625 0.012963
0 0.748568 0.876157 0.014844 0.010648
0 0.777604 0.851389 0.016667 0.014815
0 0.805729 0.848843 0.017188 0.013426
2 0.808594 0.872917 0.057292 0.018981
0 0.880729 0.892130 0.009896 0.030556
0 0.786328 0.937269 0.014323 0.014352
0 0.812370 0.933102 0.018490 0.011574
0 0.891536 0.935880 0.007552 0.036574
0 0.880859 0.984259 0.007031 0.030556
0 0.966406 0.862731 0.015625 0.012500
0 0.992318 0.861806 0.015365 0.012500
0 0.899089 0.625000 0.011719 0.023148
0 0.904557 0.634722 0.011198 0.021296
0 0.854167 0.603935 0.009896 0.017130
0 0.834766 0.521759 0.013281 0.021296
0 0.827604 0.554630 0.014063 0.025926
0 0.645833 0.233796 0.010937 0.017593
0 0.004557 0.501157 0.008594 0.018981
2 0.557943 0.887963 0.017448 0.013889
0 0.614844 0.885648 0.015625 0.014815
0 0.621484 0.864815 0.018490 0.011111
0 0.833984 0.488194 0.008073 0.015278
0 0.480339 0.006481 0.014323 0.012037
2 0.937109 0.680324 0.014323 0.017130
0 0.423177 0.784491 0.009896 0.021759
0 0.455208 0.730324 0.014063 0.028241
0 0.682422 0.298380 0.015365 0.025463
2 0.952734 0.106019 0.016406 0.017593
