0 0.180469 0.043287 0.015104 0.015278
0 0.008984 0.228009 0.011198 0.018981
0 0.022266 0.257870 0.011198 0.020370
0 0.042578 0.296759 0.015365 0.025926
0 0.131901 0.352083 0.014844 0.023611
0 0.062630 0.459259 0.014323 0.022222
0 0.010417 0.471065 0.010937 0.017130
0 0.065625 0.522454 0.010417 0.021759
0 0.128385 0.472222 0.013542 0.021296
0 0.173568 0.568519 0.015885 0.025000
0 0.198047 0.621296 0.010156 0.018519
0 0.047005 0.679398 0.011719 0.020833
0 0.058464 0.703704 0.014323 0.028704
0 0.073958 0.755324 0.010417 0.027315
0 0.010286 0.871991 0.016927 0.012500
0 0.042188 0.852315 0.016146 0.014815
2 0.042448 0.872917 0.018229 0.010648
0 0.073568 0.854398 0.017969 0.011574
0 0.063672 0.874769 0.016927 0.011574
0 0.105859 0.855556 0.017969 0.010185
0 0.092708 0.877083 0.016667 0.011574
0 0.136328 0.854630 0.016927 0.013889
0 0.165625 0.858565 0.016667 0.011574
2 0.138672 0.880093 0.054427 0.022222
0 0.109635 0.942130 0.015625 0.012037
0 0.136849 0.940046 0.015885 0.010648
0 0.221354 0.932176 0.009896 0.027315
0 0.263411 0.809491 0.017448 0.018981
0 0.294401 0.888194 0.016927 0.011574
0 0.320833 0.889815 0.017708 0.013889
2 0.348177 0.888889 0.019271 0.012037
0 0.375130 0.871759 0.017448 0.012037
0 0.371354 0.890972 0.011979 0.010648
0 0.400130 0.872685 0.017448 0.013889
0 0.398958 0.892130 0.017708 0.014815
2 0.446224 0.824537 0.017448 0.013889
0 0.458724 0.852315 0.015365 0.012037
2 0.506641 0.885185 0.017448 0.025926
2 0.552604 0.973843 0.011458 0.029167
2 0.572786 0.935880 0.018490 0.022685
0 0.570182 0.899537 0.018490 0.013889
0 0.540234 0.871065 0.019010 0.014352
0 0.575651 0.869907 0.017969 0.013889
0 0.611068 0.870602 0.016406 0.012500
0 0.548438 0.851157 0.018750 0.012500
0 0.573568 0.832176 0.016406 0.012500
0 0.580339 0.850694 0.015885 0.012500
0 0.605339 0.831481 0.015365 0.011111
0 0.612760 0.851852 0.017188 0.011111
0 0.641406 0.833333 0.017708 0.012037
0 0.643620 0.852546 0.011719 0.009722
0 0.638411 0.870370 0.017448 0.010185
0 0.671094 0.832176 0.018229 0.012500
0 0.695443 0.831713 0.015365 0.008796
0 0.676172 0.851389 0.013281 0.012037
0 0.663932 0.893056 0.016406 0.012037
0 0.686198 0.926389 0.012500 0.012037
0 0.732682 0.920602 0.017448 0.013426
0 0.789974 0.907639 0.014844 0.012500
0 0.904687 0.912963 0.018229 0.012963
0 0.737240 0.756713 0.007292 0.028241
0 0.747786 0.739583 0.007552 0.031019
0 0.787370 0.695602 0.008073 0.027315
0 0.722917 0.684954 0.010417 0.026389
0 0.730208 0.650694 0.011979 0.028241
0 0.787630 0.650231 0.007552 0.028241
0 0.755078 0.587037 0.008594 0.021296
0 0.785937 0.586806 0.006771 0.030093
0 0.756901 0.556944 0.007031 0.028704
0 0.763542 0.525000 0.009896 0.028704
0 0.784766 0.546759 0.007552 0.023148
0 0.821354 0.567824 0.007292 0.029167
0 0.782161 0.509491 0.009635 0.030093
0 0.773568 0.457870 0.010156 0.029630
0 0.746354 0.423843 0.011458 0.031944
0 0.738672 0.393056 0.011719 0.027778
0 0.702214 0.387731 0.016927 0.020833
0 0.700521 0.328704 0.015625 0.019444
0 0.680990 0.456713 0.016146 0.011574
0 0.660937 0.452546 0.017188 0.013426
0 0.633984 0.451852 0.016406 0.009259
0 0.602865 0.451389 0.011979 0.011111
0 0.585547 0.450231 0.016406 0.012500
0 0.527474 0.446528 0.016927 0.011574
0 0.478776 0.444444 0.016406 0.011111
0 0.468099 0.404167 0.004948 0.027778
0 0.498437 0.358102 0.005729 0.024537
2 0.437760 0.444676 0.018229 0.010648
0 0.408333 0.442824 0.014063 0.011574
2 0.329036 0.404398 0.014323 0.029167
0 0.313672 0.368287 0.012240 0.025463
2 0.292187 0.324306 0.018229 0.037500
2 0.272396 0.286343 0.015625 0.030093
2 0.258203 0.254630 0.015365 0.028704
0 0.246615 0.220139 0.013542 0.027315
0 0.225130 0.182407 0.013802 0.025926
0 0.110026 0.065972 0.011719 0.018056
0 0.148698 0.018981 0.012500 0.018519
0 0.218099 0.012269 0.016406 0.019907
0 0.365755 0.193981 0.015885 0.012963
0 0.318620 0.204861 0.013802 0.028241
0 0.306120 0.180556 0.011719 0.026852
0 0.316667 0.179167 0.010937 0.025000
0 0.328385 0.170370 0.016146 0.017593
0 0.325521 0.155324 0.016667 0.018981
2 0.311589 0.144213 0.017448 0.015278
0 0.304948 0.107176 0.015625 0.018056
0 0.319531 0.105556 0.013021 0.023148
0 0.341797 0.086574 0.012240 0.024074
0 0.355729 0.062500 0.009896 0.025926
0 0.362370 0.052315 0.009635 0.023148
0 0.370052 0.041667 0.012500 0.025926
0 0.382292 0.028009 0.009896 0.028241
0 0.413021 0.072454 0.014063 0.008796
0 0.429557 0.031019 0.010156 0.021296
0 0.560937 0.124769 0.009896 0.032870
2 0.480208 0.089583 0.008333 0.027315
2 0.271484 0.707639 0.012760 0.019907
2 0.309245 0.740741 0.019531 0.007407
0 0.318099 0.696296 0.011719 0.027778
2 0.240365 0.734954 0.016146 0.025463
2 0.244531 0.750926 0.015625 0.025926
2 0.247396 0.766204 0.018750 0.022222
2 0.587370 0.218287 0.013802 0.030093
0 0.570964 0.168287 0.011719 0.031019
0 0.619531 0.014583 0.013542 0.023611
0 0.628516 0.041204 0.010156 0.021296
0 0.642448 0.072917 0.013021 0.029167
0 0.664062 0.130787 0.012500 0.024537
0 0.678516 0.167130 0.011198 0.027778
0 0.690104 0.197222 0.012500 0.025926
2 0.701432 0.225000 0.012760 0.032407
0 0.712370 0.263194 0.010156 0.030093
0 0.670573 0.022685 0.011979 0.025926
0 0.700911 0.150000 0.011719 0.026852
0 0.720833 0.156713 0.014583 0.030093
2 0.743880 0.211574 0.014323 0.027778
0 0.755729 0.243750 0.012500 0.025463
0 0.770052 0.284259 0.012500 0.026852
0 0.737370 0.103009 0.013281 0.018981
0 0.741406 0.116435 0.014063 0.019907
0 0.746484 0.125694 0.015365 0.018981
0 0.750130 0.137731 0.010677 0.016204
0 0.755469 0.149769 0.013542 0.020833
0 0.768490 0.184491 0.014063 0.023611
0 0.763542 0.055093 0.013542 0.021296
0 0.766667 0.066435 0.015625 0.020833
0 0.771745 0.078704 0.014323 0.021296
0 0.776172 0.091435 0.011719 0.017130
0 0.780599 0.103241 0.015365 0.025000
0 0.794141 0.137500 0.014844 0.022222
0 0.801302 0.159028 0.010937 0.018981
0 0.805990 0.169907 0.015104 0.024074
0 0.810937 0.183796 0.016146 0.025000
2 0.840885 0.135880 0.013542 0.031019
2 0.822917 0.090972 0.013542 0.028241
2 0.881510 0.196759 0.016667 0.026852
2 0.897005 0.263657 0.013281 0.031944
2 0.922396 0.301389 0.015104 0.027778
2 0.980729 0.302083 0.017708 0.014352
2 0.932552 0.325463 0.017708 0.014815
0 0.887500 0.379630 0.018229 0.013889
0 0.981510 0.336111 0.017708 0.013889
2 0.957422 0.406713 0.017448 0.013426
2 0.916016 0.589352 0.027344 0.051852
0 0.603646 0.631019 0.014583 0.011111
0 0.648828 0.719907 0.016927 0.010185
2 0.494922 0.626157 0.016406 0.010648
0 0.436068 0.627315 0.015885 0.011111
0 0.449740 0.611111 0.015104 0.019444
0 0.425000 0.731944 0.013021 0.026852
0 0.414193 0.696296 0.012240 0.026852
0 0.514844 0.802315 0.017188 0.022222
2 0.787240 0.020602 0.026042 0.040278
0 0.611849 0.289120 0.013281 0.020833
0 0.457943 0.469907 0.003385 0.028704
