0 0.051172 0.220139 0.016927 0.019907
1 0.155859 0.243056 0.018490 0.065741
0 0.206641 0.225463 0.018490 0.016667
0 0.229297 0.227778 0.016927 0.014815
0 0.252995 0.229398 0.013281 0.012500
0 0.282682 0.231250 0.012240 0.013426
0 0.297656 0.231019 0.010937 0.013889
0 0.334375 0.235880 0.018750 0.015278
0 0.424870 0.246528 0.017969 0.016204
2 0.464062 0.250231 0.018229 0.016204
0 0.485156 0.253009 0.015625 0.014352
0 0.511719 0.257407 0.018229 0.016667
0 0.211458 0.310185 0.008333 0.029630
0 0.221615 0.311574 0.008333 0.027778
0 0.230339 0.316204 0.007552 0.033333
0 0.211589 0.337731 0.019531 0.016204
0 0.240625 0.379861 0.011458 0.018056
0 0.265755 0.309028 0.014323 0.017130
0 0.280729 0.301620 0.011458 0.011574
0 0.299349 0.304861 0.015365 0.015278
0 0.316927 0.306481 0.013021 0.012963
0 0.339323 0.307870 0.017708 0.014815
0 0.376563 0.312037 0.016667 0.014815
0 0.402865 0.315972 0.016146 0.015278
0 0.423438 0.316435 0.015625 0.016204
2 0.443229 0.319444 0.018229 0.018519
0 0.466276 0.326620 0.015885 0.018056
0 0.486849 0.381944 0.009635 0.031481
0 0.516667 0.418287 0.018229 0.016204
2 0.369401 0.472917 0.019531 0.015278
0 0.416536 0.483796 0.008073 0.026852
0 0.338932 0.464583 0.017448 0.017130
0 0.311979 0.452546 0.016667 0.021759
2 0.247266 0.543056 0.016406 0.022222
0 0.199219 0.626620 0.011979 0.019907
0 0.191667 0.580093 0.013021 0.012037
0 0.160938 0.642824 0.017188 0.018056
0 0.160547 0.669907 0.016406 0.011111
0 0.157161 0.687037 0.011719 0.010185
0 0.156771 0.702546 0.010937 0.011574
0 0.162760 0.736343 0.013021 0.012500
0 0.157422 0.777083 0.016927 0.011574
0 0.148958 0.799306 0.010417 0.028241
2 0.169792 0.811343 0.010937 0.030093
0 0.183594 0.799769 0.009896 0.027315
0 0.225000 0.767130 0.013542 0.022222
0 0.029167 0.963426 0.018750 0.017593
2 0.160807 0.957176 0.017969 0.014352
2 0.204557 0.953704 0.018490 0.016667
0 0.235286 0.952778 0.024740 0.016667
0 0.372396 0.960417 0.015104 0.010648
0 0.458594 0.908333 0.007292 0.028704
0 0.458594 0.937269 0.012500 0.021759
0 0.358854 0.863194 0.013021 0.022685
2 0.378255 0.822685 0.016927 0.029630
0 0.404297 0.765046 0.013281 0.022685
0 0.434375 0.697454 0.013542 0.022685
0 0.379036 0.755787 0.014323 0.023611
2 0.494792 0.854398 0.013021 0.024537
0 0.565104 0.705093 0.010937 0.020370
0 0.471224 0.618519 0.014323 0.020370
0 0.483203 0.596065 0.009635 0.018056
0 0.503646 0.553009 0.013021 0.027315
0 0.521094 0.514120 0.014063 0.026389
0 0.534896 0.486806 0.012500 0.027315
0 0.704557 0.625231 0.015365 0.022685
0 0.702083 0.571759 0.014063 0.027778
0 0.662370 0.573380 0.010677 0.024537
0 0.651693 0.542593 0.010677 0.028704
0 0.706771 0.488194 0.014063 0.023611
0 0.686328 0.459954 0.015365 0.026389
0 0.637630 0.466435 0.009635 0.020833
0 0.626042 0.443287 0.014063 0.025463
0 0.657292 0.421528 0.014063 0.024537
0 0.616146 0.415972 0.015625 0.023611
0 0.638542 0.398611 0.013021 0.018519
0 0.619271 0.379861 0.016667 0.023611
0 0.592318 0.359954 0.016927 0.020833
0 0.540234 0.371759 0.016406 0.019444
0 0.559896 0.379167 0.016667 0.022222
0 0.444271 0.978009 0.017188 0.011574
0 0.532031 0.975000 0.016667 0.016667
0 0.618359 0.993287 0.008073 0.013426
0 0.618880 0.942824 0.011719 0.023611
0 0.604167 0.925926 0.014583 0.025000
0 0.641146 0.855556 0.012500 0.026852
2 0.679427 0.955787 0.014583 0.041204
0 0.632422 0.696759 0.012240 0.024074
2 0.773438 0.692593 0.017188 0.031481
0 0.850130 0.532176 0.017448 0.031944
0 0.921484 0.333565 0.014323 0.027315
0 0.954688 0.288657 0.014583 0.026389
2 0.114844 0.333333 0.013542 0.024074
2 0.039062 0.257407 0.007292 0.030556
3 0.127083 0.220370 0.003646 0.012963
0 0.203516 0.245370 0.014844 0.014815
0 0.405339 0.126389 0.007552 0.027778
0 0.414193 0.128241 0.006510 0.029630
0 0.420964 0.127778 0.006510 0.027778
0 0.430339 0.128935 0.005990 0.023611
0 0.438281 0.129630 0.008854 0.030556
0 0.461458 0.132639 0.006771 0.028241
0 0.476172 0.132639 0.005990 0.019907
0 0.484766 0.133796 0.008594 0.031481
0 0.493359 0.134491 0.007552 0.031019
0 0.410807 0.190046 0.005990 0.026389
0 0.419010 0.190972 0.007292 0.028241
0 0.426172 0.191898 0.007031 0.029167
0 0.434766 0.194444 0.006510 0.025926
0 0.442448 0.193056 0.007812 0.032407
0 0.466276 0.197222 0.008073 0.028704
0 0.612760 0.207407 0.010937 0.023148
2 0.321094 0.032870 0.018750 0.016667
2 0.340755 0.035880 0.017969 0.018056
2 0.359375 0.038657 0.016667 0.014352
2 0.404427 0.065509 0.030729 0.027315
2 0.380469 0.019907 0.014583 0.032407
2 0.457682 0.063426 0.017969 0.016667
2 0.489453 0.066898 0.018490 0.017130
2 0.541536 0.046296 0.007552 0.034259
2 0.582161 0.066667 0.016406 0.021296
2 0.614974 0.051852 0.009115 0.033333
2 0.632161 0.052315 0.011198 0.026852
2 0.683464 0.065972 0.012760 0.030093
2 0.739193 0.244676 0.015365 0.061574
0 0.146615 0.331481 0.013021 0.025000
2 0.216406 0.021991 0.016146 0.027315
2 0.237891 0.025694 0.017969 0.015278
2 0.257943 0.009722 0.008073 0.018519
2 0.282552 0.031250 0.019792 0.017130
0 0.645833 0.175463 0.013542 0.026852
0 0.640885 0.372685 0.016667 0.025926
0 0.703646 0.598148 0.015625 0.023148
0 0.962891 0.142824 0.013802 0.028241
0 0.976693 0.179861 0.014844 0.031944
0 0.983333 0.222454 0.014063 0.024537
0 0.989844 0.114120 0.015104 0.028241
0 0.720182 0.816898 0.014844 0.025463
0 0.997005 0.725000 0.005469 0.011111
2 0.290625 0.949537 0.017708 0.011111
0 0.265495 0.947917 0.015885 0.014352
0 0.188672 0.827546 0.015365 0.011574
0 0.181901 0.842824 0.016406 0.010648
0 0.200000 0.842361 0.017708 0.011574
2 0.415365 0.289815 0.019271 0.012963
