0 0.027214 0.019676 0.017448 0.028241
0 0.038802 0.036343 0.011458 0.023611
0 0.040755 0.067130 0.008594 0.015741
0 0.012240 0.006250 0.007292 0.011574
0 0.124870 0.078935 0.012240 0.017130
0 0.155990 0.331944 0.016146 0.018519
0 0.186849 0.279167 0.015365 0.024074
0 0.167969 0.172222 0.015104 0.021296
0 0.210026 0.205787 0.014844 0.021759
0 0.224479 0.223843 0.012500 0.021759
0 0.250130 0.169676 0.015365 0.021759
0 0.274479 0.168750 0.011979 0.026389
0 0.285677 0.146528 0.011979 0.021759
0 0.297135 0.119907 0.011979 0.025000
0 0.323698 0.056944 0.013021 0.025000
0 0.353646 0.051157 0.013542 0.018981
0 0.340885 0.018519 0.013542 0.026852
0 0.439193 0.144444 0.011198 0.024074
0 0.449479 0.121759 0.010417 0.022222
0 0.490365 0.066204 0.018229 0.016667
0 0.506120 0.084491 0.012760 0.014352
0 0.491797 0.092593 0.013802 0.014815
0 0.507422 0.101157 0.015885 0.016204
0 0.538151 0.097917 0.015365 0.016204
0 0.553776 0.109722 0.011719 0.012037
0 0.577734 0.117361 0.008594 0.027315
0 0.585026 0.121528 0.008594 0.026389
0 0.597526 0.131713 0.010677 0.013426
0 0.610807 0.011806 0.009115 0.022685
0 0.620313 0.011806 0.007812 0.020833
0 0.700260 0.086574 0.010417 0.026852
2 0.721094 0.071528 0.011458 0.031019
0 0.836719 0.012500 0.011458 0.022222
2 0.856641 0.011343 0.014844 0.021759
2 0.872135 0.220833 0.013021 0.033333
0 0.240365 0.324769 0.013021 0.025463
0 0.251823 0.339120 0.011979 0.027315
0 0.232031 0.435417 0.013542 0.025463
0 0.163021 0.617593 0.009375 0.017593
0 0.007031 0.861574 0.013542 0.010185
0 0.017448 0.906713 0.008333 0.027315
0 0.052995 0.901852 0.012760 0.012037
0 0.060026 0.915509 0.017969 0.015278
0 0.073698 0.856250 0.011979 0.023611
0 0.082943 0.861574 0.010156 0.020370
0 0.088281 0.874306 0.011979 0.019907
0 0.105078 0.900463 0.013802 0.028704
0 0.094141 0.975463 0.018490 0.015741
0 0.100130 0.986574 0.011198 0.009259
0 0.114714 0.921991 0.011719 0.023611
0 0.120182 0.934259 0.009115 0.016667
0 0.127214 0.940972 0.011719 0.020833
0 0.138151 0.957407 0.015365 0.026852
0 0.201563 0.777315 0.018750 0.013889
0 0.277083 0.757639 0.016667 0.012500
0 0.344792 0.744444 0.017708 0.014815
0 0.601302 0.960648 0.008854 0.026852
0 0.612109 0.901852 0.009115 0.029630
0 0.834896 0.921065 0.019792 0.022685
0 0.860938 0.932639 0.018229 0.015278
2 0.895573 0.941667 0.019792 0.014815
0 0.905208 0.923380 0.017708 0.013426
0 0.943099 0.948380 0.008594 0.030093
0 0.759766 0.848148 0.012760 0.016667
0 0.730859 0.808565 0.017448 0.015278
0 0.731380 0.784259 0.008073 0.025926
0 0.739583 0.785185 0.007292 0.028704
0 0.749740 0.789583 0.007292 0.028241
0 0.786328 0.779861 0.012760 0.015278
0 0.800391 0.774537 0.012760 0.012963
0 0.819271 0.773148 0.016667 0.012963
0 0.838151 0.776157 0.013281 0.013426
0 0.860938 0.776620 0.017188 0.011574
0 0.900000 0.779630 0.017708 0.011111
0 0.926823 0.781481 0.017708 0.012963
0 0.947917 0.782870 0.018229 0.012037
2 0.968880 0.785648 0.016927 0.012963
0 0.991276 0.789583 0.016406 0.018981
0 0.766797 0.727315 0.017969 0.012037
0 0.724219 0.699769 0.016146 0.013426
0 0.747266 0.702315 0.016927 0.012037
0 0.770964 0.701389 0.014844 0.012037
0 0.800911 0.702546 0.012240 0.011574
0 0.816797 0.703009 0.013281 0.011574
0 0.854557 0.705093 0.017969 0.012037
0 0.948438 0.715509 0.019271 0.014352
2 0.987240 0.715046 0.020833 0.013426
0 0.932943 0.656944 0.007552 0.026852
0 0.940885 0.657176 0.007292 0.028241
0 0.948828 0.658333 0.005990 0.025000
0 0.955859 0.659028 0.005469 0.022685
0 0.964193 0.657176 0.007031 0.028241
0 0.988802 0.658333 0.007812 0.025926
0 0.926562 0.593056 0.007812 0.025926
0 0.934375 0.594907 0.008854 0.027778
0 0.942448 0.591667 0.006250 0.025000
0 0.949740 0.593287 0.005729 0.023611
0 0.958333 0.595602 0.006771 0.026389
0 0.983073 0.595833 0.007292 0.030556
0 0.996484 0.596759 0.005990 0.022222
2 0.927083 0.538194 0.030729 0.018981
2 0.981380 0.530787 0.020052 0.010648
2 0.899479 0.488194 0.013021 0.033796
2 0.878776 0.510185 0.017448 0.011111
2 0.859896 0.509259 0.015625 0.011111
2 0.841276 0.509722 0.016927 0.012963
2 0.817318 0.452778 0.010677 0.034259
2 0.801302 0.507870 0.019271 0.012963
2 0.777604 0.481713 0.009375 0.029167
2 0.757161 0.505324 0.019010 0.013426
2 0.735417 0.500463 0.014583 0.024074
0 0.647005 0.226852 0.008594 0.033333
2 0.636849 0.240046 0.011719 0.042130
0 0.654557 0.359259 0.007552 0.027778
0 0.630859 0.373611 0.007552 0.033333
0 0.553906 0.691435 0.017188 0.015278
0 0.487370 0.665509 0.017448 0.014352
0 0.433464 0.637269 0.016927 0.017130
0 0.421615 0.611806 0.015625 0.016204
0 0.423307 0.544676 0.010677 0.018981
0 0.432943 0.503704 0.012240 0.025926
0 0.466016 0.561343 0.014323 0.019907
2 0.390365 0.583102 0.018229 0.017130
0 0.375781 0.628935 0.013021 0.021759
0 0.359766 0.627778 0.011198 0.026852
0 0.347135 0.621991 0.006771 0.030093
0 0.336589 0.625000 0.008073 0.030556
0 0.327474 0.620602 0.007552 0.029167
0 0.318880 0.618056 0.007031 0.026852
0 0.311589 0.614120 0.007552 0.020833
0 0.302734 0.610648 0.007031 0.029630
0 0.278385 0.533333 0.014063 0.022222
0 0.284245 0.523611 0.013802 0.024074
0 0.291276 0.513426 0.011198 0.019444
0 0.262370 0.478472 0.010677 0.020833
0 0.285677 0.411806 0.010937 0.018056
0 0.283594 0.395833 0.008333 0.015741
0 0.272005 0.369213 0.012760 0.022685
0 0.221875 0.205093 0.015104 0.020370
2 0.198958 0.025694 0.017188 0.033796
2 0.556120 0.743287 0.008073 0.028241
