0 0.005078 0.085880 0.008594 0.021759
0 0.012760 0.094676 0.010417 0.021759
0 0.019922 0.112731 0.012240 0.030093
0 0.017448 0.208333 0.015625 0.022222
0 0.033854 0.225463 0.018229 0.019444
0 0.068620 0.159722 0.011198 0.025926
0 0.052344 0.245602 0.015625 0.018981
0 0.082682 0.176157 0.011198 0.025463
0 0.090365 0.186343 0.009896 0.023611
0 0.098307 0.189120 0.009635 0.020833
0 0.104948 0.201389 0.013021 0.029630
0 0.118620 0.214120 0.012760 0.026389
0 0.121875 0.248380 0.008854 0.018056
0 0.106380 0.272917 0.015885 0.022685
0 0.070443 0.262500 0.016927 0.018519
0 0.148828 0.143519 0.013802 0.028704
0 0.156641 0.102083 0.016406 0.020833
0 0.162760 0.090278 0.017188 0.025000
0 0.167318 0.077546 0.015365 0.018056
0 0.206641 0.237500 0.013281 0.019444
0 0.191536 0.006481 0.010677 0.012037
0 0.220443 0.004398 0.013281 0.007870
0 0.232552 0.013426 0.014063 0.019444
0 0.247396 0.029167 0.012500 0.015741
2 0.277214 0.166898 0.014323 0.032870
0 0.256250 0.321065 0.016667 0.019907
0 0.300521 0.343287 0.014063 0.018981
0 0.312370 0.339583 0.015885 0.020833
0 0.315495 0.357639 0.014323 0.021759
0 0.283594 0.421991 0.016146 0.021759
0 0.154427 0.334028 0.016146 0.019907
0 0.024870 0.625926 0.008073 0.025926
0 0.051302 0.628935 0.007812 0.028241
0 0.060156 0.626852 0.007292 0.020370
2 0.063021 0.685417 0.019792 0.011574
0 0.286068 0.764815 0.011198 0.014815
0 0.336979 0.915046 0.017708 0.018056
0 0.410026 0.877546 0.016927 0.015278
0 0.476432 0.846065 0.016406 0.016204
0 0.339583 0.567130 0.010417 0.025000
0 0.373958 0.602315 0.009896 0.019444
0 0.256250 0.481944 0.015104 0.021296
0 0.339974 0.454167 0.010677 0.028704
0 0.352734 0.465278 0.010677 0.028704
0 0.375260 0.490046 0.011979 0.026389
0 0.382943 0.498843 0.009115 0.019907
0 0.389844 0.512269 0.010417 0.023611
0 0.393880 0.528009 0.013281 0.021759
0 0.405599 0.629630 0.016406 0.020370
0 0.398698 0.641435 0.013542 0.021759
0 0.393490 0.652315 0.014583 0.022222
0 0.424479 0.722685 0.007292 0.030556
0 0.433594 0.723380 0.006250 0.022685
0 0.441797 0.725463 0.008073 0.026852
0 0.450260 0.725926 0.006771 0.029630
0 0.459766 0.728241 0.007552 0.025926
0 0.469401 0.724769 0.009115 0.029167
0 0.482552 0.727083 0.011979 0.023611
0 0.499349 0.724537 0.014323 0.018519
0 0.754297 0.956944 0.007552 0.029630
0 0.750651 0.992824 0.006510 0.014352
0 0.639844 0.736806 0.017188 0.014352
0 0.696354 0.745602 0.017708 0.014352
0 0.749609 0.767361 0.014844 0.020833
2 0.688021 0.791204 0.008333 0.028704
0 0.816406 0.704861 0.016667 0.021759
0 0.866797 0.790972 0.008594 0.026389
0 0.876302 0.789120 0.008854 0.029167
0 0.885938 0.790278 0.007292 0.028704
0 0.867839 0.815046 0.017969 0.012500
0 0.899740 0.847222 0.012500 0.012037
0 0.981380 0.900000 0.019531 0.018519
0 0.921094 0.773148 0.011979 0.022222
0 0.935547 0.761806 0.013281 0.013426
0 0.954167 0.757407 0.018750 0.012963
0 0.973177 0.756713 0.013021 0.009722
0 0.993620 0.750463 0.012760 0.011111
0 0.984115 0.681019 0.017708 0.012963
0 0.945833 0.688194 0.014063 0.011574
0 0.930469 0.690972 0.013542 0.010648
0 0.899089 0.697917 0.016406 0.010648
0 0.876432 0.705093 0.019531 0.010185
0 0.852474 0.708102 0.016406 0.009722
2 0.849609 0.507176 0.017969 0.023611
2 0.871615 0.506944 0.017708 0.012963
2 0.890495 0.478009 0.011198 0.030093
2 0.916797 0.497917 0.018490 0.011574
2 0.956250 0.489120 0.017188 0.013426
2 0.976562 0.484722 0.016667 0.012963
2 0.992708 0.482870 0.014583 0.012037
2 0.927995 0.440046 0.012240 0.032870
2 0.963932 0.197222 0.013802 0.032407
2 0.919531 0.071296 0.010937 0.031481
2 0.800911 0.084259 0.012760 0.032407
0 0.685937 0.046759 0.007812 0.033333
0 0.678125 0.014352 0.006250 0.020370
0 0.675781 0.043750 0.006771 0.027315
0 0.695573 0.052546 0.007292 0.021759
0 0.744141 0.196065 0.009115 0.031944
0 0.753255 0.271528 0.006510 0.030093
0 0.681771 0.174074 0.013021 0.012037
0 0.668620 0.167593 0.008073 0.025000
0 0.660547 0.165509 0.008073 0.025463
0 0.636328 0.162731 0.011198 0.010648
0 0.619922 0.156250 0.016406 0.014352
2 0.729167 0.273148 0.009375 0.044444
0 0.728385 0.326157 0.010937 0.030093
0 0.734766 0.406019 0.007552 0.037037
0 0.586458 0.148611 0.013542 0.012963
0 0.590104 0.165972 0.016146 0.014352
0 0.573047 0.162500 0.014323 0.012037
0 0.569922 0.135185 0.019010 0.015741
0 0.533594 0.200926 0.010937 0.024074
0 0.524349 0.225926 0.012240 0.023148
0 0.449609 0.541898 0.011719 0.029167
0 0.484115 0.601389 0.010417 0.027778
2 0.474349 0.643750 0.017448 0.021759
0 0.520052 0.685648 0.015625 0.019444
0 0.539193 0.627083 0.011198 0.020833
0 0.545182 0.584954 0.011719 0.028241
0 0.583854 0.633102 0.014583 0.017130
0 0.348828 0.392130 0.010156 0.022222
0 0.337500 0.299537 0.016667 0.018519
0 0.362370 0.291435 0.011198 0.028241
0 0.371354 0.267361 0.011979 0.024537
0 0.381380 0.237037 0.012240 0.026852
0 0.402214 0.167361 0.011198 0.024537
0 0.404687 0.192824 0.011979 0.027315
0 0.432161 0.154398 0.014844 0.019907
0 0.416276 0.125231 0.012760 0.028241
2 0.439453 0.048148 0.011719 0.028704
0 0.456901 0.081019 0.016406 0.022222
0 0.464193 0.037731 0.009115 0.019907
0 0.448177 0.015509 0.009375 0.022685
0 0.458073 0.607639 0.015104 0.015278
2 0.256250 0.230093 0.017708 0.035185
