0 0.147005 0.024537 0.007552 0.025000
0 0.223698 0.015278 0.017188 0.011111
0 0.221094 0.028472 0.017188 0.010648
0 0.238542 0.028241 0.015625 0.009259
0 0.147786 0.345370 0.007031 0.032407
0 0.131771 0.501157 0.013021 0.010648
0 0.154557 0.448148 0.004948 0.022222
0 0.168620 0.468056 0.016927 0.006481
0 0.225521 0.314120 0.015104 0.010648
0 0.192969 0.578009 0.012500 0.011574
0 0.173047 0.586574 0.014323 0.019444
0 0.099740 0.576389 0.016667 0.027778
0 0.133724 0.548611 0.015885 0.015741
0 0.024609 0.568750 0.018490 0.018056
0 0.075911 0.575463 0.015365 0.020370
0 0.090885 0.861574 0.007292 0.026852
0 0.098958 0.860880 0.007292 0.027315
0 0.106901 0.860185 0.006510 0.027778
0 0.114714 0.860185 0.005990 0.022222
0 0.129818 0.862037 0.007031 0.021296
0 0.136068 0.859954 0.007552 0.025463
0 0.144661 0.863426 0.007031 0.027778
0 0.151823 0.873611 0.007812 0.020370
2 0.109766 0.919907 0.021094 0.013889
0 0.113542 0.938194 0.016146 0.011574
2 0.114844 0.965046 0.018750 0.015278
2 0.116146 0.983102 0.019792 0.016204
2 0.149349 0.978009 0.008073 0.024537
0 0.191536 0.840046 0.013281 0.012500
0 0.191406 0.826852 0.013021 0.011111
0 0.300260 0.987037 0.015625 0.025000
0 0.304688 0.969676 0.015104 0.024537
0 0.292839 0.947454 0.016406 0.011574
0 0.291927 0.933796 0.016667 0.012963
0 0.292187 0.918287 0.016667 0.010648
0 0.292969 0.904861 0.016667 0.013426
0 0.292578 0.891204 0.016406 0.011111
0 0.292969 0.877778 0.017188 0.012037
0 0.292839 0.863889 0.015365 0.013889
0 0.293880 0.849769 0.017448 0.011574
0 0.294531 0.834722 0.017708 0.012037
0 0.294661 0.820370 0.016406 0.012037
0 0.295312 0.806481 0.016667 0.012037
0 0.295443 0.792130 0.014844 0.011111
0 0.295833 0.777315 0.016667 0.012963
0 0.295182 0.763657 0.016927 0.012500
0 0.296094 0.735648 0.015625 0.013889
0 0.297266 0.721991 0.016406 0.012500
0 0.296875 0.707176 0.015625 0.011574
0 0.309505 0.693981 0.014844 0.012037
2 0.333984 0.664120 0.018490 0.014352
0 0.360677 0.668056 0.015104 0.012037
0 0.376563 0.666667 0.014583 0.013889
0 0.393359 0.669907 0.015365 0.011111
0 0.410807 0.670602 0.015365 0.011574
0 0.438932 0.671991 0.015885 0.012500
0 0.457161 0.673843 0.015885 0.012500
0 0.478906 0.674769 0.014583 0.010648
0 0.498047 0.676389 0.015885 0.012037
0 0.432682 0.647685 0.015885 0.013889
0 0.379688 0.568519 0.007292 0.026852
0 0.388542 0.568519 0.004167 0.022222
0 0.396875 0.570602 0.006250 0.027315
0 0.406250 0.571065 0.005729 0.028241
0 0.415885 0.587963 0.007292 0.025926
0 0.472005 0.586111 0.007031 0.026852
0 0.489714 0.588657 0.007552 0.032870
0 0.498958 0.590741 0.007292 0.029630
0 0.506901 0.588657 0.005469 0.019907
0 0.515365 0.594676 0.006771 0.030093
0 0.529818 0.594444 0.008073 0.028704
0 0.132812 0.517361 0.010937 0.013426
0 0.133073 0.534259 0.011979 0.015741
2 0.155208 0.375463 0.005208 0.033333
0 0.981380 0.597917 0.016927 0.012500
0 0.123177 0.575000 0.015625 0.022222
0 0.119010 0.603009 0.015625 0.014352
0 0.146615 0.565509 0.008333 0.022685
2 0.116536 0.996991 0.022135 0.006019
0 0.213542 0.823611 0.007812 0.025926
0 0.213672 0.883102 0.008594 0.029167
0 0.203776 0.969907 0.010677 0.033333
0 0.249219 0.985417 0.006771 0.024537
0 0.259505 0.988657 0.008073 0.022685
0 0.250781 0.935648 0.006250 0.025926
0 0.251302 0.894907 0.006771 0.025000
0 0.262891 0.855556 0.005990 0.028704
0 0.252083 0.838657 0.009896 0.030093
0 0.252995 0.806019 0.009115 0.025926
2 0.337109 0.968981 0.015365 0.014815
0 0.335026 0.992593 0.012240 0.010185
0 0.265104 0.719907 0.008854 0.025926
0 0.324609 0.732407 0.013281 0.022222
0 0.341406 0.755556 0.012500 0.009259
0 0.340625 0.740509 0.011979 0.010648
2 0.343620 0.712963 0.015365 0.012963
0 0.325260 0.699074 0.015104 0.022222
0 0.722135 0.717824 0.010937 0.027315
0 0.702734 0.674769 0.017969 0.015278
0 0.678906 0.574537 0.017188 0.013889
0 0.662370 0.606713 0.007031 0.031019
0 0.729557 0.642824 0.016406 0.016204
0 0.760417 0.681250 0.012500 0.012500
2 0.738542 0.660880 0.018229 0.012500
0 0.761068 0.644676 0.011719 0.018981
0 0.789193 0.625463 0.007552 0.029630
0 0.804297 0.623611 0.009115 0.028704
0 0.830469 0.627083 0.009375 0.028241
0 0.839714 0.625926 0.007552 0.028704
0 0.849089 0.634259 0.010156 0.025926
0 0.856901 0.644676 0.011198 0.031019
0 0.830469 0.662500 0.018229 0.014815
0 0.857292 0.688426 0.018750 0.014815
0 0.858333 0.726620 0.007292 0.017130
0 0.909115 0.692361 0.015625 0.012500
0 0.893229 0.725463 0.017188 0.016667
0 0.891536 0.741435 0.015885 0.014352
0 0.890234 0.756944 0.016406 0.016667
0 0.934635 0.663194 0.017188 0.008796
0 0.935156 0.795370 0.014583 0.030556
0 0.943099 0.786806 0.007552 0.023611
0 0.952604 0.783102 0.010937 0.027315
0 0.959635 0.775463 0.011458 0.026852
0 0.967839 0.768981 0.011198 0.027778
0 0.976432 0.759028 0.014323 0.030093
0 0.989844 0.750694 0.017708 0.016204
0 0.783203 0.561574 0.008594 0.025926
0 0.743750 0.559954 0.014063 0.010648
0 0.737240 0.547454 0.014583 0.007870
0 0.727734 0.559954 0.013802 0.009722
0 0.749219 0.488194 0.015625 0.013426
0 0.771745 0.399306 0.006510 0.026389
0 0.615365 0.543750 0.014583 0.011574
2 0.660807 0.495602 0.007031 0.037500
2 0.660937 0.424074 0.008333 0.034259
0 0.774349 0.320139 0.004948 0.027315
0 0.774609 0.269676 0.007031 0.029167
0 0.796615 0.283102 0.016667 0.013426
0 0.800000 0.197917 0.017188 0.013426
0 0.916797 0.152083 0.016927 0.019907
0 0.933854 0.151157 0.013021 0.016204
0 0.926302 0.175694 0.013021 0.018056
0 0.941146 0.163889 0.014063 0.015741
0 0.965755 0.128704 0.014844 0.016667
0 0.983203 0.121296 0.013802 0.014815
0 0.989714 0.133333 0.017448 0.019444
0 0.792578 0.113889 0.007552 0.027778
0 0.795573 0.153241 0.006771 0.020370
0 0.794271 0.048380 0.008854 0.029167
0 0.794922 0.016204 0.008073 0.031481
0 0.751563 0.012269 0.015625 0.010648
0 0.749870 0.025463 0.012760 0.010185
0 0.698177 0.106713 0.015625 0.010648
2 0.697917 0.121528 0.018229 0.014352
2 0.677214 0.098611 0.007031 0.031481
0 0.667448 0.112500 0.007812 0.024074
2 0.666016 0.193519 0.009635 0.041667
0 0.597917 0.325926 0.015625 0.009259
0 0.581250 0.323148 0.015625 0.010185
0 0.564714 0.321991 0.014844 0.010648
0 0.557292 0.269907 0.005729 0.021296
0 0.556250 0.302315 0.005208 0.021296
2 0.558073 0.217361 0.006250 0.030093
0 0.557422 0.180787 0.006510 0.026389
0 0.546875 0.169213 0.011979 0.029167
0 0.543359 0.139815 0.006510 0.025926
0 0.545052 0.102778 0.006771 0.025926
0 0.560677 0.089815 0.006771 0.025000
0 0.546224 0.043519 0.007031 0.029630
0 0.561458 0.037269 0.007292 0.026389
0 0.447917 0.110648 0.015625 0.011111
0 0.413802 0.024537 0.016667 0.012037
0 0.368750 0.073611 0.005729 0.027778
0 0.347135 0.168519 0.006771 0.029630
0 0.346875 0.204167 0.006771 0.020370
0 0.363672 0.208333 0.005469 0.025926
0 0.397005 0.251620 0.017448 0.012500
0 0.395313 0.236806 0.015625 0.012500
0 0.426172 0.240278 0.005469 0.020370
0 0.425130 0.288657 0.003906 0.026389
0 0.410286 0.337500 0.012240 0.012037
0 0.393620 0.348380 0.016406 0.014352
0 0.501953 0.328009 0.005990 0.025463
0 0.512240 0.327083 0.007812 0.029167
0 0.528385 0.328009 0.005208 0.031019
0 0.540234 0.344907 0.007552 0.026852
0 0.556510 0.378241 0.007292 0.027778
0 0.538151 0.433796 0.014844 0.011111
0 0.539453 0.449769 0.015365 0.011574
0 0.535807 0.463657 0.016406 0.010648
0 0.539453 0.507407 0.008073 0.030556
0 0.242057 0.576620 0.016406 0.015278
0 0.264453 0.593056 0.011719 0.032407
0 0.285547 0.564583 0.007552 0.026389
0 0.322005 0.568519 0.006510 0.025926
0 0.334115 0.528472 0.006250 0.022685
0 0.335286 0.499306 0.008594 0.031019
0 0.337630 0.451620 0.007552 0.026389
0 0.340625 0.403472 0.007812 0.021759
0 0.361589 0.436111 0.012760 0.011111
0 0.823307 0.945139 0.013281 0.012500
0 0.571484 0.618750 0.012240 0.006944
