0 0.122526 0.248843 0.007031 0.019907
0 0.229557 0.255324 0.007552 0.030093
2 0.236328 0.344907 0.005469 0.031481
0 0.236328 0.418287 0.007031 0.023611
0 0.251302 0.439120 0.013021 0.007870
0 0.212500 0.471528 0.013542 0.009722
0 0.105729 0.538426 0.017188 0.018519
0 0.156641 0.547685 0.013802 0.017593
0 0.180469 0.547685 0.015104 0.019444
0 0.204036 0.545370 0.014323 0.022222
0 0.215234 0.521528 0.013281 0.013426
0 0.216016 0.506250 0.012760 0.017130
0 0.215885 0.487963 0.013542 0.014815
0 0.227734 0.538657 0.008073 0.025463
0 0.222005 0.571065 0.015885 0.013426
0 0.148958 0.870602 0.013021 0.028241
0 0.172526 0.832407 0.007031 0.026852
0 0.179297 0.832639 0.004427 0.027315
0 0.187370 0.833796 0.005469 0.027778
0 0.195443 0.831944 0.005990 0.021296
0 0.210026 0.834259 0.006510 0.023148
0 0.217057 0.831250 0.005469 0.027315
0 0.225130 0.833565 0.005469 0.029167
0 0.232943 0.845139 0.004948 0.021759
2 0.191797 0.890509 0.019010 0.016204
0 0.193099 0.908102 0.017969 0.013426
2 0.194401 0.934722 0.016927 0.012037
2 0.197005 0.953935 0.017448 0.013426
2 0.196615 0.970602 0.021354 0.013426
2 0.194271 0.983102 0.012500 0.012500
2 0.229818 0.948843 0.005469 0.024537
2 0.255990 0.986343 0.009375 0.027315
0 0.285677 0.957407 0.011458 0.032407
0 0.290625 0.891204 0.008333 0.030556
0 0.296745 0.810648 0.007031 0.029630
0 0.271875 0.798611 0.013542 0.010185
0 0.272135 0.810417 0.015625 0.010648
0 0.290234 0.761111 0.009635 0.024074
0 0.332031 0.865046 0.006250 0.027315
0 0.332031 0.906250 0.006771 0.026389
0 0.341536 0.908102 0.008073 0.028241
0 0.329036 0.959954 0.008594 0.032870
0 0.329297 0.988194 0.007552 0.021759
0 0.333464 0.808565 0.008073 0.028241
0 0.333984 0.775463 0.005990 0.024074
0 0.343880 0.762269 0.006510 0.028241
0 0.385807 0.990972 0.012760 0.018056
1 0.370182 0.989815 0.016406 0.020370
0 0.382161 0.957407 0.013281 0.025926
0 0.385026 0.940741 0.012240 0.021296
0 0.374219 0.919907 0.015625 0.012037
0 0.373047 0.904398 0.014323 0.011574
0 0.373828 0.890741 0.015365 0.011111
0 0.373828 0.876389 0.015365 0.012963
0 0.373047 0.861574 0.016927 0.012037
0 0.374089 0.848611 0.016927 0.012963
0 0.373828 0.832639 0.017969 0.014352
0 0.375391 0.819676 0.018490 0.011574
0 0.376823 0.805324 0.016146 0.010648
0 0.376432 0.790972 0.015365 0.012500
0 0.377083 0.776389 0.014583 0.012037
0 0.376953 0.763889 0.015885 0.011111
0 0.377604 0.749074 0.016667 0.012963
0 0.376953 0.734722 0.015885 0.012037
0 0.377214 0.707870 0.015365 0.012963
0 0.378516 0.693519 0.014844 0.012037
0 0.378516 0.677778 0.014323 0.011111
0 0.390625 0.665278 0.015104 0.010185
0 0.405208 0.671759 0.014063 0.024074
0 0.405599 0.702778 0.012760 0.021296
0 0.417318 0.981250 0.012760 0.013426
0 0.416536 0.965509 0.013281 0.014352
2 0.417187 0.940509 0.015104 0.013426
0 0.417708 0.925694 0.014583 0.013426
0 0.417448 0.912037 0.012500 0.011111
0 0.419141 0.896065 0.013281 0.011574
0 0.418359 0.880093 0.013281 0.011111
0 0.418359 0.864815 0.014844 0.012037
0 0.420182 0.852083 0.015365 0.011574
0 0.419271 0.838194 0.015625 0.011574
0 0.420312 0.824769 0.016146 0.010648
0 0.421224 0.810417 0.015365 0.012500
0 0.422786 0.796065 0.014844 0.011574
0 0.422266 0.782176 0.012240 0.010648
0 0.420833 0.767824 0.013542 0.013426
0 0.421745 0.754861 0.012240 0.010648
0 0.420833 0.740046 0.011458 0.010648
0 0.423698 0.725926 0.014583 0.012963
0 0.422266 0.711806 0.014323 0.010648
0 0.422005 0.698148 0.012760 0.010185
2 0.425000 0.684722 0.016667 0.011111
2 0.415365 0.634954 0.018229 0.012500
0 0.441276 0.638889 0.015365 0.012037
0 0.457552 0.638426 0.013542 0.012037
0 0.474089 0.640046 0.015885 0.012500
0 0.492578 0.642130 0.015885 0.012037
0 0.519271 0.642824 0.015625 0.013426
0 0.539193 0.644444 0.016406 0.012963
0 0.560156 0.646065 0.014063 0.010648
0 0.579557 0.646296 0.015365 0.010185
0 0.562109 0.626852 0.014323 0.011111
0 0.611979 0.565741 0.006250 0.027778
0 0.596615 0.565278 0.006771 0.030556
0 0.588151 0.558565 0.005990 0.021759
0 0.580078 0.560648 0.007031 0.031481
0 0.570833 0.558796 0.006250 0.029630
0 0.553255 0.557407 0.007552 0.025926
0 0.496354 0.558333 0.005729 0.027778
0 0.487500 0.540741 0.006250 0.026852
0 0.478255 0.541898 0.006510 0.029167
0 0.469531 0.538657 0.005208 0.018056
0 0.460417 0.538194 0.006771 0.030093
0 0.402995 0.539352 0.008594 0.026852
0 0.347005 0.590741 0.009115 0.029630
0 0.331380 0.551389 0.016927 0.017593
0 0.292839 0.546296 0.012760 0.011111
0 0.270052 0.549537 0.013542 0.013889
0 0.367448 0.534954 0.007812 0.029167
0 0.414323 0.499306 0.005729 0.023611
0 0.416276 0.469676 0.008073 0.030093
0 0.419141 0.422917 0.008594 0.031019
0 0.421875 0.375000 0.005729 0.025000
0 0.444401 0.406481 0.013281 0.011111
0 0.305729 0.284954 0.015104 0.011574
0 0.031380 0.362037 0.008073 0.026852
0 0.058854 0.333102 0.009375 0.011574
0 0.059245 0.387963 0.014323 0.010185
0 0.303125 0.003241 0.014063 0.005556
0 0.319661 0.002546 0.015365 0.004167
0 0.229167 0.005093 0.008333 0.009259
0 0.450391 0.042130 0.005469 0.026852
0 0.429427 0.138194 0.007292 0.026389
0 0.428255 0.173611 0.006510 0.025926
0 0.425781 0.207176 0.006771 0.029167
0 0.445052 0.178935 0.005729 0.025463
0 0.478646 0.223611 0.017188 0.012037
0 0.475260 0.319213 0.016146 0.011574
0 0.491536 0.309491 0.012240 0.008796
0 0.506380 0.257639 0.007031 0.029167
0 0.478125 0.206250 0.016146 0.013426
0 0.507031 0.209491 0.006250 0.021759
0 0.529687 0.079861 0.016146 0.010648
0 0.628646 0.014120 0.007292 0.027315
0 0.644010 0.011574 0.005729 0.018519
0 0.642318 0.060648 0.006510 0.025000
0 0.627474 0.072685 0.005469 0.027778
0 0.624740 0.109259 0.007292 0.026852
0 0.631250 0.133565 0.011979 0.026389
0 0.639714 0.152315 0.005469 0.027778
2 0.639844 0.188194 0.006250 0.031944
0 0.638672 0.239583 0.004948 0.019907
0 0.583594 0.298148 0.006771 0.026852
0 0.593620 0.297222 0.006510 0.026852
0 0.610417 0.296991 0.005729 0.025463
0 0.622266 0.315046 0.004948 0.023611
0 0.638802 0.348148 0.006771 0.025000
0 0.637370 0.272685 0.004427 0.019444
0 0.646745 0.292593 0.013802 0.012037
0 0.662240 0.294444 0.015625 0.011111
0 0.680339 0.294676 0.014323 0.009722
0 0.619922 0.403241 0.014323 0.010185
0 0.620833 0.420370 0.015625 0.012963
0 0.617708 0.434954 0.016667 0.013426
0 0.620443 0.478704 0.005469 0.029630
0 0.697396 0.514583 0.013542 0.011574
0 0.760807 0.546065 0.016406 0.013426
0 0.809375 0.529398 0.014583 0.008796
0 0.819661 0.518056 0.016406 0.009259
0 0.826693 0.530787 0.013802 0.010648
0 0.831510 0.458565 0.016146 0.013426
0 0.864583 0.532870 0.006771 0.024074
0 0.812109 0.614120 0.017448 0.012500
0 0.837240 0.623843 0.014583 0.023611
0 0.828516 0.649306 0.016927 0.015278
2 0.786328 0.630556 0.019531 0.012963
0 0.802734 0.689352 0.012240 0.030556
0 0.886849 0.654861 0.013802 0.011574
0 0.893229 0.628935 0.016667 0.015278
0 0.885938 0.595139 0.006771 0.029167
0 0.871875 0.593750 0.007292 0.029167
0 0.913932 0.597685 0.008594 0.030556
0 0.922786 0.595833 0.009115 0.026852
0 0.931250 0.604167 0.009896 0.029630
0 0.940885 0.615509 0.011979 0.028241
0 0.980990 0.661111 0.017188 0.013889
0 0.940495 0.698611 0.009115 0.014815
0 0.976562 0.696065 0.017708 0.014352
0 0.973828 0.709722 0.016406 0.012963
0 0.972135 0.725231 0.015625 0.018056
0 0.906120 0.916898 0.013281 0.009722
0 0.878646 0.253704 0.017188 0.012963
2 0.748047 0.164815 0.008594 0.043519
2 0.743359 0.395370 0.009635 0.037037
2 0.743880 0.465741 0.008594 0.038889
0 0.750521 0.078704 0.005729 0.030556
2 0.760547 0.068056 0.007552 0.035185
0 0.782292 0.077546 0.014063 0.009722
2 0.780859 0.090278 0.017448 0.016667
0 0.877865 0.017593 0.006771 0.025000
0 0.875130 0.083565 0.007552 0.029167
0 0.878906 0.122917 0.006771 0.023611
0 0.883333 0.169444 0.017708 0.012963
2 0.042057 0.619676 0.016927 0.012500
0 0.653646 0.589352 0.011458 0.008333
0 0.127214 0.196759 0.007031 0.020370
