0 0.040234 0.901852 0.006510 0.028704
2 0.123698 0.857407 0.020833 0.014815
0 0.494010 0.988889 0.007292 0.022222
0 0.515625 0.944444 0.006250 0.027778
0 0.496745 0.920602 0.005990 0.027315
0 0.505859 0.901157 0.005469 0.026389
2 0.497135 0.887731 0.006250 0.028241
0 0.500781 0.850463 0.008333 0.026852
0 0.509896 0.800463 0.006250 0.029630
0 0.519661 0.773611 0.005990 0.025926
2 0.549870 0.984954 0.015885 0.028241
1 0.554688 0.966898 0.033854 0.056944
1 0.555729 0.941435 0.033854 0.055093
1 0.555208 0.912963 0.031771 0.061111
1 0.555859 0.890046 0.032552 0.055093
2 0.553906 0.860185 0.025521 0.044444
1 0.557943 0.835417 0.029948 0.052315
0 0.556510 0.806713 0.010937 0.020833
1 0.560547 0.787731 0.030990 0.051389
2 0.554297 0.747917 0.022135 0.042130
0 0.559245 0.728241 0.013802 0.023148
1 0.558594 0.703009 0.019271 0.031944
0 0.598437 0.911574 0.007812 0.027778
0 0.599479 0.854861 0.007292 0.027315
0 0.601042 0.819907 0.005729 0.028704
0 0.602474 0.784259 0.005469 0.025000
0 0.603385 0.745833 0.005208 0.023148
0 0.604557 0.711806 0.006510 0.026389
0 0.606510 0.678935 0.006250 0.025463
0 0.606641 0.648148 0.005990 0.025926
1 0.563021 0.682176 0.031250 0.052315
1 0.563281 0.653241 0.030729 0.056481
0 0.568099 0.637731 0.012240 0.026389
0 0.602214 0.623380 0.012760 0.011574
0 0.603255 0.608565 0.015885 0.012500
0 0.567187 0.601620 0.015104 0.025463
0 0.568099 0.585185 0.012240 0.023148
2 0.602474 0.582176 0.015885 0.012500
0 0.602344 0.567593 0.014063 0.011111
0 0.602734 0.552546 0.014844 0.013426
0 0.604948 0.537500 0.015104 0.011111
0 0.604297 0.525000 0.014323 0.010185
0 0.604427 0.510648 0.014583 0.012963
0 0.606120 0.494907 0.013281 0.012963
0 0.605339 0.481019 0.015365 0.010185
0 0.605859 0.468287 0.015365 0.010648
0 0.607031 0.454167 0.016667 0.012037
0 0.608333 0.438889 0.015104 0.011111
0 0.607812 0.425000 0.011458 0.009259
0 0.608333 0.411343 0.017708 0.010648
0 0.609505 0.397685 0.014323 0.010185
0 0.609245 0.383333 0.013281 0.010185
0 0.610286 0.368981 0.014323 0.011111
0 0.610026 0.355787 0.015885 0.010648
0 0.559115 0.562500 0.017708 0.012963
0 0.558203 0.547685 0.016406 0.012037
0 0.557161 0.533565 0.017448 0.013426
0 0.558854 0.518981 0.015625 0.010185
0 0.558724 0.505093 0.015885 0.012037
0 0.559635 0.491204 0.016667 0.011111
0 0.559766 0.476620 0.016927 0.014352
0 0.560807 0.462963 0.014844 0.010185
0 0.561849 0.449769 0.015885 0.010648
0 0.560677 0.435417 0.018229 0.012500
0 0.561979 0.420370 0.016667 0.014815
0 0.562891 0.405324 0.015365 0.011574
0 0.563932 0.392130 0.014323 0.012963
0 0.563411 0.377778 0.016406 0.013889
0 0.579557 0.343981 0.008073 0.027778
0 0.591797 0.345370 0.012760 0.021296
0 0.563932 0.348611 0.015885 0.010185
0 0.564974 0.335880 0.014844 0.012500
0 0.563932 0.320370 0.014323 0.012037
0 0.577995 0.307176 0.014844 0.011574
0 0.511458 0.700463 0.006771 0.024074
0 0.514062 0.638194 0.007292 0.028241
0 0.515234 0.601852 0.007031 0.029630
0 0.517448 0.552315 0.007292 0.029630
0 0.528125 0.541898 0.006250 0.030093
0 0.517448 0.510417 0.007292 0.025463
0 0.519531 0.453935 0.006771 0.030093
0 0.519661 0.421528 0.005990 0.023611
0 0.532943 0.393056 0.006510 0.029630
2 0.600911 0.278241 0.018490 0.012963
0 0.611198 0.340972 0.016146 0.012500
2 0.611589 0.325694 0.017448 0.010648
0 0.626953 0.283102 0.014844 0.013426
0 0.643880 0.281019 0.012240 0.012037
0 0.660547 0.282639 0.014844 0.010648
0 0.747917 0.290509 0.014063 0.010648
0 0.766536 0.292130 0.015885 0.011111
0 0.583724 0.230093 0.010677 0.011111
0 0.589583 0.181019 0.007812 0.027778
0 0.602214 0.141204 0.004948 0.021296
0 0.648698 0.180787 0.007292 0.026389
0 0.656771 0.182176 0.004687 0.020833
0 0.664974 0.184954 0.005469 0.028241
0 0.674349 0.184722 0.004948 0.026852
0 0.684115 0.200926 0.005729 0.027778
0 0.740234 0.199769 0.005990 0.023611
0 0.758464 0.203704 0.007031 0.028704
0 0.767188 0.206713 0.006250 0.029167
0 0.775521 0.200463 0.005729 0.025926
0 0.784115 0.206481 0.007292 0.034259
0 0.799089 0.209028 0.007552 0.029167
2 0.835807 0.247454 0.019531 0.018981
0 0.841797 0.231713 0.012240 0.011574
0 0.876042 0.260648 0.018750 0.012963
0 0.990755 0.333333 0.011719 0.025000
0 0.995573 0.258333 0.008854 0.015741
0 0.954818 0.292130 0.016406 0.012037
2 0.818490 0.906019 0.008854 0.032407
2 0.820443 0.832176 0.009115 0.041204
0 0.789062 0.825926 0.017188 0.013889
0 0.787500 0.810648 0.015625 0.012037
0 0.788542 0.794907 0.017708 0.012963
0 0.788932 0.781019 0.016927 0.013889
0 0.791016 0.750926 0.016406 0.012037
0 0.790625 0.736343 0.014583 0.011574
0 0.816406 0.652778 0.008854 0.024074
0 0.840234 0.634491 0.012760 0.027315
0 0.848437 0.625463 0.008333 0.017593
0 0.885938 0.156481 0.015625 0.011111
0 0.805990 0.074074 0.015104 0.012037
0 0.809375 0.061574 0.015104 0.013889
0 0.810417 0.046296 0.010417 0.011111
0 0.633073 0.048843 0.014063 0.011574
0 0.610156 0.018056 0.006771 0.023148
0 0.607161 0.064815 0.005469 0.027778
0 0.604036 0.114815 0.007031 0.031481
0 0.554297 0.179167 0.007552 0.028704
0 0.535807 0.247917 0.007552 0.023611
0 0.504557 0.190278 0.014323 0.013889
0 0.466667 0.179398 0.014583 0.016204
0 0.423438 0.057639 0.005729 0.019907
0 0.399609 0.113657 0.014323 0.010648
0 0.403255 0.130324 0.015365 0.014352
0 0.402734 0.146991 0.014323 0.014352
0 0.402474 0.162963 0.013802 0.015741
0 0.390234 0.187269 0.015885 0.021759
0 0.367318 0.189815 0.014844 0.023148
0 0.343490 0.186343 0.013542 0.025463
0 0.284635 0.184259 0.017708 0.018519
0 0.264974 0.214583 0.016406 0.020833
2 0.226432 0.260185 0.017448 0.012037
2 0.120703 0.256713 0.030990 0.019907
2 0.470313 0.631481 0.008333 0.029630
0 0.483333 0.469444 0.006771 0.026852
0 0.477344 0.406250 0.008854 0.029167
0 0.457552 0.371296 0.014063 0.025926
0 0.456771 0.442361 0.012500 0.011574
0 0.457292 0.454630 0.014063 0.011111
2 0.440625 0.632176 0.008333 0.031019
2 0.410286 0.655324 0.008073 0.031944
2 0.414583 0.592824 0.006250 0.022685
2 0.398568 0.665972 0.006510 0.034722
2 0.369792 0.693519 0.010417 0.010185
2 0.372135 0.677546 0.017708 0.012500
2 0.372266 0.661806 0.017448 0.011574
2 0.371224 0.642824 0.017448 0.013426
2 0.378906 0.626852 0.011458 0.009259
2 0.381250 0.611343 0.019271 0.012500
2 0.382161 0.596296 0.017969 0.012037
2 0.379167 0.577315 0.017708 0.012037
0 0.378125 0.553472 0.015625 0.011574
2 0.376302 0.532870 0.019271 0.013889
0 0.357552 0.475463 0.007292 0.026852
0 0.364583 0.475231 0.006250 0.027315
0 0.372656 0.474769 0.006250 0.028241
0 0.380469 0.475694 0.005208 0.020833
0 0.395182 0.476620 0.005469 0.020833
0 0.402604 0.475926 0.006771 0.026852
0 0.410026 0.476620 0.006510 0.028241
0 0.417708 0.488194 0.005729 0.022685
0 0.436198 0.324769 0.010937 0.024537
0 0.429688 0.281944 0.007292 0.025000
0 0.171354 0.035417 0.014583 0.012500
0 0.172917 0.050694 0.014063 0.008796
0 0.217578 0.007639 0.009635 0.014352
0 0.243750 0.026620 0.010937 0.011574
0 0.242318 0.040741 0.012760 0.012037
0 0.932161 0.231250 0.007552 0.013426
0 0.040104 0.861343 0.006771 0.024537
0 0.289453 0.152778 0.005469 0.030556
