0 0.004427 0.421759 0.008333 0.027778
0 0.007552 0.381250 0.010417 0.028241
0 0.013021 0.351389 0.008333 0.020370
2 0.081901 0.438657 0.022135 0.021759
0 0.089844 0.409259 0.018229 0.018519
0 0.050130 0.980787 0.012760 0.029167
2 0.035286 0.948611 0.013802 0.028704
0 0.024089 0.916204 0.013281 0.025000
0 0.011719 0.884028 0.014583 0.026389
2 0.378125 0.968519 0.010417 0.031481
0 0.385807 0.934491 0.009635 0.029167
0 0.480859 0.976852 0.010677 0.029630
0 0.392188 0.897685 0.009896 0.023148
0 0.417057 0.875694 0.010156 0.025463
0 0.402474 0.854167 0.009115 0.021296
0 0.409375 0.818981 0.009896 0.028704
0 0.423177 0.802083 0.009896 0.027315
0 0.416797 0.781713 0.010677 0.028241
0 0.452995 0.907407 0.014844 0.016667
0 0.496224 0.915046 0.010677 0.027315
0 0.454688 0.886343 0.016146 0.018981
0 0.467578 0.830093 0.009635 0.026852
2 0.471484 0.803935 0.014323 0.035648
1 0.477734 0.786111 0.024740 0.070370
1 0.484115 0.763889 0.022917 0.063889
0 0.430599 0.715046 0.009115 0.026389
2 0.436849 0.683565 0.008594 0.028241
0 0.442708 0.700463 0.009375 0.025926
0 0.458724 0.686574 0.008594 0.028704
0 0.446354 0.650694 0.010937 0.026389
0 0.463281 0.605093 0.009375 0.028704
1 0.487760 0.737269 0.021354 0.069907
1 0.493229 0.712963 0.025000 0.065741
1 0.497135 0.683333 0.021875 0.056481
1 0.502214 0.662500 0.024740 0.066667
0 0.506901 0.638194 0.009635 0.025463
0 0.529427 0.757870 0.011458 0.028704
0 0.540625 0.704167 0.009375 0.025000
0 0.546484 0.669907 0.008073 0.026852
0 0.553516 0.637500 0.010156 0.025000
0 0.561849 0.601620 0.008594 0.018981
1 0.514323 0.617361 0.023438 0.060648
2 0.514583 0.579861 0.015104 0.044907
0 0.522656 0.563657 0.010937 0.028241
1 0.526432 0.539120 0.013802 0.038426
1 0.533464 0.516898 0.022656 0.064352
1 0.538411 0.489352 0.023177 0.063889
0 0.546875 0.481250 0.008854 0.023611
0 0.568359 0.568287 0.011198 0.030093
0 0.575651 0.539120 0.009115 0.030093
0 0.580078 0.508796 0.010156 0.027778
0 0.549740 0.443981 0.010417 0.026852
0 0.554688 0.430093 0.012500 0.028704
0 0.579557 0.484028 0.014844 0.015278
0 0.583594 0.469676 0.015104 0.016204
0 0.548958 0.403935 0.015625 0.018981
0 0.550521 0.386806 0.015625 0.016204
0 0.552865 0.374074 0.016146 0.019444
0 0.555859 0.359954 0.014323 0.018056
0 0.557813 0.346528 0.015625 0.018056
0 0.561849 0.332870 0.017448 0.019444
0 0.563281 0.320370 0.017188 0.019444
0 0.567318 0.308333 0.015365 0.019444
0 0.569922 0.293981 0.015365 0.019444
0 0.571745 0.279630 0.015885 0.016667
0 0.575130 0.266435 0.015365 0.019907
0 0.578255 0.254630 0.015885 0.015741
0 0.581641 0.239583 0.015365 0.016204
0 0.583203 0.225463 0.015885 0.018519
0 0.594922 0.251620 0.009115 0.029167
2 0.587891 0.444907 0.016406 0.019444
0 0.589844 0.427546 0.015104 0.013426
0 0.593490 0.414815 0.017188 0.012963
0 0.596745 0.400694 0.015365 0.016204
0 0.599089 0.387500 0.015365 0.017593
0 0.601042 0.375463 0.015104 0.019444
0 0.605990 0.360185 0.016667 0.017593
0 0.607812 0.347454 0.017188 0.019907
0 0.609505 0.334028 0.015885 0.016204
0 0.613021 0.321065 0.015625 0.016204
0 0.616406 0.309028 0.015625 0.016204
0 0.618099 0.295833 0.012760 0.013889
0 0.620833 0.282176 0.016146 0.017130
0 0.624219 0.268056 0.015104 0.014815
0 0.626432 0.256250 0.013281 0.014352
0 0.630078 0.241435 0.014844 0.016204
0 0.632031 0.226620 0.015625 0.016204
0 0.615495 0.210185 0.008594 0.025926
0 0.635547 0.214583 0.017448 0.018056
2 0.638151 0.200231 0.016927 0.017130
0 0.588411 0.200000 0.016406 0.017593
0 0.591667 0.185880 0.016146 0.018056
0 0.594271 0.170833 0.014583 0.014815
0 0.608464 0.165509 0.013802 0.016204
2 0.636589 0.149769 0.019010 0.020833
0 0.660677 0.168056 0.014583 0.016667
0 0.677083 0.176157 0.013021 0.013426
0 0.685547 0.146296 0.013802 0.019444
0 0.793750 0.248611 0.016667 0.014815
0 0.123307 0.602778 0.018490 0.016667
2 0.741667 0.864815 0.009896 0.027778
2 0.754297 0.796065 0.012240 0.041204
0 0.726042 0.775000 0.016667 0.016667
0 0.726302 0.759491 0.015625 0.016204
0 0.729948 0.745370 0.015625 0.018519
0 0.733724 0.731481 0.015885 0.018519
0 0.740365 0.706019 0.015625 0.016667
0 0.742448 0.690972 0.013542 0.015278
0 0.781771 0.622685 0.007292 0.024074
0 0.807422 0.616898 0.008594 0.028241
0 0.816667 0.613426 0.007812 0.019444
2 0.825000 0.668981 0.018750 0.014815
0 0.962109 0.269907 0.009115 0.022222
0 0.837240 0.185185 0.010417 0.030556
0 0.823958 0.177778 0.011458 0.029630
0 0.816536 0.166435 0.009115 0.022685
0 0.808073 0.165278 0.011979 0.030556
0 0.799089 0.158333 0.013281 0.030556
0 0.783333 0.147454 0.010417 0.025463
0 0.728385 0.116898 0.011458 0.026389
0 0.722266 0.096759 0.011198 0.026852
0 0.712109 0.091204 0.011719 0.030556
0 0.704948 0.086574 0.007812 0.021296
0 0.696354 0.081713 0.008333 0.031944
0 0.627604 0.088657 0.013021 0.018981
0 0.658854 0.018287 0.009375 0.022685
0 0.641406 0.051157 0.012500 0.027315
0 0.607031 0.029167 0.011979 0.029630
0 0.483854 0.166204 0.010937 0.025926
0 0.534766 0.245370 0.010156 0.023148
0 0.528125 0.275926 0.010937 0.030556
0 0.517969 0.330787 0.008333 0.028241
0 0.510417 0.369676 0.010937 0.028241
0 0.514323 0.399769 0.009896 0.022685
0 0.499479 0.417130 0.009896 0.025926
0 0.492448 0.452315 0.012500 0.027778
0 0.480729 0.510417 0.008854 0.021759
0 0.489974 0.538426 0.010156 0.029630
0 0.433203 0.467130 0.011198 0.024074
0 0.488542 0.289352 0.009896 0.025926
2 0.497917 0.234491 0.007812 0.030093
2 0.346094 0.429630 0.013021 0.014815
2 0.350911 0.415741 0.018490 0.020370
2 0.353516 0.400463 0.016927 0.017593
2 0.355859 0.382639 0.017969 0.017130
2 0.364974 0.369907 0.010156 0.014815
2 0.370182 0.358796 0.019010 0.020370
2 0.372917 0.340741 0.017708 0.012963
2 0.374219 0.323380 0.017188 0.018056
2 0.378646 0.279630 0.017188 0.020370
2 0.405729 0.355093 0.008333 0.020370
2 0.377214 0.420139 0.009115 0.031019
2 0.390885 0.415741 0.009375 0.032407
2 0.424219 0.408565 0.009375 0.031944
0 0.376693 0.298380 0.016927 0.014352
0 0.369141 0.212037 0.008594 0.025926
0 0.376432 0.217593 0.008594 0.026852
0 0.384115 0.221991 0.008854 0.028241
0 0.391536 0.225463 0.008073 0.022222
0 0.405339 0.234954 0.008594 0.020833
0 0.412370 0.236111 0.008594 0.029630
0 0.419792 0.241204 0.009375 0.028704
0 0.425000 0.257870 0.007292 0.024074
0 0.469661 0.247222 0.014323 0.017593
0 0.470573 0.233102 0.011458 0.015278
0 0.469792 0.127083 0.010937 0.030093
0 0.470703 0.076157 0.008073 0.031944
0 0.477344 0.019907 0.011979 0.026852
0 0.872266 0.046065 0.014323 0.021759
0 0.874870 0.031250 0.011719 0.017130
