0 0.012760 0.672917 0.016667 0.012500
0 0.030469 0.673611 0.016667 0.014815
0 0.051562 0.675926 0.014063 0.012037
0 0.085286 0.669213 0.019010 0.013426
0 0.103385 0.670370 0.016146 0.013889
0 0.120964 0.671528 0.016927 0.010648
0 0.168880 0.672222 0.016927 0.011111
0 0.221875 0.675694 0.017188 0.012500
0 0.316797 0.678935 0.017448 0.012500
0 0.348958 0.679630 0.015104 0.012963
0 0.369792 0.680324 0.016146 0.008796
0 0.388802 0.680093 0.015104 0.011111
0 0.410677 0.682870 0.012500 0.011111
0 0.431510 0.683565 0.014583 0.010648
0 0.449219 0.683102 0.014583 0.012500
0 0.466276 0.683796 0.014323 0.012037
0 0.479167 0.676157 0.005208 0.023611
0 0.488281 0.675926 0.007292 0.027778
2 0.503906 0.674306 0.007812 0.031019
0 0.512370 0.673148 0.008073 0.027778
0 0.520312 0.673380 0.007292 0.030093
0 0.528385 0.675926 0.007292 0.025926
0 0.535937 0.675231 0.006250 0.026389
0 0.544271 0.675231 0.005729 0.027315
0 0.552344 0.675463 0.007812 0.025926
0 0.560156 0.676389 0.006250 0.031481
0 0.567969 0.676389 0.006250 0.029630
0 0.575521 0.677778 0.006771 0.027778
0 0.583724 0.679398 0.007031 0.026389
0 0.591276 0.678472 0.007031 0.021759
0 0.599479 0.678241 0.007292 0.029630
0 0.608203 0.678935 0.007552 0.027315
0 0.615104 0.678935 0.006771 0.025463
0 0.623698 0.679398 0.006250 0.025463
0 0.631901 0.678472 0.005990 0.028241
0 0.640495 0.679630 0.008073 0.026852
0 0.635547 0.647222 0.011719 0.024074
0 0.565104 0.634491 0.016146 0.017130
0 0.004427 0.587037 0.008333 0.030556
1 0.029297 0.635880 0.045052 0.018056
1 0.032552 0.594213 0.038542 0.058796
0 0.049740 0.593750 0.015625 0.027315
1 0.075391 0.598611 0.034635 0.057407
1 0.091667 0.597222 0.034896 0.055556
2 0.102734 0.588194 0.019010 0.032870
2 0.114453 0.585880 0.021094 0.029167
0 0.211979 0.600000 0.006771 0.029630
0 0.224219 0.594444 0.007812 0.029630
0 0.258333 0.597454 0.011979 0.023611
2 0.273568 0.596296 0.016406 0.031481
0 0.028776 0.489352 0.015365 0.014815
0 0.092708 0.517130 0.015104 0.012963
0 0.047917 0.491435 0.015104 0.010648
0 0.069271 0.487963 0.013542 0.010185
0 0.089714 0.491898 0.017448 0.012500
0 0.116667 0.492593 0.015625 0.011111
0 0.133594 0.492593 0.013542 0.010185
0 0.177344 0.525000 0.017708 0.011111
2 0.155729 0.492593 0.018750 0.014815
0 0.175651 0.492593 0.016927 0.013889
0 0.198177 0.492361 0.015104 0.013426
0 0.224089 0.496759 0.014323 0.012963
0 0.244922 0.496065 0.016406 0.011574
0 0.266667 0.493981 0.015625 0.013889
0 0.239714 0.528704 0.016927 0.012037
0 0.258464 0.514583 0.016406 0.012500
0 0.308203 0.497917 0.016927 0.011574
2 0.326432 0.499306 0.017969 0.011574
0 0.347396 0.502546 0.016146 0.016204
0 0.376432 0.517130 0.016927 0.012963
1 0.284505 0.601389 0.031510 0.056481
1 0.297656 0.603241 0.028125 0.057407
1 0.314583 0.602315 0.032292 0.054630
1 0.327604 0.602315 0.028125 0.066667
2 0.346094 0.600926 0.026562 0.050926
1 0.359245 0.602546 0.029948 0.061574
0 0.373177 0.600000 0.013021 0.026852
1 0.387891 0.609259 0.027865 0.056481
2 0.406641 0.596991 0.021615 0.041204
0 0.419271 0.603935 0.013021 0.026389
1 0.433854 0.601620 0.017708 0.033796
1 0.446745 0.603009 0.033594 0.066204
1 0.461589 0.607639 0.029427 0.061574
0 0.471094 0.615046 0.014583 0.025463
0 0.490625 0.611574 0.014063 0.027778
0 0.500260 0.615046 0.015104 0.025463
0 0.513411 0.596065 0.007552 0.029167
0 0.521224 0.593981 0.006510 0.026852
0 0.529036 0.592593 0.008073 0.032407
0 0.537109 0.594213 0.008073 0.029167
0 0.545833 0.593056 0.008854 0.033333
0 0.552604 0.594213 0.007292 0.029167
0 0.561719 0.593287 0.007292 0.032870
0 0.569271 0.595833 0.007812 0.025926
0 0.576953 0.595139 0.007552 0.029167
0 0.583984 0.595370 0.007031 0.030556
0 0.592839 0.596065 0.007552 0.030093
0 0.601042 0.595833 0.007812 0.028704
0 0.609115 0.599306 0.008854 0.030093
0 0.617057 0.596065 0.007552 0.028241
0 0.633073 0.597454 0.006771 0.028241
0 0.640495 0.597917 0.005990 0.028241
0 0.649740 0.596065 0.007292 0.028241
0 0.657031 0.618981 0.006771 0.023148
0 0.433724 0.518056 0.013802 0.009259
0 0.468229 0.517824 0.016146 0.014352
0 0.488932 0.518519 0.019531 0.016667
0 0.516797 0.520602 0.016406 0.011574
0 0.540234 0.519907 0.014323 0.011111
0 0.572656 0.521528 0.016667 0.013426
0 0.591016 0.521528 0.016406 0.012500
0 0.713281 0.519213 0.007812 0.026389
0 0.728516 0.574074 0.016406 0.012037
0 0.727344 0.638426 0.015625 0.012963
2 0.674219 0.659259 0.009375 0.037037
0 0.673047 0.706019 0.007031 0.028704
0 0.672917 0.735417 0.008854 0.026389
0 0.671745 0.952778 0.007031 0.025926
0 0.685807 0.939352 0.008594 0.025926
0 0.718229 0.981019 0.018750 0.013889
0 0.722266 0.964583 0.017448 0.012500
0 0.719661 0.950000 0.019010 0.013889
0 0.720964 0.935417 0.018490 0.012500
0 0.721615 0.902546 0.015625 0.012500
0 0.720833 0.886111 0.012500 0.012037
0 0.720182 0.803704 0.015365 0.012037
0 0.729036 0.787963 0.016406 0.011111
0 0.727734 0.769676 0.016927 0.011574
0 0.728906 0.754630 0.012500 0.010185
0 0.729297 0.739120 0.014844 0.010648
0 0.750651 0.656944 0.013802 0.011111
0 0.767188 0.659028 0.016146 0.015278
0 0.803516 0.707870 0.007031 0.024074
0 0.793620 0.662963 0.015885 0.010185
0 0.820703 0.665741 0.014844 0.011111
0 0.915234 0.671296 0.015885 0.010185
0 0.933464 0.672222 0.014323 0.012037
0 0.953516 0.673843 0.016927 0.010648
0 0.930729 0.702315 0.016667 0.012963
0 0.971615 0.512731 0.016146 0.011574
0 0.870052 0.457870 0.008333 0.026852
0 0.991016 0.341204 0.017969 0.012963
0 0.866667 0.336806 0.015625 0.010648
2 0.831901 0.335417 0.017448 0.010648
0 0.791667 0.334722 0.013542 0.008333
0 0.914583 0.133102 0.013542 0.009722
0 0.887500 0.126389 0.016146 0.011111
0 0.703385 0.053472 0.010417 0.032870
0 0.717969 0.196991 0.015104 0.025463
0 0.716927 0.240972 0.012500 0.024537
0 0.718099 0.279398 0.012240 0.028241
0 0.733333 0.301389 0.007292 0.026852
0 0.741406 0.302083 0.007812 0.022685
0 0.750781 0.302083 0.008333 0.028241
0 0.761198 0.296991 0.006250 0.022685
0 0.711328 0.340972 0.009635 0.031944
0 0.691406 0.350231 0.017188 0.011574
0 0.665755 0.353704 0.016406 0.017593
0 0.715885 0.396296 0.008854 0.033333
0 0.720833 0.464352 0.007292 0.026852
0 0.616797 0.410880 0.012240 0.023611
0 0.579818 0.453472 0.015885 0.014352
0 0.577214 0.409259 0.007031 0.021296
0 0.569922 0.410648 0.008073 0.025000
2 0.638151 0.373148 0.015885 0.024074
0 0.486068 0.446528 0.018490 0.017130
2 0.469141 0.386574 0.017969 0.013889
2 0.561458 0.382407 0.018750 0.012963
2 0.522266 0.347454 0.018490 0.029167
2 0.490625 0.339583 0.013542 0.010648
2 0.454688 0.333796 0.018229 0.012037
2 0.447526 0.313657 0.017448 0.011574
2 0.432031 0.264120 0.006250 0.022685
2 0.440234 0.266667 0.008073 0.031481
2 0.450521 0.265972 0.009896 0.031019
2 0.460547 0.262500 0.008594 0.034259
2 0.470052 0.275463 0.006250 0.023148
2 0.487891 0.280093 0.009115 0.033333
2 0.522266 0.268287 0.007031 0.034722
0 0.511198 0.271065 0.008333 0.031019
0 0.555078 0.232407 0.014844 0.012963
0 0.554427 0.245602 0.015625 0.012500
0 0.555208 0.259954 0.016146 0.012500
0 0.555208 0.274306 0.013021 0.010648
0 0.554688 0.302083 0.013021 0.012500
0 0.555990 0.314120 0.015104 0.011574
0 0.556250 0.328009 0.016667 0.009722
0 0.549609 0.341435 0.013281 0.012500
0 0.023307 0.518750 0.016406 0.015278
0 0.639583 0.542130 0.017188 0.012963
2 0.647656 0.681019 0.005208 0.028704
0 0.673307 0.764120 0.005469 0.024537
0 0.672917 0.919676 0.004167 0.020833
0 0.709505 0.640509 0.010677 0.026389
2 0.497526 0.275694 0.008594 0.031944
0 0.987630 0.847685 0.008073 0.025926
0 0.860677 0.787963 0.004167 0.015741
0 0.734896 0.098611 0.016667 0.010185
0 0.836328 0.016667 0.007552 0.024074
0 0.804557 0.011111 0.005990 0.019444
0 0.819531 0.015509 0.006250 0.022685
0 0.827083 0.016435 0.006250 0.019907
0 0.796615 0.010880 0.005729 0.018056
