0 0.040365 0.093056 0.014063 0.025926
0 0.054297 0.061806 0.012760 0.026389
0 0.075521 0.016898 0.014583 0.025463
0 0.007812 0.601620 0.015104 0.012500
0 0.053906 0.600000 0.017188 0.012963
0 0.126693 0.605556 0.019010 0.013889
0 0.175260 0.607870 0.015104 0.010185
0 0.260807 0.584954 0.013802 0.007870
0 0.281380 0.585648 0.016406 0.010185
0 0.303125 0.584954 0.017188 0.012500
0 0.295703 0.600231 0.015885 0.012500
0 0.344922 0.587731 0.015885 0.011574
2 0.363021 0.587037 0.016667 0.012037
0 0.384375 0.590741 0.016667 0.018519
0 0.413151 0.605787 0.016406 0.014352
0 0.037370 0.676157 0.013802 0.024537
0 0.029427 0.758565 0.012500 0.011574
0 0.048047 0.759722 0.017448 0.015741
0 0.066406 0.760185 0.018750 0.015741
0 0.087891 0.762269 0.013281 0.014352
0 0.120964 0.755556 0.016927 0.012963
0 0.140365 0.758333 0.016667 0.011111
0 0.157552 0.758565 0.015104 0.010648
0 0.216406 0.760880 0.017708 0.012500
0 0.258594 0.763194 0.016146 0.014352
1 0.064714 0.723611 0.047135 0.016667
1 0.067839 0.680556 0.032552 0.053704
1 0.112240 0.686111 0.031250 0.054630
1 0.128385 0.685185 0.032813 0.058333
2 0.140104 0.674769 0.022396 0.036574
2 0.151432 0.676157 0.018490 0.033796
0 0.084635 0.681019 0.015104 0.028704
0 0.248438 0.685648 0.007812 0.027778
0 0.260417 0.681019 0.007292 0.032407
0 0.294661 0.684954 0.013281 0.026389
0 0.352865 0.766667 0.016667 0.013889
0 0.385417 0.767593 0.014063 0.015741
0 0.407161 0.768287 0.014323 0.008796
0 0.425911 0.770139 0.014844 0.013426
0 0.447396 0.771759 0.013542 0.013889
0 0.468229 0.773611 0.015625 0.013889
0 0.486589 0.774306 0.015885 0.012500
0 0.503385 0.774074 0.014583 0.010185
0 0.516146 0.765509 0.006250 0.025463
0 0.525651 0.765046 0.007552 0.028241
2 0.541276 0.764120 0.007031 0.031944
2 0.309505 0.684491 0.016927 0.031944
1 0.322005 0.691667 0.032552 0.062037
1 0.336068 0.692130 0.026823 0.060185
1 0.351172 0.693287 0.027865 0.058796
1 0.364193 0.691435 0.026823 0.056944
1 0.396094 0.692824 0.033333 0.055093
2 0.382161 0.689352 0.027865 0.045370
1 0.424609 0.696991 0.027344 0.050463
0 0.412500 0.688889 0.014583 0.023148
2 0.443880 0.685417 0.020573 0.038426
0 0.456120 0.693750 0.012240 0.029167
1 0.470833 0.691667 0.017188 0.037037
1 0.481380 0.698148 0.026823 0.055556
1 0.498958 0.694907 0.028646 0.052778
0 0.508333 0.706713 0.015104 0.024537
0 0.526953 0.701389 0.013281 0.025926
0 0.537500 0.705787 0.013021 0.024537
0 0.550000 0.686806 0.008333 0.029167
0 0.557682 0.684028 0.005990 0.029167
0 0.548177 0.763889 0.007292 0.031481
0 0.556120 0.762269 0.006510 0.030093
0 0.564063 0.765972 0.007812 0.030093
0 0.573568 0.764583 0.005990 0.027315
0 0.581380 0.765972 0.005990 0.031944
0 0.589063 0.766435 0.006250 0.031019
0 0.597396 0.765972 0.007812 0.030093
0 0.604818 0.765741 0.007031 0.027778
0 0.613021 0.765972 0.008333 0.028241
0 0.565885 0.684028 0.007292 0.028241
0 0.573958 0.683102 0.006250 0.029167
0 0.586849 0.727778 0.015885 0.014815
0 0.581641 0.682870 0.007552 0.030556
0 0.589453 0.684259 0.006510 0.029630
0 0.597526 0.684028 0.005990 0.030093
0 0.606771 0.686574 0.006771 0.027778
0 0.613672 0.685880 0.005469 0.026389
0 0.622266 0.685185 0.005469 0.025926
0 0.630339 0.685417 0.009115 0.029167
0 0.637891 0.688657 0.006510 0.027315
0 0.645833 0.687500 0.005729 0.026852
0 0.654427 0.685648 0.006771 0.024074
0 0.669661 0.687037 0.004948 0.026852
0 0.677995 0.688426 0.007031 0.025926
0 0.686198 0.683796 0.006250 0.028704
0 0.693750 0.709954 0.005729 0.022685
0 0.672526 0.740509 0.013802 0.026389
0 0.620573 0.768287 0.006771 0.025463
0 0.628125 0.768287 0.005729 0.019907
0 0.636458 0.766898 0.007292 0.031019
0 0.644792 0.768519 0.006250 0.028704
0 0.652344 0.769676 0.006250 0.026389
0 0.660677 0.769213 0.007292 0.027315
0 0.669401 0.771296 0.007552 0.029630
0 0.676693 0.771991 0.007031 0.026389
2 0.684766 0.771759 0.006510 0.030556
2 0.710807 0.748380 0.007552 0.037500
0 0.709245 0.797917 0.008073 0.029167
0 0.710286 0.829167 0.007552 0.024074
0 0.738281 0.667824 0.010417 0.026389
0 0.744922 0.703935 0.008594 0.027315
0 0.764844 0.664815 0.017188 0.016667
0 0.763932 0.727315 0.016406 0.015741
0 0.787109 0.747917 0.013802 0.011574
0 0.802083 0.750926 0.016146 0.014815
0 0.830729 0.755787 0.017188 0.012500
0 0.857161 0.758796 0.014323 0.010185
0 0.839453 0.797685 0.006510 0.025926
0 0.764323 0.831019 0.016146 0.012037
0 0.765755 0.846528 0.011198 0.008796
0 0.764062 0.859954 0.015625 0.010648
0 0.765365 0.877083 0.016667 0.012500
0 0.756510 0.894676 0.017188 0.012500
0 0.757682 0.976620 0.012240 0.012500
0 0.758594 0.993750 0.013542 0.012500
0 0.967839 0.795370 0.014844 0.012963
0 0.952214 0.764120 0.017969 0.010648
0 0.970182 0.765046 0.012240 0.007870
0 0.989453 0.765046 0.016406 0.012500
0 0.906380 0.551620 0.005469 0.024537
0 0.750260 0.613426 0.010417 0.024074
0 0.757682 0.547917 0.008073 0.029167
0 0.754036 0.488194 0.010677 0.029167
0 0.743880 0.450000 0.014844 0.020370
0 0.829427 0.428472 0.013542 0.010648
2 0.870052 0.428472 0.017708 0.010648
0 0.903906 0.428935 0.014583 0.011574
0 0.924740 0.221759 0.018229 0.011111
0 0.951302 0.226620 0.014583 0.012500
0 0.798307 0.391204 0.005990 0.017593
0 0.787760 0.393519 0.009375 0.028704
0 0.778646 0.391667 0.010417 0.024074
0 0.770312 0.393056 0.008333 0.025000
0 0.755339 0.371991 0.013281 0.026389
0 0.753516 0.332870 0.014844 0.024074
0 0.755469 0.291204 0.014583 0.024074
0 0.710547 0.442130 0.015885 0.013889
2 0.686589 0.455556 0.019010 0.018519
0 0.667057 0.476157 0.013802 0.024537
0 0.639844 0.530787 0.014583 0.020833
0 0.602214 0.547917 0.017969 0.013426
0 0.627474 0.613194 0.015885 0.011574
0 0.610286 0.611806 0.018490 0.014352
0 0.578646 0.611806 0.016667 0.011574
0 0.565625 0.630556 0.016146 0.012037
0 0.554557 0.610185 0.017448 0.011111
0 0.527214 0.607870 0.014844 0.014815
0 0.504427 0.606713 0.015104 0.013426
0 0.470313 0.605093 0.017188 0.013889
2 0.506510 0.477778 0.018750 0.013889
2 0.527344 0.429630 0.011979 0.010185
2 0.492318 0.423843 0.017448 0.011574
2 0.484766 0.402546 0.018490 0.016204
2 0.469141 0.356019 0.008073 0.025000
2 0.478255 0.357870 0.007552 0.032407
2 0.488802 0.355324 0.008333 0.030093
2 0.498568 0.352546 0.008073 0.031019
2 0.507812 0.366204 0.006250 0.020370
2 0.526302 0.369444 0.010417 0.032407
2 0.535417 0.365278 0.008333 0.030556
2 0.560807 0.359722 0.007552 0.031481
0 0.549349 0.362037 0.007031 0.025926
0 0.607422 0.501852 0.005990 0.025926
0 0.614974 0.500463 0.007552 0.022222
2 0.594531 0.470833 0.018229 0.018519
2 0.640755 0.466667 0.019010 0.016667
0 0.587109 0.430324 0.012240 0.014352
0 0.593099 0.417593 0.016927 0.009259
0 0.593750 0.405324 0.015625 0.011574
0 0.593229 0.392593 0.013021 0.011111
0 0.593099 0.364352 0.012760 0.012037
0 0.592708 0.351852 0.016146 0.011111
0 0.592839 0.337731 0.016406 0.013426
0 0.592708 0.321991 0.015625 0.010648
0 0.552865 0.304630 0.018229 0.013889
0 0.842839 0.106250 0.005990 0.024537
0 0.857422 0.109954 0.007552 0.026389
0 0.864193 0.112037 0.005990 0.023148
0 0.873958 0.111343 0.008333 0.029167
0 0.302604 0.048380 0.008333 0.034722
0 0.746484 0.065278 0.007552 0.035185
0 0.370833 0.041667 0.007292 0.018519
0 0.405599 0.036343 0.013802 0.016204
