0 0.631120 0.006481 0.009115 0.012037
0 0.621745 0.014120 0.010677 0.025463
0 0.608594 0.008333 0.009896 0.015741
0 0.617318 0.040278 0.011198 0.027778
0 0.633464 0.055324 0.011198 0.028241
0 0.639062 0.034722 0.009375 0.027778
0 0.628906 0.082870 0.010937 0.026852
3 0.578516 0.147222 0.003906 0.008333
0 0.605990 0.229167 0.012500 0.023148
2 0.628646 0.273380 0.014063 0.025463
1 0.604948 0.037269 0.022396 0.068056
1 0.626172 0.107176 0.022135 0.064352
0 0.639844 0.126620 0.008333 0.025463
0 0.646615 0.107870 0.008854 0.027778
0 0.651302 0.081944 0.010937 0.029630
0 0.657031 0.144676 0.010937 0.022685
0 0.649609 0.160185 0.011198 0.027778
0 0.643099 0.178241 0.010156 0.027778
0 0.668359 0.140741 0.010677 0.031481
0 0.668490 0.184954 0.010417 0.027315
0 0.678776 0.177778 0.010156 0.025926
0 0.660547 0.196528 0.011719 0.028241
0 0.654427 0.221296 0.009375 0.028704
0 0.665885 0.261111 0.010417 0.026852
0 0.670964 0.240509 0.011198 0.026389
0 0.677865 0.222917 0.007812 0.021759
0 0.687240 0.215741 0.010417 0.028704
0 0.676302 0.298843 0.008854 0.025463
0 0.681380 0.278704 0.011198 0.028704
0 0.691016 0.272685 0.011719 0.029630
0 0.699089 0.256481 0.010677 0.027778
0 0.684245 0.333796 0.010156 0.024074
0 0.693229 0.319907 0.010937 0.028704
0 0.701432 0.310417 0.009635 0.028241
0 0.709635 0.293056 0.009375 0.026852
0 0.652604 0.334722 0.012500 0.026852
0 0.662891 0.360648 0.010677 0.018519
0 0.671615 0.351852 0.008854 0.018519
2 0.675911 0.409028 0.011719 0.023611
0 0.730208 0.367824 0.012500 0.027315
1 0.731250 0.188426 0.026562 0.068519
0 0.379036 0.181019 0.012760 0.020370
0 0.384635 0.192593 0.013021 0.025000
0 0.390104 0.203009 0.011979 0.019907
2 0.405729 0.078241 0.014583 0.025000
0 0.274349 0.015972 0.009115 0.025463
0 0.264062 0.050000 0.014063 0.017593
2 0.164323 0.023380 0.016146 0.035648
0 0.023177 0.419676 0.013021 0.028241
2 0.063151 0.353241 0.015885 0.016667
0 0.072396 0.373843 0.009375 0.010648
2 0.095443 0.458796 0.017448 0.012037
0 0.026562 0.535417 0.016667 0.010648
2 0.003516 0.580324 0.006510 0.031944
2 0.029687 0.603009 0.014063 0.073611
0 0.011068 0.580324 0.007552 0.031019
0 0.066406 0.535648 0.018750 0.013889
0 0.042708 0.580556 0.007812 0.029630
0 0.108724 0.537731 0.015365 0.013426
0 0.124479 0.461343 0.017188 0.011574
0 0.227344 0.501620 0.014583 0.011574
0 0.098828 0.839352 0.014844 0.025000
0 0.088411 0.815278 0.015885 0.025000
0 0.080208 0.794676 0.014583 0.019907
0 0.062500 0.776620 0.015104 0.022685
0 0.058203 0.768519 0.015885 0.024074
0 0.050781 0.759028 0.014583 0.020833
0 0.047656 0.743750 0.018229 0.026389
0 0.032682 0.728009 0.017448 0.022685
0 0.026693 0.718056 0.013281 0.018519
0 0.023307 0.706250 0.011719 0.019907
0 0.018229 0.695833 0.016667 0.024074
0 0.012109 0.684491 0.015885 0.026389
2 0.008073 0.676389 0.014583 0.026852
0 0.006510 0.659259 0.012500 0.015741
0 0.053255 0.604861 0.014323 0.025463
0 0.056771 0.619444 0.011979 0.022222
0 0.065365 0.627315 0.013542 0.024074
0 0.071224 0.639815 0.014323 0.023148
0 0.077604 0.670833 0.011979 0.018519
0 0.084635 0.679630 0.014063 0.021296
0 0.090234 0.690972 0.012240 0.023611
0 0.098307 0.697685 0.012240 0.022222
0 0.104557 0.708102 0.012760 0.019907
0 0.107813 0.719907 0.014583 0.021296
2 0.112630 0.731713 0.016406 0.026389
1 0.128255 0.794444 0.014323 0.072222
1 0.139583 0.816435 0.017188 0.070833
0 0.132812 0.934954 0.010937 0.019907
0 0.144401 0.962500 0.013281 0.026852
0 0.155469 0.987731 0.013542 0.024537
1 0.171094 0.966435 0.030208 0.065278
1 0.192448 0.944444 0.016146 0.074074
0 0.203906 0.963194 0.008854 0.028241
0 0.176042 0.897917 0.009375 0.027315
0 0.239193 0.912963 0.013281 0.023148
0 0.248698 0.900463 0.010417 0.019444
0 0.237109 0.874769 0.012240 0.027315
0 0.217839 0.869676 0.010156 0.022685
0 0.204167 0.838194 0.012500 0.027315
0 0.216797 0.818056 0.011198 0.025000
0 0.203516 0.792824 0.011719 0.025463
0 0.191016 0.763194 0.011719 0.025463
0 0.171745 0.764352 0.013802 0.026852
0 0.178385 0.732639 0.011979 0.025463
0 0.167057 0.708333 0.012240 0.024074
0 0.151693 0.711574 0.011719 0.028704
0 0.157812 0.684722 0.011458 0.027778
0 0.142187 0.649306 0.007812 0.031944
0 0.155078 0.600231 0.016927 0.031019
2 0.189974 0.571065 0.020573 0.017130
0 0.233854 0.543056 0.015625 0.013889
0 0.232292 0.567824 0.018229 0.014352
0 0.267708 0.584954 0.017188 0.012500
0 0.291536 0.587269 0.016406 0.012500
0 0.319531 0.565046 0.016146 0.011574
2 0.323177 0.546065 0.018229 0.013426
0 0.313151 0.587037 0.015885 0.012037
0 0.334505 0.587269 0.015365 0.012500
0 0.361849 0.567130 0.015365 0.011111
0 0.355729 0.546065 0.017188 0.011574
0 0.355859 0.586111 0.015365 0.010185
0 0.374349 0.585648 0.016927 0.010185
0 0.394401 0.586806 0.015365 0.011574
0 0.396745 0.547454 0.013281 0.011574
2 0.413281 0.565046 0.017188 0.012500
0 0.436198 0.546991 0.010937 0.009722
3 0.419141 0.493287 0.005469 0.006019
1 0.516536 0.466204 0.023177 0.012037
0 0.488411 0.549537 0.016406 0.014815
0 0.533984 0.551157 0.015885 0.013426
0 0.563542 0.549306 0.016667 0.013426
0 0.606120 0.551389 0.017448 0.012963
0 0.624479 0.552083 0.011979 0.012500
0 0.649740 0.553009 0.015625 0.011574
0 0.684766 0.493750 0.017969 0.011574
0 0.707943 0.478009 0.016927 0.011574
2 0.675521 0.516667 0.017708 0.012963
2 0.684896 0.534259 0.017708 0.012037
0 0.670833 0.552083 0.015625 0.011574
0 0.695052 0.552778 0.016667 0.012963
0 0.764323 0.502083 0.017188 0.010648
0 0.801172 0.487269 0.016927 0.012500
0 0.787760 0.623148 0.011979 0.027778
0 0.805859 0.669676 0.009115 0.031944
0 0.765495 0.764352 0.011719 0.027778
0 0.779687 0.797917 0.012500 0.024537
0 0.794271 0.826852 0.011458 0.025000
0 0.806771 0.855093 0.011979 0.026852
0 0.819922 0.886806 0.012240 0.026389
0 0.833724 0.913194 0.013281 0.025463
0 0.845182 0.940741 0.012760 0.026852
0 0.843880 0.836111 0.011719 0.028704
0 0.980208 0.973380 0.014063 0.024537
0 0.970182 0.982870 0.012240 0.025000
0 0.956510 0.951620 0.010937 0.024537
0 0.945182 0.925000 0.016927 0.029630
0 0.936458 0.935648 0.011458 0.026852
0 0.923698 0.903241 0.015625 0.030556
0 0.929297 0.887500 0.013281 0.026852
0 0.935156 0.834028 0.012500 0.018056
0 0.911849 0.841435 0.011198 0.026389
0 0.907682 0.862500 0.012760 0.026852
0 0.895312 0.824537 0.014063 0.025926
0 0.900781 0.810880 0.014063 0.026389
0 0.921354 0.803241 0.013021 0.027778
0 0.931380 0.786111 0.012240 0.026852
0 0.906641 0.764120 0.013802 0.024537
0 0.887760 0.780093 0.012500 0.025926
0 0.880208 0.792824 0.014063 0.030093
0 0.888542 0.751620 0.010937 0.024537
0 0.907292 0.727315 0.012500 0.026852
0 0.891146 0.725463 0.013021 0.027778
0 0.874219 0.745370 0.012500 0.028704
0 0.872656 0.713657 0.008854 0.022685
0 0.877344 0.692593 0.011979 0.025000
1 0.887760 0.682176 0.031250 0.067130
0 0.857552 0.701852 0.014583 0.029630
0 0.862109 0.680093 0.010156 0.023148
2 0.865365 0.655787 0.021875 0.046759
0 0.849740 0.646296 0.013021 0.025926
0 0.843750 0.664583 0.012500 0.028241
0 0.836979 0.676389 0.013542 0.029630
0 0.842057 0.487500 0.016406 0.012037
0 0.878516 0.526389 0.018490 0.012037
2 0.901823 0.016204 0.012500 0.026852
0 0.956250 0.006944 0.015104 0.012037
0 0.960807 0.018519 0.016406 0.019444
2 0.373568 0.705324 0.015365 0.024537
3 0.873047 0.489352 0.006510 0.005556
2 0.717708 0.366667 0.007292 0.015741
0 0.297135 0.411806 0.015104 0.023611
3 0.563021 0.446065 0.005729 0.004167
3 0.570312 0.443287 0.004167 0.009722
3 0.572786 0.435880 0.003906 0.009722
3 0.575260 0.426157 0.006250 0.009722
