0 0.970182 0.539815 0.015885 0.017593
0 0.982552 0.129630 0.016146 0.024074
0 0.955729 0.130324 0.013021 0.016204
0 0.976172 0.091898 0.009115 0.022685
2 0.983594 0.083102 0.011979 0.029167
0 0.989453 0.077546 0.009635 0.031019
0 0.922656 0.006250 0.014583 0.011574
0 0.933724 0.988194 0.010677 0.023611
0 0.918359 0.956250 0.014323 0.027315
0 0.907813 0.928241 0.015625 0.031481
0 0.896875 0.937731 0.014063 0.030093
0 0.910677 0.899769 0.013542 0.029167
0 0.889974 0.887037 0.012760 0.027778
0 0.884896 0.904861 0.014063 0.031944
0 0.868880 0.863194 0.012760 0.027315
0 0.873177 0.843981 0.013021 0.026852
0 0.897005 0.838194 0.012240 0.021759
0 0.882812 0.802778 0.014583 0.028704
0 0.886589 0.768287 0.011719 0.030093
0 0.866797 0.765046 0.012760 0.028241
0 0.861589 0.811111 0.010677 0.024074
0 0.855469 0.826620 0.014063 0.031019
0 0.841276 0.793981 0.012760 0.031481
0 0.849089 0.781944 0.013802 0.025926
0 0.848047 0.746065 0.012240 0.027315
0 0.851302 0.723148 0.013021 0.029630
0 0.868490 0.728935 0.013021 0.026389
0 0.833203 0.744444 0.012240 0.025926
0 0.833464 0.713426 0.008594 0.022222
0 0.837891 0.693056 0.011198 0.025000
0 0.821615 0.678009 0.011458 0.020833
0 0.817057 0.700231 0.011719 0.026389
0 0.794792 0.675926 0.013021 0.028704
0 0.803125 0.665972 0.011979 0.025463
0 0.808724 0.645833 0.012760 0.026852
2 0.824219 0.651389 0.019271 0.042593
1 0.849219 0.680556 0.030729 0.070370
0 0.841276 0.940741 0.014323 0.030556
0 0.805599 0.946065 0.012240 0.026389
0 0.791927 0.916667 0.013542 0.027778
0 0.778516 0.887037 0.013802 0.026852
0 0.766146 0.859722 0.011458 0.026852
0 0.752734 0.827315 0.014323 0.026852
0 0.738411 0.799074 0.012760 0.020370
0 0.723177 0.766204 0.014583 0.026852
0 0.750911 0.728009 0.011719 0.030093
0 0.782422 0.769444 0.011719 0.029630
0 0.797917 0.538657 0.015104 0.020833
0 0.762500 0.477546 0.016667 0.013426
3 0.791797 0.482407 0.005990 0.006481
1 0.687760 0.179167 0.024479 0.065741
1 0.557943 0.027546 0.024219 0.054167
1 0.577734 0.095833 0.022135 0.066667
2 0.541536 0.010880 0.009635 0.020833
0 0.570443 0.027083 0.011198 0.030093
0 0.576042 0.006713 0.009375 0.012500
0 0.592578 0.020370 0.010156 0.027778
0 0.586849 0.040509 0.011719 0.028241
0 0.583594 0.072454 0.012500 0.029167
0 0.605729 0.069213 0.011979 0.030093
0 0.600781 0.094213 0.010417 0.027315
0 0.594141 0.114120 0.010677 0.028241
0 0.596745 0.166667 0.011198 0.028704
0 0.604297 0.149537 0.010677 0.027778
0 0.611719 0.132870 0.009375 0.025000
0 0.622656 0.130556 0.011458 0.030556
0 0.608854 0.211111 0.009896 0.026852
0 0.614714 0.187037 0.011198 0.030556
0 0.623307 0.174537 0.011198 0.029630
0 0.633724 0.167361 0.010677 0.030093
0 0.620703 0.253472 0.010156 0.027315
0 0.625391 0.231481 0.010156 0.025000
0 0.633594 0.213657 0.008333 0.019907
0 0.642318 0.205324 0.010677 0.030093
0 0.631250 0.290741 0.010417 0.029630
0 0.636979 0.269907 0.010937 0.029630
0 0.646354 0.263657 0.011979 0.029167
0 0.654036 0.247454 0.011719 0.031019
0 0.639323 0.322222 0.010937 0.024074
0 0.648698 0.310880 0.011458 0.031019
0 0.657552 0.303009 0.011979 0.030093
0 0.664323 0.283796 0.012500 0.026852
0 0.685677 0.359259 0.010937 0.029630
2 0.673307 0.359954 0.009115 0.014352
0 0.711979 0.478009 0.017708 0.010648
2 0.630859 0.403935 0.012240 0.023611
0 0.617839 0.352778 0.010677 0.020370
0 0.606901 0.328009 0.012760 0.026389
0 0.596354 0.267130 0.013021 0.025926
2 0.581641 0.263194 0.014323 0.027315
0 0.559375 0.219444 0.013542 0.022222
3 0.470573 0.022917 0.005208 0.008796
0 0.327344 0.172454 0.013542 0.024537
0 0.332422 0.181944 0.012760 0.026852
0 0.339323 0.192593 0.011979 0.023148
2 0.354297 0.067593 0.015885 0.026852
0 0.211719 0.035417 0.009896 0.011574
2 0.110417 0.017361 0.011458 0.025463
2 0.039714 0.454861 0.017448 0.015278
0 0.337891 0.287269 0.012240 0.021759
0 0.426042 0.012963 0.013542 0.021296
0 0.101432 0.990741 0.012240 0.018519
0 0.091146 0.969907 0.013542 0.026852
0 0.077604 0.940278 0.011979 0.021296
1 0.115234 0.970370 0.032031 0.059259
1 0.139844 0.950000 0.018229 0.066667
0 0.122266 0.900231 0.008073 0.029167
0 0.175781 0.895602 0.015104 0.026389
0 0.183724 0.878241 0.011719 0.029630
0 0.164453 0.821065 0.011719 0.024537
0 0.157943 0.853472 0.010677 0.021759
0 0.143099 0.823611 0.013281 0.026852
0 0.150391 0.796528 0.012760 0.026389
0 0.138021 0.765972 0.014063 0.028241
0 0.108724 0.747685 0.013802 0.025926
0 0.043750 0.842593 0.015625 0.026852
0 0.034505 0.818750 0.019531 0.020833
0 0.024609 0.796991 0.016927 0.021759
1 0.073307 0.797454 0.016927 0.072685
1 0.084896 0.821065 0.018750 0.070833
2 0.057422 0.735648 0.014844 0.024074
0 0.090495 0.687731 0.010156 0.030093
0 0.103385 0.685417 0.011458 0.023611
0 0.113542 0.708333 0.012500 0.025000
0 0.124870 0.735880 0.012240 0.021759
0 0.052865 0.723380 0.014583 0.022685
0 0.048698 0.709954 0.015104 0.023611
0 0.043620 0.698148 0.014323 0.021296
0 0.035677 0.692361 0.015625 0.022685
0 0.028516 0.681019 0.012240 0.019444
0 0.022656 0.671759 0.014063 0.020370
0 0.007552 0.780324 0.014583 0.021759
0 0.005208 0.767130 0.009896 0.018519
0 0.016016 0.641898 0.015365 0.020833
0 0.010677 0.627778 0.013021 0.019444
0 0.004818 0.617130 0.009115 0.016667
0 0.093750 0.621991 0.011458 0.028241
0 0.116797 0.577083 0.017969 0.018981
2 0.163411 0.561343 0.019531 0.014352
0 0.204687 0.564352 0.016667 0.012037
3 0.287891 0.496296 0.005469 0.006481
0 0.215234 0.584722 0.016927 0.012037
0 0.238802 0.585648 0.016146 0.013889
0 0.261198 0.584722 0.017188 0.013889
0 0.283464 0.585417 0.015365 0.013426
0 0.304297 0.582870 0.015885 0.011111
0 0.324349 0.584259 0.015365 0.010185
0 0.344010 0.586343 0.016146 0.010648
0 0.379297 0.567593 0.015885 0.010185
0 0.326953 0.564352 0.016927 0.009259
0 0.332813 0.543519 0.015625 0.011111
2 0.288281 0.542593 0.019271 0.011111
0 0.383724 0.545370 0.015365 0.010185
2 0.427474 0.567130 0.019010 0.012963
1 0.469922 0.462269 0.024740 0.015278
0 0.416927 0.544907 0.012500 0.011111
0 0.452474 0.547685 0.017448 0.013889
0 0.488021 0.547454 0.015104 0.012500
2 0.323828 0.706250 0.015885 0.022685
0 0.520573 0.545602 0.016667 0.014352
0 0.560156 0.549074 0.018750 0.012963
0 0.578646 0.549306 0.012500 0.010648
0 0.604818 0.550694 0.016927 0.012500
0 0.626953 0.549074 0.015885 0.010185
0 0.650391 0.549306 0.017448 0.011574
2 0.640234 0.530556 0.016927 0.012037
2 0.630208 0.511111 0.017708 0.012037
0 0.638411 0.492130 0.015885 0.012037
0 0.603906 0.473843 0.018229 0.013426
0 0.054557 0.536111 0.016927 0.012037
0 0.025521 0.535648 0.020313 0.012963
0 0.069271 0.459259 0.017188 0.011111
0 0.173568 0.500463 0.015365 0.010185
0 0.220833 0.541667 0.016667 0.012963
0 0.567708 0.488657 0.008854 0.011574
0 0.244792 0.408565 0.012500 0.026389
3 0.515365 0.440509 0.006771 0.006019
3 0.523568 0.438194 0.004948 0.011574
3 0.526042 0.430556 0.003646 0.010185
3 0.527995 0.420370 0.006510 0.009259
