1 0.071094 0.093056 0.017188 0.083333
1 0.093750 0.093750 0.015625 0.081944
1 0.116016 0.092361 0.016406 0.084722
0 0.050391 0.222222 0.008594 0.033333
0 0.059375 0.222917 0.009375 0.034722
0 0.069141 0.222222 0.010156 0.036111
0 0.080469 0.220139 0.009375 0.034722
0 0.089844 0.222222 0.007813 0.030556
0 0.099219 0.220139 0.007813 0.029167
0 0.108594 0.221528 0.007813 0.031944
0 0.117578 0.221528 0.007031 0.029167
0 0.128516 0.220139 0.008594 0.031944
1 0.167969 0.218056 0.012500 0.083333
0 0.024219 0.358333 0.010937 0.033333
1 0.053516 0.357639 0.010156 0.081944
1 0.067578 0.359722 0.016406 0.080556
1 0.087891 0.361111 0.011719 0.080556
1 0.101953 0.358333 0.016406 0.080556
1 0.122266 0.359722 0.013281 0.080556
1 0.135547 0.357639 0.011719 0.079167
0 0.150000 0.337500 0.006250 0.025000
0 0.157813 0.336806 0.009375 0.031944
0 0.176563 0.341667 0.018750 0.016667
0 0.224609 0.340278 0.017969 0.016667
0 0.262109 0.341667 0.019531 0.016667
0 0.286328 0.341667 0.019531 0.019444
0 0.307031 0.341667 0.020312 0.016667
0 0.334375 0.340972 0.018750 0.015278
0 0.356641 0.340972 0.017969 0.015278
0 0.381250 0.340972 0.018750 0.015278
0 0.401953 0.340972 0.017969 0.015278
0 0.424219 0.340972 0.017188 0.015278
0 0.217578 0.478472 0.014844 0.034722
1 0.233203 0.438889 0.011719 0.075000
1 0.244531 0.431250 0.009375 0.076389
1 0.255859 0.429861 0.011719 0.076389
1 0.267578 0.427083 0.011719 0.073611
0 0.279297 0.440972 0.007031 0.037500
1 0.288281 0.427083 0.010937 0.073611
1 0.300781 0.426389 0.010937 0.075000
1 0.312500 0.427083 0.012500 0.079167
0 0.323438 0.415972 0.007813 0.031944
1 0.333594 0.407639 0.010937 0.076389
1 0.345313 0.406944 0.009375 0.077778
1 0.357031 0.404861 0.014062 0.079167
0 0.369531 0.422917 0.007813 0.034722
1 0.390234 0.405556 0.011719 0.077778
1 0.401563 0.404167 0.009375 0.075000
1 0.413281 0.403472 0.010937 0.079167
1 0.425000 0.403472 0.010937 0.079167
0 0.257031 0.482639 0.018750 0.018056
0 0.242578 0.496528 0.014844 0.015278
0 0.244531 0.511806 0.014062 0.015278
1 0.036719 0.633333 0.010937 0.080556
1 0.050781 0.637500 0.017188 0.075000
1 0.070703 0.638889 0.011719 0.075000
1 0.084766 0.637500 0.016406 0.072222
1 0.105859 0.638194 0.016406 0.079167
1 0.128906 0.637500 0.014062 0.075000
1 0.171094 0.635417 0.010937 0.076389
1 0.181641 0.636806 0.010156 0.073611
1 0.193750 0.636806 0.012500 0.073611
1 0.205859 0.635417 0.011719 0.073611
0 0.217578 0.624306 0.008594 0.040278
1 0.238672 0.638194 0.011719 0.081944
1 0.249609 0.637500 0.011719 0.077778
1 0.260547 0.636111 0.008594 0.080556
1 0.272656 0.638194 0.010937 0.076389
1 0.283203 0.637500 0.011719 0.080556
1 0.296484 0.636111 0.013281 0.083333
0 0.306641 0.614583 0.007031 0.031944
0 0.318359 0.630556 0.010156 0.041667
1 0.338281 0.635417 0.014062 0.079167
1 0.362109 0.635417 0.010156 0.076389
1 0.374219 0.636806 0.010937 0.076389
0 0.385156 0.620833 0.006250 0.030556
1 0.396875 0.634722 0.012500 0.080556
0 0.430078 0.630556 0.008594 0.030556
1 0.442187 0.636806 0.012500 0.081944
1 0.464063 0.634722 0.012500 0.075000
0 0.475781 0.613889 0.007813 0.036111
1 0.487500 0.633333 0.012500 0.080556
0 0.508594 0.631250 0.012500 0.040278
0 0.507031 0.477778 0.009375 0.036111
0 0.528125 0.465278 0.007813 0.033333
0 0.540234 0.461111 0.008594 0.036111
0 0.540234 0.497222 0.008594 0.030556
1 0.576563 0.468056 0.010937 0.080556
1 0.608203 0.468750 0.011719 0.087500
1 0.631250 0.464583 0.010937 0.079167
0 0.620313 0.479167 0.007813 0.033333
0 0.653516 0.443750 0.008594 0.031944
0 0.654688 0.479167 0.007813 0.038889
0 0.664844 0.476389 0.009375 0.033333
1 0.677734 0.463889 0.013281 0.080556
0 0.613281 0.612500 0.009375 0.033333
0 0.625391 0.622222 0.008594 0.033333
0 0.636719 0.613889 0.009375 0.030556
0 0.647266 0.620833 0.008594 0.036111
0 0.657031 0.631250 0.009375 0.034722
1 0.680469 0.624306 0.010937 0.076389
1 0.693750 0.625000 0.010937 0.077778
1 0.704297 0.624306 0.010156 0.079167
1 0.715625 0.623611 0.010937 0.080556
1 0.726953 0.623611 0.008594 0.077778
1 0.737891 0.622222 0.010156 0.075000
1 0.749219 0.620833 0.012500 0.072222
0 0.783594 0.625000 0.009375 0.036111
0 0.796094 0.602778 0.009375 0.036111
0 0.808203 0.602778 0.008594 0.036111
0 0.819141 0.604167 0.010156 0.038889
0 0.828906 0.604167 0.007813 0.036111
0 0.839844 0.602083 0.010937 0.037500
0 0.740625 0.480556 0.017188 0.022222
0 0.759766 0.479861 0.017969 0.018056
0 0.750000 0.504167 0.020312 0.019444
0 0.775391 0.498611 0.021094 0.016667
0 0.700000 0.326389 0.018750 0.016667
1 0.798437 0.316667 0.046875 0.022222
1 0.901172 0.040278 0.041406 0.027778
0 0.840625 0.031944 0.020312 0.016667
0 0.843359 0.009028 0.019531 0.015278
0 0.870703 0.012500 0.017969 0.016667
