1 0.071875 0.092361 0.015625 0.081944
1 0.094922 0.090972 0.016406 0.084722
1 0.117969 0.089583 0.014062 0.081944
1 0.167969 0.219444 0.012500 0.083333
0 0.129297 0.220833 0.008594 0.030556
0 0.119531 0.222917 0.010937 0.031944
0 0.109375 0.222222 0.009375 0.033333
0 0.100391 0.218750 0.008594 0.026389
0 0.089844 0.222222 0.009375 0.030556
0 0.080078 0.222917 0.008594 0.031944
0 0.069531 0.222222 0.010937 0.033333
0 0.058984 0.222222 0.010156 0.033333
0 0.048828 0.220139 0.008594 0.034722
0 0.021094 0.354861 0.010937 0.034722
1 0.051953 0.356944 0.010156 0.077778
1 0.066016 0.358333 0.016406 0.080556
1 0.086328 0.356944 0.010156 0.080556
1 0.100781 0.359722 0.015625 0.080556
1 0.121484 0.359722 0.011719 0.080556
1 0.135547 0.358333 0.016406 0.077778
0 0.148828 0.340972 0.007031 0.029167
0 0.157031 0.337500 0.007813 0.033333
0 0.175781 0.345139 0.020312 0.018056
0 0.223828 0.346528 0.019531 0.018056
0 0.261328 0.348611 0.021094 0.016667
0 0.285937 0.346528 0.018750 0.015278
0 0.307422 0.347917 0.017969 0.015278
0 0.333594 0.348611 0.017188 0.013889
0 0.357812 0.345833 0.018750 0.016667
0 0.381641 0.347222 0.017969 0.016667
0 0.402734 0.348611 0.017969 0.019444
0 0.426172 0.349306 0.016406 0.015278
0 0.468750 0.406250 0.009375 0.031944
0 0.214844 0.483333 0.015625 0.033333
1 0.232031 0.442361 0.010937 0.079167
1 0.244141 0.436806 0.011719 0.073611
1 0.255469 0.436111 0.010937 0.075000
1 0.266797 0.431944 0.011719 0.080556
0 0.239844 0.518056 0.014062 0.013889
0 0.255859 0.487500 0.017969 0.019444
0 0.248828 0.579167 0.016406 0.019444
0 0.278125 0.447222 0.007813 0.033333
1 0.288672 0.430556 0.010156 0.075000
1 0.300781 0.429861 0.010937 0.073611
1 0.313281 0.429167 0.010937 0.075000
0 0.324219 0.422917 0.007813 0.031944
1 0.334766 0.417361 0.011719 0.079167
1 0.346094 0.412500 0.010937 0.077778
1 0.358203 0.412500 0.010156 0.075000
0 0.370313 0.432639 0.009375 0.037500
1 0.391016 0.412500 0.011719 0.077778
1 0.402344 0.414583 0.009375 0.073611
1 0.414063 0.411806 0.010937 0.076389
1 0.426172 0.411111 0.010156 0.077778
0 0.506250 0.489583 0.009375 0.031944
0 0.529297 0.478472 0.008594 0.029167
0 0.541406 0.474306 0.009375 0.037500
0 0.540625 0.509028 0.007813 0.034722
1 0.576563 0.483333 0.010937 0.083333
1 0.609766 0.482639 0.011719 0.076389
0 0.621875 0.493056 0.007813 0.030556
1 0.632422 0.479167 0.010156 0.077778
0 0.655859 0.461111 0.008594 0.033333
0 0.655859 0.495139 0.007031 0.031944
0 0.666406 0.491667 0.009375 0.030556
1 0.680078 0.479167 0.011719 0.083333
0 0.703125 0.345139 0.017188 0.018056
1 0.803516 0.339583 0.047656 0.026389
0 0.743359 0.500694 0.017969 0.018056
0 0.763281 0.501389 0.018750 0.016667
0 0.751562 0.523611 0.020312 0.019444
0 0.779688 0.519444 0.020312 0.019444
0 0.841016 0.625000 0.010156 0.030556
0 0.830859 0.625694 0.008594 0.037500
0 0.821484 0.629861 0.010156 0.040278
0 0.811719 0.622222 0.009375 0.030556
0 0.797656 0.624306 0.009375 0.037500
0 0.785547 0.645833 0.008594 0.036111
0 0.776563 0.711111 0.020312 0.019444
1 0.751172 0.640972 0.010156 0.073611
1 0.739844 0.643750 0.010937 0.073611
1 0.728125 0.642361 0.010937 0.076389
1 0.717578 0.643750 0.010156 0.073611
1 0.704687 0.643056 0.010937 0.077778
1 0.692969 0.643056 0.012500 0.077778
1 0.681641 0.641667 0.011719 0.075000
0 0.658594 0.644444 0.009375 0.030556
0 0.648438 0.638194 0.007813 0.031944
0 0.636719 0.631944 0.009375 0.033333
0 0.625000 0.639583 0.009375 0.034722
0 0.613281 0.629167 0.009375 0.033333
0 0.508594 0.648611 0.009375 0.033333
1 0.485938 0.647917 0.012500 0.081944
0 0.474609 0.625694 0.010156 0.034722
1 0.462500 0.645139 0.010937 0.076389
1 0.439844 0.647917 0.010937 0.081944
0 0.429297 0.642361 0.008594 0.031944
1 0.394141 0.645139 0.011719 0.076389
0 0.383594 0.626389 0.007813 0.027778
1 0.371484 0.647222 0.011719 0.080556
1 0.360156 0.644444 0.010937 0.075000
1 0.335938 0.647917 0.012500 0.081944
0 0.316406 0.637500 0.007813 0.033333
0 0.304297 0.620139 0.008594 0.034722
1 0.293750 0.643056 0.014062 0.077778
1 0.280078 0.643056 0.010156 0.077778
1 0.269141 0.643056 0.010156 0.075000
1 0.257422 0.643750 0.008594 0.073611
1 0.246094 0.645139 0.010937 0.076389
1 0.234375 0.643750 0.012500 0.076389
0 0.213281 0.627778 0.009375 0.036111
1 0.202344 0.640972 0.010937 0.079167
1 0.189844 0.641667 0.010937 0.069444
1 0.178516 0.641667 0.010156 0.075000
1 0.167578 0.639583 0.010156 0.079167
1 0.125000 0.638889 0.015625 0.075000
1 0.101953 0.640972 0.014844 0.079167
1 0.079687 0.638194 0.015625 0.076389
1 0.066016 0.638889 0.011719 0.077778
1 0.046484 0.637500 0.016406 0.075000
1 0.033203 0.629861 0.011719 0.076389
0 0.757813 0.015972 0.017188 0.015278
0 0.764063 0.036111 0.017188 0.019444
0 0.787891 0.018750 0.017969 0.020833
0 0.798047 0.040278 0.017969 0.019444
0 0.825000 0.025000 0.020312 0.019444
0 0.824609 0.046528 0.016406 0.015278
0 0.851953 0.028472 0.021094 0.018056
0 0.870313 0.009722 0.020312 0.019444
0 0.877344 0.033333 0.020312 0.019444
0 0.858984 0.051389 0.022656 0.016667
1 0.907812 0.061111 0.043750 0.025000
0 0.944922 0.029167 0.021094 0.019444
