1 0.070313 0.094444 0.015625 0.083333
1 0.094531 0.095833 0.015625 0.080556
1 0.116406 0.095139 0.015625 0.087500
0 0.047266 0.224306 0.010156 0.034722
0 0.057031 0.226389 0.009375 0.033333
0 0.067188 0.224306 0.009375 0.029167
0 0.079297 0.222917 0.010156 0.031944
0 0.089453 0.222917 0.008594 0.034722
0 0.099609 0.223611 0.008594 0.027778
0 0.108203 0.224306 0.007031 0.031944
0 0.117188 0.223611 0.007813 0.033333
0 0.129297 0.223611 0.010156 0.030556
1 0.166797 0.223611 0.013281 0.083333
0 0.021094 0.359028 0.010937 0.034722
1 0.050781 0.361806 0.010937 0.079167
1 0.066406 0.361111 0.017188 0.077778
1 0.086328 0.363889 0.010156 0.077778
1 0.100000 0.363194 0.015625 0.084722
1 0.120312 0.362500 0.012500 0.075000
0 0.148047 0.346528 0.007031 0.031944
0 0.134375 0.361806 0.015625 0.076389
0 0.156641 0.344444 0.008594 0.033333
0 0.174219 0.350000 0.020312 0.016667
0 0.222266 0.346528 0.017969 0.018056
0 0.260938 0.348611 0.021875 0.022222
0 0.285937 0.345833 0.018750 0.019444
0 0.307031 0.347917 0.020312 0.018056
0 0.333594 0.351389 0.017188 0.019444
0 0.357422 0.347917 0.017969 0.018056
0 0.381641 0.350000 0.014844 0.016667
0 0.402734 0.350000 0.017969 0.019444
0 0.425000 0.348611 0.015625 0.019444
0 0.507813 0.489583 0.010937 0.034722
1 0.231641 0.443056 0.010156 0.075000
1 0.242578 0.436806 0.010156 0.073611
1 0.254687 0.438194 0.012500 0.076389
1 0.266797 0.434028 0.010156 0.079167
0 0.278906 0.450000 0.007813 0.033333
1 0.288281 0.435417 0.010937 0.076389
1 0.300000 0.432639 0.010937 0.079167
1 0.312109 0.433333 0.010156 0.080556
0 0.323828 0.425000 0.008594 0.038889
1 0.333594 0.415278 0.010937 0.075000
1 0.345313 0.413889 0.009375 0.075000
1 0.357031 0.413889 0.012500 0.075000
0 0.369141 0.432639 0.008594 0.034722
1 0.391016 0.413889 0.010156 0.083333
1 0.401563 0.415972 0.009375 0.081944
1 0.413672 0.415278 0.011719 0.080556
1 0.424609 0.415278 0.010156 0.083333
0 0.215625 0.483333 0.015625 0.033333
0 0.255469 0.491667 0.017188 0.019444
0 0.241797 0.522222 0.014844 0.022222
0 0.296484 0.583333 0.019531 0.019444
1 0.032812 0.636806 0.012500 0.073611
1 0.046875 0.645139 0.015625 0.076389
1 0.066797 0.644444 0.011719 0.077778
1 0.081250 0.644444 0.015625 0.075000
1 0.103125 0.643056 0.015625 0.080556
1 0.125391 0.644444 0.014844 0.080556
1 0.167578 0.645139 0.010156 0.079167
1 0.178906 0.643056 0.012500 0.075000
1 0.191016 0.645833 0.010156 0.075000
1 0.203125 0.646528 0.012500 0.081944
0 0.214844 0.630556 0.010937 0.036111
1 0.235156 0.641667 0.010937 0.080556
1 0.247266 0.647222 0.010156 0.080556
1 0.258594 0.644444 0.010937 0.077778
1 0.269531 0.645139 0.010937 0.076389
1 0.279687 0.644444 0.009375 0.075000
1 0.293359 0.645833 0.011719 0.077778
0 0.303906 0.620833 0.007813 0.033333
0 0.316406 0.640972 0.007813 0.037500
1 0.337500 0.646528 0.012500 0.087500
1 0.359766 0.645833 0.010156 0.075000
1 0.371484 0.648611 0.011719 0.080556
0 0.383984 0.629167 0.008594 0.033333
1 0.394922 0.646528 0.013281 0.079167
0 0.430078 0.643056 0.008594 0.036111
1 0.441406 0.648611 0.010937 0.083333
1 0.462500 0.646528 0.012500 0.079167
0 0.474609 0.628472 0.007031 0.031944
1 0.487109 0.650000 0.010156 0.077778
0 0.508594 0.646528 0.009375 0.037500
0 0.614453 0.628472 0.008594 0.031944
0 0.626172 0.636806 0.010156 0.029167
0 0.637109 0.627778 0.010156 0.033333
0 0.649219 0.635417 0.009375 0.040278
0 0.659766 0.644444 0.008594 0.033333
0 0.694922 0.708333 0.022656 0.019444
1 0.682813 0.639583 0.010937 0.073611
1 0.680859 0.476389 0.013281 0.080556
1 0.694531 0.640278 0.009375 0.075000
1 0.705469 0.641667 0.012500 0.077778
1 0.718359 0.641667 0.010156 0.080556
1 0.728516 0.643750 0.010156 0.079167
1 0.742188 0.637500 0.010937 0.072222
1 0.753906 0.640972 0.010937 0.081944
0 0.785937 0.645139 0.009375 0.034722
0 0.798047 0.621528 0.010156 0.040278
0 0.812500 0.622222 0.010937 0.044444
0 0.823047 0.625694 0.008594 0.043056
0 0.831250 0.619444 0.007813 0.033333
0 0.842188 0.619444 0.010937 0.033333
0 0.529688 0.480556 0.007813 0.033333
0 0.541016 0.473611 0.008594 0.038889
0 0.539844 0.509722 0.009375 0.033333
0 0.701953 0.343056 0.021094 0.016667
1 0.802734 0.334028 0.046094 0.020833
0 0.679688 0.020139 0.020312 0.020833
0 0.755859 0.009722 0.017969 0.016667
0 0.768359 0.033333 0.017969 0.019444
0 0.789063 0.014583 0.020312 0.018056
0 0.803906 0.036111 0.018750 0.019444
0 0.823828 0.020833 0.021094 0.019444
0 0.829297 0.043750 0.016406 0.018056
0 0.850391 0.026389 0.021094 0.019444
0 0.856250 0.046528 0.020312 0.018056
0 0.874219 0.027083 0.018750 0.018056
0 0.902734 0.011111 0.019531 0.019444
1 0.905469 0.052778 0.043750 0.025000
0 0.942969 0.024306 0.021875 0.026389
0 0.950391 0.155556 0.021094 0.025000
