1 0.066406 0.104167 0.017188 0.083333
1 0.090625 0.104861 0.017188 0.079167
1 0.113672 0.104861 0.016406 0.087500
1 0.165234 0.231250 0.013281 0.087500
0 0.045703 0.235417 0.008594 0.034722
0 0.055078 0.235417 0.008594 0.034722
0 0.064453 0.235417 0.008594 0.034722
0 0.076172 0.235417 0.008594 0.031944
0 0.086719 0.234028 0.007813 0.031944
0 0.096094 0.234028 0.007813 0.023611
0 0.105078 0.235417 0.008594 0.034722
0 0.114844 0.236111 0.007813 0.033333
0 0.125000 0.232639 0.009375 0.034722
0 0.019141 0.369444 0.008594 0.033333
1 0.049219 0.374306 0.010937 0.079167
1 0.064062 0.373611 0.015625 0.072222
1 0.084375 0.372917 0.010937 0.079167
1 0.097656 0.368750 0.014062 0.081944
1 0.119531 0.373611 0.012500 0.083333
1 0.132031 0.370833 0.014062 0.077778
0 0.147266 0.351389 0.007031 0.025000
0 0.154687 0.347917 0.007813 0.026389
0 0.174219 0.355556 0.018750 0.016667
0 0.221094 0.354861 0.021875 0.018056
0 0.259766 0.355556 0.019531 0.016667
0 0.284375 0.356250 0.018750 0.015278
0 0.305078 0.354167 0.021094 0.016667
0 0.331641 0.354167 0.017969 0.016667
0 0.355859 0.354167 0.019531 0.016667
0 0.380469 0.353472 0.017188 0.012500
0 0.400781 0.354861 0.018750 0.018056
0 0.423828 0.353472 0.014844 0.015278
0 0.482031 0.346528 0.014062 0.026389
0 0.467969 0.407639 0.009375 0.034722
0 0.212891 0.490278 0.016406 0.033333
1 0.230078 0.452083 0.010156 0.070833
1 0.241406 0.443750 0.010937 0.076389
1 0.253516 0.445139 0.010156 0.076389
1 0.265234 0.440278 0.011719 0.075000
0 0.278125 0.454861 0.007813 0.034722
1 0.286719 0.439583 0.010937 0.073611
1 0.299609 0.440278 0.010156 0.075000
1 0.310937 0.437500 0.012500 0.075000
0 0.322266 0.430556 0.008594 0.033333
1 0.331250 0.422222 0.012500 0.075000
1 0.343359 0.419444 0.010156 0.077778
1 0.356250 0.419444 0.014062 0.077778
0 0.368750 0.438889 0.009375 0.033333
1 0.388281 0.417361 0.010937 0.079167
1 0.401172 0.418750 0.010156 0.081944
1 0.411719 0.419444 0.010937 0.077778
1 0.424219 0.418750 0.010937 0.084722
0 0.254687 0.499306 0.018750 0.020833
0 0.416797 0.522222 0.013281 0.022222
1 0.032812 0.650694 0.010937 0.076389
1 0.047266 0.654167 0.016406 0.075000
1 0.065625 0.653472 0.012500 0.076389
1 0.079687 0.654861 0.015625 0.073611
1 0.101953 0.653472 0.016406 0.081944
1 0.124609 0.656250 0.013281 0.073611
1 0.167578 0.652778 0.010156 0.072222
1 0.178906 0.652778 0.010937 0.075000
1 0.190234 0.652083 0.010156 0.073611
1 0.202344 0.650694 0.010937 0.079167
0 0.214062 0.640278 0.009375 0.036111
1 0.235938 0.652083 0.012500 0.076389
1 0.246484 0.650694 0.010156 0.073611
1 0.258594 0.650000 0.010937 0.077778
1 0.270703 0.650694 0.010156 0.076389
1 0.281641 0.652083 0.010156 0.073611
1 0.294531 0.650000 0.014062 0.077778
0 0.305078 0.628472 0.008594 0.031944
0 0.316406 0.643056 0.007813 0.036111
1 0.337109 0.650694 0.013281 0.076389
1 0.360547 0.652083 0.011719 0.076389
1 0.372656 0.651389 0.010937 0.077778
0 0.384375 0.632639 0.009375 0.031944
1 0.395703 0.650694 0.011719 0.079167
0 0.429297 0.644444 0.007031 0.030556
1 0.440234 0.650694 0.011719 0.079167
1 0.464063 0.649306 0.010937 0.076389
0 0.475000 0.632639 0.009375 0.037500
1 0.487891 0.649306 0.011719 0.079167
0 0.508594 0.645833 0.009375 0.038889
0 0.506250 0.488194 0.009375 0.034722
0 0.528906 0.478472 0.009375 0.031944
0 0.539844 0.473611 0.009375 0.033333
0 0.539453 0.509722 0.008594 0.033333
0 0.525781 0.581944 0.018750 0.022222
1 0.576563 0.481250 0.010937 0.076389
1 0.610547 0.477778 0.011719 0.077778
0 0.621484 0.488194 0.007031 0.031944
1 0.633203 0.477778 0.011719 0.077778
0 0.655469 0.455556 0.009375 0.036111
0 0.655859 0.493056 0.008594 0.036111
0 0.666016 0.488194 0.008594 0.034722
1 0.680078 0.473611 0.013281 0.077778
0 0.701563 0.338889 0.020312 0.016667
0 0.725391 0.347222 0.017969 0.016667
1 0.801562 0.330556 0.045313 0.022222
0 0.742969 0.493750 0.017188 0.020833
0 0.762109 0.493056 0.017969 0.016667
0 0.752734 0.517361 0.017969 0.018056
0 0.778906 0.513194 0.021875 0.018056
0 0.842969 0.616667 0.012500 0.033333
0 0.833594 0.615972 0.009375 0.034722
0 0.823438 0.616667 0.007813 0.036111
0 0.811719 0.613194 0.009375 0.031944
0 0.799219 0.615972 0.009375 0.037500
0 0.787500 0.636111 0.009375 0.030556
1 0.753125 0.632639 0.010937 0.073611
1 0.741797 0.637500 0.013281 0.075000
1 0.729297 0.636806 0.011719 0.079167
1 0.718359 0.637500 0.011719 0.077778
1 0.706641 0.637500 0.010156 0.080556
1 0.694531 0.638889 0.012500 0.077778
1 0.682031 0.637500 0.010937 0.075000
0 0.649609 0.637500 0.008594 0.038889
0 0.659375 0.641667 0.009375 0.036111
0 0.637500 0.628472 0.009375 0.034722
0 0.625781 0.636111 0.007813 0.036111
0 0.614844 0.628472 0.009375 0.031944
0 0.940234 0.015278 0.019531 0.022222
0 0.871484 0.020833 0.017969 0.019444
0 0.896875 0.027778 0.017188 0.019444
0 0.925000 0.034722 0.021875 0.016667
0 0.855078 0.040972 0.022656 0.018056
0 0.825391 0.038889 0.016406 0.019444
0 0.801953 0.031250 0.019531 0.018056
0 0.789453 0.009722 0.017969 0.016667
0 0.764453 0.010417 0.019531 0.015278
0 0.764844 0.030556 0.018750 0.016667
0 0.741797 0.025694 0.017969 0.020833
0 0.712891 0.023611 0.016406 0.019444
0 0.846094 0.017361 0.020312 0.018056
0 0.933984 0.054167 0.017969 0.019444
0 0.946484 0.145833 0.022656 0.022222
