1 0.066406 0.105556 0.017188 0.083333
1 0.090625 0.108333 0.015625 0.080556
1 0.111328 0.102778 0.014844 0.083333
0 0.045313 0.236806 0.009375 0.031944
0 0.055078 0.236111 0.008594 0.038889
0 0.064844 0.234722 0.010937 0.036111
0 0.075781 0.237500 0.009375 0.030556
0 0.085938 0.233333 0.009375 0.036111
0 0.095703 0.234722 0.008594 0.025000
0 0.105469 0.233333 0.007813 0.036111
0 0.114063 0.235417 0.009375 0.031944
0 0.125000 0.234722 0.007813 0.030556
1 0.163672 0.232639 0.013281 0.081944
0 0.019531 0.372917 0.010937 0.034722
1 0.048828 0.372222 0.010156 0.077778
1 0.062891 0.372917 0.016406 0.081944
1 0.083594 0.372917 0.010937 0.079167
1 0.098828 0.373611 0.016406 0.083333
1 0.119141 0.370833 0.011719 0.075000
1 0.131641 0.370139 0.013281 0.076389
0 0.146484 0.352778 0.007031 0.027778
0 0.155469 0.348611 0.007813 0.030556
0 0.173438 0.354167 0.018750 0.016667
0 0.221484 0.353472 0.019531 0.018056
0 0.258984 0.354167 0.021094 0.016667
0 0.283594 0.356250 0.020312 0.018056
0 0.305078 0.354167 0.021094 0.019444
0 0.331641 0.355556 0.017969 0.016667
0 0.357422 0.352083 0.019531 0.012500
0 0.380859 0.352778 0.017969 0.013889
0 0.400000 0.354167 0.018750 0.013889
0 0.423828 0.352778 0.016406 0.016667
0 0.467969 0.405556 0.010937 0.036111
0 0.475781 0.460417 0.012500 0.026389
0 0.507031 0.490278 0.009375 0.038889
0 0.480859 0.571528 0.021094 0.018056
0 0.529297 0.478472 0.008594 0.031944
0 0.539844 0.472222 0.009375 0.036111
0 0.540234 0.512500 0.010156 0.033333
1 0.576563 0.480556 0.010937 0.072222
1 0.610156 0.479861 0.012500 0.079167
0 0.621484 0.491667 0.007031 0.036111
1 0.632031 0.476389 0.012500 0.077778
0 0.656641 0.456944 0.010156 0.036111
0 0.656250 0.490278 0.007813 0.033333
0 0.666016 0.488194 0.008594 0.034722
1 0.680078 0.474306 0.013281 0.079167
1 0.230859 0.452083 0.010156 0.073611
1 0.241797 0.443056 0.010156 0.080556
1 0.253906 0.443750 0.010937 0.076389
1 0.265234 0.439583 0.011719 0.073611
0 0.277344 0.453472 0.007813 0.034722
1 0.287109 0.438194 0.010156 0.076389
1 0.299219 0.439583 0.010937 0.079167
1 0.311328 0.438194 0.013281 0.079167
0 0.323047 0.431944 0.008594 0.038889
1 0.332031 0.422222 0.010937 0.075000
1 0.344531 0.418750 0.010937 0.081944
1 0.356250 0.417361 0.012500 0.076389
0 0.368359 0.438889 0.008594 0.033333
1 0.388672 0.416667 0.011719 0.077778
1 0.400000 0.418750 0.009375 0.081944
1 0.412500 0.415278 0.012500 0.080556
1 0.425391 0.413889 0.011719 0.080556
0 0.253125 0.497222 0.018750 0.022222
0 0.214453 0.488889 0.014844 0.030556
1 0.032031 0.650000 0.010937 0.077778
1 0.047266 0.653472 0.016406 0.079167
1 0.066406 0.652083 0.014062 0.073611
1 0.080469 0.653472 0.014062 0.073611
1 0.102734 0.653472 0.014844 0.084722
1 0.125391 0.651389 0.014844 0.075000
1 0.166406 0.652778 0.010937 0.080556
1 0.179297 0.651389 0.011719 0.075000
1 0.190234 0.650694 0.010156 0.076389
1 0.202734 0.650694 0.011719 0.079167
0 0.214844 0.637500 0.009375 0.036111
1 0.235547 0.650694 0.011719 0.079167
1 0.246875 0.652778 0.009375 0.075000
1 0.258203 0.650000 0.010156 0.077778
1 0.269922 0.650694 0.011719 0.073611
1 0.281641 0.650694 0.011719 0.073611
1 0.294531 0.648611 0.014062 0.077778
0 0.305469 0.629861 0.007813 0.029167
0 0.317187 0.642361 0.007813 0.034722
1 0.337891 0.651389 0.011719 0.080556
1 0.359766 0.651389 0.010156 0.075000
1 0.373047 0.650694 0.011719 0.076389
0 0.384375 0.634722 0.009375 0.030556
1 0.395312 0.651389 0.012500 0.080556
0 0.430469 0.645833 0.007813 0.033333
1 0.441797 0.649306 0.011719 0.079167
1 0.463672 0.647222 0.011719 0.075000
0 0.475781 0.631250 0.007813 0.034722
1 0.488281 0.648611 0.010937 0.080556
0 0.508594 0.646528 0.009375 0.040278
0 0.616406 0.627083 0.009375 0.034722
0 0.626562 0.637500 0.010937 0.038889
0 0.637109 0.627778 0.008594 0.038889
0 0.649219 0.633333 0.009375 0.036111
0 0.658594 0.640972 0.009375 0.037500
1 0.683594 0.635417 0.014062 0.084722
1 0.696094 0.642361 0.012500 0.084722
1 0.708203 0.639583 0.011719 0.079167
1 0.718359 0.636111 0.010156 0.072222
1 0.730078 0.638889 0.011719 0.077778
1 0.742578 0.634722 0.010156 0.077778
1 0.753125 0.632639 0.010937 0.073611
0 0.787500 0.634722 0.010937 0.033333
0 0.799219 0.613194 0.009375 0.034722
0 0.811719 0.614583 0.009375 0.037500
0 0.823828 0.615278 0.008594 0.036111
0 0.832422 0.611806 0.007031 0.037500
0 0.843750 0.615972 0.010937 0.043056
0 0.779688 0.511111 0.020312 0.013889
0 0.753125 0.515278 0.020312 0.019444
0 0.742188 0.493056 0.017188 0.019444
0 0.762109 0.491667 0.017969 0.016667
0 0.435937 0.326389 0.015625 0.016667
0 0.713672 0.019444 0.017969 0.016667
0 0.741406 0.024306 0.018750 0.018056
0 0.765234 0.028472 0.017969 0.018056
0 0.789453 0.009028 0.019531 0.018056
0 0.802344 0.031250 0.018750 0.020833
0 0.819922 0.013194 0.019531 0.020833
0 0.826953 0.035417 0.014844 0.018056
0 0.847266 0.018750 0.017969 0.018056
0 0.855469 0.040278 0.018750 0.019444
0 0.871875 0.018750 0.017188 0.015278
0 0.940625 0.013889 0.020312 0.019444
0 0.925000 0.030556 0.020312 0.016667
1 0.902344 0.043056 0.043750 0.022222
0 0.701563 0.338889 0.020312 0.016667
0 0.725781 0.344444 0.018750 0.016667
0 0.946484 0.144444 0.022656 0.022222
1 0.801172 0.331250 0.044531 0.023611
