1 0.065234 0.104861 0.017969 0.081944
1 0.090234 0.104861 0.014844 0.081944
1 0.111328 0.102778 0.016406 0.083333
1 0.163672 0.228472 0.011719 0.084722
0 0.126172 0.234722 0.010156 0.036111
0 0.114844 0.236111 0.010937 0.033333
0 0.105078 0.234722 0.010156 0.036111
0 0.095312 0.231944 0.007813 0.025000
0 0.085156 0.232639 0.010937 0.037500
0 0.076172 0.236111 0.008594 0.033333
0 0.064844 0.235417 0.009375 0.034722
0 0.054297 0.235417 0.010156 0.034722
0 0.044922 0.235417 0.008594 0.031944
0 0.018359 0.370833 0.011719 0.038889
1 0.048047 0.373611 0.010156 0.080556
1 0.062891 0.372917 0.014844 0.076389
1 0.082813 0.372222 0.010937 0.077778
1 0.097266 0.370139 0.014844 0.079167
1 0.117969 0.370833 0.010937 0.075000
1 0.132031 0.370833 0.014062 0.080556
0 0.145703 0.350694 0.008594 0.026389
0 0.155469 0.347917 0.009375 0.031944
0 0.172656 0.354167 0.018750 0.016667
0 0.220703 0.353472 0.019531 0.018056
0 0.259375 0.352778 0.021875 0.016667
0 0.282813 0.353472 0.020312 0.015278
0 0.305078 0.352083 0.021094 0.015278
0 0.331641 0.353472 0.017969 0.015278
0 0.355859 0.353472 0.017969 0.018056
0 0.380078 0.351389 0.017969 0.016667
0 0.400391 0.352778 0.017969 0.016667
0 0.422656 0.350000 0.014062 0.016667
0 0.467969 0.406944 0.010937 0.036111
0 0.484375 0.427778 0.009375 0.025000
0 0.506641 0.490972 0.008594 0.037500
0 0.529297 0.478472 0.007031 0.031944
0 0.539844 0.471528 0.009375 0.034722
0 0.539453 0.507639 0.010156 0.031944
1 0.576172 0.477778 0.011719 0.075000
1 0.610156 0.476389 0.012500 0.077778
0 0.622266 0.489583 0.007031 0.031944
1 0.633594 0.477083 0.012500 0.079167
0 0.655469 0.456250 0.009375 0.034722
0 0.655859 0.488194 0.008594 0.031944
0 0.666797 0.487500 0.010156 0.036111
1 0.680078 0.470833 0.013281 0.080556
0 0.743359 0.492361 0.017969 0.018056
0 0.762891 0.490972 0.019531 0.018056
0 0.753125 0.515972 0.018750 0.020833
0 0.780469 0.509722 0.020312 0.016667
0 0.842969 0.612500 0.009375 0.033333
0 0.832422 0.613194 0.008594 0.031944
0 0.823438 0.615278 0.009375 0.038889
0 0.812500 0.611111 0.010937 0.036111
0 0.799609 0.613194 0.010156 0.034722
0 0.787500 0.636111 0.007813 0.030556
1 0.753125 0.629167 0.010937 0.072222
1 0.742188 0.632639 0.010937 0.076389
1 0.730469 0.633333 0.010937 0.075000
1 0.718750 0.638889 0.010937 0.077778
1 0.707422 0.637500 0.011719 0.077778
1 0.695313 0.635417 0.010937 0.076389
1 0.683594 0.633333 0.010937 0.072222
0 0.658984 0.640278 0.010156 0.036111
0 0.649609 0.632639 0.008594 0.034722
0 0.637109 0.627083 0.008594 0.037500
0 0.626562 0.634028 0.007813 0.029167
0 0.615234 0.624306 0.010156 0.034722
0 0.508594 0.645139 0.009375 0.034722
1 0.488281 0.650000 0.010937 0.080556
0 0.456250 0.575694 0.021875 0.018056
0 0.476172 0.629167 0.008594 0.030556
1 0.464453 0.649306 0.013281 0.076389
1 0.441406 0.648611 0.012500 0.080556
0 0.429688 0.645833 0.009375 0.033333
1 0.396484 0.648611 0.013281 0.077778
0 0.384766 0.633333 0.007031 0.033333
1 0.373437 0.651389 0.010937 0.075000
1 0.360156 0.650694 0.014062 0.076389
1 0.337109 0.653472 0.013281 0.079167
0 0.317187 0.641667 0.009375 0.036111
0 0.305859 0.626389 0.008594 0.036111
1 0.292969 0.648611 0.014062 0.080556
1 0.281250 0.649306 0.009375 0.079167
1 0.270312 0.649306 0.012500 0.076389
1 0.258984 0.650000 0.011719 0.077778
1 0.248828 0.652083 0.011719 0.076389
1 0.235547 0.651389 0.013281 0.075000
0 0.214453 0.636806 0.010156 0.037500
1 0.203125 0.650694 0.012500 0.076389
1 0.190234 0.654167 0.011719 0.077778
1 0.178906 0.650694 0.010937 0.076389
1 0.167187 0.651389 0.012500 0.077778
1 0.125000 0.653472 0.015625 0.076389
1 0.102344 0.653472 0.014062 0.076389
1 0.079687 0.655556 0.015625 0.075000
1 0.066406 0.654167 0.010937 0.080556
1 0.047266 0.652083 0.016406 0.076389
1 0.033203 0.644444 0.011719 0.075000
0 0.214062 0.490972 0.015625 0.034722
1 0.230469 0.451389 0.010937 0.075000
1 0.241406 0.444444 0.010937 0.077778
1 0.254297 0.445139 0.010156 0.081944
1 0.266016 0.440972 0.011719 0.081944
0 0.277734 0.454167 0.008594 0.033333
1 0.287109 0.439583 0.011719 0.079167
1 0.298828 0.438889 0.010156 0.075000
0 0.322656 0.427778 0.007813 0.036111
1 0.310937 0.438194 0.012500 0.076389
1 0.332422 0.420833 0.010156 0.077778
1 0.343750 0.415972 0.010937 0.076389
1 0.355469 0.415278 0.012500 0.077778
0 0.367969 0.434722 0.009375 0.036111
1 0.389062 0.415278 0.010937 0.075000
1 0.400781 0.415972 0.010937 0.076389
1 0.411719 0.415278 0.010937 0.077778
1 0.423828 0.411806 0.010156 0.081944
0 0.713672 0.018056 0.017969 0.016667
0 0.742188 0.022222 0.017188 0.022222
0 0.764453 0.027778 0.017969 0.019444
0 0.801953 0.031250 0.017969 0.020833
0 0.818359 0.012500 0.021094 0.022222
0 0.826563 0.034028 0.017188 0.018056
0 0.845703 0.014583 0.019531 0.020833
0 0.853516 0.037500 0.019531 0.019444
0 0.871094 0.018750 0.018750 0.020833
0 0.897656 0.022222 0.020312 0.019444
0 0.929297 0.029861 0.022656 0.018056
0 0.943359 0.012500 0.017969 0.022222
1 0.903125 0.043056 0.042188 0.019444
0 0.700391 0.338194 0.019531 0.015278
0 0.417188 0.326389 0.014062 0.013889
0 0.946094 0.143750 0.021875 0.023611
1 0.801172 0.327778 0.046094 0.022222
