1 0.071484 0.084028 0.016406 0.084722
1 0.094922 0.088194 0.016406 0.081944
1 0.117188 0.086806 0.014062 0.084722
1 0.167578 0.215972 0.013281 0.079167
0 0.128906 0.215972 0.007813 0.031944
0 0.118750 0.216667 0.009375 0.030556
0 0.109375 0.219444 0.009375 0.038889
0 0.100000 0.217361 0.009375 0.031944
0 0.090625 0.218750 0.009375 0.037500
0 0.079687 0.217361 0.009375 0.031944
0 0.068359 0.218056 0.010156 0.036111
0 0.058203 0.215972 0.008594 0.031944
0 0.049219 0.214583 0.010937 0.034722
0 0.019922 0.353472 0.011719 0.040278
1 0.050781 0.352778 0.010937 0.080556
1 0.065234 0.352778 0.014844 0.080556
1 0.085547 0.354167 0.010156 0.077778
1 0.099219 0.354167 0.015625 0.080556
1 0.120703 0.355556 0.010156 0.077778
1 0.133203 0.354167 0.011719 0.080556
0 0.148828 0.340278 0.007031 0.030556
0 0.157813 0.333333 0.009375 0.030556
0 0.174219 0.340278 0.020312 0.016667
0 0.223828 0.340278 0.019531 0.016667
0 0.260938 0.342361 0.020312 0.018056
0 0.286328 0.343056 0.021094 0.016667
0 0.306641 0.344444 0.021094 0.013889
0 0.333203 0.345139 0.017969 0.018056
0 0.358594 0.345833 0.020312 0.016667
0 0.382031 0.346528 0.018750 0.018056
0 0.377344 0.320139 0.014062 0.015278
0 0.402734 0.347917 0.017969 0.015278
0 0.426562 0.347222 0.015625 0.019444
0 0.483203 0.366667 0.008594 0.027778
0 0.507422 0.489583 0.010156 0.031944
0 0.529688 0.478472 0.007813 0.034722
0 0.540625 0.472222 0.007813 0.033333
0 0.539453 0.510417 0.008594 0.034722
1 0.030469 0.625694 0.010937 0.073611
1 0.045313 0.634722 0.015625 0.072222
1 0.064844 0.636111 0.010937 0.075000
1 0.078125 0.636111 0.015625 0.072222
1 0.100000 0.635417 0.015625 0.073611
1 0.122266 0.636111 0.013281 0.075000
1 0.164844 0.635417 0.010937 0.076389
1 0.177344 0.636111 0.010937 0.077778
1 0.188281 0.638889 0.010937 0.080556
1 0.200781 0.638889 0.010937 0.077778
0 0.213672 0.626389 0.010156 0.036111
1 0.233984 0.637500 0.008594 0.075000
1 0.244922 0.639583 0.010156 0.076389
1 0.256641 0.643056 0.010156 0.080556
1 0.267188 0.640278 0.009375 0.072222
1 0.279687 0.640278 0.009375 0.075000
1 0.292188 0.641667 0.012500 0.083333
0 0.302734 0.615278 0.008594 0.030556
0 0.315625 0.635417 0.009375 0.034722
1 0.335156 0.644444 0.010937 0.075000
1 0.359375 0.641667 0.010937 0.080556
1 0.369922 0.642361 0.011719 0.079167
0 0.382422 0.627083 0.008594 0.034722
0 0.398047 0.575000 0.019531 0.022222
1 0.393359 0.643750 0.011719 0.081944
0 0.426953 0.643056 0.008594 0.033333
1 0.439453 0.645139 0.010156 0.073611
1 0.461719 0.646528 0.010937 0.079167
0 0.473828 0.629861 0.008594 0.034722
1 0.485938 0.645833 0.009375 0.077778
0 0.507031 0.647222 0.009375 0.038889
0 0.614062 0.631944 0.009375 0.033333
0 0.624219 0.642361 0.009375 0.034722
0 0.635156 0.631250 0.009375 0.034722
0 0.648047 0.641667 0.010156 0.036111
0 0.659375 0.650000 0.010937 0.036111
1 0.681250 0.643750 0.010937 0.073611
1 0.693359 0.645833 0.010156 0.077778
1 0.704687 0.643056 0.010937 0.077778
1 0.715625 0.643750 0.010937 0.076389
1 0.727344 0.643750 0.009375 0.076389
1 0.740234 0.645833 0.011719 0.077778
1 0.750781 0.640972 0.012500 0.073611
0 0.785547 0.649306 0.010156 0.031944
0 0.796875 0.626389 0.009375 0.036111
0 0.810938 0.627083 0.010937 0.040278
0 0.821875 0.627778 0.009375 0.038889
0 0.831641 0.628472 0.008594 0.034722
0 0.842578 0.630556 0.011719 0.036111
0 0.742969 0.504861 0.017188 0.020833
0 0.762500 0.502778 0.018750 0.019444
0 0.752344 0.527083 0.018750 0.020833
0 0.780078 0.518750 0.019531 0.020833
1 0.680469 0.478472 0.012500 0.076389
0 0.704687 0.345833 0.017188 0.019444
0 0.728125 0.357639 0.020312 0.020833
0 0.656250 0.461111 0.010937 0.033333
0 0.656250 0.496528 0.007813 0.029167
0 0.666406 0.494444 0.009375 0.030556
1 0.632813 0.480556 0.012500 0.080556
0 0.622266 0.494444 0.008594 0.033333
1 0.610547 0.483333 0.011719 0.077778
1 0.576563 0.481250 0.012500 0.081944
0 0.468750 0.403472 0.009375 0.034722
1 0.425391 0.413194 0.011719 0.084722
1 0.413281 0.413889 0.010937 0.080556
1 0.402344 0.409722 0.009375 0.077778
1 0.391016 0.412500 0.010156 0.080556
0 0.369141 0.429861 0.008594 0.037500
1 0.357812 0.409722 0.012500 0.080556
1 0.344922 0.411806 0.011719 0.079167
1 0.333594 0.410417 0.010937 0.079167
0 0.323047 0.419444 0.008594 0.033333
1 0.312109 0.429861 0.011719 0.076389
1 0.300000 0.428472 0.009375 0.076389
1 0.288281 0.430556 0.010937 0.077778
0 0.278125 0.443056 0.009375 0.033333
1 0.266016 0.430556 0.011719 0.083333
1 0.254687 0.432639 0.009375 0.073611
1 0.242969 0.434028 0.010937 0.079167
1 0.231641 0.439583 0.011719 0.073611
0 0.244922 0.492361 0.016406 0.020833
0 0.214453 0.477083 0.014844 0.034722
0 0.719141 0.030556 0.017969 0.022222
0 0.744531 0.012500 0.018750 0.022222
0 0.747656 0.032639 0.018750 0.020833
0 0.769141 0.017361 0.016406 0.020833
0 0.769922 0.036111 0.017969 0.019444
0 0.795703 0.019444 0.021094 0.016667
0 0.806641 0.043750 0.017969 0.020833
0 0.825391 0.025694 0.019531 0.020833
0 0.834375 0.007639 0.020312 0.015278
0 0.851563 0.031250 0.020312 0.018056
0 0.878906 0.036806 0.018750 0.018056
0 0.886719 0.014583 0.018750 0.015278
0 0.914063 0.022917 0.018750 0.018056
0 0.908594 0.041667 0.021875 0.019444
0 0.964844 0.057639 0.018750 0.020833
0 0.976172 0.040972 0.019531 0.020833
1 0.921875 0.064583 0.043750 0.026389
1 0.801953 0.340278 0.046094 0.019444
