1 0.078516 0.056250 0.016406 0.081944
1 0.102344 0.063194 0.015625 0.079167
1 0.125781 0.063194 0.014062 0.081944
1 0.173828 0.192361 0.011719 0.079167
0 0.135547 0.192361 0.010156 0.031944
0 0.122656 0.193750 0.007813 0.029167
0 0.113672 0.193056 0.008594 0.030556
0 0.103906 0.189583 0.007813 0.026389
0 0.094531 0.191667 0.010937 0.033333
0 0.084766 0.190972 0.010156 0.031944
0 0.073437 0.190972 0.009375 0.034722
0 0.063672 0.187500 0.008594 0.030556
0 0.054297 0.185417 0.007031 0.031944
0 0.023047 0.319444 0.011719 0.033333
1 0.052734 0.323611 0.013281 0.080556
1 0.087500 0.327083 0.012500 0.081944
1 0.123828 0.330556 0.011719 0.080556
1 0.136328 0.331250 0.014844 0.084722
0 0.150391 0.314583 0.010156 0.023611
0 0.159766 0.313194 0.010156 0.031944
0 0.178516 0.319444 0.019531 0.016667
0 0.225391 0.323611 0.019531 0.022222
0 0.264844 0.327778 0.020312 0.016667
0 0.288281 0.330556 0.020312 0.019444
0 0.310156 0.331944 0.020312 0.016667
0 0.335547 0.333333 0.017969 0.016667
0 0.335156 0.305556 0.015625 0.013889
0 0.360938 0.334722 0.020312 0.016667
0 0.383984 0.336806 0.017969 0.020833
0 0.405469 0.339583 0.020312 0.015278
0 0.428906 0.343056 0.014062 0.019444
0 0.460938 0.329167 0.012500 0.025000
0 0.506641 0.489583 0.010156 0.037500
1 0.028125 0.599306 0.009375 0.076389
1 0.042188 0.604861 0.017188 0.079167
1 0.061719 0.607639 0.010937 0.076389
1 0.075781 0.610417 0.014062 0.073611
1 0.098047 0.613194 0.014844 0.079167
1 0.119922 0.613889 0.014844 0.072222
1 0.162891 0.614583 0.010156 0.073611
1 0.174219 0.613889 0.010937 0.077778
1 0.185156 0.615972 0.010937 0.076389
1 0.198437 0.620833 0.012500 0.083333
0 0.210547 0.604167 0.010156 0.038889
0 0.214062 0.460417 0.015625 0.037500
1 0.230469 0.422222 0.010937 0.080556
1 0.242578 0.415972 0.010156 0.076389
1 0.255078 0.418056 0.008594 0.080556
1 0.267578 0.417361 0.011719 0.079167
0 0.279297 0.432639 0.007031 0.034722
1 0.288672 0.414583 0.010156 0.073611
1 0.300391 0.415972 0.008594 0.076389
1 0.312500 0.417361 0.010937 0.081944
0 0.324219 0.409028 0.007813 0.031944
1 0.334375 0.401389 0.010937 0.072222
1 0.346094 0.400000 0.010937 0.075000
1 0.358594 0.400000 0.012500 0.075000
0 0.369531 0.421528 0.007813 0.043056
1 0.391797 0.401389 0.010156 0.075000
1 0.402734 0.405556 0.008594 0.080556
1 0.414063 0.404861 0.009375 0.076389
1 0.426953 0.406944 0.011719 0.077778
0 0.343750 0.564583 0.021875 0.020833
1 0.230469 0.619444 0.010937 0.080556
1 0.242578 0.625000 0.010156 0.080556
1 0.253125 0.625000 0.009375 0.080556
1 0.264844 0.625000 0.009375 0.077778
1 0.275781 0.625000 0.010937 0.075000
1 0.290234 0.625000 0.013281 0.080556
0 0.300781 0.605556 0.006250 0.033333
0 0.311719 0.622222 0.007813 0.030556
1 0.332031 0.635417 0.014062 0.079167
1 0.355859 0.634028 0.011719 0.079167
1 0.367578 0.636111 0.010156 0.075000
0 0.379297 0.620833 0.008594 0.033333
1 0.390625 0.638194 0.010937 0.084722
0 0.425000 0.638889 0.009375 0.033333
1 0.435547 0.639583 0.010156 0.079167
1 0.458594 0.640972 0.010937 0.079167
0 0.471484 0.627083 0.008594 0.034722
1 0.483594 0.645833 0.010937 0.075000
0 0.503516 0.644444 0.010156 0.033333
0 0.610547 0.636806 0.010156 0.034722
0 0.621484 0.645139 0.008594 0.031944
0 0.632422 0.636806 0.008594 0.037500
0 0.644531 0.647222 0.009375 0.036111
0 0.654688 0.656944 0.010937 0.038889
1 0.575000 0.482639 0.012500 0.076389
0 0.529688 0.479861 0.007813 0.031944
0 0.540625 0.477778 0.009375 0.036111
0 0.539844 0.511806 0.009375 0.031944
1 0.608984 0.489583 0.011719 0.081944
0 0.620703 0.497222 0.008594 0.030556
1 0.633203 0.486806 0.011719 0.079167
0 0.656250 0.469444 0.010937 0.038889
0 0.656250 0.503472 0.009375 0.031944
0 0.666797 0.501389 0.010156 0.041667
1 0.679688 0.489583 0.014062 0.081944
0 0.706641 0.354861 0.021094 0.020833
0 0.741797 0.514583 0.017969 0.012500
0 0.761719 0.513889 0.018750 0.019444
0 0.752344 0.539583 0.021875 0.018056
0 0.779297 0.536111 0.024219 0.016667
0 0.957422 0.188194 0.022656 0.023611
0 0.613281 0.013194 0.020312 0.020833
0 0.698047 0.013889 0.017969 0.016667
0 0.720703 0.016667 0.016406 0.019444
0 0.728125 0.038889 0.017188 0.016667
0 0.754297 0.025000 0.019531 0.022222
0 0.756250 0.046528 0.020312 0.023611
0 0.778516 0.031250 0.017969 0.015278
0 0.780859 0.052083 0.017969 0.018056
0 0.804297 0.036111 0.019531 0.019444
0 0.815234 0.059722 0.019531 0.016667
0 0.846875 0.027083 0.020312 0.018056
0 0.837109 0.046528 0.021094 0.018056
0 0.843750 0.065278 0.017188 0.019444
0 0.874609 0.028472 0.016406 0.018056
0 0.868359 0.052083 0.019531 0.015278
0 0.880859 0.076389 0.021094 0.019444
0 0.906250 0.042361 0.020312 0.020833
0 0.903516 0.062500 0.017969 0.019444
0 0.936719 0.050000 0.018750 0.022222
0 0.952734 0.076389 0.019531 0.019444
1 0.965234 0.102083 0.046094 0.031944
0 0.469922 0.403472 0.008594 0.034722
0 0.729688 0.367361 0.017188 0.015278
1 0.677734 0.652778 0.011719 0.072222
1 0.690234 0.656250 0.011719 0.073611
1 0.701953 0.654861 0.008594 0.076389
1 0.712891 0.655556 0.011719 0.075000
1 0.725000 0.657639 0.010937 0.076389
1 0.736328 0.656250 0.011719 0.073611
1 0.748047 0.652778 0.010156 0.069444
0 0.782031 0.662500 0.009375 0.033333
0 0.793750 0.642361 0.009375 0.034722
0 0.807813 0.642361 0.010937 0.040278
0 0.817969 0.645833 0.009375 0.041667
0 0.828125 0.644444 0.009375 0.033333
0 0.837891 0.649306 0.010156 0.034722
1 0.805078 0.359028 0.046094 0.020833
