1 0.074219 0.071528 0.014062 0.081944
1 0.096484 0.077083 0.013281 0.079167
1 0.119531 0.076389 0.014062 0.075000
1 0.169922 0.204861 0.011719 0.079167
0 0.130859 0.206944 0.008594 0.027778
0 0.119531 0.208333 0.007813 0.030556
0 0.110547 0.206944 0.008594 0.030556
0 0.101172 0.205556 0.008594 0.027778
0 0.091016 0.204861 0.010156 0.031944
0 0.080469 0.206250 0.007813 0.029167
0 0.069531 0.206944 0.010937 0.033333
0 0.059766 0.205556 0.008594 0.030556
0 0.049609 0.200694 0.010156 0.029167
0 0.019531 0.339583 0.010937 0.034722
1 0.050391 0.341667 0.011719 0.077778
1 0.065625 0.343056 0.015625 0.083333
1 0.085547 0.343056 0.010156 0.080556
1 0.100391 0.342361 0.014844 0.076389
1 0.119922 0.343056 0.010156 0.077778
1 0.133203 0.346528 0.010156 0.079167
0 0.147656 0.329167 0.007813 0.025000
0 0.156641 0.324306 0.008594 0.034722
0 0.175391 0.333333 0.017969 0.016667
0 0.223438 0.332639 0.018750 0.018056
0 0.260547 0.336111 0.021094 0.019444
0 0.285937 0.339583 0.018750 0.018056
0 0.308203 0.339583 0.019531 0.015278
0 0.333594 0.340972 0.020312 0.015278
0 0.358984 0.341667 0.019531 0.016667
0 0.382422 0.343750 0.016406 0.020833
0 0.402734 0.344444 0.016406 0.016667
0 0.425391 0.345139 0.014844 0.020833
0 0.439844 0.322917 0.014062 0.015278
0 0.469141 0.403472 0.010156 0.037500
0 0.506641 0.488889 0.010156 0.036111
0 0.528906 0.479861 0.009375 0.031944
0 0.539844 0.472917 0.009375 0.034722
0 0.540234 0.509722 0.010156 0.033333
1 0.028516 0.618056 0.011719 0.080556
1 0.043359 0.622222 0.014844 0.075000
1 0.061719 0.620833 0.010937 0.077778
1 0.076172 0.625000 0.016406 0.075000
1 0.098828 0.625694 0.014844 0.081944
1 0.121484 0.627083 0.016406 0.076389
1 0.162500 0.626389 0.012500 0.080556
1 0.175000 0.629167 0.009375 0.077778
1 0.185937 0.629167 0.010937 0.077778
1 0.198828 0.631944 0.011719 0.075000
0 0.210547 0.618056 0.011719 0.038889
0 0.214453 0.471528 0.013281 0.029167
0 0.242578 0.484028 0.017969 0.020833
0 0.320703 0.570139 0.021094 0.023611
1 0.230469 0.434028 0.010937 0.079167
1 0.242188 0.424306 0.009375 0.070833
1 0.254297 0.423611 0.008594 0.072222
1 0.266406 0.423611 0.010937 0.075000
0 0.277734 0.436111 0.007031 0.030556
1 0.287109 0.423611 0.010156 0.075000
1 0.299219 0.424306 0.010937 0.076389
1 0.310937 0.422222 0.010937 0.075000
0 0.323438 0.415278 0.006250 0.033333
1 0.332422 0.406944 0.011719 0.075000
1 0.345313 0.406250 0.009375 0.073611
1 0.357031 0.405556 0.010937 0.077778
0 0.369141 0.426389 0.010156 0.036111
1 0.390625 0.406250 0.009375 0.076389
1 0.401563 0.405556 0.010937 0.077778
1 0.413281 0.408333 0.010937 0.077778
1 0.425391 0.409028 0.011719 0.076389
1 0.575000 0.481250 0.010937 0.084722
1 0.610156 0.486111 0.010937 0.077778
0 0.620313 0.495833 0.007813 0.036111
1 0.633203 0.484722 0.011719 0.080556
0 0.655469 0.462500 0.009375 0.036111
0 0.654688 0.497917 0.009375 0.031944
0 0.666797 0.497917 0.008594 0.040278
1 0.679688 0.481944 0.014062 0.077778
0 0.742188 0.509722 0.017188 0.016667
0 0.762500 0.509028 0.018750 0.018056
0 0.750781 0.530556 0.018750 0.016667
0 0.778516 0.526389 0.019531 0.013889
0 0.839844 0.636111 0.009375 0.030556
0 0.829297 0.635417 0.008594 0.026389
0 0.819922 0.636806 0.010156 0.037500
0 0.808594 0.633333 0.009375 0.036111
0 0.795313 0.632639 0.009375 0.034722
0 0.783984 0.654861 0.007031 0.031944
1 0.748438 0.645139 0.010937 0.076389
1 0.738281 0.651389 0.009375 0.075000
1 0.726563 0.651389 0.010937 0.075000
1 0.714844 0.650000 0.010937 0.077778
1 0.703516 0.650000 0.010156 0.077778
1 0.691406 0.652083 0.010937 0.079167
1 0.678906 0.645833 0.012500 0.072222
0 0.654688 0.649306 0.009375 0.031944
0 0.645312 0.641667 0.009375 0.036111
0 0.633594 0.636806 0.009375 0.034722
0 0.623047 0.643056 0.008594 0.033333
0 0.612109 0.631944 0.008594 0.033333
0 0.506250 0.646528 0.010937 0.034722
1 0.483984 0.647222 0.011719 0.075000
0 0.472656 0.627778 0.009375 0.033333
1 0.459375 0.643750 0.012500 0.079167
1 0.437891 0.644444 0.011719 0.083333
0 0.426562 0.639583 0.009375 0.029167
1 0.391797 0.641667 0.011719 0.075000
0 0.380859 0.627083 0.007031 0.031944
1 0.368359 0.643750 0.010156 0.079167
1 0.357422 0.638889 0.010156 0.080556
1 0.332812 0.643056 0.012500 0.083333
0 0.312891 0.629861 0.008594 0.034722
0 0.301562 0.612500 0.009375 0.033333
1 0.290234 0.634028 0.011719 0.076389
1 0.277344 0.634722 0.010937 0.075000
1 0.266797 0.634722 0.010156 0.077778
1 0.254687 0.634722 0.012500 0.077778
1 0.242969 0.634028 0.009375 0.076389
1 0.232031 0.633333 0.010937 0.080556
0 0.635156 0.015278 0.017188 0.019444
0 0.692969 0.007639 0.015625 0.015278
0 0.716406 0.011806 0.018750 0.020833
0 0.722266 0.034028 0.016406 0.018056
0 0.747656 0.016667 0.018750 0.019444
0 0.750781 0.040278 0.018750 0.019444
0 0.772656 0.021528 0.017188 0.020833
0 0.778906 0.045833 0.015625 0.013889
0 0.800000 0.028472 0.020312 0.018056
0 0.812500 0.050000 0.017188 0.019444
0 0.837500 0.036111 0.020312 0.019444
0 0.847266 0.015972 0.017969 0.018056
0 0.873828 0.017361 0.016406 0.018056
0 0.873047 0.041667 0.019531 0.022222
0 0.846094 0.059722 0.018750 0.016667
0 0.887891 0.065972 0.017969 0.023611
0 0.910156 0.029861 0.018750 0.020833
0 0.916797 0.053472 0.021094 0.020833
0 0.946875 0.043056 0.023438 0.022222
0 0.974609 0.069444 0.019531 0.016667
0 0.952344 0.170833 0.021875 0.016667
0 0.309375 0.310417 0.015625 0.020833
1 0.803516 0.347222 0.046094 0.022222
