1 0.157813 0.086806 0.015625 0.084722
1 0.180859 0.089583 0.014844 0.081944
1 0.202344 0.086806 0.014062 0.081944
1 0.255078 0.216667 0.011719 0.077778
1 0.022656 0.349306 0.010937 0.076389
1 0.034766 0.350000 0.011719 0.077778
1 0.046094 0.354167 0.010937 0.075000
1 0.057813 0.355556 0.010937 0.075000
1 0.071094 0.355556 0.015625 0.077778
0 0.106641 0.352083 0.010156 0.037500
1 0.138281 0.353472 0.010937 0.079167
1 0.152344 0.356944 0.014062 0.080556
1 0.173438 0.352778 0.009375 0.077778
1 0.186328 0.354861 0.014844 0.076389
1 0.209375 0.356250 0.012500 0.076389
1 0.220703 0.356944 0.013281 0.077778
0 0.135547 0.215972 0.008594 0.031944
0 0.144922 0.219444 0.008594 0.036111
0 0.154687 0.217361 0.009375 0.034722
0 0.166016 0.218750 0.008594 0.037500
0 0.176563 0.215278 0.009375 0.033333
0 0.186328 0.218056 0.008594 0.030556
0 0.195703 0.220139 0.008594 0.034722
0 0.205469 0.219444 0.007813 0.033333
0 0.215234 0.218056 0.007031 0.033333
0 0.235938 0.339583 0.006250 0.026389
0 0.244531 0.336806 0.007813 0.034722
0 0.262891 0.343750 0.017969 0.018056
0 0.301953 0.315972 0.017969 0.015278
0 0.400000 0.320833 0.012500 0.013889
0 0.348437 0.344444 0.018750 0.013889
0 0.372656 0.345139 0.018750 0.015278
0 0.393750 0.346528 0.018750 0.015278
0 0.419531 0.347222 0.017188 0.016667
0 0.445313 0.344444 0.018750 0.019444
0 0.467969 0.347222 0.017188 0.016667
0 0.488672 0.347222 0.016406 0.019444
0 0.512500 0.348611 0.014062 0.013889
0 0.299219 0.480556 0.014062 0.030556
1 0.316016 0.442361 0.010156 0.076389
1 0.328906 0.433333 0.009375 0.080556
1 0.340625 0.431944 0.009375 0.080556
1 0.351953 0.432639 0.011719 0.081944
0 0.364062 0.447222 0.009375 0.036111
1 0.373828 0.431250 0.010156 0.076389
1 0.386719 0.432639 0.010937 0.076389
1 0.398438 0.429861 0.012500 0.073611
0 0.408984 0.422222 0.007031 0.030556
1 0.419531 0.415278 0.010937 0.075000
1 0.431250 0.411806 0.009375 0.076389
1 0.443359 0.409722 0.011719 0.077778
0 0.455469 0.429167 0.010937 0.033333
1 0.478125 0.413889 0.009375 0.075000
1 0.488281 0.411806 0.010937 0.079167
1 0.500000 0.411806 0.014062 0.079167
1 0.513672 0.411111 0.011719 0.080556
0 0.326172 0.490972 0.019531 0.018056
0 0.317969 0.581944 0.020312 0.016667
1 0.117188 0.630556 0.009375 0.077778
1 0.130469 0.638889 0.014062 0.075000
1 0.150781 0.639583 0.010937 0.079167
1 0.163281 0.639583 0.014062 0.070833
1 0.185156 0.640972 0.014062 0.076389
1 0.208594 0.638889 0.014062 0.072222
1 0.251953 0.638889 0.010156 0.077778
1 0.263281 0.640278 0.010937 0.075000
1 0.274219 0.640972 0.010937 0.081944
1 0.286719 0.638889 0.010937 0.072222
0 0.298828 0.625694 0.008594 0.037500
1 0.321094 0.640972 0.010937 0.079167
1 0.331250 0.640972 0.009375 0.076389
1 0.342969 0.643750 0.010937 0.073611
1 0.354688 0.640972 0.010937 0.076389
1 0.364453 0.642361 0.008594 0.079167
1 0.378125 0.640972 0.009375 0.079167
0 0.389062 0.622917 0.009375 0.037500
0 0.401172 0.636806 0.010156 0.037500
1 0.422266 0.645139 0.011719 0.076389
1 0.445313 0.643056 0.012500 0.075000
1 0.457422 0.645139 0.010156 0.076389
0 0.469141 0.627083 0.008594 0.034722
1 0.481641 0.645833 0.011719 0.077778
0 0.514844 0.643056 0.009375 0.030556
1 0.526563 0.646528 0.010937 0.079167
1 0.548437 0.644444 0.010937 0.077778
0 0.560938 0.629861 0.009375 0.034722
1 0.573828 0.647222 0.010156 0.077778
0 0.594922 0.647222 0.008594 0.036111
0 0.593750 0.487500 0.007813 0.036111
0 0.627344 0.473611 0.009375 0.033333
0 0.626562 0.510417 0.007813 0.034722
0 0.615234 0.477778 0.008594 0.033333
1 0.662500 0.481250 0.010937 0.073611
1 0.696094 0.482639 0.012500 0.076389
0 0.708594 0.493056 0.006250 0.033333
1 0.719922 0.479167 0.010156 0.072222
0 0.742578 0.461111 0.008594 0.036111
0 0.743359 0.495833 0.007031 0.036111
0 0.753906 0.493750 0.009375 0.034722
1 0.767969 0.477778 0.012500 0.083333
0 0.828906 0.501389 0.015625 0.016667
0 0.849219 0.502778 0.018750 0.016667
0 0.839063 0.525694 0.020312 0.015278
0 0.867188 0.520139 0.020312 0.018056
0 0.790234 0.340972 0.019531 0.015278
0 0.814062 0.351389 0.020312 0.016667
1 0.891406 0.338194 0.046875 0.020833
0 0.699219 0.630556 0.009375 0.033333
0 0.712109 0.638194 0.010156 0.031944
0 0.723437 0.629861 0.010937 0.031944
0 0.734375 0.638194 0.007813 0.031944
0 0.744531 0.646528 0.009375 0.031944
1 0.767969 0.641667 0.012500 0.069444
1 0.781250 0.644444 0.010937 0.075000
1 0.792969 0.643750 0.009375 0.076389
1 0.805078 0.643750 0.011719 0.076389
1 0.829297 0.644444 0.011719 0.075000
1 0.840234 0.640278 0.010156 0.075000
1 0.815234 0.643056 0.010156 0.075000
0 0.873438 0.644444 0.007813 0.030556
0 0.883984 0.625000 0.010156 0.036111
0 0.898047 0.622917 0.010156 0.034722
0 0.910156 0.627083 0.009375 0.043056
0 0.919531 0.625694 0.009375 0.037500
0 0.931250 0.629167 0.010937 0.033333
0 0.777344 0.021528 0.018750 0.018056
0 0.811328 0.027083 0.022656 0.023611
0 0.841797 0.013889 0.021094 0.019444
0 0.851172 0.034722 0.021094 0.022222
0 0.892969 0.017361 0.018750 0.020833
0 0.916406 0.045139 0.018750 0.015278
0 0.953516 0.027083 0.022656 0.020833
0 0.967188 0.052083 0.021875 0.023611
