0 0.376563 0.035417 0.018750 0.018056
0 0.405469 0.058333 0.017188 0.016667
0 0.408594 0.075000 0.015625 0.013889
0 0.407422 0.104167 0.017969 0.013889
0 0.409375 0.121528 0.018750 0.012500
0 0.409766 0.145833 0.019531 0.019444
0 0.409375 0.163889 0.018750 0.013889
0 0.450000 0.184028 0.018750 0.029167
0 0.443359 0.218056 0.017969 0.030556
0 0.469531 0.118056 0.020312 0.016667
0 0.468359 0.135417 0.019531 0.015278
0 0.470313 0.156250 0.018750 0.015278
0 0.469141 0.171528 0.017969 0.015278
0 0.498047 0.107639 0.008594 0.029167
0 0.510938 0.107639 0.009375 0.034722
0 0.521875 0.106944 0.009375 0.033333
0 0.533984 0.108333 0.010156 0.036111
0 0.546094 0.109028 0.009375 0.034722
0 0.556641 0.104167 0.008594 0.027778
0 0.568359 0.105556 0.010156 0.033333
0 0.592578 0.101389 0.010156 0.033333
0 0.614844 0.103472 0.009375 0.037500
0 0.627734 0.097917 0.013281 0.015278
0 0.629297 0.112500 0.013281 0.013889
0 0.651953 0.040972 0.008594 0.034722
0 0.674219 0.036806 0.009375 0.034722
0 0.685156 0.033333 0.009375 0.038889
0 0.681250 0.101389 0.018750 0.013889
0 0.681641 0.117361 0.019531 0.018056
0 0.488281 0.216667 0.020312 0.022222
0 0.501953 0.190278 0.016406 0.011111
0 0.506250 0.136111 0.020312 0.019444
0 0.510938 0.164583 0.007813 0.031944
0 0.523438 0.161806 0.009375 0.034722
0 0.535156 0.161111 0.009375 0.033333
0 0.547656 0.159028 0.009375 0.034722
0 0.558594 0.156250 0.009375 0.037500
0 0.568359 0.156944 0.008594 0.030556
0 0.579297 0.158333 0.008594 0.036111
0 0.590625 0.161111 0.009375 0.036111
0 0.605078 0.156250 0.010156 0.029167
0 0.618359 0.153472 0.010156 0.043056
0 0.559766 0.191667 0.014844 0.013889
0 0.624219 0.251389 0.010937 0.030556
0 0.637500 0.280556 0.007813 0.027778
1 0.648438 0.275000 0.014062 0.077778
1 0.683594 0.275000 0.015625 0.083333
1 0.697266 0.273611 0.013281 0.086111
1 0.719141 0.271528 0.013281 0.079167
1 0.732422 0.271528 0.013281 0.081944
1 0.744922 0.278472 0.011719 0.081944
1 0.756641 0.277083 0.013281 0.081944
1 0.767969 0.273611 0.012500 0.080556
0 0.802344 0.266667 0.012500 0.033333
1 0.837891 0.268056 0.013281 0.080556
1 0.851563 0.270833 0.012500 0.077778
1 0.874219 0.266667 0.015625 0.080556
1 0.887500 0.264583 0.010937 0.079167
1 0.910156 0.265972 0.015625 0.087500
1 0.924609 0.262500 0.011719 0.086111
0 0.828125 0.128472 0.007813 0.031944
0 0.837500 0.129167 0.007813 0.033333
0 0.849219 0.128472 0.007813 0.031944
0 0.860156 0.129861 0.009375 0.034722
0 0.871094 0.125000 0.009375 0.030556
0 0.880859 0.127083 0.008594 0.029167
0 0.889844 0.124306 0.009375 0.037500
0 0.901953 0.123611 0.010156 0.036111
0 0.912500 0.122917 0.010937 0.037500
1 0.955078 0.120139 0.017969 0.087500
0 0.934375 0.244444 0.006250 0.027778
0 0.960156 0.245833 0.018750 0.013889
0 0.942969 0.243056 0.009375 0.033333
0 0.994922 0.530556 0.007031 0.027778
0 0.985937 0.536806 0.009375 0.034722
1 0.978125 0.550000 0.012500 0.077778
1 0.965234 0.547222 0.013281 0.075000
1 0.953125 0.547917 0.010937 0.073611
1 0.938672 0.551389 0.014844 0.083333
1 0.894531 0.553472 0.015625 0.079167
1 0.869922 0.557639 0.014844 0.081944
1 0.848047 0.557639 0.013281 0.079167
1 0.834766 0.558333 0.016406 0.083333
1 0.813672 0.559028 0.011719 0.081944
1 0.801562 0.549306 0.014062 0.079167
1 0.664453 0.562500 0.011719 0.077778
1 0.651953 0.565972 0.013281 0.081944
1 0.630078 0.565278 0.013281 0.075000
1 0.617578 0.568750 0.011719 0.079167
1 0.595703 0.574306 0.010156 0.081944
1 0.584375 0.571528 0.012500 0.076389
1 0.548437 0.572917 0.012500 0.076389
1 0.514453 0.570139 0.010156 0.079167
1 0.503516 0.575000 0.011719 0.077778
1 0.482031 0.577083 0.010937 0.073611
1 0.469531 0.578472 0.010937 0.076389
0 0.459375 0.576389 0.009375 0.036111
1 0.446484 0.577778 0.011719 0.080556
1 0.434375 0.577778 0.012500 0.075000
1 0.412500 0.578472 0.012500 0.073611
1 0.401172 0.577083 0.011719 0.076389
1 0.389453 0.578472 0.010156 0.076389
1 0.377344 0.581250 0.010937 0.076389
1 0.367188 0.582639 0.012500 0.073611
1 0.354297 0.581250 0.010156 0.076389
1 0.344922 0.581944 0.011719 0.075000
1 0.332031 0.584028 0.010937 0.084722
1 0.299219 0.584028 0.014062 0.076389
1 0.287109 0.583333 0.011719 0.075000
1 0.275391 0.586806 0.010156 0.079167
1 0.264844 0.584028 0.012500 0.079167
1 0.254687 0.586111 0.012500 0.083333
1 0.242188 0.588194 0.012500 0.079167
1 0.230859 0.589583 0.011719 0.073611
1 0.196094 0.586806 0.014062 0.079167
0 0.185156 0.563889 0.007813 0.027778
0 0.135156 0.453472 0.010937 0.031944
0 0.115234 0.474306 0.014844 0.031944
0 0.110547 0.621528 0.019531 0.015278
0 0.111328 0.639583 0.016406 0.015278
