0 0.383594 0.023611 0.018750 0.013889
0 0.413672 0.052083 0.017969 0.018056
0 0.414844 0.068750 0.017188 0.015278
0 0.414063 0.097917 0.017188 0.012500
0 0.414844 0.115972 0.020312 0.015278
0 0.415625 0.140972 0.020312 0.018056
0 0.414844 0.161806 0.017188 0.015278
0 0.475391 0.115972 0.017969 0.012500
0 0.475000 0.134722 0.018750 0.019444
0 0.475000 0.152083 0.018750 0.015278
0 0.473047 0.169444 0.016406 0.011111
0 0.471875 0.200694 0.018750 0.023611
0 0.451562 0.202778 0.012500 0.033333
0 0.488281 0.189583 0.014062 0.015278
0 0.504297 0.106250 0.010156 0.026389
0 0.517187 0.107639 0.009375 0.034722
0 0.526953 0.106944 0.007031 0.036111
0 0.540625 0.107639 0.010937 0.037500
0 0.551562 0.110417 0.009375 0.040278
0 0.562891 0.107639 0.008594 0.034722
0 0.575000 0.107639 0.010937 0.037500
0 0.598828 0.105556 0.010156 0.036111
0 0.619922 0.106250 0.011719 0.034722
0 0.632422 0.104167 0.013281 0.013889
0 0.633984 0.117361 0.013281 0.012500
0 0.511328 0.134722 0.017969 0.022222
0 0.517187 0.163194 0.010937 0.029167
0 0.528516 0.164583 0.010156 0.037500
0 0.530078 0.191667 0.014844 0.013889
0 0.539844 0.161806 0.009375 0.040278
0 0.552734 0.161806 0.010156 0.031944
0 0.562500 0.160417 0.009375 0.034722
0 0.574219 0.162500 0.009375 0.038889
0 0.584766 0.161806 0.008594 0.034722
0 0.594922 0.163889 0.008594 0.033333
0 0.608984 0.163889 0.008594 0.033333
0 0.623438 0.157639 0.010937 0.037500
0 0.659375 0.044444 0.010937 0.030556
0 0.680859 0.043750 0.010156 0.034722
0 0.691406 0.043056 0.009375 0.033333
0 0.686719 0.109028 0.018750 0.018056
0 0.687891 0.128472 0.022656 0.018056
0 0.628906 0.252778 0.009375 0.030556
0 0.641016 0.286806 0.008594 0.034722
1 0.651563 0.279167 0.014062 0.080556
1 0.687500 0.283333 0.014062 0.086111
1 0.700391 0.282639 0.011719 0.076389
1 0.723437 0.280556 0.010937 0.077778
1 0.735156 0.281250 0.010937 0.076389
1 0.747656 0.285417 0.012500 0.081944
1 0.758984 0.285417 0.011719 0.076389
1 0.772656 0.285417 0.012500 0.081944
0 0.805078 0.284722 0.010156 0.038889
1 0.841797 0.281944 0.014844 0.075000
1 0.855078 0.284722 0.013281 0.080556
1 0.877734 0.284722 0.014844 0.080556
1 0.890625 0.285417 0.010937 0.076389
1 0.913672 0.286111 0.014844 0.083333
1 0.926953 0.288194 0.011719 0.087500
0 0.937500 0.263889 0.007813 0.027778
0 0.945313 0.263194 0.007813 0.034722
0 0.964063 0.269444 0.020312 0.019444
1 0.961719 0.143056 0.017188 0.083333
0 0.832812 0.145833 0.010937 0.033333
0 0.842969 0.143750 0.009375 0.034722
0 0.854297 0.142361 0.010156 0.031944
0 0.864844 0.143056 0.009375 0.030556
0 0.876172 0.143750 0.010156 0.037500
0 0.885547 0.141667 0.008594 0.025000
0 0.894922 0.144444 0.010156 0.036111
0 0.905859 0.143056 0.008594 0.033333
0 0.918359 0.142361 0.008594 0.031944
0 0.985547 0.561111 0.008594 0.033333
1 0.975391 0.571528 0.008594 0.079167
1 0.963281 0.572917 0.009375 0.079167
1 0.952734 0.570139 0.011719 0.076389
1 0.939062 0.573611 0.014062 0.083333
1 0.894141 0.570139 0.016406 0.084722
1 0.867969 0.571528 0.015625 0.076389
1 0.846875 0.572222 0.010937 0.069444
1 0.833594 0.572917 0.012500 0.081944
1 0.811719 0.572222 0.009375 0.077778
1 0.799609 0.562500 0.011719 0.083333
1 0.663672 0.572222 0.011719 0.080556
1 0.650781 0.570833 0.010937 0.080556
1 0.628125 0.570139 0.010937 0.076389
1 0.616016 0.571528 0.010156 0.076389
1 0.593750 0.575694 0.010937 0.079167
1 0.581641 0.575694 0.010156 0.084722
1 0.547656 0.575000 0.012500 0.080556
1 0.514453 0.570833 0.011719 0.072222
1 0.501172 0.574306 0.011719 0.076389
1 0.480078 0.575000 0.010156 0.075000
1 0.467969 0.575694 0.010937 0.081944
0 0.458203 0.575000 0.008594 0.036111
1 0.445313 0.573611 0.012500 0.077778
1 0.433594 0.573611 0.010937 0.075000
1 0.411719 0.572222 0.012500 0.075000
1 0.400391 0.571528 0.010156 0.073611
1 0.388281 0.576389 0.010937 0.077778
1 0.376172 0.573611 0.011719 0.077778
1 0.365234 0.573611 0.010156 0.077778
1 0.353516 0.576389 0.011719 0.075000
1 0.342578 0.574306 0.010156 0.084722
1 0.331250 0.574306 0.009375 0.081944
1 0.298828 0.574306 0.013281 0.079167
1 0.286719 0.574306 0.010937 0.081944
1 0.275000 0.571528 0.012500 0.076389
1 0.263281 0.572917 0.010937 0.076389
1 0.251953 0.572222 0.011719 0.077778
1 0.240625 0.571528 0.012500 0.079167
1 0.228516 0.575000 0.011719 0.077778
1 0.195313 0.570833 0.014062 0.075000
0 0.183984 0.547917 0.008594 0.034722
0 0.134375 0.437500 0.015625 0.033333
0 0.115234 0.456250 0.013281 0.037500
0 0.109766 0.602778 0.019531 0.016667
0 0.108984 0.620139 0.014844 0.018056
0 0.492969 0.215278 0.020312 0.022222
