0 0.382422 0.026389 0.017969 0.022222
0 0.412500 0.050694 0.017188 0.018056
0 0.414453 0.068750 0.019531 0.018056
0 0.413281 0.097222 0.017188 0.016667
0 0.415234 0.117361 0.019531 0.015278
0 0.416016 0.141667 0.019531 0.013889
0 0.412891 0.159028 0.014844 0.015278
0 0.450781 0.188194 0.007813 0.037500
0 0.475000 0.115278 0.020312 0.013889
0 0.473437 0.134028 0.020312 0.015278
0 0.475000 0.151389 0.021875 0.013889
0 0.473047 0.168750 0.017969 0.012500
0 0.476172 0.198611 0.017969 0.013889
0 0.489844 0.186111 0.014062 0.016667
0 0.492969 0.215278 0.018750 0.016667
0 0.521484 0.188889 0.016406 0.019444
0 0.504297 0.109028 0.007031 0.031944
0 0.515625 0.106250 0.007813 0.034722
0 0.511328 0.136111 0.021094 0.016667
0 0.526563 0.105556 0.009375 0.036111
0 0.540234 0.108333 0.010156 0.036111
0 0.551562 0.109722 0.009375 0.033333
0 0.562891 0.108333 0.008594 0.036111
0 0.574609 0.107639 0.010156 0.034722
0 0.596875 0.107639 0.009375 0.034722
0 0.619922 0.108333 0.010156 0.033333
0 0.632813 0.100694 0.012500 0.015278
0 0.634375 0.116667 0.014062 0.016667
0 0.658984 0.045139 0.008594 0.034722
0 0.681250 0.046528 0.009375 0.031944
0 0.692187 0.043750 0.007813 0.040278
0 0.685938 0.111806 0.020312 0.015278
0 0.688281 0.126389 0.018750 0.013889
0 0.516406 0.162500 0.009375 0.030556
0 0.528125 0.161111 0.010937 0.033333
0 0.539453 0.160417 0.010156 0.037500
0 0.552734 0.161806 0.008594 0.031944
0 0.563281 0.157639 0.009375 0.031944
0 0.573828 0.160417 0.008594 0.034722
0 0.584375 0.163194 0.007813 0.034722
0 0.596094 0.165278 0.009375 0.033333
0 0.609375 0.164583 0.010937 0.031944
0 0.623828 0.156944 0.008594 0.041667
0 0.627734 0.253472 0.010156 0.034722
0 0.640625 0.287500 0.009375 0.033333
1 0.653125 0.280556 0.012500 0.077778
1 0.686719 0.281944 0.012500 0.075000
1 0.700391 0.281250 0.011719 0.076389
1 0.723437 0.284028 0.010937 0.079167
1 0.734766 0.281944 0.011719 0.075000
1 0.746484 0.285417 0.011719 0.079167
1 0.758984 0.284722 0.011719 0.075000
1 0.771875 0.286111 0.010937 0.077778
0 0.805469 0.284722 0.009375 0.038889
1 0.842188 0.284722 0.014062 0.080556
1 0.854688 0.283333 0.010937 0.077778
1 0.876953 0.284722 0.014844 0.077778
1 0.891797 0.284028 0.011719 0.081944
1 0.913281 0.284028 0.015625 0.081944
1 0.927344 0.283333 0.012500 0.077778
0 0.938281 0.265278 0.006250 0.030556
0 0.946094 0.262500 0.009375 0.033333
0 0.964453 0.270833 0.021094 0.022222
1 0.961328 0.141667 0.017969 0.080556
0 0.832812 0.144444 0.009375 0.038889
0 0.843750 0.144444 0.009375 0.036111
0 0.854297 0.142361 0.008594 0.034722
0 0.866016 0.147222 0.010156 0.036111
0 0.876172 0.141667 0.008594 0.030556
0 0.885547 0.142361 0.008594 0.026389
0 0.895312 0.145833 0.007813 0.038889
0 0.905859 0.144444 0.008594 0.033333
0 0.917188 0.142361 0.007813 0.034722
0 0.985547 0.558333 0.010156 0.038889
1 0.975391 0.571528 0.011719 0.076389
1 0.963672 0.570139 0.010156 0.073611
1 0.951953 0.569444 0.010156 0.072222
1 0.937891 0.568750 0.014844 0.076389
1 0.891406 0.572917 0.015625 0.079167
1 0.799609 0.565972 0.013281 0.081944
1 0.812500 0.570139 0.010937 0.073611
1 0.833984 0.572222 0.013281 0.077778
1 0.848047 0.572917 0.011719 0.079167
1 0.868750 0.572222 0.014062 0.083333
0 0.116797 0.455556 0.013281 0.036111
0 0.110156 0.601389 0.020312 0.013889
0 0.110156 0.618056 0.014062 0.019444
0 0.136719 0.435417 0.014062 0.031944
0 0.184375 0.545833 0.009375 0.033333
1 0.196484 0.571528 0.014844 0.076389
1 0.229687 0.575694 0.010937 0.079167
1 0.241406 0.573611 0.010937 0.080556
1 0.252344 0.573611 0.010937 0.080556
1 0.263672 0.572917 0.011719 0.076389
1 0.275781 0.571528 0.010937 0.076389
1 0.286719 0.572917 0.010937 0.073611
1 0.299219 0.574306 0.010937 0.076389
1 0.331250 0.571528 0.009375 0.073611
1 0.342969 0.575694 0.010937 0.079167
1 0.353906 0.576389 0.010937 0.075000
1 0.364844 0.573611 0.010937 0.077778
1 0.376953 0.574306 0.010156 0.081944
1 0.387891 0.573611 0.010156 0.080556
1 0.400000 0.571528 0.009375 0.076389
1 0.412500 0.573611 0.012500 0.077778
1 0.433203 0.574306 0.010156 0.073611
1 0.444922 0.573611 0.011719 0.080556
0 0.458203 0.571528 0.007031 0.037500
1 0.468359 0.572222 0.010156 0.077778
1 0.479688 0.572917 0.009375 0.073611
1 0.502734 0.573611 0.011719 0.075000
1 0.514063 0.570833 0.010937 0.075000
1 0.548437 0.572222 0.010937 0.077778
1 0.582422 0.573611 0.011719 0.077778
1 0.595312 0.572917 0.010937 0.076389
1 0.616406 0.570139 0.010937 0.076389
1 0.628906 0.569444 0.010937 0.077778
1 0.650391 0.571528 0.011719 0.079167
1 0.662891 0.572222 0.013281 0.077778
0 0.068359 0.256250 0.010156 0.034722
0 0.039844 0.262500 0.010937 0.036111
0 0.024219 0.262500 0.009375 0.036111
0 0.022656 0.433333 0.010937 0.038889
0 0.006250 0.435417 0.009375 0.031944
