0 0.021094 0.277083 0.010937 0.040278
0 0.037891 0.277778 0.011719 0.038889
0 0.065234 0.267361 0.011719 0.031944
0 0.020312 0.446528 0.012500 0.040278
0 0.114453 0.465972 0.013281 0.031944
0 0.133984 0.447222 0.013281 0.030556
0 0.108594 0.611806 0.018750 0.015278
0 0.110937 0.628472 0.017188 0.020833
0 0.183203 0.556250 0.008594 0.029167
1 0.195313 0.581250 0.015625 0.079167
1 0.228906 0.585417 0.010937 0.079167
1 0.240625 0.586806 0.010937 0.081944
1 0.250781 0.584722 0.010937 0.072222
1 0.262891 0.584028 0.011719 0.076389
1 0.274219 0.583333 0.010937 0.077778
1 0.285156 0.582639 0.010937 0.073611
1 0.298047 0.581250 0.013281 0.076389
1 0.330859 0.580556 0.011719 0.077778
1 0.342578 0.580556 0.011719 0.077778
1 0.353906 0.584028 0.010937 0.073611
1 0.365625 0.581250 0.009375 0.073611
1 0.376563 0.579861 0.009375 0.079167
1 0.387891 0.578472 0.010156 0.079167
1 0.399219 0.578472 0.010937 0.073611
1 0.411328 0.578472 0.010156 0.073611
1 0.433203 0.578472 0.011719 0.076389
1 0.444531 0.579861 0.010937 0.079167
0 0.457031 0.579861 0.009375 0.040278
1 0.467969 0.577778 0.009375 0.075000
1 0.479297 0.578472 0.011719 0.076389
1 0.501172 0.577778 0.011719 0.077778
1 0.514063 0.578472 0.012500 0.076389
1 0.548437 0.580556 0.010937 0.077778
1 0.581250 0.579167 0.009375 0.077778
1 0.594141 0.577778 0.010156 0.080556
1 0.616016 0.574306 0.011719 0.079167
1 0.627734 0.572917 0.011719 0.081944
1 0.650781 0.575000 0.012500 0.077778
1 0.663672 0.575694 0.013281 0.081944
1 0.799609 0.566667 0.011719 0.080556
1 0.812109 0.573611 0.010156 0.080556
1 0.833594 0.569444 0.012500 0.080556
1 0.846484 0.573611 0.013281 0.080556
1 0.868359 0.572222 0.014844 0.080556
1 0.893750 0.567361 0.017188 0.079167
1 0.939453 0.568056 0.011719 0.080556
1 0.951172 0.567361 0.013281 0.079167
1 0.963281 0.570139 0.010937 0.079167
1 0.975781 0.566667 0.012500 0.077778
0 0.984766 0.554167 0.008594 0.033333
0 0.626562 0.258333 0.010937 0.033333
0 0.639453 0.286806 0.007031 0.026389
1 0.650781 0.282639 0.012500 0.081944
1 0.685938 0.282639 0.014062 0.076389
1 0.698828 0.283333 0.011719 0.077778
1 0.721484 0.281944 0.011719 0.077778
1 0.733594 0.282639 0.012500 0.076389
1 0.745703 0.285417 0.010156 0.079167
1 0.758203 0.287500 0.013281 0.077778
1 0.769531 0.287500 0.010937 0.077778
0 0.803516 0.283333 0.010156 0.033333
1 0.839063 0.284722 0.014062 0.080556
1 0.853906 0.284028 0.012500 0.079167
1 0.875000 0.284028 0.014062 0.079167
1 0.889844 0.283333 0.010937 0.080556
1 0.911719 0.283333 0.015625 0.077778
1 0.925391 0.284028 0.013281 0.079167
0 0.935156 0.262500 0.006250 0.027778
0 0.943750 0.259028 0.007813 0.034722
0 0.961719 0.265972 0.018750 0.018056
1 0.957812 0.139583 0.020312 0.081944
0 0.915625 0.140972 0.009375 0.031944
0 0.903906 0.143750 0.009375 0.034722
0 0.892969 0.143056 0.009375 0.033333
0 0.883594 0.140972 0.009375 0.029167
0 0.873828 0.140972 0.008594 0.029167
0 0.863281 0.143750 0.009375 0.034722
0 0.852344 0.145833 0.009375 0.036111
0 0.841016 0.143056 0.010156 0.033333
0 0.831641 0.143056 0.008594 0.038889
0 0.688672 0.044444 0.008594 0.036111
0 0.677734 0.046528 0.008594 0.031944
0 0.656250 0.047222 0.007813 0.033333
0 0.683594 0.111806 0.018750 0.015278
0 0.684375 0.129861 0.020312 0.018056
0 0.630078 0.106250 0.013281 0.012500
0 0.632422 0.121528 0.014844 0.015278
0 0.617578 0.111806 0.010156 0.034722
0 0.595312 0.110417 0.010937 0.031944
0 0.572656 0.111111 0.009375 0.033333
0 0.560938 0.109722 0.010937 0.033333
0 0.549219 0.112500 0.009375 0.033333
0 0.538281 0.111806 0.009375 0.037500
0 0.524219 0.109722 0.009375 0.036111
0 0.513672 0.110417 0.008594 0.031944
0 0.501172 0.112500 0.008594 0.030556
0 0.379687 0.031944 0.018750 0.016667
0 0.409766 0.058333 0.019531 0.013889
0 0.411328 0.075000 0.017969 0.013889
0 0.410937 0.104167 0.018750 0.013889
0 0.412891 0.120139 0.021094 0.015278
0 0.412891 0.144444 0.019531 0.013889
0 0.412500 0.165972 0.015625 0.018056
0 0.443750 0.132639 0.009375 0.026389
0 0.446875 0.161806 0.009375 0.026389
0 0.471875 0.118750 0.020312 0.018056
0 0.471094 0.138194 0.020312 0.015278
0 0.471875 0.156250 0.018750 0.015278
0 0.471094 0.172222 0.017188 0.016667
0 0.491016 0.220139 0.021094 0.018056
0 0.546094 0.200694 0.020312 0.020833
0 0.571094 0.221528 0.020312 0.018056
0 0.508984 0.140278 0.017969 0.016667
0 0.513672 0.166667 0.010156 0.033333
0 0.526172 0.165972 0.010156 0.037500
0 0.537500 0.165972 0.009375 0.034722
0 0.549219 0.166667 0.009375 0.036111
0 0.561328 0.163889 0.008594 0.033333
0 0.571094 0.161806 0.009375 0.031944
0 0.582031 0.164583 0.009375 0.034722
0 0.607422 0.164583 0.008594 0.031944
0 0.621875 0.161111 0.010937 0.041667
