0 0.376172 0.034722 0.017969 0.019444
0 0.407031 0.060417 0.017188 0.015278
0 0.408594 0.079167 0.017188 0.019444
0 0.407813 0.106250 0.018750 0.012500
0 0.408984 0.124306 0.019531 0.018056
0 0.409766 0.149306 0.019531 0.015278
0 0.408984 0.170139 0.016406 0.015278
0 0.441016 0.134722 0.010156 0.025000
0 0.444531 0.163889 0.010937 0.027778
0 0.470313 0.120833 0.018750 0.016667
0 0.467969 0.138889 0.020312 0.013889
0 0.469922 0.156250 0.019531 0.015278
0 0.467969 0.174306 0.017188 0.015278
0 0.498828 0.112500 0.010156 0.030556
0 0.510547 0.113194 0.010156 0.034722
0 0.521484 0.110417 0.010156 0.037500
0 0.532031 0.113889 0.010937 0.038889
0 0.545703 0.113194 0.010156 0.034722
0 0.556641 0.109722 0.008594 0.036111
0 0.569141 0.111806 0.010156 0.040278
0 0.592578 0.108333 0.010156 0.036111
0 0.614062 0.106250 0.009375 0.037500
0 0.626562 0.104167 0.014062 0.016667
0 0.628516 0.119444 0.014844 0.013889
0 0.652344 0.046528 0.007813 0.031944
0 0.675000 0.044444 0.010937 0.033333
0 0.685547 0.039583 0.008594 0.031944
0 0.681641 0.108333 0.017969 0.016667
0 0.681250 0.126389 0.020312 0.016667
0 0.827734 0.137500 0.010156 0.036111
0 0.837500 0.135417 0.007813 0.034722
0 0.849219 0.136111 0.009375 0.038889
0 0.860547 0.137500 0.008594 0.036111
0 0.871094 0.135417 0.009375 0.031944
0 0.880469 0.133333 0.009375 0.027778
0 0.890234 0.136111 0.008594 0.036111
0 0.900781 0.135417 0.009375 0.031944
0 0.911328 0.132639 0.010156 0.034722
1 0.954297 0.127778 0.017969 0.086111
0 0.959375 0.256944 0.020312 0.016667
0 0.942578 0.250694 0.008594 0.031944
0 0.933984 0.252083 0.007031 0.029167
1 0.924609 0.272222 0.010156 0.083333
1 0.909375 0.273611 0.015625 0.077778
1 0.887500 0.272917 0.009375 0.076389
1 0.873047 0.275000 0.013281 0.077778
1 0.851563 0.277778 0.010937 0.080556
1 0.837109 0.278472 0.014844 0.081944
0 0.800000 0.275000 0.010937 0.038889
1 0.767969 0.279167 0.012500 0.080556
1 0.756250 0.280556 0.010937 0.077778
1 0.743359 0.282639 0.011719 0.076389
1 0.730859 0.277083 0.011719 0.079167
1 0.719141 0.277778 0.013281 0.080556
1 0.697266 0.277778 0.013281 0.080556
1 0.684766 0.277778 0.014844 0.083333
1 0.649219 0.279861 0.012500 0.084722
0 0.623828 0.256250 0.011719 0.037500
0 0.637500 0.286806 0.007813 0.031944
0 0.618359 0.159722 0.008594 0.041667
0 0.604688 0.161806 0.007813 0.031944
0 0.579687 0.165972 0.007813 0.037500
0 0.568750 0.163889 0.007813 0.036111
0 0.557813 0.161111 0.007813 0.033333
0 0.546875 0.165972 0.007813 0.034722
0 0.534766 0.165278 0.008594 0.036111
0 0.523438 0.166667 0.007813 0.036111
0 0.506250 0.141667 0.018750 0.019444
0 0.511719 0.167361 0.009375 0.037500
0 0.490234 0.220833 0.021094 0.022222
0 0.532031 0.202083 0.020312 0.018056
0 0.569531 0.221528 0.021875 0.018056
0 0.019141 0.286806 0.008594 0.031944
0 0.036328 0.288194 0.011719 0.040278
0 0.062500 0.280556 0.009375 0.033333
0 0.019531 0.456944 0.012500 0.038889
0 0.113672 0.477778 0.013281 0.030556
0 0.133984 0.456250 0.011719 0.037500
0 0.108984 0.624306 0.021094 0.018056
0 0.109375 0.640278 0.015625 0.016667
0 0.183203 0.565972 0.010156 0.029167
1 0.195703 0.590278 0.014844 0.077778
1 0.228516 0.591667 0.013281 0.075000
1 0.239844 0.590972 0.010937 0.076389
1 0.252344 0.590972 0.010937 0.076389
1 0.262500 0.588889 0.012500 0.075000
1 0.273438 0.590278 0.012500 0.072222
1 0.285156 0.589583 0.010937 0.076389
1 0.298828 0.589583 0.014844 0.076389
1 0.330859 0.587500 0.011719 0.077778
1 0.342578 0.586806 0.011719 0.076389
1 0.354297 0.585417 0.010156 0.073611
1 0.364844 0.586806 0.010937 0.076389
1 0.376563 0.585417 0.009375 0.076389
1 0.387500 0.584028 0.012500 0.079167
1 0.399219 0.584722 0.010937 0.077778
1 0.411328 0.584028 0.011719 0.079167
1 0.433594 0.585417 0.009375 0.079167
1 0.444531 0.581250 0.010937 0.079167
0 0.457422 0.581250 0.008594 0.034722
1 0.467969 0.579861 0.010937 0.079167
1 0.478906 0.581944 0.010937 0.077778
1 0.501562 0.577778 0.010937 0.075000
1 0.513281 0.579167 0.012500 0.080556
1 0.547266 0.577778 0.013281 0.075000
1 0.582031 0.575694 0.012500 0.079167
1 0.594141 0.575694 0.011719 0.079167
1 0.616406 0.572222 0.012500 0.080556
1 0.629297 0.571528 0.011719 0.084722
1 0.651172 0.570139 0.011719 0.084722
1 0.663281 0.570139 0.010937 0.076389
1 0.800391 0.554861 0.013281 0.079167
1 0.813672 0.565278 0.011719 0.077778
1 0.834375 0.562500 0.014062 0.075000
1 0.846875 0.562500 0.010937 0.077778
1 0.869531 0.560417 0.015625 0.079167
1 0.893750 0.561806 0.014062 0.079167
1 0.939062 0.559028 0.014062 0.081944
1 0.951953 0.556944 0.013281 0.083333
1 0.964453 0.556944 0.011719 0.077778
1 0.975781 0.556250 0.010937 0.076389
0 0.985156 0.543750 0.009375 0.037500
