0 0.106250 0.115278 0.020312 0.022222
0 0.166797 0.037500 0.021094 0.027778
0 0.029297 0.206944 0.021094 0.027778
0 0.051562 0.192361 0.021875 0.026389
0 0.127734 0.145139 0.017969 0.020833
0 0.027344 0.235417 0.020312 0.023611
0 0.047266 0.223611 0.019531 0.019444
0 0.066797 0.213194 0.019531 0.020833
0 0.320703 0.105556 0.017969 0.022222
0 0.396875 0.177778 0.009375 0.027778
0 0.404687 0.207639 0.012500 0.026389
0 0.590625 0.220139 0.014062 0.034722
0 0.764844 0.166667 0.014062 0.036111
0 0.916797 0.083333 0.017969 0.027778
1 0.886328 0.270139 0.039844 0.065278
1 0.892187 0.408333 0.023438 0.075000
1 0.868750 0.415972 0.023438 0.084722
1 0.557422 0.565278 0.022656 0.083333
0 0.139453 0.618056 0.014844 0.033333
0 0.121484 0.644444 0.016406 0.030556
0 0.021484 0.490278 0.013281 0.036111
0 0.046875 0.473611 0.012500 0.027778
0 0.028516 0.665278 0.014844 0.038889
0 0.013281 0.673611 0.012500 0.033333
0 0.540234 0.088889 0.011719 0.030556
0 0.519141 0.105556 0.011719 0.033333
0 0.558594 0.137500 0.010937 0.036111
0 0.571484 0.129167 0.013281 0.033333
0 0.480859 0.211111 0.019531 0.022222
0 0.532812 0.206250 0.021875 0.026389
0 0.453125 0.242361 0.021875 0.020833
0 0.607422 0.243056 0.010156 0.027778
0 0.460547 0.156250 0.017969 0.020833
0 0.202344 0.704167 0.010937 0.030556
0 0.987891 0.206250 0.017969 0.029167
