0 0.130859 0.076389 0.010156 0.033333
0 0.130078 0.124306 0.010156 0.034722
0 0.133203 0.194444 0.008594 0.036111
0 0.134375 0.288889 0.009375 0.027778
0 0.139062 0.352083 0.012500 0.037500
0 0.138672 0.400694 0.010156 0.037500
0 0.139062 0.445139 0.009375 0.029167
0 0.139844 0.495139 0.009375 0.031944
0 0.146875 0.544444 0.010937 0.036111
0 0.143359 0.584028 0.011719 0.034722
0 0.146094 0.621528 0.010937 0.031944
0 0.154687 0.663194 0.010937 0.034722
0 0.170703 0.619444 0.010156 0.038889
0 0.148047 0.697222 0.011719 0.033333
0 0.154297 0.758333 0.010156 0.033333
0 0.169531 0.743056 0.007813 0.030556
0 0.153125 0.801389 0.012500 0.033333
0 0.154687 0.843056 0.010937 0.030556
1 0.176563 0.890972 0.012500 0.062500
0 0.203906 0.852778 0.009375 0.033333
0 0.190625 0.115972 0.009375 0.037500
0 0.250391 0.215278 0.022656 0.016667
0 0.277344 0.193056 0.018750 0.016667
0 0.278125 0.213889 0.015625 0.016667
0 0.253125 0.254861 0.020312 0.020833
0 0.253125 0.277778 0.020312 0.016667
0 0.278125 0.256250 0.017188 0.018056
0 0.315234 0.203472 0.008594 0.034722
0 0.323828 0.201389 0.007031 0.033333
0 0.410937 0.050000 0.042188 0.019444
0 0.411328 0.070833 0.044531 0.022222
0 0.410937 0.090278 0.043750 0.016667
0 0.407813 0.112500 0.046875 0.019444
0 0.409375 0.134722 0.043750 0.022222
0 0.408203 0.175000 0.042969 0.016667
0 0.409766 0.195833 0.042969 0.019444
0 0.408203 0.257639 0.046094 0.018056
0 0.413281 0.278472 0.014062 0.015278
0 0.395312 0.303472 0.017188 0.020833
0 0.311719 0.297917 0.009375 0.026389
0 0.319922 0.295833 0.008594 0.027778
0 0.312891 0.318750 0.017969 0.015278
0 0.314844 0.359028 0.017188 0.018056
0 0.313281 0.400694 0.020312 0.018056
0 0.314844 0.421528 0.017188 0.018056
0 0.315625 0.441667 0.020312 0.019444
0 0.314844 0.463194 0.017188 0.018056
0 0.312500 0.484028 0.018750 0.018056
0 0.315625 0.525000 0.015625 0.016667
0 0.315625 0.504861 0.018750 0.018056
0 0.329688 0.511806 0.009375 0.031944
0 0.341406 0.312500 0.018750 0.013889
0 0.343750 0.336111 0.018750 0.019444
0 0.344141 0.381250 0.016406 0.012500
0 0.343750 0.401389 0.018750 0.016667
0 0.343359 0.419444 0.017969 0.019444
0 0.345313 0.440278 0.018750 0.013889
0 0.345703 0.460417 0.019531 0.015278
0 0.345313 0.482639 0.018750 0.020833
0 0.320703 0.576389 0.008594 0.030556
0 0.330469 0.578472 0.010937 0.034722
0 0.340625 0.575000 0.009375 0.033333
0 0.349219 0.579167 0.007813 0.033333
0 0.376172 0.543056 0.010156 0.036111
0 0.362500 0.602083 0.012500 0.034722
0 0.343750 0.618750 0.012500 0.023611
0 0.326562 0.625694 0.015625 0.020833
1 0.572656 0.233333 0.043750 0.016667
1 0.573438 0.256944 0.043750 0.025000
1 0.572656 0.295833 0.045313 0.016667
1 0.573047 0.318056 0.042969 0.019444
1 0.574609 0.358333 0.044531 0.019444
1 0.575781 0.379167 0.043750 0.016667
1 0.575781 0.440278 0.043750 0.019444
1 0.575781 0.501389 0.043750 0.019444
1 0.576563 0.521528 0.042188 0.020833
1 0.578125 0.561806 0.042188 0.018056
1 0.577344 0.581250 0.043750 0.015278
0 0.577344 0.600000 0.020312 0.013889
1 0.578516 0.622222 0.044531 0.019444
1 0.578516 0.641667 0.041406 0.019444
1 0.577734 0.684722 0.044531 0.022222
1 0.578906 0.706944 0.043750 0.019444
1 0.579297 0.724306 0.042969 0.015278
1 0.580078 0.745833 0.046094 0.016667
1 0.580469 0.765278 0.043750 0.019444
1 0.580469 0.786111 0.043750 0.019444
1 0.580469 0.806944 0.043750 0.013889
1 0.580469 0.826389 0.043750 0.019444
1 0.580469 0.885417 0.043750 0.020833
1 0.580469 0.906944 0.043750 0.022222
1 0.581641 0.927083 0.042969 0.018056
0 0.146094 0.063194 0.007813 0.043056
