0 0.137500 0.068750 0.009375 0.031944
0 0.136328 0.112500 0.010156 0.038889
0 0.161719 0.123611 0.010937 0.038889
0 0.137891 0.184722 0.010156 0.033333
0 0.139062 0.280556 0.009375 0.027778
0 0.141797 0.342361 0.010156 0.031944
0 0.142188 0.388194 0.009375 0.034722
0 0.142188 0.436111 0.009375 0.030556
0 0.141797 0.486111 0.010156 0.038889
0 0.148828 0.534722 0.010156 0.036111
0 0.145313 0.572222 0.009375 0.036111
0 0.146875 0.613194 0.009375 0.031944
0 0.155469 0.654861 0.007813 0.037500
0 0.148047 0.687500 0.008594 0.033333
0 0.154687 0.750694 0.009375 0.034722
0 0.152734 0.790278 0.010156 0.036111
0 0.153125 0.836806 0.009375 0.034722
0 0.157031 0.915972 0.010937 0.040278
0 0.214062 0.854861 0.007813 0.034722
0 0.201562 0.833333 0.009375 0.033333
1 0.214062 0.572222 0.012500 0.069444
0 0.192969 0.458333 0.009375 0.027778
0 0.256250 0.208333 0.018750 0.019444
0 0.257031 0.252083 0.020312 0.018056
0 0.256250 0.272917 0.020312 0.018056
0 0.284375 0.248611 0.018750 0.016667
0 0.282813 0.209722 0.017188 0.019444
0 0.282031 0.188194 0.017188 0.018056
0 0.319531 0.197917 0.009375 0.037500
0 0.328516 0.194444 0.008594 0.036111
1 0.416797 0.045833 0.044531 0.016667
1 0.418359 0.068056 0.042969 0.022222
1 0.417969 0.090278 0.042188 0.016667
1 0.414844 0.109722 0.043750 0.019444
1 0.415234 0.133333 0.044531 0.022222
1 0.415234 0.172917 0.044531 0.018056
1 0.414844 0.196528 0.045313 0.020833
1 0.413672 0.256250 0.047656 0.020833
0 0.417188 0.277083 0.015625 0.015278
0 0.400391 0.300694 0.017969 0.020833
0 0.315625 0.294444 0.009375 0.025000
0 0.324219 0.291667 0.007813 0.025000
0 0.316016 0.313889 0.014844 0.016667
0 0.317578 0.356250 0.017969 0.015278
0 0.316797 0.395139 0.021094 0.018056
0 0.317187 0.416667 0.017188 0.016667
0 0.319531 0.436806 0.017188 0.018056
0 0.317969 0.458333 0.017188 0.016667
0 0.315625 0.479167 0.018750 0.019444
0 0.316797 0.497917 0.017969 0.018056
0 0.316797 0.519444 0.016406 0.016667
0 0.346484 0.309722 0.019531 0.019444
0 0.347656 0.333333 0.017188 0.013889
0 0.347656 0.377778 0.020312 0.016667
0 0.347656 0.397222 0.018750 0.016667
0 0.346875 0.417361 0.017188 0.018056
0 0.347266 0.437500 0.017969 0.016667
0 0.348047 0.458333 0.019531 0.019444
0 0.348828 0.477778 0.019531 0.013889
0 0.348047 0.500694 0.017969 0.018056
0 0.332812 0.505556 0.009375 0.033333
0 0.321094 0.572222 0.010937 0.033333
0 0.332812 0.573611 0.009375 0.036111
0 0.342187 0.570139 0.009375 0.031944
0 0.351953 0.572917 0.008594 0.034722
0 0.363672 0.598611 0.011719 0.033333
0 0.344531 0.616667 0.014062 0.019444
0 0.327344 0.620833 0.014062 0.019444
0 0.271484 0.733333 0.008594 0.033333
0 0.285547 0.684722 0.008594 0.036111
0 0.296094 0.676389 0.010937 0.033333
0 0.312109 0.680556 0.008594 0.033333
0 0.322656 0.677083 0.007813 0.037500
0 0.336328 0.676389 0.010156 0.033333
0 0.347266 0.678472 0.008594 0.029167
0 0.378125 0.538889 0.009375 0.033333
0 0.378906 0.397917 0.009375 0.034722
1 0.578906 0.236806 0.043750 0.018056
1 0.578906 0.260417 0.045313 0.020833
1 0.577734 0.299306 0.046094 0.020833
1 0.577734 0.322222 0.041406 0.022222
1 0.578516 0.358333 0.042969 0.019444
1 0.578906 0.381250 0.043750 0.020833
1 0.579687 0.443056 0.045313 0.025000
1 0.578125 0.505556 0.043750 0.019444
1 0.578125 0.525694 0.042188 0.020833
1 0.580078 0.565278 0.042969 0.016667
1 0.579687 0.585417 0.042188 0.015278
0 0.578906 0.604861 0.021875 0.015278
1 0.579297 0.627778 0.042969 0.019444
1 0.579687 0.647222 0.042188 0.019444
1 0.578516 0.686806 0.044531 0.020833
1 0.578906 0.709028 0.043750 0.018056
1 0.579297 0.727778 0.042969 0.019444
1 0.578906 0.749306 0.043750 0.018056
1 0.579687 0.768056 0.042188 0.019444
1 0.580078 0.791667 0.042969 0.016667
1 0.579687 0.810417 0.042188 0.020833
1 0.579687 0.832639 0.042188 0.020833
1 0.578906 0.890972 0.043750 0.023611
1 0.578906 0.912500 0.043750 0.019444
0 0.156641 0.325000 0.010156 0.036111
0 0.168750 0.304861 0.010937 0.031944
