0 0.137500 0.069444 0.009375 0.036111
0 0.136328 0.115278 0.008594 0.036111
0 0.139062 0.189583 0.009375 0.037500
0 0.151562 0.088194 0.009375 0.040278
0 0.163672 0.043056 0.010156 0.038889
0 0.162891 0.215972 0.008594 0.034722
0 0.139062 0.279861 0.009375 0.029167
0 0.143359 0.343750 0.008594 0.037500
0 0.143359 0.390972 0.010156 0.034722
0 0.143359 0.438194 0.008594 0.031944
0 0.143359 0.489583 0.011719 0.037500
0 0.150000 0.535417 0.012500 0.034722
0 0.146484 0.574306 0.010156 0.031944
0 0.148828 0.613194 0.010156 0.034722
0 0.155859 0.654861 0.008594 0.034722
0 0.150391 0.686111 0.010156 0.036111
0 0.155859 0.750000 0.008594 0.033333
0 0.153516 0.793056 0.008594 0.030556
0 0.155078 0.835417 0.010156 0.031944
0 0.157422 0.915278 0.010156 0.033333
0 0.200000 0.729861 0.009375 0.034722
0 0.212500 0.763889 0.009375 0.033333
0 0.221484 0.820139 0.010156 0.034722
1 0.212500 0.460417 0.010937 0.070833
0 0.191406 0.374306 0.007813 0.029167
0 0.257031 0.211111 0.020312 0.019444
0 0.282422 0.190278 0.017969 0.016667
0 0.284375 0.210417 0.015625 0.018056
0 0.284375 0.250694 0.015625 0.015278
0 0.258594 0.249306 0.020312 0.020833
0 0.257031 0.273611 0.018750 0.013889
0 0.321094 0.198611 0.007813 0.033333
0 0.329297 0.195833 0.007031 0.036111
0 0.316406 0.295139 0.007813 0.026389
0 0.324219 0.292361 0.007813 0.029167
0 0.317187 0.315972 0.018750 0.018056
0 0.346875 0.310417 0.021875 0.020833
0 0.347656 0.334028 0.018750 0.015278
0 0.317187 0.352778 0.018750 0.019444
0 0.317187 0.397222 0.021875 0.022222
0 0.318359 0.415972 0.017969 0.015278
0 0.319922 0.437500 0.019531 0.016667
0 0.316797 0.457639 0.017969 0.015278
0 0.316797 0.478472 0.019531 0.018056
0 0.317578 0.500000 0.017969 0.019444
0 0.318750 0.519444 0.018750 0.016667
0 0.348437 0.379167 0.018750 0.016667
0 0.348437 0.397222 0.018750 0.019444
0 0.346875 0.418056 0.018750 0.016667
0 0.349219 0.438889 0.017188 0.016667
0 0.348828 0.459722 0.017969 0.016667
0 0.348047 0.479167 0.019531 0.013889
0 0.348047 0.500694 0.017969 0.015278
0 0.333203 0.506944 0.010156 0.030556
0 0.321875 0.569444 0.009375 0.027778
0 0.332422 0.572222 0.008594 0.033333
0 0.342969 0.572917 0.009375 0.034722
0 0.351953 0.577083 0.010156 0.031944
0 0.363672 0.598611 0.011719 0.033333
1 0.417578 0.046528 0.044531 0.018056
1 0.417969 0.069444 0.042188 0.016667
1 0.418750 0.087500 0.043750 0.019444
1 0.415234 0.109722 0.042969 0.016667
1 0.415234 0.132639 0.044531 0.023611
1 0.415625 0.172917 0.043750 0.018056
1 0.415625 0.195833 0.045313 0.016667
1 0.412500 0.259028 0.046875 0.018056
0 0.417578 0.277083 0.013281 0.018056
0 0.401563 0.300694 0.018750 0.023611
0 0.379297 0.397917 0.008594 0.034722
0 0.378125 0.540278 0.009375 0.038889
0 0.272266 0.736111 0.008594 0.033333
0 0.287109 0.679861 0.008594 0.029167
0 0.297266 0.679167 0.008594 0.033333
0 0.312891 0.682639 0.010156 0.040278
0 0.322656 0.679861 0.010937 0.037500
0 0.336328 0.676389 0.010156 0.038889
0 0.346094 0.679167 0.007813 0.033333
1 0.579687 0.238889 0.042188 0.022222
1 0.578125 0.259722 0.045313 0.022222
1 0.577734 0.300694 0.042969 0.020833
1 0.578906 0.321528 0.043750 0.020833
1 0.580078 0.359722 0.044531 0.019444
1 0.580078 0.381944 0.042969 0.022222
1 0.579687 0.443750 0.045313 0.020833
1 0.578516 0.503472 0.044531 0.018056
1 0.580078 0.523611 0.042969 0.019444
1 0.578906 0.565278 0.043750 0.016667
0 0.580469 0.603472 0.021875 0.015278
1 0.579297 0.585417 0.044531 0.018056
1 0.580859 0.627778 0.042969 0.019444
1 0.580859 0.647222 0.042969 0.019444
1 0.580078 0.686111 0.044531 0.019444
1 0.579687 0.707639 0.045313 0.023611
1 0.580078 0.727778 0.046094 0.019444
1 0.580469 0.748611 0.043750 0.016667
1 0.580078 0.768750 0.042969 0.020833
1 0.580469 0.790278 0.043750 0.019444
1 0.580469 0.809722 0.043750 0.019444
1 0.579687 0.829861 0.043750 0.018056
1 0.580078 0.890972 0.044531 0.020833
1 0.579687 0.911806 0.045313 0.018056
