0 0.141406 0.167361 0.010937 0.037500
0 0.156250 0.142361 0.009375 0.031944
0 0.168359 0.150694 0.010156 0.034722
0 0.167578 0.236806 0.008594 0.031944
0 0.139844 0.309722 0.009375 0.033333
0 0.154687 0.302083 0.007813 0.037500
0 0.139844 0.352083 0.009375 0.037500
0 0.142188 0.427083 0.009375 0.031944
0 0.142578 0.519444 0.008594 0.027778
0 0.155469 0.476389 0.009375 0.027778
0 0.145313 0.580556 0.012500 0.036111
0 0.144922 0.626389 0.008594 0.036111
0 0.143359 0.675694 0.008594 0.031944
0 0.144141 0.727083 0.011719 0.031944
0 0.145703 0.812500 0.010156 0.033333
0 0.150781 0.771528 0.010937 0.031944
0 0.162500 0.738889 0.009375 0.033333
0 0.148047 0.847222 0.010156 0.030556
0 0.154687 0.891667 0.009375 0.036111
0 0.171094 0.847917 0.007813 0.031944
0 0.169141 0.676389 0.008594 0.033333
0 0.169922 0.555556 0.010156 0.030556
0 0.189063 0.462500 0.009375 0.036111
0 0.191016 0.211806 0.007031 0.023611
1 0.210156 0.112500 0.010937 0.075000
0 0.212500 0.502778 0.009375 0.033333
0 0.202344 0.554861 0.007813 0.034722
0 0.193359 0.727778 0.010156 0.036111
1 0.269141 0.063194 0.047656 0.023611
1 0.272656 0.101389 0.045313 0.022222
1 0.271484 0.148611 0.047656 0.025000
0 0.342187 0.044444 0.018750 0.016667
0 0.343359 0.063889 0.019531 0.016667
0 0.343750 0.083333 0.018750 0.013889
0 0.342969 0.100000 0.014062 0.019444
0 0.342969 0.116667 0.017188 0.019444
0 0.343359 0.135417 0.016406 0.018056
0 0.342969 0.156250 0.020312 0.015278
0 0.343750 0.175000 0.018750 0.013889
0 0.342969 0.190278 0.018750 0.016667
0 0.411719 0.012500 0.014062 0.013889
1 0.420312 0.029167 0.043750 0.019444
1 0.419922 0.053472 0.042969 0.023611
1 0.420703 0.094444 0.044531 0.019444
1 0.420312 0.115278 0.043750 0.022222
1 0.419922 0.156250 0.042969 0.018056
1 0.420312 0.178472 0.043750 0.020833
0 0.418750 0.243056 0.020312 0.016667
1 0.418750 0.302083 0.043750 0.018056
1 0.419531 0.323611 0.045313 0.019444
1 0.420312 0.344444 0.043750 0.019444
1 0.416797 0.363889 0.042969 0.016667
1 0.417188 0.385417 0.043750 0.020833
1 0.416016 0.425000 0.042969 0.019444
1 0.416797 0.448611 0.044531 0.019444
1 0.415234 0.510417 0.047656 0.015278
0 0.418359 0.529167 0.014844 0.016667
0 0.400781 0.552778 0.020312 0.019444
0 0.284375 0.436111 0.018750 0.013889
0 0.286719 0.456944 0.015625 0.016667
0 0.258203 0.457639 0.019531 0.018056
0 0.259375 0.499306 0.020312 0.018056
0 0.258984 0.518750 0.019531 0.015278
0 0.285156 0.496528 0.017188 0.015278
0 0.317187 0.540278 0.007813 0.022222
0 0.325781 0.539583 0.007813 0.026389
0 0.317969 0.563194 0.020312 0.015278
0 0.346875 0.558333 0.021875 0.016667
0 0.349219 0.584028 0.017188 0.018056
0 0.319141 0.603472 0.019531 0.020833
0 0.318750 0.644444 0.018750 0.016667
0 0.317969 0.664583 0.017188 0.018056
0 0.319922 0.682639 0.014844 0.015278
0 0.318750 0.702778 0.018750 0.019444
0 0.316016 0.725694 0.019531 0.020833
0 0.316797 0.745833 0.017969 0.016667
0 0.350781 0.627083 0.021875 0.020833
0 0.347656 0.646528 0.018750 0.015278
0 0.347266 0.666667 0.019531 0.013889
0 0.349609 0.684722 0.017969 0.016667
0 0.348047 0.703472 0.017969 0.020833
0 0.348828 0.725694 0.019531 0.015278
0 0.348047 0.748611 0.016406 0.019444
0 0.331250 0.754167 0.009375 0.036111
0 0.317578 0.765972 0.016406 0.018056
0 0.322266 0.816667 0.008594 0.033333
0 0.331250 0.820139 0.007813 0.031944
0 0.342578 0.817361 0.008594 0.031944
0 0.351172 0.823611 0.008594 0.030556
0 0.328125 0.868056 0.012500 0.016667
0 0.344531 0.864583 0.014062 0.020833
0 0.361328 0.845833 0.014844 0.030556
0 0.377344 0.788889 0.009375 0.036111
0 0.378516 0.646528 0.007031 0.034722
0 0.321484 0.446528 0.007031 0.031944
0 0.330859 0.447917 0.007031 0.031944
1 0.579687 0.083333 0.042188 0.019444
1 0.580469 0.123611 0.043750 0.022222
1 0.580078 0.163889 0.041406 0.016667
1 0.579687 0.184722 0.042188 0.022222
1 0.580078 0.224306 0.044531 0.020833
1 0.574609 0.245833 0.044531 0.019444
1 0.578125 0.488194 0.043750 0.020833
1 0.577734 0.511111 0.044531 0.016667
1 0.576563 0.550000 0.045313 0.019444
1 0.578125 0.570139 0.042188 0.018056
1 0.578906 0.609028 0.043750 0.018056
1 0.577734 0.632639 0.042969 0.020833
1 0.577734 0.693056 0.042969 0.022222
1 0.576172 0.753472 0.041406 0.020833
1 0.576953 0.772222 0.042969 0.019444
1 0.577344 0.813889 0.043750 0.019444
1 0.576563 0.832639 0.045313 0.015278
0 0.576172 0.850694 0.019531 0.018056
1 0.577734 0.872917 0.042969 0.018056
1 0.577344 0.898611 0.042188 0.019444
