0 0.164063 0.163194 0.009375 0.029167
0 0.197266 0.130556 0.008594 0.025000
0 0.141797 0.328472 0.011719 0.034722
0 0.139844 0.468056 0.007813 0.030556
0 0.140234 0.511806 0.008594 0.037500
0 0.141406 0.584722 0.007813 0.030556
0 0.140625 0.679861 0.009375 0.029167
0 0.142969 0.739583 0.009375 0.031944
0 0.142578 0.785417 0.008594 0.031944
0 0.141406 0.829861 0.009375 0.031944
0 0.141797 0.886806 0.011719 0.034722
0 0.159766 0.888889 0.010156 0.030556
0 0.156641 0.736111 0.008594 0.033333
0 0.166016 0.695833 0.010156 0.030556
0 0.164844 0.622222 0.010937 0.030556
0 0.155469 0.562500 0.007813 0.027778
0 0.175781 0.386111 0.007813 0.033333
0 0.189453 0.369444 0.008594 0.033333
0 0.211719 0.352083 0.010937 0.037500
0 0.200000 0.447222 0.009375 0.036111
0 0.189063 0.571528 0.009375 0.031944
0 0.188672 0.747222 0.008594 0.033333
0 0.202734 0.829167 0.010156 0.033333
1 0.345313 0.135417 0.043750 0.020833
1 0.271875 0.231250 0.046875 0.020833
1 0.272656 0.270139 0.045313 0.023611
1 0.271094 0.313194 0.048437 0.023611
0 0.344922 0.211806 0.019531 0.018056
0 0.344141 0.231944 0.017969 0.019444
0 0.344141 0.247917 0.017969 0.015278
0 0.342969 0.265972 0.014062 0.012500
0 0.343750 0.281944 0.017188 0.013889
0 0.343750 0.301389 0.017188 0.013889
0 0.342578 0.322222 0.019531 0.016667
0 0.342969 0.339583 0.018750 0.012500
0 0.342578 0.356944 0.019531 0.016667
0 0.258984 0.622222 0.017969 0.016667
0 0.258984 0.662500 0.019531 0.022222
0 0.258594 0.684028 0.020312 0.015278
0 0.282422 0.659722 0.016406 0.016667
0 0.285156 0.622222 0.017188 0.013889
0 0.283594 0.601389 0.020312 0.019444
0 0.321875 0.612500 0.007813 0.036111
0 0.330078 0.611806 0.007031 0.034722
0 0.315625 0.706944 0.009375 0.022222
0 0.324219 0.704167 0.007813 0.027778
0 0.318359 0.728472 0.019531 0.020833
0 0.345703 0.725000 0.021094 0.016667
0 0.346484 0.748611 0.017969 0.016667
0 0.317969 0.765278 0.018750 0.025000
0 0.317187 0.807639 0.018750 0.023611
0 0.316016 0.831250 0.016406 0.015278
0 0.317969 0.848611 0.017188 0.016667
0 0.314844 0.870833 0.020312 0.019444
0 0.314453 0.891667 0.019531 0.019444
0 0.315234 0.910417 0.019531 0.015278
0 0.329688 0.919444 0.009375 0.027778
0 0.345703 0.915278 0.017969 0.016667
0 0.346094 0.891667 0.017188 0.016667
0 0.345703 0.869444 0.019531 0.016667
0 0.344922 0.851389 0.017969 0.013889
0 0.345313 0.829861 0.018750 0.015278
0 0.346875 0.813889 0.020312 0.016667
0 0.346094 0.792361 0.017188 0.018056
0 0.376953 0.812500 0.010156 0.038889
0 0.399219 0.720139 0.014062 0.018056
0 0.415625 0.695833 0.015625 0.013889
1 0.413281 0.677778 0.048437 0.019444
1 0.415625 0.616667 0.043750 0.019444
1 0.416406 0.593750 0.046875 0.020833
1 0.416406 0.554167 0.045313 0.016667
1 0.415625 0.535417 0.046875 0.026389
1 0.419531 0.513889 0.043750 0.022222
1 0.420703 0.491667 0.044531 0.025000
1 0.419922 0.470833 0.044531 0.022222
0 0.419531 0.408333 0.020312 0.016667
1 0.419531 0.345833 0.045313 0.022222
1 0.420703 0.325000 0.047656 0.016667
1 0.420312 0.282639 0.043750 0.018056
1 0.421484 0.262500 0.042969 0.022222
1 0.421875 0.220833 0.043750 0.022222
1 0.421484 0.198611 0.044531 0.022222
0 0.410156 0.162500 0.020312 0.016667
0 0.414844 0.131944 0.007813 0.036111
0 0.413672 0.178472 0.014844 0.015278
1 0.466797 0.025694 0.041406 0.020833
1 0.470313 0.046528 0.043750 0.018056
0 0.499219 0.031250 0.010937 0.031944
1 0.535547 0.076389 0.010156 0.080556
1 0.583203 0.024306 0.042969 0.020833
1 0.583594 0.049306 0.043750 0.023611
0 0.573438 0.070833 0.017188 0.016667
0 0.575781 0.086806 0.021875 0.012500
1 0.581250 0.106250 0.042188 0.020833
1 0.582812 0.125694 0.042188 0.023611
1 0.582812 0.145833 0.042188 0.016667
1 0.583203 0.166667 0.042969 0.019444
1 0.581641 0.249306 0.042969 0.020833
1 0.580859 0.291667 0.042969 0.019444
1 0.581250 0.329861 0.042188 0.020833
1 0.581250 0.352083 0.043750 0.020833
1 0.580469 0.390972 0.042188 0.018056
1 0.576563 0.409722 0.045313 0.019444
1 0.576953 0.652083 0.044531 0.020833
1 0.576563 0.676389 0.046875 0.016667
1 0.575000 0.715278 0.045313 0.019444
1 0.575781 0.740278 0.043750 0.022222
1 0.576563 0.777083 0.042188 0.020833
1 0.577734 0.800000 0.041406 0.016667
1 0.575781 0.856944 0.043750 0.022222
1 0.572656 0.918056 0.045313 0.019444
