0 0.230469 0.113194 0.007813 0.026389
0 0.210938 0.169444 0.007813 0.033333
0 0.267578 0.183333 0.010156 0.033333
0 0.275781 0.231250 0.010937 0.034722
0 0.240625 0.273611 0.009375 0.030556
0 0.228125 0.388889 0.009375 0.030556
0 0.212109 0.473611 0.007031 0.030556
0 0.210938 0.612500 0.009375 0.033333
0 0.210156 0.659722 0.009375 0.033333
0 0.213281 0.733333 0.007813 0.030556
0 0.214453 0.822917 0.008594 0.026389
0 0.218750 0.887500 0.010937 0.036111
0 0.250781 0.900000 0.010937 0.036111
0 0.234766 0.697222 0.008594 0.036111
0 0.260156 0.470139 0.007813 0.037500
0 0.272266 0.607639 0.008594 0.029167
0 0.273438 0.753472 0.010937 0.037500
1 0.342969 0.375694 0.045313 0.020833
1 0.343750 0.416667 0.043750 0.019444
1 0.342578 0.458333 0.044531 0.019444
1 0.414844 0.278472 0.045313 0.023611
0 0.485156 0.037500 0.007813 0.033333
0 0.484375 0.076389 0.007813 0.030556
0 0.483203 0.118750 0.007031 0.031944
0 0.484375 0.186111 0.007813 0.036111
0 0.414453 0.352778 0.017969 0.019444
0 0.416016 0.372222 0.019531 0.013889
0 0.415625 0.388194 0.020312 0.015278
0 0.414063 0.409028 0.015625 0.012500
0 0.415625 0.427083 0.017188 0.015278
0 0.416797 0.445139 0.017969 0.015278
0 0.414453 0.463194 0.019531 0.015278
0 0.416016 0.481250 0.019531 0.015278
0 0.414453 0.500694 0.016406 0.015278
0 0.332031 0.768056 0.017188 0.019444
0 0.335156 0.809028 0.020312 0.015278
0 0.334375 0.829167 0.015625 0.019444
0 0.357812 0.743750 0.015625 0.015278
0 0.360547 0.767361 0.016406 0.018056
0 0.361719 0.803472 0.017188 0.015278
0 0.392578 0.849306 0.008594 0.023611
0 0.400391 0.850000 0.007031 0.027778
0 0.394531 0.873611 0.018750 0.016667
0 0.394531 0.911806 0.017188 0.023611
0 0.421484 0.867361 0.019531 0.018056
0 0.425000 0.890278 0.017188 0.019444
0 0.398047 0.755556 0.008594 0.030556
0 0.405469 0.754861 0.007813 0.031944
0 0.484766 0.269444 0.008594 0.033333
0 0.480469 0.302083 0.017188 0.018056
0 0.483203 0.318750 0.014844 0.015278
1 0.492969 0.338889 0.043750 0.019444
1 0.492969 0.361111 0.045313 0.019444
1 0.494141 0.402778 0.044531 0.019444
1 0.494531 0.422917 0.043750 0.015278
1 0.493359 0.465972 0.042969 0.015278
1 0.492969 0.487500 0.043750 0.019444
0 0.491016 0.550000 0.021094 0.013889
1 0.495313 0.613889 0.043750 0.019444
1 0.495703 0.633333 0.044531 0.022222
1 0.494922 0.652778 0.046094 0.016667
1 0.493359 0.675000 0.044531 0.016667
1 0.492578 0.697222 0.044531 0.016667
1 0.491016 0.736111 0.042969 0.022222
1 0.491797 0.757639 0.046094 0.015278
1 0.492188 0.819444 0.043750 0.019444
0 0.494922 0.837500 0.014844 0.013889
0 0.476172 0.859028 0.016406 0.018056
0 0.469531 0.921528 0.014062 0.015278
1 0.654297 0.907639 0.044531 0.020833
1 0.651953 0.868750 0.046094 0.020833
1 0.652344 0.845833 0.045313 0.027778
1 0.653906 0.808333 0.046875 0.016667
1 0.653516 0.787500 0.044531 0.019444
1 0.648438 0.543750 0.045313 0.020833
1 0.652734 0.522917 0.047656 0.023611
1 0.651953 0.482639 0.044531 0.018056
1 0.651953 0.460417 0.047656 0.020833
1 0.651953 0.420833 0.044531 0.019444
1 0.651953 0.379861 0.044531 0.020833
1 0.650781 0.299306 0.045313 0.020833
1 0.651172 0.277083 0.046094 0.020833
1 0.652734 0.255556 0.046094 0.019444
1 0.651953 0.235417 0.046094 0.020833
0 0.643750 0.215278 0.023438 0.013889
0 0.640234 0.198611 0.017969 0.016667
1 0.651563 0.175694 0.042188 0.020833
1 0.652344 0.154861 0.043750 0.018056
1 0.651953 0.131944 0.044531 0.013889
1 0.651563 0.112500 0.043750 0.016667
1 0.650781 0.092361 0.043750 0.018056
1 0.651172 0.071528 0.046094 0.018056
0 0.637891 0.054167 0.016406 0.011111
0 0.646875 0.036111 0.020312 0.016667
0 0.525781 0.021528 0.020312 0.015278
1 0.531641 0.040278 0.041406 0.019444
0 0.531250 0.059722 0.040625 0.016667
0 0.532031 0.081944 0.040625 0.016667
0 0.540234 0.102778 0.017969 0.011111
1 0.532422 0.120833 0.041406 0.016667
1 0.533594 0.141667 0.040625 0.013889
1 0.534375 0.161806 0.042188 0.018056
1 0.538281 0.179861 0.040625 0.018056
0 0.567187 0.163889 0.007813 0.030556
1 0.607422 0.110417 0.014844 0.079167
