0 0.262891 0.052778 0.010156 0.030556
0 0.273828 0.069444 0.010156 0.033333
0 0.261328 0.200000 0.008594 0.033333
0 0.224609 0.245139 0.008594 0.037500
0 0.257031 0.299306 0.007813 0.037500
0 0.203125 0.279167 0.009375 0.033333
0 0.217578 0.497222 0.008594 0.027778
0 0.262891 0.446528 0.011719 0.034722
0 0.260938 0.586806 0.009375 0.037500
0 0.201562 0.579861 0.009375 0.031944
0 0.200781 0.720139 0.007813 0.031944
0 0.200391 0.763889 0.008594 0.033333
0 0.202344 0.837500 0.009375 0.027778
0 0.216016 0.765278 0.008594 0.033333
0 0.226953 0.720139 0.010156 0.031944
0 0.260547 0.770139 0.008594 0.040278
0 0.250391 0.865972 0.008594 0.040278
0 0.262500 0.913194 0.009375 0.034722
1 0.332812 0.488889 0.046875 0.019444
1 0.333594 0.528472 0.045313 0.020833
1 0.332812 0.570833 0.046875 0.022222
1 0.404297 0.393750 0.049219 0.018056
0 0.474219 0.383333 0.007813 0.036111
0 0.469922 0.415972 0.019531 0.015278
0 0.471875 0.431944 0.015625 0.013889
0 0.473828 0.231250 0.008594 0.034722
0 0.474219 0.190278 0.009375 0.036111
0 0.475000 0.156250 0.009375 0.029167
0 0.474219 0.108333 0.007813 0.033333
0 0.474609 0.065972 0.008594 0.029167
0 0.474219 0.025694 0.007813 0.031944
1 0.511328 0.015278 0.044531 0.025000
0 0.521484 0.052778 0.019531 0.013889
1 0.510938 0.072222 0.043750 0.019444
1 0.510547 0.093056 0.042969 0.019444
1 0.511719 0.114583 0.042188 0.018056
0 0.516797 0.135417 0.019531 0.018056
1 0.521094 0.154167 0.043750 0.019444
1 0.521484 0.172222 0.042969 0.019444
1 0.521875 0.195139 0.042188 0.018056
0 0.529688 0.216667 0.017188 0.016667
1 0.522656 0.231944 0.043750 0.016667
1 0.523828 0.253472 0.041406 0.015278
1 0.523047 0.274306 0.042969 0.015278
1 0.527734 0.295833 0.041406 0.016667
0 0.556641 0.277083 0.008594 0.034722
1 0.600391 0.115278 0.011719 0.080556
0 0.633594 0.027083 0.018750 0.015278
1 0.641797 0.044444 0.044531 0.016667
1 0.641016 0.065278 0.044531 0.022222
1 0.643750 0.109028 0.045313 0.020833
0 0.638281 0.148611 0.018750 0.013889
0 0.627344 0.168750 0.015625 0.018056
1 0.640625 0.188194 0.045313 0.018056
1 0.642969 0.207639 0.043750 0.015278
1 0.641406 0.229861 0.043750 0.018056
1 0.641406 0.249306 0.043750 0.020833
1 0.641797 0.270139 0.044531 0.020833
1 0.642187 0.290972 0.042188 0.018056
0 0.631250 0.311806 0.020312 0.015278
0 0.633594 0.330556 0.021875 0.013889
1 0.640625 0.349306 0.045313 0.018056
1 0.640625 0.370833 0.042188 0.025000
1 0.640625 0.393750 0.045313 0.020833
1 0.642187 0.413194 0.045313 0.018056
1 0.640625 0.493750 0.045313 0.020833
1 0.640625 0.535417 0.048437 0.023611
1 0.641016 0.576389 0.041406 0.016667
1 0.641016 0.595833 0.042969 0.022222
1 0.640625 0.634722 0.042188 0.016667
1 0.637109 0.657639 0.044531 0.020833
1 0.639844 0.900000 0.043750 0.022222
1 0.641406 0.922222 0.048437 0.022222
0 0.404297 0.465278 0.017969 0.019444
0 0.403906 0.486806 0.018750 0.018056
0 0.404687 0.506250 0.017188 0.020833
0 0.403906 0.522917 0.014062 0.012500
0 0.402734 0.539583 0.014844 0.012500
0 0.405469 0.556250 0.017188 0.012500
0 0.403906 0.576389 0.017188 0.016667
0 0.404297 0.596528 0.017969 0.012500
0 0.404687 0.609722 0.018750 0.013889
1 0.482812 0.453472 0.043750 0.018056
1 0.482812 0.477083 0.043750 0.018056
1 0.483203 0.518056 0.044531 0.022222
1 0.481641 0.538889 0.044531 0.019444
1 0.482812 0.580556 0.045313 0.019444
1 0.482031 0.602778 0.043750 0.019444
0 0.480078 0.662500 0.019531 0.019444
1 0.482031 0.724306 0.042188 0.023611
1 0.482812 0.747222 0.042188 0.016667
1 0.483203 0.768750 0.044531 0.015278
1 0.480469 0.789583 0.043750 0.020833
1 0.479688 0.811111 0.043750 0.022222
1 0.479688 0.850694 0.043750 0.026389
1 0.480469 0.872222 0.043750 0.016667
0 0.384375 0.864583 0.009375 0.031944
0 0.393750 0.865278 0.009375 0.030556
0 0.346484 0.856944 0.017969 0.019444
0 0.348437 0.877083 0.015625 0.018056
0 0.348437 0.917361 0.018750 0.020833
0 0.321484 0.877778 0.019531 0.016667
0 0.322266 0.919444 0.019531 0.016667
