0 0.230078 0.027083 0.010156 0.037500
0 0.226953 0.115278 0.010156 0.038889
0 0.249219 0.151389 0.010937 0.038889
0 0.246484 0.277778 0.010156 0.038889
0 0.220313 0.282639 0.009375 0.029167
0 0.173438 0.745139 0.009375 0.031944
0 0.200391 0.651389 0.010156 0.033333
0 0.203125 0.561111 0.009375 0.030556
0 0.216406 0.505556 0.007813 0.038889
0 0.234766 0.470139 0.008594 0.037500
0 0.246875 0.411806 0.009375 0.037500
0 0.248047 0.567361 0.010156 0.034722
1 0.372656 0.884028 0.042188 0.020833
0 0.439844 0.921528 0.014062 0.015278
0 0.438281 0.905556 0.017188 0.019444
0 0.442969 0.875694 0.007813 0.034722
0 0.442187 0.788889 0.009375 0.036111
0 0.444531 0.721528 0.009375 0.034722
0 0.443750 0.679167 0.009375 0.033333
0 0.445313 0.638194 0.009375 0.034722
0 0.445313 0.594444 0.007813 0.030556
0 0.445313 0.552778 0.007813 0.033333
0 0.447656 0.509722 0.007813 0.030556
0 0.448047 0.472917 0.010156 0.031944
0 0.447266 0.431944 0.007031 0.027778
0 0.511328 0.023611 0.017969 0.016667
0 0.531250 0.024306 0.017188 0.018056
1 0.522656 0.062500 0.043750 0.025000
0 0.528906 0.084722 0.018750 0.019444
1 0.521875 0.106250 0.042188 0.020833
1 0.522656 0.165278 0.043750 0.027778
0 0.518750 0.229167 0.020312 0.016667
0 0.537891 0.229167 0.017969 0.016667
0 0.521094 0.250000 0.018750 0.019444
0 0.527734 0.288889 0.021094 0.016667
1 0.563281 0.263194 0.015625 0.084722
0 0.607031 0.100694 0.018750 0.018056
0 0.612500 0.079167 0.018750 0.013889
0 0.607813 0.059722 0.020312 0.016667
0 0.611719 0.038889 0.018750 0.019444
0 0.617188 0.019444 0.017188 0.019444
1 0.617969 0.325000 0.043750 0.022222
0 0.605078 0.349306 0.017969 0.015278
1 0.614062 0.372917 0.045313 0.020833
1 0.594922 0.267361 0.030469 0.073611
1 0.612891 0.410417 0.046094 0.020833
0 0.611328 0.431250 0.019531 0.012500
1 0.612109 0.492361 0.046094 0.020833
0 0.603906 0.512500 0.015625 0.016667
1 0.612891 0.534722 0.044531 0.019444
1 0.610937 0.554861 0.045313 0.023611
1 0.612109 0.595139 0.047656 0.020833
0 0.608594 0.632639 0.018750 0.015278
0 0.598828 0.653472 0.017969 0.018056
1 0.610937 0.672917 0.043750 0.020833
1 0.610937 0.696528 0.042188 0.018056
1 0.610937 0.717361 0.043750 0.020833
1 0.610937 0.736111 0.045313 0.022222
1 0.610156 0.754861 0.043750 0.020833
1 0.610547 0.776389 0.044531 0.022222
0 0.600000 0.797222 0.017188 0.016667
0 0.602344 0.815972 0.021875 0.018056
1 0.608594 0.834722 0.043750 0.019444
1 0.607422 0.859722 0.044531 0.016667
1 0.607422 0.879167 0.046094 0.019444
1 0.608594 0.902083 0.046875 0.018056
0 0.526172 0.760417 0.011719 0.034722
0 0.519141 0.811111 0.017969 0.027778
1 0.497656 0.779861 0.040625 0.020833
1 0.493359 0.758333 0.042969 0.022222
1 0.492578 0.738194 0.041406 0.018056
1 0.492578 0.718750 0.042969 0.018056
0 0.500781 0.696528 0.017188 0.015278
1 0.492578 0.677083 0.044531 0.018056
1 0.493359 0.658333 0.042969 0.019444
1 0.491406 0.638194 0.043750 0.018056
0 0.489062 0.615972 0.018750 0.015278
1 0.482422 0.596528 0.042969 0.018056
1 0.482031 0.576389 0.043750 0.019444
1 0.481250 0.554861 0.042188 0.015278
0 0.494141 0.534028 0.019531 0.015278
1 0.482031 0.496528 0.042188 0.018056
1 0.482422 0.474306 0.042969 0.015278
1 0.483594 0.454861 0.043750 0.018056
1 0.485156 0.432639 0.048437 0.020833
0 0.479297 0.355556 0.021094 0.019444
