0 0.281250 0.079167 0.012500 0.025000
0 0.352344 0.063889 0.010937 0.036111
0 0.275391 0.133333 0.008594 0.030556
0 0.288281 0.110417 0.007813 0.034722
0 0.292578 0.070139 0.008594 0.034722
0 0.270312 0.186806 0.010937 0.031944
0 0.284375 0.165278 0.010937 0.033333
0 0.282422 0.202083 0.010156 0.031944
0 0.280469 0.254167 0.010937 0.033333
0 0.292188 0.246528 0.012500 0.034722
0 0.276172 0.311806 0.010156 0.040278
0 0.274219 0.365278 0.010937 0.038889
0 0.250391 0.645139 0.010156 0.034722
0 0.273047 0.645833 0.008594 0.030556
0 0.257031 0.762500 0.010937 0.033333
0 0.246094 0.911806 0.010937 0.043056
1 0.541016 0.238889 0.042969 0.047222
1 0.451953 0.325000 0.011719 0.083333
1 0.586328 0.416667 0.013281 0.077778
0 0.614062 0.253472 0.017188 0.023611
0 0.612500 0.272917 0.017188 0.018056
0 0.613672 0.289583 0.021094 0.015278
0 0.611719 0.306944 0.018750 0.011111
0 0.612500 0.332639 0.017188 0.020833
0 0.624219 0.353472 0.015625 0.020833
1 0.621094 0.416667 0.040625 0.022222
1 0.622656 0.438889 0.040625 0.022222
1 0.623047 0.459028 0.046094 0.015278
1 0.622656 0.479861 0.043750 0.018056
1 0.623047 0.497917 0.041406 0.023611
1 0.622656 0.519444 0.043750 0.016667
1 0.622266 0.539583 0.042969 0.020833
1 0.529297 0.542361 0.044531 0.023611
0 0.539063 0.565972 0.018750 0.018056
0 0.519141 0.583333 0.019531 0.016667
0 0.539844 0.584028 0.018750 0.018056
1 0.529688 0.622222 0.045313 0.019444
0 0.537891 0.644444 0.017969 0.013889
1 0.531641 0.666667 0.046094 0.019444
1 0.531641 0.727778 0.042969 0.022222
0 0.526563 0.786806 0.020312 0.018056
0 0.530078 0.805556 0.016406 0.016667
0 0.547656 0.786806 0.020312 0.020833
0 0.536328 0.843750 0.017969 0.015278
1 0.623828 0.883333 0.044531 0.019444
0 0.614062 0.902083 0.017188 0.012500
0 0.621875 0.843750 0.020312 0.018056
1 0.624219 0.922917 0.043750 0.020833
0 0.613672 0.659028 0.017969 0.015278
0 0.619531 0.636806 0.018750 0.015278
0 0.614453 0.617361 0.019531 0.015278
0 0.619531 0.595139 0.018750 0.020833
0 0.624219 0.577778 0.020312 0.016667
0 0.833203 0.192361 0.017969 0.029167
0 0.455078 0.495139 0.010156 0.034722
0 0.461328 0.458333 0.010156 0.033333
