0 0.275781 0.056944 0.014062 0.033333
0 0.273438 0.109722 0.007813 0.038889
0 0.283984 0.120833 0.008594 0.033333
0 0.260938 0.138889 0.009375 0.027778
0 0.266016 0.263194 0.011719 0.037500
0 0.250000 0.358333 0.009375 0.027778
0 0.263281 0.367361 0.010937 0.034722
0 0.248437 0.518056 0.010937 0.036111
0 0.256641 0.745833 0.010156 0.030556
1 0.257031 0.884028 0.014062 0.079167
0 0.453906 0.242361 0.009375 0.034722
1 0.582812 0.101389 0.018750 0.080556
0 0.611328 0.021528 0.017969 0.015278
0 0.612500 0.037500 0.020312 0.016667
0 0.610937 0.054167 0.020312 0.016667
0 0.610547 0.078472 0.021094 0.018056
0 0.623438 0.100694 0.017188 0.020833
1 0.620313 0.161806 0.042188 0.020833
1 0.621094 0.182639 0.042188 0.018056
1 0.621875 0.204861 0.042188 0.018056
1 0.621875 0.224306 0.043750 0.020833
1 0.621484 0.245833 0.042969 0.019444
1 0.621875 0.265278 0.043750 0.016667
1 0.622266 0.287500 0.041406 0.019444
0 0.623438 0.325694 0.020312 0.015278
0 0.618750 0.344444 0.020312 0.016667
0 0.615234 0.365972 0.019531 0.015278
0 0.619922 0.385417 0.019531 0.015278
0 0.612891 0.406944 0.016406 0.013889
1 0.623047 0.631944 0.044531 0.019444
0 0.623438 0.590972 0.020312 0.018056
0 0.613672 0.650694 0.017969 0.020833
1 0.622266 0.670833 0.042969 0.019444
1 0.619922 0.713194 0.046094 0.018056
0 0.619531 0.732639 0.018750 0.015278
1 0.621094 0.793056 0.043750 0.025000
0 0.612109 0.814583 0.016406 0.015278
1 0.622656 0.836111 0.043750 0.019444
1 0.621484 0.858333 0.041406 0.025000
1 0.621484 0.899306 0.042969 0.020833
0 0.616797 0.931944 0.019531 0.013889
0 0.496484 0.915972 0.021094 0.015278
1 0.492578 0.899306 0.041406 0.020833
1 0.491406 0.878472 0.043750 0.015278
1 0.491406 0.858333 0.043750 0.016667
0 0.503125 0.835417 0.017188 0.018056
1 0.492188 0.799306 0.040625 0.015278
1 0.491016 0.777778 0.039844 0.016667
1 0.492188 0.759028 0.042188 0.020833
1 0.492969 0.738889 0.045313 0.022222
0 0.457422 0.734722 0.008594 0.027778
0 0.457031 0.779167 0.007813 0.033333
0 0.456641 0.814583 0.010156 0.029167
0 0.455469 0.853472 0.007813 0.040278
0 0.454688 0.901389 0.009375 0.030556
0 0.526563 0.534722 0.020312 0.013889
0 0.547266 0.537500 0.019531 0.022222
0 0.528906 0.554167 0.015625 0.016667
0 0.535156 0.594444 0.018750 0.016667
1 0.530859 0.474306 0.044531 0.020833
1 0.529688 0.410417 0.045313 0.018056
0 0.537500 0.391667 0.017188 0.013889
1 0.529688 0.370833 0.045313 0.022222
0 0.517969 0.330556 0.018750 0.016667
0 0.538672 0.331250 0.019531 0.015278
0 0.535937 0.311806 0.020312 0.015278
1 0.530078 0.288194 0.044531 0.018056
0 0.553516 0.112500 0.008594 0.036111
0 0.541797 0.141667 0.008594 0.033333
0 0.541016 0.177083 0.008594 0.031944
0 0.553906 0.162500 0.010937 0.041667
1 0.451172 0.074306 0.011719 0.087500
