0 0.811458 0.008796 0.009375 0.016667
0 0.820182 0.062269 0.009115 0.028241
0 0.841536 0.067593 0.009115 0.030556
0 0.850651 0.044444 0.009115 0.025926
0 0.868490 0.035185 0.009896 0.031481
0 0.862891 0.078241 0.009635 0.036111
0 0.871875 0.074306 0.008854 0.031944
0 0.876172 0.125463 0.016927 0.012963
0 0.443620 0.218287 0.017448 0.014352
0 0.444401 0.262500 0.017448 0.012963
0 0.446094 0.290972 0.018229 0.013426
0 0.446484 0.324074 0.018490 0.009259
0 0.479427 0.211343 0.007292 0.029167
0 0.496615 0.211111 0.009375 0.028704
0 0.512370 0.208796 0.007552 0.027778
0 0.527995 0.205787 0.007552 0.028241
0 0.544922 0.204167 0.007031 0.028704
0 0.552604 0.203241 0.006250 0.019444
2 0.561589 0.200000 0.010156 0.030556
0 0.577995 0.202315 0.009115 0.031481
0 0.585807 0.200231 0.008073 0.028241
0 0.601562 0.199537 0.007292 0.031481
0 0.609896 0.197685 0.007812 0.028704
0 0.619531 0.197454 0.006771 0.030093
0 0.627474 0.195139 0.005990 0.027315
0 0.636458 0.195370 0.007292 0.030556
0 0.644141 0.194444 0.008073 0.031481
0 0.651563 0.194676 0.006771 0.031944
0 0.660547 0.192361 0.008073 0.033796
0 0.696354 0.187500 0.007292 0.028704
0 0.499089 0.278935 0.008594 0.031019
0 0.500521 0.313194 0.007292 0.027315
0 0.516276 0.310880 0.009635 0.035648
0 0.531641 0.273148 0.007552 0.030556
0 0.558073 0.305093 0.009896 0.026852
0 0.572786 0.271991 0.005990 0.023611
0 0.573958 0.305556 0.007812 0.029630
0 0.588281 0.268981 0.007812 0.027778
0 0.589714 0.302778 0.007552 0.025926
0 0.595573 0.268519 0.005729 0.025926
0 0.604297 0.266898 0.008594 0.019907
0 0.606120 0.301852 0.008594 0.027778
0 0.614193 0.300231 0.005990 0.027315
0 0.612370 0.267130 0.008594 0.025926
0 0.620833 0.266204 0.007292 0.029630
0 0.630729 0.262963 0.007812 0.031481
0 0.632682 0.300231 0.007031 0.029167
0 0.668880 0.262963 0.007031 0.028704
0 0.677734 0.261574 0.008073 0.029630
0 0.688281 0.263426 0.007292 0.024074
0 0.661198 0.297454 0.005208 0.020833
0 0.671224 0.298843 0.008073 0.029167
0 0.695573 0.295370 0.007292 0.030556
0 0.702604 0.295833 0.007812 0.026852
0 0.712109 0.292361 0.008073 0.031019
0 0.451693 0.428472 0.014323 0.012500
0 0.449219 0.411343 0.015104 0.006944
0 0.504557 0.416204 0.008073 0.025000
0 0.456120 0.485185 0.009115 0.032407
0 0.480078 0.480787 0.009115 0.028241
0 0.496224 0.481250 0.008073 0.031019
0 0.521354 0.477778 0.008333 0.029630
0 0.536458 0.478009 0.006771 0.031944
0 0.553906 0.476157 0.008333 0.028241
0 0.569922 0.474074 0.008073 0.030556
0 0.586849 0.473611 0.008073 0.027778
0 0.585938 0.406250 0.009375 0.024537
0 0.603385 0.470602 0.008854 0.032870
0 0.619922 0.467361 0.009115 0.030093
0 0.636328 0.400926 0.006510 0.021296
0 0.666016 0.397917 0.008073 0.026389
0 0.675130 0.396296 0.007031 0.025000
0 0.690885 0.395833 0.007292 0.025000
0 0.698438 0.395833 0.008333 0.026852
0 0.707031 0.394213 0.007292 0.031019
0 0.722656 0.391667 0.007812 0.022222
0 0.732422 0.392130 0.009115 0.029630
0 0.741276 0.391667 0.007552 0.029630
0 0.636328 0.467130 0.008594 0.027778
0 0.652604 0.464815 0.008333 0.026852
0 0.667578 0.463194 0.008073 0.028241
0 0.677214 0.464352 0.008594 0.030556
0 0.701172 0.459491 0.008594 0.033796
0 0.709635 0.458102 0.007292 0.026389
0 0.735286 0.456944 0.008594 0.031481
0 0.770312 0.452083 0.008333 0.031944
0 0.045443 0.574537 0.013802 0.012963
2 0.066797 0.664120 0.020052 0.019907
0 0.114844 0.728241 0.016667 0.013889
0 0.112760 0.828935 0.008854 0.028241
2 0.154818 0.781019 0.014323 0.040741
0 0.183203 0.860417 0.017448 0.013426
0 0.181901 0.875231 0.020573 0.012500
2 0.262370 0.747454 0.019531 0.013426
0 0.298568 0.853935 0.007031 0.031019
0 0.307292 0.860417 0.009375 0.029167
0 0.307031 0.895139 0.007812 0.026389
0 0.324609 0.890509 0.007031 0.026389
0 0.333594 0.890509 0.007292 0.026389
0 0.385417 0.969676 0.008333 0.028241
2 0.390885 0.912963 0.016146 0.023148
0 0.475781 0.752083 0.007292 0.027315
0 0.492578 0.872917 0.010156 0.031944
0 0.501432 0.866435 0.009115 0.028241
0 0.535417 0.881019 0.014583 0.013889
0 0.538411 0.895602 0.012760 0.012500
0 0.538411 0.913426 0.014323 0.012037
0 0.542057 0.986574 0.016406 0.013889
0 0.496354 0.995602 0.018229 0.008796
0 0.485677 0.909259 0.014063 0.012963
0 0.487240 0.922454 0.017188 0.015278
2 0.487370 0.939583 0.020573 0.025463
2 0.491016 0.956481 0.024740 0.030556
0 0.572786 0.795602 0.006510 0.021759
2 0.574609 0.735880 0.010156 0.037500
2 0.632161 0.844444 0.020052 0.016667
0 0.176432 0.582176 0.016406 0.013426
0 0.226302 0.584491 0.017708 0.012500
0 0.260156 0.566898 0.017188 0.011574
2 0.301563 0.584259 0.019271 0.013889
0 0.308724 0.605787 0.016406 0.014352
0 0.404427 0.596991 0.016667 0.015278
0 0.449479 0.585648 0.018229 0.013889
0 0.564063 0.582870 0.018229 0.013889
0 0.619271 0.578009 0.014063 0.011574
0 0.638281 0.554167 0.016667 0.012037
0 0.707552 0.547222 0.018229 0.012963
0 0.687891 0.569213 0.017448 0.010648
0 0.700911 0.629630 0.017969 0.014815
0 0.676042 0.656713 0.019792 0.015278
0 0.732943 0.652778 0.019010 0.013889
0 0.820573 0.536343 0.020313 0.013426
0 0.842318 0.554630 0.022135 0.014815
0 0.831380 0.598611 0.015885 0.013889
0 0.806250 0.645139 0.016667 0.015278
0 0.864714 0.638657 0.020573 0.013426
0 0.890885 0.596991 0.018750 0.011574
0 0.916276 0.666898 0.015365 0.018056
2 0.955469 0.570602 0.033854 0.017130
0 0.971745 0.589120 0.016927 0.012500
0 0.987891 0.626852 0.019010 0.013889
0 0.981380 0.678241 0.016927 0.012963
1 0.950651 0.720602 0.028385 0.018981
0 0.955990 0.737731 0.018750 0.013426
1 0.827344 0.843056 0.019792 0.037037
1 0.804557 0.812731 0.027344 0.024537
1 0.775521 0.808333 0.024479 0.016667
1 0.743620 0.813194 0.026302 0.014352
0 0.584115 0.734954 0.007812 0.028241
0 0.582682 0.799769 0.008073 0.024537
0 0.593880 0.798843 0.005990 0.027315
0 0.603906 0.800000 0.006771 0.028704
0 0.613672 0.798611 0.006510 0.028704
0 0.631771 0.800231 0.006250 0.022685
0 0.594792 0.732870 0.008333 0.027778
0 0.604297 0.730787 0.007552 0.029167
0 0.614583 0.730093 0.006771 0.029630
0 0.624870 0.730556 0.007552 0.028704
2 0.623047 0.798148 0.007031 0.034259
0 0.633854 0.727315 0.006771 0.028704
0 0.642318 0.726620 0.008073 0.030093
0 0.650391 0.727778 0.008594 0.032407
0 0.661068 0.726157 0.008073 0.031019
0 0.639323 0.796065 0.008333 0.028241
0 0.647135 0.791898 0.005729 0.025463
0 0.654948 0.794444 0.007812 0.027778
0 0.663281 0.796296 0.006250 0.023148
0 0.672005 0.790741 0.007552 0.032407
0 0.680729 0.789120 0.006771 0.028241
0 0.689844 0.787500 0.007292 0.028704
0 0.699479 0.787963 0.008854 0.027778
0 0.709896 0.784954 0.007812 0.030093
0 0.719010 0.784491 0.007292 0.027315
0 0.729297 0.784722 0.007552 0.029630
0 0.738672 0.783796 0.005990 0.021296
0 0.746224 0.780093 0.008073 0.027778
0 0.754818 0.781481 0.007552 0.028704
0 0.764062 0.779861 0.007812 0.027315
0 0.771615 0.778009 0.008333 0.030093
0 0.780208 0.776389 0.007292 0.027778
0 0.790625 0.774537 0.008333 0.028704
0 0.805729 0.775000 0.007292 0.025926
0 0.832943 0.775000 0.007552 0.028704
0 0.840495 0.773148 0.007552 0.030556
0 0.850000 0.770370 0.006250 0.028704
0 0.860026 0.766898 0.009115 0.031944
2 0.871354 0.766204 0.008854 0.032407
0 0.670703 0.725000 0.007031 0.025926
0 0.679818 0.720833 0.007031 0.029630
0 0.689453 0.718287 0.007031 0.030093
0 0.699479 0.718519 0.007292 0.027778
0 0.707812 0.715972 0.007292 0.031944
0 0.716406 0.715509 0.007812 0.031944
0 0.725130 0.716204 0.007031 0.027778
0 0.735156 0.714815 0.008854 0.033333
0 0.743490 0.714815 0.007812 0.031481
0 0.751302 0.714815 0.007292 0.031481
0 0.761068 0.713657 0.008073 0.029167
0 0.773307 0.707639 0.008073 0.027315
0 0.781380 0.710648 0.007552 0.030556
0 0.801562 0.709028 0.007812 0.027315
0 0.810937 0.707407 0.007812 0.025926
0 0.820443 0.705324 0.008073 0.028241
0 0.829557 0.705556 0.008073 0.029630
0 0.839063 0.701389 0.008333 0.025926
0 0.848437 0.703472 0.007292 0.021759
0 0.858854 0.705093 0.007812 0.029630
0 0.792318 0.738426 0.019010 0.012963
0 0.664714 0.767130 0.013281 0.011111
