0 0.762760 0.025231 0.016667 0.013426
0 0.771224 0.059028 0.010156 0.031944
0 0.778776 0.057176 0.009635 0.028241
0 0.787109 0.050463 0.009635 0.029630
0 0.795964 0.046065 0.009635 0.030093
0 0.811849 0.039815 0.009635 0.031481
0 0.819792 0.034954 0.009896 0.031019
0 0.780208 0.120602 0.009375 0.030093
0 0.800911 0.126389 0.009115 0.031481
0 0.810026 0.106713 0.008073 0.027315
0 0.827734 0.095370 0.011198 0.028704
0 0.821875 0.138657 0.007812 0.031944
0 0.831901 0.135185 0.009115 0.030556
0 0.833464 0.187269 0.017448 0.014352
0 0.751823 0.193750 0.010417 0.020833
0 0.403776 0.260880 0.016406 0.016204
0 0.404948 0.305556 0.017188 0.012037
0 0.405469 0.335648 0.018750 0.011111
0 0.406380 0.365278 0.015885 0.012037
0 0.439063 0.256713 0.007812 0.031019
0 0.457031 0.255324 0.008854 0.030093
0 0.472266 0.254167 0.007031 0.026852
0 0.488151 0.253704 0.009115 0.027778
0 0.504948 0.250231 0.007812 0.031019
0 0.513151 0.250926 0.005990 0.020370
2 0.521354 0.248611 0.008333 0.032407
0 0.538021 0.249306 0.008333 0.030093
0 0.546484 0.247917 0.006510 0.028241
0 0.562370 0.247685 0.008073 0.033333
0 0.570052 0.248148 0.006771 0.024074
0 0.579297 0.246065 0.007031 0.030093
0 0.586458 0.244907 0.006771 0.029630
0 0.595182 0.246296 0.007552 0.033333
0 0.603385 0.243750 0.007812 0.029167
0 0.611458 0.243750 0.007812 0.032870
0 0.620052 0.243981 0.007292 0.033333
0 0.655599 0.241435 0.008073 0.031019
0 0.458594 0.321528 0.007292 0.028241
0 0.458854 0.355093 0.006771 0.025000
0 0.475391 0.356019 0.008594 0.031481
0 0.490625 0.319444 0.007292 0.026852
0 0.516016 0.352778 0.009115 0.025926
0 0.531380 0.319213 0.006510 0.022685
0 0.531641 0.352546 0.009635 0.029167
0 0.546484 0.317361 0.005990 0.027315
0 0.547917 0.350694 0.007812 0.027315
0 0.555729 0.316898 0.007812 0.023611
0 0.563542 0.317361 0.006250 0.023611
0 0.564193 0.351157 0.006510 0.029167
0 0.572786 0.349769 0.007031 0.025463
0 0.572135 0.316667 0.006771 0.028704
0 0.580208 0.315972 0.008333 0.029167
0 0.588932 0.313194 0.009115 0.032870
0 0.590234 0.347685 0.007552 0.025000
0 0.619661 0.347454 0.006510 0.020833
0 0.626953 0.316204 0.007552 0.028704
0 0.635417 0.315509 0.006771 0.031019
0 0.647266 0.314583 0.008073 0.029167
0 0.628516 0.350926 0.007031 0.027778
0 0.652865 0.348611 0.008333 0.028704
0 0.660807 0.346296 0.005990 0.025926
0 0.670052 0.345833 0.007812 0.031481
0 0.009896 0.602546 0.018229 0.018056
0 0.070964 0.621759 0.014844 0.012037
0 0.120964 0.608102 0.017448 0.013426
0 0.142187 0.634954 0.017708 0.010648
3 0.101172 0.690046 0.006510 0.007870
0 0.189714 0.621296 0.017969 0.012963
0 0.247135 0.642130 0.019792 0.012963
0 0.277214 0.620139 0.019531 0.014352
0 0.273047 0.704861 0.016927 0.014352
2 0.383464 0.721759 0.019531 0.013889
1 0.562109 0.603472 0.041406 0.017130
0 0.732812 0.596759 0.017708 0.012037
0 0.766927 0.611806 0.018229 0.011574
0 0.879687 0.605787 0.017188 0.012500
0 0.861068 0.699306 0.020052 0.015278
0 0.932943 0.584954 0.017969 0.012500
0 0.909375 0.753009 0.018750 0.019907
0 0.906120 0.797454 0.019010 0.011574
0 0.932292 0.741667 0.018229 0.011111
0 0.989323 0.776620 0.008854 0.027315
0 0.994271 0.811343 0.008854 0.030093
0 0.995833 0.847454 0.008333 0.028241
0 0.407682 0.453704 0.015885 0.005556
0 0.409375 0.469213 0.014583 0.008796
0 0.411719 0.527315 0.007812 0.030556
0 0.435937 0.523148 0.007812 0.028704
0 0.451953 0.525000 0.009115 0.028704
0 0.461458 0.458796 0.007812 0.025000
0 0.477734 0.522685 0.008073 0.029630
0 0.493359 0.521991 0.007552 0.029167
0 0.509505 0.520833 0.008073 0.027778
0 0.526302 0.519907 0.008333 0.030556
0 0.543099 0.454398 0.008073 0.024537
0 0.542448 0.520833 0.007292 0.028704
0 0.558203 0.519213 0.007552 0.030093
0 0.574609 0.517130 0.008073 0.028704
0 0.593099 0.450463 0.007031 0.021296
0 0.591797 0.515278 0.007552 0.026852
0 0.621615 0.450231 0.007292 0.026389
0 0.608464 0.514583 0.007552 0.025463
0 0.623958 0.513194 0.007812 0.029167
0 0.632943 0.510880 0.007031 0.022685
0 0.631120 0.448843 0.007552 0.024537
0 0.647266 0.447222 0.007552 0.023148
0 0.655078 0.446991 0.006510 0.024537
0 0.663672 0.447685 0.005990 0.024074
0 0.656771 0.510185 0.008854 0.029630
0 0.665104 0.510648 0.007292 0.022222
0 0.680208 0.444213 0.007292 0.020833
0 0.688021 0.445833 0.007812 0.025926
0 0.697786 0.448148 0.007031 0.023148
0 0.689583 0.509259 0.008854 0.030556
0 0.725651 0.506713 0.008073 0.032870
0 0.067187 0.757176 0.019792 0.013426
2 0.104557 0.808565 0.012240 0.039352
0 0.061979 0.859259 0.008333 0.028704
0 0.131771 0.892130 0.019792 0.015741
0 0.132812 0.908333 0.018750 0.015741
2 0.212891 0.781944 0.019010 0.012963
0 0.249219 0.890046 0.008333 0.030093
0 0.257812 0.898843 0.007292 0.026389
0 0.256901 0.931250 0.008594 0.027315
0 0.274479 0.927315 0.007292 0.029630
0 0.284766 0.929398 0.007031 0.026389
2 0.340885 0.952546 0.016146 0.023611
0 0.426823 0.794907 0.007292 0.028704
0 0.484635 0.875694 0.008854 0.025463
0 0.451172 0.910880 0.009635 0.029167
0 0.442969 0.916435 0.009375 0.031019
0 0.434505 0.951620 0.012760 0.011574
0 0.436849 0.964583 0.018490 0.017130
2 0.437109 0.984491 0.020573 0.021759
2 0.441406 0.993056 0.022396 0.013889
0 0.489063 0.940278 0.013021 0.013889
0 0.487500 0.959259 0.015104 0.013889
0 0.536328 0.781713 0.006510 0.029167
0 0.524219 0.841667 0.006250 0.022222
0 0.534115 0.846528 0.006771 0.025463
0 0.544661 0.845370 0.005990 0.025000
0 0.555208 0.847685 0.006250 0.028704
0 0.565495 0.846296 0.005990 0.025926
0 0.582161 0.849537 0.005469 0.021296
0 0.590495 0.844676 0.007552 0.028241
0 0.598307 0.841204 0.005990 0.025926
0 0.605469 0.843287 0.006250 0.029167
0 0.613802 0.845370 0.006250 0.025000
0 0.623307 0.841435 0.007552 0.031944
0 0.631901 0.839583 0.008073 0.028241
0 0.641406 0.839352 0.007812 0.030556
0 0.650391 0.839352 0.007031 0.025926
0 0.660677 0.836343 0.006771 0.029167
0 0.670052 0.835417 0.007292 0.030093
0 0.680990 0.836111 0.007292 0.032407
0 0.689453 0.835185 0.005990 0.020370
0 0.697526 0.833102 0.007031 0.030093
0 0.704948 0.833102 0.007292 0.027315
0 0.714323 0.832639 0.007812 0.028241
0 0.722526 0.831250 0.006510 0.030093
0 0.731120 0.831250 0.006510 0.027315
0 0.740495 0.829861 0.008073 0.030093
0 0.756771 0.828935 0.008854 0.027315
0 0.782943 0.831019 0.006510 0.029630
0 0.790885 0.828472 0.007292 0.030093
0 0.800391 0.826620 0.007552 0.026389
0 0.810286 0.824306 0.008073 0.028241
2 0.822266 0.823843 0.010156 0.032870
0 0.810807 0.761806 0.007031 0.028241
0 0.799870 0.759954 0.006510 0.022685
0 0.789844 0.756944 0.008333 0.025926
0 0.781380 0.760185 0.007552 0.030556
0 0.772396 0.760880 0.007292 0.027315
0 0.763151 0.763657 0.007552 0.023611
0 0.752604 0.763889 0.007812 0.025000
0 0.746224 0.784259 0.010677 0.028704
0 0.733984 0.762963 0.008073 0.029630
0 0.724219 0.762269 0.007812 0.028241
0 0.712891 0.767130 0.007031 0.029630
0 0.702734 0.768287 0.008073 0.028241
0 0.695052 0.765972 0.006771 0.032870
0 0.686719 0.767361 0.009896 0.032870
0 0.676693 0.766435 0.007031 0.026389
0 0.668490 0.766435 0.007812 0.031944
0 0.659115 0.769676 0.007812 0.030093
0 0.650911 0.769213 0.008594 0.031019
0 0.642448 0.769444 0.007812 0.029630
0 0.632031 0.772222 0.007812 0.031481
0 0.616276 0.816435 0.013281 0.011574
0 0.622786 0.775000 0.006510 0.027778
0 0.613021 0.775231 0.006250 0.029167
0 0.603125 0.776852 0.006771 0.028704
0 0.594922 0.776389 0.007031 0.028704
0 0.585547 0.774537 0.006510 0.027778
0 0.576693 0.778472 0.007031 0.031019
0 0.566146 0.777546 0.007292 0.028241
0 0.556641 0.779398 0.008594 0.030093
0 0.547005 0.781019 0.006510 0.027778
0 0.992839 0.017130 0.008594 0.032407
2 0.994661 0.062731 0.009115 0.033796
