0 0.572656 0.344676 0.007292 0.029167
0 0.589323 0.346528 0.006771 0.033796
0 0.605859 0.344444 0.006510 0.031481
0 0.630469 0.343750 0.007292 0.031944
0 0.632812 0.408102 0.017188 0.014352
0 0.632552 0.437269 0.017188 0.014352
0 0.632292 0.466435 0.017188 0.014352
0 0.632552 0.496065 0.017188 0.014352
0 0.632812 0.524769 0.017188 0.014352
0 0.631771 0.582639 0.017188 0.014352
0 0.632812 0.597917 0.017188 0.014352
0 0.633333 0.626157 0.017188 0.014352
0 0.596094 0.599769 0.017188 0.014352
0 0.575781 0.600231 0.017188 0.014352
0 0.574219 0.571065 0.017188 0.014352
0 0.576562 0.541898 0.017188 0.014352
0 0.594010 0.499306 0.017188 0.014352
0 0.575000 0.469676 0.017188 0.014352
0 0.576302 0.439583 0.017188 0.014352
0 0.594010 0.439583 0.017188 0.014352
0 0.575781 0.643287 0.017188 0.014352
0 0.575260 0.674306 0.017188 0.014352
0 0.595313 0.672917 0.017188 0.014352
0 0.594792 0.656250 0.017188 0.014352
0 0.593229 0.643287 0.017188 0.014352
0 0.632812 0.656713 0.017188 0.014352
0 0.633333 0.671065 0.017188 0.014352
0 0.634115 0.684028 0.017188 0.014352
0 0.576302 0.629167 0.015625 0.012037
0 0.594401 0.628009 0.012760 0.010648
0 0.594661 0.613194 0.012760 0.010648
0 0.594401 0.571065 0.012760 0.010648
0 0.632292 0.642130 0.014063 0.012037
0 0.633333 0.540509 0.013021 0.009722
2 0.634115 0.554398 0.018229 0.011574
0 0.633594 0.701389 0.018229 0.012963
0 0.632812 0.714352 0.018229 0.012963
0 0.633594 0.729630 0.018229 0.012963
0 0.572656 0.742593 0.018229 0.012963
0 0.591927 0.755556 0.018229 0.012963
0 0.574479 0.784722 0.018229 0.012963
0 0.574740 0.799074 0.018229 0.012963
0 0.575000 0.814352 0.018229 0.012963
0 0.633854 0.794444 0.018229 0.012963
0 0.592839 0.775694 0.016406 0.011574
0 0.592839 0.741204 0.017448 0.012037
0 0.574609 0.728009 0.012760 0.011574
2 0.902474 0.188889 0.014323 0.027778
3 0.660807 0.807176 0.003906 0.012500
0 0.512891 0.348843 0.006510 0.022685
0 0.480339 0.350926 0.017969 0.012963
0 0.482161 0.395370 0.017969 0.012963
0 0.480859 0.423148 0.017969 0.012963
0 0.516406 0.442130 0.014583 0.013889
0 0.481380 0.468981 0.017448 0.012963
0 0.480599 0.496759 0.017448 0.012963
0 0.480208 0.525231 0.015625 0.013426
0 0.481380 0.555093 0.017448 0.012963
0 0.480078 0.583333 0.017448 0.012963
0 0.480078 0.612037 0.017448 0.012963
0 0.517708 0.588889 0.014583 0.013889
0 0.481901 0.643519 0.017448 0.012963
0 0.481120 0.671065 0.015885 0.013426
0 0.480859 0.701389 0.017448 0.012963
0 0.481641 0.729630 0.017448 0.012963
0 0.479687 0.745370 0.017188 0.012963
0 0.481380 0.787037 0.017448 0.012963
0 0.482161 0.845833 0.017448 0.012963
0 0.516927 0.862037 0.016667 0.012037
0 0.518359 0.845833 0.017448 0.012963
0 0.517448 0.800926 0.014583 0.012963
0 0.518099 0.830093 0.012760 0.013889
0 0.517969 0.787500 0.014583 0.012963
0 0.517708 0.770833 0.014583 0.012963
0 0.518229 0.744444 0.014583 0.012963
0 0.517969 0.727778 0.014583 0.012963
0 0.518229 0.675000 0.014583 0.012963
0 0.480990 0.801157 0.012500 0.010648
0 0.482292 0.908102 0.018750 0.015278
0 0.481901 0.952546 0.019010 0.016204
0 0.398438 0.013657 0.008854 0.026389
0 0.418620 0.106019 0.009115 0.028704
0 0.431250 0.137731 0.007812 0.033796
0 0.405859 0.123611 0.009115 0.028704
0 0.418359 0.286111 0.009115 0.028704
0 0.406771 0.301852 0.007812 0.033333
0 0.372135 0.284028 0.008333 0.033796
2 0.395573 0.226389 0.008333 0.034259
2 0.430208 0.281944 0.007292 0.035185
2 0.419661 0.383102 0.007031 0.032870
0 0.391146 0.379167 0.008333 0.028704
0 0.396745 0.449769 0.007552 0.031944
0 0.431250 0.444444 0.007292 0.028704
0 0.385026 0.481019 0.006510 0.023148
0 0.374349 0.529167 0.006510 0.028704
0 0.404427 0.516667 0.006771 0.012037
0 0.420964 0.596065 0.008073 0.031944
0 0.397135 0.662269 0.008854 0.030093
2 0.386068 0.744907 0.007552 0.032407
0 0.431380 0.719444 0.007031 0.025926
0 0.420052 0.769907 0.007292 0.029630
0 0.372917 0.875926 0.007292 0.029630
0 0.386979 0.927315 0.007292 0.029630
0 0.397396 0.941204 0.007292 0.029630
0 0.374479 0.975463 0.007292 0.029630
2 0.397005 0.850463 0.007031 0.030556
1 0.281771 0.844907 0.009375 0.045370
1 0.282682 0.900463 0.009635 0.041667
1 0.278255 0.950000 0.014323 0.041667
1 0.261198 0.985880 0.020833 0.028241
2 0.028776 0.437500 0.012240 0.031481
0 0.032813 0.212269 0.017188 0.011574
0 0.035547 0.228009 0.016927 0.014352
0 0.091667 0.189120 0.017708 0.009722
0 0.112109 0.195139 0.017969 0.011574
0 0.137760 0.195602 0.019271 0.010648
2 0.161849 0.197685 0.019531 0.011111
0 0.209115 0.198611 0.015104 0.012037
0 0.255859 0.061111 0.015365 0.015741
0 0.256250 0.093981 0.016667 0.017593
0 0.256380 0.109722 0.016406 0.013889
0 0.273438 0.063426 0.017188 0.013889
0 0.278255 0.048611 0.019010 0.016667
0 0.179036 0.485648 0.014323 0.012963
0 0.192318 0.477083 0.008073 0.030093
0 0.234505 0.474769 0.007031 0.022685
0 0.244661 0.476852 0.008594 0.023148
0 0.178646 0.401852 0.009896 0.030556
0 0.187630 0.394676 0.011198 0.032870
2 0.212109 0.389352 0.016406 0.042593
2 0.221484 0.383796 0.013802 0.035185
0 0.231641 0.384491 0.010156 0.030093
0 0.239453 0.381250 0.007552 0.019907
0 0.259115 0.395833 0.017188 0.016667
0 0.263281 0.409491 0.017188 0.018056
0 0.331380 0.470602 0.017448 0.014352
0 0.329688 0.371991 0.016667 0.014352
2 0.240234 0.212269 0.012760 0.031944
3 0.278906 0.461111 0.006250 0.007407
0 0.298698 0.543056 0.013542 0.011111
0 0.297266 0.560648 0.014844 0.012037
0 0.334115 0.619213 0.017188 0.012500
0 0.297135 0.767593 0.016146 0.012963
0 0.295833 0.580787 0.018750 0.013426
0 0.295052 0.598380 0.018750 0.013426
0 0.295052 0.615972 0.016667 0.012500
0 0.295573 0.661343 0.018750 0.013426
0 0.296615 0.690046 0.018750 0.013426
0 0.296875 0.719676 0.018750 0.013426
0 0.296615 0.734491 0.018750 0.013426
0 0.297135 0.750694 0.018750 0.013426
0 0.334635 0.734491 0.018750 0.013426
0 0.335156 0.719213 0.018750 0.013426
0 0.335156 0.703472 0.018750 0.013426
0 0.334115 0.684491 0.018750 0.013426
0 0.335156 0.669213 0.018750 0.013426
0 0.335677 0.653472 0.018750 0.013426
0 0.334375 0.638194 0.018750 0.013426
0 0.334115 0.602546 0.018750 0.013426
0 0.333854 0.585417 0.018750 0.013426
0 0.333073 0.566898 0.018750 0.013426
0 0.336719 0.768287 0.018750 0.013426
0 0.336198 0.784028 0.018750 0.013426
0 0.299219 0.784954 0.018750 0.013426
0 0.298438 0.801620 0.018750 0.013426
0 0.337760 0.800231 0.018750 0.013426
0 0.298177 0.821065 0.018750 0.013426
0 0.311589 0.706250 0.007031 0.022685
2 0.268620 0.645370 0.009115 0.033333
0 0.293750 0.646759 0.012500 0.011111
2 0.296094 0.631250 0.018750 0.011574
0 0.337240 0.753241 0.017188 0.012963
2 0.333854 0.547917 0.022396 0.014352
0 0.297396 0.675231 0.014063 0.012500
0 0.298438 0.850231 0.018750 0.013426
0 0.298698 0.864120 0.018750 0.013426
0 0.298698 0.879398 0.018750 0.013426
0 0.300000 0.893287 0.018750 0.013426
0 0.299479 0.928009 0.018750 0.013426
0 0.336198 0.915972 0.018750 0.013426
0 0.336589 0.878472 0.017969 0.015278
0 0.336458 0.861343 0.018750 0.013426
0 0.337500 0.847454 0.018750 0.013426
0 0.336719 0.832639 0.018750 0.013426
0 0.337760 0.815741 0.017708 0.013889
0 0.338802 0.900000 0.015625 0.014815
0 0.300391 0.954398 0.016406 0.014352
0 0.336979 0.932639 0.017188 0.014352
0 0.336849 0.949074 0.015885 0.012037
0 0.337500 0.967824 0.013542 0.011574
0 0.337370 0.984259 0.016927 0.012037
0 0.338021 0.997454 0.017188 0.005093
0 0.454167 0.964815 0.013542 0.030556
0 0.751042 0.986343 0.010417 0.027315
0 0.521745 0.346065 0.004948 0.028241
