2 0.859635 0.487500 0.009375 0.034259
0 0.869531 0.490278 0.007812 0.031481
0 0.879427 0.491204 0.007812 0.031481
0 0.887760 0.489352 0.007812 0.031481
0 0.896094 0.488426 0.007812 0.031481
0 0.894010 0.562037 0.007812 0.031481
0 0.902865 0.563889 0.007812 0.031481
0 0.920833 0.562500 0.007812 0.031481
0 0.932292 0.565741 0.007812 0.031481
0 0.940625 0.566667 0.007812 0.031481
0 0.924219 0.498148 0.007292 0.030556
0 0.938542 0.503241 0.007292 0.030556
0 0.949219 0.501852 0.007292 0.030556
0 0.957552 0.503704 0.007292 0.030556
0 0.965625 0.505093 0.007292 0.030556
3 0.958333 0.539815 0.008854 0.010185
0 0.884505 0.558796 0.008594 0.027778
0 0.912500 0.562500 0.007292 0.025926
0 0.951042 0.573380 0.005729 0.026389
0 0.962760 0.570139 0.007812 0.030093
0 0.972656 0.573611 0.008854 0.033333
0 0.979688 0.574769 0.007292 0.033796
0 0.988672 0.574537 0.009115 0.033333
0 0.997396 0.578704 0.005208 0.026852
0 0.974479 0.505324 0.007292 0.033796
0 0.983203 0.505324 0.008073 0.028241
0 0.991146 0.507176 0.006250 0.019907
0 0.998177 0.509491 0.003646 0.032870
0 0.931380 0.636343 0.019010 0.014352
0 0.980469 0.702778 0.018750 0.015741
0 0.995964 0.685648 0.008073 0.013889
0 0.996875 0.729167 0.006250 0.012037
0 0.930078 0.825463 0.008073 0.030556
0 0.964974 0.831944 0.009635 0.027778
0 0.989974 0.835880 0.009115 0.025463
0 0.997135 0.836574 0.005208 0.030556
0 0.953385 0.893750 0.009896 0.032870
0 0.963281 0.896991 0.009896 0.032870
0 0.985417 0.900231 0.009896 0.032870
0 0.995052 0.902083 0.009896 0.032870
0 0.970443 0.895833 0.007552 0.021296
2 0.899740 0.730556 0.036979 0.024074
0 0.912370 0.673843 0.017448 0.014352
0 0.836198 0.637731 0.020313 0.015278
0 0.812500 0.604398 0.020313 0.015278
0 0.806901 0.632407 0.016406 0.012963
0 0.818620 0.653472 0.016927 0.018056
0 0.771354 0.689352 0.016146 0.016667
0 0.719401 0.633565 0.017969 0.015278
0 0.721094 0.595139 0.014583 0.011574
0 0.741797 0.543056 0.021094 0.018519
0 0.677344 0.628472 0.018750 0.016204
0 0.666927 0.580324 0.017188 0.012500
0 0.643229 0.597454 0.017708 0.013426
0 0.636458 0.616204 0.018229 0.014815
2 0.767188 0.651852 0.021875 0.014815
0 0.576953 0.605324 0.012240 0.013426
0 0.555599 0.602546 0.016927 0.016204
0 0.531901 0.615046 0.016927 0.016204
0 0.512109 0.591435 0.016927 0.016204
0 0.493880 0.567824 0.016927 0.016204
0 0.485547 0.587731 0.016927 0.016204
0 0.461328 0.582176 0.016927 0.016204
0 0.449349 0.559028 0.016927 0.016204
0 0.453255 0.540509 0.016927 0.016204
0 0.444141 0.519676 0.016927 0.016204
0 0.428776 0.533102 0.016927 0.016204
0 0.405078 0.531250 0.016927 0.016204
0 0.365755 0.542361 0.016927 0.016204
0 0.366536 0.523380 0.016927 0.016204
0 0.365234 0.558102 0.016927 0.016204
2 0.394531 0.546528 0.019271 0.014352
2 0.386979 0.563426 0.018750 0.014815
2 0.436198 0.576157 0.018750 0.014352
2 0.537500 0.595833 0.018229 0.014815
0 0.413151 0.570370 0.016406 0.012037
2 0.397917 0.498843 0.019271 0.018981
0 0.368099 0.485417 0.018490 0.023611
0 0.346745 0.577546 0.017448 0.017130
0 0.334245 0.554398 0.017448 0.017130
0 0.339193 0.534954 0.017448 0.017130
0 0.343099 0.515509 0.017448 0.017130
0 0.316797 0.509028 0.017448 0.017130
0 0.314453 0.529861 0.017448 0.017130
0 0.285547 0.543750 0.017448 0.017130
0 0.286328 0.525231 0.017448 0.017130
0 0.309766 0.549306 0.014323 0.014352
2 0.306641 0.608796 0.020573 0.015741
2 0.282552 0.563426 0.029167 0.020370
1 0.285807 0.502083 0.028906 0.018981
0 0.287760 0.450926 0.017188 0.012963
0 0.314844 0.448843 0.017708 0.013426
0 0.408464 0.450463 0.019010 0.017593
0 0.454688 0.431481 0.018229 0.016667
0 0.501563 0.410417 0.017188 0.015278
0 0.539193 0.395370 0.016406 0.015741
3 0.552474 0.410417 0.004948 0.006019
0 0.561979 0.344907 0.015625 0.014815
0 0.594141 0.350463 0.019010 0.015741
0 0.593099 0.373148 0.015365 0.014815
0 0.639323 0.353241 0.016146 0.015741
0 0.650260 0.380324 0.015625 0.016204
0 0.697917 0.290509 0.013021 0.014352
0 0.729297 0.284259 0.015365 0.013889
0 0.752344 0.264583 0.016146 0.016204
2 0.784375 0.156713 0.013542 0.050463
0 0.925521 0.161111 0.015625 0.010185
0 0.784896 0.298380 0.017708 0.014352
0 0.723177 0.321991 0.019271 0.016204
0 0.862500 0.223843 0.019792 0.016204
0 0.852083 0.271065 0.019792 0.016204
0 0.905729 0.205324 0.019792 0.016204
0 0.930990 0.196528 0.019792 0.016204
0 0.935156 0.239120 0.019792 0.016204
2 0.892057 0.235185 0.021094 0.014815
0 0.950521 0.189583 0.019792 0.015278
0 0.969010 0.249769 0.020313 0.018056
3 0.940755 0.251389 0.005990 0.007407
0 0.704688 0.427083 0.008854 0.033796
0 0.684505 0.422222 0.008594 0.028704
0 0.705859 0.365509 0.009115 0.030093
0 0.685547 0.457870 0.008594 0.028704
0 0.686589 0.493287 0.008073 0.026389
1 0.777083 0.512731 0.029167 0.016204
0 0.010547 0.964352 0.015365 0.033333
0 0.009115 0.903472 0.012500 0.030093
0 0.021354 0.865509 0.010937 0.023611
2 0.023438 0.894444 0.016667 0.035185
2 0.032161 0.905787 0.016406 0.031944
0 0.044792 0.871528 0.015625 0.027315
3 0.060937 0.761111 0.007292 0.010185
0 0.069922 0.770602 0.014323 0.024537
0 0.082812 0.767130 0.010417 0.020370
0 0.069010 0.735880 0.015104 0.029167
0 0.085807 0.727546 0.013281 0.029167
2 0.094271 0.734722 0.015104 0.032407
0 0.063281 0.711806 0.015104 0.028241
0 0.033984 0.608333 0.019010 0.013889
0 0.034115 0.590741 0.018750 0.012963
0 0.023047 0.574074 0.016927 0.011111
0 0.010547 0.591667 0.016927 0.012037
0 0.004557 0.572685 0.008594 0.014815
0 0.112240 0.577778 0.014583 0.027778
0 0.135677 0.507407 0.014583 0.027778
0 0.172005 0.455556 0.011198 0.031481
0 0.204427 0.447454 0.013542 0.025463
2 0.184635 0.543287 0.015104 0.033796
0 0.173698 0.383565 0.010937 0.022685
0 0.182682 0.396991 0.009115 0.020833
2 0.195833 0.400926 0.016146 0.030556
0 0.197396 0.318519 0.013021 0.029630
0 0.210026 0.317130 0.014844 0.027778
0 0.222396 0.326620 0.015104 0.025463
0 0.221484 0.252778 0.011719 0.025926
2 0.228776 0.264352 0.008073 0.022222
2 0.258854 0.223611 0.014583 0.033333
0 0.255990 0.159722 0.013021 0.029630
0 0.254427 0.200000 0.014063 0.029630
0 0.241016 0.202083 0.010677 0.022685
0 0.279427 0.096528 0.013021 0.031019
0 0.289453 0.063657 0.010677 0.018981
0 0.300911 0.035417 0.011719 0.026389
0 0.311979 0.008796 0.011458 0.015741
0 0.519531 0.105556 0.007292 0.023148
0 0.528255 0.099306 0.007552 0.024537
0 0.536589 0.097454 0.007552 0.023611
0 0.241667 0.555093 0.009896 0.014815
2 0.235547 0.611111 0.016406 0.021296
3 0.300260 0.247222 0.006250 0.012037
3 0.296745 0.260417 0.005469 0.006019
3 0.298698 0.268056 0.005729 0.005556
3 0.302474 0.277315 0.006510 0.011111
0 0.241667 0.470139 0.015104 0.014352
