0 0.202604 0.036806 0.014063 0.022685
2 0.257812 0.053472 0.018229 0.026389
0 0.276562 0.075000 0.010937 0.017593
0 0.397656 0.148611 0.014583 0.020370
0 0.401302 0.135185 0.013542 0.020370
0 0.407031 0.122222 0.016146 0.020370
0 0.411589 0.110417 0.012240 0.017130
0 0.415755 0.096528 0.017448 0.024537
0 0.426823 0.072454 0.014583 0.018981
0 0.443750 0.026852 0.015625 0.023148
0 0.447396 0.012269 0.013542 0.018981
0 0.437630 0.233102 0.016927 0.022685
0 0.444141 0.208565 0.016927 0.022685
0 0.449089 0.196065 0.016927 0.022685
0 0.453646 0.182870 0.015625 0.018519
0 0.460026 0.170139 0.016927 0.022685
0 0.469661 0.146528 0.016927 0.022685
0 0.472786 0.132639 0.016927 0.022685
0 0.478776 0.121991 0.016927 0.022685
0 0.487891 0.095370 0.014844 0.021296
0 0.492578 0.081481 0.015365 0.019444
0 0.498568 0.069676 0.015365 0.019907
0 0.502474 0.056250 0.013281 0.020833
2 0.506771 0.043287 0.016146 0.025463
0 0.510938 0.028704 0.014583 0.023148
0 0.516667 0.015972 0.014583 0.023611
0 0.548047 0.381250 0.017448 0.013426
0 0.554948 0.364120 0.012500 0.014352
0 0.561458 0.345602 0.015104 0.013426
0 0.567057 0.328241 0.017448 0.013889
0 0.583333 0.286343 0.018229 0.015278
0 0.596615 0.250231 0.018229 0.015278
0 0.610417 0.213657 0.018229 0.015278
0 0.617708 0.196065 0.018229 0.015278
0 0.623698 0.179398 0.018229 0.015278
0 0.630990 0.160417 0.018229 0.015278
0 0.639583 0.141435 0.018229 0.015278
0 0.589844 0.267824 0.013021 0.011574
0 0.600781 0.340741 0.017188 0.021296
0 0.606250 0.329861 0.013542 0.019907
0 0.611458 0.318287 0.013542 0.019907
0 0.616406 0.306250 0.016146 0.023611
0 0.626302 0.278704 0.015625 0.021296
0 0.631771 0.266667 0.015625 0.021296
0 0.636458 0.250926 0.015625 0.021296
0 0.641667 0.237037 0.015625 0.021296
0 0.651042 0.212037 0.015625 0.021296
0 0.656510 0.198611 0.015625 0.021296
0 0.661979 0.186111 0.015625 0.021296
0 0.687240 0.120833 0.015625 0.021296
0 0.660286 0.084491 0.017969 0.015278
0 0.666536 0.066898 0.017969 0.015278
0 0.672526 0.050231 0.017969 0.015278
0 0.679427 0.034954 0.015625 0.013426
0 0.718620 0.068287 0.016927 0.021759
0 0.692187 0.108333 0.018229 0.025000
0 0.708464 0.123843 0.014844 0.023611
0 0.702474 0.138194 0.014844 0.023611
0 0.697786 0.152083 0.014844 0.023611
0 0.693880 0.166435 0.014844 0.023611
0 0.687891 0.177083 0.014844 0.023611
0 0.682943 0.192824 0.014844 0.023611
0 0.677734 0.203935 0.014844 0.023611
0 0.673047 0.218287 0.014844 0.023611
0 0.668229 0.232407 0.014063 0.024074
0 0.663542 0.243519 0.014063 0.024074
0 0.658073 0.256481 0.014063 0.024074
0 0.653125 0.270833 0.014063 0.024074
0 0.647396 0.283796 0.014063 0.024074
0 0.642708 0.298380 0.013021 0.021759
0 0.632552 0.324769 0.014063 0.020833
0 0.622135 0.349306 0.015104 0.020833
0 0.586719 0.396296 0.011458 0.017593
0 0.664453 0.337500 0.009635 0.031481
0 0.670443 0.323148 0.009635 0.031481
0 0.677604 0.301620 0.008854 0.024537
0 0.689844 0.268519 0.006771 0.022222
0 0.709635 0.218750 0.007812 0.029167
0 0.724349 0.184491 0.007552 0.021759
0 0.732943 0.173148 0.008594 0.030556
0 0.741146 0.156250 0.008854 0.026389
0 0.913021 0.056250 0.014063 0.011574
0 0.967187 0.017824 0.016146 0.022685
2 0.957422 0.043750 0.016927 0.022685
0 0.952474 0.059722 0.015885 0.023148
0 0.943229 0.084259 0.016667 0.023148
0 0.933333 0.111574 0.016667 0.023148
0 0.912891 0.160648 0.012760 0.017593
0 0.904167 0.187037 0.016667 0.023148
0 0.892708 0.213426 0.016667 0.023148
0 0.889714 0.227778 0.014323 0.019444
0 0.865234 0.246991 0.013802 0.027315
0 0.863932 0.289120 0.016406 0.025463
0 0.854948 0.315046 0.015104 0.020833
0 0.844661 0.342361 0.016406 0.025463
0 0.839714 0.354861 0.016406 0.025463
0 0.836068 0.366435 0.016406 0.025463
0 0.830339 0.379861 0.016406 0.025463
0 0.820573 0.403704 0.015625 0.024074
0 0.795833 0.467130 0.017188 0.023148
0 0.792969 0.480556 0.017188 0.023148
0 0.786458 0.492130 0.017188 0.023148
0 0.781510 0.507870 0.017188 0.023148
0 0.776302 0.517130 0.017188 0.023148
0 0.772656 0.533333 0.017188 0.023148
0 0.765104 0.542593 0.013542 0.018519
0 0.756380 0.567824 0.014844 0.021759
0 0.751042 0.581019 0.015625 0.022222
0 0.713021 0.576620 0.008333 0.025463
0 0.677474 0.576852 0.016406 0.022222
0 0.982292 0.263657 0.017708 0.016204
0 0.971224 0.186111 0.012760 0.025000
0 0.896484 0.199769 0.013802 0.021759
0 0.917057 0.112269 0.010156 0.022685
0 0.926823 0.121528 0.014063 0.021759
0 0.952734 0.267824 0.013281 0.027315
0 0.969531 0.290972 0.013021 0.029167
0 0.951302 0.336806 0.013021 0.029167
0 0.893229 0.400231 0.012500 0.021759
0 0.939974 0.365972 0.012240 0.019907
2 0.869401 0.437731 0.014844 0.031019
0 0.883594 0.551389 0.015104 0.025000
0 0.845833 0.498380 0.014583 0.024537
0 0.831901 0.533796 0.013281 0.030556
0 0.819141 0.565972 0.011719 0.025463
0 0.843229 0.589815 0.015104 0.026852
0 0.829948 0.622454 0.013542 0.026389
0 0.847396 0.627315 0.016146 0.025926
0 0.763281 0.657407 0.017708 0.015741
0 0.763542 0.761111 0.011979 0.029630
0 0.764583 0.877315 0.015104 0.021296
0 0.839583 0.932639 0.011458 0.019907
0 0.849089 0.944444 0.011198 0.023148
0 0.709115 0.929398 0.015104 0.027315
0 0.673177 0.677546 0.016667 0.012500
0 0.679427 0.660648 0.018229 0.014815
0 0.692969 0.736111 0.016667 0.024074
0 0.687109 0.748380 0.014323 0.021759
0 0.683073 0.761574 0.015625 0.023148
0 0.722656 0.749769 0.011458 0.027315
0 0.676953 0.774306 0.014844 0.020833
0 0.667318 0.799074 0.016927 0.022222
0 0.657422 0.822685 0.016927 0.022222
0 0.643359 0.860648 0.016927 0.022222
0 0.639714 0.873611 0.016927 0.022222
0 0.635286 0.885648 0.016927 0.022222
0 0.629297 0.899537 0.016927 0.022222
0 0.624609 0.912500 0.016927 0.022222
0 0.620703 0.924074 0.016927 0.022222
0 0.615755 0.937963 0.016927 0.022222
2 0.610807 0.952315 0.012760 0.018519
0 0.641797 0.956481 0.013281 0.025926
2 0.654167 0.925463 0.013021 0.028704
0 0.667057 0.897222 0.011719 0.025926
0 0.677474 0.866204 0.012240 0.030556
0 0.898958 0.469444 0.013021 0.026852
0 0.231250 0.120602 0.017188 0.016204
0 0.217969 0.153935 0.017188 0.016204
0 0.211458 0.170602 0.017188 0.016204
0 0.200260 0.206713 0.017188 0.016204
0 0.194010 0.222454 0.017188 0.016204
0 0.186979 0.240972 0.017188 0.016204
0 0.181510 0.259028 0.017188 0.016204
0 0.174219 0.277083 0.015104 0.013426
0 0.204557 0.189583 0.013281 0.015278
0 0.258073 0.159722 0.011458 0.018519
0 0.250130 0.189583 0.014323 0.021759
0 0.244792 0.203241 0.014063 0.021296
0 0.238411 0.212037 0.014323 0.020370
0 0.230469 0.239583 0.015104 0.023611
0 0.224740 0.253009 0.016146 0.023611
0 0.213932 0.275231 0.011719 0.018056
0 0.155078 0.327315 0.016406 0.012963
0 0.148568 0.344907 0.016406 0.012963
0 0.141536 0.362963 0.016406 0.012963
0 0.128255 0.396759 0.016406 0.012963
0 0.123047 0.415741 0.016406 0.012963
0 0.114453 0.434259 0.017969 0.015741
0 0.109245 0.453241 0.017969 0.015741
0 0.103646 0.468287 0.016146 0.012500
0 0.096615 0.484491 0.016146 0.014352
0 0.090625 0.499769 0.016146 0.014352
0 0.084115 0.515509 0.016146 0.014352
0 0.077344 0.535880 0.016146 0.014352
0 0.069531 0.555787 0.017188 0.013426
0 0.062630 0.573380 0.015885 0.011574
0 0.058333 0.588426 0.017708 0.013889
0 0.102604 0.582176 0.013542 0.018056
0 0.105078 0.566435 0.011198 0.015278
0 0.109766 0.553241 0.010156 0.016667
0 0.114714 0.541435 0.009635 0.016204
0 0.119922 0.531481 0.012240 0.019444
0 0.137630 0.478935 0.011719 0.019907
0 0.141927 0.465046 0.008854 0.015278
0 0.147917 0.453472 0.012500 0.016204
0 0.187370 0.353472 0.015365 0.020833
0 0.192448 0.342361 0.015625 0.020833
0 0.279297 0.131019 0.014844 0.021296
2 0.298958 0.154398 0.018750 0.026389
0 0.336328 0.201157 0.013281 0.020833
0 0.354818 0.224306 0.015885 0.022685
0 0.374089 0.193981 0.014844 0.022222
0 0.372917 0.246065 0.015625 0.023611
0 0.385547 0.291667 0.013281 0.015741
0 0.372266 0.324769 0.016927 0.014352
0 0.366016 0.342824 0.016927 0.014352
0 0.360286 0.357639 0.016927 0.014352
0 0.353776 0.376620 0.016927 0.014352
0 0.339974 0.413657 0.016927 0.014352
0 0.332943 0.428935 0.016927 0.014352
0 0.326432 0.445602 0.016927 0.014352
0 0.320182 0.462731 0.016927 0.014352
0 0.316797 0.478935 0.016927 0.014352
0 0.309505 0.494676 0.016927 0.014352
0 0.303906 0.512269 0.015625 0.014352
0 0.297135 0.527546 0.017188 0.017130
0 0.290104 0.547454 0.017188 0.017130
0 0.282552 0.566435 0.017188 0.017130
0 0.275391 0.583796 0.015365 0.012037
0 0.270052 0.598843 0.018750 0.014352
0 0.263802 0.612269 0.018750 0.014352
0 0.257552 0.630787 0.018750 0.014352
0 0.252344 0.646528 0.018750 0.014352
0 0.240885 0.678472 0.018750 0.014352
0 0.234375 0.694676 0.018750 0.014352
0 0.228646 0.711343 0.018750 0.014352
0 0.220833 0.728935 0.018750 0.014352
0 0.215104 0.745833 0.016146 0.014815
0 0.211979 0.761343 0.016667 0.012500
0 0.247005 0.662037 0.013802 0.012037
0 0.239714 0.759259 0.013802 0.025926
0 0.254167 0.729167 0.014583 0.027778
0 0.288802 0.658565 0.015104 0.022685
0 0.296094 0.631250 0.011979 0.020833
0 0.304167 0.601852 0.009896 0.012963
0 0.317578 0.583565 0.014844 0.020833
0 0.331771 0.546065 0.012500 0.018056
0 0.345833 0.508102 0.014583 0.020833
0 0.348438 0.492824 0.011458 0.016204
0 0.396615 0.363657 0.011979 0.020833
0 0.425000 0.322685 0.015104 0.023148
2 0.443620 0.344907 0.016927 0.023148
0 0.457422 0.308565 0.014323 0.021759
0 0.475781 0.330787 0.014063 0.020833
0 0.502214 0.363657 0.015885 0.023611
0 0.509635 0.396991 0.011458 0.016204
0 0.514844 0.429630 0.013542 0.019444
0 0.547526 0.416435 0.013802 0.020833
0 0.577474 0.454167 0.015885 0.025000
0 0.609375 0.494676 0.016146 0.022685
0 0.626432 0.515509 0.014323 0.018981
0 0.529036 0.477315 0.016927 0.015741
0 0.522266 0.495833 0.016927 0.015741
0 0.514193 0.515278 0.016927 0.015741
0 0.501172 0.549537 0.016927 0.015741
0 0.494141 0.568287 0.016927 0.016204
0 0.488411 0.585880 0.016927 0.016204
0 0.482682 0.603472 0.016927 0.016204
0 0.468620 0.635417 0.016927 0.016204
0 0.462370 0.651157 0.016927 0.016204
0 0.456380 0.671065 0.016927 0.016204
0 0.449609 0.688194 0.016927 0.016204
0 0.442578 0.706713 0.016927 0.016204
0 0.435547 0.722917 0.016927 0.016204
0 0.429818 0.740046 0.016927 0.016204
0 0.423568 0.757639 0.016927 0.016204
0 0.417057 0.772917 0.016927 0.016204
0 0.410807 0.790509 0.016927 0.016204
0 0.404687 0.807407 0.018229 0.013889
0 0.383984 0.850000 0.012760 0.025926
0 0.393359 0.857870 0.012760 0.025926
0 0.401172 0.859722 0.012760 0.025926
0 0.411589 0.861111 0.010677 0.021296
0 0.430599 0.835648 0.009635 0.018519
0 0.439323 0.824306 0.013542 0.020833
0 0.442708 0.813657 0.013542 0.020833
0 0.447917 0.798843 0.013542 0.020833
0 0.458203 0.775231 0.015365 0.023611
0 0.462240 0.761806 0.012500 0.020833
0 0.475260 0.721991 0.011458 0.017130
0 0.492318 0.685880 0.014844 0.021759
0 0.505859 0.648843 0.014844 0.021759
0 0.512109 0.634954 0.014844 0.021759
0 0.513932 0.620602 0.011198 0.017130
0 0.521484 0.610648 0.015885 0.023148
0 0.532943 0.567361 0.011719 0.017130
0 0.539323 0.558796 0.015104 0.024074
0 0.543750 0.545370 0.015104 0.024074
0 0.548307 0.529167 0.009115 0.014815
0 0.572786 0.502778 0.014323 0.021296
0 0.589193 0.520833 0.014323 0.021296
0 0.626693 0.566667 0.014323 0.021296
0 0.644661 0.589352 0.015885 0.022222
0 0.662760 0.611574 0.011458 0.015741
0 0.173177 0.410417 0.009375 0.013426
