0 0.045312 0.081019 0.018229 0.013889
0 0.073828 0.278472 0.015885 0.009722
0 0.112891 0.251852 0.016406 0.012037
0 0.165625 0.253241 0.014583 0.012037
0 0.224479 0.066204 0.007292 0.028704
0 0.251693 0.064815 0.007552 0.028704
0 0.251042 0.102315 0.005729 0.031481
0 0.250000 0.146528 0.008333 0.030093
2 0.248307 0.215741 0.008594 0.030556
0 0.239974 0.228472 0.012240 0.031944
0 0.213411 0.218519 0.008073 0.033333
0 0.239974 0.269213 0.006510 0.022685
0 0.211589 0.341898 0.005990 0.022685
0 0.211849 0.376620 0.007552 0.031019
0 0.226823 0.389352 0.006771 0.025926
0 0.208854 0.430093 0.007292 0.030556
0 0.207161 0.465741 0.016406 0.022222
0 0.051042 0.458565 0.016667 0.008796
0 0.011328 0.625926 0.014844 0.010185
0 0.031510 0.625694 0.016667 0.011574
0 0.009245 0.656481 0.015885 0.010185
0 0.087760 0.665741 0.017188 0.012037
0 0.137891 0.665278 0.015885 0.012037
0 0.176953 0.670139 0.017448 0.012500
0 0.207422 0.587963 0.005990 0.027778
0 0.207682 0.668750 0.007031 0.024537
0 0.239063 0.521296 0.003125 0.028704
0 0.235937 0.675000 0.007812 0.028704
3 0.222786 0.611574 0.004948 0.011111
0 0.204427 0.715509 0.006250 0.028241
0 0.201042 0.898611 0.006250 0.030556
0 0.048438 0.992824 0.018229 0.012500
0 0.069141 0.995139 0.018490 0.009722
0 0.127995 0.996528 0.011719 0.006944
0 0.104557 0.997222 0.017448 0.005556
0 0.238672 0.553241 0.003385 0.025000
0 0.230339 0.930556 0.005990 0.030556
0 0.231901 0.892824 0.005469 0.030093
0 0.210026 0.961806 0.006510 0.031019
0 0.202214 0.135648 0.016927 0.015741
0 0.209375 0.037500 0.017708 0.012963
0 0.304297 0.003009 0.015365 0.005093
0 0.302083 0.029167 0.017708 0.014815
0 0.302344 0.043056 0.017708 0.014815
0 0.301823 0.058333 0.017708 0.014815
0 0.301302 0.073148 0.017708 0.014815
0 0.301823 0.089815 0.017708 0.014815
0 0.301042 0.104630 0.017708 0.014815
0 0.301302 0.119907 0.017708 0.014815
0 0.299609 0.196528 0.017448 0.012500
0 0.298047 0.227083 0.017448 0.012500
0 0.298307 0.241898 0.017448 0.012500
0 0.298047 0.256250 0.017448 0.012500
0 0.297786 0.271991 0.017448 0.012500
0 0.298177 0.302315 0.016146 0.011111
0 0.297266 0.331944 0.016927 0.013889
0 0.295703 0.409491 0.016406 0.013426
0 0.296745 0.423380 0.017969 0.011574
0 0.308594 0.368519 0.007812 0.030556
0 0.296094 0.437731 0.017188 0.012500
0 0.294792 0.452546 0.017188 0.012500
0 0.295573 0.483565 0.014583 0.011574
0 0.294661 0.528241 0.014844 0.012963
0 0.305859 0.527546 0.006510 0.021759
0 0.328385 0.420833 0.012500 0.022222
0 0.330208 0.446296 0.017708 0.025926
0 0.318880 0.214583 0.007552 0.026389
0 0.293490 0.543981 0.017188 0.012963
0 0.292708 0.573611 0.017188 0.012963
0 0.293490 0.603241 0.017188 0.012963
0 0.291667 0.679167 0.017188 0.012963
0 0.291667 0.693981 0.017188 0.012963
0 0.291667 0.710185 0.017188 0.012963
0 0.291667 0.724537 0.017188 0.012963
0 0.290104 0.739352 0.017188 0.012963
0 0.291667 0.771296 0.017188 0.012963
0 0.290234 0.785648 0.017969 0.013889
0 0.289453 0.800000 0.017969 0.013889
0 0.290234 0.813889 0.017969 0.013889
0 0.289193 0.829167 0.017969 0.013889
0 0.289714 0.844907 0.017969 0.013889
0 0.289453 0.861111 0.017969 0.013889
0 0.301563 0.862037 0.007812 0.029630
2 0.290104 0.755093 0.020833 0.012963
0 0.251302 0.730093 0.014583 0.013889
0 0.265625 0.807639 0.015104 0.013426
0 0.263672 0.858796 0.010677 0.012037
0 0.261198 0.750694 0.006250 0.011574
2 0.294141 0.619213 0.017448 0.011574
0 0.500521 0.040972 0.018229 0.016204
0 0.481901 0.055787 0.016406 0.013426
0 0.499740 0.057176 0.015625 0.012500
0 0.498958 0.072222 0.017188 0.013889
0 0.498698 0.087037 0.017188 0.013889
0 0.498177 0.117593 0.017188 0.013889
0 0.498177 0.133796 0.017188 0.013889
0 0.497656 0.150000 0.017188 0.013889
0 0.498177 0.166667 0.017188 0.013889
0 0.480208 0.166204 0.017188 0.013889
0 0.479427 0.149074 0.017188 0.013889
0 0.479687 0.133333 0.017188 0.013889
0 0.478906 0.181019 0.017188 0.013889
0 0.478125 0.196296 0.017188 0.013889
0 0.497135 0.197222 0.017188 0.013889
0 0.497396 0.212500 0.017188 0.013889
0 0.478385 0.211574 0.017188 0.013889
0 0.477344 0.227315 0.017188 0.013889
0 0.496875 0.229630 0.017188 0.013889
0 0.478125 0.243981 0.017188 0.013889
0 0.479167 0.260185 0.017188 0.013889
0 0.479167 0.275000 0.017188 0.013889
0 0.478385 0.290741 0.017188 0.013889
0 0.477083 0.306019 0.017188 0.013889
0 0.495573 0.307870 0.017188 0.013889
0 0.480469 0.087269 0.013021 0.011574
0 0.450521 0.104398 0.016146 0.029167
0 0.449219 0.124537 0.016667 0.030556
0 0.450391 0.147222 0.010677 0.020370
0 0.449479 0.187037 0.011979 0.021296
0 0.447135 0.246759 0.014583 0.025000
0 0.445964 0.266898 0.011198 0.019907
0 0.445443 0.288426 0.011198 0.022222
0 0.443880 0.309259 0.010156 0.019444
0 0.438672 0.327083 0.014323 0.023611
0 0.475521 0.322685 0.016146 0.010185
0 0.494141 0.322454 0.018490 0.012500
0 0.479948 0.117824 0.014063 0.012500
0 0.533724 0.006713 0.011198 0.012500
0 0.534505 0.020833 0.015365 0.026852
0 0.533073 0.071528 0.014583 0.026389
0 0.532552 0.092593 0.011458 0.020370
0 0.532292 0.115972 0.014583 0.026389
0 0.531250 0.157176 0.014583 0.026389
0 0.530990 0.179861 0.014583 0.026389
0 0.530729 0.200231 0.014583 0.026389
0 0.529948 0.223380 0.014583 0.026389
0 0.528646 0.246065 0.014583 0.026389
0 0.528646 0.312037 0.016146 0.029630
0 0.527865 0.333333 0.016146 0.029630
0 0.528125 0.350000 0.016146 0.029630
0 0.527604 0.370370 0.014583 0.025000
0 0.510938 0.365509 0.007292 0.029167
0 0.483464 0.378704 0.016927 0.008333
0 0.526302 0.427778 0.014063 0.024074
0 0.525521 0.468981 0.015104 0.026852
0 0.501302 0.480093 0.007292 0.028704
0 0.524740 0.486806 0.015625 0.023611
0 0.524479 0.506713 0.015625 0.023611
0 0.523177 0.529398 0.015625 0.023611
0 0.524479 0.547454 0.015625 0.023611
0 0.523438 0.567361 0.015625 0.023611
0 0.523698 0.589120 0.015625 0.023611
0 0.522396 0.606250 0.015625 0.023611
0 0.522135 0.624769 0.015625 0.023611
0 0.521875 0.647454 0.015625 0.023611
0 0.522396 0.668287 0.015625 0.023611
0 0.521094 0.686806 0.015625 0.023611
0 0.521354 0.705787 0.015625 0.023611
0 0.521615 0.728935 0.015625 0.023611
0 0.521354 0.746991 0.015625 0.023611
0 0.519531 0.770602 0.015625 0.023611
0 0.519531 0.806481 0.014063 0.021296
0 0.518750 0.847454 0.014583 0.024537
0 0.517839 0.869907 0.016927 0.029630
0 0.517839 0.892130 0.016927 0.029630
0 0.518750 0.962500 0.006771 0.031481
0 0.490365 0.582407 0.017188 0.012037
0 0.471484 0.597685 0.018490 0.013889
0 0.470964 0.612963 0.018490 0.013889
0 0.489714 0.613889 0.018490 0.013889
0 0.490234 0.599074 0.018490 0.013889
0 0.489193 0.643519 0.018490 0.013889
0 0.471224 0.642130 0.018490 0.013889
0 0.470443 0.674074 0.018490 0.013889
0 0.469141 0.750000 0.018490 0.013889
0 0.488151 0.751852 0.018490 0.013889
0 0.487630 0.766204 0.018490 0.013889
0 0.468880 0.764815 0.018490 0.013889
0 0.487630 0.689815 0.019531 0.013889
0 0.469401 0.718981 0.017448 0.015741
0 0.468229 0.780324 0.018229 0.014352
0 0.468229 0.795602 0.016146 0.012500
0 0.486328 0.796065 0.017969 0.014352
0 0.486458 0.782176 0.017188 0.014352
0 0.486458 0.811574 0.017708 0.013889
0 0.467187 0.824769 0.017708 0.014352
0 0.466406 0.854398 0.017708 0.014352
0 0.466927 0.870602 0.017708 0.014352
0 0.466667 0.885417 0.017708 0.014352
0 0.484635 0.887269 0.017708 0.014352
0 0.485156 0.856250 0.017708 0.014352
0 0.488802 0.840509 0.013021 0.013426
0 0.484635 0.871759 0.013021 0.012037
0 0.484505 0.903935 0.016927 0.012500
0 0.465495 0.899769 0.016406 0.009722
0 0.458203 0.959028 0.017969 0.012500
0 0.438021 0.584028 0.015104 0.024537
0 0.437500 0.605324 0.015104 0.024537
0 0.439193 0.624306 0.012760 0.018056
0 0.440755 0.641667 0.011719 0.024074
0 0.438802 0.663426 0.015625 0.025926
0 0.439974 0.681481 0.012760 0.024074
0 0.439714 0.703241 0.015365 0.025000
0 0.439453 0.720602 0.010677 0.019907
0 0.439193 0.743056 0.011198 0.020370
0 0.438151 0.786806 0.008073 0.018981
0 0.433073 0.850926 0.014583 0.025926
0 0.435937 0.888194 0.011458 0.018056
0 0.435026 0.906944 0.013281 0.021296
0 0.437630 0.944213 0.013281 0.024537
0 0.673958 0.005556 0.016146 0.010185
0 0.672656 0.019444 0.017708 0.014815
0 0.672396 0.034259 0.017708 0.014815
0 0.671875 0.047685 0.017708 0.014815
0 0.670312 0.079630 0.017708 0.014815
0 0.671875 0.096296 0.017708 0.014815
0 0.670312 0.112963 0.017708 0.014815
0 0.671615 0.141204 0.017708 0.014815
0 0.669792 0.174537 0.017708 0.014815
0 0.669531 0.187500 0.017708 0.014815
0 0.670573 0.218519 0.017708 0.014815
0 0.669531 0.234722 0.017708 0.014815
2 0.670052 0.202778 0.017708 0.014815
0 0.669010 0.262500 0.017708 0.014815
0 0.669010 0.278704 0.017708 0.014815
0 0.666927 0.340741 0.017708 0.014815
0 0.665625 0.356019 0.017708 0.014815
0 0.664062 0.416204 0.017708 0.014815
0 0.664323 0.431944 0.017708 0.014815
0 0.731120 0.009491 0.014323 0.011574
0 0.732812 0.025926 0.015104 0.012037
0 0.731380 0.040509 0.018490 0.013426
0 0.731380 0.056250 0.013281 0.011574
0 0.729167 0.103704 0.015625 0.013889
0 0.728255 0.157639 0.017448 0.013426
0 0.729427 0.172222 0.015625 0.012963
0 0.729427 0.203472 0.017188 0.014352
0 0.728385 0.217824 0.017188 0.014352
0 0.727083 0.232176 0.017188 0.014352
0 0.727083 0.247454 0.017188 0.014352
0 0.726302 0.281250 0.017188 0.014352
0 0.725781 0.327546 0.017188 0.014352
0 0.725781 0.358102 0.017188 0.014352
0 0.724870 0.342361 0.015365 0.012500
0 0.725781 0.379398 0.017188 0.014352
0 0.725260 0.395602 0.017188 0.014352
0 0.724219 0.411343 0.017188 0.014352
0 0.723698 0.442361 0.017188 0.014352
0 0.725260 0.457176 0.017188 0.014352
0 0.723047 0.473611 0.017969 0.013889
0 0.723698 0.503704 0.018750 0.013889
0 0.677995 0.504398 0.007031 0.029167
0 0.662240 0.553704 0.018229 0.013889
0 0.666797 0.537731 0.010156 0.013426
0 0.662760 0.569444 0.017708 0.012963
0 0.662240 0.599074 0.017708 0.012963
0 0.661979 0.614815 0.017708 0.012963
0 0.660937 0.646296 0.017708 0.012963
0 0.661458 0.660648 0.017708 0.012963
0 0.661198 0.674769 0.016667 0.011574
0 0.661198 0.690509 0.016667 0.011574
0 0.660937 0.706250 0.016667 0.011574
0 0.659896 0.721296 0.017188 0.012963
0 0.704688 0.570833 0.007292 0.028704
0 0.703385 0.638426 0.007292 0.028704
0 0.702344 0.678472 0.006771 0.031944
0 0.702083 0.717130 0.005729 0.026852
0 0.702604 0.758565 0.007292 0.029167
0 0.659245 0.751157 0.015365 0.014352
0 0.658854 0.767130 0.016146 0.013889
0 0.659896 0.782176 0.017708 0.012500
0 0.660156 0.795833 0.016146 0.013889
0 0.659505 0.810648 0.017969 0.013889
0 0.660026 0.826157 0.017448 0.013426
0 0.657161 0.857639 0.016927 0.014352
0 0.699349 0.794907 0.006510 0.032407
0 0.698698 0.865972 0.007292 0.029167
0 0.698698 0.909259 0.007292 0.032407
0 0.699219 0.946065 0.007292 0.029167
0 0.658464 0.887731 0.017448 0.015278
0 0.655078 0.934028 0.015365 0.013426
0 0.655729 0.949074 0.017708 0.012037
0 0.655990 0.994676 0.015104 0.010648
0 0.697786 0.981250 0.007552 0.033796
0 0.931641 0.011574 0.014844 0.022222
0 0.931641 0.036574 0.016406 0.027778
0 0.931120 0.062731 0.015365 0.024537
0 0.929818 0.087963 0.015885 0.031481
0 0.929557 0.113889 0.015885 0.031481
0 0.929557 0.135648 0.015885 0.031481
0 0.928255 0.154630 0.015885 0.031481
0 0.928776 0.179630 0.015885 0.031481
0 0.927734 0.206481 0.015885 0.031481
0 0.897526 0.100694 0.019010 0.014352
0 0.878385 0.099537 0.018229 0.015741
0 0.878385 0.115741 0.018229 0.015741
0 0.896094 0.116204 0.018229 0.015741
0 0.896615 0.131481 0.018229 0.015741
0 0.895052 0.163426 0.018229 0.015741
0 0.876823 0.164352 0.018229 0.015741
0 0.895573 0.195370 0.018229 0.015741
0 0.894792 0.212037 0.018229 0.015741
0 0.895052 0.227778 0.018229 0.015741
0 0.894792 0.241667 0.018229 0.015741
0 0.894792 0.147222 0.014583 0.010185
0 0.876953 0.132176 0.013802 0.011574
0 0.893620 0.274074 0.016927 0.013889
0 0.875130 0.274074 0.016927 0.013889
0 0.894401 0.288889 0.016927 0.013889
0 0.893099 0.320370 0.016927 0.013889
0 0.892057 0.336574 0.016927 0.013889
0 0.874349 0.335648 0.016927 0.013889
0 0.891276 0.366667 0.016927 0.013889
0 0.871745 0.399074 0.016927 0.013889
0 0.927474 0.231944 0.016406 0.026852
0 0.926953 0.254167 0.016406 0.026852
0 0.926172 0.301389 0.016406 0.026852
0 0.924609 0.322222 0.016406 0.026852
0 0.924089 0.344907 0.016406 0.026852
0 0.924349 0.370370 0.016406 0.026852
0 0.923568 0.399537 0.016406 0.026852
0 0.923307 0.425926 0.016406 0.026852
0 0.923047 0.443750 0.014844 0.030093
0 0.917578 0.555324 0.014844 0.022685
0 0.919922 0.574537 0.016927 0.026852
0 0.920443 0.593519 0.016927 0.026852
0 0.918229 0.615741 0.014063 0.025000
0 0.919922 0.635417 0.016927 0.024537
0 0.918750 0.661574 0.018229 0.021296
0 0.918750 0.681250 0.016667 0.019907
0 0.916797 0.722917 0.016406 0.026389
0 0.915495 0.745602 0.016406 0.026389
0 0.916016 0.763657 0.016406 0.026389
0 0.915755 0.784491 0.016406 0.026389
0 0.916276 0.804398 0.016406 0.026389
0 0.914193 0.825231 0.016406 0.026389
0 0.914714 0.846528 0.016406 0.026389
0 0.914453 0.867361 0.016406 0.026389
0 0.886198 0.596528 0.011458 0.014352
0 0.885156 0.612731 0.016667 0.012500
0 0.887109 0.628241 0.015885 0.012037
0 0.885547 0.643519 0.014323 0.012037
0 0.885677 0.659722 0.017188 0.013889
0 0.884375 0.673148 0.018229 0.014815
0 0.884635 0.688657 0.015104 0.013426
0 0.885938 0.703704 0.014063 0.013889
0 0.884115 0.734722 0.013542 0.013889
2 0.883724 0.751620 0.014323 0.014352
0 0.882292 0.796065 0.015104 0.014352
0 0.881901 0.811806 0.016406 0.012500
0 0.881641 0.825926 0.015885 0.013889
0 0.881641 0.842361 0.015365 0.013426
0 0.882552 0.918519 0.010417 0.012963
0 0.883073 0.978472 0.007812 0.013426
0 0.882943 0.994907 0.011198 0.010185
0 0.914583 0.886574 0.015625 0.025000
0 0.913932 0.912037 0.014323 0.024074
0 0.911979 0.955093 0.015625 0.029630
0 0.912760 0.975231 0.015625 0.027315
0 0.914583 0.991204 0.014063 0.017593
0 0.884766 0.949306 0.005990 0.012500
0 0.286589 0.949306 0.016927 0.011574
0 0.285677 0.978704 0.017708 0.012037
0 0.286979 0.994676 0.013542 0.010648
