0 0.030078 0.003241 0.014323 0.005556
0 0.082552 0.036111 0.009375 0.027778
0 0.083464 0.110648 0.007552 0.025926
0 0.058594 0.162963 0.016667 0.012037
0 0.072917 0.175000 0.014583 0.019444
0 0.085026 0.214815 0.016927 0.012037
0 0.132682 0.156481 0.016927 0.011111
0 0.202344 0.147222 0.014583 0.028704
0 0.154818 0.212500 0.015365 0.009259
0 0.172786 0.210648 0.016927 0.010185
0 0.224479 0.205556 0.015625 0.012037
0 0.220964 0.147917 0.017448 0.014352
0 0.251302 0.148148 0.018750 0.012963
0 0.270833 0.144907 0.011979 0.011111
0 0.301693 0.192130 0.013281 0.013889
0 0.322396 0.195370 0.014583 0.013889
0 0.343880 0.201389 0.015885 0.012963
0 0.341406 0.138194 0.019271 0.011574
0 0.385807 0.112500 0.007552 0.032407
0 0.385156 0.199537 0.017708 0.017593
0 0.409375 0.196991 0.017708 0.010648
0 0.430469 0.195833 0.015625 0.012037
0 0.427865 0.146759 0.017188 0.014815
0 0.519661 0.174074 0.015365 0.012963
0 0.604948 0.082407 0.007812 0.029630
0 0.499349 0.081250 0.005990 0.027315
0 0.498958 0.107176 0.006771 0.031944
0 0.552344 0.155324 0.017188 0.015278
0 0.572526 0.177315 0.017969 0.010185
0 0.571094 0.220833 0.017188 0.011111
0 0.590495 0.220833 0.015365 0.012037
0 0.663021 0.131713 0.017188 0.012500
0 0.666276 0.187037 0.013281 0.012963
0 0.651042 0.213194 0.016667 0.016204
0 0.671354 0.214583 0.016667 0.016204
2 0.691667 0.210417 0.016667 0.016204
0 0.713281 0.210648 0.017708 0.012963
0 0.745703 0.206944 0.017448 0.013889
0 0.767057 0.206019 0.014323 0.011111
0 0.782943 0.203704 0.016406 0.011111
0 0.839193 0.007407 0.009635 0.012963
0 0.738542 0.082639 0.009896 0.026389
0 0.733464 0.043750 0.011198 0.031019
0 0.740755 0.026389 0.009115 0.033333
0 0.756120 0.072222 0.008073 0.028704
0 0.765885 0.096759 0.018229 0.014815
2 0.774740 0.062037 0.011979 0.033333
2 0.766797 0.065509 0.011198 0.035648
0 0.894792 0.032407 0.009375 0.025926
0 0.896224 0.088889 0.009635 0.027778
1 0.989323 0.249769 0.021354 0.073611
0 0.890234 0.368750 0.012240 0.031944
1 0.981250 0.414120 0.026042 0.069907
0 0.055469 0.242593 0.008333 0.022222
0 0.012240 0.276620 0.007812 0.025463
0 0.044531 0.270370 0.006771 0.021296
0 0.003125 0.323148 0.005729 0.026852
0 0.009505 0.320833 0.009115 0.029630
0 0.018099 0.320370 0.009635 0.025000
0 0.026432 0.319676 0.009635 0.028241
0 0.035547 0.321528 0.009115 0.032870
2 0.043099 0.319213 0.011719 0.031019
0 0.052474 0.315972 0.009115 0.030093
0 0.060807 0.315972 0.008594 0.031944
0 0.069271 0.316204 0.008333 0.032407
0 0.077604 0.317130 0.008333 0.032407
0 0.086328 0.316667 0.009115 0.026852
2 0.120313 0.314815 0.008854 0.031481
0 0.129167 0.312731 0.008854 0.029167
0 0.145964 0.309491 0.008073 0.031944
0 0.162891 0.309491 0.008073 0.031944
0 0.171745 0.308102 0.008073 0.031944
0 0.195573 0.306019 0.007292 0.026852
0 0.214453 0.304630 0.007552 0.028704
0 0.222526 0.305093 0.007552 0.028704
0 0.231510 0.305093 0.009375 0.032407
0 0.239063 0.301852 0.007812 0.025926
0 0.282031 0.297685 0.007812 0.030556
0 0.299219 0.298148 0.007812 0.027778
0 0.315885 0.295602 0.006771 0.030093
0 0.324219 0.294676 0.006771 0.030093
0 0.400781 0.289120 0.006771 0.030093
0 0.332943 0.298843 0.006510 0.024537
0 0.340755 0.294444 0.009115 0.027778
0 0.358984 0.297685 0.008073 0.024074
0 0.409115 0.288194 0.007292 0.026389
0 0.417448 0.288657 0.007292 0.026389
0 0.427083 0.287731 0.007292 0.026389
0 0.435417 0.287731 0.007292 0.026389
0 0.443750 0.287731 0.007292 0.026389
0 0.451823 0.286806 0.007292 0.026389
0 0.469271 0.284028 0.007292 0.026389
0 0.478385 0.284954 0.007292 0.026389
0 0.262760 0.322222 0.016146 0.013889
0 0.215625 0.340509 0.015104 0.014352
0 0.173177 0.329861 0.013021 0.012500
0 0.004036 0.385417 0.007552 0.022685
0 0.013932 0.380556 0.016406 0.025926
0 0.025911 0.381713 0.015365 0.025463
0 0.048568 0.379398 0.013802 0.026389
0 0.059505 0.379630 0.012240 0.023148
0 0.105859 0.376620 0.016406 0.028241
0 0.117318 0.376620 0.016406 0.028241
0 0.127604 0.374074 0.015104 0.025000
0 0.138411 0.374074 0.015885 0.025926
0 0.154036 0.372685 0.015885 0.025926
0 0.164453 0.371759 0.015885 0.025926
0 0.176432 0.370833 0.015885 0.025926
0 0.187109 0.368056 0.015885 0.025926
0 0.210547 0.368056 0.015885 0.025926
0 0.199479 0.366898 0.008854 0.022685
0 0.222266 0.367824 0.014844 0.024537
0 0.234375 0.361806 0.014063 0.027315
0 0.245052 0.363657 0.013542 0.023611
0 0.257552 0.364120 0.013542 0.023611
0 0.269010 0.362037 0.016146 0.027778
0 0.280990 0.363426 0.016146 0.027778
0 0.292187 0.360648 0.016146 0.027778
0 0.305208 0.359722 0.016146 0.027778
0 0.318229 0.357870 0.016146 0.027778
2 0.331510 0.357407 0.016146 0.027778
0 0.354036 0.355093 0.014844 0.025926
0 0.364844 0.354630 0.017188 0.029630
0 0.389062 0.353704 0.011458 0.025926
0 0.401042 0.352083 0.014063 0.025463
0 0.413281 0.351620 0.014063 0.025463
0 0.450781 0.345833 0.015625 0.029630
0 0.424479 0.352083 0.009896 0.021759
0 0.464193 0.346065 0.012240 0.026389
0 0.475130 0.345139 0.012240 0.026389
0 0.486068 0.346528 0.012240 0.026389
0 0.497005 0.345139 0.012240 0.026389
0 0.555469 0.335185 0.011458 0.022222
0 0.581250 0.335648 0.011458 0.022222
0 0.617188 0.335417 0.016146 0.027315
0 0.629818 0.332870 0.011198 0.024074
0 0.641667 0.331250 0.013542 0.027315
0 0.662370 0.327778 0.012760 0.025926
0 0.583333 0.275231 0.005729 0.029167
0 0.592187 0.279167 0.007292 0.020370
0 0.600781 0.271528 0.007812 0.031944
0 0.609505 0.272685 0.007552 0.028704
0 0.598568 0.299769 0.017448 0.013426
0 0.627214 0.272685 0.007031 0.030556
0 0.644010 0.273380 0.009896 0.030093
0 0.669792 0.268519 0.007812 0.031481
0 0.677865 0.266667 0.007812 0.031481
0 0.686719 0.266204 0.007812 0.031481
0 0.695052 0.266204 0.007812 0.031481
0 0.704167 0.265278 0.007812 0.031481
0 0.711979 0.263426 0.007812 0.031481
0 0.720833 0.262500 0.007812 0.031481
0 0.712370 0.325694 0.015365 0.029167
0 0.744010 0.321065 0.014063 0.031019
2 0.730729 0.259028 0.006771 0.020833
0 0.520312 0.392130 0.007292 0.028704
0 0.545964 0.392361 0.007031 0.020833
0 0.546094 0.431019 0.007812 0.030556
0 0.547135 0.471528 0.007292 0.028241
0 0.523958 0.537269 0.007812 0.030093
0 0.548307 0.550000 0.009115 0.032407
0 0.549609 0.584722 0.007552 0.026852
0 0.525000 0.608565 0.007812 0.031019
0 0.005469 0.578704 0.010417 0.025000
0 0.040495 0.585417 0.009635 0.015278
0 0.076172 0.583102 0.008594 0.017130
0 0.086328 0.579861 0.013802 0.028241
0 0.097656 0.578935 0.014063 0.025463
0 0.107943 0.576852 0.012240 0.022222
0 0.120182 0.577083 0.011198 0.024537
0 0.129427 0.572454 0.012500 0.022685
0 0.140104 0.568287 0.013542 0.025463
0 0.004427 0.638657 0.008333 0.031019
0 0.020182 0.638194 0.008594 0.031019
0 0.036198 0.636806 0.008854 0.031019
0 0.045443 0.636343 0.008594 0.031019
0 0.053516 0.637269 0.008594 0.031019
0 0.063151 0.635417 0.008594 0.031019
0 0.079818 0.634028 0.008594 0.031019
0 0.104557 0.630787 0.008594 0.031019
0 0.122005 0.632176 0.008594 0.031019
0 0.139193 0.630324 0.008594 0.031019
0 0.147266 0.628935 0.008594 0.031019
0 0.004687 0.670602 0.008854 0.031019
0 0.013542 0.675694 0.008854 0.022685
0 0.029687 0.670833 0.008333 0.032407
0 0.037760 0.670833 0.008333 0.032407
0 0.045833 0.669907 0.008333 0.032407
0 0.054167 0.669907 0.008333 0.032407
0 0.063802 0.668981 0.008333 0.032407
0 0.097656 0.663657 0.007812 0.031019
0 0.105729 0.664120 0.007812 0.031019
0 0.123438 0.662731 0.007812 0.031019
0 0.139844 0.662269 0.007812 0.031019
0 0.148177 0.661343 0.007812 0.031019
0 0.039062 0.698843 0.016146 0.011574
0 0.004557 0.732870 0.008594 0.023148
0 0.012760 0.730093 0.015104 0.023148
0 0.036458 0.728935 0.013021 0.021759
0 0.055859 0.726852 0.013802 0.025000
0 0.067839 0.728704 0.013802 0.025000
0 0.078516 0.725463 0.015885 0.026852
0 0.092578 0.725000 0.015885 0.026852
0 0.102474 0.724074 0.015885 0.026852
0 0.113151 0.724537 0.015885 0.026852
0 0.124349 0.720370 0.015885 0.026852
0 0.135807 0.720833 0.015885 0.026852
0 0.147005 0.718981 0.015885 0.026852
0 0.157943 0.718519 0.015885 0.026852
0 0.169661 0.718981 0.015885 0.026852
0 0.178516 0.717130 0.015885 0.026852
0 0.188672 0.715741 0.015885 0.026852
0 0.202214 0.716204 0.015885 0.026852
0 0.212891 0.716204 0.015885 0.026852
0 0.225651 0.715278 0.015885 0.026852
0 0.246615 0.713194 0.014583 0.025463
0 0.270052 0.635185 0.008333 0.029630
0 0.278776 0.711111 0.014844 0.026852
0 0.290234 0.710648 0.014844 0.026852
0 0.299349 0.707870 0.014844 0.026852
0 0.311068 0.707407 0.014844 0.026852
0 0.301042 0.616435 0.007812 0.028241
0 0.316406 0.563194 0.008333 0.015278
0 0.395443 0.559028 0.010156 0.019907
0 0.408984 0.554861 0.012240 0.027315
0 0.421615 0.553241 0.012500 0.026852
0 0.302474 0.648611 0.008073 0.032407
0 0.310286 0.616667 0.008073 0.032407
0 0.336328 0.616667 0.008073 0.032407
0 0.345443 0.613889 0.008073 0.032407
0 0.354036 0.611574 0.008073 0.032407
0 0.355339 0.647222 0.008073 0.032407
0 0.327604 0.615278 0.007812 0.030556
0 0.319010 0.618287 0.006771 0.029167
0 0.311458 0.649537 0.006771 0.029630
0 0.362630 0.612963 0.007031 0.027778
0 0.371484 0.611111 0.007031 0.027778
0 0.380078 0.610185 0.007031 0.027778
0 0.363672 0.648148 0.007031 0.027778
0 0.372135 0.644213 0.008333 0.030093
0 0.388802 0.610417 0.006771 0.031019
0 0.397917 0.611806 0.006771 0.031019
0 0.406510 0.610417 0.006771 0.031019
0 0.390104 0.645139 0.006771 0.031019
0 0.398698 0.643750 0.006771 0.031019
0 0.407552 0.642824 0.006771 0.031019
0 0.415365 0.609722 0.006250 0.025000
0 0.416536 0.640046 0.009115 0.032870
0 0.433073 0.606481 0.006771 0.023148
0 0.450911 0.606481 0.006510 0.025926
0 0.434505 0.640509 0.008073 0.031019
0 0.443359 0.640972 0.008073 0.031019
0 0.451172 0.639120 0.008073 0.031019
0 0.459245 0.639583 0.008073 0.031019
0 0.493099 0.630556 0.007552 0.017593
0 0.348047 0.704167 0.014844 0.026852
0 0.360547 0.705093 0.014844 0.026852
0 0.374089 0.705556 0.014844 0.026852
0 0.385547 0.703241 0.014844 0.026852
0 0.397005 0.701852 0.014844 0.026852
0 0.420182 0.699537 0.014844 0.026852
0 0.445703 0.698611 0.014844 0.026852
0 0.433724 0.699769 0.011198 0.020833
0 0.473307 0.696759 0.014844 0.026852
0 0.485547 0.695833 0.014844 0.026852
0 0.508724 0.695833 0.014844 0.026852
0 0.496615 0.694444 0.011458 0.022222
0 0.563932 0.661343 0.015885 0.027315
0 0.576172 0.660417 0.015885 0.027315
0 0.589453 0.660880 0.015885 0.027315
0 0.613932 0.658102 0.015885 0.027315
0 0.625391 0.659954 0.015885 0.027315
0 0.636849 0.658102 0.015885 0.027315
0 0.648047 0.653935 0.015885 0.027315
0 0.670182 0.654861 0.015885 0.027315
0 0.682422 0.652546 0.015885 0.027315
0 0.694922 0.653009 0.015885 0.027315
0 0.706641 0.651157 0.015885 0.027315
0 0.719661 0.648843 0.015885 0.027315
0 0.731641 0.646991 0.015885 0.027315
0 0.742318 0.647917 0.015885 0.027315
0 0.753776 0.645139 0.015885 0.027315
0 0.765234 0.646065 0.015885 0.027315
0 0.776693 0.644676 0.015885 0.027315
0 0.787630 0.644676 0.015885 0.027315
0 0.820573 0.646065 0.017708 0.012500
0 0.818750 0.629167 0.016146 0.014815
0 0.814323 0.615278 0.014583 0.012963
0 0.808203 0.602778 0.013802 0.012037
0 0.776693 0.584259 0.007031 0.024074
0 0.768099 0.588657 0.006510 0.015278
0 0.759766 0.590972 0.008594 0.018981
0 0.741797 0.585648 0.007552 0.031481
0 0.733203 0.589352 0.007031 0.023148
0 0.680729 0.594444 0.007292 0.022222
0 0.654948 0.592361 0.007812 0.031019
0 0.645964 0.592593 0.007552 0.030556
0 0.628646 0.594213 0.007292 0.031019
0 0.602604 0.604167 0.007292 0.019444
0 0.594141 0.602083 0.007552 0.022685
0 0.585547 0.604630 0.007552 0.017593
0 0.003516 0.978009 0.006510 0.027315
0 0.018099 0.972685 0.009635 0.031481
0 0.036589 0.975000 0.008073 0.028704
0 0.043490 0.972685 0.007812 0.032407
0 0.052474 0.973148 0.008594 0.031481
0 0.061719 0.973380 0.007812 0.031019
0 0.068490 0.972685 0.007812 0.024074
0 0.077734 0.973843 0.008594 0.022685
0 0.095052 0.968056 0.007292 0.030556
0 0.102995 0.971991 0.008073 0.023611
0 0.110547 0.969907 0.008073 0.023148
0 0.119922 0.968981 0.009635 0.024074
0 0.127734 0.967130 0.009115 0.027778
0 0.136068 0.966204 0.008073 0.025926
0 0.153906 0.964583 0.006771 0.025463
0 0.163281 0.964815 0.008854 0.032407
0 0.179427 0.963426 0.007812 0.030556
0 0.187760 0.962037 0.007292 0.027778
0 0.216146 0.984722 0.017188 0.012037
0 0.255208 0.956944 0.007812 0.030556
0 0.264583 0.955093 0.008333 0.027778
0 0.297786 0.953009 0.007031 0.031019
0 0.306250 0.954630 0.009375 0.028704
0 0.340625 0.953472 0.007292 0.030093
0 0.349349 0.951852 0.007552 0.026852
0 0.365234 0.951852 0.006510 0.027778
0 0.374349 0.950231 0.008073 0.033796
2 0.382552 0.948843 0.008333 0.031944
0 0.391536 0.946991 0.006510 0.025463
0 0.399609 0.944444 0.007552 0.027778
0 0.408073 0.945139 0.007812 0.030093
0 0.416667 0.945602 0.007812 0.026389
0 0.433333 0.945602 0.006771 0.027315
0 0.441406 0.944676 0.006250 0.027315
0 0.467839 0.943287 0.006510 0.028241
0 0.476302 0.942824 0.007292 0.025463
0 0.483724 0.940509 0.007031 0.029167
0 0.492969 0.939120 0.008333 0.030093
0 0.510417 0.937963 0.007812 0.030556
0 0.540104 0.985880 0.007812 0.028241
0 0.565104 0.977083 0.014063 0.020833
0 0.555729 0.900231 0.007292 0.031019
0 0.554688 0.862731 0.007292 0.031019
0 0.528776 0.825231 0.005990 0.026389
0 0.529818 0.864352 0.007031 0.026852
0 0.550651 0.711343 0.007031 0.026389
0 0.552995 0.756019 0.005469 0.016667
0 0.587500 0.974537 0.013021 0.025926
0 0.599609 0.974074 0.013802 0.024074
0 0.611198 0.972454 0.014583 0.027315
0 0.622266 0.972454 0.011719 0.023611
0 0.677083 0.907870 0.006250 0.022222
0 0.686198 0.904630 0.006771 0.025926
0 0.646875 0.969907 0.014063 0.027778
0 0.657292 0.967593 0.012500 0.027778
0 0.669531 0.967593 0.012500 0.026852
0 0.680859 0.966898 0.012240 0.027315
0 0.690234 0.963426 0.013281 0.029630
0 0.702344 0.964583 0.014583 0.029167
0 0.713542 0.962963 0.012500 0.026852
0 0.738021 0.900231 0.007812 0.028241
0 0.725521 0.963426 0.013542 0.026852
0 0.737760 0.964352 0.013542 0.026852
0 0.751172 0.962269 0.014844 0.031944
0 0.762109 0.962269 0.014844 0.031944
0 0.773307 0.961343 0.014844 0.031944
0 0.783203 0.959954 0.014844 0.031944
0 0.795182 0.959954 0.014844 0.031944
0 0.805599 0.958102 0.014844 0.031944
0 0.827083 0.954630 0.013542 0.028704
0 0.815885 0.955556 0.011458 0.023148
0 0.790104 0.899537 0.007812 0.023148
0 0.838802 0.954167 0.013542 0.028704
0 0.850000 0.951852 0.013542 0.028704
0 0.861198 0.950926 0.013542 0.028704
0 0.873698 0.950926 0.013542 0.028704
0 0.882422 0.944444 0.013281 0.025926
0 0.865495 0.907176 0.017969 0.013426
0 0.842448 0.905093 0.018229 0.013889
