0 0.244922 0.030324 0.012760 0.023611
0 0.304948 0.183102 0.007292 0.029167
0 0.322786 0.115046 0.014844 0.026389
0 0.390495 0.115972 0.016927 0.013426
0 0.625781 0.103472 0.017188 0.014352
0 0.794531 0.143519 0.007292 0.029630
0 0.811979 0.143750 0.008333 0.030093
0 0.826562 0.142824 0.008854 0.032870
0 0.852865 0.141667 0.008333 0.029630
2 0.870313 0.135880 0.008333 0.033796
0 0.894792 0.136343 0.008333 0.031019
0 0.812240 0.207407 0.007812 0.024074
0 0.838021 0.206019 0.008854 0.028704
0 0.913932 0.202083 0.009115 0.029167
0 0.805078 0.011574 0.008594 0.022222
1 0.318229 0.422222 0.012500 0.044444
0 0.304948 0.456944 0.009896 0.031481
1 0.012760 0.508565 0.025000 0.018056
1 0.071224 0.501620 0.042969 0.017130
0 0.183724 0.493981 0.017969 0.011111
0 0.219401 0.570602 0.017448 0.013426
0 0.457422 0.471759 0.015365 0.010185
1 0.518880 0.469907 0.041927 0.016667
2 0.568880 0.462963 0.019010 0.012963
2 0.595964 0.463426 0.019010 0.012963
2 0.622005 0.461111 0.019010 0.012963
0 0.388281 0.412963 0.007812 0.025926
0 0.410677 0.348843 0.008333 0.024537
0 0.421484 0.408796 0.007552 0.027778
0 0.426302 0.346296 0.007292 0.025926
0 0.447266 0.346528 0.007552 0.026389
0 0.465625 0.343750 0.007812 0.026389
0 0.472005 0.404861 0.007552 0.028241
0 0.497266 0.342361 0.007031 0.026389
0 0.494792 0.405787 0.006771 0.029167
0 0.511458 0.402315 0.007812 0.024074
0 0.527083 0.401620 0.006250 0.028241
0 0.534766 0.403241 0.006510 0.022222
0 0.534115 0.339815 0.006250 0.024074
0 0.543620 0.402315 0.007552 0.026852
0 0.543359 0.340972 0.006510 0.024537
0 0.551953 0.340278 0.007031 0.026852
0 0.567318 0.368287 0.013281 0.026389
0 0.575911 0.398380 0.007552 0.031019
0 0.568490 0.337963 0.006771 0.023148
0 0.578255 0.337963 0.007552 0.025926
0 0.587891 0.335417 0.007031 0.022685
0 0.591797 0.397222 0.008073 0.027778
0 0.599609 0.394213 0.006510 0.024537
0 0.607161 0.396296 0.008073 0.029630
0 0.616536 0.396759 0.007552 0.022222
0 0.630990 0.401389 0.005729 0.022222
2 0.644531 0.394213 0.006771 0.030093
0 0.653646 0.396991 0.007292 0.022685
0 0.595443 0.336111 0.007552 0.022222
0 0.604427 0.336343 0.007292 0.025463
0 0.612240 0.335417 0.006250 0.021759
0 0.619792 0.335417 0.005729 0.024537
0 0.628255 0.331944 0.005990 0.020370
0 0.639583 0.332639 0.006771 0.021759
0 0.649349 0.329398 0.007031 0.018056
0 0.677734 0.329167 0.007552 0.023148
0 0.666797 0.393287 0.007031 0.024537
0 0.688411 0.396296 0.006510 0.022222
0 0.694401 0.396759 0.005990 0.022222
0 0.700521 0.394676 0.006250 0.023611
0 0.708464 0.393287 0.006510 0.019907
0 0.716536 0.392593 0.005990 0.023148
0 0.686979 0.330787 0.008333 0.025463
0 0.694661 0.328704 0.007031 0.024074
0 0.702995 0.329861 0.007031 0.031019
0 0.713021 0.330093 0.008333 0.029630
1 0.712109 0.459028 0.045573 0.018056
0 0.682161 0.490509 0.013281 0.013426
0 0.659505 0.533102 0.016406 0.016204
0 0.899349 0.376157 0.006510 0.021759
0 0.907943 0.376389 0.008594 0.030556
0 0.917448 0.374769 0.006771 0.020833
0 0.926042 0.373148 0.007812 0.025926
0 0.934635 0.372222 0.009375 0.025926
0 0.942839 0.371296 0.008594 0.030556
0 0.952474 0.368981 0.008594 0.022222
0 0.963021 0.370833 0.008854 0.032407
1 0.905990 0.441898 0.046875 0.018056
1 0.956510 0.471528 0.048438 0.019907
1 0.982161 0.440278 0.035677 0.018519
0 0.980859 0.374074 0.006510 0.028704
0 0.939844 0.535185 0.017708 0.015741
1 0.986458 0.566898 0.027083 0.018981
0 0.042188 0.689583 0.017188 0.013426
0 0.009505 0.724537 0.015365 0.012963
0 0.196875 0.668056 0.017708 0.013889
0 0.224219 0.710185 0.017708 0.013889
2 0.426693 0.679167 0.017448 0.013889
0 0.560807 0.556944 0.015365 0.015741
0 0.628125 0.664815 0.014063 0.014815
0 0.696094 0.612500 0.016667 0.014815
0 0.682031 0.637500 0.017188 0.013889
0 0.770964 0.599769 0.017448 0.013426
0 0.773307 0.550000 0.017969 0.012963
0 0.808073 0.604630 0.013542 0.012037
0 0.822786 0.626389 0.017969 0.012963
0 0.830208 0.648148 0.016146 0.013889
0 0.793880 0.679398 0.016406 0.014352
0 0.824349 0.672917 0.016406 0.014352
0 0.848568 0.671991 0.016406 0.014352
0 0.873307 0.666898 0.016406 0.014352
0 0.864974 0.646065 0.016406 0.014352
0 0.863672 0.599306 0.016406 0.014352
0 0.897005 0.664583 0.016406 0.014352
0 0.919661 0.667361 0.016406 0.014352
0 0.917578 0.640509 0.016406 0.014352
0 0.928516 0.619676 0.016406 0.014352
0 0.888411 0.646528 0.018490 0.014352
0 0.944141 0.662500 0.017448 0.013889
0 0.945703 0.644444 0.017448 0.013889
0 0.957682 0.614352 0.017448 0.013889
0 0.952474 0.590278 0.017448 0.013889
0 0.983984 0.613889 0.017448 0.013889
0 0.971484 0.636574 0.017448 0.013889
2 0.973828 0.659259 0.017448 0.013889
0 0.994922 0.656944 0.010156 0.012963
0 0.994922 0.640741 0.010156 0.016667
0 0.312109 0.935417 0.010156 0.022685
0 0.304036 0.968750 0.012240 0.029167
0 0.332813 0.970833 0.017708 0.018519
0 0.336849 0.953472 0.016927 0.018981
0 0.339323 0.934491 0.017708 0.018056
0 0.158854 0.920833 0.009896 0.029630
0 0.147656 0.921991 0.008333 0.022685
0 0.139323 0.925231 0.009896 0.025463
0 0.129818 0.923843 0.009115 0.031944
0 0.111068 0.960648 0.020052 0.018519
0 0.109505 0.976389 0.015885 0.016667
0 0.106901 0.990278 0.020052 0.019444
