0 0.847656 0.038194 0.014583 0.013426
0 0.823958 0.044907 0.016667 0.014815
0 0.802604 0.053241 0.014063 0.013889
2 0.830339 0.070139 0.014844 0.013426
0 0.690104 0.072685 0.009375 0.023148
0 0.681901 0.075000 0.008594 0.027778
0 0.674349 0.084028 0.010677 0.025463
0 0.655859 0.106481 0.010677 0.025926
2 0.642839 0.126620 0.014323 0.024537
2 0.648438 0.113426 0.011458 0.023148
2 0.631901 0.140509 0.014844 0.030093
0 0.605078 0.170370 0.013802 0.016667
0 0.683724 0.310185 0.011198 0.025000
0 0.818490 0.103009 0.014063 0.021759
2 0.935937 0.137500 0.018229 0.012963
2 0.790885 0.004630 0.019792 0.008333
0 0.722917 0.006944 0.007292 0.012963
0 0.538932 0.087500 0.005469 0.028704
0 0.835286 0.388426 0.014323 0.009259
0 0.995443 0.462037 0.008594 0.012037
0 0.964453 0.455093 0.015365 0.011111
0 0.975521 0.487963 0.016667 0.013889
2 0.932552 0.491204 0.015104 0.012037
0 0.877865 0.498611 0.015625 0.009259
0 0.852214 0.483333 0.011719 0.008333
0 0.840625 0.501157 0.016146 0.013426
0 0.811719 0.482639 0.014583 0.010648
0 0.792318 0.509259 0.012760 0.010185
0 0.747526 0.511574 0.014844 0.010185
0 0.717448 0.502315 0.014583 0.012037
0 0.699219 0.521296 0.015625 0.012037
0 0.720964 0.586111 0.006510 0.028704
2 0.705990 0.584491 0.006771 0.030093
0 0.769531 0.603009 0.013021 0.013426
0 0.739714 0.635648 0.014323 0.012963
0 0.713021 0.650926 0.009375 0.025926
0 0.813932 0.645833 0.011719 0.014815
0 0.799349 0.656713 0.013802 0.014352
0 0.780208 0.673148 0.011979 0.014815
0 0.884115 0.648611 0.009375 0.023148
0 0.921224 0.652083 0.007031 0.019907
0 0.936979 0.644676 0.007812 0.025463
0 0.929557 0.650926 0.005990 0.020370
0 0.978776 0.697685 0.008594 0.024074
0 0.970964 0.700694 0.007552 0.022685
0 0.962630 0.702546 0.008073 0.027315
0 0.992057 0.750000 0.014844 0.014815
0 0.997135 0.796991 0.005729 0.028241
0 0.990625 0.805093 0.008333 0.025000
0 0.959505 0.812269 0.010156 0.025463
2 0.944531 0.816667 0.008333 0.023148
2 0.952083 0.816204 0.008333 0.020370
2 0.947005 0.841435 0.010677 0.031019
2 0.952995 0.839815 0.009635 0.025000
0 0.925130 0.928704 0.012760 0.013889
2 0.966667 0.975926 0.016146 0.018519
0 0.645182 0.987500 0.007031 0.025000
0 0.655469 0.915046 0.006250 0.025463
2 0.640625 0.928009 0.006771 0.025463
0 0.653516 0.879398 0.006510 0.027315
0 0.652214 0.856250 0.013802 0.012500
0 0.633464 0.865741 0.006510 0.026852
0 0.637500 0.896991 0.006250 0.023611
0 0.642057 0.828241 0.009115 0.026852
0 0.631641 0.782176 0.010677 0.027315
2 0.617708 0.804167 0.007812 0.025926
0 0.611589 0.815972 0.010156 0.024537
0 0.624870 0.753704 0.005990 0.029630
0 0.634505 0.738657 0.012240 0.023611
0 0.645833 0.712500 0.011458 0.024074
2 0.658984 0.677083 0.014844 0.030093
0 0.669010 0.644213 0.009375 0.025463
0 0.678906 0.564815 0.010937 0.027778
2 0.655599 0.592130 0.005990 0.033333
0 0.653125 0.623148 0.007292 0.025926
0 0.644401 0.656019 0.008594 0.020370
0 0.633854 0.685880 0.011979 0.024537
0 0.620964 0.712963 0.012240 0.024074
0 0.599870 0.743750 0.014323 0.019907
0 0.585417 0.760880 0.013021 0.016204
0 0.595443 0.790741 0.014844 0.019444
0 0.580208 0.800926 0.014583 0.018519
0 0.564974 0.778241 0.015365 0.018519
0 0.559375 0.817130 0.015104 0.019444
0 0.385026 0.835417 0.011198 0.026389
0 0.376302 0.829398 0.011458 0.026389
0 0.254297 0.906019 0.010677 0.015741
0 0.136589 0.925463 0.014844 0.017593
0 0.134505 0.912500 0.013281 0.013889
0 0.133073 0.900000 0.010417 0.013889
0 0.128255 0.890046 0.014323 0.017130
0 0.125911 0.877315 0.011719 0.015741
0 0.123307 0.865972 0.013802 0.015278
0 0.120573 0.852546 0.015104 0.016204
0 0.162500 0.813889 0.007292 0.013889
0 0.123828 0.812731 0.014844 0.018056
0 0.106901 0.825694 0.013281 0.016204
0 0.063802 0.853472 0.014583 0.017130
0 0.057422 0.925463 0.012240 0.013889
0 0.060286 0.935648 0.010156 0.011111
0 0.064193 0.948148 0.011198 0.014815
0 0.064453 0.961806 0.009115 0.012500
0 0.072135 0.982407 0.014063 0.013889
0 0.044141 0.991898 0.015885 0.016204
0 0.040885 0.980787 0.015104 0.017130
0 0.045182 0.937500 0.012240 0.027778
0 0.035026 0.957639 0.013802 0.018056
0 0.032943 0.946065 0.012760 0.015278
0 0.031120 0.933102 0.015365 0.018981
0 0.027734 0.921759 0.014844 0.018519
0 0.024870 0.910185 0.012760 0.013889
0 0.074740 0.756481 0.010937 0.025000
0 0.132292 0.708796 0.008333 0.024074
0 0.126432 0.683565 0.009635 0.024537
0 0.090234 0.570602 0.013802 0.012500
0 0.013281 0.349074 0.015104 0.012963
0 0.014453 0.288426 0.012760 0.032407
0 0.023828 0.287269 0.009115 0.021759
0 0.038151 0.283102 0.015885 0.014352
0 0.046745 0.246065 0.007552 0.026389
2 0.039062 0.241898 0.009896 0.027315
2 0.024870 0.235880 0.010156 0.028241
0 0.181510 0.352546 0.007812 0.026389
0 0.715104 0.062731 0.011979 0.023611
0 0.694271 0.091667 0.014063 0.023148
2 0.632943 0.558565 0.023177 0.014352
0 0.642839 0.530324 0.014323 0.011574
2 0.654557 0.482176 0.016406 0.012500
0 0.614844 0.490278 0.013542 0.014815
0 0.611979 0.471065 0.015104 0.012500
2 0.582812 0.474074 0.027083 0.019444
0 0.538542 0.397685 0.006771 0.028704
0 0.547786 0.436806 0.006510 0.027315
0 0.535937 0.506250 0.007292 0.026389
0 0.526693 0.493056 0.007552 0.025926
0 0.516016 0.497917 0.007031 0.021759
0 0.518880 0.420833 0.005990 0.023148
1 0.528125 0.372917 0.008854 0.058796
2 0.479687 0.020370 0.007292 0.030556
0 0.445182 0.013194 0.007552 0.025463
0 0.459115 0.008796 0.005729 0.016667
0 0.460156 0.044676 0.006250 0.022685
0 0.470964 0.042593 0.006510 0.029630
0 0.492057 0.073611 0.007031 0.027778
2 0.482292 0.103472 0.009375 0.045833
0 0.472786 0.109722 0.005990 0.025926
0 0.461719 0.080787 0.006771 0.025463
0 0.444922 0.077778 0.007031 0.023148
0 0.442578 0.136343 0.007552 0.027315
0 0.464323 0.138194 0.007292 0.027315
0 0.473438 0.147222 0.007292 0.029630
0 0.483724 0.154398 0.007031 0.024537
2 0.485026 0.184028 0.005469 0.021759
2 0.474740 0.193519 0.007292 0.030556
0 0.465885 0.187269 0.006771 0.026389
2 0.467839 0.218519 0.006510 0.028704
0 0.495833 0.237037 0.006250 0.025926
0 0.486589 0.239583 0.007031 0.028241
0 0.476823 0.236574 0.006771 0.023148
0 0.466406 0.248148 0.005208 0.018519
0 0.497786 0.276389 0.007031 0.025926
0 0.487240 0.277315 0.006771 0.027778
0 0.478125 0.269907 0.006771 0.026852
1 0.467448 0.303472 0.009375 0.060648
2 0.478776 0.312963 0.006510 0.029630
0 0.488802 0.315509 0.007292 0.026389
0 0.498568 0.318750 0.005990 0.027315
0 0.507161 0.336343 0.007031 0.027315
0 0.508984 0.375926 0.005990 0.026852
0 0.500651 0.360880 0.006510 0.026389
0 0.489974 0.354398 0.007031 0.024537
0 0.479818 0.353472 0.006510 0.027315
0 0.470052 0.352315 0.006771 0.025926
0 0.491536 0.394444 0.005990 0.025926
0 0.481901 0.391204 0.005990 0.024074
2 0.471354 0.395370 0.006771 0.027778
0 0.436719 0.494907 0.015104 0.015741
0 0.397135 0.470139 0.013542 0.012500
0 0.347396 0.404630 0.011979 0.020370
0 0.372917 0.354398 0.011458 0.022685
0 0.391016 0.318981 0.011198 0.025926
0 0.406901 0.283565 0.009635 0.022685
0 0.429557 0.204398 0.009635 0.028241
0 0.318750 0.441204 0.014063 0.016667
0 0.273307 0.451157 0.015885 0.011574
2 0.214062 0.438194 0.016146 0.012500
0 0.121745 0.436111 0.017969 0.012963
0 0.164323 0.445833 0.015625 0.013889
0 0.070182 0.428472 0.015885 0.012500
0 0.057813 0.408565 0.010937 0.011574
0 0.011068 0.414815 0.015365 0.012037
0 0.051432 0.439352 0.016927 0.014815
0 0.025521 0.434722 0.016667 0.013889
0 0.004948 0.431481 0.009375 0.011111
0 0.024870 0.448843 0.016406 0.012500
0 0.052865 0.472917 0.014583 0.013426
0 0.031641 0.467824 0.014844 0.014352
0 0.011849 0.465046 0.015885 0.013426
0 0.042708 0.486806 0.017708 0.014352
0 0.015495 0.497685 0.014323 0.012963
0 0.008333 0.511343 0.016146 0.012500
2 0.037500 0.516204 0.019271 0.012037
0 0.068229 0.521991 0.014063 0.012500
0 0.089974 0.494676 0.016927 0.014352
0 0.112891 0.451389 0.016406 0.012037
0 0.115625 0.485648 0.014583 0.012037
0 0.126562 0.503009 0.015625 0.013426
0 0.122526 0.534028 0.017448 0.014352
2 0.142187 0.474306 0.015104 0.012500
0 0.159505 0.462269 0.014844 0.013426
0 0.136068 0.488889 0.016406 0.014815
0 0.155599 0.494676 0.016927 0.013426
0 0.178516 0.499074 0.016406 0.012963
0 0.180990 0.515278 0.015104 0.013889
0 0.149479 0.525926 0.014583 0.012037
0 0.203776 0.553241 0.015885 0.013889
2 0.152734 0.510185 0.019010 0.012963
0 0.202344 0.503241 0.015625 0.013889
0 0.201563 0.468981 0.015625 0.013889
0 0.228776 0.474306 0.014844 0.011574
0 0.222656 0.506250 0.015104 0.014352
0 0.224740 0.523148 0.013542 0.010185
0 0.222917 0.537963 0.015104 0.012963
0 0.242188 0.510185 0.014583 0.012963
2 0.245964 0.524306 0.017969 0.014352
0 0.237240 0.563889 0.015625 0.012963
0 0.261068 0.558102 0.015365 0.014352
3 0.251823 0.542361 0.008333 0.007870
2 0.268229 0.544444 0.017188 0.012963
0 0.267969 0.529167 0.011458 0.011111
0 0.263281 0.512500 0.014583 0.012963
0 0.281250 0.515046 0.015625 0.013426
0 0.255990 0.477778 0.014063 0.012963
0 0.279167 0.479630 0.012500 0.012037
0 0.279167 0.495602 0.014063 0.013426
0 0.288672 0.531481 0.015365 0.012037
0 0.292969 0.547454 0.014583 0.012500
2 0.305859 0.531250 0.016406 0.011574
0 0.300391 0.516667 0.011198 0.010185
0 0.304688 0.481944 0.016146 0.012963
2 0.336719 0.485417 0.016146 0.012500
0 0.318620 0.517824 0.016406 0.012500
0 0.323568 0.532407 0.014323 0.011111
2 0.320703 0.549769 0.036198 0.017130
0 0.319531 0.567130 0.015104 0.012037
0 0.354167 0.550463 0.014063 0.012037
0 0.346354 0.535648 0.016146 0.012037
0 0.341536 0.517824 0.015365 0.012500
0 0.360807 0.518750 0.015365 0.012500
0 0.381120 0.520370 0.014323 0.012037
0 0.373047 0.534491 0.015885 0.010648
0 0.398438 0.534722 0.015625 0.011111
0 0.420443 0.534722 0.017448 0.012963
2 0.429297 0.549769 0.016406 0.014352
0 0.435156 0.566667 0.015625 0.012963
0 0.408724 0.549537 0.014844 0.010185
0 0.413411 0.567130 0.015365 0.012037
0 0.389974 0.567361 0.015365 0.012500
0 0.384245 0.550694 0.015365 0.012500
0 0.281120 0.649306 0.013802 0.018056
0 0.312630 0.685417 0.011719 0.014352
0 0.329688 0.682870 0.016146 0.014815
0 0.345443 0.690046 0.014844 0.017130
0 0.275000 0.708565 0.015104 0.018056
0 0.259896 0.664815 0.015104 0.017593
0 0.245703 0.703241 0.015365 0.017593
0 0.241667 0.678472 0.014063 0.016204
0 0.221484 0.692824 0.015885 0.018056
0 0.223568 0.743981 0.013802 0.018519
0 0.207422 0.748148 0.015885 0.016667
0 0.204687 0.702315 0.013542 0.015741
0 0.191536 0.714815 0.011198 0.017593
0 0.172135 0.701157 0.007292 0.022685
0 0.169792 0.739120 0.009896 0.027315
2 0.191146 0.768056 0.014583 0.015741
0 0.165495 0.658565 0.009635 0.028241
0 0.159896 0.611806 0.008333 0.028241
0 0.151953 0.576620 0.010156 0.026389
0 0.373958 0.726157 0.014063 0.020833
0 0.428125 0.767824 0.014063 0.023611
2 0.423568 0.795370 0.015365 0.018519
0 0.387240 0.788194 0.010417 0.026389
0 0.407161 0.809491 0.011198 0.021759
0 0.498958 0.980556 0.006771 0.026852
0 0.510807 0.969213 0.007552 0.026389
0 0.490365 0.973380 0.006250 0.025463
0 0.491146 0.939352 0.005729 0.022222
0 0.500260 0.931713 0.005729 0.027315
0 0.511458 0.924537 0.006250 0.027778
0 0.491927 0.907870 0.006250 0.026852
0 0.502214 0.889815 0.007031 0.027778
0 0.512370 0.875694 0.005990 0.026389
0 0.493359 0.860185 0.006510 0.028704
0 0.514323 0.820139 0.006250 0.028241
0 0.504297 0.830787 0.006510 0.029167
0 0.495312 0.819676 0.006250 0.023611
0 0.524740 0.784028 0.006250 0.026389
0 0.505859 0.773380 0.007031 0.024537
0 0.496354 0.777546 0.006250 0.025463
2 0.517318 0.743981 0.006510 0.029630
0 0.527734 0.733565 0.005990 0.023611
0 0.529818 0.679861 0.005990 0.027315
0 0.519401 0.693981 0.005469 0.019444
2 0.499219 0.706250 0.007292 0.028241
0 0.511328 0.663194 0.007031 0.025463
2 0.541016 0.638426 0.006510 0.028704
0 0.522526 0.624769 0.005469 0.020833
0 0.502214 0.617130 0.006510 0.025000
3 0.510547 0.609491 0.003385 0.011574
0 0.510286 0.568519 0.007031 0.025926
0 0.533333 0.570833 0.006250 0.024074
2 0.545833 0.578241 0.006250 0.029630
0 0.496094 0.574074 0.010417 0.024074
0 0.097656 0.580093 0.014583 0.010185
0 0.257552 0.720139 0.015104 0.018056
0 0.677214 0.679167 0.014844 0.018519
0 0.814844 0.122222 0.013021 0.019444
