0 0.087240 0.831944 0.015625 0.020370
0 0.098177 0.855093 0.010937 0.012963
0 0.109635 0.847454 0.010417 0.010648
0 0.132031 0.813194 0.012500 0.011574
0 0.129427 0.784028 0.013542 0.016204
0 0.206510 0.737037 0.014583 0.014815
0 0.222917 0.731481 0.014583 0.009259
0 0.263932 0.748148 0.013802 0.011111
0 0.283073 0.744676 0.015625 0.012500
0 0.296615 0.743981 0.006771 0.025926
0 0.290755 0.708333 0.013802 0.012963
0 0.311979 0.722685 0.014583 0.016667
0 0.338151 0.703009 0.013802 0.017130
2 0.325391 0.681250 0.013281 0.018056
0 0.319010 0.668981 0.013542 0.016667
2 0.255990 0.722917 0.012500 0.009722
0 0.273307 0.716667 0.013281 0.010185
0 0.332682 0.637963 0.010677 0.026852
0 0.325391 0.612500 0.010677 0.026852
0 0.317057 0.575000 0.010677 0.026852
0 0.338672 0.585185 0.010677 0.026852
0 0.338151 0.619907 0.010677 0.026852
0 0.349349 0.620139 0.008594 0.022685
0 0.358854 0.646296 0.010937 0.025926
0 0.376432 0.680787 0.012760 0.021759
0 0.353125 0.691204 0.016667 0.011111
0 0.362500 0.706713 0.013542 0.019907
0 0.377734 0.725694 0.013281 0.020833
0 0.392188 0.705093 0.012500 0.020370
0 0.409896 0.722917 0.010937 0.015278
0 0.428125 0.737269 0.015104 0.016204
0 0.416016 0.764120 0.014323 0.016204
0 0.396615 0.781713 0.010417 0.025463
0 0.413802 0.842593 0.015104 0.016667
0 0.450911 0.856250 0.015885 0.010648
2 0.451562 0.831019 0.015625 0.014815
0 0.429557 0.792593 0.005990 0.027778
2 0.461589 0.781019 0.015365 0.017593
0 0.422396 0.888889 0.007812 0.025000
0 0.442057 0.941435 0.008594 0.023611
0 0.402734 0.962963 0.007552 0.020370
0 0.411458 0.991667 0.008333 0.016667
0 0.749349 0.985185 0.007031 0.026852
2 0.746354 0.953009 0.006250 0.028241
0 0.788411 0.965278 0.007031 0.026852
2 0.778646 0.960880 0.008333 0.034722
0 0.743229 0.832870 0.013021 0.018519
0 0.778646 0.843981 0.015625 0.012963
0 0.800781 0.840509 0.016667 0.012500
0 0.818880 0.843056 0.015365 0.016667
0 0.836068 0.834954 0.015365 0.008796
0 0.896484 0.825694 0.016406 0.015278
0 0.931641 0.818750 0.017448 0.014352
0 0.949740 0.814583 0.015104 0.013426
0 0.967708 0.810417 0.013021 0.011574
0 0.990755 0.808565 0.016406 0.013426
0 0.726042 0.796991 0.010937 0.025463
0 0.736849 0.787963 0.012240 0.020370
0 0.734505 0.774537 0.013802 0.016667
0 0.730599 0.761574 0.015885 0.019444
0 0.717839 0.729861 0.014844 0.018056
0 0.681380 0.640741 0.010156 0.023148
2 0.698047 0.686806 0.015365 0.028241
2 0.705208 0.708565 0.010937 0.018981
2 0.713021 0.717361 0.013542 0.019907
0 0.616667 0.654861 0.013021 0.022685
0 0.692057 0.561806 0.012240 0.018981
0 0.605208 0.780556 0.012500 0.015741
0 0.530729 0.868981 0.005729 0.026852
0 0.533073 0.964815 0.006771 0.021296
0 0.165885 0.629861 0.013021 0.013426
2 0.167839 0.593287 0.015365 0.011574
2 0.166797 0.617361 0.015365 0.011574
0 0.169271 0.569676 0.016146 0.012500
0 0.169401 0.549769 0.016927 0.012500
0 0.171354 0.535185 0.020833 0.014815
0 0.101693 0.606019 0.006510 0.019444
0 0.011719 0.912500 0.010417 0.014815
0 0.007552 0.062963 0.014583 0.012037
0 0.121484 0.029167 0.011198 0.019444
0 0.135156 0.007176 0.015625 0.013426
0 0.256510 0.032176 0.009375 0.017130
0 0.304688 0.249537 0.014583 0.021296
0 0.302604 0.266204 0.013542 0.019444
0 0.327604 0.267130 0.015625 0.017593
0 0.316146 0.304630 0.013021 0.019444
2 0.324479 0.334259 0.010937 0.028704
0 0.363281 0.243056 0.010417 0.023148
0 0.382292 0.191667 0.008854 0.025926
0 0.385937 0.162500 0.005729 0.027778
0 0.384505 0.132176 0.007031 0.021759
0 0.370443 0.064583 0.009635 0.027315
0 0.363151 0.036343 0.008594 0.024537
0 0.393880 0.036111 0.009635 0.030556
0 0.403385 0.074074 0.010417 0.026852
0 0.386589 0.008796 0.009635 0.016667
0 0.532943 0.164815 0.010677 0.022222
0 0.554948 0.206250 0.011979 0.021759
0 0.578385 0.242824 0.013021 0.018056
0 0.597266 0.274306 0.013281 0.018981
0 0.621745 0.300694 0.014844 0.018056
0 0.644401 0.322222 0.014844 0.016667
0 0.662370 0.335648 0.015365 0.017593
0 0.686719 0.351157 0.015104 0.014352
0 0.716536 0.357639 0.014844 0.012500
0 0.728385 0.385648 0.013021 0.012037
2 0.750260 0.355093 0.016667 0.012037
0 0.782292 0.353009 0.016146 0.012500
0 0.817318 0.345139 0.012240 0.010648
0 0.859245 0.341435 0.014323 0.012500
0 0.914714 0.334491 0.015365 0.012500
0 0.966927 0.325463 0.016146 0.012037
2 0.981120 0.270602 0.016927 0.012500
0 0.994661 0.323843 0.010677 0.012500
0 0.966146 0.067824 0.007292 0.025463
0 0.543359 0.783333 0.007552 0.024074
0 0.525781 0.760417 0.005729 0.027315
0 0.514193 0.693056 0.005990 0.024074
0 0.533333 0.717130 0.006250 0.026852
0 0.521615 0.660648 0.006771 0.025926
0 0.512500 0.660185 0.006771 0.025926
0 0.518229 0.595370 0.006771 0.025926
2 0.510417 0.609028 0.008854 0.048611
2 0.464974 0.701620 0.008073 0.040278
2 0.446094 0.742593 0.015104 0.012037
2 0.397786 0.749074 0.017969 0.025926
0 0.496094 0.493981 0.013021 0.011111
0 0.540234 0.510880 0.014844 0.012500
0 0.520052 0.432407 0.014063 0.012037
0 0.479687 0.454167 0.014063 0.012037
2 0.478646 0.414352 0.015104 0.011111
3 0.455078 0.385880 0.005469 0.015278
0 0.498958 0.274769 0.006250 0.028241
0 0.536198 0.411111 0.014063 0.012037
0 0.542448 0.447222 0.014063 0.012037
0 0.554427 0.427546 0.014583 0.013426
0 0.571875 0.460880 0.014583 0.013426
0 0.583854 0.441435 0.014583 0.013426
0 0.563802 0.475231 0.014583 0.013426
0 0.595573 0.455787 0.014583 0.013426
0 0.585938 0.472454 0.014583 0.013426
0 0.589583 0.495139 0.015104 0.013426
0 0.619271 0.503935 0.015104 0.013426
0 0.619141 0.452546 0.013802 0.013426
0 0.617318 0.436574 0.014844 0.012963
0 0.620703 0.418981 0.014844 0.012963
0 0.640495 0.432870 0.014844 0.012963
0 0.641016 0.449074 0.014844 0.012963
0 0.663151 0.445833 0.014844 0.012963
0 0.676693 0.461111 0.014844 0.012963
0 0.641536 0.414352 0.013281 0.012037
0 0.668880 0.394444 0.013802 0.012963
0 0.687109 0.426389 0.013802 0.012963
0 0.691406 0.408333 0.015625 0.012963
0 0.696094 0.391667 0.015625 0.012963
2 0.652214 0.399769 0.015885 0.012500
0 0.634115 0.397454 0.011458 0.011574
2 0.664974 0.411343 0.015885 0.012500
2 0.669922 0.428935 0.012760 0.009722
2 0.631380 0.466898 0.017448 0.012500
0 0.608203 0.469907 0.011719 0.012037
2 0.585547 0.423380 0.017448 0.012500
2 0.584245 0.403009 0.034635 0.018056
0 0.700651 0.493287 0.013802 0.011574
0 0.737630 0.473843 0.015365 0.012500
0 0.712370 0.404861 0.015365 0.012500
0 0.746484 0.400694 0.015365 0.012500
0 0.748828 0.381019 0.012760 0.011111
0 0.769141 0.378472 0.014323 0.012500
0 0.781901 0.396065 0.014323 0.012500
0 0.764844 0.417130 0.015625 0.012037
2 0.742708 0.418056 0.016146 0.012037
2 0.716146 0.422454 0.025521 0.015278
0 0.789583 0.464352 0.015625 0.012037
0 0.789844 0.412963 0.015625 0.012037
0 0.799740 0.374074 0.015625 0.012037
0 0.821615 0.373148 0.015625 0.012037
0 0.821094 0.387500 0.015625 0.012037
0 0.822526 0.408333 0.016406 0.012963
0 0.835026 0.473148 0.016406 0.012963
0 0.851562 0.403009 0.015104 0.012500
2 0.828776 0.491435 0.016927 0.013426
2 0.803646 0.391204 0.017188 0.012963
0 0.845573 0.385880 0.015104 0.012500
2 0.843750 0.368981 0.017188 0.012963
0 0.866146 0.382176 0.015104 0.012500
0 0.867188 0.365509 0.015104 0.013426
0 0.873047 0.399074 0.016927 0.014815
0 0.889193 0.362037 0.014323 0.012963
0 0.891276 0.379861 0.012760 0.012500
0 0.898568 0.395833 0.015885 0.012963
0 0.912891 0.377315 0.015885 0.012963
0 0.916536 0.358333 0.017969 0.013889
0 0.925130 0.393056 0.017969 0.013889
0 0.945964 0.353241 0.017969 0.013889
0 0.949870 0.371759 0.017969 0.013889
0 0.954297 0.388657 0.013281 0.011574
2 0.885807 0.417361 0.033594 0.018981
0 0.978906 0.437037 0.016146 0.012963
0 0.984896 0.406019 0.016146 0.012963
0 0.979427 0.364815 0.016146 0.012963
0 0.974479 0.348148 0.016146 0.012963
0 0.994922 0.345602 0.010156 0.012500
0 0.996615 0.363194 0.006771 0.012500
2 0.926172 0.424306 0.017448 0.014352
0 0.430990 0.491898 0.015104 0.012500
0 0.421094 0.469213 0.015104 0.012500
0 0.403646 0.467593 0.011458 0.010185
0 0.376432 0.467361 0.013802 0.013426
0 0.368750 0.485880 0.013021 0.013426
0 0.347917 0.465278 0.013542 0.012037
0 0.319661 0.485648 0.015365 0.012963
0 0.306380 0.461574 0.015365 0.012963
0 0.235807 0.473148 0.015365 0.012963
0 0.236589 0.490278 0.015365 0.012963
0 0.184766 0.486111 0.015365 0.012963
2 0.278906 0.494907 0.021875 0.015741
2 0.249870 0.457407 0.017448 0.011111
2 0.220964 0.455093 0.017448 0.011111
2 0.175521 0.452083 0.015625 0.010648
0 0.130990 0.482176 0.015104 0.012500
0 0.127865 0.448843 0.015104 0.012500
0 0.105729 0.462731 0.015104 0.012500
2 0.088802 0.477083 0.015625 0.010648
0 0.083854 0.445139 0.015104 0.012500
0 0.067969 0.460417 0.015104 0.012500
0 0.039062 0.441435 0.015104 0.012500
0 0.053776 0.477778 0.013281 0.012963
2 0.015495 0.455093 0.016927 0.010185
1 0.007943 0.474769 0.015365 0.013426
2 0.464323 0.337963 0.005729 0.028704
0 0.454688 0.348843 0.005729 0.028241
0 0.472396 0.321528 0.005729 0.028241
0 0.463802 0.302778 0.006250 0.028704
0 0.471354 0.282407 0.006250 0.028704
0 0.453385 0.278241 0.007292 0.027778
0 0.453125 0.310185 0.007292 0.027778
0 0.479687 0.250463 0.005729 0.026852
0 0.470573 0.236574 0.005729 0.026852
0 0.462240 0.259259 0.005729 0.026852
0 0.452083 0.232407 0.005729 0.026852
0 0.479427 0.216204 0.005729 0.026852
0 0.461719 0.204630 0.005729 0.026852
0 0.452604 0.200463 0.005729 0.026852
0 0.470313 0.188426 0.005729 0.026852
0 0.479557 0.180556 0.006510 0.025926
0 0.479297 0.138426 0.006510 0.025926
0 0.497526 0.137500 0.006510 0.025926
0 0.479557 0.107870 0.005990 0.020370
0 0.461849 0.093056 0.005990 0.025926
0 0.452214 0.123148 0.005990 0.025926
0 0.452214 0.162037 0.005990 0.025926
2 0.461198 0.146296 0.008333 0.060185
0 0.470703 0.148611 0.006510 0.025926
2 0.470703 0.116667 0.006510 0.029630
0 0.470703 0.085648 0.005990 0.025926
0 0.479557 0.071296 0.006510 0.028704
3 0.499609 0.066898 0.003385 0.012500
0 0.452083 0.071528 0.006771 0.030093
0 0.453646 0.031713 0.006250 0.024537
0 0.470833 0.048380 0.006250 0.019907
0 0.480729 0.038426 0.006771 0.025000
0 0.510417 0.018056 0.006771 0.025000
0 0.493750 0.012269 0.007292 0.023611
0 0.481250 0.007639 0.007292 0.014352
2 0.462891 0.048611 0.006510 0.029630
2 0.472917 0.012731 0.006250 0.024537
0 0.455208 0.005556 0.006771 0.010185
3 0.463542 0.019444 0.004687 0.013889
0 0.516276 0.086343 0.007552 0.027315
0 0.928516 0.462963 0.016406 0.012037
0 0.003255 0.545139 0.004948 0.026389
3 0.527214 0.586111 0.002865 0.011111
