0 0.048828 0.984954 0.014323 0.015278
0 0.040625 0.952546 0.012500 0.012500
0 0.070443 0.955787 0.009635 0.012500
0 0.043359 0.964583 0.013281 0.013426
0 0.052734 0.944676 0.010677 0.025463
0 0.070573 0.865278 0.014583 0.015741
0 0.124870 0.864583 0.015365 0.012500
0 0.127214 0.875231 0.013281 0.012500
0 0.251953 0.918981 0.009635 0.015741
0 0.119792 0.815046 0.013021 0.014352
0 0.136068 0.725463 0.008594 0.022222
0 0.131250 0.702315 0.007812 0.020370
0 0.157682 0.616435 0.009115 0.021759
0 0.081510 0.773611 0.009375 0.023148
0 0.162891 0.571528 0.011719 0.021759
0 0.172266 0.761111 0.010156 0.023148
0 0.173698 0.702083 0.006771 0.025463
0 0.166927 0.653935 0.007812 0.023611
0 0.192839 0.733796 0.011719 0.014815
0 0.177083 0.730324 0.007812 0.025463
0 0.224219 0.762963 0.012500 0.014815
0 0.205729 0.722454 0.014063 0.014352
0 0.242057 0.700463 0.014323 0.015741
0 0.256641 0.740046 0.013802 0.015278
0 0.272917 0.730093 0.013542 0.014815
0 0.367708 0.748843 0.012500 0.022685
0 0.399609 0.828704 0.011198 0.022222
0 0.377865 0.852083 0.010417 0.022685
0 0.379036 0.808565 0.010677 0.025463
0 0.186198 0.389815 0.006250 0.023148
0 0.696224 0.122454 0.011719 0.022685
2 0.633854 0.171065 0.009896 0.024537
2 0.628906 0.183796 0.010417 0.021296
0 0.665365 0.135880 0.009375 0.025463
0 0.672917 0.131481 0.009375 0.022222
0 0.658073 0.141435 0.010417 0.024537
0 0.702995 0.022917 0.005469 0.026389
0 0.800911 0.109028 0.015885 0.014352
0 0.770443 0.047222 0.014323 0.012037
0 0.822786 0.101620 0.013802 0.012500
2 0.806641 0.131944 0.014844 0.012037
2 0.768750 0.065741 0.018229 0.012963
2 0.941146 0.071991 0.012500 0.010648
2 0.701823 0.491204 0.015625 0.010185
0 0.897656 0.687963 0.006250 0.018519
0 0.889974 0.693056 0.005469 0.011111
0 0.854818 0.683565 0.008073 0.022685
0 0.944531 0.731250 0.007292 0.022685
0 0.937240 0.735648 0.006250 0.022222
0 0.929688 0.736574 0.006771 0.025000
0 0.962630 0.827546 0.008073 0.023611
0 0.925911 0.842130 0.009115 0.024074
2 0.918620 0.846065 0.007552 0.018981
2 0.910937 0.845602 0.007812 0.021759
2 0.918620 0.867130 0.008594 0.021296
2 0.912891 0.867593 0.009115 0.025000
0 0.893099 0.952778 0.012240 0.012963
0 0.787891 0.680556 0.011719 0.012037
0 0.745703 0.638426 0.012760 0.013889
0 0.773828 0.690972 0.013281 0.013426
0 0.699609 0.621296 0.006510 0.026852
0 0.755339 0.705787 0.011719 0.012500
0 0.648958 0.677315 0.009375 0.024074
2 0.615625 0.593056 0.020313 0.013889
2 0.658984 0.601620 0.010677 0.025463
0 0.583464 0.768750 0.013281 0.018056
0 0.657292 0.711111 0.013542 0.017593
2 0.639583 0.708102 0.013542 0.030093
0 0.633984 0.655093 0.008073 0.024074
0 0.615885 0.714352 0.010417 0.021296
0 0.607031 0.780556 0.005729 0.028704
0 0.602604 0.740509 0.012500 0.020833
0 0.568359 0.786111 0.012240 0.014815
0 0.594661 0.838889 0.008594 0.023148
0 0.626693 0.740046 0.010677 0.022685
0 0.577344 0.814352 0.015104 0.017593
0 0.615885 0.765509 0.010417 0.022685
0 0.633203 0.878472 0.013281 0.011574
0 0.614583 0.886574 0.006250 0.024074
0 0.613411 0.806250 0.010156 0.023611
0 0.651693 0.508333 0.013281 0.009259
1 0.654948 0.475926 0.031771 0.012963
0 0.595573 0.509491 0.014063 0.010648
0 0.570703 0.481481 0.013802 0.011111
0 0.560547 0.498380 0.013802 0.010648
2 0.567969 0.512269 0.025521 0.013426
0 0.330078 0.594444 0.013802 0.009259
0 0.281510 0.590972 0.014583 0.010648
0 0.048958 0.467361 0.014583 0.011574
0 0.304557 0.563194 0.014844 0.012500
0 0.105599 0.605093 0.014323 0.010185
0 0.192188 0.783565 0.013542 0.012500
0 0.159115 0.668750 0.009375 0.026389
0 0.137109 0.909954 0.010677 0.013426
0 0.368750 0.846528 0.010417 0.022685
2 0.438672 0.563194 0.035677 0.024537
2 0.763021 0.120139 0.015625 0.012500
2 0.906510 0.198380 0.016146 0.012500
0 0.977734 0.067824 0.013281 0.012500
0 0.663542 0.356944 0.009375 0.021296
2 0.637630 0.624769 0.007552 0.026389
0 0.626432 0.686343 0.008594 0.018981
2 0.599740 0.827778 0.009375 0.025000
2 0.621094 0.945602 0.005729 0.022685
0 0.543750 0.838889 0.014063 0.016667
0 0.513021 0.780556 0.006250 0.024074
0 0.048958 0.321296 0.014063 0.012037
0 0.058854 0.285648 0.007292 0.022222
2 0.050911 0.282176 0.009115 0.026389
0 0.131771 0.900694 0.010937 0.014352
0 0.138151 0.922917 0.012760 0.013426
0 0.140234 0.934722 0.013802 0.015741
3 0.493229 0.619213 0.005208 0.012500
0 0.563411 0.824306 0.013281 0.016204
0 0.635156 0.933796 0.005729 0.021296
0 0.617969 0.917593 0.004687 0.023148
0 0.903125 0.093750 0.015625 0.011574
2 0.616146 0.195139 0.016146 0.026389
0 0.640365 0.165046 0.008854 0.024537
0 0.071484 0.969444 0.008594 0.012037
0 0.722917 0.490046 0.014583 0.008796
0 0.584375 0.495139 0.014583 0.010648
0 0.628125 0.477315 0.015104 0.011111
0 0.622786 0.851389 0.008073 0.025000
0 0.050911 0.993981 0.014844 0.012037
0 0.957161 0.068750 0.016406 0.012500
0 0.957552 0.784028 0.014063 0.013426
0 0.549609 0.801852 0.013802 0.017593
0 0.613542 0.508796 0.013021 0.010185
0 0.068099 0.943519 0.009115 0.012037
0 0.064583 0.934259 0.010937 0.012963
0 0.038411 0.940509 0.014323 0.014352
0 0.035547 0.928704 0.013281 0.014815
0 0.129036 0.888426 0.011719 0.012037
0 0.221484 0.713657 0.014844 0.016204
0 0.309115 0.709259 0.010937 0.012037
0 0.633203 0.902083 0.006510 0.026389
0 0.690365 0.683796 0.008854 0.025000
2 0.037760 0.275694 0.009375 0.026389
0 0.036068 0.323611 0.007552 0.018519
0 0.026172 0.325926 0.011719 0.027778
0 0.478516 0.934954 0.006510 0.023611
0 0.477734 0.968750 0.006510 0.025463
0 0.505729 0.739352 0.006771 0.025926
0 0.513932 0.740741 0.005990 0.025000
0 0.507161 0.704398 0.007552 0.026389
2 0.895052 0.521065 0.027083 0.014352
0 0.647526 0.492824 0.014844 0.010648
2 0.686068 0.477778 0.015885 0.010185
0 0.077214 0.989583 0.012240 0.012500
0 0.032943 0.917593 0.011198 0.012037
0 0.208203 0.766667 0.013802 0.012963
0 0.278906 0.675000 0.014063 0.016667
0 0.258333 0.688426 0.014583 0.017593
0 0.325651 0.706944 0.014844 0.012963
0 0.341406 0.714583 0.014063 0.017130
0 0.510807 0.814815 0.006510 0.025000
2 0.500911 0.825000 0.006510 0.027778
0 0.484245 0.799306 0.006510 0.025463
2 0.502865 0.779167 0.006771 0.025000
0 0.526953 0.665509 0.006510 0.025463
0 0.490365 0.659028 0.006250 0.026389
0 0.517969 0.662269 0.006250 0.024537
2 0.516016 0.702315 0.007031 0.033333
2 0.498437 0.660880 0.006771 0.028241
1 0.508594 0.662269 0.007812 0.037500
0 0.716146 0.669444 0.014063 0.011111
2 0.686068 0.620370 0.007552 0.026852
0 0.905990 0.681944 0.006771 0.025000
0 0.955208 0.834954 0.008333 0.023611
0 0.685417 0.491435 0.013021 0.010648
0 0.667708 0.492361 0.014063 0.011574
0 0.628516 0.492361 0.013281 0.010648
0 0.633854 0.508102 0.009896 0.007870
0 0.607292 0.493981 0.014583 0.011111
0 0.609635 0.479167 0.011458 0.009259
0 0.593229 0.481019 0.014583 0.010185
3 0.556510 0.483333 0.006771 0.005556
0 0.031641 0.495139 0.014844 0.011574
0 0.301953 0.549074 0.015885 0.011111
0 0.795182 0.162963 0.012760 0.020370
0 0.591406 0.222454 0.013542 0.016204
0 0.054297 0.916898 0.010677 0.018981
0 0.974740 0.823148 0.007812 0.022222
0 0.991927 0.868750 0.013542 0.014352
0 0.982552 0.305324 0.009896 0.028241
2 0.992578 0.312963 0.012760 0.026852
0 0.993490 0.271296 0.013021 0.011111
0 0.780208 0.115509 0.014063 0.011574
0 0.772917 0.181250 0.004687 0.026389
0 0.704688 0.061111 0.005729 0.025926
0 0.676693 0.150463 0.013281 0.017593
0 0.164583 0.469444 0.015104 0.011111
0 0.497266 0.702315 0.007031 0.025926
0 0.488411 0.687731 0.005469 0.018981
0 0.487240 0.727315 0.006771 0.025000
0 0.495443 0.742824 0.005990 0.022685
0 0.486458 0.765741 0.006250 0.023148
0 0.493359 0.779861 0.006510 0.026389
2 0.483073 0.832176 0.007292 0.026389
2 0.480859 0.865741 0.007031 0.026852
0 0.499349 0.863657 0.007031 0.026389
2 0.479948 0.898611 0.006250 0.026852
0 0.745703 0.486343 0.015365 0.009722
0 0.461328 0.429630 0.005469 0.023148
0 0.793620 0.481250 0.013281 0.010648
0 0.492318 0.832176 0.006510 0.026389
0 0.712760 0.473611 0.014583 0.009259
0 0.401042 0.333333 0.007292 0.016667
0 0.490104 0.879167 0.006250 0.026852
0 0.525781 0.703935 0.005729 0.024537
2 0.472786 0.437731 0.005990 0.026389
0 0.489974 0.415509 0.005469 0.024537
0 0.673307 0.507870 0.010156 0.009259
0 0.694401 0.506481 0.014844 0.010185
0 0.771484 0.484954 0.014844 0.011574
0 0.497917 0.006019 0.006250 0.011111
0 0.480859 0.403009 0.006510 0.025463
0 0.631901 0.552546 0.013802 0.010648
0 0.497005 0.950463 0.005990 0.025926
0 0.420182 0.275463 0.009115 0.024074
0 0.738672 0.470833 0.014323 0.010185
2 0.920052 0.501389 0.014583 0.011111
0 0.489453 0.378241 0.005469 0.025000
0 0.485938 0.960417 0.005729 0.024537
0 0.487760 0.922222 0.006250 0.023148
0 0.923698 0.514815 0.013542 0.010185
0 0.101172 0.827083 0.013802 0.014352
0 0.494531 0.991435 0.006771 0.017130
0 0.481380 0.437269 0.005469 0.022685
0 0.497917 0.417130 0.005729 0.026852
0 0.487630 0.337731 0.005990 0.023611
0 0.489193 0.512731 0.012760 0.018981
0 0.385286 0.583333 0.013281 0.008333
0 0.158724 0.785185 0.013281 0.018519
0 0.375391 0.387037 0.011198 0.022222
0 0.976823 0.336111 0.005208 0.021296
0 0.471354 0.396759 0.006250 0.024074
0 0.138021 0.801157 0.014063 0.014352
2 0.458594 0.312500 0.005729 0.029630
0 0.509635 0.072917 0.005208 0.021759
0 0.523047 0.477315 0.010156 0.024074
0 0.506250 0.524769 0.009375 0.015278
0 0.485938 0.989352 0.006250 0.020370
3 0.927995 0.529861 0.007031 0.007870
0 0.673438 0.550694 0.013021 0.010648
0 0.454948 0.074769 0.006771 0.026389
2 0.478516 0.315278 0.006510 0.029630
0 0.464583 0.132176 0.006250 0.023611
0 0.539714 0.182407 0.011198 0.025000
0 0.461068 0.387269 0.005990 0.021759
0 0.792057 0.181250 0.011198 0.017130
2 0.772005 0.499769 0.015885 0.010648
3 0.786979 0.514583 0.005208 0.010648
0 0.713672 0.504398 0.014323 0.009722
0 0.122917 0.828241 0.014063 0.012963
0 0.474089 0.146991 0.005469 0.025463
2 0.477604 0.262963 0.005729 0.029630
0 0.873698 0.505093 0.015104 0.011111
0 0.479557 0.355787 0.005990 0.023611
2 0.713672 0.552083 0.012760 0.009722
0 0.228125 0.499769 0.014063 0.010648
0 0.475911 0.187963 0.005990 0.025926
2 0.476042 0.223843 0.005208 0.027315
0 0.349870 0.440741 0.012760 0.022222
0 0.424219 0.547685 0.012500 0.011111
0 0.843620 0.524537 0.014844 0.010185
0 0.804818 0.513426 0.014844 0.011111
0 0.115495 0.514120 0.012760 0.009722
0 0.278385 0.562037 0.013542 0.011111
0 0.497526 0.377546 0.005990 0.023611
0 0.458594 0.232639 0.006250 0.024537
0 0.458854 0.271296 0.005729 0.025926
0 0.083203 0.842130 0.010677 0.011111
2 0.856250 0.824306 0.007292 0.022685
0 0.342708 0.551157 0.010937 0.009722
0 0.259245 0.544444 0.014323 0.011111
0 0.440104 0.581019 0.014063 0.011111
2 0.469141 0.330093 0.005990 0.025926
0 0.456120 0.197685 0.005469 0.025000
0 0.732812 0.520139 0.013021 0.010648
0 0.340885 0.568287 0.013021 0.010648
0 0.006771 0.459954 0.013021 0.010648
0 0.176302 0.526852 0.015104 0.011111
0 0.850781 0.507870 0.015104 0.011111
0 0.848568 0.460648 0.014844 0.010185
0 0.895443 0.504861 0.014844 0.011574
0 0.523438 0.401389 0.005729 0.023148
0 0.452995 0.534491 0.012240 0.015278
0 0.470833 0.366667 0.006771 0.025926
0 0.088802 0.476852 0.013542 0.012037
0 0.323568 0.469676 0.012760 0.018056
0 0.375651 0.553472 0.013802 0.011574
0 0.755208 0.534259 0.014583 0.011111
0 0.769401 0.516667 0.013281 0.009259
0 0.864193 0.521759 0.015365 0.010185
0 0.830339 0.510185 0.013281 0.012963
0 0.455469 0.158102 0.005729 0.025463
0 0.523438 0.270370 0.006250 0.024074
0 0.523958 0.735185 0.005729 0.024074
0 0.055859 0.439583 0.012760 0.010648
0 0.163281 0.538889 0.014063 0.011111
0 0.750781 0.502315 0.015104 0.011111
0 0.890625 0.536343 0.014063 0.010648
0 0.468359 0.297685 0.005990 0.025926
0 0.511719 0.178935 0.005729 0.023611
0 0.077734 0.506944 0.015885 0.012037
0 0.006120 0.427546 0.011719 0.011574
0 0.022005 0.446296 0.014844 0.010185
2 0.517188 0.349537 0.006771 0.025926
0 0.484115 0.570370 0.015104 0.012963
0 0.759505 0.471528 0.013802 0.010648
0 0.913542 0.531481 0.015104 0.010185
0 0.467839 0.256944 0.005990 0.025926
0 0.514714 0.447685 0.008594 0.023148
0 0.208854 0.549537 0.014063 0.010185
0 0.392578 0.597917 0.014323 0.009722
0 0.450000 0.598148 0.014063 0.010185
0 0.822786 0.526389 0.014323 0.010185
0 0.825000 0.477083 0.014063 0.008796
0 0.096615 0.595139 0.011979 0.010648
0 0.284896 0.487963 0.013021 0.011111
2 0.500130 0.066898 0.006510 0.027315
0 0.505339 0.444676 0.008073 0.020833
0 0.854297 0.538889 0.014323 0.010185
0 0.401823 0.756019 0.013021 0.021296
0 0.209245 0.476157 0.014844 0.011574
2 0.467057 0.205556 0.005990 0.027778
0 0.525911 0.101157 0.006510 0.026389
2 0.930859 0.994213 0.014323 0.011574
0 0.492839 0.584491 0.012760 0.010648
0 0.492057 0.483102 0.012240 0.020833
0 0.508073 0.400231 0.005729 0.025463
2 0.239974 0.555556 0.015365 0.011111
0 0.261849 0.575463 0.014323 0.012037
0 0.796615 0.530093 0.012500 0.009259
1 0.005078 0.532639 0.009635 0.015278
0 0.026432 0.462731 0.013802 0.010648
0 0.051172 0.529630 0.015885 0.012963
0 0.505729 0.255787 0.006250 0.027315
0 0.523438 0.575463 0.010417 0.010185
