0 0.053516 0.994444 0.014844 0.011111
0 0.045833 0.964120 0.012500 0.012500
0 0.074609 0.967824 0.009635 0.012500
0 0.048047 0.975694 0.013281 0.013426
0 0.057682 0.957176 0.010677 0.025463
0 0.074479 0.875926 0.014583 0.015741
0 0.128776 0.875463 0.014323 0.015741
0 0.131250 0.886111 0.012500 0.011111
0 0.256380 0.925926 0.009635 0.015741
0 0.160938 0.798611 0.013542 0.015741
0 0.138411 0.734722 0.008594 0.022222
0 0.135026 0.712500 0.009115 0.021296
0 0.155469 0.605093 0.008854 0.022222
0 0.085547 0.784722 0.009635 0.022222
0 0.174479 0.704398 0.007292 0.022685
0 0.165104 0.641667 0.007812 0.024074
0 0.168099 0.605556 0.008594 0.025000
0 0.195312 0.743519 0.012500 0.014815
0 0.171745 0.669444 0.007031 0.024074
0 0.226823 0.771759 0.012500 0.014815
0 0.208333 0.731250 0.014063 0.014352
0 0.244401 0.707639 0.014323 0.016204
0 0.260026 0.746065 0.013802 0.015278
0 0.275260 0.736574 0.013542 0.014815
0 0.370052 0.752546 0.012500 0.022685
0 0.401693 0.831944 0.011198 0.022222
0 0.380729 0.855787 0.010417 0.022685
0 0.381901 0.812269 0.010677 0.025463
0 0.186068 0.398611 0.007031 0.023148
0 0.693359 0.119676 0.011719 0.022685
2 0.631120 0.168519 0.009115 0.025000
2 0.626693 0.181713 0.010677 0.020833
0 0.661979 0.134954 0.009375 0.025463
0 0.670573 0.130556 0.009375 0.022222
0 0.654948 0.140972 0.010417 0.024537
0 0.699609 0.021528 0.005469 0.026389
0 0.797526 0.103472 0.015885 0.014352
0 0.766276 0.043981 0.014323 0.012037
0 0.819661 0.096528 0.013802 0.012500
2 0.803906 0.128009 0.015625 0.012500
2 0.764583 0.062037 0.018229 0.012963
2 0.937240 0.064120 0.012500 0.010648
2 0.699479 0.488426 0.015625 0.010185
0 0.899479 0.678241 0.005729 0.021296
0 0.891406 0.685185 0.004687 0.010185
0 0.856120 0.678472 0.008073 0.022685
0 0.945573 0.723148 0.008333 0.023148
0 0.938672 0.727083 0.007031 0.020833
0 0.930729 0.727315 0.006771 0.025000
0 0.964844 0.817593 0.008854 0.024074
0 0.928516 0.832870 0.009115 0.024074
2 0.921224 0.837731 0.007552 0.018981
2 0.914193 0.836343 0.009115 0.020833
2 0.922005 0.859259 0.008594 0.021296
2 0.915495 0.860417 0.008073 0.026389
0 0.896224 0.945139 0.012240 0.013426
0 0.788932 0.675463 0.011719 0.012037
0 0.746745 0.634722 0.012760 0.013889
0 0.775130 0.685417 0.013281 0.013426
0 0.700651 0.618519 0.006510 0.026852
0 0.756641 0.701157 0.011719 0.012500
0 0.649870 0.674074 0.010156 0.025000
2 0.616927 0.592130 0.020313 0.013889
2 0.659766 0.598843 0.010677 0.025463
0 0.585807 0.768750 0.013281 0.018056
0 0.659505 0.707176 0.014844 0.017130
2 0.641016 0.706019 0.013802 0.027778
0 0.635286 0.654167 0.008073 0.024074
0 0.617448 0.712963 0.010417 0.021296
0 0.609896 0.780556 0.005729 0.028704
0 0.604818 0.740278 0.011719 0.020370
0 0.570703 0.785185 0.012240 0.014815
0 0.596745 0.837963 0.008594 0.023148
0 0.629036 0.738194 0.010677 0.022685
0 0.580469 0.812500 0.015104 0.017593
0 0.618490 0.764583 0.010417 0.022685
0 0.636979 0.876157 0.013021 0.012500
0 0.617969 0.884722 0.005729 0.023148
0 0.615885 0.805324 0.009375 0.022685
0 0.648438 0.490046 0.013542 0.008796
1 0.629818 0.475463 0.032552 0.012963
0 0.574609 0.513426 0.013281 0.008333
0 0.406901 0.504398 0.013802 0.010648
2 0.403385 0.525231 0.025000 0.013426
0 0.353516 0.554861 0.014323 0.010648
0 0.329297 0.571065 0.012760 0.009722
0 0.051562 0.465046 0.014583 0.010648
0 0.369922 0.571759 0.013281 0.009259
0 0.107161 0.616204 0.014323 0.010185
0 0.195443 0.794213 0.013281 0.013426
0 0.141797 0.919444 0.011198 0.012963
0 0.372656 0.850694 0.010937 0.023611
2 0.506901 0.077083 0.009635 0.064352
2 0.759896 0.115972 0.015625 0.012500
2 0.903385 0.190972 0.016146 0.012500
0 0.973568 0.059028 0.013281 0.012500
0 0.663021 0.356019 0.009375 0.021296
2 0.639062 0.623843 0.006771 0.027315
0 0.627474 0.685417 0.008594 0.018981
2 0.602995 0.826157 0.009635 0.022685
2 0.624740 0.944676 0.006771 0.023611
0 0.546615 0.837500 0.014063 0.016667
0 0.515625 0.781481 0.006250 0.024074
0 0.048958 0.335185 0.014063 0.012037
0 0.058594 0.299537 0.007292 0.022222
2 0.050260 0.295602 0.008333 0.026389
0 0.136068 0.910648 0.010677 0.013889
0 0.142448 0.933102 0.012500 0.014352
0 0.145182 0.945833 0.013802 0.015741
3 0.494792 0.620139 0.005208 0.012500
0 0.566536 0.822917 0.013281 0.016204
0 0.638802 0.931019 0.005729 0.021296
0 0.621354 0.915741 0.004687 0.023148
2 0.614583 0.195139 0.016146 0.026389
0 0.637500 0.163194 0.008854 0.024537
0 0.076432 0.980556 0.008594 0.012037
0 0.722917 0.486806 0.014063 0.010648
0 0.625911 0.849306 0.008073 0.023611
0 0.953255 0.061111 0.015365 0.012963
0 0.959115 0.772454 0.014063 0.014352
0 0.552214 0.800926 0.013802 0.017593
0 0.616536 0.508333 0.010156 0.008333
0 0.072526 0.956019 0.009115 0.012037
0 0.069401 0.946759 0.010156 0.012963
0 0.043359 0.951620 0.014323 0.014352
0 0.040365 0.940972 0.013021 0.015278
0 0.133464 0.898611 0.011719 0.012037
0 0.224089 0.722454 0.014844 0.016204
0 0.310937 0.713889 0.010937 0.012037
0 0.637109 0.898843 0.006510 0.026389
0 0.691927 0.681019 0.008854 0.025000
2 0.037109 0.288889 0.010156 0.027778
0 0.036068 0.337500 0.007552 0.018519
0 0.026432 0.340278 0.011719 0.027778
0 0.482682 0.935417 0.006510 0.023611
0 0.481901 0.969676 0.006510 0.025463
0 0.507812 0.739352 0.006771 0.025926
0 0.516276 0.741204 0.005990 0.025000
0 0.508724 0.704398 0.007552 0.026389
0 0.681510 0.505093 0.013542 0.010185
2 0.668620 0.475463 0.015885 0.010185
0 0.037891 0.929630 0.012240 0.012037
0 0.211849 0.775926 0.013281 0.012963
0 0.281250 0.681019 0.014063 0.016667
0 0.261198 0.695139 0.014583 0.016204
0 0.327734 0.711574 0.014844 0.012963
0 0.343490 0.719213 0.014063 0.017130
0 0.513411 0.815741 0.006510 0.025000
2 0.503776 0.825926 0.006510 0.027778
0 0.487109 0.799769 0.006510 0.025463
2 0.505208 0.779398 0.006771 0.026389
0 0.529036 0.666435 0.006510 0.025463
0 0.491667 0.659028 0.006250 0.026389
0 0.519271 0.662269 0.006250 0.024537
2 0.518099 0.703241 0.007031 0.033333
2 0.500260 0.661806 0.006771 0.028241
1 0.509896 0.662269 0.007812 0.037500
0 0.717969 0.665741 0.014063 0.011111
2 0.686979 0.616667 0.006771 0.025926
0 0.907031 0.673611 0.006771 0.025000
0 0.957812 0.824769 0.008333 0.023611
0 0.675391 0.489120 0.013281 0.009722
0 0.575130 0.480324 0.014323 0.010648
0 0.602344 0.493287 0.014583 0.009722
3 0.322135 0.502778 0.006250 0.005556
0 0.792057 0.158796 0.012760 0.020370
0 0.059245 0.929861 0.010677 0.018981
0 0.977344 0.811574 0.008333 0.021296
0 0.993880 0.857176 0.012240 0.014352
0 0.980990 0.296528 0.009896 0.028241
2 0.989974 0.303472 0.011198 0.027315
0 0.991016 0.261111 0.012240 0.012037
0 0.777083 0.111343 0.014063 0.011574
0 0.700781 0.058796 0.005729 0.025926
0 0.673958 0.148380 0.014063 0.018056
0 0.115625 0.495139 0.015104 0.011574
0 0.499349 0.703241 0.007031 0.025926
0 0.490495 0.688657 0.005469 0.018981
0 0.489844 0.728009 0.005729 0.024537
0 0.497786 0.742824 0.005990 0.022685
0 0.488802 0.766667 0.006250 0.023148
0 0.496354 0.780556 0.006250 0.024074
2 0.485938 0.834491 0.007292 0.026389
2 0.484635 0.865972 0.006250 0.027315
0 0.502604 0.863657 0.007292 0.025463
2 0.483594 0.899537 0.006250 0.026852
0 0.743880 0.482639 0.014323 0.009722
0 0.461068 0.430556 0.005469 0.023148
0 0.793620 0.477083 0.013281 0.010648
0 0.495443 0.834028 0.006510 0.026389
0 0.711849 0.471065 0.014323 0.010648
0 0.494010 0.881019 0.006250 0.026852
0 0.527344 0.704861 0.005729 0.024537
2 0.472266 0.439352 0.005990 0.025000
0 0.489714 0.415509 0.005469 0.024537
0 0.647656 0.506019 0.014063 0.010185
0 0.764974 0.480093 0.013281 0.011111
0 0.480599 0.405324 0.006510 0.025463
0 0.501693 0.934259 0.005990 0.024074
0 0.738411 0.466898 0.013802 0.010648
0 0.488932 0.379167 0.005469 0.025000
0 0.490104 0.961806 0.005729 0.024537
0 0.491667 0.923148 0.006250 0.023148
0 0.824870 0.456713 0.012760 0.010648
0 0.129557 0.820602 0.013281 0.012500
0 0.481380 0.438194 0.005469 0.022685
0 0.498177 0.418519 0.005729 0.026852
0 0.486589 0.338657 0.005990 0.023611
0 0.667318 0.544213 0.013281 0.010648
0 0.413932 0.571065 0.012760 0.009722
0 0.178255 0.737037 0.006510 0.024074
0 0.975781 0.327778 0.006771 0.023148
0 0.471094 0.398611 0.006250 0.024074
0 0.175000 0.768056 0.009375 0.022222
2 0.458854 0.345833 0.005729 0.029630
0 0.490104 0.989815 0.006250 0.020370
0 0.788542 0.525000 0.014583 0.010185
0 0.450260 0.079167 0.006250 0.024074
2 0.477734 0.316204 0.006510 0.029630
0 0.463411 0.174537 0.005990 0.024074
0 0.460286 0.389120 0.005990 0.021759
0 0.788411 0.176620 0.011198 0.017130
2 0.748958 0.496991 0.015104 0.009722
3 0.881250 0.500231 0.005729 0.006944
0 0.126823 0.839583 0.013542 0.013426
0 0.471094 0.149306 0.005729 0.025463
2 0.476562 0.265278 0.005729 0.029630
0 0.479036 0.357176 0.005990 0.023611
2 0.921224 0.522222 0.014844 0.012037
0 0.152604 0.501157 0.014063 0.011574
0 0.473568 0.190278 0.005990 0.025926
2 0.474219 0.225694 0.006250 0.028241
0 0.848828 0.468519 0.015885 0.010185
0 0.834505 0.517824 0.015365 0.010648
0 0.291797 0.555093 0.015365 0.011111
0 0.496875 0.377546 0.006250 0.023611
0 0.457292 0.266898 0.006250 0.024537
0 0.458464 0.303935 0.005990 0.027315
0 0.097396 0.846991 0.010937 0.011574
2 0.858464 0.817824 0.007552 0.024537
0 0.186458 0.553472 0.014583 0.010648
0 0.211458 0.545139 0.015104 0.010648
2 0.467839 0.331019 0.005990 0.025926
0 0.454688 0.221528 0.005729 0.023611
0 0.788542 0.509954 0.013021 0.010648
0 0.141667 0.544444 0.017188 0.012963
0 0.925130 0.505093 0.014323 0.011111
0 0.469792 0.368519 0.006771 0.025926
0 0.062760 0.482639 0.014583 0.010648
0 0.377865 0.511111 0.014063 0.009259
0 0.314974 0.555324 0.012760 0.010648
0 0.959635 0.484722 0.014063 0.010185
0 0.453516 0.161806 0.006510 0.025463
0 0.525781 0.735880 0.006771 0.023611
0 0.717448 0.501620 0.014583 0.009722
0 0.965495 0.554167 0.010156 0.021296
0 0.467839 0.299074 0.005990 0.025926
0 0.619271 0.536343 0.013021 0.010648
0 0.759245 0.465972 0.013802 0.010648
0 0.467057 0.258796 0.005990 0.025926
0 0.176823 0.536806 0.014583 0.011574
0 0.532422 0.520370 0.010156 0.009259
0 0.517969 0.503472 0.014063 0.009722
0 0.789323 0.491435 0.014063 0.009722
0 0.776953 0.463194 0.013802 0.010648
0 0.290885 0.496296 0.014583 0.012963
0 0.955339 0.500926 0.015365 0.012037
0 0.211198 0.524074 0.014063 0.011111
2 0.465495 0.211574 0.005990 0.027778
0 0.468099 0.045602 0.005990 0.025463
2 0.934375 0.986574 0.014063 0.016667
0 0.620443 0.555787 0.013802 0.010648
2 0.349609 0.570602 0.015365 0.010648
0 0.409766 0.556944 0.013802 0.010185
0 0.890365 0.465046 0.014583 0.010648
1 0.314974 0.653009 0.029427 0.035648
0 0.004427 0.456019 0.008333 0.010185
0 0.072786 0.862500 0.014323 0.015741
0 0.453255 0.116898 0.006510 0.025463
0 0.980469 0.629630 0.008333 0.023148
0 0.501823 0.892361 0.006250 0.025463
1 0.361719 0.587963 0.032813 0.013889
0 0.881901 0.527778 0.013281 0.010185
0 0.819792 0.472222 0.014063 0.011111
0 0.084896 0.487269 0.013542 0.012500
0 0.495703 0.026157 0.007031 0.021759
0 0.702865 0.141204 0.015104 0.014815
0 0.394010 0.556250 0.009896 0.009722
0 0.707943 0.521528 0.012760 0.009722
0 0.114714 0.801157 0.014323 0.017130
0 0.478385 0.075463 0.006250 0.022222
0 0.511849 0.850463 0.007552 0.025926
0 0.023438 0.475463 0.015104 0.011111
0 0.375130 0.558333 0.014844 0.010185
0 0.735026 0.517593 0.014844 0.010185
0 0.909505 0.493981 0.014844 0.011111
0 0.987630 0.494444 0.015365 0.012037
0 0.003516 0.403704 0.006510 0.024074
0 0.463021 0.140509 0.006771 0.026389
0 0.449219 0.027778 0.006250 0.025926
0 0.486849 0.309491 0.005990 0.025463
0 0.252604 0.611806 0.015104 0.014352
0 0.250260 0.563889 0.010937 0.008333
0 0.392708 0.571296 0.014063 0.010185
0 0.738281 0.547454 0.014063 0.010648
0 0.393490 0.346065 0.009896 0.020833
0 0.997135 0.351852 0.005729 0.023148
2 0.970443 0.990046 0.012240 0.019907
2 0.220703 0.559491 0.015885 0.010648
0 0.284115 0.568750 0.014583 0.010648
0 0.550911 0.498611 0.013281 0.009259
0 0.750260 0.529398 0.010417 0.007870
0 0.820312 0.534954 0.014063 0.010648
0 0.847396 0.502778 0.013021 0.010185
0 0.149219 0.955556 0.012500 0.016667
0 0.098047 0.607639 0.011198 0.010648
2 0.430859 0.216667 0.010677 0.040741
0 0.437109 0.116898 0.004948 0.025463
0 0.589583 0.222685 0.012500 0.016667
0 0.981250 0.590741 0.008333 0.022222
2 0.499479 0.983102 0.006250 0.024537
0 0.017708 0.520370 0.015625 0.010185
0 0.067969 0.515046 0.014063 0.010648
0 0.067187 0.544907 0.015104 0.011111
0 0.221094 0.585417 0.014063 0.010648
0 0.333984 0.555093 0.014844 0.011111
0 0.472135 0.504167 0.014063 0.010185
0 0.453776 0.529861 0.013802 0.010648
0 0.497005 0.526157 0.012760 0.009722
0 0.532682 0.486806 0.010677 0.008796
0 0.715885 0.534259 0.013542 0.010185
0 0.860938 0.515972 0.013021 0.009722
0 0.367318 0.410185 0.011198 0.020370
0 0.770182 0.174306 0.005990 0.025463
0 0.522526 0.578935 0.014844 0.012500
0 0.501302 0.493056 0.014063 0.010185
0 0.458203 0.014583 0.006510 0.026389
2 0.023698 0.506713 0.021875 0.015278
1 0.030339 0.552778 0.034635 0.018519
2 0.020573 0.534259 0.017188 0.012037
0 0.107161 0.522685 0.014844 0.011111
0 0.088281 0.534491 0.014583 0.011574
0 0.119531 0.564583 0.011458 0.009722
0 0.189062 0.507407 0.010937 0.011111
1 0.170703 0.583333 0.033073 0.021296
0 0.245833 0.549537 0.014063 0.011111
0 0.305208 0.596759 0.015625 0.012963
0 0.307552 0.569676 0.014063 0.010648
2 0.972266 0.448843 0.016406 0.012500
