0 0.049479 0.976620 0.012500 0.012500
0 0.079948 0.978241 0.009896 0.012037
0 0.052734 0.988194 0.013281 0.013426
0 0.061719 0.970139 0.011458 0.025463
0 0.078125 0.890278 0.014583 0.015741
0 0.132812 0.882870 0.014063 0.012963
0 0.134635 0.895370 0.012500 0.011111
0 0.259896 0.933333 0.009375 0.016667
0 0.141927 0.748380 0.009375 0.024537
0 0.136068 0.723611 0.009115 0.021296
0 0.172656 0.581250 0.013542 0.013426
0 0.087891 0.797454 0.010677 0.024537
0 0.172917 0.689120 0.007812 0.024537
0 0.165495 0.619676 0.008594 0.026389
0 0.276042 0.589583 0.014063 0.011574
0 0.198177 0.752083 0.011979 0.017130
0 0.168750 0.653009 0.007812 0.024537
0 0.229687 0.778241 0.013021 0.015741
0 0.210547 0.740046 0.013802 0.016204
0 0.245703 0.715972 0.014323 0.016204
0 0.262500 0.753935 0.014063 0.015278
0 0.277604 0.741435 0.013542 0.016204
0 0.372786 0.756944 0.012240 0.020370
0 0.405078 0.834722 0.011198 0.022222
0 0.383854 0.856713 0.010417 0.022685
0 0.385026 0.816667 0.010156 0.025926
0 0.185286 0.408333 0.007031 0.023148
0 0.689063 0.115278 0.010937 0.024074
2 0.626693 0.166898 0.010677 0.026389
2 0.623307 0.179861 0.010677 0.020833
0 0.658333 0.129861 0.010417 0.027315
0 0.665885 0.126389 0.009375 0.022222
0 0.651042 0.136343 0.011979 0.025463
0 0.694401 0.015972 0.005990 0.025463
0 0.792839 0.096065 0.015885 0.014352
0 0.761198 0.036574 0.014583 0.012963
0 0.814974 0.087269 0.013802 0.012500
2 0.799479 0.117824 0.015625 0.012500
2 0.759896 0.054630 0.018229 0.014815
2 0.932031 0.051157 0.012500 0.010648
2 0.401562 0.543056 0.015104 0.010185
0 0.900391 0.665972 0.005990 0.019907
0 0.892839 0.669907 0.004427 0.012963
0 0.856250 0.666204 0.008854 0.021296
0 0.947135 0.708333 0.007292 0.023148
0 0.939453 0.712269 0.007031 0.020833
0 0.931771 0.714120 0.006771 0.025463
0 0.966797 0.803009 0.008073 0.024537
0 0.930990 0.818519 0.008854 0.025000
2 0.924349 0.822917 0.007552 0.018981
2 0.916536 0.822917 0.009115 0.020833
2 0.924479 0.843981 0.008854 0.022222
2 0.918620 0.845370 0.008594 0.025000
0 0.899740 0.930556 0.010937 0.013889
0 0.789714 0.666204 0.011719 0.012037
0 0.746484 0.626389 0.012760 0.013889
0 0.776172 0.678009 0.013281 0.013426
0 0.700911 0.612037 0.006510 0.026852
0 0.757943 0.693750 0.011719 0.012500
0 0.651172 0.669444 0.010156 0.025000
2 0.617188 0.587037 0.020313 0.013889
2 0.659766 0.593056 0.010156 0.026852
0 0.587370 0.765509 0.013281 0.018056
0 0.661068 0.702083 0.014844 0.017130
2 0.642578 0.701389 0.013281 0.029630
0 0.636719 0.649537 0.007292 0.024074
0 0.619271 0.709491 0.010937 0.023611
0 0.611458 0.776389 0.005729 0.028704
0 0.606250 0.736343 0.011458 0.021759
0 0.573828 0.782407 0.012240 0.014815
0 0.599870 0.834722 0.008594 0.023148
0 0.630339 0.734491 0.011198 0.024537
0 0.582812 0.809722 0.015104 0.017593
0 0.620573 0.759491 0.010417 0.022685
0 0.639323 0.871991 0.013021 0.012500
0 0.620703 0.880556 0.007552 0.024074
0 0.617708 0.802315 0.010417 0.024074
0 0.665365 0.484722 0.015104 0.011111
1 0.287240 0.502546 0.032813 0.017130
0 0.560286 0.496528 0.013802 0.010648
0 0.353776 0.559954 0.014323 0.010648
0 0.330208 0.576620 0.014063 0.010648
0 0.370052 0.575694 0.013542 0.008796
0 0.108464 0.628704 0.014323 0.010185
0 0.197266 0.803009 0.013281 0.013426
0 0.144922 0.929630 0.011198 0.012963
0 0.375391 0.854167 0.010156 0.022222
2 0.755469 0.108102 0.015625 0.012500
2 0.899349 0.178704 0.016927 0.013889
0 0.968229 0.044676 0.013542 0.011574
0 0.660937 0.350926 0.009375 0.021296
2 0.639323 0.618981 0.006771 0.029630
0 0.628516 0.680324 0.008073 0.018981
2 0.605729 0.822917 0.010937 0.023611
2 0.628255 0.939815 0.007031 0.023148
0 0.548698 0.836574 0.014063 0.016667
0 0.517708 0.781019 0.006250 0.024074
0 0.047135 0.348611 0.014063 0.012037
0 0.056771 0.312500 0.007292 0.022222
2 0.048438 0.309491 0.008333 0.026389
0 0.139323 0.920370 0.012500 0.013889
0 0.146615 0.941898 0.012500 0.014352
0 0.148307 0.953704 0.013802 0.015741
3 0.495833 0.620602 0.005208 0.012500
0 0.568099 0.821065 0.013281 0.016204
0 0.642969 0.925926 0.005729 0.021296
0 0.624479 0.910185 0.005729 0.024074
2 0.610156 0.191898 0.016146 0.026389
0 0.633594 0.159028 0.008854 0.024537
0 0.080859 0.992130 0.008594 0.012037
0 0.628776 0.844676 0.008073 0.024537
0 0.948047 0.046991 0.015365 0.013426
0 0.961328 0.758333 0.014844 0.013889
0 0.554557 0.800463 0.013802 0.017593
0 0.677604 0.461343 0.012500 0.011574
0 0.077344 0.967361 0.009375 0.011574
0 0.073958 0.957639 0.011458 0.012500
0 0.047526 0.965509 0.014323 0.014352
0 0.044401 0.953009 0.013802 0.016204
0 0.137630 0.907407 0.011719 0.012037
0 0.226432 0.730787 0.014844 0.016204
0 0.313021 0.719444 0.011458 0.012963
0 0.639714 0.894213 0.006510 0.024537
0 0.692187 0.675000 0.008854 0.025000
2 0.035026 0.302315 0.008594 0.027778
0 0.034766 0.350926 0.008073 0.019444
0 0.024349 0.354398 0.011198 0.027315
0 0.486068 0.935417 0.006510 0.023611
0 0.485938 0.968056 0.006771 0.024074
0 0.509635 0.735185 0.006771 0.025926
0 0.518099 0.740278 0.005990 0.025000
0 0.509766 0.703472 0.007552 0.026389
0 0.042057 0.944676 0.011719 0.011574
0 0.214193 0.783102 0.013802 0.014352
0 0.282943 0.687037 0.014323 0.017593
0 0.262500 0.702546 0.014583 0.016204
0 0.329167 0.717130 0.015104 0.011111
0 0.345443 0.723148 0.014323 0.014815
0 0.516016 0.816204 0.006510 0.025000
2 0.506641 0.825463 0.006510 0.027778
0 0.489453 0.800231 0.006510 0.025463
2 0.507292 0.779398 0.006771 0.026389
0 0.530339 0.665509 0.006510 0.025463
0 0.492188 0.659028 0.006250 0.026389
0 0.520833 0.662269 0.006250 0.024537
2 0.519661 0.702315 0.007031 0.033333
2 0.500781 0.661806 0.006771 0.028241
1 0.511719 0.662731 0.007812 0.037500
0 0.719010 0.659259 0.014063 0.011111
2 0.687370 0.610880 0.007552 0.027315
0 0.907552 0.661111 0.006771 0.025000
0 0.959635 0.810417 0.008333 0.023611
0 0.788411 0.150231 0.012240 0.021759
0 0.063151 0.942824 0.010677 0.018981
0 0.979297 0.795833 0.007031 0.022222
0 0.994661 0.842130 0.010677 0.015741
0 0.978125 0.281250 0.009375 0.029167
2 0.987240 0.288657 0.011458 0.028241
0 0.987500 0.246528 0.013021 0.011574
0 0.772656 0.102546 0.014063 0.011574
0 0.696354 0.053472 0.005729 0.026389
0 0.669792 0.143750 0.013021 0.018056
0 0.500130 0.703241 0.007031 0.025926
0 0.491536 0.688657 0.005469 0.018981
0 0.491406 0.728009 0.005729 0.024537
0 0.499609 0.742824 0.005990 0.022685
0 0.490885 0.766667 0.006250 0.023148
0 0.497656 0.780093 0.006250 0.024074
2 0.488542 0.833565 0.007292 0.026389
2 0.487240 0.866435 0.006250 0.027315
0 0.505469 0.860880 0.007292 0.025463
2 0.486458 0.899306 0.005729 0.026389
0 0.705339 0.531019 0.013802 0.010185
0 0.459766 0.431944 0.005469 0.023148
0 0.498047 0.833565 0.006510 0.026389
0 0.496875 0.873611 0.006250 0.026852
0 0.529167 0.704398 0.005729 0.024537
2 0.471224 0.439583 0.005990 0.025463
0 0.488672 0.416435 0.005469 0.024537
0 0.760938 0.455324 0.014583 0.012500
0 0.479557 0.405324 0.006510 0.025463
0 0.504818 0.933333 0.005990 0.024074
0 0.840104 0.459722 0.014583 0.011111
0 0.487370 0.379630 0.005469 0.025000
0 0.494141 0.961111 0.005469 0.024074
0 0.495052 0.920370 0.006250 0.023148
0 0.141016 0.825231 0.013281 0.015278
0 0.480599 0.438194 0.005469 0.022685
0 0.497656 0.419444 0.005729 0.026852
0 0.484245 0.339583 0.005990 0.023611
0 0.414193 0.574306 0.012760 0.009722
0 0.178776 0.731481 0.007552 0.024074
0 0.972526 0.312500 0.007031 0.024074
0 0.469792 0.399074 0.006250 0.024074
0 0.177474 0.771065 0.008594 0.024537
2 0.456510 0.347222 0.005729 0.029630
0 0.494661 0.989815 0.006510 0.020370
0 0.385156 0.366204 0.011458 0.022222
2 0.475130 0.318056 0.006510 0.029630
0 0.461068 0.179630 0.005990 0.024074
0 0.458724 0.391435 0.005990 0.021759
0 0.784635 0.168981 0.012500 0.017593
0 0.130469 0.850694 0.013021 0.015278
0 0.468490 0.150926 0.006250 0.025926
2 0.473568 0.267130 0.005990 0.028704
0 0.476693 0.357639 0.005990 0.023611
0 0.088281 0.546528 0.011458 0.009722
0 0.470182 0.191667 0.005990 0.025926
2 0.471354 0.227083 0.006250 0.028241
0 0.294661 0.561111 0.015365 0.011111
0 0.495703 0.379630 0.005990 0.025926
0 0.454688 0.267361 0.006250 0.024537
0 0.455729 0.305324 0.006771 0.027315
0 0.125781 0.837731 0.010937 0.011574
2 0.861719 0.806713 0.008333 0.027315
0 0.248047 0.557870 0.014844 0.011111
2 0.466276 0.331944 0.005990 0.025926
0 0.451562 0.226157 0.005729 0.023611
0 0.927344 0.493287 0.013542 0.010648
0 0.149740 0.510880 0.014583 0.011574
0 0.467969 0.369907 0.006771 0.025926
0 0.264844 0.525694 0.013021 0.009722
0 0.314974 0.559491 0.012760 0.010648
0 0.450651 0.190046 0.006510 0.025463
0 0.528385 0.734954 0.006771 0.024537
0 0.465234 0.301852 0.005990 0.025926
0 0.464193 0.260648 0.005990 0.025926
0 0.211589 0.551852 0.013802 0.012037
2 0.462630 0.216667 0.005990 0.025000
2 0.938802 0.973148 0.014063 0.019444
2 0.349740 0.574537 0.015625 0.012037
0 0.410286 0.559259 0.013802 0.010185
0 0.036328 0.463194 0.014844 0.011574
0 0.108724 0.850926 0.014323 0.015741
0 0.450391 0.148380 0.005990 0.026389
0 0.504687 0.891898 0.006771 0.026389
1 0.418359 0.588657 0.031510 0.014352
0 0.593099 0.247917 0.009115 0.026389
0 0.393880 0.559491 0.010156 0.010648
0 0.116927 0.812269 0.015104 0.018056
0 0.466146 0.109028 0.006250 0.026389
0 0.514714 0.849074 0.007552 0.025926
0 0.375130 0.561111 0.014844 0.010185
0 0.459635 0.141435 0.006771 0.026389
0 0.428125 0.213194 0.006771 0.024537
0 0.484505 0.309954 0.007031 0.025463
0 0.393099 0.573843 0.014844 0.011574
0 0.804167 0.499074 0.013542 0.011111
2 0.973828 0.981713 0.011719 0.036574
2 0.209245 0.565278 0.017448 0.012963
0 0.291406 0.574769 0.014583 0.010648
0 0.906120 0.481713 0.015885 0.011574
0 0.151823 0.965278 0.012500 0.016667
0 0.101302 0.618519 0.011979 0.012037
2 0.356641 0.424537 0.019531 0.033333
0 0.371875 0.394907 0.009896 0.022222
0 0.586068 0.220602 0.013281 0.016204
0 0.980990 0.575694 0.009375 0.023611
2 0.503516 0.977546 0.005990 0.026389
0 0.004687 0.517130 0.008854 0.011111
0 0.334115 0.559259 0.015104 0.010185
0 0.467839 0.515972 0.013802 0.013426
0 0.744271 0.476157 0.013542 0.011574
0 0.323828 0.480556 0.012760 0.020370
0 0.766536 0.168287 0.005990 0.025463
0 0.447135 0.105093 0.006250 0.024074
2 0.149089 0.540741 0.016406 0.012037
1 0.593880 0.570139 0.030990 0.019907
0 0.145182 0.556713 0.012240 0.010648
0 0.231380 0.569444 0.015365 0.011111
0 0.311719 0.575231 0.014063 0.010648
0 0.360417 0.530787 0.014063 0.010648
0 0.337370 0.458102 0.011198 0.018981
0 0.446224 0.066667 0.007031 0.025926
0 0.430599 0.520370 0.014844 0.011111
0 0.130078 0.553009 0.011719 0.009722
2 0.251953 0.571528 0.015885 0.011574
0 0.228906 0.554398 0.014583 0.011574
0 0.270313 0.558565 0.014063 0.010648
0 0.481901 0.270833 0.005469 0.023148
0 0.480078 0.233796 0.006510 0.025926
0 0.155729 0.482639 0.011458 0.009722
2 0.383464 0.589815 0.015365 0.011111
0 0.270573 0.572685 0.010937 0.010185
0 0.978385 0.482176 0.014063 0.012500
0 0.433464 0.129398 0.005990 0.026389
0 0.464844 0.070139 0.006250 0.024537
0 0.165365 0.558796 0.014583 0.011111
0 0.466406 0.917824 0.004687 0.018056
2 0.800651 0.465972 0.015885 0.011574
0 0.409245 0.767130 0.012240 0.018519
0 0.411849 0.300231 0.009635 0.025463
0 0.493490 0.349537 0.005729 0.025926
0 0.192318 0.548611 0.014323 0.012037
0 0.105859 0.474537 0.013281 0.010185
0 0.404687 0.333796 0.008333 0.019444
0 0.479167 0.193056 0.006771 0.025926
2 0.170964 0.545370 0.021615 0.015741
0 0.188932 0.562500 0.014844 0.012037
0 0.226042 0.493519 0.015104 0.012037
0 0.723698 0.492130 0.015104 0.009259
0 0.540625 0.189815 0.010937 0.023148
0 0.830078 0.477083 0.015885 0.009722
0 0.420833 0.257870 0.008854 0.027778
0 0.454557 0.043750 0.006510 0.026389
0 0.577604 0.291435 0.010937 0.021759
0 0.083464 0.484259 0.014323 0.011111
0 0.071745 0.528935 0.014844 0.012500
0 0.207813 0.534028 0.010937 0.010648
0 0.395443 0.524306 0.014844 0.010648
2 0.338932 0.511343 0.015365 0.010648
2 0.316536 0.528935 0.014844 0.010648
0 0.509245 0.522917 0.013802 0.012500
0 0.589714 0.522917 0.013281 0.010648
2 0.850391 0.442361 0.015365 0.011574
2 0.443490 0.025231 0.006250 0.028241
2 0.989062 0.607176 0.009896 0.026389
0 0.066016 0.494676 0.013802 0.010648
0 0.035286 0.522454 0.014844 0.012500
0 0.056641 0.540278 0.013802 0.012037
0 0.007422 0.548611 0.014323 0.011111
0 0.220703 0.518750 0.013802 0.010648
0 0.114453 0.518287 0.013281 0.011574
0 0.298438 0.542593 0.014063 0.011111
0 0.456901 0.092361 0.007031 0.026389
0 0.240495 0.531944 0.013802 0.012037
0 0.046745 0.553009 0.014844 0.010648
0 0.051042 0.568981 0.014063 0.011111
3 0.453385 0.608565 0.006250 0.006019
0 0.411589 0.604630 0.013281 0.011111
0 0.618099 0.487731 0.013281 0.010648
0 0.004948 0.929398 0.009375 0.015278
0 0.432292 0.047917 0.007292 0.028241
0 0.987500 0.656250 0.008854 0.026389
0 0.972656 0.467130 0.014063 0.012037
0 0.521484 0.487731 0.013802 0.013426
0 0.048568 0.508333 0.011198 0.009259
0 0.006250 0.500463 0.011979 0.011111
0 0.099349 0.563426 0.016406 0.012037
0 0.113281 0.536574 0.014063 0.012037
0 0.113672 0.579398 0.016927 0.012500
0 0.481771 0.589583 0.015104 0.014352
0 0.643490 0.435880 0.010417 0.015278
0 0.970833 0.435648 0.014063 0.010185
