0 0.053385 0.982639 0.012500 0.012500
0 0.082552 0.984259 0.009896 0.012037
0 0.055339 0.992824 0.013281 0.013426
0 0.064844 0.974537 0.011458 0.024074
0 0.091406 0.872685 0.013542 0.013889
0 0.137760 0.889352 0.015625 0.015741
0 0.138281 0.901620 0.011458 0.013426
0 0.263281 0.935648 0.009375 0.014815
0 0.144271 0.751620 0.008333 0.021759
0 0.138411 0.728704 0.009115 0.021296
0 0.090234 0.801389 0.009635 0.022222
0 0.167057 0.640046 0.005990 0.023611
0 0.188021 0.595139 0.015104 0.013426
0 0.366406 0.590046 0.014063 0.011574
0 0.200521 0.755787 0.011979 0.017130
0 0.178646 0.612500 0.013021 0.017593
0 0.232031 0.781944 0.012500 0.015741
0 0.212370 0.741898 0.013802 0.016204
0 0.248307 0.718750 0.013802 0.017130
0 0.264062 0.756250 0.014063 0.015278
0 0.279167 0.744213 0.013542 0.016204
0 0.374089 0.756944 0.012240 0.020370
0 0.407682 0.835417 0.010677 0.022685
0 0.386458 0.859028 0.010417 0.022685
0 0.387370 0.816667 0.010156 0.025926
0 0.185547 0.411111 0.006510 0.024074
0 0.689583 0.108333 0.010937 0.024074
2 0.626953 0.164583 0.010677 0.026389
2 0.622266 0.176157 0.010677 0.020833
0 0.657422 0.125463 0.009635 0.025926
0 0.665625 0.122685 0.009375 0.020370
0 0.650651 0.131250 0.012240 0.024537
0 0.694010 0.011574 0.005729 0.022222
0 0.793099 0.088194 0.015885 0.014352
0 0.761458 0.029630 0.014583 0.012963
0 0.815365 0.079398 0.014063 0.013426
2 0.799740 0.111343 0.015625 0.012500
2 0.759635 0.046759 0.018229 0.014815
2 0.932552 0.041435 0.012500 0.010648
0 0.903776 0.658565 0.005990 0.019907
0 0.860156 0.658796 0.008854 0.021296
0 0.950781 0.699769 0.008333 0.022685
0 0.943490 0.705787 0.006771 0.021759
0 0.935677 0.707176 0.006771 0.025463
0 0.971224 0.795833 0.008073 0.024074
0 0.934505 0.812500 0.009115 0.025000
2 0.927474 0.816898 0.007552 0.018981
2 0.920182 0.816898 0.009115 0.020833
2 0.928125 0.838426 0.008854 0.022222
2 0.922266 0.839583 0.009115 0.025463
0 0.903646 0.925000 0.011979 0.012963
0 0.793359 0.660648 0.011719 0.012037
0 0.749089 0.622222 0.012760 0.013889
0 0.779036 0.671991 0.013281 0.013426
0 0.703516 0.607870 0.006510 0.026852
0 0.761068 0.689120 0.011719 0.012500
0 0.654427 0.665278 0.009375 0.024074
2 0.619271 0.585185 0.020313 0.013889
2 0.662370 0.590278 0.010156 0.026852
0 0.590365 0.762963 0.013021 0.018519
0 0.663021 0.699769 0.014063 0.017130
2 0.645182 0.698380 0.013281 0.030093
0 0.639323 0.646296 0.007292 0.024074
0 0.621354 0.706250 0.010937 0.023611
0 0.614193 0.773611 0.005469 0.028704
0 0.609375 0.734028 0.011458 0.021759
0 0.576432 0.780556 0.012240 0.014815
0 0.602995 0.831944 0.008594 0.023148
0 0.632943 0.731713 0.011198 0.024537
0 0.585677 0.807870 0.015104 0.017593
0 0.623177 0.757639 0.010417 0.022685
0 0.642448 0.869213 0.013021 0.012500
0 0.624609 0.878241 0.007552 0.024074
0 0.620964 0.798843 0.009635 0.023611
0 0.609896 0.471759 0.013542 0.010185
1 0.030208 0.465972 0.034375 0.015278
0 0.564714 0.493519 0.014844 0.011111
0 0.355339 0.561343 0.014323 0.010648
0 0.331250 0.576157 0.014063 0.010648
0 0.371615 0.575694 0.013542 0.008796
0 0.110026 0.632870 0.014323 0.009259
0 0.199870 0.805556 0.015365 0.015741
0 0.142578 0.925000 0.010677 0.014815
0 0.377995 0.854861 0.010156 0.024537
2 0.754687 0.102546 0.015625 0.012500
2 0.900911 0.171065 0.016406 0.013426
0 0.969401 0.034491 0.013802 0.011574
0 0.661979 0.346296 0.009896 0.020370
2 0.641406 0.617130 0.006771 0.029630
0 0.631380 0.677083 0.008073 0.018981
2 0.608724 0.820370 0.008594 0.024074
2 0.632161 0.937963 0.007031 0.023148
0 0.552604 0.834722 0.014063 0.016667
0 0.046875 0.353009 0.014063 0.012500
0 0.055990 0.316667 0.007292 0.022222
2 0.048177 0.314120 0.008333 0.026389
0 0.140104 0.912963 0.011979 0.012963
0 0.149740 0.946991 0.012500 0.014352
0 0.152474 0.957870 0.013802 0.015741
0 0.572005 0.818981 0.013281 0.017593
0 0.646484 0.923611 0.005469 0.022222
0 0.628516 0.908565 0.006510 0.022685
2 0.610547 0.188657 0.014844 0.028241
0 0.633464 0.154167 0.009635 0.022222
0 0.084115 0.994676 0.008333 0.010648
0 0.631901 0.842824 0.008073 0.024537
0 0.948828 0.037963 0.015885 0.013889
0 0.964974 0.750463 0.014844 0.013889
0 0.557682 0.798148 0.013802 0.017593
0 0.828255 0.466898 0.014323 0.011574
0 0.079167 0.972222 0.009896 0.012037
0 0.076823 0.963657 0.011458 0.012500
0 0.050521 0.971991 0.014063 0.016204
0 0.047917 0.961343 0.011979 0.014352
0 0.228255 0.733102 0.014844 0.017130
0 0.315104 0.721528 0.009896 0.012500
0 0.643620 0.890972 0.006510 0.024537
0 0.695573 0.671296 0.008854 0.025000
2 0.034505 0.308333 0.008594 0.027778
0 0.034245 0.356944 0.008073 0.019444
0 0.024870 0.358565 0.011198 0.027315
0 0.489714 0.935417 0.006510 0.023611
0 0.489193 0.969444 0.006510 0.025926
0 0.045703 0.950231 0.011719 0.011574
0 0.216276 0.787269 0.013802 0.014352
0 0.284505 0.688889 0.013802 0.018519
0 0.264323 0.705093 0.014583 0.017593
0 0.332031 0.717824 0.015104 0.013426
0 0.347917 0.725694 0.014063 0.014352
0 0.520573 0.767824 0.005729 0.024537
2 0.512630 0.730556 0.006510 0.027778
0 0.506380 0.583796 0.005990 0.025926
0 0.495182 0.680093 0.005990 0.023148
0 0.721224 0.655324 0.014323 0.012500
2 0.689193 0.605787 0.007552 0.027315
0 0.911458 0.654167 0.006771 0.025000
0 0.964193 0.803704 0.008594 0.023148
0 0.788672 0.142824 0.012240 0.021759
0 0.066146 0.947222 0.010417 0.017593
0 0.983333 0.788194 0.007812 0.021759
0 0.979688 0.272685 0.008854 0.029630
2 0.989062 0.279398 0.011458 0.028241
0 0.989323 0.236574 0.012500 0.012037
0 0.695833 0.047454 0.005729 0.026389
0 0.670703 0.139352 0.013281 0.019444
0 0.502474 0.720139 0.005990 0.025463
0 0.493229 0.759722 0.006250 0.025000
0 0.502604 0.778935 0.005729 0.024537
2 0.492839 0.808102 0.006510 0.026389
2 0.491406 0.844213 0.006250 0.027315
0 0.510938 0.788889 0.006250 0.025926
2 0.490625 0.886343 0.005729 0.026389
0 0.461068 0.431481 0.005469 0.023148
0 0.501693 0.835880 0.005469 0.024537
2 0.472266 0.440046 0.005990 0.026389
0 0.489453 0.415509 0.005469 0.024537
0 0.480078 0.404861 0.006510 0.025463
0 0.508984 0.925926 0.005990 0.024074
0 0.488021 0.378935 0.005729 0.023611
0 0.497526 0.960648 0.005469 0.024074
0 0.498437 0.908796 0.006250 0.023148
0 0.169010 0.792130 0.010937 0.021296
0 0.481641 0.437731 0.005469 0.022685
0 0.498177 0.417130 0.005729 0.026852
0 0.484505 0.339583 0.005990 0.023611
0 0.416276 0.574306 0.012760 0.009722
0 0.171484 0.675926 0.008594 0.025000
0 0.974609 0.304630 0.007031 0.024074
0 0.470573 0.398611 0.006250 0.024074
0 0.177214 0.712269 0.007031 0.024537
2 0.456771 0.346759 0.005729 0.029630
0 0.498047 0.989815 0.006510 0.020370
0 0.366927 0.409722 0.011979 0.023148
2 0.476172 0.317130 0.006510 0.029630
0 0.460026 0.177778 0.005990 0.024074
0 0.459245 0.390509 0.005990 0.021759
0 0.785417 0.162037 0.012500 0.017593
0 0.132682 0.855556 0.013802 0.016667
0 0.467448 0.150000 0.006250 0.025926
2 0.473568 0.265741 0.005990 0.028704
0 0.477734 0.356250 0.005990 0.023611
0 0.077083 0.484259 0.014063 0.010185
0 0.469401 0.190278 0.005990 0.025926
2 0.470833 0.226157 0.006250 0.028241
0 0.296484 0.563426 0.015365 0.011111
0 0.496484 0.378009 0.005469 0.024537
0 0.454427 0.265972 0.006250 0.024537
0 0.455729 0.305324 0.006771 0.027315
0 0.175130 0.810880 0.010156 0.013426
2 0.863411 0.803241 0.008594 0.025000
0 0.249349 0.559722 0.014844 0.011111
2 0.466536 0.331944 0.005990 0.025926
0 0.451823 0.225694 0.005729 0.023611
0 0.468750 0.368519 0.006771 0.025926
0 0.142969 0.512963 0.014063 0.011111
0 0.316146 0.561111 0.013021 0.011111
0 0.450651 0.188194 0.006510 0.025463
0 0.465495 0.300000 0.005990 0.025926
0 0.463672 0.259722 0.005990 0.025926
0 0.212500 0.554861 0.013542 0.010648
2 0.461849 0.214815 0.005990 0.025000
2 0.942969 0.966667 0.014583 0.018519
2 0.351562 0.575463 0.015625 0.012037
0 0.411589 0.559722 0.013802 0.010185
0 0.120182 0.847685 0.014844 0.015741
0 0.449609 0.146528 0.005990 0.026389
0 0.509375 0.859491 0.006771 0.026389
1 0.419661 0.588657 0.031510 0.014352
0 0.617969 0.225463 0.011979 0.020370
0 0.395443 0.559491 0.010156 0.010648
0 0.119661 0.816667 0.013802 0.018519
0 0.465365 0.106713 0.006250 0.026389
0 0.518099 0.847454 0.007031 0.026389
0 0.375911 0.561111 0.014844 0.010185
0 0.458854 0.140972 0.006771 0.026389
0 0.426953 0.221296 0.007031 0.024074
0 0.484766 0.309028 0.007031 0.025463
0 0.394531 0.574074 0.014063 0.011111
2 0.979688 0.977546 0.011458 0.039352
2 0.209766 0.568750 0.017448 0.012500
0 0.292187 0.576620 0.014583 0.010648
0 0.155729 0.969444 0.012500 0.016667
0 0.101562 0.622917 0.011979 0.013426
2 0.317318 0.485417 0.021615 0.023611
0 0.345703 0.449769 0.010677 0.020833
0 0.586068 0.217824 0.013281 0.016204
0 0.984115 0.568287 0.009375 0.023611
2 0.507422 0.976157 0.005990 0.026389
0 0.032943 0.510648 0.014323 0.011111
0 0.335417 0.561574 0.015104 0.010185
0 0.260286 0.500000 0.012760 0.011111
0 0.766797 0.159954 0.005990 0.025463
0 0.446354 0.105093 0.006250 0.024074
2 0.149479 0.544676 0.015625 0.011574
1 0.993359 0.484259 0.013281 0.015741
0 0.146094 0.560417 0.012500 0.009722
0 0.232161 0.572222 0.015365 0.011111
0 0.312760 0.577083 0.015104 0.011574
0 0.199870 0.494444 0.014844 0.011111
0 0.445182 0.065741 0.007031 0.025926
0 0.130729 0.556019 0.011979 0.010185
2 0.253255 0.573380 0.015885 0.011574
0 0.229948 0.557176 0.014583 0.011574
0 0.271354 0.560880 0.014063 0.010648
0 0.482422 0.268981 0.005469 0.023148
0 0.480339 0.231250 0.006510 0.026389
2 0.384635 0.589815 0.015625 0.010185
0 0.271354 0.574306 0.010417 0.008796
0 0.430859 0.175694 0.007031 0.025463
0 0.464323 0.067361 0.006250 0.024537
0 0.166146 0.561574 0.015104 0.011111
2 0.617188 0.485648 0.015104 0.011111
0 0.408854 0.309954 0.009375 0.025463
0 0.494271 0.348611 0.005729 0.025926
0 0.193359 0.551852 0.014323 0.012037
0 0.389062 0.372222 0.008854 0.017593
0 0.478906 0.192130 0.006771 0.025926
2 0.171354 0.548611 0.021354 0.013889
0 0.189453 0.565741 0.014844 0.012037
0 0.504036 0.029398 0.005990 0.019907
0 0.420182 0.258102 0.008594 0.026389
0 0.454036 0.043287 0.006510 0.026389
0 0.110417 0.540972 0.015625 0.012500
0 0.231120 0.524769 0.014844 0.010648
0 0.183594 0.518056 0.014583 0.010185
2 0.085026 0.518287 0.014323 0.011574
0 0.604297 0.516667 0.014323 0.012037
2 0.441927 0.024769 0.006250 0.028241
2 0.992057 0.598611 0.009635 0.025926
0 0.054818 0.530093 0.014323 0.011111
0 0.023177 0.525463 0.014583 0.011111
0 0.081120 0.549306 0.013281 0.011574
0 0.076563 0.534028 0.014063 0.011574
0 0.333854 0.529398 0.013542 0.009722
0 0.456380 0.090046 0.007031 0.026389
0 0.588542 0.490046 0.013542 0.009722
0 0.033724 0.916898 0.013802 0.017130
0 0.433073 0.140278 0.006250 0.026852
0 0.117839 0.554861 0.010677 0.011574
0 0.128516 0.542130 0.013802 0.012037
0 0.651042 0.495602 0.013021 0.009722
0 0.179427 0.745602 0.006771 0.022685
0 0.431901 0.091435 0.005990 0.025463
0 0.452214 0.007176 0.005469 0.013426
0 0.516927 0.064120 0.006771 0.023611
0 0.402734 0.533565 0.014323 0.011574
0 0.120443 0.569907 0.017448 0.012037
2 0.598958 0.321528 0.010937 0.021759
0 0.080599 0.893519 0.014323 0.015741
2 0.430339 0.045602 0.009115 0.043981
0 0.831250 0.087963 0.013542 0.012963
0 0.241406 0.593519 0.014583 0.012963
0 0.562500 0.509491 0.014063 0.009722
0 0.147135 0.830324 0.014063 0.014352
0 0.462109 0.029861 0.007031 0.025463
0 0.476823 0.146296 0.005729 0.019444
0 0.772526 0.096528 0.014323 0.012500
0 0.907422 0.424074 0.011719 0.011111
0 0.278646 0.527778 0.013542 0.010185
2 0.031250 0.497222 0.015625 0.011111
0 0.342448 0.592361 0.013542 0.009722
0 0.562370 0.478472 0.014323 0.010648
0 0.808333 0.448843 0.015104 0.010648
0 0.148047 0.935185 0.010677 0.014815
0 0.488802 0.605324 0.009375 0.023611
2 0.086458 0.563426 0.017708 0.012037
1 0.082292 0.580324 0.034896 0.018056
0 0.053125 0.545370 0.013021 0.010185
1 0.153385 0.592130 0.020833 0.012963
0 0.207682 0.598380 0.014323 0.011574
0 0.393750 0.605093 0.015625 0.011111
0 0.629036 0.865509 0.008594 0.021759
0 0.504427 0.653009 0.005729 0.022685
0 0.532813 0.671065 0.006250 0.024537
0 0.522786 0.679861 0.005469 0.022685
2 0.513802 0.660648 0.006250 0.026852
3 0.543359 0.540046 0.002865 0.006944
0 0.454427 0.561111 0.010417 0.012963
3 0.357161 0.515972 0.006510 0.006019
0 0.119010 0.490278 0.015104 0.012037
0 0.266016 0.589120 0.014323 0.009722
0 0.952344 0.465509 0.015625 0.011574
0 0.062891 0.892824 0.013281 0.016204
0 0.895964 0.664120 0.005469 0.009722
0 0.534375 0.611806 0.006771 0.024537
0 0.523698 0.617361 0.005729 0.024537
0 0.515755 0.574306 0.005990 0.026389
2 0.524219 0.541204 0.005729 0.033333
2 0.477474 0.544676 0.013281 0.021759
0 0.510938 0.506713 0.006771 0.026389
0 0.112240 0.506713 0.014063 0.011574
0 0.122266 0.585648 0.014844 0.012963
0 0.163151 0.577315 0.014844 0.011111
0 0.306380 0.592593 0.015365 0.010185
0 0.589453 0.555556 0.010677 0.021296
0 0.829688 0.488426 0.012500 0.011111
0 0.525651 0.460648 0.006510 0.025926
0 0.535286 0.444907 0.006510 0.025926
1 0.516536 0.461111 0.006510 0.037963
0 0.030599 0.571065 0.014844 0.012500
