0 0.053385 0.982639 0.012500 0.012500
0 0.082292 0.985185 0.009896 0.012037
0 0.055339 0.992824 0.013281 0.013426
0 0.065365 0.975000 0.011458 0.024074
0 0.110807 0.858333 0.014323 0.015741
0 0.141406 0.887500 0.015625 0.015741
0 0.138281 0.901620 0.011458 0.013426
0 0.263281 0.935648 0.009375 0.014815
0 0.144271 0.751620 0.008333 0.021759
0 0.138411 0.728704 0.009115 0.021296
0 0.090755 0.801852 0.009635 0.022222
0 0.167708 0.631944 0.006771 0.024074
0 0.232552 0.603009 0.014063 0.011574
0 0.366406 0.590046 0.014063 0.011574
0 0.200521 0.755787 0.011979 0.017130
0 0.183724 0.610185 0.013802 0.014815
0 0.232031 0.781944 0.012500 0.015741
0 0.212630 0.741898 0.013802 0.016204
0 0.248307 0.718750 0.013802 0.017130
0 0.264062 0.756250 0.014063 0.015278
0 0.279167 0.744213 0.013542 0.016204
0 0.374609 0.757407 0.012240 0.020370
0 0.407682 0.835417 0.010677 0.022685
0 0.386458 0.859028 0.010417 0.022685
0 0.387370 0.816667 0.010156 0.025926
0 0.185547 0.412500 0.006510 0.024074
0 0.689583 0.108333 0.010937 0.024074
2 0.626953 0.164583 0.010677 0.026389
2 0.622266 0.176157 0.010677 0.020833
0 0.657422 0.125463 0.009635 0.025926
0 0.665625 0.122685 0.009375 0.020370
0 0.650651 0.131250 0.012240 0.024537
0 0.694010 0.011574 0.005729 0.022222
0 0.793099 0.088194 0.015885 0.014352
0 0.761458 0.029630 0.014583 0.012963
0 0.815365 0.079398 0.014063 0.013426
2 0.799219 0.110648 0.015104 0.012963
2 0.759635 0.046759 0.018229 0.014815
2 0.932552 0.041435 0.012500 0.010648
0 0.903776 0.658565 0.005990 0.019907
0 0.860156 0.658796 0.008854 0.021296
0 0.950781 0.699769 0.008333 0.022685
0 0.943490 0.705787 0.006771 0.021759
0 0.935677 0.707176 0.006771 0.025463
0 0.971745 0.794676 0.007552 0.025463
0 0.934505 0.812500 0.009115 0.025000
2 0.927474 0.816898 0.007552 0.018981
2 0.920182 0.816898 0.009115 0.020833
2 0.928125 0.838426 0.008854 0.022222
2 0.922266 0.839583 0.009115 0.025463
0 0.903646 0.925000 0.011979 0.012963
0 0.793359 0.660648 0.011719 0.012037
0 0.749870 0.620833 0.012760 0.013889
0 0.779036 0.671991 0.013281 0.013426
0 0.703516 0.607870 0.006510 0.026852
0 0.761068 0.688194 0.011719 0.012500
0 0.654427 0.665278 0.009375 0.024074
2 0.619271 0.585185 0.020313 0.013889
2 0.662370 0.590278 0.010156 0.026852
0 0.590365 0.762963 0.013021 0.018519
0 0.663021 0.699769 0.014063 0.017130
2 0.645443 0.696528 0.013281 0.030093
0 0.639323 0.646296 0.007292 0.024074
0 0.621354 0.705787 0.010937 0.023611
0 0.614193 0.773611 0.005469 0.028704
0 0.609375 0.734028 0.011458 0.021759
0 0.576432 0.780556 0.012240 0.014815
0 0.602995 0.831944 0.008594 0.023148
0 0.632943 0.731713 0.011198 0.024537
0 0.585677 0.807870 0.015104 0.017593
0 0.623177 0.757639 0.010417 0.022685
0 0.643490 0.868519 0.013021 0.010185
0 0.623958 0.877778 0.006771 0.023148
0 0.620964 0.798843 0.009635 0.023611
0 0.587240 0.475694 0.014063 0.011574
0 0.564714 0.493519 0.014844 0.011111
0 0.355339 0.561343 0.014323 0.010648
0 0.331250 0.576157 0.014063 0.010648
0 0.371615 0.575694 0.013542 0.008796
0 0.110026 0.632870 0.014323 0.009259
0 0.199870 0.806481 0.015885 0.012963
0 0.142578 0.925000 0.010677 0.014815
0 0.378255 0.854861 0.010156 0.024537
2 0.754687 0.102546 0.015625 0.012500
2 0.900651 0.170139 0.016406 0.013426
0 0.969401 0.034491 0.013802 0.011574
0 0.661979 0.346296 0.009896 0.020370
2 0.641406 0.617130 0.006771 0.029630
0 0.631380 0.677083 0.008073 0.018981
2 0.608724 0.820370 0.008594 0.024074
2 0.632161 0.937963 0.007031 0.023148
0 0.552604 0.834722 0.014063 0.016667
0 0.046875 0.353009 0.014063 0.012500
0 0.055990 0.316667 0.007292 0.022222
2 0.048177 0.314120 0.008333 0.026389
0 0.140885 0.913426 0.011979 0.012963
0 0.149740 0.946991 0.012500 0.014352
0 0.152474 0.957870 0.013802 0.015741
0 0.572005 0.818981 0.013281 0.017593
0 0.646484 0.923611 0.005469 0.022222
0 0.628516 0.908565 0.006510 0.022685
2 0.610547 0.188657 0.014844 0.028241
0 0.633464 0.154167 0.009635 0.022222
0 0.084115 0.994676 0.008333 0.010648
0 0.631901 0.842824 0.008073 0.024537
0 0.948828 0.037963 0.015885 0.013889
0 0.965495 0.750463 0.013802 0.015741
0 0.557682 0.798148 0.013802 0.017593
0 0.841016 0.436806 0.011719 0.009722
0 0.080339 0.972917 0.009115 0.010648
0 0.076823 0.963657 0.011458 0.012500
0 0.051042 0.971065 0.013021 0.014352
0 0.047917 0.961343 0.011979 0.014352
0 0.228255 0.733102 0.014844 0.017130
0 0.315104 0.721528 0.009896 0.012500
0 0.643620 0.890972 0.006510 0.024537
0 0.695573 0.671296 0.008854 0.025000
2 0.034505 0.308333 0.008594 0.027778
0 0.033984 0.357407 0.008073 0.019444
0 0.024870 0.359491 0.011198 0.027315
0 0.490495 0.920139 0.006510 0.023611
0 0.489974 0.969444 0.006510 0.025926
0 0.045573 0.950231 0.011979 0.011574
0 0.216276 0.787269 0.013802 0.014352
0 0.284505 0.688889 0.013802 0.018519
0 0.264323 0.705093 0.014583 0.017593
0 0.332031 0.717824 0.015104 0.013426
0 0.347917 0.725694 0.014063 0.014352
0 0.522005 0.707176 0.005990 0.026389
0 0.506120 0.580787 0.005990 0.021759
0 0.721615 0.654861 0.013542 0.011574
2 0.689193 0.605787 0.007552 0.027315
0 0.911458 0.654167 0.006771 0.025000
0 0.964193 0.803241 0.008594 0.023148
0 0.788672 0.142824 0.012240 0.021759
0 0.066406 0.948148 0.010417 0.017593
0 0.983594 0.787963 0.007812 0.022222
0 0.979688 0.272685 0.008854 0.029630
2 0.989062 0.279398 0.011458 0.028241
0 0.989323 0.236574 0.012500 0.012037
0 0.695833 0.047454 0.005729 0.026389
0 0.670312 0.137963 0.013021 0.017593
0 0.494922 0.700000 0.007031 0.024074
0 0.504297 0.725926 0.005990 0.025000
2 0.492318 0.809491 0.006510 0.026389
2 0.494010 0.770139 0.006250 0.027315
2 0.491146 0.865509 0.005729 0.027315
0 0.461068 0.431481 0.005469 0.023148
0 0.502604 0.793056 0.006250 0.026852
2 0.472266 0.440046 0.005990 0.026389
0 0.489453 0.415509 0.005469 0.024537
0 0.480078 0.404861 0.006510 0.025463
0 0.510026 0.886111 0.006510 0.024074
0 0.488021 0.378935 0.005729 0.023611
0 0.498047 0.953241 0.005469 0.024074
0 0.499349 0.877778 0.006510 0.022222
0 0.171094 0.788426 0.010937 0.021296
0 0.481641 0.437731 0.005469 0.022685
0 0.498177 0.417130 0.005729 0.026852
0 0.484505 0.339583 0.005990 0.023611
0 0.416276 0.574306 0.012760 0.009722
0 0.169141 0.665278 0.008594 0.025000
0 0.974609 0.303241 0.007031 0.024074
0 0.470573 0.398611 0.006250 0.024074
0 0.175911 0.701852 0.008073 0.024074
2 0.456771 0.346759 0.005729 0.029630
0 0.498047 0.989815 0.006510 0.020370
0 0.357682 0.428935 0.011198 0.022685
2 0.476172 0.317130 0.006510 0.029630
0 0.460026 0.177778 0.005990 0.024074
0 0.459245 0.390509 0.005990 0.021759
0 0.785417 0.162037 0.012500 0.017593
0 0.132682 0.855556 0.013802 0.016667
0 0.467448 0.150000 0.006250 0.025926
2 0.473568 0.265741 0.005990 0.028704
0 0.477734 0.356250 0.005990 0.023611
0 0.067448 0.485185 0.014583 0.010185
0 0.469401 0.190278 0.005990 0.025926
2 0.470833 0.226157 0.006250 0.028241
0 0.296484 0.563426 0.015365 0.011111
0 0.496484 0.378009 0.005469 0.024537
0 0.454427 0.265972 0.006250 0.024537
0 0.455729 0.305324 0.006771 0.027315
0 0.167448 0.835880 0.013542 0.015278
2 0.865495 0.800463 0.008594 0.025000
0 0.249349 0.559722 0.014844 0.011111
2 0.466536 0.331944 0.005990 0.025926
0 0.451823 0.225694 0.005729 0.023611
0 0.468750 0.368519 0.006771 0.025926
0 0.151172 0.486574 0.014323 0.010185
0 0.316146 0.561111 0.013021 0.011111
0 0.450651 0.188194 0.006510 0.025463
0 0.465495 0.300000 0.005990 0.025926
0 0.463672 0.259722 0.005990 0.025926
0 0.212500 0.554861 0.013542 0.010648
2 0.461849 0.214815 0.005990 0.025000
2 0.942969 0.966667 0.014583 0.018519
2 0.351562 0.575463 0.015625 0.012037
0 0.411589 0.559722 0.013802 0.010185
0 0.139974 0.833102 0.013281 0.015278
0 0.449609 0.146528 0.005990 0.026389
0 0.511198 0.801852 0.006771 0.025000
1 0.419661 0.588657 0.031510 0.014352
0 0.646875 0.187269 0.013542 0.018981
0 0.395443 0.559491 0.010156 0.010648
0 0.119661 0.816667 0.013802 0.018519
0 0.465365 0.108102 0.006250 0.026389
0 0.520182 0.817824 0.005990 0.026389
0 0.375911 0.561111 0.014844 0.010185
0 0.458854 0.140972 0.006771 0.026389
0 0.425781 0.230556 0.007292 0.024074
0 0.484766 0.309028 0.007031 0.025463
0 0.394531 0.574074 0.014063 0.011111
2 0.979688 0.977546 0.011458 0.039352
2 0.209766 0.568750 0.017448 0.012500
0 0.292187 0.576620 0.014583 0.010648
0 0.155729 0.969444 0.012500 0.016667
0 0.101562 0.622917 0.011979 0.013426
2 0.295964 0.495370 0.022135 0.018519
0 0.330469 0.472685 0.011458 0.019444
0 0.586328 0.216435 0.013281 0.016204
0 0.984635 0.567361 0.009375 0.023611
2 0.507943 0.973843 0.005990 0.026389
0 0.063542 0.499074 0.015104 0.010185
0 0.335417 0.561574 0.015104 0.010185
0 0.766797 0.159954 0.005990 0.025463
0 0.446354 0.105093 0.006250 0.024074
2 0.149479 0.544676 0.015625 0.011574
0 0.146094 0.560417 0.012500 0.009722
0 0.232161 0.572222 0.015365 0.011111
0 0.312760 0.577546 0.015104 0.011574
0 0.214453 0.500926 0.012760 0.010185
0 0.445182 0.065741 0.007031 0.025926
0 0.130729 0.557407 0.011979 0.010185
2 0.253255 0.573380 0.015885 0.011574
0 0.229948 0.557176 0.014583 0.011574
0 0.271354 0.560880 0.014063 0.010648
0 0.482422 0.268981 0.005469 0.023148
0 0.480339 0.231250 0.006510 0.026389
2 0.384635 0.589815 0.015625 0.010185
0 0.271354 0.574306 0.010417 0.008796
0 0.430729 0.178704 0.007292 0.025926
0 0.464062 0.067361 0.006250 0.024537
0 0.166146 0.562500 0.015104 0.011111
2 0.616146 0.486574 0.015104 0.011111
0 0.401693 0.330324 0.010156 0.026389
0 0.494271 0.348611 0.005729 0.025926
0 0.193359 0.551852 0.014323 0.012037
0 0.377734 0.397454 0.008594 0.018056
0 0.478906 0.192130 0.006771 0.025926
2 0.171354 0.548611 0.021354 0.013889
0 0.189453 0.566667 0.014844 0.012037
0 0.418229 0.269444 0.009375 0.026852
0 0.454036 0.043287 0.006510 0.026389
0 0.111719 0.540972 0.015625 0.012500
0 0.238021 0.519444 0.013542 0.011111
0 0.191406 0.519676 0.015104 0.010648
2 0.043620 0.512963 0.014844 0.012037
0 0.594661 0.533796 0.010156 0.023148
2 0.441927 0.024769 0.006250 0.028241
2 0.992057 0.597685 0.009635 0.025926
0 0.059766 0.531481 0.014323 0.011111
0 0.031641 0.527083 0.014844 0.012500
0 0.081120 0.549306 0.013281 0.011574
0 0.078646 0.534954 0.014063 0.011574
0 0.347135 0.531250 0.014583 0.011574
0 0.456380 0.090046 0.007031 0.026389
0 0.588542 0.490046 0.013542 0.009722
0 0.048177 0.905556 0.014583 0.017593
0 0.432812 0.141204 0.006250 0.026852
0 0.117839 0.554861 0.010677 0.011574
0 0.127995 0.543056 0.013802 0.012037
0 0.616797 0.500231 0.013281 0.008796
0 0.179167 0.737269 0.006771 0.022685
0 0.431641 0.097454 0.006510 0.025463
0 0.451172 0.006944 0.005469 0.012963
0 0.409505 0.538657 0.010677 0.009722
2 0.566406 0.250463 0.010937 0.023148
0 0.080599 0.893519 0.014323 0.015741
2 0.430599 0.047917 0.009115 0.043981
0 0.795964 0.100926 0.013281 0.012037
0 0.562500 0.509491 0.014063 0.009722
0 0.461328 0.029861 0.007031 0.025463
0 0.476823 0.146296 0.005729 0.019444
0 0.772526 0.096528 0.014323 0.012500
0 0.947786 0.417593 0.013802 0.011111
0 0.292448 0.529861 0.013542 0.009722
0 0.342708 0.592361 0.013542 0.009722
0 0.561979 0.478241 0.014583 0.011111
0 0.760026 0.454630 0.015365 0.010185
0 0.148047 0.935185 0.010677 0.014815
0 0.490365 0.614352 0.008333 0.024074
2 0.116797 0.569444 0.017448 0.011111
1 0.099089 0.583333 0.034115 0.020370
0 0.053125 0.545370 0.013021 0.010185
1 0.163151 0.593981 0.020573 0.013889
0 0.205208 0.599074 0.014063 0.012037
0 0.421484 0.603704 0.015365 0.010185
0 0.621224 0.836343 0.008073 0.022685
0 0.503906 0.662963 0.005729 0.025926
0 0.513411 0.715972 0.007031 0.026389
2 0.514323 0.649537 0.006250 0.026852
3 0.543490 0.510880 0.002604 0.009722
0 0.461328 0.558102 0.012760 0.017130
3 0.289714 0.514583 0.006510 0.006019
0 0.138672 0.512500 0.013802 0.010185
0 0.258724 0.590509 0.014844 0.010648
0 0.902214 0.476389 0.012760 0.011111
0 0.076432 0.883565 0.013281 0.016204
0 0.895964 0.664120 0.005469 0.009722
0 0.533724 0.600926 0.005990 0.023148
0 0.524219 0.596991 0.005729 0.024537
0 0.535026 0.539583 0.005469 0.024537
2 0.441667 0.521759 0.015104 0.012963
0 0.524740 0.530324 0.006250 0.024537
0 0.099349 0.498380 0.013802 0.012500
0 0.142057 0.574074 0.016927 0.012963
0 0.136719 0.588194 0.015625 0.011574
0 0.287370 0.590278 0.013281 0.010185
0 0.614714 0.560880 0.013281 0.011574
0 0.507552 0.490046 0.006250 0.026389
0 0.531380 0.348611 0.007031 0.025000
1 0.514583 0.378704 0.007292 0.037037
0 0.202604 0.781713 0.010417 0.014352
0 0.428125 0.005556 0.006771 0.010185
0 0.997396 0.643519 0.005208 0.025000
2 0.516927 0.583333 0.006250 0.026852
0 0.517057 0.486111 0.005469 0.024074
2 0.525260 0.442130 0.006250 0.031481
0 0.506641 0.407176 0.006510 0.026389
0 0.522917 0.354398 0.006771 0.025463
0 0.018620 0.479398 0.014844 0.011574
0 0.004948 0.506944 0.009375 0.011111
0 0.059766 0.575694 0.014844 0.010648
0 0.171094 0.578472 0.014583 0.011574
0 0.316667 0.593287 0.015104 0.010648
0 0.778255 0.478009 0.014844 0.011574
