0 0.056250 0.991435 0.012500 0.012500
0 0.085677 0.993056 0.009896 0.012037
0 0.068229 0.981944 0.011458 0.024074
0 0.137760 0.898148 0.014063 0.014815
0 0.140234 0.909259 0.012760 0.014815
0 0.265755 0.940741 0.009635 0.014815
0 0.145833 0.758565 0.008854 0.021759
0 0.139974 0.735185 0.009115 0.021296
0 0.092318 0.809491 0.010156 0.023611
0 0.286458 0.611111 0.013542 0.010185
0 0.409245 0.607176 0.013802 0.010648
0 0.367708 0.594213 0.013542 0.009722
0 0.202604 0.761806 0.011979 0.017130
0 0.370182 0.612963 0.013802 0.011111
0 0.233854 0.787037 0.012500 0.015741
0 0.215234 0.748843 0.013802 0.016204
0 0.250130 0.724306 0.013802 0.017130
0 0.265625 0.760880 0.014063 0.015278
0 0.281641 0.749074 0.014844 0.016667
0 0.376563 0.760417 0.011979 0.020833
0 0.409766 0.838194 0.010677 0.022685
0 0.389583 0.861806 0.010417 0.022685
0 0.389193 0.820370 0.010156 0.025926
0 0.185807 0.417593 0.006510 0.024074
0 0.688281 0.108796 0.010937 0.024074
2 0.626042 0.160648 0.010937 0.025926
2 0.621354 0.173843 0.012500 0.022685
0 0.657422 0.125463 0.009635 0.025926
0 0.664583 0.120370 0.009375 0.020370
0 0.649609 0.132407 0.011719 0.025926
0 0.692057 0.011111 0.005990 0.021296
0 0.792057 0.086574 0.016406 0.014815
0 0.760156 0.027778 0.014583 0.012963
0 0.814323 0.078009 0.014063 0.013426
2 0.799349 0.110417 0.015885 0.013426
2 0.759115 0.046296 0.018229 0.014815
2 0.931250 0.037731 0.012500 0.010648
0 0.905339 0.655787 0.005990 0.019907
0 0.861198 0.656481 0.008854 0.021296
0 0.952214 0.696759 0.007552 0.021296
0 0.945573 0.702546 0.006771 0.021759
0 0.937760 0.704398 0.006771 0.025463
0 0.973437 0.791667 0.007812 0.024074
0 0.937109 0.808796 0.009115 0.024074
2 0.930078 0.812269 0.007552 0.018981
2 0.923307 0.813194 0.009115 0.020833
2 0.930859 0.835880 0.009635 0.020833
2 0.926172 0.835880 0.008594 0.023611
0 0.906901 0.921759 0.012240 0.013889
0 0.794401 0.659259 0.011719 0.012037
0 0.751042 0.620370 0.011979 0.014815
0 0.780859 0.670602 0.012760 0.013426
0 0.704557 0.607870 0.006510 0.026852
0 0.762891 0.687269 0.011719 0.012500
0 0.655859 0.665509 0.009115 0.025463
2 0.620182 0.585185 0.020573 0.014815
2 0.663411 0.590278 0.010156 0.027778
0 0.591927 0.764352 0.013021 0.018519
0 0.664714 0.699074 0.014323 0.017593
2 0.646615 0.697685 0.013021 0.030556
0 0.640104 0.646528 0.007292 0.024537
0 0.623698 0.706250 0.010937 0.023611
0 0.616146 0.773611 0.005729 0.028704
0 0.610807 0.735185 0.011198 0.022222
0 0.578516 0.780093 0.012240 0.014815
0 0.604818 0.832407 0.008594 0.023148
0 0.635026 0.731250 0.011198 0.024537
0 0.587760 0.809259 0.015104 0.017593
0 0.625130 0.758102 0.010156 0.023611
0 0.645573 0.868981 0.013542 0.011111
0 0.626693 0.878009 0.006510 0.023611
0 0.622526 0.799769 0.009635 0.023611
0 0.586198 0.476620 0.013542 0.011574
0 0.565495 0.494907 0.014844 0.011111
0 0.355859 0.565046 0.014323 0.010648
0 0.332813 0.581250 0.014063 0.010648
0 0.372135 0.579630 0.013542 0.010185
0 0.144922 0.932639 0.011198 0.015278
0 0.380339 0.858565 0.010156 0.024537
2 0.754427 0.100000 0.015104 0.012963
2 0.900391 0.166898 0.016406 0.013426
0 0.968490 0.031019 0.013542 0.012037
0 0.662109 0.346759 0.009115 0.021296
2 0.643229 0.615972 0.006250 0.028241
0 0.632682 0.678241 0.007552 0.019444
2 0.610938 0.820139 0.009896 0.023611
2 0.635026 0.937500 0.007031 0.023148
0 0.554688 0.836111 0.014583 0.017593
0 0.047396 0.360880 0.014063 0.012500
0 0.055990 0.325463 0.007292 0.022222
2 0.048438 0.322454 0.008333 0.026389
0 0.142969 0.920370 0.011979 0.012963
0 0.152344 0.953935 0.012500 0.014352
0 0.155078 0.965972 0.014323 0.017130
0 0.574219 0.819676 0.013021 0.017130
0 0.649089 0.923843 0.005469 0.021759
0 0.630859 0.909259 0.005469 0.021296
2 0.609635 0.188426 0.015625 0.028704
0 0.632422 0.155093 0.009115 0.024074
0 0.633594 0.843519 0.008333 0.025000
0 0.947266 0.033565 0.015885 0.014352
0 0.967578 0.747917 0.014323 0.014352
0 0.559245 0.798611 0.013802 0.017593
0 0.646745 0.467130 0.014323 0.011111
0 0.082422 0.983102 0.009115 0.010648
0 0.079687 0.970139 0.011458 0.012500
0 0.054427 0.979398 0.013021 0.014352
0 0.050521 0.969444 0.013021 0.016667
0 0.229818 0.739120 0.014844 0.017130
0 0.317057 0.726157 0.011198 0.012500
0 0.646354 0.891898 0.006250 0.024537
0 0.697135 0.670370 0.008854 0.025000
2 0.035026 0.316667 0.008594 0.027778
0 0.034766 0.365741 0.008073 0.019444
0 0.024870 0.368056 0.011719 0.027778
0 0.047786 0.957870 0.011198 0.012963
0 0.218099 0.791898 0.013802 0.014352
0 0.286589 0.694444 0.013802 0.018519
0 0.266406 0.709259 0.014583 0.017593
0 0.333984 0.722685 0.014844 0.012963
0 0.349219 0.728935 0.014063 0.014352
0 0.722526 0.654167 0.013802 0.012963
2 0.690365 0.605093 0.006771 0.028704
0 0.912760 0.650926 0.006771 0.025000
0 0.966797 0.800000 0.008594 0.023148
0 0.788021 0.140741 0.013021 0.019444
0 0.059896 0.945370 0.013542 0.011111
0 0.985547 0.785417 0.008073 0.021759
0 0.979948 0.268056 0.008854 0.027778
2 0.989193 0.275463 0.010677 0.026852
0 0.989453 0.232870 0.013281 0.012963
0 0.694141 0.046991 0.005990 0.025463
0 0.669661 0.139120 0.013802 0.018981
0 0.462760 0.457639 0.005729 0.023611
2 0.475130 0.484491 0.006510 0.023611
0 0.489844 0.417593 0.006250 0.024074
0 0.481771 0.429398 0.006771 0.023611
0 0.487760 0.380324 0.006250 0.024537
0 0.172135 0.667130 0.006771 0.024074
0 0.483854 0.479630 0.005729 0.021296
0 0.498698 0.420139 0.006771 0.024537
0 0.484505 0.341435 0.005990 0.023611
0 0.417318 0.577546 0.012760 0.010648
0 0.974479 0.300463 0.005729 0.025000
0 0.470833 0.401389 0.006250 0.024074
0 0.206250 0.606944 0.014063 0.009259
2 0.456510 0.349074 0.005729 0.029630
2 0.475651 0.319907 0.006510 0.029630
0 0.459505 0.180324 0.006510 0.024537
0 0.459505 0.393750 0.005990 0.021759
0 0.784896 0.157407 0.012500 0.017593
0 0.134896 0.862963 0.014063 0.016667
0 0.466146 0.152315 0.006250 0.025926
2 0.473307 0.267130 0.005990 0.028704
0 0.477474 0.358565 0.005990 0.023611
0 0.469271 0.191898 0.006771 0.025463
2 0.470573 0.227083 0.006250 0.028241
0 0.297526 0.568056 0.015365 0.011111
0 0.496224 0.380324 0.005469 0.024537
0 0.453646 0.269676 0.006250 0.024537
0 0.455990 0.307407 0.006250 0.027778
2 0.867578 0.799074 0.008594 0.025000
0 0.250130 0.565741 0.014844 0.011111
2 0.465755 0.333796 0.005990 0.025926
0 0.451302 0.227083 0.005729 0.023611
0 0.469271 0.370370 0.006771 0.025926
0 0.316927 0.566435 0.012500 0.009722
0 0.449870 0.191435 0.006510 0.025463
0 0.464974 0.302778 0.005990 0.025926
0 0.463672 0.261574 0.005990 0.025926
0 0.213411 0.561343 0.013802 0.010648
2 0.461589 0.216898 0.005990 0.026389
2 0.945964 0.963426 0.014844 0.018519
2 0.352344 0.579861 0.015625 0.010648
0 0.412630 0.563889 0.014323 0.011111
0 0.448568 0.150231 0.005990 0.026389
1 0.420964 0.591435 0.031510 0.014352
0 0.396094 0.563194 0.010937 0.009722
0 0.121615 0.824306 0.014063 0.017130
0 0.464583 0.110880 0.006250 0.026389
0 0.377214 0.564815 0.014844 0.010185
0 0.457292 0.142361 0.006771 0.026389
0 0.355469 0.432870 0.011458 0.022222
0 0.484115 0.310880 0.006250 0.025463
0 0.395573 0.578241 0.014063 0.011111
2 0.982422 0.973148 0.011719 0.038889
2 0.210807 0.574769 0.017448 0.012500
0 0.293229 0.581713 0.014583 0.010648
0 0.158594 0.975463 0.012500 0.016667
0 0.103255 0.630324 0.011719 0.013426
0 0.585026 0.217824 0.013281 0.018056
0 0.977474 0.556713 0.008073 0.020833
0 0.336849 0.565278 0.014323 0.011111
0 0.765625 0.156250 0.005208 0.023611
0 0.445312 0.113889 0.006250 0.024074
2 0.150260 0.552083 0.015625 0.011574
0 0.147526 0.567130 0.012240 0.010185
0 0.233203 0.577778 0.015365 0.011111
0 0.313542 0.582176 0.013542 0.009722
0 0.444271 0.066667 0.006771 0.025926
0 0.131771 0.564352 0.011979 0.010185
2 0.254036 0.578935 0.015885 0.011574
0 0.230208 0.562731 0.014583 0.011574
0 0.272396 0.565972 0.014063 0.010648
0 0.481901 0.271759 0.005469 0.023148
0 0.479557 0.233565 0.006510 0.026389
2 0.385156 0.593981 0.015625 0.010185
0 0.272135 0.579861 0.010417 0.008796
0 0.375000 0.393750 0.011458 0.024537
0 0.462760 0.069907 0.006250 0.025000
0 0.167187 0.568750 0.014583 0.010648
2 0.615104 0.486574 0.015625 0.011111
0 0.494271 0.349537 0.005729 0.025926
0 0.194401 0.557870 0.014323 0.011111
0 0.478646 0.194444 0.006771 0.025926
2 0.172656 0.555556 0.021354 0.013889
0 0.190755 0.572685 0.014844 0.012037
0 0.453385 0.045602 0.006771 0.027315
0 0.113281 0.548380 0.015104 0.011574
2 0.441146 0.027083 0.007292 0.028241
0 0.060417 0.539120 0.013542 0.011574
0 0.036979 0.535417 0.014583 0.011574
0 0.083854 0.556250 0.013542 0.010648
0 0.080859 0.541667 0.013281 0.011111
0 0.455469 0.103704 0.006771 0.026852
0 0.589193 0.490509 0.013281 0.011574
0 0.129427 0.550000 0.014063 0.011111
0 0.586589 0.505787 0.012760 0.009722
0 0.184505 0.612037 0.012240 0.013889
0 0.450651 0.007639 0.005990 0.014352
0 0.196224 0.525926 0.012760 0.010185
0 0.083464 0.902315 0.013802 0.016667
2 0.335156 0.474537 0.019271 0.033333
0 0.563542 0.510880 0.014063 0.010648
0 0.460417 0.033565 0.006771 0.026389
0 0.475781 0.149306 0.005729 0.018981
0 0.772005 0.095139 0.014323 0.012500
0 0.346354 0.596759 0.013542 0.010185
0 0.562500 0.479630 0.014583 0.011111
0 0.606510 0.471296 0.014583 0.010185
0 0.151172 0.940278 0.010677 0.014815
2 0.227995 0.592824 0.016927 0.011574
0 0.054427 0.552546 0.013021 0.010648
1 0.348698 0.610880 0.019271 0.012500
0 0.436068 0.605324 0.015365 0.011574
3 0.522917 0.069213 0.002604 0.007870
0 0.275651 0.594907 0.014844 0.011111
0 0.897135 0.660185 0.005729 0.012037
0 0.306641 0.612269 0.016406 0.010648
0 0.324870 0.611343 0.014323 0.011574
0 0.299479 0.595139 0.013542 0.011574
0 0.513021 0.826157 0.006250 0.020833
0 0.389974 0.356250 0.010677 0.024537
0 0.251302 0.596991 0.015104 0.010648
0 0.321615 0.596065 0.015104 0.010648
0 0.612760 0.502778 0.014583 0.010185
2 0.586328 0.314120 0.012760 0.022685
0 0.009115 0.532407 0.014583 0.012037
0 0.207943 0.590741 0.014323 0.010185
0 0.389974 0.609722 0.013802 0.011111
0 0.860807 0.439583 0.015365 0.009722
0 0.119010 0.562731 0.011458 0.009722
0 0.201693 0.813194 0.013281 0.014352
0 0.111328 0.639120 0.013281 0.010648
2 0.988411 0.378472 0.007031 0.018056
2 0.043880 0.520833 0.013802 0.010185
0 0.473958 0.105556 0.006771 0.025926
0 0.492708 0.315509 0.006771 0.023611
0 0.411068 0.294676 0.009115 0.027315
0 0.263411 0.608565 0.014323 0.009722
2 0.005859 0.446528 0.011198 0.024537
0 0.036328 0.549306 0.015885 0.013426
0 0.182031 0.586343 0.015104 0.011574
0 0.430339 0.192361 0.006510 0.026389
2 0.470313 0.050694 0.007292 0.030093
0 0.662891 0.558796 0.011719 0.023148
0 0.519271 0.746528 0.006250 0.018056
0 0.273307 0.507639 0.014323 0.010648
2 0.648177 0.648148 0.008854 0.026852
0 0.497396 0.657639 0.006771 0.024537
0 0.214844 0.515046 0.014063 0.012500
0 0.246615 0.506481 0.014063 0.011111
0 0.557422 0.818056 0.012240 0.015741
0 0.253646 0.531713 0.014063 0.010648
3 0.428385 0.810185 0.006250 0.008333
0 0.488672 0.230093 0.005990 0.026852
2 0.509766 0.557870 0.006510 0.026852
3 0.394792 0.520602 0.006250 0.006019
0 0.505339 0.703472 0.005990 0.025463
0 0.494141 0.786806 0.005469 0.023611
0 0.138542 0.533796 0.014583 0.011111
0 0.013151 0.515972 0.014844 0.010648
0 0.427995 0.783333 0.012760 0.018519
0 0.505990 0.366204 0.005208 0.023148
0 0.437630 0.532176 0.012240 0.013426
0 0.035547 0.503472 0.015885 0.012500
0 0.626823 0.468056 0.010417 0.009259
0 0.925391 0.483565 0.015365 0.011574
0 0.467839 0.015972 0.007031 0.023611
0 0.501042 0.266667 0.006250 0.024074
0 0.491016 0.265509 0.007031 0.024537
0 0.511328 0.924769 0.005990 0.023611
0 0.495443 0.722222 0.005990 0.024074
0 0.507292 0.628241 0.005208 0.018519
0 0.190625 0.540972 0.014063 0.011574
2 0.739714 0.467593 0.015365 0.009259
0 0.134115 0.840046 0.011458 0.013426
0 0.430729 0.046991 0.006250 0.023611
0 0.505469 0.149306 0.006771 0.024537
0 0.507552 0.504861 0.005208 0.024537
1 0.492708 0.876852 0.007292 0.057407
0 0.928385 0.497685 0.013542 0.011111
0 0.492448 0.106481 0.006771 0.024074
2 0.511979 0.300694 0.006250 0.025463
0 0.512630 0.023148 0.004948 0.018519
0 0.491927 0.993981 0.006250 0.012037
0 0.367188 0.547685 0.013542 0.010185
0 0.155990 0.520602 0.014063 0.011574
2 0.305208 0.535417 0.014063 0.009722
0 0.230078 0.607639 0.013281 0.010648
3 0.062370 0.894676 0.005990 0.006944
0 0.302995 0.500463 0.013802 0.012963
0 0.433073 0.137037 0.005208 0.025000
0 0.492188 0.940278 0.005729 0.025000
0 0.503255 0.941435 0.004948 0.025463
0 0.166667 0.506944 0.013542 0.010185
0 0.133203 0.500926 0.013802 0.011111
0 0.655599 0.496991 0.013802 0.010648
0 0.772266 0.479630 0.014323 0.011111
3 0.100521 0.471528 0.004687 0.012500
