0 0.055208 0.993287 0.012500 0.012500
0 0.084896 0.993981 0.009896 0.012037
0 0.067839 0.985417 0.011198 0.024537
0 0.137500 0.899074 0.014063 0.014815
0 0.139453 0.909259 0.012760 0.014815
0 0.265495 0.942361 0.010677 0.014352
0 0.139583 0.737269 0.009375 0.020833
0 0.092318 0.812037 0.010677 0.023148
0 0.285286 0.613194 0.013802 0.011574
0 0.408203 0.608565 0.013802 0.010648
0 0.366406 0.596065 0.013542 0.010648
0 0.201042 0.763194 0.011979 0.017130
0 0.369141 0.613889 0.013802 0.011111
0 0.233594 0.788889 0.012500 0.015741
0 0.213411 0.751620 0.013802 0.016204
0 0.249609 0.725694 0.013802 0.017130
0 0.264844 0.762269 0.014063 0.015278
0 0.280859 0.750694 0.013802 0.016204
0 0.376563 0.762500 0.011979 0.021296
0 0.408464 0.839120 0.010677 0.022685
0 0.388021 0.863194 0.009375 0.022685
0 0.388932 0.820833 0.010156 0.025926
0 0.184766 0.419213 0.006510 0.023611
0 0.686458 0.108796 0.010417 0.023148
2 0.624870 0.162037 0.009635 0.025000
2 0.618620 0.174769 0.013802 0.022685
0 0.655078 0.125000 0.009635 0.025926
0 0.662760 0.121296 0.009375 0.020370
0 0.647917 0.132407 0.011458 0.025926
0 0.690234 0.012269 0.005469 0.023611
0 0.790104 0.086111 0.015625 0.014815
0 0.757292 0.027315 0.014583 0.012963
0 0.811979 0.076620 0.014063 0.013426
2 0.796224 0.108102 0.015885 0.013426
2 0.756510 0.046065 0.018229 0.014352
2 0.929036 0.036343 0.011198 0.011574
0 0.903516 0.654861 0.005990 0.019907
0 0.859896 0.656019 0.008854 0.022222
0 0.950781 0.694444 0.007292 0.022222
0 0.943880 0.700000 0.006510 0.022222
0 0.935677 0.700694 0.006771 0.025463
0 0.972135 0.787963 0.007812 0.024074
0 0.936068 0.805556 0.008594 0.025000
2 0.928516 0.810417 0.007552 0.018981
2 0.922005 0.810417 0.009115 0.020833
2 0.929948 0.830787 0.008854 0.021759
2 0.924349 0.833333 0.009115 0.025926
0 0.905339 0.919676 0.012240 0.012500
0 0.793359 0.657639 0.011198 0.013426
0 0.749870 0.618519 0.012760 0.013889
0 0.779297 0.669213 0.012760 0.014352
0 0.703385 0.606250 0.006250 0.026389
0 0.761198 0.685417 0.010937 0.012500
0 0.654297 0.665509 0.009115 0.024537
2 0.618880 0.585648 0.020573 0.014815
2 0.662370 0.588426 0.009635 0.026852
0 0.591667 0.763889 0.013021 0.018519
0 0.664193 0.697917 0.014323 0.017130
2 0.645703 0.694907 0.013281 0.029630
0 0.639193 0.645833 0.007031 0.025000
0 0.622135 0.705556 0.010937 0.022222
0 0.615365 0.773611 0.005729 0.028704
0 0.610417 0.733565 0.011458 0.021759
0 0.577995 0.781019 0.012240 0.014815
0 0.604167 0.831481 0.008854 0.022222
0 0.633724 0.731250 0.011198 0.024537
0 0.586979 0.808796 0.014063 0.017593
0 0.624089 0.756713 0.010156 0.022685
0 0.643880 0.868056 0.013281 0.011111
0 0.625521 0.878009 0.007292 0.024537
0 0.622526 0.798843 0.009635 0.023611
0 0.584375 0.476852 0.013542 0.012037
0 0.563932 0.494907 0.014844 0.011111
0 0.354818 0.566435 0.014323 0.010648
0 0.331510 0.582176 0.014063 0.010648
0 0.373958 0.581019 0.013542 0.010185
0 0.145052 0.934028 0.010937 0.013426
0 0.379818 0.859954 0.010156 0.024537
2 0.752083 0.100000 0.015104 0.012963
2 0.897656 0.165972 0.016146 0.012500
0 0.965234 0.029167 0.013281 0.012963
0 0.660156 0.345370 0.009896 0.020370
2 0.641667 0.616435 0.006250 0.028241
0 0.631771 0.677546 0.008333 0.018981
2 0.609896 0.820139 0.009896 0.023611
2 0.634635 0.937037 0.007292 0.024074
0 0.553125 0.835880 0.013542 0.017130
0 0.046875 0.363657 0.014063 0.010648
0 0.054948 0.328704 0.007292 0.022222
2 0.047266 0.324769 0.008594 0.027315
0 0.142578 0.921528 0.011198 0.012500
0 0.152344 0.955093 0.012500 0.014815
0 0.154297 0.966435 0.014323 0.015278
0 0.573307 0.819907 0.013281 0.017593
0 0.648307 0.923611 0.005469 0.022222
0 0.629818 0.907639 0.005990 0.021759
2 0.608464 0.189815 0.015365 0.027778
0 0.631641 0.156481 0.009115 0.024074
0 0.633073 0.843056 0.008333 0.025000
0 0.944922 0.032176 0.015885 0.014352
0 0.965755 0.744907 0.014323 0.014815
0 0.558464 0.799537 0.013802 0.017593
0 0.645312 0.465741 0.014583 0.010185
0 0.082552 0.983102 0.008333 0.011574
0 0.079557 0.973148 0.010677 0.013889
0 0.054167 0.980787 0.013021 0.014352
0 0.051042 0.970602 0.012500 0.016204
0 0.229297 0.740972 0.014844 0.017130
0 0.316016 0.727546 0.011198 0.012500
0 0.645052 0.891667 0.006250 0.025926
0 0.696224 0.668750 0.008594 0.024537
2 0.034245 0.320139 0.008594 0.026389
0 0.034245 0.367593 0.008073 0.019444
0 0.023568 0.369444 0.011719 0.027778
0 0.047786 0.960185 0.011719 0.013889
0 0.218359 0.794676 0.013802 0.014352
0 0.285547 0.695833 0.014323 0.018519
0 0.265885 0.712500 0.014583 0.017593
0 0.332943 0.723843 0.015885 0.011574
0 0.348438 0.730787 0.014063 0.014352
0 0.721615 0.653704 0.013542 0.012963
2 0.689323 0.605787 0.006250 0.029167
0 0.911068 0.648148 0.007031 0.024074
0 0.964974 0.796065 0.008594 0.022685
0 0.785937 0.139815 0.011979 0.019444
0 0.984245 0.782870 0.008073 0.022222
0 0.977604 0.265278 0.008854 0.027778
2 0.986719 0.273148 0.010937 0.026852
0 0.986849 0.231250 0.012760 0.012500
0 0.692839 0.047917 0.005990 0.025463
0 0.667318 0.137963 0.012760 0.018519
0 0.488542 0.417593 0.006250 0.024074
0 0.486719 0.381250 0.006250 0.024537
0 0.180990 0.611574 0.012500 0.015741
0 0.483203 0.342824 0.006510 0.022685
0 0.415495 0.578935 0.012760 0.010648
0 0.972526 0.298148 0.005990 0.025926
0 0.220312 0.610185 0.014583 0.012037
0 0.451562 0.078935 0.006771 0.024537
0 0.782552 0.159954 0.013542 0.018056
0 0.134505 0.863657 0.014323 0.015278
0 0.296224 0.570370 0.015365 0.011111
0 0.497005 0.419213 0.007031 0.025463
2 0.865365 0.797222 0.008333 0.025926
0 0.249089 0.568056 0.014844 0.011111
0 0.315495 0.566667 0.012760 0.010185
0 0.212630 0.562731 0.013802 0.010648
2 0.945182 0.960880 0.014323 0.019907
2 0.351562 0.581250 0.015625 0.010648
0 0.411458 0.562963 0.014063 0.011111
1 0.419141 0.592824 0.031510 0.014352
0 0.394792 0.564120 0.010937 0.009722
0 0.120833 0.825694 0.014063 0.017130
0 0.375911 0.566204 0.014844 0.010185
0 0.154688 0.492130 0.011979 0.009259
0 0.482682 0.311806 0.006510 0.025463
0 0.396615 0.579167 0.014063 0.011111
2 0.980599 0.970370 0.010156 0.038889
2 0.209896 0.575926 0.017708 0.012963
0 0.292187 0.584028 0.014583 0.010648
0 0.158203 0.978009 0.013281 0.017130
0 0.103125 0.632407 0.012500 0.013889
0 0.583854 0.218519 0.012500 0.017593
0 0.335286 0.567593 0.014323 0.011111
2 0.149740 0.553935 0.015625 0.011574
0 0.146615 0.568287 0.012500 0.011574
0 0.232292 0.579398 0.014583 0.011574
0 0.312370 0.583565 0.014323 0.009722
0 0.260807 0.534491 0.013802 0.010648
0 0.131250 0.566435 0.011979 0.010648
2 0.253255 0.581250 0.015885 0.011574
0 0.230208 0.564583 0.014583 0.011574
0 0.271354 0.567824 0.014063 0.010648
0 0.480339 0.272685 0.005990 0.023148
0 0.477995 0.234259 0.006510 0.026852
2 0.383594 0.595833 0.015625 0.010185
0 0.271224 0.580787 0.010677 0.008796
0 0.214323 0.499537 0.015104 0.010185
0 0.352734 0.437731 0.011719 0.023611
0 0.166276 0.571528 0.014323 0.011574
2 0.614323 0.487500 0.015625 0.011111
0 0.494661 0.388426 0.005990 0.025000
0 0.192839 0.560185 0.014323 0.011111
2 0.171354 0.556019 0.021354 0.013889
0 0.189714 0.574074 0.014844 0.012037
0 0.112240 0.550694 0.015104 0.011574
0 0.068620 0.543056 0.013281 0.010185
0 0.035417 0.538194 0.014583 0.011574
0 0.094141 0.560648 0.013802 0.011111
0 0.088151 0.545602 0.012760 0.010648
0 0.587500 0.491204 0.014063 0.011111
0 0.127995 0.552315 0.014323 0.012037
0 0.585026 0.506250 0.013281 0.010648
0 0.202865 0.609954 0.013542 0.010648
0 0.082943 0.904861 0.014844 0.016204
2 0.196094 0.513889 0.022917 0.013889
0 0.561719 0.511806 0.014063 0.010648
0 0.474740 0.154861 0.005729 0.019907
0 0.768880 0.094213 0.014323 0.012500
0 0.346615 0.597685 0.013542 0.010185
0 0.561198 0.479861 0.014063 0.011574
0 0.604948 0.471759 0.014583 0.010185
0 0.149870 0.942593 0.010677 0.012963
2 0.226432 0.594676 0.016927 0.011574
0 0.054557 0.556250 0.013281 0.010648
1 0.348047 0.612269 0.019010 0.012500
0 0.434766 0.605787 0.015365 0.011574
0 0.274089 0.596759 0.014844 0.011111
0 0.895573 0.660880 0.005729 0.010648
0 0.305339 0.613657 0.016406 0.010648
0 0.323828 0.612731 0.014323 0.011574
0 0.300651 0.596759 0.013281 0.011111
0 0.250260 0.598611 0.014583 0.010185
0 0.323437 0.598380 0.015104 0.010648
0 0.611458 0.503704 0.014583 0.010185
0 0.007812 0.536111 0.014063 0.012037
0 0.207161 0.592824 0.014323 0.011574
0 0.388932 0.610880 0.014844 0.010648
0 0.141276 0.584722 0.011198 0.010185
0 0.200521 0.814120 0.013021 0.014352
0 0.110417 0.641667 0.014063 0.011111
0 0.473047 0.113889 0.007031 0.025926
0 0.493490 0.354630 0.006250 0.024074
0 0.231771 0.532639 0.016146 0.011574
0 0.262370 0.609954 0.014323 0.010648
0 0.035026 0.553241 0.015885 0.012963
0 0.185026 0.587963 0.014323 0.012037
0 0.246745 0.503935 0.013802 0.010648
2 0.469010 0.068056 0.007292 0.030556
0 0.656380 0.497222 0.014323 0.011111
0 0.495833 0.658102 0.006250 0.024537
0 0.806250 0.520602 0.015625 0.011574
0 0.160026 0.507639 0.014844 0.011574
0 0.486979 0.230324 0.006250 0.026389
3 0.224870 0.516204 0.005990 0.007407
0 0.494531 0.725463 0.006250 0.025000
0 0.186719 0.496065 0.014063 0.011574
0 0.625260 0.467593 0.010417 0.009259
0 0.467318 0.032639 0.006510 0.023611
0 0.489453 0.266667 0.007031 0.024074
0 0.494792 0.690509 0.006250 0.025463
2 0.639062 0.483102 0.015104 0.009722
0 0.171745 0.603704 0.011198 0.012963
0 0.270052 0.507870 0.015104 0.012037
1 0.494531 0.771759 0.008333 0.057407
0 0.160807 0.539120 0.013281 0.010648
0 0.120052 0.518750 0.015104 0.009722
2 0.155078 0.524074 0.014844 0.010185
0 0.239453 0.609954 0.013281 0.010648
0 0.245182 0.520139 0.013802 0.010648
0 0.109896 0.503241 0.014583 0.011111
0 0.636589 0.498843 0.013802 0.008796
0 0.493359 0.897917 0.006510 0.035648
2 0.296484 0.502778 0.013802 0.014815
0 0.320182 0.500694 0.013281 0.020833
0 0.493229 0.864583 0.005729 0.022685
0 0.094922 0.531250 0.014323 0.010648
0 0.764323 0.158102 0.005729 0.022685
0 0.492969 0.829398 0.006771 0.026389
0 0.074609 0.481250 0.014844 0.009722
3 0.449740 0.612037 0.006771 0.006481
0 0.492448 0.937963 0.005729 0.025926
0 0.070312 0.960185 0.006771 0.021296
0 0.109115 0.488194 0.014583 0.009722
0 0.450000 0.237269 0.007292 0.025463
0 0.834896 0.500000 0.013021 0.010185
0 0.145313 0.761343 0.008854 0.021759
0 0.371875 0.404167 0.011979 0.024074
0 0.477344 0.194213 0.006771 0.024537
0 0.478516 0.418287 0.006510 0.024537
1 0.490885 0.979630 0.009375 0.040741
0 0.402604 0.316435 0.009375 0.024537
0 0.484766 0.187500 0.006510 0.025000
3 0.496094 0.620370 0.003125 0.009259
0 0.390755 0.356481 0.011198 0.024074
0 0.475260 0.819907 0.006250 0.025000
0 0.485286 0.572685 0.006510 0.024074
0 0.424609 0.221991 0.005990 0.019907
0 0.416927 0.272917 0.008333 0.023611
0 0.505339 0.751852 0.006510 0.025000
0 0.485286 0.662500 0.006510 0.026852
2 0.483073 0.149769 0.006250 0.029167
0 0.754948 0.452546 0.013021 0.011574
0 0.429557 0.072917 0.005990 0.025463
0 0.985417 0.566898 0.008854 0.024537
0 0.483073 0.844907 0.006250 0.025926
3 0.494661 0.629861 0.004427 0.007870
0 0.724870 0.456713 0.011198 0.010648
0 0.481510 0.972454 0.006250 0.024537
0 0.499349 0.283796 0.005990 0.024074
0 0.339714 0.478472 0.010156 0.020833
0 0.439844 0.033796 0.006771 0.026852
0 0.474740 0.882407 0.005729 0.023148
2 0.628125 0.715278 0.011979 0.024074
0 0.480729 0.100463 0.006771 0.025926
2 0.476042 0.624074 0.006771 0.035185
2 0.460026 0.439120 0.005990 0.026389
0 0.191536 0.527546 0.014844 0.010648
0 0.690365 0.495139 0.015104 0.014352
0 0.766016 0.463194 0.014844 0.011574
0 0.430859 0.155093 0.005469 0.025926
2 0.828255 0.467130 0.015885 0.012037
0 0.464583 0.923843 0.005729 0.020833
0 0.498828 0.180093 0.007031 0.026852
0 0.443099 0.095370 0.006510 0.025000
0 0.805729 0.456250 0.015625 0.011574
0 0.867318 0.070833 0.015365 0.012963
0 0.452474 0.306944 0.006510 0.024074
0 0.457422 0.176852 0.007552 0.025926
2 0.803906 0.440509 0.016667 0.010648
0 0.702734 0.040741 0.007031 0.027778
0 0.928385 0.052778 0.014583 0.012037
2 0.865495 0.444444 0.016406 0.012037
2 0.896615 0.437731 0.015625 0.011574
0 0.473958 0.931944 0.005729 0.025926
0 0.501302 0.990278 0.005208 0.019444
0 0.466406 0.665972 0.006250 0.026389
2 0.466016 0.785417 0.005990 0.027315
0 0.474219 0.545370 0.006250 0.022222
0 0.445833 0.139120 0.006771 0.026389
0 0.493750 0.007870 0.006250 0.014815
0 0.584896 0.528009 0.009896 0.015278
0 0.663281 0.446759 0.013542 0.015741
0 0.839453 0.433333 0.010677 0.010185
0 0.805859 0.663657 0.010156 0.012500
0 0.503516 0.879398 0.006510 0.026389
2 0.466406 0.729398 0.006250 0.026389
0 0.482552 0.486343 0.006771 0.026389
0 0.471354 0.461111 0.006771 0.024074
0 0.504948 0.373148 0.006771 0.024074
0 0.467318 0.361574 0.006510 0.025000
2 0.463281 0.509722 0.006250 0.026852
0 0.472526 0.303472 0.005990 0.025463
0 0.063802 0.496759 0.014063 0.010185
0 0.074089 0.514120 0.013281 0.010648
0 0.016667 0.505093 0.014063 0.010185
0 0.050391 0.585417 0.013802 0.010648
0 0.720964 0.487731 0.013281 0.009722
0 0.682161 0.478009 0.013802 0.009722
0 0.724479 0.471065 0.014583 0.010648
0 0.915625 0.448148 0.015104 0.012037
0 0.473177 0.991667 0.005729 0.016667
0 0.464062 0.993056 0.005208 0.013889
0 0.517057 0.893287 0.008594 0.026389
0 0.484505 0.751157 0.006510 0.023611
0 0.476042 0.768287 0.006771 0.025463
2 0.516406 0.530787 0.006771 0.037500
0 0.458854 0.377546 0.006771 0.027315
0 0.508464 0.258333 0.007031 0.022222
0 0.461198 0.253935 0.006771 0.024537
0 0.461589 0.095602 0.007031 0.025463
0 0.023177 0.490278 0.014063 0.011111
0 0.629427 0.399537 0.011458 0.021296
3 0.116016 0.597685 0.006510 0.005556
3 0.498958 0.673843 0.003125 0.006019
