0 0.056250 0.993750 0.012500 0.012500
0 0.086849 0.994676 0.009635 0.010648
0 0.068359 0.985880 0.011198 0.024537
0 0.138281 0.900926 0.014063 0.014815
0 0.140234 0.912037 0.012760 0.014815
0 0.266536 0.943287 0.010156 0.014352
0 0.139844 0.738657 0.009375 0.020833
0 0.092969 0.813194 0.010937 0.021759
0 0.285286 0.613194 0.013802 0.011574
0 0.408203 0.608565 0.013802 0.010648
0 0.366927 0.596065 0.013542 0.010648
0 0.201823 0.764583 0.011979 0.017130
0 0.369661 0.613889 0.013802 0.011111
0 0.233594 0.788889 0.012500 0.015741
0 0.214974 0.751620 0.013802 0.016204
0 0.249609 0.725694 0.013802 0.017130
0 0.264844 0.762269 0.014063 0.015278
0 0.280859 0.750694 0.013802 0.016204
0 0.376563 0.762500 0.011979 0.021296
0 0.410286 0.840278 0.010156 0.023148
0 0.389844 0.863657 0.009375 0.022685
0 0.389453 0.821296 0.010156 0.025926
0 0.184766 0.420602 0.006510 0.023611
0 0.686068 0.106250 0.010677 0.025463
2 0.624870 0.161343 0.009635 0.026389
2 0.618620 0.174769 0.013802 0.022685
0 0.654557 0.124074 0.009635 0.025926
0 0.662760 0.119444 0.009375 0.020370
0 0.647396 0.130093 0.011458 0.025926
0 0.690104 0.010417 0.005729 0.019907
0 0.790104 0.083333 0.015625 0.014815
0 0.757552 0.024537 0.014583 0.012963
0 0.811719 0.073843 0.014063 0.013426
2 0.796224 0.106019 0.015885 0.013889
2 0.755990 0.042361 0.018229 0.014352
2 0.928776 0.031944 0.012240 0.011111
0 0.904557 0.650694 0.005990 0.019907
0 0.860938 0.651620 0.008854 0.021759
0 0.951823 0.692130 0.007292 0.022222
0 0.944922 0.697685 0.006510 0.022222
0 0.936719 0.698843 0.006771 0.025463
0 0.973568 0.785417 0.007552 0.024537
0 0.936589 0.803704 0.008594 0.025000
2 0.929557 0.809028 0.007552 0.018981
2 0.922266 0.808565 0.009115 0.020833
2 0.930469 0.830324 0.008854 0.021759
2 0.925391 0.831481 0.009115 0.025926
0 0.906641 0.916435 0.012760 0.013426
0 0.793880 0.655787 0.011198 0.013426
0 0.750651 0.616204 0.012240 0.013889
0 0.780990 0.666435 0.012500 0.014352
0 0.703906 0.605324 0.006250 0.026389
0 0.762240 0.682870 0.010937 0.012037
0 0.655339 0.663657 0.009115 0.024537
2 0.619531 0.583565 0.020313 0.015278
2 0.662891 0.588426 0.009635 0.026852
0 0.592187 0.762500 0.013021 0.018519
0 0.663932 0.696991 0.014323 0.017130
2 0.646224 0.696296 0.013281 0.029630
0 0.639974 0.644444 0.007031 0.025000
0 0.622396 0.705093 0.010937 0.022222
0 0.615885 0.772685 0.005729 0.028704
0 0.610417 0.733565 0.011458 0.021759
0 0.577995 0.781019 0.012240 0.014815
0 0.604167 0.831481 0.008854 0.022222
0 0.634766 0.729861 0.011198 0.024537
0 0.588281 0.806944 0.014063 0.017593
0 0.624609 0.755787 0.010156 0.022685
0 0.645443 0.866667 0.013281 0.011111
0 0.626823 0.878009 0.007292 0.024537
0 0.622786 0.798843 0.009635 0.023611
0 0.584896 0.476389 0.013542 0.012037
0 0.564714 0.494444 0.014844 0.011111
0 0.354818 0.566435 0.014323 0.010648
0 0.331510 0.582176 0.014063 0.010648
0 0.373958 0.581019 0.013542 0.010185
0 0.145833 0.935417 0.010937 0.013426
0 0.380859 0.859954 0.010156 0.024537
2 0.751823 0.098148 0.015104 0.012963
2 0.898177 0.161806 0.016146 0.012500
0 0.965495 0.024537 0.013281 0.012037
0 0.660677 0.343519 0.009896 0.020370
2 0.642448 0.614120 0.006771 0.026389
0 0.632031 0.676157 0.008333 0.018981
2 0.609896 0.820139 0.009896 0.023611
2 0.635807 0.935880 0.007031 0.023611
0 0.554818 0.835417 0.013802 0.017130
0 0.046745 0.364815 0.014323 0.012963
0 0.054948 0.329167 0.007292 0.022222
2 0.046875 0.326852 0.008333 0.025926
0 0.143620 0.922917 0.012240 0.013426
0 0.153385 0.956944 0.012500 0.014815
0 0.155339 0.968750 0.014323 0.015278
0 0.574349 0.819444 0.014323 0.018519
0 0.649349 0.922222 0.005469 0.022222
0 0.630859 0.907176 0.005990 0.021759
2 0.607682 0.187037 0.015365 0.027778
0 0.631120 0.153241 0.009115 0.024074
0 0.634115 0.841667 0.008333 0.025000
0 0.945182 0.028009 0.015885 0.014352
0 0.966536 0.742593 0.014323 0.014815
0 0.559505 0.797685 0.013802 0.017593
0 0.645312 0.464815 0.014583 0.010185
0 0.083724 0.985648 0.008594 0.011111
0 0.080339 0.974537 0.010677 0.013889
0 0.054948 0.982176 0.013021 0.014352
0 0.051302 0.972917 0.012500 0.016204
0 0.229297 0.740972 0.014844 0.017130
0 0.317057 0.728472 0.011198 0.012500
0 0.646094 0.890278 0.006250 0.025926
0 0.696484 0.667824 0.008594 0.024537
2 0.033724 0.321991 0.008594 0.026389
0 0.033724 0.369907 0.008073 0.019444
0 0.024089 0.372222 0.011719 0.027778
0 0.048568 0.962963 0.011719 0.013889
0 0.218359 0.794676 0.013802 0.014352
0 0.285547 0.695833 0.014323 0.018519
0 0.265885 0.712500 0.014583 0.017593
0 0.332943 0.724769 0.015885 0.011574
0 0.349219 0.730787 0.014063 0.014352
0 0.722917 0.651389 0.013542 0.012963
2 0.690104 0.603009 0.006250 0.029167
0 0.911589 0.645370 0.007031 0.024074
0 0.966276 0.794213 0.008594 0.023611
0 0.785807 0.137500 0.013281 0.019444
0 0.985286 0.779167 0.008073 0.022222
0 0.978385 0.260648 0.008854 0.027778
2 0.987240 0.268519 0.010937 0.026852
0 0.986589 0.227083 0.012760 0.012500
0 0.692318 0.045139 0.005990 0.025463
0 0.667318 0.136111 0.012760 0.018519
0 0.489453 0.434722 0.005990 0.025000
0 0.487109 0.381944 0.006510 0.024074
0 0.181771 0.612731 0.012500 0.016204
0 0.483073 0.341435 0.006250 0.022685
0 0.416276 0.578935 0.012760 0.010648
0 0.972786 0.294444 0.005990 0.025926
0 0.220833 0.610648 0.014583 0.012037
0 0.782813 0.158102 0.013542 0.018056
0 0.135286 0.864583 0.014323 0.015278
0 0.296224 0.570370 0.015365 0.011111
0 0.502865 0.459491 0.008854 0.024537
2 0.866927 0.792593 0.008333 0.025926
0 0.249089 0.568056 0.014844 0.011111
0 0.316276 0.567593 0.012760 0.010185
0 0.213151 0.563194 0.013802 0.010648
2 0.946745 0.956713 0.014844 0.018056
2 0.351562 0.581250 0.015625 0.010648
0 0.411979 0.562963 0.014063 0.011111
1 0.419141 0.592824 0.031510 0.014352
0 0.395573 0.564120 0.010937 0.009722
0 0.122135 0.827083 0.014063 0.017130
0 0.375911 0.566204 0.014844 0.010185
0 0.143490 0.492824 0.013021 0.010648
0 0.483203 0.313194 0.006510 0.025463
0 0.397396 0.579167 0.014063 0.011111
2 0.982682 0.968056 0.010156 0.038889
2 0.210417 0.576389 0.017708 0.012963
0 0.292969 0.583565 0.014583 0.010648
0 0.159115 0.979167 0.012500 0.015741
0 0.103906 0.634259 0.012500 0.013889
0 0.583854 0.217130 0.012500 0.017593
0 0.335286 0.567593 0.014323 0.011111
2 0.150000 0.555787 0.015625 0.011574
0 0.147266 0.570833 0.012240 0.010185
0 0.232813 0.580324 0.014583 0.011574
0 0.312370 0.583565 0.014323 0.009722
0 0.179948 0.527778 0.016146 0.011111
0 0.131771 0.568287 0.011979 0.010648
2 0.253255 0.581713 0.015885 0.011574
0 0.230208 0.565046 0.014583 0.011574
0 0.271354 0.567824 0.014063 0.010648
0 0.480339 0.272685 0.005990 0.023148
0 0.477995 0.234259 0.006510 0.026852
2 0.384375 0.595370 0.015625 0.010185
0 0.271745 0.582176 0.010677 0.008796
0 0.175911 0.495139 0.015885 0.011574
0 0.369010 0.406944 0.011458 0.023148
0 0.166536 0.571528 0.014323 0.011574
2 0.614323 0.485648 0.015625 0.011111
0 0.495703 0.400463 0.005990 0.024074
0 0.192839 0.560185 0.014323 0.011111
2 0.171875 0.558333 0.021354 0.013889
0 0.189974 0.575463 0.014844 0.012037
0 0.112760 0.551157 0.015104 0.011574
0 0.073307 0.545370 0.013802 0.012037
0 0.041667 0.540046 0.014063 0.012500
0 0.110677 0.564583 0.013021 0.010648
0 0.090365 0.547685 0.013542 0.011111
0 0.587760 0.490741 0.014063 0.011111
0 0.129036 0.553704 0.014323 0.012037
0 0.585547 0.505787 0.013281 0.010648
0 0.202865 0.611343 0.013542 0.010648
0 0.083724 0.905324 0.014844 0.016204
2 0.133724 0.507407 0.023177 0.014815
0 0.561979 0.509954 0.014063 0.010648
0 0.474219 0.153472 0.005729 0.019907
0 0.769401 0.091435 0.014323 0.012500
0 0.346615 0.597685 0.013542 0.010185
0 0.561198 0.479398 0.014063 0.011574
0 0.605339 0.469907 0.014323 0.010185
0 0.151432 0.943519 0.010677 0.012963
2 0.227214 0.595139 0.016927 0.011574
0 0.070443 0.559954 0.012760 0.010648
1 0.348047 0.612269 0.019010 0.012500
0 0.435807 0.605787 0.015365 0.011574
0 0.274870 0.597685 0.014844 0.011111
0 0.897396 0.658565 0.005729 0.010648
0 0.305339 0.613657 0.016406 0.010648
0 0.323828 0.612731 0.014323 0.011574
0 0.301953 0.596296 0.013281 0.011111
0 0.251042 0.599537 0.014583 0.010185
0 0.323437 0.598380 0.015104 0.010648
0 0.611979 0.501389 0.014583 0.010185
0 0.008464 0.537963 0.014844 0.012037
0 0.207161 0.593750 0.014323 0.011574
0 0.388932 0.610880 0.014844 0.010648
0 0.165755 0.587500 0.011198 0.010185
0 0.201302 0.814120 0.013021 0.014352
0 0.110677 0.643519 0.014063 0.011111
0 0.472786 0.112500 0.007031 0.025926
0 0.493490 0.354630 0.006250 0.024074
0 0.212891 0.532176 0.014323 0.009722
0 0.262891 0.610880 0.014323 0.010648
0 0.044792 0.556944 0.015625 0.010185
0 0.186068 0.589815 0.014323 0.012037
0 0.226432 0.502083 0.014323 0.010648
2 0.468750 0.067130 0.007292 0.030556
0 0.657552 0.494907 0.014063 0.009259
0 0.496354 0.657639 0.006250 0.024537
0 0.911849 0.446296 0.014323 0.011111
0 0.093750 0.486343 0.012500 0.009722
0 0.486979 0.230324 0.006250 0.026389
3 0.178255 0.512500 0.005990 0.007407
0 0.494792 0.724537 0.006250 0.025000
0 0.626042 0.466667 0.010417 0.009259
0 0.466276 0.031250 0.006510 0.023611
0 0.492578 0.278935 0.010156 0.023611
0 0.495573 0.690046 0.006250 0.025463
2 0.639193 0.481944 0.015365 0.012037
0 0.171875 0.604167 0.010937 0.013889
0 0.268490 0.508333 0.014063 0.011111
1 0.495052 0.770370 0.008333 0.057407
0 0.103646 0.534028 0.013542 0.010648
2 0.071745 0.515509 0.014323 0.010648
0 0.240234 0.611343 0.013281 0.010648
0 0.204036 0.517130 0.014323 0.010185
0 0.637109 0.496528 0.013802 0.009722
0 0.494141 0.897917 0.006510 0.035648
2 0.291667 0.504630 0.014063 0.012963
0 0.326953 0.488889 0.012240 0.022222
0 0.493750 0.863657 0.005729 0.022685
0 0.763672 0.155324 0.004948 0.023611
0 0.494141 0.828472 0.005990 0.024537
3 0.449740 0.612037 0.006771 0.006481
0 0.493750 0.937500 0.005729 0.025926
0 0.072005 0.961111 0.007552 0.021296
0 0.463802 0.149306 0.006250 0.022685
0 0.939583 0.473611 0.014063 0.010185
0 0.145313 0.761343 0.008854 0.021759
0 0.383073 0.370602 0.010937 0.022685
0 0.476172 0.193519 0.006510 0.025000
0 0.460417 0.456944 0.006250 0.024074
1 0.493099 0.979167 0.008073 0.041667
0 0.415104 0.275000 0.007292 0.018519
0 0.484505 0.187037 0.006510 0.025000
3 0.496615 0.620139 0.004167 0.009722
0 0.399870 0.330324 0.009115 0.021759
0 0.475521 0.833565 0.006250 0.026389
0 0.475911 0.693056 0.005990 0.022222
0 0.430469 0.138194 0.005729 0.024537
0 0.425260 0.225231 0.006771 0.025463
0 0.485807 0.659491 0.006510 0.023611
2 0.482682 0.147917 0.006510 0.029167
0 0.424609 0.010185 0.006510 0.019444
0 0.986068 0.563194 0.009115 0.025463
0 0.484766 0.817130 0.005990 0.025000
3 0.495443 0.629398 0.004427 0.007870
0 0.652604 0.431713 0.009896 0.015278
0 0.461849 0.272454 0.006510 0.023611
0 0.350130 0.455093 0.012240 0.023148
0 0.475391 0.887269 0.005469 0.025463
2 0.648047 0.643056 0.008073 0.026852
0 0.480729 0.104167 0.006771 0.025926
2 0.476432 0.753472 0.008594 0.035648
2 0.464323 0.584491 0.006250 0.028241
0 0.111719 0.517824 0.015104 0.010648
0 0.690365 0.494213 0.015104 0.014352
0 0.717187 0.471296 0.014583 0.012037
0 0.428385 0.053935 0.005208 0.018056
2 0.755859 0.477778 0.015885 0.012037
0 0.441406 0.055093 0.007292 0.026852
0 0.452604 0.100463 0.005208 0.017593
0 0.755729 0.463194 0.015625 0.010648
0 0.852995 0.071759 0.014844 0.013889
0 0.451693 0.267593 0.006510 0.025926
2 0.726823 0.453472 0.015625 0.011574
0 0.702995 0.069444 0.006510 0.027778
2 0.815625 0.451157 0.016146 0.011574
2 0.854948 0.442824 0.016146 0.010648
0 0.483464 0.896991 0.005990 0.023611
0 0.505599 0.750694 0.006510 0.025463
2 0.465495 0.896759 0.005990 0.026852
0 0.485807 0.609491 0.005990 0.025463
0 0.444792 0.124537 0.007292 0.025926
0 0.598047 0.566667 0.010677 0.011111
0 0.586328 0.301852 0.011198 0.021296
0 0.769010 0.444907 0.010937 0.010185
0 0.845313 0.634259 0.008333 0.010185
0 0.505339 0.857176 0.005990 0.018981
2 0.466016 0.845139 0.005469 0.026389
0 0.466276 0.527778 0.006510 0.026852
0 0.476172 0.614583 0.006510 0.024537
0 0.483073 0.500926 0.006250 0.025000
2 0.467708 0.662269 0.005729 0.026389
0 0.061198 0.496759 0.014583 0.010185
0 0.005208 0.462037 0.009896 0.019444
0 0.028125 0.509722 0.014583 0.010185
0 0.121745 0.597917 0.013802 0.010648
0 0.714453 0.486806 0.013802 0.010648
0 0.660937 0.478935 0.013542 0.011574
0 0.685677 0.474769 0.014583 0.011574
0 0.986198 0.429398 0.014063 0.011574
0 0.482682 0.977083 0.005469 0.026389
0 0.475130 0.946528 0.005469 0.024537
0 0.510026 0.967824 0.005469 0.024537
0 0.485286 0.736574 0.006510 0.023148
0 0.466146 0.777083 0.006250 0.026389
2 0.505859 0.199769 0.008073 0.035648
0 0.457813 0.385880 0.006771 0.026389
0 0.473958 0.322917 0.006250 0.024537
0 0.495964 0.035880 0.007552 0.025463
0 0.026562 0.482407 0.014583 0.010185
0 0.556250 0.234259 0.010937 0.021296
3 0.202474 0.631713 0.007031 0.006944
0 0.448568 0.020833 0.005990 0.018519
0 0.457813 0.038194 0.005208 0.019907
0 0.788542 0.096528 0.015625 0.014352
0 0.558073 0.817130 0.013542 0.017593
0 0.513802 0.781713 0.005729 0.024537
0 0.506771 0.649769 0.005729 0.024537
0 0.469141 0.409491 0.006510 0.024537
0 0.465625 0.346296 0.007292 0.025926
0 0.450521 0.211343 0.007292 0.025463
0 0.305859 0.524306 0.012240 0.015278
0 0.006250 0.492361 0.011979 0.009722
0 0.810547 0.465972 0.015365 0.012500
0 0.979297 0.050463 0.013802 0.018519
0 0.474870 0.509028 0.005990 0.024537
0 0.283464 0.525000 0.014323 0.012037
0 0.007292 0.521991 0.014063 0.011574
0 0.687370 0.457407 0.013281 0.010185
0 0.905339 0.495370 0.015365 0.012037
3 0.499479 0.674074 0.003646 0.007407
