0 0.059375 0.996065 0.011979 0.007870
0 0.071875 0.989120 0.010937 0.021759
0 0.141016 0.903935 0.014323 0.017130
0 0.143359 0.915741 0.012760 0.014815
0 0.269271 0.945139 0.009896 0.014352
0 0.141927 0.741898 0.009375 0.020833
0 0.095052 0.816898 0.010417 0.021759
0 0.286589 0.615046 0.013802 0.011574
0 0.410547 0.608565 0.013802 0.010648
0 0.368490 0.596528 0.013542 0.010648
0 0.203906 0.766435 0.011979 0.017130
0 0.371224 0.614352 0.013802 0.011111
0 0.235937 0.791667 0.012500 0.015741
0 0.215755 0.754398 0.013802 0.016204
0 0.251432 0.728009 0.013802 0.017130
0 0.265885 0.765046 0.014063 0.015278
0 0.283203 0.753472 0.013802 0.016204
0 0.378255 0.762963 0.012760 0.019444
0 0.412109 0.839352 0.010156 0.023148
0 0.391667 0.864583 0.009375 0.022685
0 0.391927 0.820602 0.009375 0.025463
0 0.185026 0.424537 0.006510 0.024074
0 0.684766 0.101389 0.010156 0.022222
2 0.623307 0.157639 0.009635 0.026389
2 0.617318 0.169213 0.013802 0.022685
0 0.653255 0.117824 0.009635 0.026389
0 0.661458 0.115278 0.009375 0.020370
0 0.646875 0.127315 0.011458 0.025926
0 0.687891 0.007870 0.005469 0.014815
0 0.788021 0.076389 0.015625 0.014815
0 0.754948 0.019444 0.014583 0.012963
0 0.809896 0.067824 0.014063 0.013426
2 0.794401 0.100463 0.015885 0.013889
2 0.754427 0.037963 0.018750 0.014815
2 0.926953 0.024074 0.012240 0.011111
0 0.905859 0.645139 0.005990 0.019907
0 0.861719 0.645833 0.009375 0.021296
0 0.953516 0.684954 0.008073 0.022685
0 0.945833 0.689583 0.006250 0.020833
0 0.938672 0.690741 0.007552 0.025000
0 0.975000 0.778472 0.008333 0.024537
0 0.938932 0.795833 0.009115 0.024074
2 0.931250 0.800694 0.008333 0.018056
2 0.924349 0.801620 0.009115 0.020833
2 0.932813 0.823380 0.008854 0.021759
2 0.927083 0.823843 0.008854 0.024537
0 0.908984 0.909722 0.011719 0.013889
0 0.794661 0.650231 0.011198 0.013426
0 0.751432 0.612269 0.012240 0.014352
0 0.781250 0.661806 0.012500 0.014352
0 0.705078 0.601389 0.006510 0.026852
0 0.763281 0.679630 0.010937 0.012037
0 0.656380 0.661343 0.009115 0.024537
2 0.620313 0.580324 0.020313 0.015278
2 0.663542 0.583565 0.009375 0.026389
0 0.593490 0.759722 0.013021 0.018519
0 0.666016 0.692824 0.014323 0.017130
2 0.647005 0.694444 0.013281 0.029630
0 0.641276 0.641667 0.007031 0.025000
0 0.624219 0.703704 0.010937 0.022222
0 0.617839 0.770602 0.005469 0.024537
0 0.612760 0.730324 0.011458 0.021759
0 0.579818 0.777315 0.012240 0.014815
0 0.605729 0.830556 0.008854 0.022222
0 0.636068 0.726157 0.011198 0.024537
0 0.590365 0.805093 0.014063 0.017593
0 0.626693 0.753472 0.010156 0.022685
0 0.647526 0.862731 0.013281 0.010648
0 0.629297 0.873380 0.006510 0.023611
0 0.625130 0.794676 0.010156 0.022685
0 0.585417 0.472685 0.013542 0.012037
0 0.564714 0.492593 0.014844 0.011111
0 0.356380 0.566898 0.014323 0.010648
0 0.333073 0.584028 0.014063 0.010648
0 0.374740 0.581944 0.013542 0.010185
0 0.148438 0.938657 0.010937 0.013426
0 0.382943 0.859954 0.010156 0.024537
2 0.750521 0.093056 0.015104 0.012963
2 0.896354 0.155324 0.016667 0.013426
0 0.963411 0.016898 0.013281 0.013426
0 0.660937 0.340046 0.011458 0.020833
0 0.633854 0.674537 0.007812 0.018519
2 0.612109 0.818287 0.009635 0.023611
2 0.637630 0.932407 0.007031 0.023148
0 0.556641 0.832639 0.013802 0.017130
0 0.045964 0.371296 0.014323 0.012963
0 0.054427 0.335417 0.007292 0.020833
2 0.046875 0.331481 0.008333 0.025926
0 0.145703 0.927083 0.012240 0.013426
0 0.155729 0.961111 0.012500 0.014815
0 0.157943 0.971991 0.014323 0.015278
0 0.576172 0.818056 0.014323 0.018519
0 0.651693 0.918056 0.005469 0.022222
0 0.632943 0.903935 0.005469 0.021759
2 0.606641 0.183102 0.015365 0.028241
0 0.629557 0.150000 0.009115 0.024074
0 0.636328 0.837731 0.008594 0.024537
0 0.943359 0.019676 0.015885 0.014352
0 0.968490 0.734491 0.014063 0.014352
0 0.561328 0.795370 0.013802 0.017593
0 0.645964 0.461111 0.014844 0.010185
0 0.086458 0.990046 0.008333 0.011574
0 0.083203 0.978241 0.010677 0.013889
0 0.058854 0.987731 0.013542 0.015278
0 0.054427 0.978472 0.012500 0.016204
0 0.230859 0.744213 0.014844 0.017130
0 0.318359 0.728935 0.011198 0.012500
0 0.648698 0.887963 0.006250 0.025926
0 0.698177 0.663657 0.008333 0.025463
2 0.032943 0.327083 0.008594 0.026389
0 0.033984 0.375000 0.008073 0.019444
0 0.023307 0.378704 0.011719 0.027778
0 0.051042 0.967593 0.011458 0.012963
0 0.220443 0.797454 0.013802 0.014352
0 0.287370 0.698148 0.014323 0.018519
0 0.267188 0.714815 0.014583 0.017593
0 0.334766 0.725231 0.015885 0.011574
0 0.350781 0.731250 0.014063 0.014352
0 0.723437 0.646759 0.013542 0.012963
2 0.690885 0.599306 0.006250 0.029167
0 0.913151 0.639352 0.006510 0.025000
0 0.967839 0.785648 0.008073 0.023148
0 0.986979 0.771065 0.007812 0.021759
0 0.977344 0.253241 0.008854 0.027778
2 0.986849 0.260185 0.011719 0.026852
0 0.986198 0.218519 0.013021 0.011111
0 0.690885 0.040741 0.006771 0.025000
0 0.665495 0.131019 0.012760 0.018519
0 0.487500 0.642824 0.005729 0.023611
0 0.182292 0.615509 0.012500 0.016204
0 0.417057 0.578935 0.012760 0.010648
0 0.972786 0.286111 0.005990 0.025926
0 0.222135 0.613426 0.014583 0.012037
0 0.782292 0.153935 0.013542 0.018056
0 0.137370 0.869213 0.014323 0.015278
0 0.297786 0.571296 0.015365 0.011111
0 0.515885 0.524306 0.011458 0.018981
2 0.868490 0.786574 0.008333 0.025926
0 0.250391 0.570370 0.014844 0.011111
0 0.317578 0.568981 0.012760 0.010185
0 0.213672 0.565972 0.013802 0.010648
2 0.948958 0.949769 0.014063 0.017130
2 0.352865 0.582176 0.015625 0.010648
0 0.412760 0.564352 0.014063 0.011111
1 0.420443 0.592824 0.031510 0.014352
0 0.396094 0.565046 0.010937 0.009722
0 0.123958 0.831250 0.014063 0.017130
0 0.377474 0.566667 0.014844 0.010185
0 0.398438 0.579167 0.014063 0.011111
2 0.984635 0.960648 0.010937 0.038889
2 0.211458 0.579630 0.017708 0.012963
0 0.293750 0.584954 0.014583 0.010648
0 0.162240 0.982407 0.011979 0.014815
0 0.105078 0.638194 0.013802 0.014352
0 0.583073 0.213889 0.012500 0.017593
0 0.336849 0.568056 0.014323 0.011111
2 0.150521 0.559028 0.015625 0.011574
0 0.147656 0.573611 0.012500 0.010185
0 0.233333 0.582176 0.014583 0.011574
0 0.314193 0.584954 0.014323 0.009722
0 0.132422 0.571065 0.011719 0.009722
2 0.254818 0.584491 0.015885 0.011574
0 0.230990 0.566898 0.014583 0.011574
0 0.273177 0.571065 0.014063 0.010648
0 0.479167 0.260417 0.006771 0.024537
0 0.475130 0.200694 0.005469 0.018981
2 0.385937 0.595370 0.015625 0.010185
0 0.272786 0.584028 0.010677 0.008796
0 0.097526 0.491667 0.013802 0.010185
0 0.406510 0.304630 0.009896 0.023148
0 0.167578 0.574537 0.014844 0.010185
2 0.614844 0.482407 0.015625 0.011111
0 0.460677 0.433102 0.006771 0.024537
0 0.194401 0.563426 0.014323 0.011111
2 0.172917 0.560648 0.021354 0.013889
0 0.191016 0.578241 0.014844 0.012037
0 0.113021 0.556250 0.015104 0.011574
0 0.073438 0.549537 0.014063 0.011111
0 0.053646 0.546528 0.014063 0.011574
0 0.111719 0.568750 0.013021 0.010648
0 0.091276 0.551852 0.013802 0.010185
0 0.588542 0.486574 0.014063 0.011111
0 0.129427 0.557407 0.014583 0.011111
0 0.584505 0.503009 0.013281 0.010648
0 0.204167 0.613657 0.013542 0.010648
0 0.086068 0.909491 0.014844 0.016204
0 0.562500 0.507176 0.014063 0.010648
0 0.482161 0.160417 0.006510 0.026389
0 0.767318 0.086343 0.014323 0.012500
0 0.347656 0.598611 0.013542 0.010185
0 0.561719 0.476620 0.014063 0.011574
0 0.605469 0.466898 0.014583 0.011574
0 0.153776 0.947685 0.010677 0.012963
2 0.228255 0.597917 0.016927 0.011574
0 0.082943 0.565741 0.013281 0.010185
1 0.349740 0.613426 0.019271 0.012963
0 0.436589 0.605787 0.015365 0.011574
0 0.275651 0.599537 0.014844 0.011111
0 0.897786 0.651389 0.005990 0.008333
0 0.307161 0.615046 0.016406 0.010648
0 0.325651 0.614120 0.014323 0.011574
0 0.302214 0.598148 0.013281 0.011111
0 0.251563 0.600463 0.014583 0.010185
0 0.324740 0.599306 0.015104 0.010648
0 0.612240 0.498148 0.014583 0.010185
0 0.010286 0.542130 0.013802 0.011111
0 0.208464 0.596065 0.014323 0.011574
0 0.390234 0.611806 0.014844 0.010648
0 0.170052 0.590741 0.010417 0.009259
0 0.204167 0.815972 0.013021 0.014352
0 0.112370 0.647685 0.013802 0.010185
0 0.472266 0.131944 0.007031 0.025926
0 0.481771 0.314815 0.006771 0.025926
0 0.263411 0.613194 0.014323 0.010648
0 0.061979 0.563889 0.015625 0.012037
0 0.186979 0.592593 0.014063 0.011111
0 0.268750 0.520370 0.015625 0.011111
2 0.467969 0.083796 0.007292 0.030556
0 0.657292 0.490741 0.014583 0.010185
0 0.497917 0.655787 0.006250 0.024537
0 0.795182 0.464120 0.013802 0.012500
0 0.023307 0.482407 0.012760 0.011111
0 0.496484 0.723148 0.005990 0.023148
0 0.626042 0.462731 0.010937 0.009722
0 0.464714 0.033102 0.007031 0.023611
0 0.497135 0.689583 0.006250 0.025463
2 0.639714 0.477778 0.015365 0.012037
0 0.173177 0.607407 0.010937 0.013889
0 0.218490 0.521296 0.015104 0.011111
1 0.496875 0.770370 0.008333 0.057407
0 0.241016 0.613194 0.013281 0.010648
0 0.154688 0.526852 0.015104 0.011111
0 0.637240 0.492824 0.013542 0.009722
0 0.496484 0.896991 0.006510 0.035648
2 0.212240 0.505324 0.014583 0.010648
0 0.358203 0.432639 0.009115 0.016204
0 0.496354 0.860880 0.005729 0.022685
0 0.763672 0.153935 0.004948 0.023611
0 0.495833 0.827083 0.006250 0.026389
3 0.412500 0.541667 0.006250 0.006481
0 0.495312 0.936111 0.005729 0.025926
0 0.075000 0.964352 0.006771 0.022222
0 0.462500 0.143519 0.007292 0.026852
0 0.147135 0.765509 0.008854 0.021759
0 0.424089 0.249306 0.006510 0.018056
0 0.454818 0.315509 0.007031 0.025463
1 0.495443 0.979167 0.008073 0.041667
0 0.428776 0.152315 0.006510 0.024074
3 0.498177 0.619907 0.004687 0.008333
0 0.426823 0.211343 0.006250 0.024537
0 0.477604 0.828935 0.005729 0.025463
0 0.424089 0.015046 0.006510 0.027315
0 0.429167 0.103472 0.006250 0.027315
0 0.516276 0.650000 0.005990 0.023148
0 0.986589 0.554630 0.008594 0.023148
0 0.485807 0.881019 0.005990 0.025000
3 0.496615 0.628009 0.004167 0.008796
0 0.378906 0.388194 0.010937 0.022685
0 0.476302 0.975926 0.006250 0.025000
2 0.720964 0.531250 0.014844 0.011574
0 0.476823 0.067361 0.006250 0.027315
2 0.476693 0.929630 0.007552 0.037037
2 0.466016 0.871528 0.005990 0.027315
0 0.612760 0.512269 0.014583 0.012500
0 0.700130 0.470370 0.014323 0.011111
2 0.751432 0.475463 0.015885 0.012037
0 0.745964 0.463194 0.014844 0.011574
0 0.680469 0.140046 0.013542 0.015278
2 0.556380 0.248380 0.012240 0.024537
0 0.699870 0.090046 0.006510 0.028241
2 0.777214 0.452083 0.015885 0.010648
2 0.687109 0.455556 0.015365 0.011111
0 0.485677 0.924769 0.006250 0.026389
0 0.507161 0.681481 0.006510 0.025000
0 0.487370 0.728009 0.005990 0.024537
0 0.440365 0.072454 0.005729 0.022685
0 0.825130 0.505787 0.011198 0.009722
0 0.836198 0.635648 0.009896 0.012963
0 0.515495 0.718056 0.006510 0.025000
0 0.469141 0.829398 0.005990 0.026389
0 0.477734 0.784954 0.005990 0.024537
0 0.478776 0.715509 0.006510 0.025463
2 0.468229 0.921528 0.005729 0.022685
0 0.151562 0.611343 0.013021 0.014352
0 0.682161 0.487037 0.013802 0.010185
0 0.658333 0.475231 0.013542 0.011574
0 0.679948 0.472454 0.014583 0.011574
0 0.885026 0.431944 0.015365 0.012037
0 0.476823 0.881481 0.005729 0.022222
0 0.469661 0.406019 0.005469 0.018519
0 0.585807 0.315509 0.009635 0.017130
0 0.702474 0.039120 0.007031 0.025463
0 0.507682 0.646065 0.006510 0.025463
0 0.475781 0.549769 0.006250 0.024537
0 0.444661 0.143750 0.007031 0.025463
0 0.329948 0.488657 0.011458 0.018056
0 0.068099 0.518519 0.012760 0.009259
0 0.771484 0.468750 0.015365 0.012500
0 0.796875 0.085185 0.015104 0.014815
0 0.467839 0.737500 0.005990 0.025000
0 0.296875 0.508333 0.014063 0.014815
3 0.502083 0.634259 0.003125 0.009259
0 0.535547 0.187037 0.010156 0.019444
0 0.740365 0.444676 0.015104 0.012500
0 0.466797 0.787731 0.005990 0.023611
3 0.444922 0.834028 0.005469 0.008796
0 0.784115 0.131713 0.013021 0.019907
0 0.484505 0.980556 0.005990 0.023148
0 0.486068 0.831481 0.005469 0.025000
0 0.515495 0.682639 0.004948 0.018056
0 0.551953 0.546759 0.013281 0.014815
0 0.495052 0.461806 0.008854 0.024537
0 0.491536 0.332639 0.006510 0.023611
0 0.447786 0.220139 0.005469 0.019907
2 0.467839 0.363194 0.007031 0.029167
0 0.447005 0.026157 0.007552 0.027315
0 0.582161 0.555093 0.013802 0.009259
0 0.820182 0.459028 0.014323 0.011574
2 0.642839 0.609954 0.006510 0.027315
2 0.524609 0.720602 0.005990 0.028241
0 0.477995 0.596065 0.006510 0.026389
0 0.486198 0.383102 0.005729 0.021759
0 0.169271 0.513657 0.014583 0.010648
0 0.028646 0.544444 0.015104 0.012037
0 0.650130 0.537963 0.013802 0.012037
0 0.613281 0.530093 0.013021 0.010185
0 0.836458 0.440509 0.014063 0.011574
0 0.451953 0.113889 0.006510 0.023148
0 0.650391 0.624537 0.007031 0.025926
0 0.639974 0.900926 0.005990 0.019444
0 0.505990 0.898611 0.006771 0.025926
0 0.468750 0.658102 0.005729 0.025463
0 0.464323 0.512500 0.006771 0.025000
0 0.483203 0.478704 0.006510 0.025000
0 0.458854 0.229167 0.007292 0.026852
0 0.516276 0.101389 0.006510 0.019444
0 0.085156 0.506019 0.014063 0.011111
0 0.008073 0.498148 0.014063 0.011111
0 0.027083 0.513194 0.014063 0.010648
0 0.115104 0.588194 0.014583 0.011574
0 0.667578 0.514352 0.013802 0.011111
0 0.996354 0.601389 0.007292 0.021296
0 0.478255 0.653472 0.006510 0.026389
0 0.486849 0.556019 0.005469 0.019444
0 0.472526 0.469444 0.005469 0.018519
0 0.463932 0.317593 0.006510 0.025000
0 0.469271 0.229630 0.006771 0.025000
2 0.487240 0.243056 0.006771 0.028704
0 0.017578 0.559028 0.014844 0.011574
0 0.013932 0.586343 0.013802 0.010648
0 0.710547 0.502083 0.014323 0.011574
0 0.893490 0.494676 0.011979 0.014352
3 0.993099 0.548611 0.004427 0.010185
