0 0.038802 0.962731 0.014063 0.014352
0 0.042708 0.984028 0.014063 0.014352
0 0.047656 0.994676 0.013542 0.010648
0 0.034375 0.951157 0.014063 0.014352
0 0.032813 0.937963 0.016146 0.017593
0 0.029948 0.927315 0.016146 0.017593
0 0.026823 0.915046 0.011979 0.017130
0 0.061458 0.930324 0.013542 0.013426
0 0.062630 0.942361 0.010677 0.011574
0 0.066016 0.953009 0.010677 0.011574
0 0.067187 0.966204 0.007812 0.012963
0 0.073828 0.985880 0.011198 0.015278
0 0.017318 0.964352 0.012760 0.025000
0 0.048047 0.941667 0.012760 0.025000
0 0.064974 0.858102 0.015885 0.017130
0 0.071224 0.835880 0.015885 0.017130
0 0.076042 0.760417 0.011458 0.026389
0 0.108724 0.828704 0.014844 0.019444
0 0.124609 0.816204 0.014844 0.019444
0 0.190755 0.772685 0.014844 0.019444
0 0.171745 0.714120 0.007031 0.025463
0 0.170573 0.671759 0.008333 0.026852
0 0.160938 0.626852 0.008333 0.026852
0 0.193099 0.716898 0.013802 0.016204
0 0.208464 0.750694 0.013802 0.016204
0 0.224609 0.745139 0.013802 0.016204
0 0.205339 0.704861 0.013802 0.016204
0 0.222005 0.695833 0.014844 0.016667
0 0.243359 0.680324 0.015365 0.018056
0 0.258724 0.721991 0.015365 0.018056
0 0.259245 0.667361 0.015365 0.018056
0 0.282422 0.650231 0.015365 0.018056
0 0.276172 0.710417 0.015365 0.018056
0 0.313542 0.686111 0.011979 0.012963
0 0.324219 0.664583 0.016146 0.014352
0 0.329688 0.682639 0.016146 0.014352
0 0.346224 0.690972 0.015365 0.017130
0 0.375391 0.725231 0.013281 0.020833
0 0.387500 0.788657 0.011458 0.029167
0 0.377474 0.827315 0.011719 0.023148
0 0.386589 0.833796 0.011719 0.023148
0 0.408984 0.808796 0.011719 0.023148
2 0.425000 0.794676 0.016146 0.020833
0 0.255990 0.909028 0.009375 0.014352
0 0.122266 0.857407 0.014844 0.019444
0 0.124740 0.869676 0.011979 0.014352
0 0.126823 0.879861 0.011979 0.014352
0 0.129688 0.893287 0.011979 0.014352
0 0.135937 0.902083 0.011979 0.014352
0 0.136719 0.916435 0.011979 0.014352
0 0.138542 0.929630 0.015104 0.016667
0 0.133594 0.712037 0.008333 0.024074
0 0.127474 0.686574 0.010156 0.024074
0 0.151562 0.574074 0.008333 0.026852
0 0.162630 0.578472 0.009115 0.025463
0 0.098698 0.585185 0.015104 0.011111
0 0.089974 0.575000 0.012760 0.011111
0 0.012760 0.354861 0.014583 0.010648
0 0.013151 0.295139 0.013281 0.030093
0 0.022656 0.292361 0.009375 0.019907
0 0.036589 0.289583 0.013802 0.015278
0 0.045703 0.251157 0.007031 0.024537
2 0.023177 0.241204 0.008854 0.027778
2 0.038151 0.247917 0.009635 0.027315
0 0.180469 0.354861 0.006771 0.024537
0 0.316406 0.440046 0.012500 0.016204
0 0.342969 0.409491 0.012500 0.019907
0 0.363672 0.373380 0.012240 0.021759
0 0.384635 0.335880 0.010417 0.023611
0 0.414323 0.259491 0.011458 0.031019
0 0.440365 0.115046 0.007812 0.022685
0 0.442839 0.074769 0.005469 0.029167
0 0.442578 0.032639 0.005469 0.029167
0 0.433984 0.183102 0.007552 0.025463
0 0.603776 0.166435 0.011719 0.017130
0 0.672005 0.077546 0.012240 0.024537
0 0.654427 0.103704 0.009896 0.025926
2 0.645964 0.108333 0.011719 0.023148
2 0.642057 0.121528 0.013802 0.026389
2 0.629427 0.136111 0.016667 0.026852
0 0.679167 0.069907 0.010937 0.025000
0 0.687109 0.065278 0.013281 0.024074
0 0.692708 0.086111 0.015104 0.020370
0 0.713411 0.055093 0.011198 0.025926
2 0.782682 0.050926 0.016927 0.012037
0 0.801042 0.045139 0.015104 0.011574
2 0.822656 0.038426 0.016146 0.015741
0 0.845443 0.029630 0.015885 0.013889
2 0.828516 0.061111 0.016927 0.012037
0 0.816797 0.094213 0.011719 0.020833
2 0.934896 0.128241 0.017708 0.012963
0 0.682292 0.304167 0.011458 0.022222
0 0.835026 0.381250 0.015365 0.008796
0 0.885547 0.640509 0.009115 0.022685
0 0.922786 0.642361 0.005990 0.018981
0 0.931120 0.640972 0.005990 0.018981
0 0.938411 0.637037 0.006510 0.025926
0 0.964063 0.693750 0.006250 0.029167
0 0.972526 0.692824 0.006510 0.023611
0 0.979688 0.687269 0.007812 0.024537
0 0.993229 0.740509 0.012500 0.015278
0 0.993359 0.796065 0.007552 0.024537
0 0.962630 0.804398 0.010156 0.028241
2 0.946745 0.806481 0.008594 0.023148
2 0.954818 0.808333 0.008073 0.023148
2 0.948047 0.830787 0.008594 0.026389
2 0.955599 0.831250 0.008594 0.026389
0 0.927734 0.921065 0.013281 0.012500
2 0.967708 0.966667 0.014583 0.019444
0 0.814583 0.637963 0.011979 0.014815
0 0.800000 0.650694 0.014063 0.016204
0 0.780339 0.666435 0.013281 0.015278
0 0.770443 0.595602 0.013281 0.015278
0 0.739844 0.630556 0.015625 0.012963
0 0.713281 0.645833 0.009896 0.027778
0 0.678646 0.674074 0.014063 0.017593
0 0.647396 0.707176 0.013021 0.026389
0 0.635807 0.734491 0.011719 0.023611
0 0.621484 0.708102 0.011719 0.023611
0 0.635026 0.679398 0.011719 0.023611
0 0.645573 0.650926 0.009375 0.018519
0 0.654036 0.618981 0.008073 0.026852
2 0.660156 0.672685 0.014063 0.030556
2 0.656901 0.585880 0.007031 0.027315
2 0.634115 0.554167 0.021875 0.015741
0 0.602083 0.740278 0.012500 0.019444
0 0.586589 0.757176 0.011719 0.017130
0 0.566536 0.774306 0.012240 0.021759
0 0.560807 0.815046 0.013281 0.018981
0 0.581641 0.797917 0.013281 0.018981
0 0.596484 0.786806 0.013281 0.018981
0 0.613542 0.811343 0.008333 0.024537
0 0.643490 0.824306 0.008333 0.024537
0 0.635417 0.861111 0.007812 0.025000
2 0.620182 0.800694 0.008594 0.023611
0 0.639583 0.893519 0.007812 0.025000
0 0.657943 0.910185 0.005469 0.023148
2 0.642839 0.924306 0.008594 0.023611
0 0.647526 0.982407 0.005469 0.023148
0 0.655990 0.877083 0.006771 0.028241
0 0.654818 0.852778 0.012760 0.012963
0 0.722005 0.580324 0.008073 0.029167
2 0.706510 0.578472 0.007812 0.031019
0 0.637500 0.532870 0.013542 0.012963
2 0.679427 0.561343 0.010937 0.028241
0 0.512500 0.965972 0.006250 0.020833
0 0.492708 0.964120 0.005208 0.019907
0 0.502474 0.945833 0.005469 0.027778
0 0.494141 0.915741 0.005469 0.027778
0 0.515885 0.901389 0.006250 0.028704
0 0.496094 0.848843 0.005208 0.022685
0 0.497917 0.793981 0.006771 0.027778
0 0.505990 0.836574 0.006771 0.027778
0 0.519271 0.776852 0.006771 0.027778
0 0.519531 0.731481 0.006771 0.027778
0 0.509896 0.715741 0.006771 0.027778
0 0.499219 0.729630 0.006771 0.027778
0 0.502474 0.666435 0.006510 0.022685
0 0.501693 0.602315 0.007031 0.026852
0 0.523828 0.606019 0.007031 0.026852
0 0.514453 0.583796 0.007031 0.026852
0 0.533724 0.575463 0.007031 0.026852
0 0.536849 0.516435 0.005990 0.021759
2 0.526563 0.503935 0.006250 0.032870
0 0.516927 0.483565 0.005729 0.027315
2 0.481120 0.542824 0.012760 0.022685
0 0.526953 0.440046 0.004948 0.019907
0 0.535547 0.431713 0.006510 0.028241
2 0.546224 0.375694 0.007031 0.030093
0 0.518359 0.360648 0.007552 0.027778
0 0.526432 0.340509 0.005990 0.019907
2 0.544922 0.311343 0.007031 0.030093
2 0.477995 0.311343 0.007031 0.030093
2 0.467057 0.216435 0.007031 0.030093
2 0.473568 0.192824 0.007031 0.030093
2 0.480599 0.100926 0.009115 0.046296
2 0.478516 0.055093 0.007031 0.029630
0 0.457031 0.007870 0.005729 0.014815
0 0.478255 0.015972 0.006510 0.028241
0 0.469141 0.040509 0.006510 0.028241
0 0.457813 0.043981 0.006250 0.022222
0 0.459896 0.079630 0.006250 0.022222
0 0.471094 0.108333 0.005729 0.025926
0 0.462500 0.135880 0.005729 0.027315
0 0.472135 0.144676 0.005729 0.027315
0 0.482031 0.153009 0.006250 0.023611
2 0.483854 0.182639 0.004687 0.018981
0 0.463802 0.186806 0.005729 0.027315
0 0.493229 0.196991 0.005729 0.027315
0 0.475000 0.236343 0.005729 0.027315
0 0.485417 0.235417 0.005729 0.027315
0 0.494531 0.235417 0.006771 0.024537
0 0.496094 0.273380 0.006771 0.024537
0 0.486979 0.275463 0.006250 0.026852
0 0.476823 0.268056 0.006250 0.026852
0 0.465495 0.247454 0.006510 0.023611
0 0.487500 0.312963 0.006250 0.026852
0 0.507031 0.334259 0.006250 0.026852
0 0.497656 0.315741 0.006250 0.026852
0 0.499479 0.358796 0.006250 0.026852
0 0.489583 0.352315 0.006250 0.026852
0 0.479427 0.352315 0.006250 0.026852
0 0.468750 0.351389 0.006250 0.026852
0 0.470573 0.393981 0.006250 0.026852
0 0.481771 0.390741 0.006250 0.026852
0 0.491146 0.392130 0.006250 0.026852
0 0.508854 0.372222 0.006250 0.026852
0 0.532292 0.208102 0.006771 0.024537
0 0.511719 0.176389 0.006771 0.021296
0 0.520703 0.158102 0.007552 0.026389
0 0.527995 0.086806 0.007552 0.026389
0 0.535807 0.054398 0.007552 0.026389
0 0.509766 0.078472 0.005990 0.021759
2 0.011068 0.487037 0.021615 0.017593
0 0.064062 0.431019 0.016146 0.012963
2 0.058073 0.413657 0.017188 0.010648
0 0.055208 0.443981 0.016146 0.012963
0 0.052995 0.478472 0.015365 0.012500
0 0.031120 0.473380 0.015365 0.012500
0 0.012630 0.470139 0.015365 0.012500
0 0.053516 0.493981 0.017969 0.013889
0 0.095052 0.530093 0.018229 0.012963
0 0.108984 0.503009 0.017448 0.010648
0 0.098828 0.468981 0.014323 0.013889
0 0.099609 0.453704 0.014323 0.013889
0 0.136589 0.458796 0.014323 0.013889
0 0.174089 0.467130 0.014323 0.013889
0 0.147526 0.527315 0.014323 0.013889
0 0.126693 0.505556 0.014323 0.013889
2 0.202604 0.520602 0.017188 0.010648
0 0.123698 0.430556 0.016146 0.012963
0 0.115625 0.489120 0.014063 0.012500
0 0.136458 0.492130 0.015625 0.012963
0 0.155990 0.498148 0.015625 0.012963
0 0.178385 0.501389 0.015625 0.012963
2 0.152734 0.513657 0.017969 0.013426
0 0.167578 0.546759 0.014323 0.013889
0 0.181380 0.518056 0.014323 0.013889
3 0.202083 0.562500 0.008333 0.008333
3 0.252604 0.544213 0.006771 0.006944
0 0.202214 0.504861 0.015365 0.012500
0 0.211719 0.473148 0.014063 0.013889
0 0.212891 0.453472 0.015365 0.012500
0 0.222396 0.509028 0.015104 0.013426
0 0.224349 0.525000 0.014323 0.012037
0 0.211068 0.538889 0.014323 0.012037
0 0.223828 0.560185 0.017448 0.011111
0 0.235677 0.543287 0.014583 0.014352
2 0.245964 0.527546 0.017969 0.011574
0 0.242708 0.512731 0.014063 0.012500
0 0.240234 0.477546 0.011719 0.009722
0 0.260156 0.478935 0.015104 0.011574
0 0.252083 0.447917 0.015104 0.011574
0 0.045703 0.508102 0.015365 0.012500
2 0.119922 0.549074 0.020052 0.019444
0 0.263281 0.513657 0.014063 0.012500
0 0.268229 0.530787 0.011979 0.010648
2 0.268620 0.545602 0.017969 0.011574
0 0.270573 0.563657 0.017188 0.011574
0 0.292969 0.548380 0.014063 0.010648
0 0.288281 0.532176 0.014063 0.010648
0 0.281250 0.515972 0.014063 0.010648
0 0.300521 0.516898 0.010937 0.010648
0 0.289193 0.482176 0.016406 0.011574
0 0.289453 0.465509 0.016406 0.011574
0 0.341797 0.518287 0.016406 0.011574
0 0.346224 0.535880 0.016406 0.011574
0 0.354687 0.550926 0.014583 0.010185
0 0.343099 0.566667 0.015885 0.012963
0 0.307943 0.565741 0.015885 0.012963
0 0.318359 0.517130 0.015885 0.012963
0 0.324349 0.533333 0.015885 0.012963
2 0.305599 0.533102 0.017969 0.011574
2 0.322396 0.550926 0.034375 0.014815
0 0.370052 0.567593 0.014583 0.010185
0 0.395313 0.566204 0.014583 0.010185
0 0.385547 0.550463 0.015365 0.012037
0 0.373047 0.533333 0.015365 0.012037
0 0.361458 0.517824 0.014583 0.012500
0 0.380729 0.519213 0.014583 0.012500
0 0.346615 0.467361 0.014583 0.012500
0 0.383333 0.497917 0.014583 0.012500
3 0.407682 0.467593 0.006510 0.006481
0 0.418490 0.504398 0.014583 0.012500
0 0.398438 0.534028 0.014583 0.012500
0 0.420964 0.533565 0.016406 0.012500
2 0.430078 0.549306 0.016406 0.012500
0 0.408464 0.549769 0.016406 0.012500
0 0.413932 0.567361 0.016406 0.012500
0 0.434766 0.566898 0.016406 0.012500
2 0.615104 0.517361 0.008333 0.026389
0 0.611198 0.467130 0.014063 0.012963
2 0.583073 0.470370 0.027604 0.015741
0 0.705208 0.514583 0.015104 0.013426
0 0.721875 0.496528 0.015104 0.013426
0 0.727474 0.511343 0.016406 0.014352
0 0.818880 0.497917 0.015885 0.012500
0 0.861589 0.424769 0.015885 0.012500
0 0.948828 0.478935 0.015885 0.012500
0 0.945182 0.454398 0.015885 0.012500
0 0.964063 0.468981 0.011458 0.008333
0 0.984375 0.421528 0.015625 0.014352
0 0.958594 0.409491 0.014583 0.011574
0 0.983984 0.481481 0.015365 0.012963
0 0.626432 0.751157 0.006510 0.030093
0 0.633073 0.777315 0.010937 0.025000
0 0.526953 0.850000 0.010156 0.022222
3 0.713281 0.452546 0.005729 0.006944
1 0.517057 0.009954 0.008594 0.018981
0 0.669792 0.640278 0.009375 0.025000
0 0.896094 0.487731 0.013021 0.011574
0 0.812500 0.114352 0.012500 0.020370
1 0.467057 0.301157 0.009115 0.058796
