0 0.012891 0.914120 0.009635 0.014352
0 0.042708 0.870833 0.014063 0.017593
0 0.098307 0.857407 0.011198 0.014815
0 0.130599 0.785648 0.014323 0.015741
0 0.132552 0.814583 0.012500 0.010648
0 0.207292 0.737963 0.014583 0.012963
0 0.264844 0.750000 0.013542 0.011111
0 0.222396 0.731944 0.013542 0.011111
0 0.283203 0.745139 0.015365 0.011574
0 0.297526 0.743519 0.007031 0.024074
0 0.291276 0.710417 0.013802 0.013426
0 0.313021 0.724074 0.015104 0.017593
0 0.273307 0.717130 0.012760 0.009259
2 0.257292 0.724074 0.013542 0.012963
0 0.338281 0.704630 0.015104 0.017593
0 0.353776 0.693056 0.015885 0.011111
2 0.325911 0.681944 0.013281 0.016667
0 0.319531 0.669444 0.012500 0.018519
0 0.333073 0.638657 0.010937 0.025463
0 0.326042 0.613194 0.010937 0.025463
0 0.317188 0.576157 0.010937 0.025463
0 0.339583 0.586343 0.010937 0.025463
0 0.349609 0.621759 0.009635 0.023148
0 0.359635 0.647222 0.011458 0.024074
0 0.377083 0.683102 0.013021 0.022685
0 0.365625 0.682639 0.013021 0.022685
0 0.363281 0.709491 0.013021 0.022685
0 0.378776 0.727546 0.014323 0.019907
0 0.393099 0.706250 0.013802 0.020833
0 0.410547 0.724306 0.011198 0.013426
0 0.416927 0.765278 0.014583 0.015741
0 0.428646 0.738657 0.014063 0.013426
0 0.428385 0.818287 0.006771 0.024537
0 0.397786 0.782870 0.010156 0.026852
0 0.414323 0.842593 0.014583 0.014815
2 0.446875 0.742361 0.015625 0.012500
2 0.398307 0.749074 0.016927 0.025000
2 0.461979 0.781481 0.016146 0.018519
2 0.452474 0.831713 0.016927 0.013426
0 0.451432 0.856944 0.015365 0.011111
0 0.423177 0.890741 0.007292 0.025926
0 0.442969 0.942130 0.007812 0.022222
2 0.464714 0.702083 0.009115 0.037500
0 0.403906 0.962963 0.008333 0.019444
0 0.412109 0.992593 0.006510 0.014815
0 0.167057 0.632639 0.014323 0.012500
0 0.169531 0.570833 0.015104 0.011111
0 0.170313 0.551389 0.016146 0.011111
0 0.171615 0.536806 0.019792 0.013426
2 0.168750 0.595370 0.016146 0.011111
2 0.167969 0.619444 0.016146 0.011111
0 0.102604 0.608565 0.006250 0.020833
0 0.007422 0.065046 0.014323 0.010648
0 0.121615 0.030093 0.011979 0.018519
0 0.135807 0.008565 0.013281 0.016204
0 0.257422 0.032870 0.010156 0.018519
0 0.305339 0.250694 0.013802 0.019907
0 0.302734 0.267824 0.013802 0.019907
0 0.328385 0.268981 0.015625 0.018519
0 0.316016 0.306481 0.013281 0.019444
0 0.363281 0.245139 0.013542 0.023611
0 0.382422 0.193750 0.009115 0.026389
0 0.386068 0.163194 0.007031 0.027315
0 0.384115 0.133565 0.006771 0.020833
2 0.324740 0.334954 0.010417 0.029167
0 0.023568 0.461806 0.014323 0.011574
0 0.363151 0.036343 0.009635 0.027315
0 0.386198 0.009491 0.008854 0.018056
0 0.393359 0.036806 0.010677 0.028241
0 0.403255 0.075231 0.010677 0.028241
0 0.370312 0.066667 0.009896 0.027778
0 0.513802 0.011111 0.007292 0.021296
0 0.518880 0.115741 0.008073 0.025000
0 0.531641 0.161111 0.011719 0.023148
0 0.552083 0.203704 0.012500 0.022222
0 0.570443 0.239352 0.012760 0.020370
0 0.604688 0.283796 0.013542 0.019444
0 0.627604 0.306944 0.014063 0.019444
0 0.650391 0.327546 0.014844 0.017130
0 0.681901 0.348843 0.014323 0.014352
0 0.702604 0.355093 0.015625 0.012963
0 0.755729 0.355556 0.015625 0.012963
2 0.725781 0.354630 0.017188 0.011111
0 0.786849 0.350231 0.011719 0.010648
0 0.811458 0.348148 0.013542 0.012037
0 0.852995 0.340972 0.015365 0.010648
0 0.898698 0.334028 0.016146 0.010648
0 0.933984 0.332407 0.017969 0.012963
0 0.994271 0.320370 0.011458 0.013889
3 0.989062 0.333102 0.007292 0.006019
2 0.980599 0.269444 0.015365 0.011111
0 0.965495 0.066435 0.006510 0.026389
0 0.749479 0.524537 0.014583 0.012963
0 0.690625 0.559722 0.014063 0.020370
0 0.681380 0.641204 0.009635 0.024074
2 0.698568 0.687037 0.015885 0.028704
2 0.705469 0.708796 0.009896 0.021296
2 0.713932 0.718056 0.013281 0.016667
0 0.718229 0.729167 0.014063 0.016667
0 0.731250 0.761343 0.014063 0.019907
0 0.735547 0.773843 0.014844 0.018981
0 0.737500 0.788657 0.012500 0.018056
0 0.726953 0.796759 0.011719 0.025926
0 0.743359 0.831481 0.012760 0.021296
0 0.779557 0.843981 0.014844 0.012037
0 0.801693 0.839352 0.014844 0.012037
0 0.819010 0.843287 0.017188 0.015278
0 0.835677 0.834722 0.016146 0.011111
0 0.896354 0.824537 0.016146 0.011111
0 0.932292 0.818287 0.016146 0.014352
0 0.949870 0.813426 0.014844 0.012037
0 0.968490 0.809954 0.012500 0.010648
0 0.991276 0.808796 0.016927 0.012963
0 0.789062 0.963889 0.006771 0.025926
0 0.749740 0.984722 0.006771 0.025926
2 0.779036 0.960880 0.008594 0.033796
2 0.747005 0.955093 0.006510 0.026852
0 0.605599 0.781713 0.011719 0.016204
0 0.541536 0.966667 0.005990 0.025926
0 0.527865 0.822454 0.005729 0.021759
0 0.534115 0.732407 0.005729 0.025926
0 0.514583 0.694444 0.005729 0.024074
0 0.523307 0.686806 0.005990 0.026389
0 0.520964 0.639120 0.005990 0.026389
0 0.518620 0.595602 0.005990 0.026389
0 0.529818 0.627546 0.005990 0.026389
2 0.510938 0.609722 0.009375 0.046296
0 0.512891 0.661343 0.005990 0.026389
0 0.490234 0.510417 0.014323 0.010648
0 0.510286 0.496991 0.014323 0.010648
0 0.505599 0.451157 0.014323 0.010648
0 0.463672 0.434028 0.014323 0.010648
0 0.429036 0.415972 0.014323 0.010648
0 0.438672 0.453472 0.014323 0.010648
0 0.418880 0.436343 0.014323 0.010648
0 0.421224 0.469676 0.014844 0.011574
0 0.404167 0.467593 0.010937 0.009259
0 0.380339 0.468519 0.014323 0.012037
0 0.358203 0.467593 0.014323 0.012037
0 0.333203 0.463889 0.014323 0.012037
0 0.384896 0.485185 0.014583 0.012037
0 0.325130 0.445833 0.013802 0.010185
0 0.333984 0.499306 0.015885 0.010648
0 0.274609 0.497685 0.016406 0.012037
0 0.213932 0.490741 0.016406 0.012037
0 0.206380 0.473148 0.014844 0.012037
0 0.197786 0.456019 0.014844 0.012037
0 0.155599 0.469444 0.014844 0.012037
0 0.160547 0.453241 0.014844 0.012037
0 0.133464 0.484491 0.012240 0.011574
0 0.123177 0.449537 0.013542 0.012963
2 0.097005 0.463657 0.016406 0.011574
0 0.058984 0.444213 0.015365 0.012500
0 0.060807 0.460880 0.015365 0.012500
0 0.002865 0.470139 0.005208 0.011574
1 0.060677 0.480787 0.035417 0.017130
2 0.178255 0.485417 0.015365 0.010648
2 0.231120 0.457176 0.015365 0.010648
2 0.268099 0.459954 0.016406 0.010648
2 0.301172 0.462963 0.015365 0.010185
2 0.387891 0.503704 0.021615 0.013889
2 0.348958 0.413657 0.015625 0.011574
2 0.513151 0.433102 0.015365 0.011574
1 0.510677 0.411343 0.031771 0.015278
0 0.563932 0.475926 0.015365 0.012037
0 0.572266 0.461111 0.013802 0.012037
0 0.567057 0.443519 0.013802 0.012037
0 0.559766 0.429167 0.013802 0.012037
0 0.586068 0.473148 0.015365 0.012037
0 0.574349 0.493056 0.015365 0.012037
0 0.595703 0.456944 0.015365 0.012037
0 0.619271 0.453472 0.013021 0.012500
0 0.624089 0.435648 0.013802 0.013889
0 0.616797 0.419213 0.013281 0.011574
0 0.639193 0.450000 0.014323 0.012037
0 0.650391 0.484722 0.014323 0.012037
0 0.655599 0.463426 0.014323 0.012037
0 0.609375 0.470370 0.011979 0.010185
2 0.631250 0.466898 0.016667 0.010648
0 0.593750 0.403009 0.010937 0.009722
2 0.628125 0.401620 0.016667 0.010648
2 0.654687 0.413194 0.016667 0.010648
2 0.655469 0.431713 0.011979 0.009722
0 0.661849 0.446296 0.014323 0.012037
0 0.677995 0.427546 0.013802 0.010648
0 0.659505 0.396296 0.013281 0.011111
0 0.687500 0.409028 0.015625 0.013426
0 0.698568 0.493750 0.014844 0.011574
0 0.725651 0.385185 0.013802 0.012037
0 0.694141 0.391898 0.014844 0.011574
2 0.711068 0.422917 0.025781 0.016204
0 0.747786 0.381713 0.012760 0.011574
0 0.768750 0.378935 0.014063 0.012500
0 0.781771 0.395602 0.014063 0.012500
0 0.764453 0.415741 0.014844 0.012963
0 0.741016 0.401852 0.015365 0.012963
0 0.711719 0.405093 0.014063 0.012037
2 0.742448 0.418287 0.016667 0.010648
0 0.789974 0.413426 0.014844 0.012963
0 0.799219 0.374306 0.015625 0.011574
2 0.796224 0.428704 0.030990 0.017593
0 0.784245 0.465741 0.016927 0.013889
2 0.785417 0.446528 0.016667 0.012500
0 0.788802 0.482639 0.014583 0.011574
0 0.823177 0.407639 0.016146 0.013426
0 0.821354 0.388426 0.015104 0.011111
0 0.821484 0.373148 0.016406 0.012037
2 0.802865 0.391898 0.016667 0.011574
0 0.851823 0.403241 0.015104 0.012963
0 0.844792 0.386111 0.015104 0.012963
0 0.865625 0.381944 0.015104 0.012963
0 0.866536 0.365972 0.016406 0.012500
0 0.872526 0.398380 0.016927 0.012500
0 0.858333 0.435648 0.014583 0.012037
2 0.843359 0.368981 0.017969 0.012037
0 0.863021 0.470370 0.014583 0.012037
0 0.901432 0.449769 0.015365 0.013426
0 0.897786 0.395139 0.015885 0.011574
0 0.889453 0.362037 0.014323 0.011111
0 0.912760 0.376852 0.016146 0.012037
0 0.916276 0.357176 0.017448 0.014352
0 0.925391 0.391898 0.016406 0.011574
0 0.911328 0.426157 0.012760 0.010648
0 0.891276 0.378472 0.012760 0.010648
0 0.959766 0.439120 0.016406 0.011574
0 0.979557 0.384259 0.016927 0.012963
0 0.979167 0.365509 0.015625 0.012500
0 0.973698 0.347685 0.016146 0.012037
0 0.945312 0.352546 0.015625 0.012500
0 0.949609 0.370370 0.016927 0.014815
0 0.954297 0.387963 0.013281 0.010185
0 0.988411 0.452083 0.016406 0.011574
0 0.996484 0.362731 0.007031 0.011574
0 0.995052 0.346065 0.009896 0.012500
3 0.455729 0.386806 0.004167 0.012500
0 0.454688 0.349537 0.006250 0.026852
2 0.464323 0.339352 0.005729 0.029630
0 0.472786 0.322454 0.006510 0.028241
0 0.471745 0.284491 0.006510 0.028241
0 0.463542 0.303009 0.006771 0.027315
0 0.453906 0.312269 0.006771 0.027315
0 0.453385 0.278935 0.006771 0.027315
0 0.461979 0.260648 0.007812 0.026852
0 0.471224 0.237963 0.006510 0.026852
0 0.479948 0.251852 0.006250 0.025926
0 0.479427 0.216204 0.006250 0.025926
0 0.470052 0.190278 0.006250 0.025926
0 0.479687 0.180556 0.006771 0.026852
0 0.461589 0.204630 0.007031 0.025926
0 0.452214 0.200926 0.007031 0.025926
0 0.452083 0.233333 0.006771 0.026852
0 0.452604 0.163426 0.006771 0.026852
0 0.471094 0.150926 0.006771 0.026852
0 0.479427 0.139815 0.006771 0.026852
0 0.452604 0.125000 0.006771 0.026852
0 0.461979 0.093981 0.006771 0.026852
0 0.452083 0.071991 0.006771 0.029167
0 0.470313 0.086806 0.006250 0.026389
0 0.479427 0.072454 0.007292 0.028241
0 0.479557 0.107407 0.005469 0.020370
2 0.470833 0.118056 0.006250 0.029630
2 0.461068 0.146065 0.008594 0.059722
0 0.501823 0.104630 0.007812 0.028704
0 0.480599 0.040278 0.007031 0.026852
0 0.471224 0.049306 0.005469 0.021759
0 0.453516 0.031713 0.005990 0.023611
3 0.463411 0.020833 0.003906 0.013889
0 0.480469 0.008333 0.006771 0.015741
0 0.454948 0.005556 0.006250 0.010185
0 0.463932 0.003009 0.007031 0.005093
2 0.472526 0.013426 0.005990 0.025926
2 0.463021 0.049769 0.006250 0.030093
0 0.607161 0.664583 0.011719 0.020833
3 0.527214 0.586111 0.003385 0.012037
0 0.003646 0.547222 0.006771 0.025926
