0 0.006120 0.949537 0.009635 0.024074
0 0.023177 0.975231 0.006771 0.011574
0 0.017057 0.940278 0.009115 0.012963
0 0.020052 0.950694 0.008333 0.010648
0 0.022266 0.961806 0.008073 0.011574
0 0.023828 0.870602 0.014323 0.015278
0 0.035677 0.780093 0.008854 0.023148
0 0.086458 0.814120 0.014063 0.014352
0 0.076823 0.838426 0.014583 0.015741
0 0.077344 0.873611 0.015104 0.014815
0 0.204427 0.930093 0.010417 0.016667
0 0.143880 0.794676 0.014844 0.014352
0 0.128646 0.726852 0.005729 0.025926
0 0.123828 0.688194 0.007031 0.024537
0 0.118490 0.647454 0.006771 0.023611
0 0.146745 0.744907 0.011719 0.015741
0 0.118359 0.615509 0.008594 0.025463
0 0.161589 0.777778 0.014323 0.012963
0 0.195312 0.712731 0.014583 0.016204
0 0.174740 0.725231 0.013542 0.015278
0 0.159635 0.734491 0.013021 0.015278
0 0.212240 0.700926 0.014063 0.016667
0 0.209766 0.751620 0.014323 0.014352
0 0.225911 0.741667 0.014323 0.015741
0 0.232813 0.687037 0.014063 0.016667
0 0.261719 0.722222 0.011458 0.010185
0 0.278516 0.720139 0.014323 0.011574
0 0.293750 0.728472 0.013021 0.015278
0 0.320443 0.763194 0.011198 0.019907
0 0.350781 0.844213 0.010937 0.021759
0 0.329167 0.866435 0.010417 0.021759
0 0.331250 0.823843 0.010417 0.024537
0 0.425000 0.836343 0.005208 0.018981
2 0.366146 0.833102 0.015104 0.018981
0 0.142057 0.401389 0.007031 0.024074
0 0.307682 0.434491 0.012760 0.023611
0 0.334245 0.391898 0.011719 0.021759
0 0.357812 0.340278 0.010417 0.022222
0 0.372656 0.297222 0.009375 0.025000
0 0.385026 0.250694 0.009115 0.023611
0 0.389844 0.203241 0.007292 0.025926
0 0.409375 0.035648 0.006250 0.025926
0 0.437240 0.012500 0.005729 0.024074
0 0.480078 0.012269 0.005469 0.022685
0 0.437240 0.056019 0.005729 0.025000
0 0.421224 0.161574 0.005990 0.025926
0 0.439063 0.130556 0.005729 0.026852
0 0.448047 0.181944 0.004427 0.019444
0 0.439714 0.165046 0.006510 0.026389
0 0.398958 0.136806 0.006250 0.022685
2 0.419271 0.072222 0.007292 0.029630
0 0.447917 0.141204 0.006250 0.025000
2 0.440104 0.220833 0.008854 0.050000
2 0.449740 0.247917 0.006250 0.028241
0 0.547005 0.245370 0.012240 0.017593
0 0.614193 0.166898 0.010156 0.024537
2 0.587891 0.193981 0.009635 0.023148
2 0.583984 0.207639 0.011719 0.021759
0 0.620313 0.160880 0.009375 0.025463
0 0.652344 0.147917 0.011458 0.020833
0 0.633073 0.175694 0.013542 0.018056
0 0.628255 0.158102 0.009115 0.021759
0 0.659245 0.049769 0.005990 0.026389
0 0.756120 0.138194 0.015365 0.013426
0 0.725911 0.076389 0.014323 0.012037
0 0.778385 0.131481 0.013542 0.013889
2 0.761328 0.162037 0.016406 0.012963
2 0.723958 0.095370 0.018229 0.013889
2 0.896224 0.104167 0.011719 0.010185
0 0.946875 0.304630 0.013021 0.010185
0 0.930990 0.370833 0.007292 0.025000
2 0.946094 0.347685 0.011458 0.025926
0 0.935937 0.339815 0.010417 0.028704
0 0.735547 0.144213 0.013802 0.011574
0 0.606510 0.531713 0.012500 0.010648
0 0.907943 0.572222 0.012240 0.017593
2 0.905729 0.497685 0.015104 0.012963
0 0.937370 0.584954 0.007031 0.024537
0 0.943099 0.689120 0.008073 0.023611
2 0.937500 0.657639 0.008854 0.027315
0 0.842318 0.718519 0.005469 0.021296
0 0.849870 0.714352 0.005990 0.023148
0 0.857552 0.712731 0.005729 0.026389
0 0.880990 0.767361 0.006771 0.025463
0 0.888672 0.766898 0.006510 0.021759
0 0.895703 0.763426 0.006510 0.024074
0 0.908333 0.815046 0.014583 0.013426
0 0.914323 0.859954 0.007292 0.025463
0 0.906641 0.865741 0.007552 0.024074
0 0.877344 0.871991 0.008854 0.024537
0 0.942187 0.900694 0.014063 0.013426
2 0.869141 0.874306 0.007552 0.018981
2 0.861328 0.874074 0.008073 0.019444
2 0.864062 0.897685 0.009375 0.026852
2 0.870182 0.896296 0.008594 0.024074
0 0.842057 0.982407 0.011719 0.011111
0 0.806250 0.713426 0.007812 0.021296
0 0.739062 0.706481 0.011458 0.012037
0 0.725391 0.717593 0.012760 0.014815
0 0.697786 0.664583 0.012760 0.013426
0 0.671875 0.673148 0.011458 0.014815
0 0.706901 0.731250 0.011719 0.012500
0 0.724609 0.788889 0.005469 0.022222
0 0.651953 0.646991 0.006510 0.026389
2 0.611458 0.625231 0.010417 0.025463
2 0.568490 0.614583 0.020313 0.013426
2 0.590625 0.647454 0.006771 0.027315
0 0.609375 0.733796 0.014063 0.018519
0 0.668750 0.694907 0.013542 0.012037
0 0.601042 0.699074 0.009896 0.024074
2 0.590755 0.731481 0.013281 0.028704
0 0.578646 0.708796 0.007292 0.018519
0 0.586328 0.678935 0.008073 0.024537
0 0.567969 0.787500 0.009896 0.022222
0 0.578385 0.762037 0.010937 0.024074
0 0.554557 0.761574 0.012240 0.020370
0 0.564193 0.829630 0.009115 0.024074
0 0.501042 0.822222 0.013542 0.016667
0 0.567708 0.736343 0.010937 0.020833
0 0.544271 0.859722 0.008854 0.023148
0 0.558203 0.803241 0.005990 0.028704
0 0.573568 0.873148 0.008073 0.025000
0 0.584115 0.900463 0.013021 0.011111
0 0.583984 0.923611 0.005990 0.026852
0 0.573047 0.922454 0.006510 0.022685
0 0.796224 0.491435 0.013281 0.012500
0 0.722656 0.495370 0.010417 0.008333
2 0.864974 0.484259 0.016406 0.012037
0 0.885286 0.548148 0.014323 0.012963
0 0.761719 0.509259 0.014063 0.011111
0 0.699349 0.495602 0.014323 0.011574
0 0.752214 0.494444 0.015365 0.011111
0 0.692708 0.516435 0.014583 0.011574
1 0.669010 0.501389 0.030729 0.014815
0 0.581641 0.514352 0.012760 0.010185
0 0.579036 0.421528 0.009635 0.017130
0 0.562240 0.500926 0.010937 0.009259
0 0.586458 0.529398 0.009896 0.008796
0 0.546224 0.501157 0.014323 0.009722
0 0.566406 0.530787 0.012500 0.009722
0 0.560026 0.515972 0.013802 0.009722
0 0.523438 0.503472 0.014063 0.010648
0 0.513932 0.521296 0.013802 0.011111
0 0.537370 0.517361 0.014323 0.011574
0 0.548828 0.532407 0.014844 0.012037
3 0.509635 0.504861 0.005729 0.006019
2 0.520964 0.534722 0.024740 0.014815
0 0.355469 0.598380 0.014063 0.011574
0 0.359896 0.615046 0.015104 0.010648
0 0.329036 0.568750 0.013281 0.009722
0 0.345313 0.583333 0.014583 0.011111
0 0.342448 0.613889 0.014583 0.010185
0 0.332943 0.598148 0.013802 0.011111
0 0.366927 0.584491 0.016146 0.010648
0 0.319792 0.618750 0.014063 0.011574
0 0.303385 0.596296 0.014063 0.010185
0 0.321875 0.582639 0.015625 0.010648
0 0.296484 0.581481 0.014323 0.011111
0 0.275651 0.577778 0.014323 0.011111
0 0.292578 0.565278 0.014323 0.011111
0 0.270703 0.563426 0.014323 0.011111
0 0.301172 0.612037 0.014323 0.011111
2 0.374740 0.598843 0.015625 0.010648
0 0.310547 0.567130 0.014323 0.011111
0 0.253385 0.561806 0.009375 0.008796
3 0.293099 0.619444 0.005469 0.006481
2 0.273047 0.593981 0.033594 0.014815
0 0.260677 0.608333 0.014583 0.011111
0 0.281641 0.609259 0.014844 0.011111
0 0.292448 0.471759 0.013021 0.021296
0 0.260156 0.521528 0.010417 0.014352
0 0.212891 0.503241 0.013281 0.010185
0 0.245182 0.590741 0.013802 0.010185
0 0.191667 0.581481 0.014063 0.012037
0 0.217188 0.524306 0.014063 0.010648
2 0.258203 0.577083 0.016406 0.010648
0 0.241146 0.575926 0.013021 0.012037
0 0.234896 0.559259 0.015625 0.010185
0 0.222526 0.573380 0.011198 0.009722
0 0.193620 0.597222 0.014844 0.011111
0 0.217578 0.556481 0.013281 0.011111
0 0.197786 0.554398 0.013802 0.010648
0 0.211589 0.601852 0.012760 0.011111
0 0.178906 0.518750 0.013542 0.011574
0 0.152995 0.497222 0.013802 0.011111
0 0.101562 0.500231 0.013542 0.012500
0 0.233073 0.606019 0.015625 0.010185
0 0.137891 0.509028 0.014323 0.012500
0 0.124479 0.488194 0.013542 0.011574
0 0.080339 0.487500 0.014844 0.012037
0 0.075651 0.466435 0.013281 0.011574
0 0.012760 0.507639 0.015104 0.012500
0 0.039714 0.483565 0.012760 0.011574
0 0.037109 0.557407 0.014323 0.012037
0 0.030078 0.512037 0.013281 0.012037
0 0.006510 0.551389 0.012500 0.012963
0 0.051693 0.456019 0.013802 0.012037
0 0.058203 0.535417 0.016406 0.013426
0 0.068620 0.552778 0.015365 0.012037
0 0.078125 0.524306 0.013542 0.012500
0 0.059245 0.519907 0.013281 0.011111
0 0.077995 0.538194 0.016406 0.011574
0 0.097917 0.543287 0.014063 0.012500
0 0.048307 0.545370 0.012240 0.012037
2 0.117708 0.549537 0.017708 0.014815
0 0.096875 0.529167 0.014583 0.012037
0 0.117318 0.471065 0.014323 0.011574
0 0.137370 0.539352 0.014323 0.012963
0 0.107161 0.560648 0.014323 0.012037
0 0.116276 0.534954 0.015365 0.012500
0 0.130729 0.567824 0.014583 0.010648
0 0.104818 0.575694 0.015365 0.012500
2 0.200391 0.568056 0.016927 0.012037
2 0.159766 0.558796 0.015885 0.012963
0 0.179427 0.550000 0.015104 0.012963
0 0.180990 0.565509 0.013542 0.009722
0 0.169141 0.593519 0.015885 0.013889
0 0.148307 0.571759 0.013281 0.011111
0 0.170052 0.577315 0.014063 0.011111
3 0.206771 0.584259 0.007292 0.007407
2 0.222005 0.586806 0.015885 0.010648
2 0.180599 0.503241 0.015365 0.012037
0 0.177083 0.773843 0.012500 0.014352
0 0.110807 0.607176 0.006510 0.024537
0 0.071224 0.567593 0.014323 0.012037
0 0.086328 0.712037 0.009115 0.022222
0 0.091797 0.736574 0.007552 0.023148
0 0.052214 0.604167 0.011719 0.012963
0 0.060807 0.613426 0.012760 0.010185
0 0.428125 0.986574 0.006250 0.026852
0 0.429297 0.953241 0.006510 0.024074
0 0.421745 0.909491 0.007031 0.023611
0 0.403646 0.903935 0.006250 0.019907
2 0.432552 0.882639 0.006771 0.026389
0 0.418880 0.791667 0.006510 0.025926
0 0.423698 0.679398 0.006250 0.021759
0 0.428906 0.758333 0.006250 0.025000
0 0.440234 0.706250 0.006510 0.018981
0 0.412760 0.668287 0.006771 0.023611
0 0.442448 0.676620 0.006771 0.025463
1 0.460286 0.686806 0.008594 0.037500
0 0.432943 0.682176 0.006510 0.025463
0 0.425391 0.597454 0.005990 0.026389
0 0.435417 0.541898 0.005729 0.023611
0 0.426563 0.497454 0.006250 0.025463
0 0.415104 0.417593 0.006771 0.025926
0 0.444531 0.422685 0.006771 0.024074
0 0.425260 0.410880 0.006250 0.025463
0 0.443490 0.383565 0.006250 0.024537
0 0.442839 0.343519 0.005469 0.023148
0 0.451562 0.401620 0.006250 0.025463
0 0.451172 0.363426 0.005990 0.019444
0 0.449219 0.210648 0.006250 0.023148
0 0.441927 0.309259 0.006250 0.023148
0 0.424349 0.322685 0.005990 0.024074
0 0.413411 0.321296 0.006510 0.025926
0 0.432161 0.278472 0.005990 0.026389
2 0.450781 0.324306 0.005729 0.028241
0 0.081250 0.909722 0.005208 0.009259
0 0.128776 0.755093 0.010677 0.022222
0 0.320573 0.861111 0.011979 0.023148
2 0.017839 0.523611 0.035156 0.021296
0 0.086979 0.555324 0.011458 0.009722
0 0.139323 0.555324 0.015104 0.010648
0 0.127865 0.585417 0.013542 0.012500
2 0.146745 0.586806 0.014844 0.013426
0 0.160417 0.544444 0.015104 0.012963
0 0.380339 0.615509 0.014844 0.010648
3 0.400000 0.615972 0.005729 0.007870
2 0.434245 0.850926 0.005990 0.027778
0 0.416797 0.988657 0.005469 0.022685
0 0.454427 0.815509 0.007292 0.026389
0 0.437630 0.783333 0.007031 0.023148
0 0.439714 0.746528 0.006510 0.023611
0 0.453255 0.453935 0.006510 0.025463
0 0.661589 0.018519 0.009635 0.028704
2 0.718229 0.148380 0.014583 0.011574
2 0.860677 0.229630 0.016146 0.012963
0 0.912500 0.102083 0.015625 0.014352
0 0.932422 0.102083 0.013281 0.013426
0 0.618620 0.382639 0.009115 0.020833
0 0.825000 0.518981 0.014063 0.012037
0 0.623177 0.492824 0.011458 0.014352
2 0.637891 0.644676 0.007031 0.027315
0 0.642188 0.708102 0.008854 0.024537
2 0.551042 0.848380 0.008854 0.024537
0 0.565234 0.908565 0.006510 0.023611
2 0.571224 0.967824 0.005990 0.023611
0 0.534766 0.790509 0.013281 0.018981
0 0.519922 0.806019 0.011198 0.014815
0 0.932161 0.622917 0.009115 0.025463
0 0.007161 0.330556 0.013802 0.012963
0 0.015365 0.294907 0.006250 0.022222
2 0.008333 0.290741 0.009375 0.023148
0 0.078516 0.886806 0.008073 0.012500
0 0.088542 0.931713 0.007812 0.011574
0 0.090495 0.943981 0.010156 0.012963
2 0.430729 0.916435 0.007292 0.026389
0 0.406901 0.850694 0.007552 0.027315
0 0.413411 0.898843 0.007031 0.024537
0 0.435807 0.816667 0.007031 0.023148
0 0.409375 0.774537 0.007292 0.023148
2 0.449479 0.712269 0.007292 0.028241
3 0.446484 0.637269 0.003385 0.010648
0 0.494531 0.858565 0.014583 0.017130
0 0.514714 0.844907 0.013802 0.016667
0 0.529036 0.834259 0.013802 0.016667
0 0.585807 0.956019 0.005990 0.022222
0 0.568490 0.938889 0.006250 0.023148
2 0.892188 0.562269 0.013542 0.011574
0 0.660807 0.087731 0.006510 0.026389
2 0.571745 0.219213 0.015885 0.025463
0 0.595313 0.188889 0.008854 0.024074
0 0.749870 0.191898 0.012240 0.020833
0 0.727214 0.206713 0.004948 0.025463
0 0.746094 0.209259 0.011458 0.018519
1 0.410547 0.108796 0.011198 0.060185
0 0.441016 0.270602 0.005469 0.024537
0 0.415625 0.552083 0.006250 0.022685
0 0.275781 0.519676 0.011458 0.018056
0 0.004427 0.989352 0.008333 0.012963
0 0.402995 0.950926 0.005469 0.018519
2 0.450911 0.867824 0.007031 0.026389
0 0.454688 0.905093 0.007292 0.023148
0 0.457161 0.751620 0.007031 0.026389
0 0.004948 0.457639 0.009375 0.012500
0 0.086589 0.570139 0.012240 0.010648
2 0.465885 0.352778 0.005729 0.015741
0 0.449870 0.282176 0.005469 0.025463
0 0.461198 0.236806 0.006250 0.025463
0 0.265365 0.493056 0.013542 0.014815
0 0.429427 0.115278 0.005729 0.025926
0 0.395443 0.023380 0.005990 0.026389
0 0.996745 0.445370 0.006510 0.012963
0 0.988021 0.484491 0.016146 0.012500
0 0.953516 0.528704 0.015365 0.010185
0 0.594010 0.498843 0.014063 0.010648
2 0.807031 0.854630 0.008333 0.028704
