0 0.040234 0.958102 0.014323 0.015278
0 0.033333 0.924769 0.012500 0.012500
0 0.062370 0.929861 0.009115 0.011574
0 0.035547 0.936806 0.013281 0.013426
0 0.045703 0.917130 0.011198 0.024074
0 0.064323 0.838657 0.014063 0.015278
0 0.120052 0.842130 0.014063 0.014815
0 0.121484 0.853009 0.013802 0.012500
0 0.245443 0.905556 0.009115 0.017593
0 0.117839 0.807176 0.013281 0.013426
0 0.133333 0.706250 0.008333 0.022685
0 0.128646 0.681250 0.008854 0.022685
0 0.162630 0.617130 0.007552 0.023148
0 0.077865 0.748611 0.009375 0.023148
0 0.162760 0.584722 0.008854 0.025000
0 0.155339 0.764583 0.013802 0.016204
0 0.171354 0.697454 0.006771 0.025463
0 0.167187 0.656481 0.007292 0.025000
0 0.189844 0.715741 0.013021 0.014815
0 0.172005 0.725926 0.010677 0.023148
0 0.219792 0.746065 0.012500 0.014352
0 0.203646 0.704861 0.014063 0.014352
0 0.239063 0.684722 0.015104 0.016667
0 0.253255 0.724074 0.014844 0.013889
0 0.269531 0.715741 0.013542 0.014815
0 0.364063 0.740046 0.012500 0.022685
0 0.393490 0.822917 0.011979 0.022685
0 0.372396 0.843750 0.010417 0.022685
0 0.374089 0.801157 0.010677 0.025463
2 0.409375 0.811343 0.015625 0.021759
0 0.189062 0.369907 0.007292 0.024074
0 0.705078 0.132639 0.011198 0.022685
2 0.641146 0.176620 0.011458 0.027315
2 0.635286 0.186806 0.013281 0.025463
0 0.672656 0.143750 0.009375 0.025463
0 0.681510 0.141204 0.009375 0.022222
0 0.665365 0.149769 0.010937 0.025463
0 0.713151 0.034491 0.005469 0.026389
0 0.808854 0.125926 0.015625 0.012963
0 0.780339 0.062500 0.014323 0.012037
0 0.831641 0.120602 0.014323 0.012500
2 0.814063 0.149769 0.015625 0.012500
2 0.778385 0.081019 0.018750 0.013889
2 0.950521 0.096528 0.012500 0.010648
2 0.703385 0.502315 0.015625 0.010185
0 0.896875 0.709259 0.006250 0.018519
0 0.888281 0.712963 0.004687 0.014815
0 0.852734 0.705324 0.008073 0.022685
0 0.941797 0.758102 0.006510 0.022685
0 0.934766 0.762500 0.006510 0.023148
0 0.926432 0.761806 0.006510 0.025463
0 0.958464 0.855324 0.007031 0.024537
0 0.921224 0.867593 0.008073 0.024074
2 0.914193 0.869676 0.007552 0.018981
2 0.906641 0.869213 0.008073 0.020833
2 0.914583 0.892130 0.008333 0.023148
2 0.908073 0.892361 0.008333 0.026389
0 0.885026 0.975926 0.011719 0.012963
0 0.785807 0.697685 0.011719 0.012037
0 0.744010 0.652778 0.013021 0.013889
0 0.772005 0.707176 0.013281 0.013426
0 0.717969 0.659491 0.013542 0.014352
0 0.698698 0.634028 0.006771 0.027315
0 0.752474 0.721065 0.010677 0.011574
0 0.647656 0.685880 0.009375 0.025463
2 0.615365 0.599537 0.019271 0.012963
2 0.658594 0.609259 0.010417 0.026852
0 0.579297 0.774769 0.013281 0.018056
0 0.655208 0.718981 0.014063 0.017593
2 0.637109 0.717361 0.013281 0.027315
0 0.632422 0.663657 0.008594 0.024537
0 0.613542 0.719907 0.011458 0.022222
0 0.603385 0.787037 0.006771 0.027778
0 0.599740 0.746991 0.012500 0.020833
0 0.564714 0.789352 0.012240 0.014815
0 0.588932 0.843056 0.008594 0.023148
0 0.623568 0.746528 0.011198 0.021759
0 0.573047 0.818981 0.014323 0.017593
0 0.612891 0.771991 0.010677 0.022685
0 0.628255 0.886806 0.013281 0.012500
0 0.608984 0.893981 0.005990 0.024074
0 0.607812 0.814120 0.008333 0.022685
0 0.652995 0.516435 0.013281 0.010648
1 0.657031 0.484491 0.032292 0.013426
0 0.597005 0.515278 0.014323 0.011111
0 0.572526 0.485185 0.014323 0.010185
0 0.562630 0.501389 0.013802 0.009259
2 0.569531 0.516435 0.025521 0.013426
0 0.346615 0.587269 0.014063 0.011574
0 0.358464 0.557176 0.013802 0.010648
0 0.326432 0.584259 0.014323 0.011111
0 0.279557 0.533333 0.014323 0.012037
0 0.243099 0.525926 0.012240 0.010185
0 0.299089 0.535417 0.010156 0.008796
0 0.236589 0.553241 0.014323 0.012963
0 0.279948 0.579630 0.016146 0.011111
0 0.192969 0.463889 0.014063 0.012037
0 0.175130 0.537731 0.013281 0.012500
0 0.192708 0.542130 0.012500 0.012037
0 0.224219 0.520370 0.014063 0.012037
0 0.173177 0.554167 0.013021 0.012963
0 0.214583 0.549074 0.013542 0.012037
0 0.238802 0.568287 0.014063 0.012500
0 0.005339 0.457176 0.010156 0.013426
0 0.015365 0.476157 0.015625 0.013426
0 0.023047 0.465741 0.015365 0.013889
0 0.041146 0.468056 0.011458 0.011111
0 0.059505 0.519444 0.015885 0.012963
0 0.057292 0.472685 0.014583 0.012963
0 0.037500 0.482639 0.013021 0.012500
0 0.113021 0.521528 0.015104 0.012500
0 0.122526 0.492361 0.013281 0.011574
0 0.142578 0.496528 0.015365 0.013426
0 0.115495 0.535880 0.013281 0.012500
0 0.151432 0.529630 0.013802 0.012963
0 0.205208 0.514815 0.014583 0.012963
0 0.104297 0.581481 0.013802 0.010185
0 0.132943 0.524074 0.011198 0.010185
0 0.148828 0.544676 0.015365 0.012500
0 0.188151 0.765741 0.012760 0.012037
0 0.154948 0.576157 0.007292 0.024537
0 0.130859 0.887963 0.010677 0.012037
0 0.363151 0.838426 0.010677 0.022222
2 0.064844 0.491204 0.039583 0.023148
0 0.122656 0.507176 0.015625 0.013426
0 0.131120 0.538657 0.011198 0.009722
0 0.142448 0.511806 0.014063 0.011574
0 0.409505 0.591898 0.014844 0.010648
3 0.459115 0.599074 0.004687 0.006481
0 0.716406 0.008796 0.007812 0.016667
2 0.770964 0.134491 0.015885 0.011574
2 0.913281 0.221991 0.016146 0.012500
0 0.987109 0.094676 0.013281 0.013426
0 0.667708 0.366667 0.009375 0.021296
2 0.636719 0.633565 0.007812 0.026389
0 0.623437 0.693056 0.008333 0.019444
2 0.594922 0.832639 0.008073 0.023611
2 0.613802 0.953935 0.005729 0.023611
0 0.538281 0.841667 0.014583 0.017593
0 0.508724 0.780787 0.007031 0.023611
0 0.052995 0.293750 0.014844 0.011574
0 0.063281 0.258565 0.007292 0.022685
2 0.055990 0.254630 0.009896 0.025926
0 0.124609 0.878241 0.011719 0.013889
0 0.131380 0.900694 0.012760 0.013426
0 0.132682 0.913194 0.013281 0.014352
3 0.492969 0.617824 0.005208 0.012500
0 0.558854 0.828009 0.014583 0.017130
0 0.628646 0.942130 0.005729 0.021296
0 0.611328 0.923148 0.004427 0.022222
0 0.733724 0.144676 0.012240 0.021759
2 0.622917 0.201852 0.016667 0.028704
0 0.647526 0.171528 0.009635 0.025463
0 0.802604 0.179398 0.012500 0.020833
0 0.063281 0.943056 0.008333 0.012037
0 0.724479 0.502546 0.016146 0.009722
0 0.585677 0.499769 0.014583 0.010648
0 0.598177 0.339815 0.010417 0.021296
0 0.630469 0.484259 0.015104 0.011111
0 0.617448 0.858565 0.007812 0.024537
0 0.042318 0.968519 0.014844 0.013889
0 0.967057 0.094676 0.015365 0.012500
0 0.953385 0.810880 0.013542 0.013426
0 0.545182 0.805324 0.013802 0.016204
0 0.615104 0.514352 0.013021 0.010185
0 0.044141 0.981481 0.014323 0.013889
0 0.060547 0.918056 0.009115 0.012037
0 0.057422 0.907176 0.010156 0.012500
0 0.031641 0.912269 0.014323 0.014352
0 0.028516 0.901389 0.013281 0.014815
0 0.123177 0.866898 0.011979 0.012500
0 0.218490 0.697685 0.014063 0.016667
0 0.305990 0.697222 0.010937 0.012963
0 0.627474 0.909491 0.006510 0.026389
0 0.688281 0.694907 0.008854 0.025000
2 0.042578 0.247454 0.010156 0.027315
0 0.039453 0.296065 0.007552 0.018981
0 0.031250 0.296991 0.013542 0.027315
0 0.471224 0.933565 0.007552 0.024537
0 0.470182 0.966435 0.006510 0.025463
0 0.501823 0.751389 0.006771 0.025926
0 0.510026 0.742361 0.007552 0.025463
0 0.502865 0.714583 0.007812 0.025463
2 0.616406 0.567130 0.025521 0.017593
0 0.256901 0.573843 0.012240 0.011574
2 0.267188 0.559028 0.015625 0.012500
0 0.406771 0.576620 0.013542 0.010648
0 0.369401 0.542130 0.014323 0.012037
0 0.648828 0.500694 0.014844 0.010648
0 0.684245 0.479398 0.011719 0.011574
2 0.752734 0.486574 0.015885 0.010185
0 0.068880 0.963889 0.010677 0.012963
0 0.025911 0.890278 0.011198 0.012037
0 0.204557 0.749537 0.014323 0.013889
0 0.096094 0.571065 0.013021 0.011574
0 0.276693 0.660185 0.014844 0.016667
0 0.255990 0.674769 0.014583 0.016204
0 0.322656 0.695833 0.014583 0.013889
0 0.338151 0.704398 0.014844 0.016204
0 0.492839 0.896759 0.007031 0.024074
2 0.496094 0.824769 0.007292 0.027315
0 0.479818 0.797917 0.007031 0.023611
2 0.497656 0.789815 0.005729 0.027778
0 0.525391 0.666667 0.007031 0.025926
0 0.488151 0.656944 0.007031 0.024074
0 0.515885 0.662037 0.007292 0.022222
2 0.513021 0.702546 0.008333 0.032870
2 0.496615 0.659954 0.006771 0.028241
1 0.506510 0.661806 0.007812 0.037500
0 0.714323 0.682870 0.013021 0.011111
2 0.684635 0.629861 0.006250 0.028241
0 0.904167 0.706250 0.006250 0.024537
0 0.951042 0.862037 0.007292 0.025000
0 0.990234 0.683796 0.008594 0.024074
0 0.687240 0.501620 0.013021 0.010648
0 0.669531 0.501620 0.014063 0.011574
0 0.630078 0.498843 0.013281 0.010648
0 0.634766 0.514583 0.010156 0.009722
0 0.608333 0.499074 0.014583 0.011111
0 0.610677 0.485648 0.011458 0.009259
0 0.595313 0.484722 0.014583 0.010185
3 0.557682 0.486111 0.006510 0.006481
0 0.435417 0.211806 0.008333 0.027315
2 0.376563 0.379630 0.019792 0.040741
0 0.074870 0.477778 0.013802 0.012963
0 0.103776 0.486574 0.013281 0.012037
0 0.183724 0.524769 0.013281 0.011574
0 0.161719 0.503704 0.015625 0.013889
0 0.183724 0.510185 0.014844 0.013889
0 0.225911 0.536574 0.013281 0.011111
2 0.192839 0.557639 0.014323 0.013426
0 0.262891 0.528704 0.013281 0.012963
2 0.245833 0.540046 0.016667 0.013426
0 0.292187 0.549537 0.014063 0.012037
3 0.251823 0.556481 0.006771 0.007407
0 0.305729 0.582176 0.014583 0.011574
0 0.328906 0.538889 0.014063 0.011111
0 0.329688 0.553241 0.013021 0.011111
0 0.364974 0.589815 0.013802 0.011111
0 0.397786 0.544907 0.013281 0.011111
0 0.401302 0.560417 0.013542 0.011574
0 0.436719 0.592130 0.014063 0.010185
0 0.439714 0.553472 0.015365 0.012500
0 0.447656 0.572917 0.014583 0.013426
0 0.798958 0.197685 0.012500 0.020370
0 0.597266 0.227546 0.012240 0.016204
0 0.047526 0.891435 0.010677 0.018981
0 0.972396 0.863194 0.007292 0.021759
0 0.986589 0.897685 0.012760 0.012963
0 0.979557 0.618056 0.008594 0.025926
2 0.985417 0.653704 0.008333 0.025000
0 0.988021 0.333102 0.010417 0.027315
2 0.995443 0.341898 0.009115 0.026389
0 0.996224 0.298380 0.007552 0.011574
0 0.788411 0.131250 0.013802 0.011574
0 0.780469 0.193750 0.004687 0.026389
0 0.714063 0.072685 0.005729 0.025926
0 0.684896 0.159722 0.014583 0.018519
0 0.039583 0.512037 0.012500 0.012963
0 0.008333 0.429630 0.013542 0.012037
0 0.278125 0.487269 0.013542 0.011574
0 0.324089 0.462731 0.012760 0.018981
0 0.447917 0.022454 0.005729 0.025463
0 0.494141 0.701389 0.006510 0.025000
0 0.485156 0.686806 0.005729 0.018056
0 0.483984 0.726389 0.007031 0.023148
0 0.491276 0.745602 0.005990 0.022685
0 0.482422 0.763426 0.006510 0.022222
0 0.488672 0.784491 0.007031 0.025463
2 0.477995 0.831481 0.008594 0.026852
2 0.475521 0.863426 0.007812 0.026852
0 0.493229 0.861343 0.007812 0.024537
2 0.472917 0.897685 0.007812 0.026852
0 0.492318 0.930324 0.005990 0.023611
0 0.469010 0.994907 0.005729 0.010185
0 0.360026 0.573380 0.013802 0.011574
2 0.331120 0.569676 0.033594 0.016204
2 0.308984 0.551620 0.015885 0.011574
0 0.295443 0.565278 0.013802 0.012037
0 0.267969 0.545602 0.010937 0.009722
0 0.214193 0.564120 0.015365 0.014352
2 0.204818 0.529398 0.015885 0.012500
0 0.103125 0.501852 0.015625 0.012963
0 0.093620 0.512269 0.013281 0.011574
0 0.082552 0.523843 0.014063 0.012500
0 0.747266 0.500694 0.015365 0.009722
2 0.660417 0.459259 0.013542 0.019444
0 0.463672 0.425694 0.005990 0.023611
0 0.917188 0.507639 0.015104 0.011574
0 0.651172 0.597685 0.008594 0.024074
0 0.487500 0.832176 0.007292 0.025463
2 0.162500 0.518981 0.017708 0.012963
0 0.713281 0.487037 0.014583 0.011111
0 0.782161 0.483565 0.014323 0.009722
0 0.406901 0.334491 0.010156 0.021759
0 0.799870 0.141898 0.015885 0.014352
0 0.918359 0.492130 0.014323 0.011111
0 0.483724 0.895370 0.007552 0.026852
0 0.522786 0.705556 0.007031 0.025000
2 0.474870 0.434722 0.005469 0.025926
0 0.492318 0.412731 0.005469 0.024537
0 0.017057 0.506944 0.013281 0.012037
0 0.674870 0.517130 0.010156 0.009259
0 0.695312 0.517361 0.014063 0.010648
0 0.772786 0.501389 0.016406 0.012037
0 0.447396 0.142824 0.005729 0.025463
0 0.464844 0.119213 0.005208 0.023611
0 0.448177 0.085417 0.005729 0.027315
0 0.049219 0.425231 0.014063 0.013426
0 0.084766 0.450926 0.012240 0.012963
0 0.482812 0.335880 0.005208 0.022685
0 0.559505 0.543519 0.013802 0.012963
0 0.488411 0.969676 0.007552 0.026389
0 0.427344 0.263426 0.008333 0.023148
0 0.482031 0.243981 0.005208 0.025926
0 0.526302 0.018981 0.006771 0.026852
0 0.873828 0.479861 0.014323 0.011574
2 0.890625 0.527778 0.014583 0.011111
0 0.775911 0.562037 0.013802 0.011111
0 0.237500 0.487037 0.013021 0.011111
0 0.490365 0.260648 0.005729 0.024074
0 0.500000 0.265741 0.005729 0.025926
0 0.492057 0.374074 0.005469 0.025000
0 0.685417 0.181944 0.010417 0.012037
0 0.742057 0.162731 0.014844 0.012500
0 0.475911 0.991667 0.005469 0.016667
0 0.479687 0.935880 0.005729 0.023611
0 0.489063 0.581713 0.014583 0.013426
0 0.475130 0.525694 0.013802 0.020833
2 0.482292 0.546296 0.015104 0.020370
0 0.380990 0.496528 0.013021 0.020833
0 0.579688 0.554861 0.012500 0.008796
0 0.577214 0.571991 0.014323 0.011574
0 0.852865 0.540972 0.013021 0.010648
0 0.868490 0.560417 0.015104 0.012500
0 0.980729 0.364352 0.007292 0.023148
2 0.851953 0.846065 0.007552 0.026389
3 0.510547 0.427083 0.005990 0.015278
