0 0.042057 0.967361 0.014323 0.015278
0 0.034635 0.933102 0.012500 0.012500
0 0.063672 0.938194 0.009115 0.011574
0 0.037109 0.945139 0.013281 0.013426
0 0.047526 0.926620 0.010677 0.025463
0 0.065365 0.846991 0.014063 0.015278
0 0.119922 0.850463 0.014844 0.014815
0 0.121484 0.861343 0.013281 0.012500
0 0.245703 0.909722 0.009115 0.017593
0 0.077344 0.822917 0.014063 0.014352
0 0.133333 0.711806 0.008333 0.022685
0 0.127734 0.687037 0.008073 0.022222
0 0.161068 0.619444 0.007552 0.023148
0 0.077604 0.755324 0.009375 0.023611
0 0.167057 0.575000 0.012760 0.024074
0 0.155859 0.770370 0.013802 0.017593
0 0.171354 0.702083 0.006771 0.025463
0 0.165625 0.656019 0.007292 0.025926
0 0.189583 0.720139 0.013021 0.016204
0 0.171615 0.732870 0.011458 0.024074
0 0.220052 0.750231 0.012500 0.016204
0 0.202604 0.708565 0.014063 0.014352
0 0.238672 0.688657 0.014844 0.015278
0 0.252734 0.729398 0.013802 0.015278
0 0.268750 0.718981 0.013542 0.014815
0 0.363802 0.741898 0.012500 0.022685
0 0.393490 0.824306 0.011979 0.022685
0 0.372135 0.846065 0.010417 0.022685
0 0.374089 0.802546 0.010677 0.025463
2 0.409375 0.811343 0.015625 0.021759
0 0.186458 0.375926 0.007292 0.024074
0 0.700651 0.129630 0.011719 0.024074
2 0.637760 0.174769 0.009896 0.024537
2 0.632552 0.186574 0.009896 0.021296
0 0.669271 0.140972 0.009375 0.025463
0 0.677604 0.138889 0.009375 0.022222
0 0.661719 0.146528 0.009896 0.025463
0 0.708724 0.030324 0.005469 0.026389
0 0.805078 0.120139 0.015885 0.012500
0 0.775130 0.058333 0.014323 0.012037
0 0.827995 0.114583 0.013802 0.012500
2 0.811328 0.143981 0.016406 0.012963
2 0.773177 0.075926 0.018229 0.012963
2 0.946094 0.089120 0.012500 0.010648
2 0.701562 0.499537 0.015625 0.010185
0 0.895833 0.702315 0.006250 0.018519
0 0.887500 0.707407 0.005208 0.012037
0 0.851953 0.697454 0.008073 0.022685
0 0.941016 0.749769 0.006510 0.022685
0 0.933854 0.753704 0.006250 0.022222
0 0.926042 0.753241 0.006771 0.025000
0 0.958464 0.846296 0.007552 0.025000
0 0.921745 0.859259 0.009115 0.024074
2 0.913932 0.862731 0.007552 0.018981
2 0.906641 0.861806 0.008073 0.020833
2 0.914323 0.883796 0.008333 0.023148
2 0.908333 0.884491 0.008333 0.026389
0 0.886328 0.968981 0.012240 0.012963
0 0.785026 0.692593 0.011719 0.012037
0 0.743229 0.649074 0.013021 0.013889
0 0.771224 0.702083 0.013281 0.013426
0 0.697917 0.629861 0.006771 0.027315
0 0.752865 0.716435 0.010417 0.013426
0 0.646615 0.683102 0.009375 0.025463
2 0.614583 0.597685 0.020313 0.013889
2 0.657813 0.607407 0.010417 0.026852
0 0.579297 0.771991 0.013281 0.018056
0 0.653906 0.716435 0.013542 0.018981
2 0.636068 0.713889 0.013802 0.026852
0 0.631901 0.660648 0.008073 0.024074
0 0.612500 0.718981 0.011458 0.022222
0 0.602474 0.785648 0.007552 0.029630
0 0.598958 0.745139 0.012500 0.020833
0 0.564714 0.788426 0.012240 0.014815
0 0.589453 0.843056 0.008594 0.023148
0 0.623047 0.745139 0.011719 0.022685
0 0.574089 0.816204 0.014323 0.017593
0 0.612240 0.770602 0.010417 0.022685
0 0.628125 0.883796 0.013542 0.012037
0 0.608984 0.891667 0.005990 0.025000
0 0.608984 0.812037 0.009115 0.024074
0 0.651172 0.513194 0.013281 0.010648
1 0.654427 0.481713 0.032292 0.013426
0 0.595182 0.514352 0.014323 0.011111
0 0.570052 0.484491 0.013021 0.010648
0 0.560286 0.500000 0.013802 0.009259
2 0.567057 0.515046 0.026823 0.013426
0 0.300000 0.556481 0.013021 0.010185
0 0.336198 0.572454 0.015104 0.010648
0 0.295312 0.540278 0.014063 0.012037
0 0.242839 0.529630 0.014323 0.012963
0 0.278125 0.566898 0.013542 0.011574
0 0.197266 0.568056 0.013802 0.012963
0 0.209635 0.537963 0.014063 0.013889
0 0.229557 0.557176 0.013281 0.011574
0 0.003906 0.468750 0.007292 0.012500
0 0.013932 0.485880 0.014844 0.014352
0 0.021745 0.473611 0.014844 0.012963
0 0.039583 0.477778 0.011458 0.011111
0 0.059766 0.529167 0.015885 0.013889
0 0.055729 0.482407 0.014063 0.011111
0 0.039062 0.492593 0.013021 0.012037
0 0.111328 0.528241 0.015365 0.013889
0 0.121745 0.499769 0.013281 0.011574
0 0.142057 0.504398 0.015365 0.013426
0 0.123828 0.545370 0.013802 0.012037
0 0.153516 0.537963 0.014323 0.012037
0 0.204427 0.521528 0.015104 0.013426
0 0.103255 0.588889 0.013802 0.010185
0 0.133464 0.531481 0.011198 0.010185
0 0.154948 0.553009 0.014583 0.013426
0 0.188281 0.771065 0.013021 0.011574
0 0.154297 0.582870 0.007552 0.025000
0 0.131380 0.894444 0.010677 0.012037
0 0.363672 0.840278 0.011198 0.024074
2 0.067187 0.501157 0.040104 0.018981
0 0.122526 0.514120 0.015885 0.012500
0 0.140234 0.548611 0.011719 0.010185
0 0.143880 0.519444 0.014323 0.012963
0 0.711849 0.008102 0.007031 0.015278
2 0.767578 0.129398 0.015885 0.011574
2 0.910156 0.214120 0.016146 0.012500
0 0.982682 0.086574 0.013281 0.013889
0 0.665365 0.363889 0.009375 0.021296
2 0.635807 0.630324 0.008594 0.027315
0 0.622917 0.692130 0.008333 0.019444
2 0.595443 0.831713 0.008073 0.023611
2 0.614844 0.951620 0.005729 0.023611
0 0.539062 0.840741 0.014583 0.017593
0 0.508724 0.780787 0.007031 0.023611
0 0.050781 0.301620 0.014583 0.012500
0 0.060677 0.267361 0.007292 0.022685
2 0.053125 0.263657 0.009896 0.025463
0 0.125651 0.885880 0.011198 0.012500
0 0.131901 0.906713 0.012760 0.013426
0 0.133724 0.920370 0.013802 0.015741
3 0.491406 0.618287 0.005208 0.012500
0 0.558854 0.826157 0.014583 0.017130
0 0.629687 0.938889 0.005729 0.021296
0 0.611458 0.922685 0.004687 0.023148
0 0.753385 0.148148 0.015104 0.010185
2 0.619661 0.199306 0.016927 0.026389
0 0.644010 0.168750 0.008854 0.024537
0 0.065365 0.951389 0.008333 0.012037
0 0.722917 0.498843 0.016146 0.009722
0 0.583854 0.498843 0.014583 0.010648
0 0.627604 0.481944 0.015104 0.011111
0 0.618099 0.856019 0.008073 0.025000
0 0.044401 0.977778 0.014844 0.013889
0 0.962370 0.086343 0.015365 0.012500
0 0.953776 0.802083 0.014323 0.012500
0 0.545312 0.803704 0.013542 0.015741
0 0.613021 0.513426 0.013021 0.010185
0 0.046224 0.990278 0.014323 0.013889
0 0.061849 0.927315 0.009115 0.012037
0 0.059245 0.916898 0.010677 0.012500
0 0.033203 0.920602 0.014323 0.014352
0 0.029818 0.910185 0.013281 0.014815
0 0.123958 0.874306 0.011979 0.012500
0 0.218229 0.701157 0.014583 0.015278
0 0.305729 0.700926 0.010937 0.012963
0 0.627995 0.907176 0.006510 0.026389
0 0.687240 0.691204 0.009896 0.025000
2 0.039453 0.256481 0.009115 0.027778
0 0.037760 0.305093 0.007812 0.020370
0 0.026953 0.306019 0.012760 0.026852
0 0.472526 0.933102 0.007031 0.023611
0 0.471224 0.966435 0.006510 0.025463
0 0.501563 0.751389 0.006771 0.025926
0 0.510547 0.741435 0.007552 0.025463
0 0.502865 0.714583 0.007812 0.025463
2 0.792318 0.543981 0.027344 0.015741
0 0.311589 0.570370 0.014323 0.012037
2 0.338542 0.558102 0.017188 0.012500
0 0.369271 0.545833 0.014063 0.011111
0 0.647005 0.498380 0.014844 0.010648
2 0.708464 0.484259 0.015885 0.010185
0 0.070964 0.971296 0.010677 0.012963
0 0.027214 0.900000 0.011198 0.012037
0 0.204297 0.752778 0.013802 0.012963
0 0.096615 0.578935 0.013021 0.011574
0 0.276172 0.663194 0.015365 0.018981
0 0.255469 0.678472 0.014063 0.018056
0 0.322656 0.699074 0.014583 0.013889
0 0.337891 0.707176 0.014844 0.016204
0 0.493099 0.896759 0.007031 0.024074
2 0.496094 0.824769 0.007292 0.027315
0 0.479818 0.797917 0.007031 0.023611
2 0.497786 0.789352 0.005990 0.026852
0 0.525391 0.666667 0.007031 0.025926
0 0.488151 0.656944 0.007031 0.024074
0 0.515885 0.662037 0.007292 0.022222
2 0.513021 0.702546 0.008333 0.032870
2 0.496615 0.659954 0.006771 0.028241
1 0.506510 0.661806 0.007812 0.037500
0 0.714323 0.678704 0.014063 0.011111
2 0.683724 0.626157 0.007552 0.026389
0 0.902865 0.698611 0.006771 0.025000
0 0.951432 0.853472 0.007552 0.023611
0 0.983073 0.693981 0.008333 0.025000
0 0.684896 0.498380 0.013021 0.010648
0 0.666927 0.498380 0.014063 0.011574
0 0.628255 0.498380 0.013281 0.010648
0 0.632682 0.513194 0.010677 0.008796
0 0.606771 0.499537 0.014583 0.011111
0 0.609115 0.483333 0.011458 0.009259
0 0.593229 0.483796 0.014583 0.010185
3 0.556120 0.485648 0.005990 0.007407
0 0.404297 0.316898 0.011198 0.023611
2 0.159896 0.465509 0.026562 0.018981
0 0.073307 0.485648 0.013802 0.012037
0 0.102865 0.495139 0.014063 0.011574
0 0.168359 0.512037 0.014323 0.012963
2 0.228385 0.572685 0.014583 0.013889
0 0.328646 0.543519 0.013542 0.012037
0 0.415234 0.593981 0.014844 0.012037
0 0.432422 0.576389 0.013802 0.011111
0 0.799479 0.174074 0.011979 0.020370
0 0.594531 0.226157 0.013542 0.016204
0 0.049089 0.899306 0.010677 0.018981
0 0.970573 0.841435 0.006771 0.021759
0 0.986979 0.887731 0.013542 0.016204
0 0.981120 0.623380 0.008594 0.023611
0 0.984505 0.325000 0.010677 0.029630
2 0.993750 0.332639 0.012500 0.028241
0 0.994792 0.290741 0.010417 0.011111
0 0.784635 0.126157 0.014063 0.011574
0 0.776823 0.190509 0.004687 0.026389
0 0.709635 0.068519 0.005729 0.025926
0 0.680859 0.156713 0.014844 0.019907
0 0.038021 0.520833 0.012500 0.012963
0 0.058594 0.452546 0.013542 0.011574
0 0.494141 0.701389 0.006510 0.025000
0 0.485417 0.686343 0.005729 0.018056
0 0.483984 0.726389 0.007031 0.023148
0 0.491276 0.745602 0.005990 0.022685
0 0.482422 0.763426 0.006510 0.022222
0 0.488672 0.784491 0.007031 0.025463
2 0.478646 0.831250 0.007292 0.026389
2 0.475521 0.863426 0.007812 0.026852
0 0.493359 0.862269 0.008073 0.026389
2 0.474479 0.897222 0.007292 0.026852
0 0.493359 0.930324 0.005990 0.023611
0 0.469792 0.994907 0.005729 0.010185
2 0.272526 0.550694 0.017448 0.012500
0 0.101693 0.508796 0.015885 0.012963
0 0.092578 0.520370 0.013802 0.012037
0 0.090104 0.534259 0.015104 0.012037
0 0.745182 0.496528 0.015365 0.009722
0 0.461589 0.426389 0.005469 0.023148
0 0.807292 0.492593 0.013542 0.011111
0 0.487500 0.832176 0.007292 0.025463
2 0.173698 0.529398 0.017188 0.014352
0 0.755599 0.480324 0.014323 0.011574
0 0.352214 0.437731 0.010677 0.021759
0 0.484505 0.889352 0.007031 0.025000
0 0.522786 0.705556 0.007031 0.025000
2 0.472656 0.436111 0.005208 0.027778
0 0.490755 0.413657 0.005469 0.024537
0 0.672786 0.513889 0.010156 0.009259
0 0.693750 0.514120 0.014063 0.010648
0 0.770964 0.496065 0.014844 0.011574
0 0.438281 0.175694 0.006771 0.025463
0 0.445443 0.079861 0.005469 0.028241
0 0.443750 0.012731 0.005729 0.024537
0 0.481120 0.402083 0.005469 0.025463
0 0.510938 0.588426 0.015104 0.012037
0 0.489974 0.967824 0.007031 0.026389
0 0.378385 0.375694 0.009896 0.022685
0 0.462370 0.070833 0.005469 0.025000
0 0.815365 0.477546 0.014063 0.010648
2 0.919792 0.518981 0.014583 0.011111
0 0.963411 0.534028 0.011719 0.023611
0 0.490755 0.376852 0.005469 0.025000
0 0.559896 0.214815 0.009375 0.016667
0 0.479427 0.959491 0.005729 0.024537
0 0.481771 0.922454 0.006250 0.023611
0 0.462630 0.544676 0.013802 0.015278
0 0.288932 0.493981 0.013281 0.013889
0 0.551432 0.581944 0.012760 0.011111
0 0.615234 0.570139 0.014844 0.011574
0 0.923047 0.532407 0.013802 0.010185
0 0.016276 0.862269 0.013802 0.014352
0 0.467839 0.021528 0.007031 0.028241
0 0.486458 0.992361 0.005729 0.015278
0 0.472786 0.507176 0.009635 0.015278
0 0.481901 0.435417 0.005469 0.022685
0 0.499479 0.416667 0.005729 0.026852
0 0.488411 0.335880 0.005990 0.023611
0 0.375651 0.591667 0.016406 0.010185
0 0.414062 0.546296 0.014063 0.011111
0 0.463542 0.592130 0.014583 0.012963
0 0.715104 0.531019 0.014583 0.011111
0 0.133724 0.787269 0.013802 0.015278
0 0.311589 0.469444 0.013281 0.014815
0 0.652344 0.197917 0.015104 0.018981
0 0.978906 0.356713 0.006250 0.024537
0 0.506901 0.477778 0.010677 0.021296
0 0.517839 0.374306 0.005990 0.026389
0 0.472396 0.382407 0.006250 0.024074
0 0.016146 0.515972 0.014063 0.013426
0 0.112240 0.800000 0.014583 0.015741
0 0.337370 0.440046 0.013281 0.021759
2 0.459635 0.186111 0.005729 0.029630
0 0.496224 0.211343 0.005990 0.025463
0 0.506380 0.431713 0.007552 0.025463
0 0.525130 0.425694 0.005990 0.024537
0 0.478646 0.989120 0.007812 0.021759
3 0.667318 0.568519 0.005990 0.006481
0 0.668099 0.536806 0.015365 0.012500
0 0.671745 0.552315 0.014844 0.011111
0 0.429818 0.231944 0.007552 0.022222
2 0.478776 0.178241 0.006510 0.029630
0 0.512500 0.034259 0.006250 0.027778
0 0.507292 0.253472 0.005729 0.024537
2 0.548177 0.217130 0.011458 0.025000
0 0.591536 0.247454 0.014323 0.013426
0 0.507552 0.325231 0.005729 0.026389
0 0.461198 0.385880 0.006250 0.022685
0 0.629036 0.410185 0.011719 0.024074
0 0.794792 0.193056 0.011979 0.019444
2 0.974349 0.577315 0.008594 0.027778
2 0.394271 0.576852 0.015625 0.012037
3 0.369271 0.575231 0.006771 0.007870
0 0.754167 0.543750 0.014063 0.010648
0 0.720833 0.546528 0.014063 0.010648
0 0.725781 0.512731 0.014583 0.009722
0 0.118099 0.814583 0.014323 0.015278
0 0.021484 0.441204 0.014844 0.012963
0 0.045182 0.433333 0.014844 0.012963
0 0.459245 0.117824 0.005469 0.027315
0 0.456771 0.021759 0.005729 0.025926
2 0.477604 0.044444 0.005729 0.029630
2 0.521484 0.021065 0.005990 0.029167
0 0.532552 0.236806 0.005729 0.025463
0 0.516667 0.260880 0.005729 0.026389
0 0.525260 0.304398 0.005729 0.026389
0 0.563151 0.254630 0.009115 0.019444
0 0.960417 0.573843 0.010417 0.022685
0 0.760938 0.560880 0.014063 0.010648
0 0.480078 0.303009 0.005990 0.023611
2 0.478125 0.530556 0.014063 0.020370
2 0.477214 0.561806 0.030990 0.026389
0 0.379167 0.561111 0.010417 0.008333
0 0.319922 0.587731 0.012760 0.009722
0 0.277344 0.583102 0.015625 0.012500
0 0.225391 0.479167 0.014323 0.012963
0 0.193750 0.549074 0.014583 0.012963
2 0.852344 0.839815 0.007292 0.027778
