0 0.043099 0.969213 0.014323 0.015278
0 0.035417 0.935880 0.012500 0.012500
0 0.065234 0.940509 0.009115 0.011574
0 0.038151 0.946991 0.013281 0.013426
0 0.047786 0.928009 0.010677 0.025463
0 0.066146 0.850231 0.014063 0.015278
0 0.120703 0.852315 0.014844 0.014815
0 0.122266 0.863194 0.013281 0.012500
0 0.246745 0.908796 0.009115 0.017593
0 0.090365 0.817361 0.014063 0.014352
0 0.134896 0.715046 0.008333 0.022685
0 0.128776 0.689815 0.008073 0.022222
0 0.160807 0.619444 0.007552 0.023148
0 0.078646 0.758565 0.009375 0.023611
0 0.178516 0.567593 0.014844 0.016667
0 0.156641 0.772685 0.013802 0.017593
0 0.171615 0.696991 0.006771 0.025463
0 0.166406 0.655556 0.007292 0.025926
0 0.189844 0.724074 0.011979 0.016667
0 0.173568 0.728472 0.010156 0.022685
0 0.220833 0.753241 0.011458 0.014815
0 0.203385 0.712731 0.014063 0.014352
0 0.238932 0.691898 0.014844 0.015278
0 0.254297 0.731713 0.013802 0.015278
0 0.270313 0.721759 0.013542 0.014815
0 0.364583 0.743287 0.012500 0.022685
0 0.395313 0.825231 0.011979 0.022685
0 0.373698 0.846528 0.010417 0.022685
0 0.375651 0.804398 0.010677 0.025463
2 0.410677 0.813194 0.015625 0.021759
0 0.186719 0.378241 0.007292 0.024074
0 0.700651 0.129630 0.011719 0.024074
2 0.637760 0.174769 0.009896 0.024537
2 0.632161 0.186343 0.010677 0.021759
0 0.669271 0.140972 0.009375 0.025463
0 0.677604 0.138889 0.009375 0.022222
0 0.661719 0.146528 0.009896 0.025463
0 0.708724 0.030324 0.005469 0.026389
0 0.805078 0.120139 0.015885 0.012500
0 0.775130 0.058333 0.014323 0.012037
0 0.827734 0.113194 0.013802 0.012500
2 0.811198 0.142361 0.015625 0.011574
2 0.773177 0.075926 0.018229 0.012963
2 0.946094 0.087731 0.012500 0.010648
2 0.701562 0.499537 0.015625 0.010185
0 0.895833 0.702315 0.006250 0.018519
0 0.887500 0.707407 0.005208 0.012037
0 0.851953 0.697454 0.008073 0.022685
0 0.941536 0.748380 0.006510 0.022685
0 0.934635 0.752778 0.006250 0.022222
0 0.926823 0.753241 0.006771 0.025000
0 0.958984 0.845833 0.007552 0.025000
0 0.922266 0.856944 0.009115 0.024074
2 0.914453 0.861343 0.007552 0.018981
2 0.907943 0.860880 0.008073 0.020833
2 0.914323 0.883796 0.008333 0.023148
2 0.909635 0.883102 0.008333 0.026389
0 0.887370 0.968056 0.012240 0.012963
0 0.786068 0.690741 0.011719 0.012037
0 0.743750 0.648148 0.013021 0.013889
0 0.772005 0.701620 0.013281 0.013426
0 0.697917 0.629861 0.006771 0.027315
0 0.753646 0.715046 0.010417 0.013426
0 0.646615 0.681713 0.009375 0.025463
2 0.614583 0.597685 0.020313 0.013889
2 0.657682 0.606713 0.010677 0.025463
0 0.579818 0.771991 0.013281 0.018056
0 0.655208 0.716435 0.013542 0.018981
2 0.636719 0.713194 0.013542 0.029167
0 0.631901 0.660648 0.008073 0.024074
0 0.613021 0.718981 0.011458 0.022222
0 0.602995 0.784954 0.006510 0.028241
0 0.600000 0.745139 0.012500 0.020833
0 0.566016 0.787963 0.012240 0.014815
0 0.589453 0.843056 0.008594 0.023148
0 0.624089 0.745139 0.011719 0.022685
0 0.574089 0.816204 0.014323 0.017593
0 0.612760 0.769676 0.010417 0.022685
0 0.629297 0.883565 0.013281 0.010648
0 0.610026 0.891667 0.005990 0.025000
0 0.609505 0.811574 0.009115 0.024074
0 0.651172 0.513194 0.013281 0.010648
1 0.654427 0.481713 0.032292 0.013426
0 0.595182 0.514352 0.014323 0.011111
0 0.570052 0.484491 0.013021 0.010648
0 0.560286 0.500000 0.013802 0.009259
2 0.567057 0.515046 0.026823 0.013426
0 0.334505 0.560648 0.012760 0.010185
0 0.283854 0.538657 0.014063 0.011574
0 0.238672 0.530556 0.014323 0.012963
0 0.266927 0.566435 0.013021 0.011574
0 0.222135 0.576620 0.013542 0.011574
0 0.241146 0.547917 0.013542 0.012500
0 0.003776 0.470602 0.007031 0.012500
0 0.015755 0.488194 0.015885 0.013426
0 0.021745 0.476389 0.014844 0.012963
0 0.040365 0.480093 0.011458 0.011111
0 0.062630 0.531481 0.015885 0.012037
0 0.056510 0.483796 0.014063 0.011111
0 0.040365 0.495833 0.013021 0.012037
0 0.115885 0.531019 0.015104 0.012037
0 0.126172 0.503009 0.013281 0.011574
0 0.136328 0.519676 0.015365 0.013426
0 0.125911 0.547685 0.012760 0.012037
0 0.161719 0.525463 0.014063 0.011111
0 0.196875 0.521528 0.015104 0.013426
0 0.103516 0.591667 0.013802 0.010185
0 0.147266 0.537037 0.011198 0.010185
0 0.160156 0.555787 0.014583 0.013426
0 0.189062 0.774306 0.013021 0.011574
0 0.154818 0.585185 0.007552 0.025000
0 0.131510 0.896528 0.010937 0.013426
0 0.365234 0.840741 0.011198 0.024074
2 0.070052 0.504398 0.039062 0.020833
0 0.144661 0.551852 0.011719 0.010185
0 0.711849 0.008102 0.007031 0.015278
2 0.767578 0.129398 0.015885 0.011574
2 0.910156 0.212731 0.016146 0.012500
0 0.982682 0.084722 0.013281 0.013889
0 0.665365 0.363889 0.009375 0.021296
2 0.635807 0.630324 0.008594 0.027315
0 0.623828 0.691435 0.008594 0.018981
2 0.595443 0.831713 0.008073 0.023611
2 0.615885 0.951157 0.005729 0.023611
0 0.539323 0.839815 0.014063 0.016667
0 0.509766 0.780324 0.007031 0.023611
0 0.050130 0.304630 0.013802 0.011111
0 0.060156 0.269213 0.007292 0.022685
2 0.053125 0.266435 0.009896 0.025463
0 0.126432 0.887269 0.011198 0.012500
0 0.132943 0.909954 0.012760 0.013426
0 0.135026 0.922222 0.013802 0.015741
3 0.491406 0.618287 0.005208 0.012500
0 0.558854 0.826157 0.014583 0.017130
0 0.630469 0.939352 0.005729 0.021296
0 0.613021 0.921759 0.004687 0.023148
0 0.775911 0.141898 0.014844 0.012500
2 0.619661 0.199306 0.016927 0.026389
0 0.644010 0.168750 0.008854 0.024537
0 0.066016 0.954167 0.008594 0.012037
0 0.722917 0.498843 0.016146 0.009722
0 0.583854 0.498843 0.014583 0.010648
0 0.627604 0.481944 0.015104 0.011111
0 0.618359 0.856019 0.008073 0.025000
0 0.044922 0.979630 0.014844 0.013889
0 0.962370 0.085880 0.015365 0.012500
0 0.954557 0.799769 0.014323 0.012500
0 0.546615 0.802778 0.013542 0.015741
0 0.613021 0.513426 0.013021 0.010185
0 0.047266 0.993056 0.014323 0.013889
0 0.062891 0.929167 0.009115 0.012037
0 0.060286 0.919213 0.010677 0.012500
0 0.033724 0.923380 0.014323 0.014352
0 0.031120 0.912500 0.013281 0.014815
0 0.124219 0.875231 0.011979 0.012500
0 0.219271 0.704861 0.014583 0.015278
0 0.306510 0.701389 0.010937 0.012963
0 0.629036 0.906250 0.006510 0.026389
0 0.688542 0.691204 0.008854 0.025000
2 0.039583 0.258796 0.010417 0.027778
0 0.037500 0.307176 0.007812 0.019907
0 0.027214 0.308796 0.012760 0.026852
0 0.473568 0.934028 0.007031 0.023611
0 0.472266 0.967824 0.006510 0.025463
0 0.502344 0.750926 0.006771 0.025926
0 0.510938 0.741435 0.007292 0.024537
0 0.503906 0.714120 0.007812 0.025463
2 0.816927 0.541435 0.027604 0.014352
0 0.317708 0.573843 0.013021 0.011574
2 0.377604 0.562731 0.017188 0.012500
0 0.378906 0.547222 0.014063 0.011111
0 0.647005 0.498380 0.014844 0.010648
2 0.696745 0.484259 0.015885 0.010185
0 0.071224 0.972685 0.010677 0.012963
0 0.028516 0.901389 0.011198 0.012037
0 0.205599 0.756481 0.013802 0.012963
0 0.096615 0.581250 0.013021 0.011574
0 0.277214 0.666435 0.015365 0.018981
0 0.256510 0.680787 0.014063 0.018056
0 0.323958 0.700463 0.014583 0.013889
0 0.338151 0.708102 0.014844 0.016204
0 0.496745 0.890509 0.008594 0.025463
2 0.497135 0.824306 0.007292 0.027315
0 0.480990 0.798611 0.007292 0.025000
2 0.498437 0.789815 0.006771 0.027778
0 0.525391 0.666667 0.007031 0.025926
0 0.488151 0.656944 0.007031 0.024074
0 0.516406 0.661574 0.007292 0.022222
2 0.513281 0.703009 0.008333 0.032870
2 0.496615 0.659954 0.006771 0.028241
1 0.506510 0.661806 0.007812 0.037500
0 0.714844 0.678241 0.014063 0.011111
2 0.683724 0.626389 0.007552 0.026852
0 0.902865 0.698611 0.006771 0.025000
0 0.951693 0.851620 0.007552 0.023611
0 0.975260 0.633565 0.006250 0.023611
0 0.684896 0.498380 0.013021 0.010648
0 0.666927 0.498380 0.014063 0.011574
0 0.628516 0.496528 0.013281 0.010648
0 0.632682 0.513194 0.010677 0.008796
0 0.606771 0.499537 0.014583 0.011111
0 0.609115 0.483333 0.011458 0.009259
0 0.593229 0.483796 0.014583 0.010185
3 0.556120 0.485648 0.005990 0.007407
0 0.413542 0.292361 0.008854 0.020833
2 0.111198 0.453935 0.027083 0.018981
0 0.074089 0.488426 0.013802 0.012037
0 0.103646 0.496528 0.014063 0.011574
0 0.158203 0.509491 0.013802 0.014352
2 0.257422 0.578935 0.013802 0.011574
0 0.340495 0.545139 0.014323 0.010648
0 0.417057 0.593981 0.014844 0.012037
0 0.798438 0.173611 0.011979 0.020370
0 0.594010 0.225231 0.013542 0.016204
0 0.049609 0.902083 0.010677 0.018981
0 0.971354 0.839583 0.006771 0.021759
0 0.987760 0.885417 0.013542 0.016204
0 0.984505 0.324537 0.010677 0.029630
2 0.993880 0.331481 0.012240 0.027778
0 0.994792 0.288426 0.010417 0.011111
0 0.784635 0.126157 0.014063 0.011574
0 0.776823 0.190509 0.004687 0.026389
0 0.709635 0.068519 0.005729 0.025926
0 0.680859 0.156250 0.014844 0.018981
0 0.039323 0.524074 0.012500 0.012963
0 0.494661 0.701852 0.007031 0.025926
0 0.485938 0.686806 0.005729 0.018056
0 0.484766 0.726852 0.007031 0.023148
0 0.492578 0.743287 0.005990 0.022685
0 0.483073 0.763889 0.006250 0.023148
0 0.489714 0.784028 0.007031 0.025463
2 0.479687 0.832176 0.007292 0.026389
2 0.476693 0.863889 0.007031 0.026852
0 0.495182 0.861806 0.008073 0.026389
2 0.475000 0.897222 0.006250 0.026852
0 0.494141 0.930324 0.005990 0.023611
0 0.470313 0.995370 0.006771 0.009259
2 0.305599 0.556713 0.015885 0.010648
0 0.106901 0.512037 0.015885 0.012963
0 0.095573 0.523380 0.014583 0.011574
0 0.099219 0.538889 0.015104 0.012037
0 0.745443 0.496065 0.015365 0.009722
0 0.461589 0.426389 0.005469 0.023148
0 0.800130 0.492130 0.013281 0.010185
0 0.488802 0.832639 0.007292 0.025463
2 0.194010 0.535417 0.017188 0.014352
0 0.735156 0.480787 0.014583 0.010648
0 0.352474 0.427778 0.011719 0.021296
0 0.485156 0.888426 0.007292 0.026852
0 0.523047 0.705093 0.007031 0.025000
2 0.472656 0.436111 0.005208 0.027778
0 0.490755 0.413657 0.005469 0.024537
0 0.672786 0.513889 0.010156 0.009259
0 0.693750 0.514120 0.014063 0.010648
0 0.770964 0.496065 0.014844 0.011574
0 0.441927 0.151389 0.006771 0.026852
0 0.443750 0.084028 0.006250 0.026389
0 0.444792 0.004167 0.005208 0.007407
0 0.481120 0.402083 0.005469 0.025463
0 0.528646 0.568287 0.014583 0.013426
0 0.490755 0.967824 0.007031 0.026389
0 0.382682 0.363426 0.011198 0.021296
0 0.469792 0.078472 0.006771 0.028241
0 0.801562 0.476852 0.014063 0.010185
2 0.920573 0.515741 0.014583 0.011111
0 0.490755 0.376852 0.005469 0.025000
0 0.555990 0.206944 0.009375 0.016667
0 0.480990 0.960417 0.005729 0.024537
0 0.482812 0.922454 0.006250 0.023611
0 0.476042 0.568287 0.014063 0.012500
0 0.283724 0.479398 0.012760 0.010648
0 0.561849 0.578935 0.014323 0.012500
0 0.602604 0.575000 0.013542 0.011111
0 0.923568 0.531019 0.013802 0.010185
0 0.051432 0.842593 0.013802 0.014815
0 0.489063 0.992361 0.005729 0.015278
0 0.464453 0.518750 0.013281 0.018981
0 0.481901 0.435417 0.005469 0.022685
0 0.499479 0.416667 0.005729 0.026852
0 0.488411 0.335880 0.005990 0.023611
0 0.377604 0.577083 0.013542 0.010648
0 0.416146 0.546759 0.014063 0.011111
0 0.461458 0.591667 0.015104 0.011111
0 0.135026 0.789120 0.013802 0.015278
0 0.320703 0.461806 0.014323 0.019907
0 0.979167 0.355324 0.006250 0.024537
0 0.498307 0.503704 0.011719 0.020370
0 0.472135 0.394907 0.006250 0.024074
0 0.016536 0.518287 0.014323 0.013426
0 0.113021 0.802315 0.014583 0.015741
2 0.459635 0.221759 0.005729 0.029630
0 0.506250 0.214583 0.006771 0.027315
0 0.505339 0.444213 0.007031 0.017130
0 0.518359 0.404861 0.005990 0.024537
0 0.480208 0.989120 0.007812 0.021759
3 0.707943 0.563194 0.005469 0.007870
0 0.703125 0.531250 0.015104 0.010648
0 0.661849 0.565509 0.013802 0.010648
0 0.428516 0.237731 0.007552 0.024537
2 0.479557 0.243056 0.006510 0.029630
0 0.514453 0.107870 0.005990 0.026852
0 0.498177 0.297222 0.005729 0.025926
2 0.541406 0.198148 0.010417 0.026852
0 0.574479 0.238657 0.013021 0.017130
0 0.507812 0.342361 0.005729 0.026389
0 0.461198 0.385880 0.006250 0.022685
0 0.605859 0.356481 0.011719 0.024074
0 0.794792 0.193056 0.011979 0.019444
2 0.963802 0.536574 0.012500 0.025926
3 0.403776 0.579398 0.006510 0.007870
0 0.760677 0.527778 0.015104 0.010185
0 0.714583 0.546991 0.014063 0.010648
0 0.714844 0.512731 0.014583 0.009722
0 0.118880 0.816898 0.014323 0.015278
0 0.004818 0.439352 0.009115 0.012037
0 0.034505 0.448611 0.013802 0.012037
0 0.460938 0.103704 0.005729 0.025000
0 0.457031 0.055556 0.005729 0.025926
2 0.478385 0.127315 0.005729 0.029630
0 0.516667 0.269213 0.005729 0.026389
0 0.524740 0.331250 0.005729 0.026389
0 0.556120 0.236574 0.008594 0.018519
0 0.974609 0.579167 0.007552 0.023148
0 0.754948 0.552315 0.012500 0.011111
0 0.480339 0.343287 0.005990 0.023611
2 0.508854 0.479630 0.011979 0.023148
2 0.510156 0.518519 0.027604 0.046296
0 0.321094 0.589352 0.015625 0.011111
0 0.173828 0.468056 0.014323 0.012963
0 0.225000 0.556481 0.014583 0.012963
0 0.317188 0.489120 0.013021 0.017130
0 0.459505 0.150463 0.005469 0.026852
2 0.466797 0.011111 0.007552 0.021296
0 0.505599 0.128704 0.005990 0.026852
0 0.520964 0.177315 0.005990 0.026852
0 0.531510 0.141435 0.006250 0.026389
0 0.623568 0.222685 0.014844 0.018519
0 0.941016 0.501157 0.014844 0.018056
0 0.994792 0.765046 0.007292 0.024537
0 0.173698 0.543519 0.013542 0.011111
0 0.249219 0.499306 0.013021 0.011574
0 0.351953 0.573611 0.014323 0.010185
0 0.359375 0.592824 0.013021 0.010648
0 0.425391 0.562269 0.010156 0.009722
2 0.432943 0.577546 0.015365 0.011574
0 0.780208 0.540741 0.014583 0.010185
0 0.822396 0.556019 0.014063 0.010185
2 0.853125 0.838426 0.007812 0.025926
