0 0.053255 0.993056 0.014844 0.013889
0 0.045312 0.961806 0.012500 0.012500
0 0.074609 0.965046 0.009635 0.012500
0 0.048047 0.974306 0.013281 0.013426
0 0.057682 0.955324 0.010677 0.025463
0 0.074479 0.875000 0.014583 0.015741
0 0.128516 0.873611 0.014323 0.015741
0 0.130729 0.884259 0.012500 0.011111
0 0.256380 0.925926 0.009635 0.015741
0 0.154557 0.802315 0.013281 0.015741
0 0.137630 0.732407 0.008594 0.022222
0 0.133203 0.710648 0.009115 0.021296
0 0.155469 0.605093 0.008854 0.022222
0 0.084505 0.782870 0.009635 0.022222
0 0.174479 0.704398 0.007292 0.022685
0 0.165365 0.640278 0.007812 0.024074
0 0.168099 0.603704 0.008594 0.025000
0 0.195312 0.742593 0.012500 0.014815
0 0.171484 0.666667 0.007031 0.024074
0 0.226562 0.769444 0.012500 0.014815
0 0.208333 0.730324 0.014063 0.014352
0 0.244401 0.707639 0.014323 0.016204
0 0.260026 0.746065 0.013802 0.015278
0 0.275000 0.734722 0.013542 0.014815
0 0.370052 0.752546 0.012500 0.022685
0 0.401172 0.831944 0.011198 0.022222
0 0.379688 0.855787 0.010417 0.022685
0 0.381901 0.812269 0.010677 0.025463
0 0.186068 0.398611 0.007031 0.023148
0 0.694401 0.121065 0.011719 0.022685
2 0.631901 0.168056 0.009115 0.025000
2 0.626693 0.181713 0.010677 0.020833
0 0.663281 0.134491 0.009375 0.025463
0 0.671875 0.130556 0.009375 0.022222
0 0.655729 0.140972 0.010417 0.024537
0 0.699870 0.022454 0.005469 0.026389
0 0.798047 0.105324 0.015885 0.014352
0 0.767318 0.043981 0.014323 0.012037
0 0.820443 0.097917 0.013802 0.012500
2 0.803906 0.128009 0.015625 0.012500
2 0.765625 0.062500 0.018229 0.012963
2 0.938021 0.065509 0.012500 0.010648
2 0.701562 0.489815 0.015625 0.010185
0 0.899219 0.679630 0.005729 0.021296
0 0.891406 0.685185 0.004687 0.010185
0 0.856120 0.678472 0.008073 0.022685
0 0.945573 0.723148 0.008333 0.023148
0 0.938151 0.727546 0.007031 0.020833
0 0.930208 0.728704 0.006771 0.025000
0 0.964844 0.818519 0.008854 0.024074
0 0.927734 0.834259 0.009115 0.024074
2 0.921224 0.837731 0.007552 0.018981
2 0.914193 0.836343 0.009115 0.020833
2 0.922005 0.859259 0.008594 0.021296
2 0.915495 0.860417 0.008073 0.026389
0 0.896224 0.945139 0.012240 0.013426
0 0.788411 0.676852 0.011719 0.012037
0 0.746745 0.634722 0.012760 0.013889
0 0.774870 0.687731 0.013281 0.013426
0 0.700911 0.619444 0.006510 0.026852
0 0.756641 0.702083 0.011719 0.012500
0 0.649870 0.675463 0.010156 0.025000
2 0.617188 0.592130 0.020313 0.013889
2 0.660026 0.599306 0.010677 0.025463
0 0.585807 0.768750 0.013281 0.018056
0 0.658984 0.708102 0.014844 0.017130
2 0.641016 0.706019 0.013802 0.027778
0 0.635286 0.654167 0.008073 0.024074
0 0.617448 0.712963 0.010417 0.021296
0 0.608594 0.779630 0.005729 0.028704
0 0.604818 0.740278 0.011719 0.020370
0 0.570703 0.785185 0.012240 0.014815
0 0.596745 0.837963 0.008594 0.023148
0 0.629036 0.738194 0.010677 0.022685
0 0.580469 0.812500 0.015104 0.017593
0 0.618490 0.764583 0.010417 0.022685
0 0.636979 0.876157 0.013021 0.012500
0 0.617969 0.884722 0.005729 0.023148
0 0.614583 0.805787 0.009375 0.022685
0 0.628646 0.492361 0.014583 0.009722
1 0.648698 0.474537 0.031771 0.012963
0 0.573568 0.513657 0.010156 0.008796
0 0.427734 0.509491 0.013802 0.010648
2 0.451302 0.523843 0.025000 0.013426
0 0.353516 0.554861 0.014323 0.010648
0 0.321615 0.569676 0.013542 0.011574
0 0.037760 0.460417 0.013542 0.011574
0 0.370182 0.571296 0.013281 0.009259
0 0.107422 0.614352 0.014323 0.010185
0 0.194271 0.791435 0.013021 0.013426
0 0.140495 0.918056 0.011198 0.012963
0 0.372396 0.849769 0.010937 0.023611
2 0.511068 0.192824 0.009635 0.063426
2 0.760156 0.117824 0.015625 0.012500
2 0.904167 0.192361 0.016146 0.012500
0 0.974609 0.059954 0.013281 0.012500
0 0.663542 0.356944 0.009375 0.021296
2 0.639062 0.623843 0.006771 0.027315
0 0.627474 0.685417 0.008594 0.018981
2 0.602995 0.826157 0.009635 0.022685
2 0.624740 0.944676 0.006771 0.023611
0 0.546615 0.837500 0.014063 0.016667
0 0.515625 0.780556 0.006250 0.024074
0 0.049479 0.333333 0.014063 0.012037
0 0.058333 0.296296 0.007292 0.022222
2 0.050521 0.294213 0.008333 0.026389
0 0.135547 0.908333 0.011198 0.012963
0 0.141927 0.930324 0.012500 0.014352
0 0.144661 0.943981 0.013802 0.015741
3 0.494792 0.620139 0.005208 0.012500
0 0.566536 0.822917 0.013281 0.016204
0 0.638802 0.931019 0.005729 0.021296
0 0.621354 0.915741 0.004687 0.023148
2 0.614583 0.195139 0.016146 0.026389
0 0.638021 0.162731 0.008854 0.024537
0 0.075911 0.978704 0.008594 0.012037
0 0.722917 0.487731 0.014063 0.010648
0 0.625911 0.849306 0.008073 0.023611
0 0.954036 0.062037 0.015365 0.012963
0 0.959505 0.774537 0.014323 0.015741
0 0.552214 0.800926 0.013802 0.017593
0 0.609635 0.509028 0.013021 0.008796
0 0.072526 0.953704 0.009115 0.012037
0 0.069401 0.942593 0.010156 0.012963
0 0.043099 0.950694 0.014323 0.014352
0 0.040104 0.940509 0.013021 0.015278
0 0.133464 0.896296 0.011719 0.012037
0 0.224089 0.722454 0.014844 0.016204
0 0.310937 0.713889 0.010937 0.012037
0 0.636328 0.899306 0.006510 0.026389
0 0.691406 0.681481 0.008854 0.025000
2 0.037109 0.287963 0.010156 0.027778
0 0.036328 0.336111 0.007552 0.018519
0 0.026953 0.338889 0.011719 0.027778
0 0.481641 0.935417 0.006510 0.023611
0 0.481641 0.969213 0.006510 0.025463
0 0.507812 0.739352 0.006771 0.025926
0 0.516276 0.741204 0.005990 0.025000
0 0.508724 0.704398 0.007552 0.026389
2 0.993490 0.498148 0.013021 0.014815
0 0.676693 0.504861 0.014844 0.010648
2 0.686328 0.475926 0.015885 0.010185
0 0.037891 0.928704 0.012240 0.012037
0 0.211849 0.774074 0.014323 0.014815
0 0.281250 0.679167 0.014063 0.016667
0 0.261198 0.695139 0.014583 0.016204
0 0.327734 0.711574 0.014844 0.012963
0 0.342969 0.718750 0.014063 0.017130
0 0.512891 0.815741 0.006510 0.025000
2 0.503516 0.825926 0.006510 0.027778
0 0.487109 0.799769 0.006510 0.025463
2 0.504948 0.778472 0.006771 0.026389
0 0.529036 0.666435 0.006510 0.025463
0 0.490625 0.659028 0.006250 0.026389
0 0.519271 0.662269 0.006250 0.024537
2 0.517839 0.703241 0.007031 0.033333
2 0.499479 0.661343 0.006771 0.028241
1 0.509896 0.662269 0.007812 0.037500
0 0.717969 0.667593 0.014063 0.011111
2 0.686979 0.616667 0.006771 0.025926
0 0.906510 0.675926 0.006771 0.025000
0 0.957812 0.827083 0.008333 0.023611
0 0.685417 0.490509 0.013021 0.010648
0 0.667448 0.490509 0.014063 0.011574
0 0.609766 0.477315 0.015365 0.010185
0 0.573307 0.481250 0.010677 0.007870
0 0.587630 0.494676 0.012760 0.009722
3 0.374740 0.505556 0.006250 0.005556
0 0.792839 0.159722 0.012760 0.020370
0 0.058203 0.927546 0.010677 0.018981
0 0.977344 0.812963 0.008333 0.021296
0 0.993229 0.859491 0.013542 0.014352
0 0.981771 0.297454 0.009896 0.028241
2 0.990755 0.305787 0.011719 0.028241
0 0.991406 0.262500 0.013021 0.012037
0 0.777865 0.112731 0.014063 0.011574
0 0.771615 0.178009 0.004687 0.026389
0 0.701562 0.059722 0.005729 0.025926
0 0.675260 0.149306 0.014063 0.018056
0 0.126042 0.495139 0.015104 0.011574
0 0.498828 0.702778 0.007031 0.025926
0 0.489974 0.688194 0.005469 0.018981
0 0.489844 0.728009 0.005729 0.024537
0 0.497266 0.742824 0.005990 0.022685
0 0.488802 0.766667 0.006250 0.023148
0 0.496354 0.780556 0.006250 0.024074
2 0.485417 0.833565 0.007292 0.026389
2 0.484115 0.865972 0.006250 0.027315
0 0.502604 0.862731 0.007292 0.025463
2 0.483594 0.898611 0.006250 0.026852
0 0.745052 0.483796 0.015625 0.010185
0 0.461068 0.430556 0.005469 0.023148
0 0.793359 0.477083 0.013281 0.010648
0 0.495443 0.834028 0.006510 0.026389
0 0.712630 0.472454 0.014323 0.009722
0 0.493490 0.880093 0.006250 0.026852
0 0.527344 0.704861 0.005729 0.024537
2 0.472526 0.438426 0.005990 0.025000
0 0.489714 0.415509 0.005469 0.024537
0 0.646484 0.506019 0.010156 0.009259
0 0.769922 0.481250 0.014844 0.011574
0 0.480599 0.405324 0.006510 0.025463
0 0.500911 0.934259 0.005990 0.024074
0 0.738672 0.469444 0.014323 0.010185
0 0.488932 0.379167 0.005469 0.025000
0 0.489583 0.961343 0.005729 0.024537
0 0.490365 0.923148 0.006250 0.023148
0 0.863281 0.452778 0.011979 0.008333
0 0.117969 0.828241 0.013021 0.015741
0 0.481380 0.438194 0.005469 0.022685
0 0.498177 0.418519 0.005729 0.026852
0 0.486589 0.338657 0.005990 0.023611
0 0.626172 0.553009 0.013281 0.011574
0 0.413932 0.571065 0.012760 0.009722
0 0.177995 0.735185 0.006510 0.024074
0 0.420703 0.268519 0.008073 0.022222
0 0.975781 0.328704 0.006771 0.023148
0 0.471094 0.398611 0.006250 0.024074
0 0.173958 0.769444 0.009375 0.022222
2 0.458854 0.345833 0.005729 0.029630
0 0.490104 0.989815 0.006250 0.020370
0 0.766927 0.528241 0.014583 0.010185
0 0.451042 0.078241 0.006250 0.024074
2 0.477734 0.316204 0.006510 0.029630
0 0.464193 0.173611 0.005990 0.024074
0 0.460286 0.389120 0.005990 0.021759
0 0.789193 0.178009 0.011198 0.017130
2 0.757422 0.497454 0.015885 0.010648
3 0.841927 0.503009 0.005729 0.006944
0 0.700911 0.503935 0.014323 0.010648
0 0.126562 0.838657 0.013542 0.013426
0 0.471875 0.149306 0.005729 0.025463
2 0.476823 0.264815 0.005729 0.029630
0 0.479036 0.357176 0.005990 0.023611
2 0.896484 0.526389 0.014844 0.012037
0 0.085938 0.469907 0.014063 0.011111
0 0.473828 0.189815 0.005990 0.025926
2 0.474479 0.225694 0.006250 0.028241
0 0.861849 0.468056 0.016406 0.011111
0 0.830599 0.520602 0.013281 0.009722
0 0.276562 0.553472 0.015104 0.010648
0 0.496875 0.377546 0.006250 0.023611
0 0.457292 0.266898 0.006250 0.024537
0 0.458464 0.303935 0.005990 0.027315
0 0.089583 0.850463 0.011458 0.012037
2 0.858464 0.817824 0.007552 0.024537
0 0.225651 0.545833 0.013802 0.012037
0 0.229036 0.558796 0.010156 0.009259
2 0.467839 0.331019 0.005990 0.025926
0 0.454688 0.212731 0.005729 0.023611
0 0.761979 0.513657 0.013021 0.010648
0 0.159635 0.546065 0.015104 0.012500
0 0.915885 0.509259 0.015104 0.010185
0 0.470313 0.367593 0.006771 0.025926
0 0.069531 0.482176 0.013542 0.010648
0 0.338151 0.456019 0.013281 0.020370
0 0.308724 0.553935 0.012760 0.010648
0 0.883333 0.512500 0.014063 0.010185
0 0.454036 0.161343 0.006510 0.025463
0 0.525781 0.735880 0.006771 0.023611
0 0.730859 0.500926 0.015365 0.010185
0 0.951953 0.530324 0.013802 0.013426
0 0.467839 0.299074 0.005990 0.025926
0 0.011328 0.531481 0.013281 0.011111
0 0.572526 0.545833 0.013802 0.012037
0 0.760026 0.465972 0.013802 0.010648
0 0.467057 0.258796 0.005990 0.025926
0 0.158854 0.532176 0.014583 0.011574
0 0.541927 0.517361 0.013542 0.010648
0 0.516276 0.501852 0.014323 0.011111
0 0.818229 0.489352 0.014063 0.010185
0 0.779427 0.465278 0.013021 0.011111
0 0.260547 0.525463 0.014323 0.011111
0 0.953516 0.503241 0.014323 0.011111
0 0.218229 0.511343 0.010937 0.009722
2 0.465755 0.208333 0.005990 0.027778
0 0.499740 0.143519 0.005729 0.023148
2 0.933984 0.988426 0.014844 0.016667
0 0.578516 0.567593 0.013802 0.012037
2 0.348307 0.570139 0.015365 0.010648
0 0.410026 0.556481 0.013802 0.010185
0 0.858073 0.532176 0.013542 0.009722
1 0.265625 0.615046 0.032292 0.026389
0 0.006510 0.470833 0.012500 0.010185
0 0.070703 0.860648 0.014323 0.015741
0 0.454036 0.115972 0.006510 0.025463
0 0.969792 0.576389 0.007812 0.023148
0 0.501823 0.892361 0.006250 0.025463
1 0.317448 0.584722 0.032813 0.013889
0 0.805078 0.522454 0.014844 0.010648
0 0.819922 0.473148 0.014323 0.009259
0 0.087240 0.484954 0.014063 0.011574
0 0.518099 0.078935 0.006510 0.025463
0 0.715625 0.137269 0.015104 0.010648
2 0.195833 0.553935 0.015625 0.011574
0 0.394010 0.555324 0.009896 0.009722
0 0.699870 0.523380 0.012760 0.009722
0 0.114193 0.798611 0.013281 0.019444
0 0.498177 0.070370 0.006250 0.024074
0 0.511849 0.850463 0.007552 0.025926
0 0.044271 0.476389 0.014063 0.011111
0 0.375130 0.556481 0.014844 0.010185
0 0.723698 0.519213 0.015104 0.009722
0 0.930339 0.460185 0.014844 0.009259
0 0.912630 0.493519 0.013802 0.010185
0 0.988932 0.480556 0.014844 0.011111
0 0.010937 0.434954 0.013542 0.018056
0 0.463542 0.138194 0.006771 0.026389
0 0.449740 0.023843 0.005729 0.026389
0 0.486849 0.309491 0.005990 0.025463
1 0.114714 0.568056 0.034115 0.018519
0 0.192318 0.540046 0.015365 0.012500
0 0.199219 0.592130 0.015104 0.012963
0 0.274349 0.566667 0.014844 0.010185
0 0.392578 0.570833 0.013802 0.010185
0 0.688802 0.554398 0.014063 0.010648
0 0.401823 0.337037 0.009896 0.022222
0 0.997917 0.350926 0.004167 0.021296
2 0.969922 0.991204 0.012240 0.017593
0 0.035807 0.507176 0.014323 0.010648
2 0.098828 0.534954 0.016406 0.011574
0 0.163542 0.568287 0.013542 0.014352
0 0.298568 0.569213 0.013281 0.010648
0 0.553385 0.499074 0.014583 0.011111
0 0.737500 0.532176 0.010417 0.007870
0 0.776432 0.541667 0.013802 0.010185
0 0.869141 0.500926 0.014844 0.010185
0 0.149219 0.954630 0.012500 0.016667
0 0.098047 0.606250 0.011198 0.010648
2 0.437500 0.131944 0.006771 0.043519
0 0.436458 0.023380 0.006250 0.025463
0 0.589844 0.222685 0.012500 0.016667
0 0.981510 0.592130 0.008333 0.024074
2 0.498828 0.992824 0.004948 0.014352
0 0.038281 0.522222 0.015625 0.012037
0 0.073438 0.515509 0.014063 0.010648
0 0.067969 0.548148 0.011458 0.011111
0 0.169922 0.502778 0.014323 0.012037
0 0.242057 0.583333 0.015365 0.013889
0 0.333984 0.555093 0.014844 0.011111
0 0.455859 0.498380 0.013802 0.010648
0 0.458203 0.592361 0.014844 0.010648
0 0.505469 0.520139 0.014583 0.010648
0 0.540365 0.486111 0.014583 0.010185
0 0.701302 0.536806 0.014063 0.010648
0 0.812370 0.508102 0.013281 0.009722
