0 0.050260 0.977546 0.012500 0.012500
0 0.079948 0.978704 0.009896 0.012037
0 0.052995 0.990509 0.013281 0.013426
0 0.062240 0.971065 0.011458 0.025463
0 0.078125 0.890278 0.014583 0.015741
0 0.133333 0.885185 0.014063 0.012963
0 0.135156 0.897222 0.012500 0.011111
0 0.259896 0.933333 0.009375 0.016667
0 0.141927 0.748380 0.009375 0.024537
0 0.136068 0.724537 0.009115 0.021296
0 0.155859 0.587500 0.017969 0.012963
0 0.087891 0.798380 0.010677 0.024537
0 0.170573 0.678009 0.007812 0.024537
0 0.168099 0.613426 0.010156 0.023148
0 0.321354 0.590509 0.014063 0.011574
0 0.198177 0.752083 0.011979 0.017130
0 0.167318 0.643981 0.007552 0.025000
0 0.229687 0.779630 0.013021 0.015741
0 0.210547 0.740046 0.013802 0.016204
0 0.245703 0.716435 0.014323 0.016204
0 0.262500 0.753935 0.014063 0.015278
0 0.277344 0.744676 0.013542 0.016204
0 0.372786 0.756944 0.012240 0.020370
0 0.405078 0.834722 0.011198 0.022222
0 0.383854 0.856713 0.010417 0.022685
0 0.385026 0.816667 0.010156 0.025926
0 0.184766 0.408333 0.007031 0.023148
0 0.689063 0.115278 0.010937 0.024074
2 0.626693 0.166898 0.010677 0.026389
2 0.622526 0.178009 0.010677 0.020833
0 0.658333 0.129861 0.010417 0.027315
0 0.665885 0.126389 0.009375 0.022222
0 0.651042 0.136343 0.011979 0.025463
0 0.694141 0.013889 0.005990 0.025926
0 0.792578 0.094213 0.015885 0.014352
0 0.761198 0.033796 0.014583 0.012963
0 0.814974 0.085417 0.013802 0.012500
2 0.798958 0.116435 0.015625 0.012500
2 0.760156 0.052315 0.018229 0.014815
2 0.931771 0.048380 0.012500 0.010648
2 0.345313 0.544907 0.015104 0.010185
0 0.900391 0.665972 0.005990 0.019907
0 0.892839 0.669907 0.004427 0.012963
0 0.857031 0.664352 0.008854 0.021296
0 0.947135 0.708333 0.007292 0.023148
0 0.939974 0.711343 0.007031 0.020833
0 0.932031 0.713657 0.006771 0.025463
0 0.968099 0.801157 0.008073 0.024537
0 0.930990 0.818519 0.008854 0.025000
2 0.924349 0.822917 0.007552 0.018981
2 0.916536 0.822917 0.009115 0.020833
2 0.924479 0.843981 0.008854 0.022222
2 0.918620 0.845370 0.008594 0.025000
0 0.899349 0.929861 0.011719 0.012500
0 0.790234 0.665278 0.011719 0.012037
0 0.747266 0.624537 0.012760 0.013889
0 0.776693 0.676620 0.013281 0.013426
0 0.700911 0.612037 0.006510 0.026852
0 0.758203 0.691898 0.011719 0.012500
0 0.651823 0.668981 0.008854 0.024074
2 0.617188 0.587037 0.020313 0.013889
2 0.660026 0.593056 0.010156 0.026852
0 0.587370 0.765509 0.013281 0.018056
0 0.661068 0.702083 0.014844 0.017130
2 0.642839 0.699769 0.013281 0.030093
0 0.636719 0.649537 0.007292 0.024074
0 0.619271 0.709491 0.010937 0.023611
0 0.611458 0.776389 0.005729 0.028704
0 0.607031 0.735417 0.011458 0.021759
0 0.573828 0.782407 0.012240 0.014815
0 0.599870 0.834722 0.008594 0.023148
0 0.630339 0.734491 0.011198 0.024537
0 0.582812 0.809722 0.015104 0.017593
0 0.620573 0.759491 0.010417 0.022685
0 0.639844 0.871528 0.013021 0.012500
0 0.620703 0.880556 0.007552 0.024074
0 0.618229 0.801852 0.010417 0.024074
0 0.641667 0.500231 0.014583 0.010648
1 0.244141 0.495833 0.032552 0.017593
0 0.569792 0.493287 0.013021 0.009722
0 0.353776 0.559954 0.014323 0.010648
0 0.330208 0.576620 0.014063 0.010648
0 0.370052 0.575694 0.013542 0.008796
0 0.108203 0.629167 0.014323 0.010185
0 0.197135 0.803935 0.013542 0.015278
0 0.144922 0.929630 0.011198 0.012963
0 0.375391 0.854167 0.010156 0.022222
2 0.754687 0.107639 0.015625 0.012500
2 0.899609 0.177315 0.016927 0.013889
0 0.968490 0.042824 0.013542 0.011574
0 0.660937 0.350926 0.009375 0.021296
2 0.639323 0.618981 0.006771 0.029630
0 0.629036 0.680324 0.008073 0.018981
2 0.605729 0.822917 0.010937 0.023611
2 0.628255 0.939815 0.007031 0.023148
0 0.549219 0.836574 0.014063 0.016667
0 0.517969 0.780556 0.006250 0.024074
0 0.047135 0.348611 0.014063 0.012037
0 0.056250 0.312963 0.007292 0.022222
2 0.047396 0.309954 0.008333 0.026389
0 0.139583 0.921759 0.012500 0.013889
0 0.146354 0.942824 0.012500 0.014352
0 0.148307 0.955093 0.013802 0.015741
3 0.495833 0.620602 0.005208 0.012500
0 0.568620 0.821065 0.013281 0.016204
0 0.642969 0.925926 0.005729 0.021296
0 0.624479 0.910185 0.005729 0.024074
2 0.610156 0.191898 0.016146 0.026389
0 0.633594 0.159028 0.008854 0.024537
0 0.081641 0.993981 0.008594 0.012037
0 0.628776 0.844676 0.008073 0.024537
0 0.947786 0.045602 0.015365 0.013426
0 0.961589 0.757407 0.014844 0.013889
0 0.555339 0.799537 0.013802 0.017593
0 0.690625 0.482407 0.014063 0.011111
0 0.077344 0.968287 0.009375 0.011574
0 0.074219 0.958565 0.011458 0.012500
0 0.047526 0.966898 0.014323 0.014352
0 0.044661 0.956250 0.013802 0.016204
0 0.137891 0.908333 0.011719 0.012037
0 0.226432 0.730787 0.014844 0.016204
0 0.313021 0.719444 0.011458 0.012963
0 0.640234 0.894213 0.006510 0.024537
0 0.693229 0.674074 0.008854 0.025000
2 0.034245 0.303704 0.008594 0.027778
0 0.033984 0.352315 0.008073 0.019444
0 0.024349 0.354398 0.011198 0.027315
0 0.486068 0.935417 0.006510 0.023611
0 0.486328 0.969907 0.006510 0.025926
0 0.509635 0.735185 0.006771 0.025926
0 0.518099 0.740278 0.005990 0.025000
0 0.510547 0.703009 0.007552 0.026389
0 0.042057 0.944676 0.011719 0.011574
0 0.213932 0.783565 0.013802 0.014352
0 0.282943 0.687037 0.014323 0.017593
0 0.262500 0.702546 0.014583 0.016204
0 0.329167 0.717130 0.015104 0.011111
0 0.345443 0.723148 0.014323 0.014815
0 0.516276 0.815278 0.006510 0.025000
2 0.506641 0.825463 0.006510 0.027778
0 0.489453 0.800231 0.006510 0.025463
2 0.507292 0.779398 0.006771 0.026389
0 0.530339 0.665509 0.006510 0.025463
0 0.492188 0.659028 0.006250 0.026389
0 0.520833 0.662269 0.006250 0.024537
2 0.519661 0.702315 0.007031 0.033333
2 0.500781 0.661806 0.006771 0.028241
1 0.511719 0.662731 0.007812 0.037500
0 0.719010 0.659259 0.014063 0.011111
2 0.687370 0.610880 0.007552 0.027315
0 0.907552 0.661111 0.006771 0.025000
0 0.960156 0.809491 0.008333 0.023611
0 0.788411 0.149769 0.012240 0.021759
0 0.063151 0.943750 0.010677 0.018981
0 0.979688 0.795139 0.007812 0.020833
0 0.995443 0.841898 0.009115 0.015278
0 0.978385 0.280787 0.009375 0.029167
2 0.987500 0.286806 0.011458 0.028241
0 0.987760 0.244676 0.013021 0.011574
0 0.772396 0.101620 0.014063 0.011574
0 0.696094 0.052083 0.005729 0.026389
0 0.669792 0.143750 0.013021 0.018056
0 0.500130 0.703241 0.007031 0.025926
0 0.491536 0.688657 0.005469 0.018981
0 0.491406 0.728009 0.005729 0.024537
0 0.499609 0.742824 0.005990 0.022685
0 0.490885 0.766667 0.006250 0.023148
0 0.498698 0.780093 0.006250 0.024074
2 0.488802 0.833565 0.007292 0.026389
2 0.487240 0.866435 0.006250 0.027315
0 0.505469 0.860880 0.007292 0.025463
2 0.486979 0.899306 0.005729 0.026389
0 0.772396 0.518750 0.014583 0.010648
0 0.459766 0.431944 0.005469 0.023148
0 0.498307 0.833565 0.006510 0.026389
0 0.496875 0.873611 0.006250 0.026852
0 0.529167 0.704398 0.005729 0.024537
2 0.471224 0.439583 0.005990 0.025463
0 0.488151 0.416435 0.005469 0.024537
0 0.804297 0.464120 0.013802 0.011574
0 0.479557 0.405324 0.006510 0.025463
0 0.505339 0.933796 0.005990 0.024074
0 0.487109 0.379630 0.005469 0.025000
0 0.494141 0.961111 0.005469 0.024074
0 0.495312 0.914352 0.006250 0.023148
0 0.141016 0.826620 0.013281 0.015278
0 0.480599 0.438194 0.005469 0.022685
0 0.496875 0.419444 0.005729 0.026852
0 0.483464 0.340046 0.005990 0.023611
0 0.414193 0.574306 0.012760 0.009722
0 0.175391 0.710185 0.007552 0.024074
0 0.972786 0.311111 0.007031 0.024074
0 0.469792 0.399074 0.006250 0.024074
0 0.177865 0.759722 0.007292 0.024074
2 0.456510 0.347222 0.005729 0.029630
0 0.494661 0.989815 0.006510 0.020370
0 0.385156 0.366204 0.011458 0.022222
2 0.475130 0.318056 0.006510 0.029630
0 0.459766 0.178704 0.005990 0.024074
0 0.458724 0.391435 0.005990 0.021759
0 0.785156 0.166667 0.012500 0.017593
0 0.130469 0.851157 0.013021 0.015278
0 0.467187 0.150926 0.006250 0.025926
2 0.473568 0.267130 0.005990 0.028704
0 0.476693 0.357639 0.005990 0.023611
0 0.084375 0.560417 0.014583 0.012500
0 0.469401 0.190278 0.005990 0.025926
2 0.470573 0.227083 0.006250 0.028241
0 0.294661 0.561111 0.015365 0.011111
0 0.495443 0.379630 0.005990 0.025926
0 0.453906 0.267824 0.006250 0.024537
0 0.455729 0.305324 0.006771 0.027315
0 0.125521 0.840972 0.010937 0.011574
2 0.861719 0.806713 0.008333 0.027315
0 0.248047 0.558796 0.014844 0.011111
2 0.465234 0.332407 0.005990 0.025926
0 0.450781 0.226620 0.005729 0.023611
0 0.914323 0.445833 0.014063 0.009259
0 0.163281 0.511574 0.014063 0.010185
0 0.467969 0.369907 0.006771 0.025926
0 0.255208 0.539120 0.014063 0.010648
0 0.314844 0.559722 0.013021 0.011111
0 0.450651 0.190046 0.006510 0.025463
0 0.528385 0.734954 0.006771 0.024537
0 0.464714 0.301852 0.005990 0.025926
0 0.463672 0.259722 0.005990 0.025926
0 0.211328 0.551852 0.013802 0.012037
2 0.461849 0.215741 0.005990 0.025000
2 0.938802 0.973148 0.014063 0.019444
2 0.349740 0.574537 0.015625 0.012037
0 0.410286 0.559259 0.013802 0.010185
0 0.016667 0.474074 0.015104 0.012037
0 0.108724 0.850926 0.014323 0.015741
0 0.449349 0.148380 0.005990 0.026389
0 0.505469 0.891435 0.006771 0.026389
1 0.418359 0.588657 0.031510 0.014352
0 0.600391 0.266898 0.012760 0.020833
0 0.393880 0.559491 0.010156 0.010648
0 0.116927 0.812269 0.015104 0.018056
0 0.465365 0.107639 0.006250 0.026389
0 0.514714 0.849074 0.007552 0.025926
0 0.375130 0.561111 0.014844 0.010185
0 0.458854 0.141898 0.006771 0.026389
0 0.426432 0.221759 0.007031 0.024074
0 0.483984 0.309954 0.007031 0.025463
0 0.393099 0.573843 0.014844 0.011574
2 0.973828 0.981713 0.011719 0.036574
2 0.209245 0.565278 0.017448 0.012963
0 0.291406 0.574769 0.014583 0.010648
0 0.867969 0.487731 0.013542 0.009722
0 0.152344 0.966204 0.012500 0.016667
0 0.100911 0.618981 0.011198 0.012963
2 0.356641 0.424537 0.019531 0.033333
0 0.371875 0.394907 0.009896 0.022222
0 0.585807 0.219213 0.013281 0.016204
0 0.980990 0.574306 0.009375 0.023611
2 0.504036 0.977083 0.005990 0.026389
0 0.014844 0.519676 0.013542 0.011574
0 0.334115 0.561574 0.015104 0.010185
0 0.464062 0.497222 0.013542 0.011111
0 0.767448 0.486111 0.015625 0.011111
0 0.315885 0.488889 0.013021 0.018519
0 0.766536 0.166898 0.005990 0.025463
0 0.446354 0.105093 0.006250 0.024074
2 0.148568 0.542593 0.016406 0.012037
1 0.661589 0.552083 0.030990 0.019907
0 0.144661 0.557176 0.012240 0.010648
0 0.230599 0.570370 0.015365 0.011111
0 0.311198 0.575694 0.015104 0.011574
0 0.352865 0.526620 0.014063 0.010648
0 0.336979 0.458796 0.011458 0.018519
0 0.445182 0.065741 0.007031 0.025926
0 0.432943 0.521528 0.014844 0.012500
0 0.129557 0.553935 0.011719 0.009722
2 0.251953 0.571528 0.015885 0.011574
0 0.228646 0.554861 0.014583 0.011574
0 0.270313 0.559491 0.014063 0.010648
0 0.481641 0.269444 0.005469 0.023148
0 0.479297 0.233333 0.006510 0.025926
0 0.157422 0.526620 0.010677 0.009722
2 0.383464 0.589815 0.015365 0.011111
0 0.270573 0.572685 0.010937 0.010185
0 0.971354 0.482639 0.015625 0.013426
0 0.431250 0.168287 0.006771 0.024537
0 0.464323 0.068750 0.006250 0.024537
0 0.164323 0.560185 0.014583 0.011111
0 0.465495 0.991435 0.004427 0.017130
2 0.761458 0.470833 0.015625 0.012037
0 0.439714 0.811111 0.012240 0.020370
0 0.411589 0.300231 0.010156 0.025463
0 0.493490 0.349537 0.005729 0.025926
0 0.191797 0.549074 0.014323 0.012037
0 0.107292 0.475926 0.011458 0.009259
0 0.404297 0.333796 0.009115 0.019444
0 0.478385 0.192593 0.006771 0.025926
2 0.169922 0.545833 0.021615 0.015741
0 0.188411 0.563426 0.014844 0.012037
0 0.180729 0.487269 0.015625 0.012500
0 0.709766 0.462037 0.014323 0.010185
0 0.546875 0.220602 0.010417 0.021759
0 0.420833 0.257870 0.008854 0.027778
0 0.454557 0.043750 0.006510 0.026389
0 0.057682 0.467361 0.014323 0.010648
0 0.077474 0.531019 0.015365 0.012037
0 0.188021 0.519444 0.014063 0.012037
0 0.394141 0.525231 0.014844 0.010648
2 0.291276 0.513194 0.015365 0.010648
2 0.268620 0.526620 0.014844 0.010648
0 0.509505 0.505093 0.013281 0.011111
0 0.589453 0.521991 0.013281 0.010648
2 0.442448 0.025694 0.006250 0.028241
2 0.989062 0.606250 0.009896 0.026389
0 0.063151 0.511806 0.013281 0.010648
0 0.047266 0.524769 0.014844 0.013426
0 0.075911 0.544907 0.013281 0.012037
0 0.003776 0.548380 0.007031 0.010648
0 0.216276 0.521065 0.013802 0.010648
0 0.090234 0.502778 0.014323 0.011111
0 0.313932 0.527778 0.014323 0.010185
0 0.456120 0.092361 0.007031 0.026389
0 0.044922 0.556713 0.014844 0.012500
0 0.550260 0.559954 0.015625 0.014352
0 0.620182 0.487037 0.014844 0.010185
0 0.043490 0.900000 0.014063 0.016667
0 0.433333 0.110185 0.006250 0.027778
0 0.968880 0.466435 0.016406 0.014352
0 0.003776 0.501389 0.007031 0.009259
0 0.108724 0.550463 0.010677 0.009259
0 0.121875 0.538426 0.014063 0.012037
0 0.093229 0.576852 0.014583 0.012037
0 0.475391 0.585185 0.012760 0.012963
0 0.641927 0.424306 0.010937 0.018981
0 0.175391 0.817593 0.007031 0.026852
0 0.429557 0.027778 0.006510 0.026852
0 0.452474 0.007639 0.005469 0.014352
0 0.518620 0.104398 0.008073 0.026389
3 0.492578 0.629630 0.007031 0.006481
0 0.437240 0.537731 0.014063 0.010648
0 0.132682 0.569676 0.016406 0.010648
0 0.203255 0.585417 0.013802 0.011574
2 0.794661 0.450463 0.014323 0.011111
3 0.544010 0.621296 0.002604 0.005556
0 0.615234 0.384028 0.009115 0.018981
