0 0.056250 0.990509 0.012500 0.012500
0 0.085677 0.993056 0.009896 0.012037
0 0.067969 0.981481 0.011458 0.024074
0 0.138021 0.896759 0.014063 0.014815
0 0.140234 0.908333 0.012760 0.014815
0 0.265755 0.940509 0.009635 0.014352
0 0.146094 0.759491 0.008854 0.021759
0 0.139974 0.734722 0.009115 0.021296
0 0.092318 0.809491 0.010156 0.023611
0 0.260807 0.610648 0.014323 0.009259
0 0.409245 0.607176 0.013802 0.010648
0 0.367839 0.593981 0.013802 0.010185
0 0.202604 0.761806 0.011979 0.017130
0 0.370182 0.612963 0.013802 0.011111
0 0.233333 0.787037 0.012500 0.015741
0 0.215234 0.748843 0.013802 0.016204
0 0.250130 0.724306 0.013802 0.017130
0 0.264844 0.760417 0.014063 0.015278
0 0.281641 0.748611 0.014844 0.016667
0 0.376563 0.760417 0.011979 0.020833
0 0.409766 0.838194 0.010677 0.022685
0 0.389583 0.861806 0.010417 0.022685
0 0.389193 0.818981 0.010156 0.025926
0 0.185547 0.417593 0.006510 0.024074
0 0.689063 0.106481 0.010937 0.024074
2 0.626042 0.160648 0.010937 0.025926
2 0.621354 0.172917 0.012500 0.022685
0 0.657422 0.125463 0.009635 0.025926
0 0.665365 0.120370 0.009375 0.020370
0 0.650130 0.130556 0.011719 0.025926
0 0.692187 0.010417 0.006250 0.019907
0 0.792057 0.085185 0.016406 0.014815
0 0.759375 0.027778 0.014583 0.012963
0 0.814063 0.076157 0.014063 0.013426
2 0.798307 0.108565 0.015885 0.013426
2 0.758333 0.045370 0.018229 0.014815
2 0.932292 0.035880 0.012500 0.010648
0 0.906120 0.655324 0.005990 0.019907
0 0.862240 0.655556 0.008854 0.021296
0 0.952865 0.696528 0.007812 0.022685
0 0.946094 0.700231 0.006771 0.021759
0 0.938542 0.702083 0.006771 0.025463
0 0.974219 0.790741 0.007812 0.025000
0 0.937760 0.807176 0.009375 0.023611
2 0.930078 0.811806 0.007552 0.018981
2 0.923307 0.812269 0.009115 0.020833
2 0.930859 0.835880 0.009635 0.020833
2 0.926172 0.835880 0.008594 0.023611
0 0.906641 0.920833 0.012240 0.013889
0 0.794661 0.657407 0.011719 0.012037
0 0.751042 0.618981 0.011979 0.014815
0 0.780859 0.669676 0.013281 0.013426
0 0.705078 0.606019 0.006510 0.026852
0 0.762891 0.685417 0.011719 0.012500
0 0.655859 0.665509 0.009115 0.025463
2 0.620703 0.584259 0.020573 0.014815
2 0.663672 0.587500 0.010156 0.027778
0 0.592708 0.762963 0.013021 0.018519
0 0.664974 0.698148 0.014323 0.017593
2 0.647526 0.695602 0.012760 0.028241
0 0.640365 0.645602 0.008333 0.025463
0 0.623698 0.706250 0.010937 0.023611
0 0.616146 0.773148 0.005729 0.027778
0 0.611589 0.733333 0.011198 0.022222
0 0.578516 0.780093 0.012240 0.014815
0 0.604818 0.832407 0.008594 0.023148
0 0.635026 0.731250 0.011198 0.024537
0 0.587760 0.809259 0.015104 0.017593
0 0.625260 0.755787 0.010417 0.022685
0 0.645573 0.868519 0.013542 0.011111
0 0.626693 0.878009 0.006510 0.023611
0 0.623307 0.798843 0.009635 0.023611
0 0.585938 0.475694 0.013542 0.011574
0 0.565495 0.493981 0.014844 0.011111
0 0.356380 0.564120 0.014323 0.010648
0 0.332813 0.581250 0.014063 0.010648
0 0.372917 0.579167 0.013542 0.010185
0 0.144922 0.931250 0.011198 0.015278
0 0.380859 0.857639 0.010156 0.024537
2 0.754167 0.098611 0.015104 0.012963
2 0.899609 0.165509 0.016406 0.013426
0 0.967969 0.028241 0.013021 0.012963
0 0.662760 0.343519 0.009896 0.019444
2 0.643229 0.614583 0.006250 0.028241
0 0.633203 0.676389 0.007552 0.019444
2 0.610938 0.820139 0.009896 0.023611
2 0.635286 0.937037 0.007031 0.023148
0 0.555208 0.835185 0.014583 0.017593
0 0.047396 0.360417 0.014063 0.012500
0 0.055990 0.326389 0.007292 0.022222
2 0.048177 0.322454 0.008333 0.026389
0 0.143229 0.918981 0.011979 0.012963
0 0.152344 0.953935 0.012500 0.014352
0 0.155078 0.965972 0.014323 0.017130
0 0.574219 0.819676 0.013021 0.017130
0 0.649089 0.923843 0.005469 0.021759
0 0.631510 0.906713 0.006250 0.021759
2 0.609896 0.187037 0.015625 0.028704
0 0.632682 0.153241 0.009635 0.023148
0 0.634115 0.842593 0.008333 0.025000
0 0.947526 0.031713 0.015885 0.014352
0 0.968099 0.746991 0.014323 0.014352
0 0.559245 0.798611 0.013802 0.017593
0 0.689974 0.461111 0.013802 0.011111
0 0.082422 0.983102 0.009115 0.010648
0 0.079687 0.970139 0.011458 0.012500
0 0.054427 0.979398 0.013021 0.014352
0 0.051302 0.969907 0.013021 0.013889
0 0.230339 0.737731 0.014844 0.017130
0 0.317057 0.725694 0.011198 0.011574
0 0.646354 0.890972 0.006250 0.024537
0 0.697396 0.668519 0.008854 0.025000
2 0.034766 0.316204 0.008594 0.027778
0 0.034505 0.364815 0.008073 0.019444
0 0.024870 0.368056 0.011719 0.027778
0 0.048177 0.958102 0.011979 0.011574
0 0.218099 0.791898 0.013802 0.014352
0 0.286589 0.694444 0.013802 0.018519
0 0.266406 0.709259 0.014583 0.017593
0 0.333984 0.722685 0.014844 0.012963
0 0.349479 0.727546 0.014063 0.014352
0 0.723437 0.652778 0.014063 0.012963
2 0.691146 0.605556 0.006771 0.028704
0 0.913802 0.649537 0.006771 0.025000
0 0.966667 0.798148 0.007812 0.023148
0 0.787500 0.139352 0.013021 0.019444
0 0.068750 0.955093 0.010417 0.017593
0 0.986068 0.782870 0.008073 0.022222
0 0.980469 0.266667 0.008854 0.029630
2 0.989323 0.272917 0.011458 0.027315
0 0.989062 0.230787 0.012500 0.012500
0 0.694531 0.045602 0.006250 0.025463
0 0.669661 0.136343 0.013802 0.018981
0 0.461328 0.432639 0.005990 0.022685
2 0.472656 0.440278 0.006250 0.025000
0 0.489714 0.415972 0.005990 0.023611
0 0.480859 0.404861 0.006510 0.025463
0 0.488281 0.379861 0.006250 0.024537
0 0.177734 0.707407 0.007552 0.022222
0 0.481641 0.439120 0.005469 0.022685
0 0.498437 0.418287 0.006771 0.026389
0 0.485026 0.339583 0.005990 0.023611
0 0.417057 0.577083 0.012760 0.010648
0 0.975130 0.298148 0.007031 0.024074
0 0.470573 0.399537 0.006250 0.024074
0 0.174219 0.622685 0.010417 0.022222
2 0.457031 0.349074 0.005729 0.029630
0 0.247135 0.545370 0.014583 0.010185
2 0.475911 0.318056 0.006510 0.029630
0 0.459505 0.178704 0.005990 0.024074
0 0.459505 0.392361 0.005990 0.021759
0 0.784896 0.157407 0.012500 0.017593
0 0.134896 0.862963 0.014063 0.016667
0 0.466146 0.151389 0.006250 0.025926
2 0.473568 0.265741 0.005990 0.028704
0 0.477734 0.357176 0.005990 0.023611
0 0.470052 0.189583 0.006771 0.025463
2 0.470052 0.226620 0.006250 0.028241
0 0.297266 0.567130 0.015365 0.011111
0 0.496484 0.379398 0.005469 0.024537
0 0.454427 0.267361 0.006250 0.024537
0 0.456510 0.305324 0.006771 0.027315
2 0.867578 0.796296 0.008594 0.025000
0 0.249870 0.564815 0.014844 0.011111
2 0.466276 0.332407 0.005990 0.025926
0 0.450260 0.226620 0.005729 0.023611
0 0.469010 0.369444 0.006771 0.025926
0 0.316927 0.565741 0.013021 0.011111
0 0.450130 0.189120 0.006510 0.025463
0 0.464974 0.301389 0.005990 0.025926
0 0.463672 0.260648 0.005990 0.025926
0 0.213411 0.561343 0.013802 0.010648
2 0.461589 0.214583 0.005990 0.026389
2 0.946745 0.962269 0.015365 0.018981
2 0.352344 0.579861 0.015625 0.010648
0 0.412891 0.562037 0.014323 0.011111
0 0.448568 0.148380 0.005990 0.026389
1 0.420964 0.591435 0.031510 0.014352
0 0.515755 0.081713 0.008073 0.022685
0 0.396094 0.562731 0.010937 0.009722
0 0.121615 0.824306 0.014063 0.017130
0 0.464583 0.109491 0.006250 0.026389
0 0.377214 0.564815 0.014844 0.010185
0 0.457292 0.142361 0.006771 0.026389
0 0.370443 0.409722 0.010677 0.023148
0 0.484245 0.310417 0.007031 0.025463
0 0.395573 0.578241 0.014063 0.011111
2 0.983203 0.973148 0.011719 0.038889
2 0.210807 0.574769 0.017448 0.012500
0 0.293229 0.581713 0.014583 0.010648
0 0.158594 0.975463 0.012500 0.016667
0 0.102344 0.629630 0.011979 0.012963
0 0.585286 0.216435 0.013281 0.018056
0 0.948307 0.449537 0.014323 0.018519
0 0.335938 0.565278 0.015104 0.010185
0 0.765625 0.156250 0.005208 0.023611
0 0.445312 0.112500 0.006250 0.024074
2 0.150260 0.552083 0.015625 0.011574
0 0.147656 0.566435 0.012500 0.011574
0 0.232943 0.577778 0.015365 0.011111
0 0.313802 0.581250 0.014063 0.009722
0 0.443490 0.065972 0.006250 0.027315
0 0.131771 0.564352 0.011979 0.010185
2 0.254036 0.578935 0.015885 0.011574
0 0.230208 0.562731 0.014583 0.011574
0 0.272396 0.565972 0.014063 0.010648
0 0.481641 0.269907 0.005469 0.023148
0 0.479557 0.233102 0.006510 0.026389
2 0.385677 0.593056 0.015625 0.010185
0 0.272135 0.579398 0.010417 0.008796
0 0.405208 0.314120 0.009896 0.024537
0 0.462500 0.069444 0.006250 0.025000
0 0.167187 0.568750 0.014583 0.010648
2 0.615104 0.486574 0.015625 0.011111
0 0.326432 0.484259 0.012240 0.018519
0 0.494010 0.348148 0.005729 0.025926
0 0.194401 0.557870 0.014323 0.011111
0 0.295703 0.504630 0.012760 0.012963
0 0.478646 0.193056 0.006771 0.025926
2 0.172656 0.555556 0.021354 0.013889
0 0.190755 0.571296 0.014844 0.012037
0 0.347786 0.452315 0.011719 0.023148
0 0.452604 0.043750 0.006771 0.027315
0 0.113281 0.548380 0.015104 0.011574
2 0.005078 0.514815 0.009635 0.012037
2 0.440625 0.026620 0.006250 0.028241
2 0.901432 0.440046 0.015365 0.009722
0 0.060417 0.539120 0.013542 0.011574
0 0.036719 0.535417 0.014583 0.011574
0 0.083854 0.557176 0.013542 0.010648
0 0.080599 0.541204 0.013281 0.011111
0 0.455339 0.102083 0.007031 0.026389
0 0.588672 0.490046 0.013281 0.011574
0 0.129427 0.549537 0.014063 0.011111
0 0.586458 0.505093 0.012500 0.010185
0 0.168620 0.649537 0.007552 0.021296
0 0.450391 0.007639 0.007031 0.014352
0 0.211979 0.525000 0.015104 0.010185
0 0.082943 0.900926 0.013802 0.016667
2 0.387109 0.366204 0.015885 0.038889
0 0.563021 0.509954 0.014063 0.010648
0 0.460677 0.032176 0.006771 0.026389
0 0.476042 0.147685 0.005729 0.019444
0 0.771224 0.093750 0.014323 0.012500
0 0.346875 0.594907 0.013542 0.010185
0 0.562500 0.478704 0.014583 0.011111
0 0.606510 0.470370 0.014583 0.010185
0 0.151172 0.940278 0.010677 0.014815
2 0.227214 0.591898 0.016927 0.011574
1 0.447135 0.848611 0.023958 0.049074
0 0.054427 0.552546 0.013021 0.010648
1 0.348698 0.610880 0.019271 0.012500
0 0.436068 0.605324 0.015365 0.011574
3 0.526432 0.172222 0.002865 0.009259
0 0.275651 0.594907 0.014844 0.011111
0 0.898307 0.661343 0.005469 0.009722
0 0.290755 0.611806 0.015885 0.010648
0 0.319792 0.611343 0.014583 0.010648
0 0.296875 0.594907 0.013542 0.011111
0 0.501172 0.978009 0.004948 0.020833
0 0.418750 0.259954 0.007812 0.027315
0 0.180469 0.600926 0.013021 0.012037
0 0.251302 0.596065 0.015104 0.010648
0 0.321354 0.596528 0.015104 0.010648
0 0.612760 0.502315 0.014583 0.010185
2 0.726172 0.455324 0.016927 0.011574
0 0.008594 0.532870 0.014583 0.012037
0 0.207943 0.590741 0.014323 0.010185
0 0.390234 0.609722 0.013802 0.011111
0 0.760417 0.528241 0.013021 0.010185
0 0.491667 0.987731 0.006250 0.024537
0 0.118750 0.562731 0.011458 0.009722
0 0.201693 0.813194 0.013281 0.014352
0 0.110937 0.640046 0.013542 0.010648
0 0.708203 0.079861 0.008073 0.024537
2 0.989974 0.369676 0.008073 0.018981
0 0.532031 0.638194 0.004167 0.018056
2 0.144661 0.535417 0.013802 0.009722
0 0.474219 0.103241 0.006771 0.025926
0 0.492448 0.314352 0.006250 0.025000
0 0.426432 0.203241 0.006510 0.026852
0 0.988021 0.081481 0.010937 0.024074
0 0.219010 0.606019 0.014063 0.010185
2 0.517708 0.458333 0.006250 0.030556
0 0.463802 0.558102 0.013021 0.018981
2 0.138542 0.500000 0.014583 0.012037
0 0.035807 0.549769 0.015885 0.013426
0 0.177083 0.584954 0.014583 0.011574
0 0.432161 0.132407 0.006510 0.027778
2 0.469531 0.050231 0.007292 0.030093
2 0.483203 0.587269 0.011198 0.023611
0 0.633984 0.701620 0.011198 0.023611
0 0.493490 0.880324 0.006250 0.024537
0 0.429948 0.533565 0.014583 0.013426
2 0.597396 0.776389 0.014063 0.020370
0 0.382552 0.546991 0.014063 0.011574
0 0.978125 0.508333 0.008854 0.024074
0 0.505990 0.677315 0.005729 0.023148
0 0.351953 0.519907 0.013281 0.011111
0 0.265755 0.516204 0.013802 0.010185
0 0.486068 0.180787 0.006510 0.025463
0 0.502474 0.867593 0.005469 0.023148
0 0.317578 0.533333 0.014323 0.011111
3 0.245964 0.632407 0.007031 0.006481
0 0.489063 0.240278 0.006771 0.025000
2 0.503255 0.904398 0.005469 0.027315
2 0.512500 0.862963 0.005729 0.028704
3 0.495443 0.705093 0.003906 0.012037
0 0.514193 0.748380 0.005990 0.026389
0 0.505208 0.743519 0.005208 0.024074
0 0.494531 0.784722 0.006250 0.023148
0 0.508594 0.518519 0.006250 0.024074
0 0.176693 0.519444 0.015365 0.009259
2 0.064193 0.505556 0.015365 0.011111
0 0.023177 0.517824 0.014063 0.010648
0 0.275000 0.633333 0.014583 0.012037
0 0.426953 0.024537 0.006510 0.025926
0 0.509115 0.427778 0.006250 0.026852
2 0.501432 0.275926 0.006510 0.025926
0 0.496875 0.661343 0.006250 0.022685
0 0.109896 0.511343 0.010937 0.008796
0 0.649740 0.463889 0.010417 0.009259
0 0.771224 0.511806 0.014844 0.010648
0 0.826562 0.456019 0.014063 0.011111
0 0.850000 0.510880 0.013542 0.011574
3 0.099740 0.467824 0.004687 0.010648
