0 0.052865 0.981713 0.012500 0.012500
0 0.083594 0.984259 0.009896 0.012037
0 0.065365 0.974537 0.011458 0.024074
0 0.135417 0.890278 0.014063 0.014815
0 0.137891 0.901852 0.012760 0.014815
0 0.263672 0.936111 0.009635 0.014815
0 0.138542 0.728935 0.009375 0.020833
0 0.090755 0.801620 0.010156 0.023611
0 0.285156 0.606944 0.013542 0.010185
0 0.408464 0.604861 0.013802 0.010648
0 0.366927 0.591898 0.013542 0.010648
0 0.200260 0.757176 0.011979 0.017130
0 0.369401 0.610185 0.013802 0.011111
0 0.232031 0.781944 0.012500 0.015741
0 0.213151 0.744213 0.013802 0.016204
0 0.248047 0.718287 0.013802 0.017130
0 0.263542 0.759028 0.014063 0.015278
0 0.280078 0.746759 0.014844 0.016667
0 0.375781 0.758796 0.011979 0.021296
0 0.407943 0.837269 0.010677 0.022685
0 0.387760 0.859954 0.009375 0.022685
0 0.388411 0.817130 0.010156 0.025926
0 0.185677 0.411343 0.006771 0.023611
0 0.689844 0.108796 0.010417 0.023148
2 0.627083 0.162037 0.010937 0.025926
2 0.622266 0.174306 0.013802 0.022685
0 0.657422 0.125463 0.009635 0.025926
0 0.665625 0.121296 0.009375 0.020370
0 0.651693 0.131944 0.011719 0.025926
0 0.694141 0.012037 0.006510 0.023148
0 0.793880 0.088889 0.016406 0.014815
0 0.761979 0.029167 0.014583 0.012963
0 0.816146 0.080324 0.014063 0.013426
2 0.800130 0.111343 0.015885 0.013426
2 0.760938 0.047222 0.018229 0.014815
2 0.933854 0.040972 0.012500 0.010648
0 0.905339 0.659954 0.005990 0.019907
0 0.861198 0.661111 0.008854 0.022222
0 0.951823 0.701389 0.007292 0.022222
0 0.944792 0.707176 0.006771 0.021759
0 0.936719 0.708102 0.006771 0.025463
0 0.972656 0.796991 0.007812 0.024537
0 0.935807 0.812963 0.008594 0.024074
2 0.930078 0.817361 0.007552 0.018981
2 0.922526 0.817824 0.009115 0.020833
2 0.929557 0.838194 0.008594 0.021759
2 0.924089 0.839815 0.007552 0.025000
0 0.903776 0.926620 0.012240 0.012500
0 0.793620 0.660417 0.011198 0.013426
0 0.750651 0.621296 0.012760 0.013889
0 0.780078 0.673380 0.012760 0.014352
0 0.704036 0.608796 0.006510 0.026852
0 0.762240 0.689120 0.010937 0.012500
0 0.655078 0.666435 0.009115 0.023611
2 0.620443 0.586574 0.020573 0.014815
2 0.663411 0.589815 0.009635 0.026852
0 0.591406 0.764815 0.013021 0.018519
0 0.664193 0.699306 0.014323 0.017130
2 0.646615 0.698611 0.013021 0.030556
0 0.639453 0.646759 0.007031 0.025000
0 0.623177 0.706713 0.010937 0.023611
0 0.615365 0.774537 0.005729 0.028704
0 0.610286 0.734722 0.011198 0.021296
0 0.576953 0.781944 0.012240 0.014815
0 0.603516 0.832870 0.008594 0.023148
0 0.633724 0.732176 0.011198 0.024537
0 0.585938 0.807407 0.015104 0.017593
0 0.624089 0.758102 0.010156 0.022685
0 0.644271 0.869907 0.013542 0.011111
0 0.624870 0.879861 0.006510 0.023611
0 0.621224 0.800231 0.009635 0.023611
0 0.586198 0.475694 0.013542 0.011574
0 0.565495 0.493981 0.014844 0.011111
0 0.355078 0.560880 0.014323 0.010648
0 0.332031 0.577083 0.014063 0.010648
0 0.371615 0.576389 0.013542 0.010185
0 0.142578 0.925231 0.011198 0.015278
0 0.379036 0.856250 0.010156 0.024537
2 0.755469 0.102778 0.015104 0.012963
2 0.901953 0.171991 0.016406 0.013426
0 0.970313 0.034259 0.013542 0.012037
0 0.662891 0.346296 0.010156 0.020370
2 0.642448 0.616898 0.006250 0.028241
0 0.632292 0.678935 0.008333 0.018981
2 0.609896 0.821065 0.009896 0.023611
2 0.632812 0.938889 0.006250 0.024074
0 0.552865 0.836343 0.014063 0.018056
0 0.047656 0.353472 0.014063 0.010648
0 0.056510 0.318056 0.007292 0.022222
2 0.048438 0.313889 0.009375 0.025000
0 0.140625 0.912963 0.011979 0.012963
0 0.149479 0.946065 0.012500 0.014352
0 0.151823 0.959491 0.013542 0.016204
0 0.572656 0.820602 0.013021 0.017130
0 0.647005 0.925463 0.005469 0.022222
0 0.628516 0.909028 0.004948 0.021759
2 0.611068 0.189352 0.015365 0.027778
0 0.634505 0.154630 0.009115 0.024074
0 0.632031 0.843981 0.008333 0.025000
0 0.949870 0.037269 0.015885 0.014352
0 0.966146 0.753472 0.014063 0.013426
0 0.557943 0.799074 0.013802 0.017593
0 0.646745 0.467593 0.014323 0.011111
0 0.080599 0.973380 0.009115 0.010648
0 0.076823 0.963194 0.011458 0.012500
0 0.051562 0.969676 0.013021 0.014352
0 0.047656 0.960417 0.012500 0.016204
0 0.227734 0.734491 0.014844 0.017130
0 0.315755 0.721991 0.011198 0.012500
0 0.644792 0.893287 0.006250 0.026389
0 0.696484 0.671528 0.008594 0.024537
2 0.035026 0.309028 0.008594 0.026389
0 0.034505 0.356944 0.008073 0.019444
0 0.025130 0.359259 0.011719 0.027778
0 0.044922 0.949537 0.011719 0.013889
0 0.216797 0.787269 0.013802 0.014352
0 0.285156 0.688889 0.014063 0.016667
0 0.264844 0.706481 0.014583 0.017593
0 0.332422 0.718981 0.014844 0.012963
0 0.347656 0.725231 0.014063 0.014352
0 0.722396 0.656944 0.013542 0.012963
2 0.690104 0.606250 0.006250 0.028241
0 0.912500 0.654630 0.006250 0.024074
0 0.965234 0.804398 0.007552 0.023611
0 0.789583 0.143519 0.011979 0.019444
0 0.984115 0.790046 0.007292 0.020833
0 0.981510 0.271759 0.008854 0.027778
2 0.990755 0.278704 0.011198 0.025926
0 0.990365 0.236806 0.013021 0.010648
0 0.696745 0.046991 0.005990 0.025463
0 0.670964 0.138889 0.013281 0.017593
0 0.489844 0.415741 0.006250 0.024074
0 0.488281 0.378009 0.006250 0.024537
0 0.179818 0.604398 0.012760 0.017130
0 0.485026 0.339120 0.005990 0.023611
0 0.416276 0.575694 0.012760 0.010648
0 0.975911 0.304167 0.005990 0.025926
0 0.220182 0.602778 0.014323 0.009259
2 0.507682 0.181481 0.005469 0.023148
0 0.469922 0.176852 0.005990 0.023148
0 0.785156 0.160880 0.012500 0.018056
0 0.132943 0.855324 0.012760 0.014352
0 0.296484 0.563889 0.015365 0.011111
0 0.498698 0.416204 0.005729 0.025000
0 0.456380 0.281250 0.006510 0.025463
2 0.866276 0.801389 0.008073 0.025000
0 0.249089 0.561574 0.014844 0.011111
2 0.483594 0.636343 0.006771 0.027315
0 0.316406 0.562269 0.012500 0.009722
0 0.452083 0.209954 0.005729 0.022685
0 0.460026 0.410417 0.005990 0.022685
0 0.212891 0.556250 0.013802 0.010648
2 0.943750 0.968287 0.014583 0.017130
2 0.351562 0.576157 0.015625 0.010648
0 0.412109 0.561111 0.014323 0.011111
0 0.459375 0.142130 0.006771 0.025000
1 0.419661 0.589583 0.031510 0.014352
0 0.395833 0.560417 0.010937 0.009722
0 0.119792 0.817361 0.014063 0.017130
0 0.376953 0.562037 0.014844 0.010185
0 0.211719 0.489583 0.012500 0.010648
0 0.484766 0.308102 0.006510 0.025463
0 0.395052 0.575000 0.014063 0.011111
2 0.980990 0.978704 0.010937 0.037963
2 0.210026 0.569213 0.017448 0.012500
0 0.292708 0.578009 0.014583 0.010648
0 0.155339 0.971759 0.012760 0.014815
0 0.102474 0.622917 0.011719 0.013426
0 0.586979 0.216667 0.012500 0.018519
0 0.336068 0.562037 0.014323 0.011111
2 0.149740 0.546065 0.015625 0.011574
0 0.146484 0.561111 0.012240 0.010185
0 0.232422 0.573148 0.015365 0.011111
0 0.313542 0.577546 0.013542 0.009722
0 0.422917 0.244213 0.007292 0.025463
0 0.130729 0.556944 0.011979 0.010185
2 0.253255 0.575231 0.015885 0.011574
0 0.229948 0.557176 0.014583 0.011574
0 0.271875 0.562731 0.014063 0.010648
0 0.482552 0.270139 0.005729 0.022685
0 0.480729 0.231019 0.006771 0.025000
2 0.385417 0.591204 0.015625 0.010185
0 0.271615 0.575231 0.010417 0.008796
0 0.282161 0.498611 0.013802 0.009259
0 0.448958 0.134028 0.006771 0.026389
0 0.165885 0.562731 0.014583 0.010648
2 0.615365 0.486111 0.015625 0.011111
0 0.496224 0.384259 0.005990 0.025000
0 0.192839 0.551852 0.014323 0.011111
2 0.171875 0.548611 0.021354 0.013889
0 0.189453 0.567130 0.014844 0.012037
0 0.112240 0.540972 0.015104 0.011574
2 0.442318 0.013194 0.006510 0.025463
0 0.059635 0.530324 0.013542 0.011574
0 0.035677 0.527083 0.014583 0.011574
0 0.083203 0.549769 0.012760 0.010648
0 0.079948 0.533796 0.013542 0.010185
0 0.589063 0.490741 0.014063 0.011111
0 0.128385 0.543056 0.014063 0.011111
0 0.586328 0.505787 0.012760 0.009722
0 0.202083 0.602546 0.013542 0.010648
0 0.453385 0.023380 0.006250 0.026389
0 0.173177 0.501157 0.014583 0.010648
0 0.080729 0.894444 0.013542 0.015741
2 0.218099 0.507176 0.022656 0.013426
0 0.563021 0.510417 0.014063 0.010648
0 0.467187 0.115972 0.005729 0.025463
0 0.477344 0.151157 0.005729 0.018981
0 0.773568 0.096991 0.014323 0.012500
0 0.345573 0.593519 0.013542 0.010185
0 0.562500 0.478704 0.014583 0.011111
0 0.606250 0.470370 0.014583 0.010185
0 0.148047 0.933333 0.010677 0.014815
2 0.226432 0.587731 0.016927 0.011574
0 0.053516 0.544676 0.013281 0.010648
1 0.347786 0.607639 0.019010 0.012500
0 0.435286 0.603472 0.015365 0.011574
0 0.274609 0.590741 0.014844 0.011111
0 0.897526 0.665278 0.004948 0.010185
0 0.305599 0.607176 0.016406 0.010648
0 0.324089 0.608102 0.014323 0.011574
0 0.300651 0.590741 0.013281 0.011111
0 0.307292 0.495833 0.014583 0.015741
0 0.250521 0.592130 0.014583 0.010185
0 0.321354 0.592824 0.015104 0.010648
0 0.613021 0.502778 0.014583 0.010185
0 0.007943 0.523611 0.014323 0.012037
0 0.206771 0.584722 0.014583 0.011111
0 0.388672 0.606944 0.013802 0.011111
0 0.615365 0.356713 0.011458 0.022685
0 0.117969 0.555324 0.011458 0.009722
0 0.202083 0.806019 0.011458 0.012963
0 0.110547 0.632176 0.013281 0.010648
0 0.476042 0.109722 0.006250 0.026852
0 0.495312 0.351389 0.006250 0.024074
0 0.338151 0.468981 0.011719 0.024074
0 0.262109 0.603935 0.014323 0.010648
0 0.035026 0.542361 0.015885 0.013426
0 0.185156 0.580556 0.014063 0.010185
0 0.368620 0.407639 0.011198 0.023611
2 0.472526 0.062963 0.006510 0.031481
0 0.658073 0.497454 0.014583 0.009722
0 0.495833 0.655787 0.006250 0.024537
0 0.653255 0.588657 0.006510 0.021759
0 0.192057 0.504861 0.013802 0.013426
0 0.489583 0.227083 0.007292 0.027315
3 0.235807 0.510880 0.006510 0.006944
0 0.494401 0.723843 0.005990 0.023611
0 0.137370 0.526389 0.014323 0.012037
0 0.253776 0.497917 0.014323 0.010648
0 0.627344 0.468519 0.010417 0.009259
0 0.933854 0.486343 0.015104 0.011574
0 0.470573 0.014583 0.006250 0.023611
0 0.491667 0.262731 0.006771 0.024537
0 0.495052 0.688657 0.005729 0.024537
0 0.184505 0.518519 0.014323 0.010185
2 0.641146 0.483565 0.015104 0.009722
0 0.165104 0.620833 0.005729 0.020370
0 0.414974 0.292593 0.008073 0.024074
1 0.493750 0.769907 0.008333 0.057407
0 0.953255 0.496528 0.012760 0.009722
0 0.180729 0.533565 0.013021 0.011574
0 0.166927 0.517824 0.013021 0.010648
2 0.205729 0.521759 0.013542 0.010185
0 0.239453 0.603009 0.013281 0.010648
0 0.386849 0.370833 0.010156 0.021296
0 0.151953 0.498380 0.013281 0.010648
0 0.131380 0.494444 0.013802 0.011111
0 0.637891 0.498843 0.013802 0.010648
0 0.893750 0.493287 0.015625 0.012500
0 0.993099 0.475000 0.013802 0.017593
2 0.783984 0.512500 0.015365 0.012037
0 0.491797 0.896528 0.006510 0.035648
0 0.141016 0.512500 0.013802 0.011111
2 0.428385 0.199306 0.006771 0.028241
0 0.490885 0.008333 0.005729 0.015741
0 0.432682 0.139120 0.005990 0.025463
0 0.492057 0.862037 0.005990 0.021296
0 0.160286 0.530787 0.013802 0.011574
0 0.472005 0.908102 0.005469 0.024537
0 0.767448 0.161343 0.005208 0.024537
0 0.491927 0.828009 0.006771 0.025463
0 0.475391 0.572685 0.005990 0.025000
0 0.156641 0.484491 0.014323 0.010648
3 0.261458 0.621296 0.006771 0.006481
0 0.490625 0.935648 0.005729 0.025926
0 0.064583 0.941667 0.008854 0.020370
0 0.475521 0.695833 0.005729 0.022222
0 0.139193 0.479167 0.014323 0.010185
0 0.055599 0.992593 0.012760 0.012037
0 0.463932 0.252546 0.006510 0.026389
0 0.472917 0.257870 0.006771 0.025000
2 0.472656 0.468287 0.005729 0.027315
2 0.482292 0.497685 0.005729 0.025000
0 0.464974 0.522222 0.005990 0.023148
2 0.483984 0.566898 0.005469 0.028241
0 0.500260 0.889352 0.005208 0.025926
0 0.551432 0.820602 0.014323 0.017130
0 0.483984 0.725926 0.005469 0.022222
0 0.084115 0.995833 0.007812 0.008333
0 0.461068 0.962963 0.005469 0.021296
0 0.144271 0.753009 0.008854 0.021759
0 0.432552 0.078472 0.005729 0.022685
0 0.463672 0.054167 0.005990 0.025926
0 0.479557 0.191204 0.006510 0.025926
0 0.477083 0.352778 0.006250 0.024074
0 0.467708 0.327315 0.006250 0.024074
0 0.457813 0.344907 0.005729 0.025000
0 0.505469 0.332639 0.006250 0.024537
0 0.512500 0.913194 0.006771 0.025463
0 0.502604 0.756944 0.005729 0.025000
0 0.429688 0.013426 0.006250 0.025926
2 0.444401 0.059722 0.006510 0.027778
0 0.485026 0.114815 0.006510 0.025000
0 0.470573 0.393287 0.006250 0.023611
0 0.480078 0.410648 0.006510 0.025000
0 0.466016 0.589815 0.005990 0.025926
2 0.465104 0.663657 0.005208 0.028241
2 0.473307 0.793519 0.005990 0.026852
0 0.481901 0.837963 0.005990 0.025926
0 0.500130 0.214815 0.006510 0.025000
0 0.461068 0.005324 0.005990 0.009722
3 0.498437 0.924306 0.004167 0.011574
1 0.489323 0.985880 0.008854 0.028241
0 0.509115 0.862731 0.005208 0.019907
2 0.512630 0.786806 0.007031 0.043056
0 0.511719 0.686806 0.006250 0.025463
2 0.516146 0.566435 0.005729 0.028241
