0 0.055990 0.993750 0.012500 0.012500
0 0.085677 0.993981 0.009896 0.012037
0 0.068359 0.985880 0.011198 0.024537
0 0.138021 0.899074 0.014063 0.014815
0 0.139974 0.910185 0.012760 0.014815
0 0.266797 0.942824 0.010156 0.014352
0 0.139583 0.737269 0.009375 0.020833
0 0.092969 0.813194 0.010937 0.021759
0 0.285286 0.613194 0.013802 0.011574
0 0.408203 0.608565 0.013802 0.010648
0 0.366927 0.596065 0.013542 0.010648
0 0.201823 0.764583 0.011979 0.017130
0 0.369661 0.613889 0.013802 0.011111
0 0.233594 0.788889 0.012500 0.015741
0 0.214974 0.751620 0.013802 0.016204
0 0.249609 0.725694 0.013802 0.017130
0 0.264844 0.762269 0.014063 0.015278
0 0.280859 0.750694 0.013802 0.016204
0 0.376563 0.762500 0.011979 0.021296
0 0.410026 0.839352 0.010156 0.023148
0 0.389844 0.863657 0.009375 0.022685
0 0.388932 0.820833 0.010156 0.025926
0 0.184766 0.420602 0.006510 0.023611
0 0.685937 0.107407 0.010417 0.023148
2 0.624870 0.161343 0.009635 0.026389
2 0.618620 0.174769 0.013802 0.022685
0 0.654557 0.124074 0.009635 0.025926
0 0.662760 0.119444 0.009375 0.020370
0 0.647396 0.130093 0.011458 0.025926
0 0.690104 0.010417 0.005729 0.019907
0 0.790104 0.083333 0.015625 0.014815
0 0.757292 0.025926 0.014583 0.012963
0 0.811719 0.075231 0.014063 0.013426
2 0.796224 0.106019 0.015885 0.013889
2 0.755990 0.044213 0.018229 0.014352
2 0.928906 0.033565 0.011979 0.010648
0 0.903776 0.652083 0.005990 0.019907
0 0.860938 0.653704 0.008333 0.021296
0 0.951823 0.692130 0.007292 0.022222
0 0.944922 0.697685 0.006510 0.022222
0 0.936719 0.698843 0.006771 0.025463
0 0.973307 0.786343 0.007552 0.024537
0 0.936589 0.803704 0.008594 0.025000
2 0.929557 0.809028 0.007552 0.018981
2 0.922266 0.808565 0.009115 0.020833
2 0.930469 0.830324 0.008854 0.021759
2 0.925391 0.831481 0.009115 0.025926
0 0.906380 0.917361 0.012240 0.012500
0 0.793880 0.655787 0.011198 0.013426
0 0.749609 0.616667 0.012760 0.013889
0 0.780339 0.667824 0.012760 0.014352
0 0.703906 0.605324 0.006250 0.026389
0 0.761979 0.684028 0.010937 0.012500
0 0.655339 0.663657 0.009115 0.024537
2 0.618880 0.585648 0.020573 0.014815
2 0.662891 0.588426 0.009635 0.026852
0 0.591667 0.763889 0.013021 0.018519
0 0.663932 0.696991 0.014323 0.017130
2 0.646224 0.696296 0.013281 0.029630
0 0.639974 0.644444 0.007031 0.025000
0 0.622396 0.705093 0.010937 0.022222
0 0.615885 0.772685 0.005729 0.028704
0 0.610417 0.733565 0.011458 0.021759
0 0.577995 0.781019 0.012240 0.014815
0 0.604167 0.831481 0.008854 0.022222
0 0.633984 0.730324 0.011198 0.024537
0 0.588281 0.806944 0.014063 0.017593
0 0.624609 0.755787 0.010156 0.022685
0 0.645443 0.866667 0.013281 0.011111
0 0.625521 0.878009 0.007292 0.024537
0 0.622786 0.798843 0.009635 0.023611
0 0.584896 0.476389 0.013542 0.012037
0 0.564453 0.494907 0.014844 0.011111
0 0.354818 0.566435 0.014323 0.010648
0 0.331510 0.582176 0.014063 0.010648
0 0.373958 0.581019 0.013542 0.010185
0 0.145052 0.934028 0.010937 0.013426
0 0.379818 0.859954 0.010156 0.024537
2 0.752083 0.100000 0.015104 0.012963
2 0.897917 0.164120 0.016146 0.012500
0 0.965625 0.026157 0.013542 0.011574
0 0.660677 0.343981 0.009896 0.020370
2 0.642448 0.614120 0.006771 0.026389
0 0.632031 0.676157 0.008333 0.018981
2 0.609896 0.820139 0.009896 0.023611
2 0.634635 0.937037 0.007292 0.024074
0 0.554818 0.835417 0.013802 0.017130
0 0.046745 0.364815 0.014323 0.012963
0 0.054948 0.328704 0.007292 0.022222
2 0.047526 0.325694 0.008594 0.027315
0 0.143359 0.921991 0.012240 0.013426
0 0.152604 0.955093 0.012500 0.014815
0 0.155078 0.966435 0.014323 0.015278
0 0.573828 0.819444 0.014323 0.018519
0 0.649089 0.922222 0.005469 0.022222
0 0.630859 0.907176 0.005990 0.021759
2 0.607682 0.187037 0.015365 0.027778
0 0.631120 0.153241 0.009115 0.024074
0 0.634115 0.841667 0.008333 0.025000
0 0.944922 0.029861 0.015885 0.014352
0 0.966536 0.742593 0.014323 0.014815
0 0.559505 0.797685 0.013802 0.017593
0 0.645312 0.464815 0.014583 0.010185
0 0.082552 0.983102 0.008333 0.011574
0 0.080078 0.974537 0.010677 0.013889
0 0.054688 0.981250 0.013021 0.014352
0 0.051302 0.971991 0.012500 0.016204
0 0.229297 0.740972 0.014844 0.017130
0 0.316016 0.727546 0.011198 0.012500
0 0.646094 0.890278 0.006250 0.025926
0 0.696484 0.667824 0.008594 0.024537
2 0.033724 0.321065 0.008594 0.026389
0 0.033724 0.368981 0.008073 0.019444
0 0.024089 0.371759 0.011719 0.027778
0 0.048568 0.961574 0.011719 0.013889
0 0.218359 0.794676 0.013802 0.014352
0 0.285547 0.695833 0.014323 0.018519
0 0.265885 0.712500 0.014583 0.017593
0 0.332943 0.723843 0.015885 0.011574
0 0.348438 0.730787 0.014063 0.014352
0 0.722917 0.651389 0.013542 0.012963
2 0.690104 0.603009 0.006250 0.029167
0 0.911328 0.646296 0.007031 0.024074
0 0.966276 0.794213 0.008594 0.023611
0 0.785807 0.137500 0.013281 0.019444
0 0.985286 0.780556 0.008073 0.022222
0 0.977604 0.262963 0.008854 0.027778
2 0.987240 0.269907 0.010937 0.026852
0 0.987109 0.229398 0.012760 0.012500
0 0.692318 0.045139 0.005990 0.025463
0 0.667318 0.136111 0.012760 0.018519
0 0.488542 0.417593 0.006250 0.024074
0 0.486979 0.380324 0.006250 0.024537
0 0.180990 0.611574 0.012500 0.015741
0 0.483203 0.341435 0.006510 0.022685
0 0.416276 0.578935 0.012760 0.010648
0 0.972786 0.296296 0.005990 0.025926
0 0.220312 0.610185 0.014583 0.012037
0 0.782813 0.158102 0.013542 0.018056
0 0.135286 0.864583 0.014323 0.015278
0 0.296224 0.570370 0.015365 0.011111
0 0.497656 0.424306 0.006250 0.025463
2 0.865365 0.797222 0.008333 0.025926
0 0.249089 0.568056 0.014844 0.011111
0 0.315495 0.566667 0.012760 0.010185
0 0.213151 0.563194 0.013802 0.010648
2 0.945964 0.958102 0.014844 0.018056
2 0.351562 0.581250 0.015625 0.010648
0 0.411979 0.562963 0.014063 0.011111
1 0.419141 0.592824 0.031510 0.014352
0 0.395573 0.564120 0.010937 0.009722
0 0.122135 0.827083 0.014063 0.017130
0 0.375911 0.566204 0.014844 0.010185
0 0.129167 0.489815 0.011979 0.009259
0 0.482943 0.310417 0.006510 0.025463
0 0.397396 0.579167 0.014063 0.011111
2 0.981641 0.968519 0.010156 0.038889
2 0.210417 0.576389 0.017708 0.012963
0 0.292969 0.583565 0.014583 0.010648
0 0.158203 0.978009 0.013281 0.017130
0 0.103646 0.632870 0.012500 0.013889
0 0.583854 0.217130 0.012500 0.017593
0 0.335286 0.567593 0.014323 0.011111
2 0.150000 0.555324 0.015625 0.011574
0 0.147005 0.569907 0.012240 0.010185
0 0.233333 0.579861 0.014583 0.011574
0 0.312370 0.583565 0.014323 0.009722
0 0.241797 0.534491 0.013802 0.010648
0 0.131250 0.566435 0.011979 0.010648
2 0.253255 0.581250 0.015885 0.011574
0 0.230208 0.564583 0.014583 0.011574
0 0.271354 0.567824 0.014063 0.010648
0 0.480339 0.272685 0.005990 0.023148
0 0.477995 0.234259 0.006510 0.026852
2 0.384375 0.595370 0.015625 0.010185
0 0.271484 0.581250 0.010677 0.008796
0 0.198828 0.496991 0.015365 0.010648
0 0.362240 0.427546 0.011458 0.022685
0 0.166536 0.571528 0.014323 0.011574
2 0.614062 0.486111 0.015625 0.011111
0 0.494922 0.387037 0.005990 0.025000
0 0.192839 0.560185 0.014323 0.011111
2 0.171875 0.557407 0.021354 0.013889
0 0.189974 0.574074 0.014844 0.012037
0 0.112760 0.551157 0.015104 0.011574
0 0.070703 0.543981 0.013802 0.012037
0 0.036458 0.540046 0.014583 0.011574
0 0.103385 0.562731 0.013021 0.010648
0 0.090625 0.546296 0.013542 0.011111
0 0.587760 0.490741 0.014063 0.011111
0 0.128516 0.552778 0.014323 0.012037
0 0.585547 0.505787 0.013281 0.010648
0 0.202865 0.609954 0.013542 0.010648
0 0.082943 0.904861 0.014844 0.016204
2 0.167448 0.511343 0.022396 0.015278
0 0.561979 0.509954 0.014063 0.010648
0 0.474740 0.154861 0.005729 0.019907
0 0.769401 0.092824 0.014323 0.012500
0 0.346615 0.597685 0.013542 0.010185
0 0.561198 0.479398 0.014063 0.011574
0 0.605339 0.469907 0.014323 0.010185
0 0.150911 0.943056 0.010677 0.012963
2 0.227214 0.595139 0.016927 0.011574
0 0.062891 0.557639 0.012760 0.012500
1 0.348047 0.612269 0.019010 0.012500
0 0.434766 0.605787 0.015365 0.011574
0 0.274349 0.596759 0.014844 0.011111
0 0.896875 0.659491 0.005729 0.010648
0 0.305339 0.613657 0.016406 0.010648
0 0.323828 0.612731 0.014323 0.011574
0 0.301953 0.596296 0.013281 0.011111
0 0.251042 0.598611 0.014583 0.010185
0 0.323437 0.598380 0.015104 0.010648
0 0.611979 0.501389 0.014583 0.010185
0 0.008464 0.536111 0.014844 0.012037
0 0.207161 0.592824 0.014323 0.011574
0 0.388932 0.610880 0.014844 0.010648
0 0.156901 0.586111 0.011198 0.010185
0 0.201302 0.814120 0.013021 0.014352
0 0.110677 0.642593 0.014063 0.011111
0 0.472786 0.112500 0.007031 0.025926
0 0.493490 0.354630 0.006250 0.024074
0 0.210938 0.530787 0.016146 0.011574
0 0.262891 0.610880 0.014323 0.010648
0 0.036068 0.554167 0.015885 0.012963
0 0.185807 0.588889 0.014323 0.012037
0 0.237109 0.503009 0.014323 0.010648
2 0.468750 0.067130 0.007292 0.030556
0 0.657422 0.496296 0.014323 0.011111
0 0.496354 0.657639 0.006250 0.024537
0 0.854427 0.508102 0.015625 0.012500
0 0.114714 0.502546 0.014844 0.011574
0 0.486979 0.230324 0.006250 0.026389
3 0.206120 0.513889 0.005990 0.007407
0 0.494792 0.724537 0.006250 0.025000
0 0.167448 0.494213 0.014063 0.011574
0 0.626042 0.466667 0.010417 0.009259
0 0.466797 0.031250 0.006510 0.023611
0 0.489453 0.266667 0.007031 0.024074
0 0.495573 0.690046 0.006250 0.025463
2 0.639062 0.483102 0.015104 0.009722
0 0.171745 0.603704 0.011198 0.012963
0 0.269922 0.508333 0.014844 0.011111
1 0.495052 0.770370 0.008333 0.057407
0 0.136719 0.536806 0.013542 0.010648
2 0.119401 0.519676 0.015885 0.010648
0 0.239453 0.609954 0.013281 0.010648
0 0.230339 0.519676 0.013802 0.010648
0 0.637109 0.496528 0.013802 0.009722
0 0.493880 0.897917 0.006510 0.035648
2 0.292187 0.504630 0.014063 0.012963
0 0.326432 0.503935 0.011198 0.018056
0 0.493750 0.863657 0.005729 0.022685
0 0.052604 0.526389 0.014063 0.011111
0 0.763672 0.155324 0.004948 0.023611
0 0.493750 0.829398 0.006771 0.026389
3 0.449740 0.612037 0.006771 0.006481
0 0.492969 0.937500 0.005729 0.025926
0 0.071615 0.960648 0.006771 0.021296
0 0.064323 0.484259 0.014583 0.010185
0 0.467839 0.212731 0.006510 0.024537
0 0.888411 0.486343 0.013281 0.009722
0 0.145313 0.761343 0.008854 0.021759
0 0.381901 0.378935 0.011719 0.023611
0 0.477344 0.194213 0.006771 0.024537
0 0.462500 0.450926 0.006771 0.025926
1 0.493099 0.979167 0.008073 0.041667
0 0.409505 0.298843 0.009115 0.022685
0 0.484766 0.187500 0.006510 0.025000
3 0.496615 0.620139 0.004167 0.009722
0 0.394010 0.342361 0.009896 0.023611
0 0.475521 0.851389 0.006250 0.025000
0 0.475651 0.626852 0.005990 0.022222
0 0.428646 0.196296 0.006771 0.025000
0 0.420312 0.250694 0.006771 0.018981
0 0.485807 0.659491 0.006510 0.023611
2 0.483073 0.149769 0.006250 0.029167
0 0.722656 0.456944 0.013021 0.010185
0 0.427474 0.020602 0.005469 0.018981
0 0.986068 0.564583 0.009115 0.025463
0 0.484115 0.826389 0.006250 0.024074
3 0.495443 0.629398 0.004427 0.007870
0 0.688281 0.457407 0.010937 0.008333
0 0.502083 0.216435 0.006250 0.024537
0 0.341276 0.460880 0.011719 0.022685
0 0.439063 0.012963 0.007292 0.025000
0 0.475260 0.914352 0.005729 0.023148
2 0.640495 0.679167 0.010677 0.025000
0 0.480729 0.104167 0.006771 0.025926
2 0.476562 0.693519 0.006771 0.036111
2 0.463151 0.510417 0.005990 0.026389
0 0.155599 0.522454 0.014844 0.010648
0 0.690365 0.495139 0.015104 0.014352
0 0.736719 0.467361 0.014583 0.011574
0 0.430469 0.102083 0.005729 0.024537
2 0.781641 0.474537 0.015885 0.012037
0 0.492578 0.137500 0.006510 0.023148
0 0.442188 0.072222 0.007292 0.026852
0 0.781380 0.458796 0.014844 0.012037
0 0.891536 0.059722 0.014844 0.012037
0 0.453906 0.310417 0.006771 0.026389
0 0.457292 0.179630 0.006250 0.025000
2 0.767839 0.446759 0.015365 0.012037
0 0.703125 0.056944 0.005729 0.027778
2 0.842448 0.447454 0.016146 0.012500
2 0.875000 0.440509 0.016146 0.011574
0 0.482812 0.916667 0.005729 0.025926
0 0.466667 0.728009 0.006250 0.026389
2 0.465495 0.843287 0.005990 0.027315
0 0.485286 0.577315 0.006510 0.025000
0 0.446484 0.145370 0.007031 0.025926
0 0.486458 0.006713 0.006250 0.012500
0 0.582031 0.552546 0.005729 0.018981
0 0.625781 0.385417 0.011979 0.020833
0 0.809505 0.437500 0.010677 0.010185
0 0.830078 0.645833 0.010677 0.012037
0 0.502604 0.916898 0.005208 0.018056
2 0.466276 0.787731 0.005469 0.026389
0 0.483333 0.514352 0.006250 0.025000
0 0.474740 0.538657 0.006771 0.026389
0 0.471484 0.437500 0.006510 0.025000
2 0.466146 0.587037 0.006250 0.026852
0 0.057943 0.497685 0.015365 0.011111
0 0.077734 0.514815 0.014844 0.011111
0 0.025651 0.509028 0.013281 0.010648
0 0.091146 0.589815 0.014063 0.010185
0 0.714453 0.486806 0.013802 0.010648
0 0.667839 0.478472 0.013802 0.009722
0 0.700130 0.473148 0.014844 0.011111
0 0.964974 0.435417 0.014844 0.010648
0 0.474349 0.963889 0.005990 0.025000
0 0.464714 0.976389 0.005469 0.024074
0 0.511328 0.909722 0.005469 0.024074
0 0.485026 0.739583 0.006510 0.025463
0 0.475911 0.800694 0.006510 0.026389
2 0.515234 0.371759 0.008594 0.037037
0 0.456380 0.379861 0.006510 0.025463
0 0.461719 0.267361 0.007292 0.025463
0 0.497786 0.062731 0.006510 0.022685
0 0.033984 0.478009 0.015365 0.010648
0 0.592708 0.312037 0.011458 0.021296
3 0.162370 0.619213 0.007031 0.006944
0 0.447786 0.007407 0.005469 0.013889
0 0.457552 0.034722 0.005729 0.023148
0 0.826953 0.084259 0.015885 0.013889
0 0.534375 0.846528 0.011979 0.021759
0 0.505078 0.805093 0.005990 0.025926
0 0.506250 0.680556 0.006250 0.025926
0 0.477865 0.403009 0.006771 0.024537
0 0.465755 0.334028 0.006510 0.024537
0 0.448437 0.196759 0.006250 0.025926
0 0.303385 0.517130 0.014063 0.015741
0 0.014193 0.490972 0.014323 0.009722
0 0.858203 0.458102 0.015365 0.011574
3 0.499609 0.674537 0.003385 0.007407
