0 0.140625 0.909954 0.014583 0.015278
0 0.143620 0.919444 0.012760 0.014815
0 0.269010 0.949769 0.009896 0.014352
0 0.140885 0.746991 0.009375 0.020833
0 0.094141 0.822685 0.010156 0.022222
0 0.286328 0.619676 0.013802 0.011574
0 0.420964 0.609954 0.013802 0.010648
0 0.386719 0.598380 0.013542 0.010648
0 0.203646 0.771991 0.011979 0.017130
0 0.370703 0.617130 0.013802 0.011111
0 0.235417 0.796296 0.012500 0.015741
0 0.216016 0.757176 0.013802 0.016204
0 0.250781 0.731481 0.014583 0.018519
0 0.267448 0.768750 0.014063 0.015278
0 0.282943 0.757639 0.013802 0.016204
0 0.378125 0.765741 0.013021 0.021296
0 0.412370 0.842130 0.010156 0.023148
0 0.391667 0.868750 0.009896 0.024537
0 0.391406 0.823380 0.009375 0.025463
0 0.183854 0.428009 0.006250 0.023611
0 0.684245 0.102546 0.010156 0.023611
2 0.623307 0.157639 0.009635 0.026389
2 0.617318 0.169213 0.013802 0.022685
0 0.653255 0.117824 0.009635 0.026389
0 0.661458 0.115278 0.009375 0.020370
0 0.646875 0.127315 0.011458 0.025926
0 0.687891 0.007870 0.005469 0.014815
0 0.788021 0.077315 0.015625 0.014815
0 0.754687 0.020370 0.015104 0.013889
0 0.810156 0.067824 0.014063 0.013426
2 0.794922 0.100231 0.015365 0.013426
2 0.754427 0.037963 0.018750 0.014815
2 0.926953 0.024074 0.012240 0.011111
0 0.906641 0.643750 0.005990 0.019907
0 0.862500 0.646991 0.009375 0.021759
0 0.954297 0.684028 0.008073 0.022685
0 0.947396 0.689815 0.007292 0.022222
0 0.939453 0.690278 0.007552 0.025926
0 0.977344 0.778009 0.008854 0.024537
0 0.939714 0.795370 0.009635 0.025000
2 0.931250 0.800694 0.008333 0.018056
2 0.924349 0.801620 0.009115 0.020833
2 0.933594 0.821528 0.008854 0.021759
2 0.927083 0.823843 0.008854 0.024537
0 0.910547 0.910417 0.012760 0.013426
0 0.795443 0.649306 0.011198 0.013426
0 0.751953 0.613194 0.012240 0.014352
0 0.782422 0.662500 0.012760 0.015741
0 0.705339 0.602315 0.007031 0.027778
0 0.764193 0.679861 0.011198 0.013426
0 0.656901 0.662269 0.008073 0.025463
2 0.620573 0.582176 0.020313 0.015278
2 0.664193 0.585417 0.010156 0.027315
0 0.594531 0.762500 0.013021 0.018519
0 0.666667 0.694676 0.014583 0.018056
2 0.647786 0.693981 0.013281 0.029630
0 0.641276 0.642593 0.007031 0.025000
0 0.625130 0.703009 0.011719 0.022685
0 0.618620 0.770602 0.005469 0.024537
0 0.612760 0.729398 0.011458 0.021759
0 0.580990 0.780556 0.011458 0.016667
0 0.607812 0.829861 0.008854 0.022685
0 0.636589 0.727083 0.011198 0.024537
0 0.591016 0.807407 0.014844 0.018519
0 0.627214 0.753472 0.010156 0.022685
0 0.648828 0.865972 0.013281 0.010648
0 0.629948 0.876389 0.007292 0.025000
0 0.625391 0.796759 0.010156 0.023148
0 0.585156 0.474074 0.013542 0.012037
0 0.565495 0.493519 0.014844 0.011111
0 0.356380 0.569213 0.014323 0.010648
0 0.332552 0.587269 0.014063 0.010648
0 0.381771 0.583796 0.013542 0.010185
0 0.147786 0.943519 0.011198 0.014815
0 0.382682 0.864583 0.010156 0.024537
2 0.750000 0.093981 0.015104 0.012963
2 0.896875 0.155787 0.016667 0.013426
0 0.963411 0.016898 0.013281 0.013426
0 0.660286 0.341435 0.010677 0.020833
0 0.633854 0.674537 0.007812 0.018519
2 0.613151 0.817361 0.009635 0.023611
2 0.638672 0.934259 0.007031 0.023148
0 0.556901 0.835648 0.014844 0.017593
0 0.044661 0.375926 0.014323 0.012963
0 0.052865 0.339120 0.007292 0.020833
2 0.044792 0.336574 0.008333 0.025926
0 0.145964 0.930324 0.012240 0.013426
0 0.155729 0.964352 0.012500 0.014815
0 0.157943 0.978009 0.014323 0.015278
0 0.576693 0.819444 0.014323 0.018519
0 0.652474 0.921296 0.005469 0.022222
0 0.634375 0.905787 0.006250 0.023611
2 0.606641 0.183102 0.015365 0.028241
0 0.629557 0.150000 0.009115 0.024074
0 0.636849 0.840509 0.009115 0.025463
0 0.943359 0.019676 0.015885 0.014352
0 0.970052 0.734954 0.014063 0.014352
0 0.561849 0.797685 0.013802 0.017593
0 0.645182 0.462500 0.014844 0.010185
0 0.086068 0.994676 0.009115 0.010648
0 0.082161 0.984259 0.010677 0.013889
0 0.058333 0.992361 0.013542 0.015278
0 0.053646 0.984954 0.013021 0.016204
0 0.231510 0.747917 0.015104 0.018981
0 0.318099 0.731713 0.011719 0.013426
0 0.649740 0.888889 0.006250 0.025926
0 0.698698 0.665046 0.008333 0.025463
2 0.031380 0.332176 0.008594 0.026389
0 0.022526 0.381944 0.011719 0.027778
0 0.050651 0.972685 0.012240 0.012963
0 0.220182 0.802083 0.013802 0.014352
0 0.287109 0.701852 0.014323 0.018519
0 0.267188 0.718981 0.014583 0.017593
0 0.335026 0.728472 0.015885 0.011574
0 0.350521 0.733565 0.014063 0.016204
0 0.724479 0.647685 0.013542 0.012963
2 0.691146 0.600463 0.006250 0.031481
0 0.914193 0.638889 0.006510 0.025000
0 0.969661 0.785648 0.008073 0.023148
0 0.989062 0.771528 0.008333 0.022685
0 0.977344 0.253241 0.008854 0.027778
2 0.986589 0.260648 0.011719 0.027778
0 0.986458 0.217593 0.013021 0.011111
0 0.689844 0.041667 0.006771 0.025000
0 0.665755 0.133333 0.012760 0.019444
0 0.487109 0.879167 0.005990 0.023148
0 0.181771 0.620602 0.012500 0.016204
0 0.426693 0.579398 0.012760 0.010648
0 0.972786 0.286111 0.005990 0.025926
0 0.221354 0.618056 0.014583 0.012037
0 0.780990 0.150694 0.013542 0.018056
0 0.137370 0.874306 0.014323 0.015278
0 0.297266 0.574537 0.015365 0.011111
2 0.869010 0.788194 0.009375 0.025463
0 0.250391 0.573611 0.014844 0.011111
0 0.316797 0.572685 0.012760 0.010185
0 0.213151 0.569676 0.013802 0.010648
2 0.950521 0.951389 0.015104 0.019444
2 0.354687 0.585417 0.015625 0.010648
1 0.450651 0.584259 0.030990 0.027778
0 0.415365 0.563194 0.010937 0.009722
0 0.123438 0.836574 0.014063 0.018519
0 0.380078 0.569444 0.014844 0.010185
0 0.407682 0.580556 0.014844 0.011111
2 0.987240 0.959722 0.010937 0.038889
2 0.210677 0.584259 0.017708 0.012037
0 0.293750 0.588657 0.014583 0.010648
0 0.162109 0.987963 0.012760 0.016667
0 0.104036 0.642361 0.014323 0.013426
0 0.582552 0.214815 0.013021 0.016667
0 0.336589 0.570833 0.014323 0.011111
2 0.150260 0.563657 0.015625 0.011574
0 0.146615 0.577778 0.012500 0.011111
0 0.233333 0.586806 0.014583 0.011574
0 0.313932 0.588194 0.014323 0.009722
0 0.131380 0.575694 0.011719 0.009722
2 0.254036 0.587731 0.015885 0.011574
0 0.230469 0.571528 0.014583 0.011574
0 0.272396 0.573380 0.014063 0.010648
2 0.410026 0.595370 0.015885 0.010185
0 0.272266 0.587731 0.010677 0.008796
0 0.166536 0.580093 0.014844 0.010185
2 0.614844 0.484259 0.015625 0.011111
0 0.468099 0.725694 0.005990 0.019907
0 0.193880 0.567593 0.014323 0.011111
2 0.172005 0.565046 0.021094 0.014352
0 0.190104 0.581713 0.015104 0.010648
0 0.112500 0.560417 0.015104 0.011574
0 0.073307 0.553935 0.014323 0.010648
0 0.052604 0.552083 0.014063 0.011574
0 0.111198 0.573611 0.013542 0.010185
0 0.090755 0.556481 0.013802 0.010185
0 0.588802 0.489352 0.014063 0.011111
0 0.128646 0.561574 0.014583 0.011111
0 0.584505 0.504861 0.013281 0.010648
0 0.203646 0.617824 0.013542 0.010648
0 0.086068 0.915046 0.014844 0.016204
0 0.563021 0.508565 0.014063 0.010648
0 0.767318 0.086343 0.014323 0.012500
0 0.356510 0.600926 0.013542 0.010185
0 0.561979 0.478009 0.014063 0.011574
0 0.605469 0.469213 0.014583 0.011574
0 0.154036 0.952315 0.010677 0.012963
2 0.227734 0.601157 0.016927 0.011574
0 0.082422 0.570833 0.013281 0.011111
1 0.349219 0.616667 0.019271 0.012963
0 0.448958 0.604861 0.015104 0.015278
0 0.275651 0.603704 0.014844 0.011111
0 0.898698 0.649074 0.005729 0.011111
0 0.306380 0.618750 0.016406 0.010648
0 0.325130 0.617361 0.014323 0.011574
0 0.303776 0.601852 0.013281 0.011111
0 0.251302 0.605093 0.014583 0.010185
0 0.327344 0.602083 0.015104 0.010648
0 0.612500 0.500463 0.014583 0.010185
0 0.008724 0.547685 0.013802 0.011111
0 0.207422 0.600231 0.014323 0.011574
0 0.398698 0.613426 0.015104 0.011111
0 0.169661 0.595370 0.011198 0.010185
0 0.204297 0.820602 0.014323 0.014352
0 0.111328 0.652778 0.013802 0.010185
0 0.485807 0.392130 0.006510 0.025926
0 0.263411 0.616898 0.014323 0.010648
0 0.060937 0.568981 0.015625 0.012037
0 0.185938 0.596296 0.014063 0.011111
0 0.657813 0.493519 0.014583 0.010185
0 0.497656 0.658565 0.006250 0.024537
0 0.795443 0.465046 0.013802 0.012500
0 0.496745 0.724074 0.005990 0.023148
0 0.626302 0.465509 0.010937 0.009722
0 0.497135 0.691435 0.006250 0.025463
2 0.635547 0.480556 0.015365 0.012037
0 0.172266 0.612037 0.011198 0.014815
1 0.496875 0.770370 0.008333 0.057407
0 0.241016 0.617361 0.013281 0.010648
0 0.637370 0.494907 0.013802 0.010185
0 0.497005 0.900231 0.006510 0.035648
0 0.352344 0.451389 0.011979 0.024074
0 0.496354 0.865046 0.005729 0.022685
0 0.762109 0.149306 0.004948 0.023611
0 0.496094 0.830324 0.006250 0.026389
0 0.496354 0.939815 0.005729 0.025926
0 0.074479 0.971296 0.006771 0.021296
0 0.146745 0.771528 0.009635 0.023611
0 0.464323 0.337963 0.006771 0.025000
1 0.496094 0.979861 0.007812 0.040278
3 0.498177 0.619907 0.004687 0.008333
0 0.476823 0.933102 0.005729 0.025463
0 0.516146 0.653009 0.006250 0.024537
3 0.496615 0.628009 0.004167 0.008796
0 0.375000 0.402778 0.009896 0.022222
2 0.964844 0.503009 0.013021 0.022685
0 0.457552 0.212731 0.006771 0.026389
0 0.611719 0.514583 0.014583 0.012500
0 0.700000 0.471528 0.014583 0.012500
2 0.751432 0.475463 0.015885 0.012037
0 0.746224 0.462269 0.014844 0.011574
0 0.761068 0.103704 0.015365 0.014815
2 0.682813 0.459722 0.015625 0.011111
2 0.662370 0.461574 0.015365 0.011111
0 0.507161 0.683333 0.006510 0.025000
0 0.478385 0.897454 0.006250 0.024537
0 0.452083 0.298843 0.006771 0.022685
0 0.817057 0.657639 0.010156 0.013426
0 0.515885 0.720602 0.005729 0.026389
0 0.468620 0.937269 0.005990 0.025463
0 0.485938 0.949769 0.005729 0.024537
0 0.478125 0.859028 0.005729 0.024537
0 0.167839 0.631713 0.012760 0.016204
0 0.682682 0.487500 0.014323 0.011111
0 0.654948 0.478009 0.013542 0.011574
0 0.676562 0.473843 0.014583 0.011574
0 0.797135 0.451389 0.015104 0.012037
0 0.467578 0.987731 0.005469 0.024537
0 0.507682 0.649769 0.006510 0.025463
0 0.478125 0.731944 0.006250 0.025000
0 0.333854 0.479167 0.011979 0.020370
0 0.772005 0.470139 0.015365 0.012500
0 0.289974 0.519676 0.013802 0.014352
3 0.501563 0.636343 0.004167 0.008796
0 0.784115 0.131713 0.013021 0.019907
0 0.515495 0.684491 0.004948 0.018056
0 0.456380 0.543056 0.013802 0.016667
2 0.477865 0.616667 0.006250 0.025926
0 0.821094 0.460880 0.013542 0.011574
2 0.643620 0.613194 0.006510 0.027315
2 0.525391 0.650694 0.006510 0.029167
0 0.478255 0.770602 0.005990 0.023611
0 0.472005 0.449537 0.007031 0.027778
0 0.027083 0.549537 0.014583 0.010185
0 0.702734 0.504861 0.014323 0.011574
0 0.679167 0.539352 0.014583 0.012963
0 0.774609 0.455556 0.013281 0.012037
0 0.608854 0.766435 0.005729 0.017130
0 0.505469 0.767361 0.005729 0.024537
0 0.467708 0.871296 0.006250 0.025926
0 0.487630 0.751620 0.006510 0.026389
0 0.468880 0.766898 0.006510 0.025463
0 0.460286 0.256713 0.005990 0.023611
0 0.150260 0.595139 0.014063 0.012500
0 0.995964 0.590509 0.008073 0.020833
0 0.468620 0.818519 0.006510 0.025926
0 0.487630 0.807639 0.004948 0.018981
0 0.476823 0.575000 0.006250 0.025000
0 0.034245 0.566435 0.014844 0.011574
3 0.975391 0.489583 0.005990 0.011574
1 0.525521 0.702083 0.008333 0.056944
0 0.506510 0.725463 0.006771 0.026852
0 0.564974 0.553009 0.014323 0.009722
0 0.496224 0.414815 0.006510 0.024074
0 0.469792 0.415046 0.006250 0.022685
0 0.546615 0.207870 0.013021 0.020370
0 0.757552 0.521296 0.014063 0.011111
1 0.403385 0.310648 0.018750 0.054630
0 0.477344 0.975694 0.005729 0.022685
0 0.479167 0.677778 0.005208 0.019444
0 0.461849 0.441204 0.005990 0.022222
0 0.480208 0.434954 0.006250 0.023611
0 0.488151 0.698380 0.006510 0.024537
0 0.427083 0.146991 0.005729 0.025463
0 0.032552 0.379398 0.008333 0.019907
0 0.013802 0.565046 0.014583 0.010648
2 0.142448 0.852778 0.015104 0.019444
0 0.422005 0.229167 0.007552 0.027778
0 0.987891 0.554398 0.008594 0.024537
2 0.624870 0.826389 0.010677 0.025926
0 0.514323 0.941898 0.006250 0.025463
0 0.479687 0.653241 0.005729 0.018519
0 0.611979 0.549306 0.010417 0.009722
0 0.468099 0.663194 0.005990 0.025463
0 0.458073 0.400000 0.006250 0.020370
0 0.466927 0.371759 0.007292 0.025000
2 0.556250 0.573611 0.015104 0.010185
0 0.462109 0.293519 0.004948 0.018519
2 0.455599 0.359722 0.006510 0.026852
0 0.252214 0.523611 0.010677 0.009259
0 0.136719 0.614352 0.011979 0.012963
0 0.656510 0.532870 0.014063 0.012963
0 0.505990 0.849306 0.005729 0.020833
0 0.529167 0.832407 0.007812 0.025000
0 0.488281 0.657639 0.006771 0.026389
0 0.488672 0.438194 0.006510 0.025463
2 0.475781 0.376852 0.006771 0.027778
0 0.446094 0.034954 0.006771 0.024537
0 0.199349 0.506944 0.013281 0.009259
0 0.110286 0.602083 0.014844 0.010648
2 0.957292 0.910880 0.017188 0.018056
0 0.505990 0.805093 0.005729 0.021296
0 0.477474 0.810648 0.006510 0.025000
0 0.440104 0.086343 0.006250 0.024537
0 0.425391 0.068056 0.006510 0.025926
0 0.126823 0.514815 0.014063 0.010185
0 0.723958 0.515509 0.014063 0.011574
0 0.874479 0.479861 0.014063 0.010648
2 0.505599 0.934491 0.006510 0.027315
0 0.515755 0.751620 0.005990 0.023611
0 0.443880 0.185880 0.006510 0.024537
0 0.828255 0.492130 0.013281 0.011111
0 0.872656 0.497454 0.014063 0.011574
0 0.325260 0.675926 0.013021 0.016667
0 0.435286 0.011806 0.006510 0.022685
0 0.517057 0.793519 0.006510 0.025000
0 0.443099 0.139815 0.007031 0.027778
0 0.451953 0.131944 0.007031 0.025926
0 0.495703 0.030556 0.008594 0.027778
0 0.074219 0.524537 0.011458 0.010185
2 0.779036 0.487500 0.015885 0.012963
0 0.794271 0.517593 0.014063 0.011111
0 0.918880 0.486343 0.013802 0.011574
