0 0.140365 0.899769 0.014583 0.015278
0 0.144141 0.912037 0.012760 0.014815
0 0.269792 0.942361 0.009896 0.014352
0 0.142057 0.737731 0.010156 0.021759
0 0.094922 0.812037 0.010156 0.022222
0 0.342969 0.599769 0.014063 0.012500
0 0.204167 0.764583 0.011979 0.017130
0 0.236458 0.788426 0.012500 0.015741
0 0.216536 0.750694 0.013802 0.016204
0 0.251432 0.725000 0.014323 0.016667
0 0.267969 0.764120 0.015625 0.018056
0 0.283464 0.750694 0.013802 0.016204
0 0.379167 0.759954 0.012500 0.019907
0 0.412630 0.838889 0.010156 0.023148
0 0.391927 0.863194 0.009896 0.024537
0 0.392188 0.820139 0.009375 0.025463
0 0.186458 0.419444 0.007292 0.023148
0 0.687891 0.102546 0.010156 0.023611
2 0.624609 0.158102 0.009635 0.026389
2 0.619922 0.168981 0.014844 0.021296
0 0.655859 0.118750 0.009635 0.026389
0 0.663802 0.115278 0.009375 0.020370
0 0.649089 0.125926 0.011719 0.025000
0 0.691146 0.008102 0.006250 0.015278
0 0.791667 0.077778 0.015625 0.014815
0 0.758854 0.020370 0.015104 0.013889
0 0.813542 0.069676 0.014063 0.013426
2 0.798047 0.101620 0.015885 0.013426
2 0.757812 0.038426 0.018750 0.014815
2 0.930859 0.026852 0.012240 0.011111
0 0.907682 0.647454 0.005990 0.019907
0 0.863672 0.649306 0.009115 0.021759
0 0.955339 0.687500 0.007031 0.022222
0 0.948698 0.693056 0.007292 0.022222
0 0.939844 0.693750 0.006250 0.025463
0 0.977083 0.782639 0.007812 0.024537
0 0.939974 0.799537 0.009635 0.025000
2 0.934375 0.802083 0.008333 0.018056
2 0.925911 0.803472 0.009115 0.020833
2 0.935677 0.823843 0.008854 0.021759
2 0.929688 0.826157 0.008854 0.024537
0 0.909245 0.913657 0.012760 0.013426
0 0.796745 0.651157 0.011198 0.013426
0 0.752734 0.613657 0.012240 0.014352
0 0.783203 0.663889 0.012760 0.015741
0 0.706510 0.602083 0.006250 0.027315
0 0.764453 0.679398 0.011198 0.013426
0 0.658203 0.661806 0.008073 0.025463
2 0.621875 0.581713 0.020313 0.015278
2 0.665495 0.585185 0.010156 0.025926
0 0.595573 0.761574 0.013021 0.018519
0 0.666667 0.694213 0.014063 0.017130
2 0.644922 0.702546 0.015885 0.024537
0 0.642057 0.642130 0.007031 0.025000
0 0.625130 0.702083 0.010677 0.020833
0 0.618359 0.772454 0.005469 0.024537
0 0.615104 0.731250 0.011458 0.021759
0 0.581250 0.778704 0.011458 0.016667
0 0.607812 0.828935 0.009896 0.021759
0 0.636849 0.727546 0.011198 0.024537
0 0.592318 0.805556 0.014844 0.018519
0 0.628255 0.753472 0.010156 0.022685
0 0.649219 0.864583 0.014583 0.009722
0 0.629557 0.874074 0.006510 0.023148
0 0.627214 0.796296 0.010156 0.023148
0 0.587240 0.473148 0.013542 0.012037
0 0.566276 0.491667 0.014844 0.011111
0 0.148568 0.935417 0.011719 0.015278
0 0.382422 0.858102 0.010156 0.024537
2 0.753906 0.093750 0.016146 0.011574
2 0.900000 0.156713 0.016667 0.013426
0 0.967708 0.018750 0.015104 0.011574
0 0.662891 0.340972 0.010677 0.020833
0 0.634766 0.673843 0.007552 0.019907
2 0.613411 0.816435 0.009635 0.023611
2 0.638151 0.934028 0.007031 0.023611
0 0.557422 0.833333 0.014844 0.017593
0 0.047786 0.365278 0.014323 0.012963
0 0.056250 0.328472 0.007292 0.020833
2 0.048438 0.325463 0.008333 0.025926
0 0.146484 0.922917 0.012240 0.013426
0 0.156250 0.957407 0.012500 0.014815
0 0.158203 0.969213 0.014323 0.015278
0 0.577214 0.818056 0.014323 0.018519
0 0.651953 0.919907 0.005469 0.022222
0 0.634115 0.905324 0.006250 0.023611
2 0.609505 0.184028 0.015365 0.028241
0 0.632292 0.150463 0.010417 0.024074
0 0.636979 0.838426 0.008333 0.024074
0 0.947005 0.021991 0.015885 0.014352
0 0.970182 0.738889 0.014844 0.013889
0 0.561849 0.795370 0.013802 0.017593
0 0.647005 0.462037 0.014844 0.010185
0 0.086328 0.984028 0.009635 0.011574
0 0.082943 0.973843 0.011719 0.013426
0 0.057552 0.981713 0.013542 0.015278
0 0.053646 0.971991 0.013021 0.016204
0 0.232161 0.740278 0.014323 0.016667
0 0.319141 0.725694 0.010677 0.012500
0 0.648958 0.887500 0.006250 0.026852
0 0.698958 0.664583 0.008333 0.025463
2 0.035026 0.321065 0.008594 0.026389
0 0.026172 0.372222 0.011719 0.027778
0 0.050911 0.960648 0.011719 0.012963
0 0.220443 0.793750 0.014323 0.014352
0 0.288411 0.694444 0.014323 0.018519
0 0.268490 0.712963 0.014583 0.017593
0 0.335286 0.721991 0.015885 0.011574
0 0.351172 0.729398 0.014323 0.014352
0 0.725521 0.648611 0.013542 0.012963
2 0.692578 0.600231 0.006510 0.029167
0 0.915234 0.641204 0.006510 0.025000
0 0.970052 0.790509 0.008854 0.023611
0 0.988672 0.775231 0.008073 0.021759
0 0.980729 0.257870 0.008854 0.029630
2 0.990104 0.264815 0.010937 0.027778
0 0.990234 0.222222 0.012760 0.011111
0 0.694010 0.040972 0.006771 0.026389
0 0.669010 0.132639 0.012500 0.019907
0 0.975521 0.288194 0.008333 0.024537
0 0.223307 0.606713 0.014844 0.009722
0 0.784375 0.152083 0.013542 0.018056
0 0.137109 0.865046 0.014844 0.016204
0 0.312370 0.566435 0.014323 0.011574
2 0.871354 0.788194 0.009375 0.025463
0 0.385677 0.545370 0.012500 0.022222
2 0.949479 0.954630 0.015104 0.019444
0 0.123828 0.826157 0.014323 0.017130
2 0.986458 0.964352 0.010937 0.038889
2 0.317708 0.581944 0.017708 0.012037
0 0.162370 0.979861 0.013281 0.015278
0 0.105599 0.634722 0.013281 0.014815
0 0.585417 0.212963 0.013021 0.017593
0 0.371875 0.522685 0.009896 0.018519
2 0.207031 0.561574 0.015625 0.011111
0 0.161849 0.570602 0.012760 0.010648
0 0.259635 0.565972 0.014063 0.009722
0 0.284635 0.566435 0.014063 0.008796
2 0.616667 0.483796 0.015625 0.011111
2 0.232422 0.563194 0.021094 0.014352
0 0.139844 0.553935 0.015104 0.011574
0 0.074609 0.544213 0.014323 0.010648
0 0.054948 0.541435 0.014063 0.011574
0 0.123828 0.595139 0.014323 0.010648
0 0.101953 0.547685 0.013802 0.010185
0 0.590365 0.487500 0.014063 0.011111
0 0.176042 0.557407 0.014583 0.011111
0 0.586328 0.503009 0.013281 0.010648
0 0.086068 0.904398 0.014844 0.016204
0 0.564844 0.508102 0.014063 0.010648
0 0.771484 0.086806 0.014323 0.012500
0 0.563281 0.477083 0.014063 0.011574
0 0.606771 0.466898 0.014583 0.011574
0 0.154036 0.943981 0.009635 0.013889
0 0.091797 0.561574 0.013281 0.011111
0 0.899740 0.651389 0.005729 0.012963
0 0.366276 0.609491 0.013802 0.010648
0 0.417448 0.605093 0.014063 0.010185
0 0.613542 0.498611 0.014583 0.010185
0 0.010937 0.536574 0.014063 0.011111
0 0.219922 0.577778 0.011719 0.009259
0 0.205599 0.814583 0.014323 0.014352
0 0.112891 0.642593 0.013802 0.010185
0 0.488411 0.395370 0.006510 0.025926
0 0.319010 0.611574 0.013542 0.010185
0 0.065625 0.558796 0.015625 0.012037
0 0.230078 0.592824 0.014323 0.010648
0 0.659375 0.492130 0.014583 0.010185
0 0.498958 0.655787 0.006250 0.024537
0 0.797526 0.466898 0.013802 0.012500
0 0.497656 0.723148 0.006771 0.024074
0 0.627604 0.463657 0.010937 0.009722
0 0.498437 0.687963 0.006771 0.025000
2 0.637370 0.479630 0.015365 0.012037
1 0.497135 0.768981 0.008333 0.057407
0 0.266927 0.595602 0.014063 0.010648
0 0.637760 0.493056 0.013542 0.010185
0 0.497005 0.895602 0.006510 0.035648
0 0.496875 0.861806 0.005729 0.022685
0 0.763932 0.148843 0.004948 0.023611
0 0.495833 0.828009 0.006250 0.026389
0 0.495964 0.936111 0.006510 0.025926
0 0.075000 0.960648 0.006771 0.021296
0 0.148438 0.762037 0.008854 0.021296
0 0.466406 0.335185 0.006771 0.025000
1 0.495182 0.977083 0.008073 0.041204
3 0.499089 0.618056 0.004948 0.010185
0 0.517708 0.651157 0.006250 0.024537
3 0.497135 0.626620 0.005729 0.009722
0 0.461198 0.225694 0.006771 0.025463
0 0.612760 0.512731 0.014583 0.012500
0 0.701823 0.471065 0.014583 0.010648
2 0.750651 0.477315 0.015885 0.012037
0 0.747526 0.462731 0.014844 0.011574
0 0.928125 0.045833 0.016667 0.015741
2 0.681510 0.458796 0.015625 0.011111
2 0.663151 0.460648 0.015365 0.011111
0 0.507812 0.680787 0.006250 0.025463
0 0.456641 0.330324 0.006510 0.023611
0 0.819141 0.658796 0.009635 0.012037
0 0.516667 0.718519 0.006771 0.025926
0 0.468490 0.927315 0.005729 0.021296
0 0.341927 0.678009 0.011979 0.016204
0 0.684245 0.487963 0.014323 0.011111
0 0.656510 0.477546 0.013542 0.011574
0 0.676823 0.473843 0.014583 0.011574
0 0.796354 0.452778 0.015104 0.012037
0 0.467187 0.971528 0.005208 0.018981
0 0.508984 0.646065 0.006510 0.025463
0 0.476562 0.870833 0.006250 0.025000
0 0.773568 0.470602 0.015365 0.012500
0 0.004036 0.505787 0.007552 0.010648
3 0.502604 0.632870 0.003125 0.009259
0 0.788021 0.133102 0.013021 0.019907
0 0.515755 0.683102 0.004948 0.018056
2 0.469141 0.817593 0.005990 0.025926
0 0.823177 0.461806 0.014063 0.011574
2 0.644271 0.611111 0.005729 0.025926
2 0.526693 0.647917 0.006510 0.029167
0 0.476953 0.921759 0.005990 0.024074
0 0.473828 0.445833 0.007031 0.027778
0 0.030469 0.539120 0.015104 0.011574
0 0.796484 0.500463 0.014323 0.011111
0 0.773307 0.454861 0.013802 0.012500
0 0.601823 0.807870 0.008854 0.015741
0 0.505469 0.765046 0.005729 0.024537
0 0.463932 0.259028 0.006510 0.023611
0 0.469141 0.768981 0.005469 0.024074
0 0.037891 0.556250 0.014844 0.009722
3 0.628255 0.375000 0.005990 0.010185
1 0.526042 0.698843 0.008333 0.056944
0 0.507552 0.725000 0.006771 0.026852
0 0.497266 0.411343 0.005469 0.025463
0 0.471615 0.410880 0.006250 0.022685
0 0.843620 0.490046 0.013802 0.012500
1 0.087760 0.487037 0.033854 0.016667
0 0.478646 0.770370 0.005208 0.019444
0 0.463672 0.438426 0.005990 0.022222
0 0.481641 0.430556 0.006510 0.024074
0 0.234766 0.516667 0.013281 0.010185
0 0.035156 0.369213 0.008333 0.019907
0 0.015885 0.553935 0.014583 0.010648
2 0.232813 0.619213 0.016146 0.010648
0 0.146875 0.506713 0.016146 0.011574
2 0.610417 0.764352 0.006771 0.027778
0 0.470833 0.728241 0.005729 0.020370
0 0.467578 0.857176 0.005990 0.025463
0 0.460677 0.397222 0.006250 0.020370
0 0.469271 0.368056 0.007292 0.025000
0 0.464974 0.293056 0.004948 0.018519
2 0.458203 0.366204 0.006510 0.026852
0 0.505339 0.841667 0.006510 0.021296
0 0.504427 0.965741 0.005208 0.020370
0 0.490755 0.435185 0.006510 0.023148
2 0.479427 0.394907 0.006771 0.027778
0 0.167839 0.601389 0.014323 0.009259
0 0.506120 0.802083 0.005990 0.022685
0 0.475521 0.973843 0.006250 0.027315
0 0.400000 0.311574 0.010417 0.024074
0 0.297786 0.502546 0.014323 0.015278
0 0.819922 0.494907 0.011719 0.010185
0 0.891536 0.481019 0.013802 0.011111
2 0.505599 0.892361 0.005990 0.028241
0 0.516016 0.748380 0.007031 0.022685
0 0.452734 0.277778 0.006510 0.025000
0 0.902344 0.462963 0.015104 0.012963
0 0.516536 0.781019 0.006510 0.026852
0 0.427865 0.188426 0.006250 0.024074
2 0.926432 0.458796 0.015885 0.012963
0 0.866016 0.485185 0.014323 0.010185
0 0.915234 0.475463 0.014323 0.012037
0 0.537240 0.656019 0.006250 0.025000
0 0.455729 0.132176 0.006771 0.023611
0 0.514323 0.829398 0.006771 0.025463
0 0.458203 0.181250 0.007031 0.025463
0 0.451562 0.228704 0.006771 0.026852
2 0.513281 0.960185 0.005729 0.025926
0 0.513932 0.869213 0.006510 0.026389
0 0.499609 0.084028 0.008073 0.027315
0 0.486068 0.344444 0.007031 0.027778
0 0.443359 0.069213 0.006510 0.027315
0 0.011198 0.301157 0.008333 0.021759
2 0.927474 0.491435 0.014323 0.013426
0 0.536068 0.697917 0.004948 0.018056
0 0.448958 0.185648 0.006250 0.024074
0 0.447005 0.144676 0.006510 0.026389
0 0.454557 0.100463 0.007031 0.025000
0 0.435807 0.787731 0.012760 0.017130
0 0.946615 0.439815 0.014063 0.016667
0 0.626823 0.831019 0.009375 0.026852
2 0.513151 0.912269 0.005990 0.027315
0 0.331120 0.475231 0.012760 0.019907
0 0.958724 0.493981 0.014323 0.015741
0 0.445573 0.110648 0.006771 0.026852
0 0.440625 0.027315 0.006771 0.025926
0 0.488542 0.521759 0.012500 0.021296
0 0.504687 0.585417 0.015625 0.012500
0 0.006120 0.580556 0.011719 0.010185
0 0.065104 0.587037 0.015104 0.011111
0 0.251432 0.609722 0.013281 0.010185
0 0.275651 0.609259 0.013281 0.010185
0 0.333594 0.567130 0.014583 0.010185
0 0.822135 0.446065 0.014063 0.011574
0 0.059505 0.994213 0.011719 0.011574
0 0.361198 0.427315 0.011458 0.021296
0 0.513802 0.990741 0.006250 0.018519
0 0.505859 0.932407 0.006510 0.025926
0 0.483073 0.287269 0.006771 0.026389
0 0.506641 0.190972 0.006510 0.027315
0 0.248958 0.580324 0.014583 0.011574
0 0.285677 0.597454 0.010417 0.009722
0 0.441927 0.583565 0.014063 0.011574
0 0.460156 0.551852 0.010417 0.013889
0 0.448958 0.599769 0.013542 0.011574
0 0.686458 0.511343 0.014583 0.011574
0 0.899089 0.421296 0.014844 0.010185
0 0.429297 0.086111 0.006510 0.026852
2 0.979427 0.500000 0.014063 0.032407
0 0.996094 0.583102 0.007812 0.025463
0 0.491146 0.554167 0.013542 0.019444
0 0.515625 0.490278 0.010417 0.023148
0 0.514714 0.437269 0.007031 0.025463
2 0.473047 0.280556 0.006510 0.027778
0 0.468880 0.196528 0.006510 0.024537
0 0.515365 0.160648 0.007292 0.023148
0 0.186719 0.573148 0.010937 0.009259
0 0.319531 0.594444 0.014583 0.008333
0 0.359766 0.566667 0.013802 0.010185
0 0.720833 0.516204 0.014583 0.012037
0 0.866276 0.424769 0.014323 0.010648
0 0.174219 0.792824 0.010937 0.023611
0 0.398828 0.346991 0.010156 0.022685
0 0.428385 0.013426 0.006771 0.025926
0 0.988281 0.596296 0.008333 0.024074
0 0.529818 0.427546 0.005990 0.026389
0 0.515755 0.371065 0.005469 0.024537
2 0.511198 0.301620 0.006771 0.027315
0 0.479297 0.228241 0.007552 0.026852
0 0.488021 0.042130 0.006250 0.025926
0 0.354036 0.506250 0.014844 0.011574
0 0.282292 0.581019 0.015104 0.010185
0 0.360417 0.579630 0.015104 0.010185
0 0.374479 0.593981 0.015104 0.010185
2 0.389453 0.577315 0.014844 0.009259
2 0.408594 0.591898 0.016146 0.010648
0 0.541406 0.567130 0.015104 0.012963
1 0.607161 0.560417 0.017969 0.014352
0 0.689583 0.539352 0.014063 0.011111
0 0.765104 0.506713 0.015625 0.012500
0 0.820964 0.430324 0.012760 0.011574
