0 0.052344 0.325000 0.018750 0.016667
0 0.116406 0.351389 0.014062 0.013889
0 0.189844 0.331944 0.017188 0.019444
0 0.212109 0.355556 0.017969 0.016667
0 0.172656 0.400000 0.017188 0.016667
0 0.104297 0.521528 0.016406 0.015278
0 0.252734 0.486806 0.017969 0.015278
0 0.246875 0.504861 0.017188 0.018056
0 0.257422 0.359722 0.017969 0.016667
0 0.344141 0.333333 0.016406 0.016667
0 0.385156 0.334722 0.017188 0.013889
0 0.387500 0.467361 0.018750 0.015278
0 0.372656 0.510417 0.020312 0.015278
0 0.446484 0.402778 0.017969 0.013889
0 0.443750 0.447222 0.018750 0.022222
0 0.473828 0.326389 0.017969 0.019444
0 0.473047 0.361111 0.019531 0.019444
0 0.472656 0.469444 0.020312 0.019444
0 0.524219 0.310417 0.018750 0.018056
0 0.560156 0.381944 0.018750 0.022222
0 0.531250 0.531944 0.017188 0.016667
0 0.600000 0.504167 0.020312 0.016667
0 0.583203 0.400694 0.019531 0.018056
0 0.594531 0.338194 0.021875 0.020833
0 0.626172 0.312500 0.021094 0.016667
0 0.638281 0.355556 0.018750 0.013889
0 0.659766 0.400694 0.016406 0.015278
0 0.696875 0.304861 0.017188 0.015278
0 0.719141 0.377083 0.016406 0.012500
0 0.746875 0.459722 0.020312 0.016667
0 0.784766 0.394444 0.019531 0.016667
0 0.806250 0.373611 0.020312 0.019444
0 0.862109 0.389583 0.019531 0.018056
0 0.868750 0.363889 0.020312 0.019444
0 0.929688 0.281944 0.017188 0.019444
0 0.921875 0.384028 0.020312 0.018056
0 0.895312 0.351389 0.017188 0.013889
0 0.986719 0.333333 0.021875 0.019444
0 0.975391 0.513194 0.019531 0.018056
0 0.883594 0.525000 0.021875 0.019444
