0 0.019922 0.434722 0.019531 0.013889
0 0.052734 0.415972 0.016406 0.015278
0 0.062500 0.367361 0.018750 0.018056
0 0.178125 0.352778 0.017188 0.022222
0 0.250000 0.313889 0.018750 0.019444
0 0.214453 0.429167 0.017969 0.019444
0 0.205859 0.516667 0.019531 0.016667
0 0.112891 0.505556 0.022656 0.022222
0 0.310156 0.461111 0.017188 0.019444
0 0.363672 0.438889 0.017969 0.016667
0 0.401953 0.312500 0.017969 0.016667
0 0.388672 0.485417 0.017969 0.015278
0 0.497266 0.509028 0.019531 0.018056
0 0.529688 0.402778 0.023438 0.016667
0 0.518359 0.315972 0.024219 0.018056
0 0.554688 0.381250 0.017188 0.018056
0 0.585938 0.316667 0.020312 0.019444
0 0.616016 0.360417 0.022656 0.020833
0 0.620703 0.494444 0.021094 0.019444
0 0.648047 0.536111 0.019531 0.019444
0 0.677344 0.323611 0.018750 0.022222
0 0.737500 0.336111 0.020312 0.022222
0 0.758203 0.445139 0.022656 0.020833
0 0.777734 0.512500 0.022656 0.019444
0 0.804297 0.464583 0.016406 0.018056
0 0.841016 0.484722 0.017969 0.016667
0 0.841797 0.509028 0.019531 0.015278
0 0.939062 0.533333 0.017188 0.016667
0 0.955469 0.504861 0.020312 0.020833
0 0.940625 0.438194 0.023438 0.020833
0 0.910937 0.400000 0.023438 0.022222
0 0.953906 0.328472 0.015625 0.018056
0 0.028516 0.307639 0.019531 0.018056
1 0.303906 0.346528 0.042188 0.020833
