0 0.023047 0.373611 0.017969 0.013889
0 0.057422 0.311806 0.017969 0.015278
0 0.106641 0.338194 0.019531 0.015278
0 0.121484 0.384722 0.017969 0.016667
0 0.176953 0.368056 0.021094 0.019444
0 0.074219 0.463889 0.020312 0.016667
0 0.189453 0.493750 0.019531 0.018056
0 0.202344 0.390972 0.015625 0.015278
0 0.246094 0.336111 0.015625 0.016667
0 0.298438 0.315278 0.018750 0.016667
0 0.307031 0.378472 0.017188 0.020833
0 0.269531 0.479861 0.020312 0.018056
0 0.327344 0.438194 0.020312 0.018056
0 0.427344 0.401389 0.017188 0.016667
0 0.467187 0.363194 0.018750 0.015278
0 0.551172 0.334028 0.017969 0.018056
0 0.443750 0.465972 0.015625 0.015278
0 0.520312 0.522917 0.020312 0.018056
0 0.349609 0.525694 0.019531 0.015278
0 0.555078 0.490972 0.016406 0.015278
0 0.557031 0.511806 0.021875 0.012500
0 0.631250 0.537500 0.017188 0.016667
0 0.678906 0.512500 0.017188 0.016667
0 0.727734 0.490278 0.019531 0.019444
0 0.736328 0.465278 0.021094 0.016667
0 0.719922 0.334722 0.022656 0.016667
0 0.856641 0.332639 0.021094 0.020833
0 0.813672 0.444444 0.019531 0.016667
0 0.817187 0.468056 0.017188 0.016667
0 0.755469 0.514583 0.018750 0.015278
0 0.807813 0.540972 0.020312 0.018056
0 0.888281 0.509722 0.021875 0.022222
0 0.976563 0.505556 0.023438 0.019444
0 0.947656 0.481250 0.021875 0.020833
0 0.905078 0.463194 0.019531 0.020833
0 0.906250 0.371528 0.017188 0.015278
0 0.917578 0.400000 0.022656 0.016667
0 0.969531 0.287500 0.021875 0.025000
0 0.985156 0.347222 0.021875 0.022222
0 0.370313 0.334722 0.021875 0.016667
1 0.596484 0.356944 0.044531 0.022222
