0 0.014844 0.280556 0.017188 0.013889
0 0.032031 0.375000 0.017188 0.019444
0 0.016797 0.460417 0.019531 0.018056
0 0.092578 0.459722 0.019531 0.019444
0 0.101563 0.286111 0.018750 0.022222
0 0.134766 0.361111 0.014844 0.016667
0 0.135937 0.383333 0.017188 0.016667
0 0.153125 0.336111 0.017188 0.016667
0 0.185156 0.318056 0.018750 0.016667
0 0.217578 0.302083 0.019531 0.018056
0 0.203125 0.386111 0.018750 0.016667
0 0.181641 0.449306 0.019531 0.020833
0 0.142969 0.484722 0.020312 0.019444
0 0.166016 0.512500 0.021094 0.016667
0 0.257813 0.484028 0.018750 0.020833
0 0.284766 0.523611 0.019531 0.016667
0 0.303125 0.501389 0.018750 0.019444
0 0.304688 0.375694 0.021875 0.018056
0 0.326562 0.397917 0.018750 0.018056
0 0.342578 0.354167 0.017969 0.019444
0 0.418359 0.309722 0.017969 0.019444
0 0.434766 0.336111 0.017969 0.019444
0 0.411328 0.381250 0.017969 0.020833
0 0.464063 0.406944 0.020312 0.019444
0 0.434375 0.497222 0.018750 0.016667
0 0.471094 0.472222 0.017188 0.019444
0 0.464844 0.537500 0.020312 0.022222
0 0.539453 0.450000 0.019531 0.019444
0 0.558203 0.495139 0.019531 0.018056
0 0.621875 0.385417 0.017188 0.018056
0 0.624609 0.411806 0.017969 0.018056
0 0.624219 0.325000 0.018750 0.016667
0 0.698828 0.364583 0.019531 0.018056
0 0.670313 0.540972 0.020312 0.018056
0 0.735156 0.450694 0.021875 0.018056
0 0.751172 0.518750 0.021094 0.020833
0 0.737891 0.342361 0.017969 0.018056
0 0.803906 0.473611 0.018750 0.016667
0 0.842188 0.360417 0.020312 0.020833
0 0.869141 0.405556 0.022656 0.019444
0 0.844531 0.518056 0.020312 0.016667
0 0.882422 0.338889 0.019531 0.022222
0 0.974219 0.331944 0.021875 0.019444
0 0.984375 0.358333 0.021875 0.019444
0 0.969531 0.443750 0.020312 0.018056
0 0.962109 0.468056 0.019531 0.016667
0 0.936719 0.518056 0.021875 0.019444
0 0.973047 0.538889 0.021094 0.019444
