0 0.019922 0.372917 0.016406 0.018056
0 0.023438 0.413889 0.021875 0.013889
0 0.043359 0.484028 0.019531 0.018056
0 0.118359 0.506250 0.017969 0.020833
0 0.028906 0.351389 0.017188 0.016667
0 0.053906 0.306250 0.017188 0.015278
0 0.092578 0.315972 0.016406 0.018056
0 0.136328 0.361111 0.017969 0.019444
0 0.164453 0.316667 0.017969 0.013889
0 0.205859 0.344444 0.016406 0.016667
0 0.235156 0.313889 0.014062 0.016667
0 0.304688 0.325694 0.018750 0.018056
0 0.353906 0.316667 0.014062 0.013889
0 0.394531 0.330556 0.017188 0.016667
0 0.376953 0.375694 0.019531 0.020833
0 0.375000 0.397917 0.018750 0.015278
0 0.428125 0.356250 0.018750 0.015278
0 0.537500 0.323611 0.017188 0.016667
0 0.580078 0.333333 0.019531 0.019444
0 0.584375 0.362500 0.017188 0.016667
0 0.656641 0.383333 0.021094 0.016667
0 0.680469 0.360417 0.015625 0.018056
0 0.674219 0.334722 0.018750 0.013889
0 0.723828 0.320833 0.021094 0.016667
0 0.746484 0.354861 0.017969 0.018056
0 0.732422 0.400694 0.017969 0.015278
0 0.825000 0.380556 0.017188 0.019444
0 0.830078 0.350694 0.022656 0.018056
0 0.862109 0.354167 0.019531 0.019444
0 0.888672 0.327778 0.019531 0.016667
0 0.860937 0.461806 0.018750 0.018056
0 0.894531 0.504167 0.021875 0.019444
0 0.870313 0.535417 0.020312 0.020833
0 0.803906 0.491667 0.021875 0.019444
0 0.733984 0.446528 0.017969 0.015278
0 0.719922 0.467361 0.014844 0.015278
0 0.710547 0.537500 0.017969 0.019444
0 0.671094 0.491667 0.018750 0.019444
0 0.568359 0.511806 0.017969 0.018056
0 0.534766 0.534028 0.019531 0.015278
0 0.503125 0.465972 0.018750 0.018056
0 0.453906 0.533333 0.020312 0.019444
0 0.380078 0.482639 0.017969 0.018056
2 0.272656 0.497222 0.060938 0.022222
2 0.250000 0.521528 0.040625 0.023611
