0 0.030859 0.278472 0.019531 0.015278
0 0.018359 0.320139 0.016406 0.015278
0 0.087891 0.328472 0.021094 0.018056
0 0.100391 0.350694 0.017969 0.020833
0 0.126953 0.309028 0.019531 0.020833
0 0.195313 0.291667 0.018750 0.019444
0 0.210156 0.313889 0.017188 0.016667
0 0.203125 0.361806 0.015625 0.015278
0 0.165625 0.377778 0.018750 0.019444
0 0.286328 0.346528 0.016406 0.018056
0 0.325391 0.300694 0.016406 0.015278
0 0.389062 0.299306 0.018750 0.020833
0 0.404687 0.328472 0.018750 0.018056
0 0.473828 0.352083 0.014844 0.012500
0 0.522266 0.309722 0.017969 0.019444
0 0.548828 0.356250 0.021094 0.018056
0 0.510938 0.400694 0.020312 0.018056
0 0.606641 0.347222 0.017969 0.016667
0 0.639063 0.357639 0.020312 0.018056
0 0.642578 0.382639 0.014844 0.012500
0 0.722656 0.381944 0.021875 0.016667
0 0.720703 0.356944 0.017969 0.016667
0 0.732813 0.325000 0.018750 0.016667
0 0.790625 0.378472 0.020312 0.015278
0 0.809766 0.355556 0.019531 0.016667
0 0.842578 0.384028 0.017969 0.018056
0 0.849609 0.328472 0.022656 0.018056
0 0.906250 0.376389 0.020312 0.016667
0 0.959375 0.328472 0.017188 0.018056
0 0.949219 0.394444 0.018750 0.016667
0 0.947266 0.506250 0.019531 0.020833
0 0.891797 0.537500 0.017969 0.016667
0 0.833203 0.541667 0.014844 0.013889
0 0.778906 0.465972 0.021875 0.018056
0 0.761719 0.538194 0.018750 0.018056
0 0.703125 0.508333 0.014062 0.016667
0 0.672656 0.445139 0.018750 0.018056
0 0.664844 0.538889 0.015625 0.016667
0 0.544531 0.442361 0.021875 0.018056
0 0.492188 0.462500 0.018750 0.019444
0 0.521875 0.486806 0.018750 0.015278
0 0.523047 0.506944 0.017969 0.019444
0 0.461328 0.531944 0.021094 0.016667
0 0.439063 0.504167 0.015625 0.016667
0 0.374219 0.502083 0.017188 0.018056
0 0.295312 0.506944 0.018750 0.019444
0 0.238281 0.517361 0.020312 0.018056
0 0.208203 0.487500 0.019531 0.019444
0 0.080859 0.415278 0.017969 0.016667
