0 0.050391 0.409722 0.019531 0.019444
0 0.071094 0.318750 0.018750 0.015278
0 0.117578 0.309722 0.019531 0.016667
0 0.129688 0.376389 0.015625 0.016667
0 0.085938 0.477083 0.020312 0.015278
0 0.110156 0.503472 0.020312 0.015278
0 0.192969 0.297222 0.017188 0.016667
0 0.225391 0.286806 0.017969 0.018056
0 0.229687 0.320139 0.018750 0.015278
0 0.261719 0.347917 0.017188 0.012500
0 0.299219 0.367361 0.017188 0.018056
0 0.297266 0.325000 0.017969 0.016667
0 0.235547 0.468750 0.017969 0.020833
0 0.229297 0.510417 0.017969 0.018056
0 0.292188 0.519444 0.018750 0.016667
0 0.367578 0.374306 0.016406 0.012500
0 0.371484 0.436111 0.017969 0.016667
0 0.368359 0.524306 0.017969 0.015278
0 0.408594 0.397917 0.020312 0.015278
0 0.395703 0.305556 0.019531 0.019444
0 0.442187 0.377083 0.015625 0.015278
0 0.464063 0.351389 0.015625 0.013889
0 0.501562 0.354861 0.018750 0.018056
0 0.496875 0.402083 0.017188 0.018056
0 0.491797 0.531250 0.017969 0.015278
0 0.552734 0.357639 0.016406 0.018056
0 0.551562 0.383333 0.017188 0.013889
0 0.574219 0.445139 0.018750 0.018056
0 0.569531 0.509722 0.021875 0.016667
0 0.639844 0.445833 0.018750 0.016667
0 0.637109 0.495139 0.019531 0.018056
0 0.665625 0.533333 0.012500 0.013889
0 0.778906 0.536806 0.021875 0.020833
0 0.698438 0.328472 0.020312 0.015278
0 0.707031 0.360417 0.018750 0.018056
2 0.638281 0.386111 0.018750 0.013889
0 0.639844 0.362500 0.015625 0.013889
0 0.739062 0.383333 0.020312 0.016667
0 0.804688 0.357639 0.018750 0.018056
0 0.859766 0.356250 0.019531 0.018056
0 0.895703 0.333333 0.016406 0.013889
0 0.858594 0.308333 0.015625 0.016667
0 0.905859 0.465278 0.017969 0.016667
