0 0.040625 0.332639 0.018750 0.018056
0 0.064062 0.311806 0.014062 0.015278
0 0.073047 0.378472 0.017969 0.015278
0 0.061719 0.431250 0.020312 0.018056
0 0.051172 0.502778 0.019531 0.016667
0 0.092188 0.486806 0.018750 0.018056
0 0.117188 0.295139 0.015625 0.018056
0 0.128906 0.340972 0.017188 0.015278
0 0.155469 0.366667 0.017188 0.019444
0 0.133594 0.425694 0.017188 0.015278
0 0.127344 0.470139 0.015625 0.015278
0 0.154687 0.512500 0.018750 0.019444
0 0.182422 0.425694 0.017969 0.015278
0 0.201172 0.446528 0.017969 0.018056
0 0.267188 0.302778 0.018750 0.016667
0 0.267969 0.372917 0.020312 0.015278
0 0.278516 0.475694 0.021094 0.018056
0 0.262109 0.516667 0.016406 0.016667
0 0.331250 0.502083 0.021875 0.018056
0 0.383203 0.530556 0.019531 0.019444
0 0.370313 0.379861 0.018750 0.015278
0 0.387891 0.336111 0.017969 0.016667
0 0.406641 0.359722 0.017969 0.016667
0 0.476172 0.379861 0.016406 0.012500
0 0.557422 0.332639 0.019531 0.015278
0 0.616016 0.407639 0.017969 0.015278
0 0.673437 0.309028 0.014062 0.015278
0 0.655078 0.355556 0.019531 0.016667
0 0.755469 0.339583 0.018750 0.015278
0 0.795313 0.353472 0.020312 0.015278
0 0.859766 0.306944 0.017969 0.016667
2 0.867188 0.338194 0.021875 0.020833
0 0.757031 0.382639 0.017188 0.015278
0 0.691406 0.408333 0.018750 0.016667
0 0.780859 0.408333 0.017969 0.013889
0 0.979688 0.373611 0.020312 0.016667
0 0.979297 0.529167 0.019531 0.016667
0 0.901172 0.534028 0.019531 0.015278
0 0.909766 0.488889 0.021094 0.022222
0 0.778516 0.490278 0.019531 0.019444
0 0.756641 0.515278 0.021094 0.019444
0 0.726172 0.538889 0.019531 0.016667
0 0.688281 0.491667 0.018750 0.019444
0 0.629297 0.541667 0.021094 0.019444
0 0.608203 0.448611 0.019531 0.019444
0 0.569141 0.468056 0.017969 0.016667
0 0.564062 0.493056 0.020312 0.022222
0 0.548047 0.511806 0.021094 0.018056
0 0.528125 0.534028 0.018750 0.018056
0 0.492578 0.444444 0.017969 0.013889
0 0.465625 0.511111 0.021875 0.016667
0 0.409766 0.465278 0.016406 0.016667
