0 0.031250 0.281250 0.018750 0.020833
0 0.018750 0.300694 0.015625 0.012500
0 0.127734 0.317361 0.019531 0.018056
0 0.167578 0.368750 0.017969 0.018056
0 0.076563 0.481944 0.020312 0.016667
0 0.171484 0.470139 0.017969 0.020833
0 0.183203 0.492361 0.019531 0.020833
0 0.232422 0.368750 0.017969 0.018056
0 0.235938 0.313194 0.020312 0.018056
0 0.278125 0.348611 0.018750 0.019444
0 0.259375 0.462500 0.018750 0.022222
0 0.305859 0.377083 0.019531 0.015278
0 0.306250 0.395833 0.021875 0.019444
0 0.337500 0.464583 0.021875 0.018056
0 0.358594 0.482639 0.020312 0.018056
0 0.356250 0.505556 0.018750 0.019444
0 0.377734 0.320139 0.017969 0.018056
0 0.423828 0.329861 0.019531 0.018056
0 0.419141 0.354167 0.021094 0.019444
0 0.480469 0.310417 0.020312 0.018056
0 0.546094 0.338194 0.018750 0.020833
0 0.561328 0.313194 0.017969 0.018056
0 0.576953 0.363194 0.021094 0.018056
0 0.596094 0.512500 0.020312 0.019444
0 0.650000 0.383333 0.020312 0.019444
0 0.667578 0.311111 0.019531 0.016667
0 0.720312 0.335417 0.017188 0.018056
0 0.738281 0.309028 0.018750 0.020833
0 0.800000 0.338194 0.020312 0.020833
0 0.738672 0.447222 0.019531 0.019444
0 0.782422 0.472222 0.021094 0.019444
0 0.838281 0.469444 0.021875 0.022222
0 0.872266 0.403472 0.019531 0.018056
0 0.876562 0.378472 0.017188 0.015278
0 0.932813 0.399306 0.020312 0.018056
0 0.961719 0.376389 0.021875 0.019444
0 0.911719 0.349306 0.021875 0.015278
0 0.889844 0.307639 0.018750 0.020833
