0 0.021094 0.343750 0.017188 0.018056
0 0.026563 0.322222 0.018750 0.016667
0 0.076953 0.304167 0.019531 0.016667
0 0.096875 0.371528 0.018750 0.015278
0 0.133203 0.355556 0.016406 0.013889
0 0.136719 0.287500 0.020312 0.016667
0 0.160156 0.308333 0.017188 0.016667
0 0.219141 0.338889 0.017969 0.019444
0 0.271484 0.296528 0.016406 0.015278
0 0.336719 0.297917 0.017188 0.018056
0 0.340234 0.323611 0.019531 0.019444
0 0.402344 0.352778 0.014062 0.016667
0 0.432813 0.396528 0.018750 0.015278
0 0.469922 0.308333 0.016406 0.016667
0 0.491797 0.354861 0.021094 0.018056
0 0.558594 0.350000 0.018750 0.013889
0 0.592969 0.356250 0.018750 0.015278
0 0.594922 0.383333 0.014844 0.011111
0 0.666797 0.358333 0.017969 0.019444
0 0.671094 0.381944 0.021875 0.019444
0 0.682813 0.327083 0.015625 0.012500
0 0.732813 0.379861 0.020312 0.018056
0 0.757031 0.357639 0.021875 0.015278
0 0.800000 0.329861 0.020312 0.018056
0 0.791406 0.381944 0.018750 0.013889
0 0.850000 0.377778 0.020312 0.013889
0 0.865234 0.401389 0.017969 0.016667
0 0.906250 0.331250 0.020312 0.018056
0 0.949609 0.352778 0.021094 0.016667
0 0.844531 0.466667 0.018750 0.016667
0 0.881250 0.541667 0.017188 0.016667
0 0.938672 0.535417 0.019531 0.015278
0 0.058203 0.475000 0.017969 0.019444
0 0.158984 0.420833 0.019531 0.016667
0 0.256641 0.492361 0.019531 0.020833
0 0.290234 0.519444 0.021094 0.019444
0 0.350781 0.515278 0.020312 0.019444
0 0.426953 0.504861 0.017969 0.018056
0 0.486328 0.504167 0.014844 0.016667
0 0.528125 0.534028 0.020312 0.015278
0 0.576172 0.511111 0.017969 0.016667
0 0.585156 0.487500 0.018750 0.016667
0 0.587891 0.466667 0.019531 0.016667
0 0.628906 0.441667 0.021875 0.019444
0 0.722656 0.538194 0.017188 0.018056
0 0.746875 0.446528 0.020312 0.018056
0 0.782031 0.505556 0.014062 0.016667
0 0.808594 0.534722 0.018750 0.016667
