0 0.082422 0.304861 0.019531 0.018056
0 0.075000 0.348611 0.018750 0.016667
0 0.057031 0.403472 0.017188 0.018056
0 0.069922 0.452083 0.016406 0.018056
0 0.057031 0.471528 0.020312 0.023611
0 0.113672 0.498611 0.019531 0.019444
0 0.125781 0.373611 0.017188 0.016667
0 0.171094 0.502083 0.017188 0.018056
0 0.178516 0.461806 0.017969 0.020833
0 0.186328 0.422222 0.017969 0.016667
0 0.180469 0.331944 0.017188 0.016667
0 0.200000 0.380556 0.021875 0.016667
0 0.201562 0.311111 0.012500 0.013889
0 0.257422 0.320139 0.017969 0.018056
0 0.262500 0.386806 0.015625 0.018056
0 0.271094 0.293750 0.017188 0.015278
0 0.291797 0.343750 0.016406 0.015278
0 0.321875 0.297917 0.015625 0.015278
0 0.325391 0.323611 0.021094 0.019444
0 0.383594 0.325694 0.017188 0.015278
0 0.400000 0.302083 0.015625 0.012500
0 0.369922 0.393750 0.019531 0.015278
0 0.446484 0.327778 0.019531 0.016667
0 0.451562 0.353472 0.018750 0.015278
0 0.461719 0.375694 0.017188 0.015278
0 0.501562 0.400694 0.017188 0.015278
0 0.572656 0.317361 0.015625 0.018056
0 0.615625 0.335417 0.017188 0.015278
0 0.591406 0.403472 0.018750 0.018056
2 0.669531 0.359028 0.043750 0.020833
0 0.698828 0.325000 0.019531 0.016667
0 0.697656 0.404861 0.021875 0.015278
0 0.764063 0.333333 0.020312 0.016667
0 0.777344 0.404167 0.021875 0.016667
0 0.790625 0.305556 0.020312 0.016667
0 0.869922 0.311806 0.019531 0.015278
0 0.863672 0.356250 0.021094 0.018056
0 0.937109 0.329861 0.022656 0.018056
0 0.956250 0.355556 0.018750 0.016667
0 0.946484 0.458333 0.021094 0.016667
0 0.851172 0.540972 0.019531 0.015278
0 0.714063 0.512500 0.017188 0.016667
0 0.715625 0.537500 0.020312 0.016667
0 0.597266 0.509722 0.019531 0.016667
0 0.497656 0.444444 0.020312 0.019444
0 0.480078 0.531944 0.019531 0.016667
0 0.375781 0.525000 0.017188 0.016667
0 0.358203 0.476389 0.019531 0.013889
