0 0.037891 0.347917 0.017969 0.018056
0 0.036719 0.454861 0.017188 0.018056
0 0.076172 0.429861 0.017969 0.015278
0 0.073047 0.477778 0.022656 0.019444
0 0.161719 0.434722 0.020312 0.019444
0 0.223828 0.354861 0.014844 0.018056
0 0.247656 0.381250 0.017188 0.018056
0 0.362891 0.376389 0.017969 0.019444
0 0.356641 0.402778 0.014844 0.019444
0 0.444922 0.380556 0.017969 0.019444
0 0.443359 0.406250 0.017969 0.018056
0 0.430859 0.471528 0.017969 0.015278
0 0.485547 0.357639 0.019531 0.018056
0 0.514063 0.405556 0.017188 0.019444
0 0.560156 0.381250 0.018750 0.020833
0 0.576563 0.356250 0.020312 0.015278
0 0.596094 0.317361 0.018750 0.018056
0 0.608594 0.405556 0.020312 0.016667
0 0.678906 0.312500 0.018750 0.019444
0 0.726172 0.375694 0.021094 0.018056
0 0.761719 0.340278 0.018750 0.016667
0 0.825391 0.393056 0.016406 0.016667
0 0.909375 0.388194 0.020312 0.020833
0 0.904688 0.286806 0.023438 0.020833
0 0.988281 0.309722 0.021875 0.019444
0 0.945313 0.444444 0.020312 0.016667
0 0.972656 0.520139 0.018750 0.018056
0 0.916406 0.495833 0.020312 0.016667
0 0.892187 0.526389 0.020312 0.022222
0 0.816797 0.436111 0.021094 0.019444
0 0.739062 0.508333 0.017188 0.019444
0 0.723828 0.539583 0.017969 0.018056
