0 0.013281 0.461806 0.023438 0.023611
0 0.013672 0.351389 0.014844 0.019444
0 0.083984 0.293750 0.014844 0.015278
0 0.121484 0.320139 0.017969 0.018056
0 0.100000 0.380556 0.018750 0.016667
0 0.129297 0.487500 0.019531 0.016667
0 0.175000 0.341667 0.018750 0.016667
0 0.191406 0.390972 0.017188 0.015278
0 0.201172 0.474306 0.017969 0.015278
0 0.242969 0.434028 0.020312 0.020833
0 0.247656 0.370139 0.020312 0.015278
0 0.272266 0.395833 0.017969 0.016667
0 0.287109 0.521528 0.017969 0.018056
0 0.311719 0.338889 0.015625 0.016667
0 0.366016 0.325000 0.019531 0.016667
0 0.388281 0.379861 0.017188 0.018056
0 0.372266 0.463194 0.016406 0.015278
0 0.467187 0.525694 0.018750 0.015278
0 0.502734 0.511111 0.016406 0.013889
0 0.498437 0.488889 0.014062 0.013889
0 0.506641 0.447222 0.022656 0.019444
0 0.501953 0.406250 0.019531 0.018056
0 0.521875 0.356944 0.015625 0.016667
0 0.604297 0.334722 0.016406 0.016667
0 0.782422 0.337500 0.019531 0.016667
0 0.911719 0.332639 0.018750 0.018056
0 0.978516 0.372917 0.016406 0.018056
0 0.987500 0.461806 0.020312 0.020833
0 0.973828 0.534028 0.021094 0.018056
0 0.899609 0.481944 0.024219 0.016667
0 0.912500 0.508333 0.020312 0.016667
0 0.835156 0.509722 0.021875 0.019444
0 0.843359 0.465278 0.019531 0.016667
0 0.756250 0.542361 0.020312 0.020833
0 0.745313 0.468056 0.020312 0.016667
0 0.719531 0.445139 0.020312 0.018056
0 0.672266 0.465972 0.017969 0.015278
0 0.670703 0.491667 0.017969 0.019444
0 0.701953 0.514583 0.021094 0.020833
0 0.625391 0.515972 0.019531 0.015278
0 0.569141 0.534722 0.017969 0.016667
1 0.658594 0.356944 0.046875 0.016667
0 0.434375 0.338889 0.021875 0.019444
