0 0.023438 0.306944 0.018750 0.013889
0 0.025000 0.331944 0.015625 0.016667
0 0.076563 0.292361 0.012500 0.018056
0 0.166797 0.319444 0.017969 0.019444
0 0.162109 0.384028 0.019531 0.015278
0 0.183594 0.363889 0.017188 0.016667
0 0.194531 0.297917 0.014062 0.018056
0 0.246484 0.325000 0.017969 0.016667
0 0.255859 0.350000 0.017969 0.016667
0 0.372266 0.331250 0.017969 0.018056
0 0.390625 0.357639 0.018750 0.018056
0 0.425391 0.331250 0.019531 0.020833
0 0.437109 0.381250 0.017969 0.018056
0 0.476172 0.356250 0.019531 0.015278
0 0.500781 0.400694 0.015625 0.015278
0 0.522266 0.336111 0.019531 0.019444
0 0.531641 0.312500 0.017969 0.016667
0 0.548828 0.359028 0.017969 0.015278
0 0.656641 0.354167 0.016406 0.013889
0 0.648438 0.385417 0.017188 0.015278
0 0.695703 0.322917 0.016406 0.018056
0 0.702344 0.359028 0.025000 0.018056
0 0.797266 0.357639 0.019531 0.018056
0 0.925391 0.327083 0.019531 0.018056
0 0.945313 0.394444 0.020312 0.019444
0 0.916016 0.459028 0.014844 0.015278
0 0.907031 0.483333 0.021875 0.019444
0 0.875781 0.533333 0.018750 0.019444
0 0.799219 0.531250 0.018750 0.020833
0 0.714844 0.465278 0.020312 0.016667
0 0.692969 0.538194 0.020312 0.018056
0 0.603125 0.490278 0.017188 0.019444
0 0.605859 0.539583 0.022656 0.018056
2 0.469922 0.509028 0.061719 0.026389
2 0.414844 0.534722 0.039063 0.022222
0 0.274219 0.433333 0.020312 0.019444
0 0.283594 0.521528 0.017188 0.018056
0 0.202734 0.512500 0.017969 0.019444
0 0.130078 0.483333 0.019531 0.019444
0 0.076172 0.479167 0.019531 0.019444
0 0.019922 0.481250 0.017969 0.015278
