0 0.012109 0.474306 0.021094 0.015278
0 0.032422 0.501389 0.022656 0.019444
0 0.042188 0.454861 0.017188 0.015278
0 0.064844 0.435417 0.017188 0.020833
0 0.078906 0.356250 0.017188 0.015278
0 0.094922 0.378472 0.019531 0.015278
0 0.106250 0.479167 0.018750 0.016667
0 0.110547 0.504861 0.017969 0.015278
0 0.132031 0.462500 0.018750 0.013889
0 0.136328 0.367361 0.017969 0.018056
0 0.175391 0.339583 0.017969 0.018056
0 0.225000 0.471528 0.018750 0.020833
0 0.299219 0.305556 0.017188 0.016667
0 0.303516 0.371528 0.017969 0.015278
0 0.297266 0.496528 0.019531 0.015278
0 0.277344 0.517361 0.017188 0.018056
0 0.324609 0.457639 0.019531 0.020833
0 0.340625 0.433333 0.021875 0.019444
0 0.358594 0.323611 0.017188 0.019444
0 0.373828 0.376389 0.019531 0.019444
0 0.374609 0.482639 0.019531 0.020833
0 0.358203 0.523611 0.017969 0.016667
0 0.429297 0.322917 0.016406 0.018056
0 0.426172 0.441667 0.017969 0.019444
0 0.450000 0.504861 0.020312 0.018056
0 0.442969 0.532639 0.018750 0.015278
0 0.475391 0.379861 0.017969 0.018056
0 0.469531 0.462500 0.021875 0.019444
0 0.492188 0.486111 0.020312 0.019444
0 0.492578 0.530556 0.019531 0.019444
0 0.515625 0.445139 0.020312 0.020833
0 0.581250 0.351389 0.017188 0.016667
0 0.570313 0.531944 0.020312 0.016667
0 0.617578 0.491667 0.021094 0.019444
0 0.682813 0.334722 0.020312 0.022222
0 0.710547 0.379167 0.021094 0.013889
0 0.741406 0.444444 0.018750 0.016667
0 0.723437 0.540278 0.018750 0.016667
0 0.764063 0.400694 0.017188 0.015278
0 0.804688 0.356250 0.020312 0.018056
0 0.866406 0.351389 0.020312 0.019444
0 0.848828 0.302778 0.017969 0.016667
0 0.985937 0.345833 0.020312 0.016667
0 0.966797 0.395139 0.019531 0.018056
0 0.908984 0.440972 0.019531 0.018056
0 0.896875 0.484028 0.017188 0.020833
0 0.914453 0.504167 0.019531 0.016667
0 0.938672 0.531250 0.019531 0.018056
0 0.816406 0.464583 0.020312 0.018056
0 0.774609 0.484722 0.021094 0.022222
0 0.779297 0.510417 0.021094 0.020833
