0 0.011328 0.363194 0.019531 0.015278
0 0.091406 0.372917 0.020312 0.018056
0 0.096484 0.306944 0.017969 0.013889
2 0.105078 0.329861 0.042969 0.020833
0 0.213281 0.318056 0.020312 0.019444
0 0.262891 0.297222 0.017969 0.016667
0 0.256250 0.342361 0.018750 0.018056
0 0.314063 0.324306 0.017188 0.018056
0 0.319531 0.350694 0.020312 0.018056
0 0.286328 0.391667 0.019531 0.016667
0 0.377344 0.361806 0.017188 0.018056
0 0.422656 0.301389 0.020312 0.016667
0 0.428516 0.329167 0.017969 0.013889
0 0.438281 0.397222 0.018750 0.016667
0 0.481250 0.379167 0.015625 0.016667
0 0.539063 0.312500 0.015625 0.013889
0 0.593750 0.317361 0.018750 0.018056
0 0.573828 0.374306 0.016406 0.018056
0 0.650000 0.323611 0.020312 0.016667
0 0.712500 0.312500 0.017188 0.016667
0 0.736328 0.332639 0.019531 0.015278
0 0.784766 0.358333 0.021094 0.019444
0 0.792578 0.338194 0.021094 0.018056
0 0.855859 0.357639 0.022656 0.018056
0 0.869922 0.381250 0.016406 0.015278
0 0.824609 0.405556 0.019531 0.019444
0 0.928516 0.300694 0.019531 0.018056
0 0.956641 0.352083 0.021094 0.015278
0 0.964063 0.375694 0.021875 0.020833
0 0.961719 0.489583 0.021875 0.018056
0 0.917188 0.442361 0.018750 0.018056
0 0.940234 0.537500 0.019531 0.019444
0 0.851172 0.492361 0.019531 0.020833
0 0.721094 0.513889 0.018750 0.019444
0 0.699219 0.540972 0.018750 0.018056
0 0.667969 0.490278 0.020312 0.016667
0 0.660156 0.510417 0.018750 0.015278
0 0.637891 0.543056 0.016406 0.019444
0 0.558203 0.535417 0.019531 0.018056
0 0.522266 0.465972 0.021094 0.020833
0 0.362500 0.435417 0.018750 0.018056
0 0.396094 0.481250 0.014062 0.015278
0 0.401563 0.525000 0.015625 0.016667
0 0.316016 0.495139 0.017969 0.018056
0 0.271484 0.473611 0.019531 0.016667
0 0.212109 0.423611 0.017969 0.016667
0 0.235938 0.491667 0.015625 0.016667
0 0.193359 0.511806 0.021094 0.018056
0 0.165625 0.484722 0.018750 0.022222
0 0.123438 0.436806 0.018750 0.015278
0 0.030078 0.498611 0.022656 0.019444
0 0.092969 0.484028 0.020312 0.020833
