0 0.043750 0.508333 0.018750 0.019444
0 0.074609 0.317361 0.016406 0.018056
0 0.107031 0.293056 0.017188 0.013889
0 0.116016 0.334722 0.016406 0.016667
0 0.134375 0.318056 0.017188 0.016667
0 0.200391 0.324306 0.019531 0.015278
0 0.228125 0.354167 0.018750 0.016667
0 0.246484 0.393056 0.021094 0.022222
0 0.350781 0.306250 0.020312 0.018056
0 0.433984 0.356944 0.019531 0.019444
0 0.474609 0.318056 0.017969 0.016667
0 0.534375 0.404167 0.020312 0.019444
0 0.576563 0.355556 0.020312 0.016667
0 0.675391 0.317361 0.019531 0.018056
0 0.818359 0.318750 0.016406 0.015278
0 0.946875 0.323611 0.020312 0.016667
2 0.898047 0.531250 0.044531 0.020833
0 0.775000 0.540278 0.018750 0.016667
0 0.751562 0.486806 0.020312 0.018056
0 0.689844 0.461111 0.018750 0.013889
0 0.649609 0.538194 0.019531 0.015278
0 0.577344 0.538889 0.020312 0.019444
0 0.554688 0.512500 0.018750 0.019444
0 0.482422 0.538889 0.014844 0.016667
0 0.457031 0.513194 0.018750 0.018056
0 0.440625 0.486806 0.021875 0.018056
0 0.469141 0.465278 0.017969 0.016667
0 0.364062 0.504861 0.018750 0.018056
