0 0.039453 0.311806 0.017969 0.015278
0 0.080469 0.356250 0.017188 0.015278
0 0.118359 0.313889 0.016406 0.019444
0 0.146875 0.340278 0.015625 0.013889
0 0.185547 0.307639 0.013281 0.018056
0 0.259766 0.325000 0.017969 0.016667
0 0.304297 0.309028 0.014844 0.018056
0 0.312500 0.372222 0.018750 0.016667
0 0.304688 0.393750 0.017188 0.015278
0 0.346875 0.327083 0.015625 0.015278
0 0.371094 0.354861 0.017188 0.015278
0 0.482422 0.324306 0.017969 0.015278
0 0.519922 0.358333 0.017969 0.013889
0 0.529297 0.332639 0.021094 0.015278
0 0.583594 0.383333 0.018750 0.013889
0 0.611719 0.356944 0.018750 0.013889
0 0.625000 0.334722 0.017188 0.016667
0 0.662500 0.318750 0.018750 0.018056
0 0.680078 0.356944 0.017969 0.013889
0 0.653906 0.404861 0.015625 0.015278
0 0.761328 0.382639 0.019531 0.015278
0 0.772656 0.352778 0.018750 0.016667
0 0.807813 0.356250 0.017188 0.015278
0 0.822656 0.326389 0.018750 0.013889
0 0.935938 0.351389 0.020312 0.019444
0 0.951563 0.459722 0.020312 0.019444
0 0.950781 0.501389 0.018750 0.016667
0 0.926562 0.533333 0.020312 0.016667
0 0.876562 0.486111 0.020312 0.019444
0 0.823828 0.444444 0.021094 0.016667
0 0.783984 0.464583 0.014844 0.015278
0 0.749219 0.490278 0.020312 0.016667
0 0.765234 0.536806 0.019531 0.015278
0 0.650000 0.517361 0.017188 0.018056
0 0.571875 0.465278 0.018750 0.019444
0 0.587500 0.535417 0.020312 0.018056
0 0.502734 0.535417 0.017969 0.018056
0 0.454297 0.486111 0.016406 0.019444
2 0.339453 0.501389 0.063281 0.027778
2 0.305859 0.525694 0.042969 0.020833
0 0.173047 0.511111 0.016406 0.013889
0 0.108984 0.420833 0.024219 0.019444
0 0.099219 0.497222 0.021875 0.016667
