0 0.011719 0.343056 0.017188 0.019444
0 0.029297 0.370139 0.014844 0.015278
0 0.058594 0.350000 0.017188 0.013889
0 0.109375 0.333333 0.018750 0.016667
0 0.163281 0.338889 0.017188 0.013889
0 0.201172 0.355556 0.014844 0.016667
0 0.213281 0.295833 0.017188 0.016667
0 0.252344 0.347917 0.018750 0.015278
2 0.270703 0.369444 0.019531 0.016667
0 0.321094 0.330556 0.018750 0.013889
0 0.364453 0.375000 0.017969 0.016667
0 0.393359 0.304167 0.014844 0.013889
0 0.407031 0.350694 0.017188 0.018056
0 0.456641 0.333333 0.013281 0.013889
0 0.463281 0.355556 0.017188 0.016667
0 0.517969 0.334722 0.017188 0.016667
0 0.644141 0.313889 0.019531 0.016667
0 0.674219 0.363889 0.020312 0.016667
0 0.667969 0.384722 0.012500 0.013889
0 0.712891 0.333333 0.019531 0.016667
0 0.757031 0.363194 0.018750 0.015278
0 0.748828 0.402778 0.019531 0.016667
0 0.782812 0.331944 0.017188 0.019444
0 0.843750 0.302083 0.017188 0.018056
0 0.853125 0.334028 0.017188 0.015278
0 0.882422 0.355556 0.017969 0.016667
0 0.986719 0.352083 0.018750 0.018056
0 0.957031 0.533333 0.021875 0.019444
0 0.863281 0.500694 0.018750 0.020833
0 0.791016 0.541667 0.019531 0.016667
0 0.717188 0.543056 0.018750 0.019444
0 0.632422 0.543750 0.019531 0.020833
0 0.580469 0.531250 0.020312 0.018056
0 0.548828 0.488194 0.019531 0.015278
0 0.450781 0.441667 0.020312 0.019444
0 0.513281 0.539583 0.018750 0.018056
0 0.354297 0.521528 0.019531 0.020833
0 0.259375 0.515278 0.018750 0.016667
0 0.217578 0.488889 0.017969 0.016667
0 0.073828 0.411806 0.017969 0.015278
0 0.068750 0.446528 0.018750 0.018056
0 0.068359 0.476389 0.017969 0.019444
