0 0.021875 0.349306 0.020312 0.018056
0 0.012109 0.454861 0.017969 0.020833
0 0.042188 0.478472 0.018750 0.023611
0 0.093359 0.289583 0.019531 0.015278
0 0.124609 0.336806 0.017969 0.018056
0 0.121094 0.420139 0.020312 0.020833
0 0.126953 0.485417 0.021094 0.018056
0 0.152344 0.467361 0.017188 0.020833
0 0.171875 0.447917 0.018750 0.020833
0 0.170312 0.379861 0.018750 0.018056
0 0.173828 0.318056 0.017969 0.019444
0 0.247656 0.428472 0.017188 0.018056
0 0.235156 0.509722 0.020312 0.019444
0 0.297266 0.351389 0.017969 0.019444
0 0.329688 0.310417 0.018750 0.015278
0 0.350391 0.436806 0.019531 0.015278
0 0.352734 0.458333 0.016406 0.016667
0 0.347656 0.531250 0.020312 0.018056
0 0.417969 0.308333 0.014062 0.013889
0 0.494922 0.334722 0.017969 0.019444
0 0.512891 0.446528 0.019531 0.018056
0 0.501172 0.470139 0.021094 0.018056
0 0.507813 0.511111 0.018750 0.016667
0 0.468359 0.529861 0.019531 0.018056
0 0.571875 0.338889 0.017188 0.019444
0 0.573828 0.403472 0.016406 0.018056
0 0.608594 0.313194 0.018750 0.018056
0 0.660156 0.403472 0.021875 0.023611
0 0.679688 0.318056 0.018750 0.016667
0 0.704687 0.365972 0.018750 0.020833
0 0.629687 0.473611 0.021875 0.019444
0 0.603516 0.511111 0.019531 0.019444
0 0.664063 0.543056 0.020312 0.019444
0 0.742188 0.473611 0.020312 0.016667
0 0.757031 0.547222 0.021875 0.022222
0 0.836328 0.540972 0.017969 0.018056
0 0.876562 0.512500 0.020312 0.019444
0 0.899609 0.541667 0.021094 0.019444
0 0.840234 0.359722 0.021094 0.019444
0 0.744531 0.330556 0.017188 0.016667
0 0.946094 0.351389 0.021875 0.019444
