0 0.137109 0.376389 0.019531 0.016667
0 0.127734 0.422222 0.019531 0.016667
0 0.054688 0.501389 0.025000 0.016667
0 0.146484 0.507639 0.019531 0.023611
0 0.247656 0.459722 0.017188 0.019444
0 0.273828 0.431250 0.021094 0.018056
0 0.239063 0.360417 0.015625 0.018056
0 0.312109 0.320833 0.016406 0.016667
0 0.324219 0.481944 0.020312 0.019444
0 0.466797 0.318056 0.019531 0.016667
0 0.436719 0.509028 0.020312 0.018056
0 0.550781 0.490278 0.018750 0.019444
0 0.575000 0.317361 0.020312 0.018056
0 0.641016 0.319444 0.021094 0.022222
0 0.605469 0.406250 0.018750 0.015278
0 0.624609 0.383333 0.014844 0.013889
0 0.687891 0.359028 0.022656 0.020833
0 0.585938 0.534722 0.020312 0.016667
0 0.673828 0.447917 0.021094 0.018056
0 0.735547 0.315972 0.019531 0.018056
0 0.732422 0.466667 0.014844 0.013889
0 0.723828 0.514583 0.019531 0.015278
0 0.784766 0.511806 0.021094 0.015278
0 0.783594 0.486111 0.015625 0.016667
0 0.804297 0.334028 0.019531 0.015278
0 0.867188 0.440278 0.020312 0.019444
0 0.878906 0.533333 0.018750 0.013889
0 0.899609 0.508333 0.017969 0.016667
0 0.958203 0.481250 0.021094 0.020833
0 0.972656 0.507639 0.021875 0.020833
0 0.982031 0.452083 0.018750 0.015278
0 0.978906 0.397917 0.021875 0.018056
0 0.100000 0.315278 0.021875 0.016667
1 0.362891 0.349306 0.044531 0.026389
