0 0.042969 0.391667 0.014062 0.016667
0 0.070703 0.375000 0.017969 0.022222
0 0.092188 0.331944 0.018750 0.016667
0 0.119922 0.306250 0.016406 0.018056
0 0.174609 0.400000 0.016406 0.016667
0 0.216406 0.333333 0.017188 0.016667
0 0.230859 0.379861 0.017969 0.018056
0 0.234766 0.402778 0.013281 0.019444
0 0.266797 0.325694 0.016406 0.018056
0 0.257813 0.464583 0.020312 0.020833
0 0.289063 0.444444 0.018750 0.019444
0 0.294531 0.488194 0.015625 0.015278
0 0.328906 0.335417 0.020312 0.020833
0 0.330078 0.359722 0.017969 0.019444
0 0.328906 0.404167 0.017188 0.016667
0 0.341406 0.470833 0.020312 0.022222
0 0.348437 0.383333 0.018750 0.019444
0 0.393750 0.340278 0.017188 0.016667
0 0.396094 0.404861 0.020312 0.018056
0 0.423828 0.491667 0.019531 0.019444
0 0.411328 0.541667 0.019531 0.019444
0 0.444922 0.375000 0.021094 0.019444
0 0.499219 0.447917 0.020312 0.020833
0 0.553906 0.381250 0.018750 0.023611
0 0.575781 0.322917 0.018750 0.015278
0 0.625781 0.315972 0.018750 0.018056
0 0.652344 0.382639 0.021875 0.020833
0 0.689453 0.403472 0.019531 0.023611
0 0.697656 0.356944 0.018750 0.019444
0 0.724609 0.329861 0.016406 0.018056
0 0.684375 0.487500 0.020312 0.016667
0 0.764063 0.438194 0.020312 0.018056
0 0.768750 0.464583 0.020312 0.018056
0 0.849219 0.457639 0.018750 0.018056
0 0.880469 0.504167 0.018750 0.019444
0 0.800781 0.396528 0.015625 0.015278
0 0.862109 0.342361 0.021094 0.020833
0 0.964844 0.331250 0.021875 0.018056
