0 0.036328 0.302083 0.017969 0.018056
0 0.016406 0.360417 0.017188 0.018056
0 0.065625 0.493056 0.015625 0.019444
0 0.129688 0.432639 0.018750 0.020833
0 0.178906 0.392361 0.017188 0.020833
0 0.171094 0.508333 0.020312 0.019444
0 0.231641 0.454861 0.019531 0.020833
0 0.249219 0.505556 0.018750 0.019444
0 0.346875 0.441667 0.018750 0.019444
0 0.361328 0.333333 0.021094 0.016667
2 0.390625 0.309028 0.025000 0.020833
0 0.475391 0.307639 0.016406 0.018056
0 0.504297 0.381250 0.017969 0.018056
0 0.451953 0.445833 0.017969 0.019444
0 0.393750 0.531944 0.018750 0.013889
0 0.444922 0.535417 0.016406 0.020833
0 0.612891 0.335417 0.016406 0.018056
0 0.585156 0.537500 0.017188 0.016667
0 0.506250 0.472222 0.021875 0.019444
0 0.680469 0.540972 0.020312 0.018056
0 0.699219 0.509722 0.020312 0.019444
0 0.708984 0.401389 0.016406 0.016667
0 0.724219 0.353472 0.018750 0.018056
0 0.790625 0.377083 0.020312 0.018056
0 0.787500 0.533333 0.020312 0.016667
0 0.853125 0.467361 0.017188 0.020833
0 0.852734 0.436111 0.021094 0.016667
0 0.853906 0.343750 0.018750 0.020833
0 0.905469 0.364583 0.021875 0.018056
0 0.915234 0.450000 0.019531 0.019444
0 0.900000 0.527083 0.020312 0.018056
0 0.987109 0.381944 0.017969 0.016667
