0 0.022656 0.277778 0.017188 0.013889
0 0.041016 0.370139 0.017969 0.015278
0 0.115234 0.332639 0.016406 0.012500
0 0.240234 0.318056 0.017969 0.016667
0 0.218359 0.363889 0.019531 0.016667
0 0.275000 0.347917 0.018750 0.018056
0 0.429688 0.315278 0.017188 0.013889
0 0.427344 0.354167 0.020312 0.016667
0 0.448828 0.333333 0.019531 0.016667
0 0.476172 0.306944 0.017969 0.016667
0 0.519531 0.329167 0.018750 0.013889
0 0.497266 0.402083 0.019531 0.018056
0 0.587500 0.336806 0.017188 0.015278
0 0.605469 0.382639 0.018750 0.015278
0 0.626953 0.343750 0.017969 0.015278
0 0.669141 0.384028 0.017969 0.015278
0 0.707031 0.335417 0.017188 0.015278
0 0.735547 0.382639 0.016406 0.012500
0 0.760156 0.329167 0.018750 0.013889
0 0.802344 0.407639 0.018750 0.018056
0 0.829687 0.382639 0.017188 0.015278
0 0.852734 0.356250 0.019531 0.018056
0 0.901563 0.347917 0.020312 0.015278
0 0.985156 0.347917 0.021875 0.015278
0 0.954297 0.397222 0.016406 0.013889
0 0.960547 0.462500 0.019531 0.019444
0 0.847656 0.536806 0.021875 0.018056
0 0.780469 0.447222 0.018750 0.016667
0 0.725391 0.511806 0.019531 0.018056
0 0.668750 0.537500 0.020312 0.016667
0 0.623047 0.490278 0.019531 0.016667
0 0.587891 0.447917 0.019531 0.018056
0 0.523438 0.465972 0.018750 0.015278
0 0.430859 0.527083 0.019531 0.018056
0 0.337500 0.516667 0.015625 0.016667
0 0.270703 0.493056 0.017969 0.016667
0 0.237891 0.508333 0.019531 0.016667
0 0.199219 0.425694 0.020312 0.020833
0 0.130859 0.420833 0.019531 0.016667
0 0.156250 0.494444 0.018750 0.019444
0 0.067969 0.497917 0.020312 0.018056
0 0.804297 0.356944 0.019531 0.016667
0 0.886328 0.401389 0.021094 0.019444
2 0.946875 0.372917 0.025000 0.015278
