0 0.056641 0.302083 0.019531 0.018056
0 0.078906 0.329167 0.014062 0.019444
0 0.091016 0.283333 0.016406 0.019444
0 0.064062 0.370833 0.015625 0.013889
0 0.147656 0.335417 0.020312 0.023611
0 0.175000 0.313194 0.018750 0.020833
0 0.176563 0.359028 0.017188 0.020833
0 0.251172 0.295139 0.019531 0.018056
0 0.260547 0.318750 0.017969 0.015278
0 0.273047 0.368056 0.016406 0.016667
0 0.234766 0.384722 0.017969 0.016667
0 0.357031 0.353472 0.017188 0.015278
0 0.378906 0.304167 0.017188 0.013889
0 0.441406 0.306944 0.021875 0.016667
0 0.471484 0.330556 0.019531 0.019444
0 0.543359 0.349306 0.016406 0.015278
0 0.572266 0.311111 0.017969 0.016667
0 0.606250 0.356944 0.020312 0.022222
0 0.589063 0.403472 0.017188 0.020833
0 0.654297 0.341667 0.019531 0.016667
0 0.689844 0.360417 0.018750 0.012500
0 0.696094 0.384028 0.015625 0.012500
0 0.781250 0.318056 0.017188 0.016667
0 0.778516 0.359028 0.019531 0.015278
0 0.778906 0.381944 0.018750 0.016667
0 0.847656 0.376389 0.021875 0.019444
0 0.862500 0.357639 0.020312 0.018056
0 0.901563 0.330556 0.023438 0.016667
0 0.895312 0.384722 0.020312 0.016667
0 0.967969 0.374306 0.021875 0.018056
0 0.912109 0.487500 0.021094 0.016667
0 0.944141 0.508333 0.021094 0.016667
0 0.874219 0.509722 0.018750 0.016667
0 0.846094 0.540972 0.018750 0.015278
0 0.785547 0.543056 0.017969 0.019444
0 0.713672 0.469444 0.019531 0.019444
0 0.712891 0.537500 0.019531 0.016667
0 0.624219 0.504861 0.014062 0.015278
0 0.597656 0.443750 0.021875 0.015278
0 0.603516 0.538194 0.014844 0.015278
0 0.458594 0.440278 0.020312 0.019444
0 0.457031 0.484028 0.020312 0.020833
0 0.470313 0.504861 0.015625 0.018056
0 0.396875 0.459028 0.018750 0.020833
0 0.389844 0.501389 0.014062 0.013889
0 0.393359 0.527778 0.019531 0.019444
0 0.320313 0.496528 0.015625 0.018056
0 0.241406 0.496528 0.020312 0.020833
0 0.158594 0.481944 0.020312 0.016667
0 0.187109 0.512500 0.019531 0.016667
