0 0.042969 0.325000 0.017188 0.016667
0 0.066797 0.384722 0.017969 0.016667
0 0.141406 0.378472 0.017188 0.015278
0 0.153516 0.326389 0.017969 0.016667
0 0.186328 0.352083 0.016406 0.018056
0 0.166406 0.432639 0.020312 0.018056
0 0.244141 0.325694 0.013281 0.015278
0 0.262500 0.399306 0.020312 0.015278
0 0.282031 0.379167 0.020312 0.019444
0 0.334375 0.319444 0.018750 0.016667
0 0.369531 0.381250 0.017188 0.015278
0 0.405859 0.313889 0.017969 0.016667
0 0.497266 0.319444 0.019531 0.019444
0 0.553125 0.340972 0.018750 0.015278
0 0.554688 0.386111 0.017188 0.016667
0 0.595703 0.413194 0.019531 0.018056
0 0.751953 0.344444 0.017969 0.016667
0 0.757422 0.408333 0.019531 0.019444
0 0.774609 0.384722 0.021094 0.019444
0 0.817578 0.403472 0.021094 0.018056
0 0.817187 0.334722 0.020312 0.016667
0 0.838672 0.357639 0.019531 0.018056
0 0.928516 0.398611 0.021094 0.016667
2 0.944531 0.371528 0.039063 0.018056
0 0.964844 0.321528 0.021875 0.018056
0 0.987891 0.354167 0.019531 0.019444
0 0.758594 0.449306 0.018750 0.018056
0 0.744141 0.515278 0.019531 0.016667
0 0.621484 0.472917 0.019531 0.018056
0 0.617188 0.515972 0.021875 0.015278
0 0.502734 0.513889 0.016406 0.016667
0 0.416016 0.448611 0.017969 0.019444
0 0.458594 0.538889 0.020312 0.019444
0 0.321484 0.502778 0.021094 0.016667
