0 0.056641 0.267361 0.016406 0.015278
0 0.047656 0.284722 0.017188 0.016667
0 0.033594 0.305556 0.017188 0.016667
0 0.009766 0.344444 0.017969 0.016667
0 0.108594 0.315278 0.017188 0.016667
0 0.114063 0.356944 0.015625 0.019444
0 0.066797 0.413889 0.019531 0.019444
0 0.030859 0.495833 0.019531 0.016667
0 0.107813 0.498611 0.021875 0.019444
0 0.150781 0.379167 0.020312 0.019444
0 0.180078 0.361111 0.017969 0.013889
0 0.208594 0.290278 0.017188 0.016667
0 0.258984 0.365972 0.017969 0.015278
0 0.245312 0.385417 0.015625 0.015278
0 0.291797 0.352778 0.017969 0.013889
0 0.339063 0.349306 0.018750 0.015278
0 0.356250 0.394444 0.015625 0.016667
0 0.388281 0.354861 0.020312 0.015278
0 0.398047 0.372917 0.016406 0.015278
0 0.490625 0.315972 0.020312 0.018056
0 0.479297 0.356944 0.021094 0.013889
2 0.473828 0.379861 0.017969 0.018056
0 0.550391 0.356250 0.017969 0.015278
0 0.562109 0.382639 0.019531 0.018056
0 0.603906 0.311806 0.012500 0.015278
0 0.626562 0.357639 0.017188 0.018056
0 0.685938 0.361111 0.017188 0.016667
0 0.706641 0.319444 0.016406 0.016667
0 0.717188 0.340972 0.014062 0.015278
0 0.858984 0.309028 0.017969 0.012500
0 0.946094 0.377778 0.015625 0.013889
0 0.924219 0.440972 0.018750 0.015278
0 0.975391 0.531944 0.019531 0.019444
0 0.883984 0.493056 0.019531 0.016667
0 0.865234 0.536806 0.014844 0.012500
0 0.787109 0.511111 0.019531 0.016667
0 0.692578 0.538194 0.017969 0.020833
0 0.632031 0.447222 0.018750 0.019444
0 0.548828 0.534028 0.019531 0.018056
0 0.506641 0.492361 0.019531 0.018056
0 0.476172 0.531944 0.017969 0.016667
0 0.396875 0.526389 0.018750 0.016667
0 0.302344 0.432639 0.017188 0.018056
0 0.314844 0.500694 0.020312 0.018056
0 0.283984 0.518750 0.017969 0.015278
0 0.177344 0.450694 0.020312 0.015278
