0 0.047656 0.350000 0.020312 0.019444
0 0.075000 0.327778 0.021875 0.019444
0 0.133984 0.356250 0.019531 0.012500
0 0.150391 0.397222 0.013281 0.016667
0 0.212891 0.500000 0.019531 0.019444
0 0.259375 0.443056 0.021875 0.016667
0 0.314063 0.487500 0.018750 0.016667
0 0.284375 0.359028 0.018750 0.018056
0 0.336328 0.383333 0.017969 0.016667
0 0.406641 0.308333 0.016406 0.016667
0 0.458984 0.362500 0.021094 0.016667
0 0.428125 0.470139 0.018750 0.018056
0 0.481641 0.527083 0.016406 0.015278
0 0.515234 0.311111 0.017969 0.016667
0 0.556641 0.356250 0.017969 0.015278
0 0.535937 0.407639 0.020312 0.015278
0 0.551562 0.383333 0.017188 0.013889
0 0.539844 0.447917 0.018750 0.015278
0 0.576563 0.495833 0.020312 0.019444
0 0.590234 0.404861 0.017969 0.015278
0 0.641016 0.334722 0.017969 0.013889
0 0.695313 0.315972 0.020312 0.018056
0 0.625781 0.446528 0.020312 0.015278
0 0.625781 0.468056 0.017188 0.013889
0 0.661328 0.510417 0.019531 0.015278
0 0.679688 0.352083 0.017188 0.015278
0 0.682031 0.445833 0.018750 0.019444
0 0.714844 0.401389 0.018750 0.016667
0 0.741016 0.357639 0.021094 0.018056
0 0.767969 0.379861 0.018750 0.020833
0 0.785156 0.398611 0.018750 0.016667
0 0.797266 0.351389 0.019531 0.013889
0 0.834375 0.327778 0.020312 0.016667
0 0.883203 0.365972 0.022656 0.015278
0 0.875781 0.390972 0.020312 0.018056
0 0.935938 0.385417 0.020312 0.015278
0 0.986328 0.314583 0.021094 0.020833
0 0.941797 0.430556 0.021094 0.019444
0 0.955859 0.470139 0.019531 0.018056
0 0.750781 0.439583 0.018750 0.018056
0 0.841016 0.434722 0.021094 0.016667
0 0.844531 0.506250 0.018750 0.018056
2 0.751172 0.463889 0.025781 0.016667
0 0.771484 0.506250 0.021094 0.018056
0 0.823828 0.532639 0.022656 0.018056
0 0.889844 0.529861 0.020312 0.018056
0 0.294922 0.315278 0.019531 0.022222
