0 0.032812 0.321528 0.020312 0.020833
0 0.053516 0.431250 0.022656 0.018056
0 0.038672 0.475000 0.021094 0.019444
0 0.017969 0.491667 0.020312 0.016667
0 0.073437 0.453472 0.023438 0.018056
0 0.083984 0.497917 0.019531 0.018056
0 0.111328 0.481944 0.021094 0.019444
0 0.126563 0.331944 0.018750 0.016667
0 0.130078 0.413194 0.021094 0.018056
0 0.176172 0.293056 0.019531 0.016667
0 0.191406 0.336111 0.020312 0.019444
0 0.178125 0.359722 0.018750 0.016667
0 0.198437 0.443750 0.018750 0.015278
0 0.188281 0.483333 0.021875 0.019444
0 0.214844 0.508333 0.020312 0.019444
0 0.253516 0.468056 0.021094 0.019444
0 0.262500 0.447917 0.020312 0.020833
0 0.285937 0.429167 0.021875 0.016667
0 0.287500 0.345139 0.018750 0.020833
0 0.350781 0.323611 0.020312 0.019444
0 0.347656 0.497222 0.020312 0.019444
0 0.397656 0.491667 0.020312 0.019444
0 0.412500 0.524306 0.018750 0.018056
0 0.464453 0.480556 0.019531 0.016667
0 0.499219 0.306944 0.018750 0.016667
0 0.586719 0.354861 0.018750 0.018056
0 0.556641 0.402083 0.017969 0.018056
0 0.548437 0.444444 0.020312 0.019444
0 0.535547 0.506250 0.017969 0.020833
0 0.555859 0.531944 0.019531 0.016667
2 0.661328 0.513194 0.047656 0.020833
0 0.665234 0.536111 0.021094 0.019444
0 0.682813 0.447917 0.020312 0.018056
0 0.703125 0.488194 0.020312 0.020833
0 0.756250 0.379167 0.021875 0.019444
0 0.761719 0.465278 0.018750 0.016667
0 0.825781 0.354167 0.018750 0.016667
0 0.884766 0.375000 0.021094 0.016667
0 0.902344 0.397917 0.026563 0.018056
0 0.826563 0.540972 0.020312 0.018056
0 0.941797 0.483333 0.019531 0.019444
0 0.596484 0.486806 0.017969 0.015278
