0 0.049219 0.431944 0.020312 0.025000
0 0.078516 0.291667 0.016406 0.016667
0 0.102734 0.357639 0.016406 0.018056
0 0.101563 0.421528 0.017188 0.018056
0 0.100781 0.446528 0.020312 0.018056
0 0.123828 0.318750 0.016406 0.018056
0 0.170703 0.313194 0.017969 0.015278
0 0.158984 0.342361 0.016406 0.018056
0 0.169141 0.366667 0.016406 0.016667
0 0.164063 0.386806 0.017188 0.018056
0 0.241016 0.329167 0.016406 0.013889
0 0.242188 0.392361 0.017188 0.015278
0 0.310547 0.308333 0.017969 0.016667
0 0.314844 0.340278 0.018750 0.019444
0 0.357422 0.398611 0.019531 0.019444
0 0.435156 0.338194 0.018750 0.020833
0 0.466406 0.315278 0.020312 0.022222
0 0.556250 0.310417 0.020312 0.018056
0 0.560547 0.333333 0.017969 0.019444
0 0.593750 0.361806 0.020312 0.018056
0 0.704297 0.386806 0.019531 0.023611
0 0.732031 0.313889 0.018750 0.013889
0 0.803516 0.334722 0.017969 0.016667
0 0.800391 0.379861 0.022656 0.015278
0 0.880859 0.327778 0.019531 0.016667
0 0.887109 0.357639 0.022656 0.018056
0 0.880469 0.378472 0.018750 0.015278
0 0.920703 0.334722 0.019531 0.016667
0 0.961719 0.289583 0.021875 0.018056
0 0.974219 0.320139 0.018750 0.018056
0 0.957031 0.437500 0.017188 0.013889
0 0.917578 0.461111 0.021094 0.019444
0 0.923828 0.486111 0.019531 0.019444
0 0.944141 0.503472 0.021094 0.018056
0 0.978906 0.532639 0.018750 0.015278
0 0.919141 0.537500 0.017969 0.019444
0 0.743750 0.447222 0.021875 0.019444
0 0.764453 0.537500 0.019531 0.016667
0 0.475000 0.489583 0.018750 0.015278
