0 0.044922 0.477083 0.014844 0.015278
0 0.058984 0.500694 0.016406 0.015278
0 0.047266 0.372222 0.013281 0.016667
0 0.060938 0.437500 0.018750 0.016667
0 0.085156 0.309028 0.017188 0.018056
0 0.138281 0.359028 0.018750 0.018056
0 0.113281 0.498611 0.017188 0.016667
2 0.160938 0.488194 0.046875 0.023611
0 0.167578 0.317361 0.017969 0.015278
0 0.222656 0.297222 0.017188 0.013889
0 0.204688 0.347917 0.017188 0.015278
0 0.265625 0.320833 0.021875 0.019444
0 0.310156 0.354167 0.017188 0.019444
0 0.222266 0.427778 0.016406 0.016667
0 0.260156 0.474306 0.018750 0.018056
0 0.417578 0.356250 0.021094 0.020833
0 0.403516 0.479167 0.017969 0.019444
0 0.411328 0.506250 0.019531 0.015278
0 0.427734 0.462500 0.019531 0.016667
0 0.460938 0.382639 0.015625 0.018056
0 0.460547 0.441667 0.016406 0.016667
0 0.461719 0.485417 0.018750 0.018056
0 0.535937 0.341667 0.018750 0.016667
0 0.506250 0.494444 0.021875 0.019444
0 0.615625 0.406944 0.020312 0.019444
0 0.619141 0.448611 0.021094 0.016667
0 0.583203 0.520139 0.019531 0.018056
0 0.649219 0.536111 0.020312 0.013889
0 0.660937 0.359028 0.020312 0.018056
0 0.651172 0.385417 0.017969 0.015278
0 0.749219 0.354167 0.020312 0.016667
0 0.774219 0.331250 0.015625 0.018056
0 0.842188 0.358333 0.020312 0.019444
0 0.903516 0.347917 0.016406 0.015278
0 0.971094 0.327083 0.018750 0.018056
0 0.929297 0.374306 0.021094 0.012500
0 0.865625 0.400694 0.020312 0.020833
0 0.901563 0.458333 0.020312 0.016667
0 0.898828 0.506944 0.019531 0.016667
0 0.918359 0.534028 0.019531 0.018056
0 0.769531 0.445139 0.018750 0.015278
0 0.839844 0.465278 0.018750 0.016667
0 0.758203 0.543056 0.021094 0.019444
0 0.719141 0.513889 0.019531 0.022222
