0 0.057813 0.348611 0.017188 0.013889
0 0.066406 0.370833 0.017188 0.013889
0 0.084375 0.277778 0.018750 0.016667
0 0.133203 0.354167 0.016406 0.016667
0 0.176953 0.352778 0.016406 0.016667
0 0.196484 0.384028 0.014844 0.015278
0 0.225781 0.340972 0.020312 0.015278
0 0.276563 0.345833 0.017188 0.016667
0 0.298438 0.368056 0.015625 0.016667
0 0.350781 0.306250 0.017188 0.015278
2 0.372266 0.376389 0.019531 0.016667
0 0.366797 0.353472 0.021094 0.015278
0 0.443750 0.345833 0.018750 0.019444
0 0.461719 0.378472 0.020312 0.015278
0 0.499219 0.309722 0.015625 0.013889
0 0.517969 0.355556 0.018750 0.016667
0 0.575781 0.361111 0.015625 0.013889
0 0.588281 0.336806 0.014062 0.012500
0 0.612109 0.318750 0.016406 0.012500
0 0.751953 0.311806 0.017969 0.015278
0 0.787500 0.361806 0.021875 0.018056
0 0.805859 0.380556 0.013281 0.011111
0 0.826953 0.331944 0.019531 0.016667
0 0.891016 0.333333 0.016406 0.016667
0 0.903906 0.400000 0.020312 0.016667
0 0.950391 0.292361 0.021094 0.015278
0 0.984766 0.530556 0.016406 0.013889
0 0.960938 0.330556 0.017188 0.013889
0 0.946094 0.506944 0.020312 0.016667
0 0.825000 0.538889 0.020312 0.019444
0 0.811719 0.445139 0.018750 0.018056
0 0.685547 0.496528 0.017969 0.018056
0 0.670703 0.539583 0.017969 0.018056
0 0.597656 0.538889 0.015625 0.019444
0 0.511328 0.534722 0.017969 0.016667
0 0.474609 0.441667 0.017969 0.016667
0 0.452734 0.516667 0.017969 0.019444
0 0.400391 0.527778 0.017969 0.019444
0 0.359766 0.471528 0.017969 0.020833
0 0.254297 0.428472 0.019531 0.018056
0 0.230078 0.510417 0.017969 0.015278
0 0.141797 0.504861 0.016406 0.018056
0 0.097266 0.478472 0.017969 0.015278
