0 0.018359 0.434722 0.017969 0.019444
0 0.041016 0.352083 0.021094 0.018056
0 0.082813 0.378472 0.021875 0.015278
0 0.142188 0.316667 0.015625 0.016667
0 0.209766 0.384722 0.017969 0.016667
0 0.230859 0.346528 0.017969 0.015278
0 0.236719 0.303472 0.020312 0.015278
0 0.290234 0.324306 0.019531 0.018056
0 0.299609 0.347917 0.017969 0.015278
2 0.280859 0.372917 0.030469 0.026389
0 0.343750 0.302083 0.018750 0.018056
0 0.439844 0.377083 0.018750 0.018056
0 0.461328 0.404167 0.016406 0.016667
0 0.467578 0.313194 0.019531 0.015278
0 0.477734 0.354167 0.019531 0.016667
0 0.590234 0.359028 0.021094 0.020833
0 0.588281 0.404861 0.018750 0.020833
0 0.694922 0.338889 0.022656 0.019444
0 0.732813 0.381944 0.020312 0.016667
0 0.760547 0.359028 0.019531 0.020833
0 0.762109 0.306250 0.021094 0.018056
0 0.800000 0.305556 0.020312 0.016667
0 0.867188 0.303472 0.020312 0.020833
0 0.959766 0.293056 0.021094 0.016667
0 0.920313 0.326389 0.021875 0.019444
0 0.910937 0.352083 0.020312 0.018056
0 0.697266 0.479167 0.019531 0.019444
0 0.634766 0.465278 0.014844 0.016667
0 0.549219 0.440972 0.015625 0.018056
0 0.497656 0.464583 0.020312 0.018056
0 0.368750 0.438194 0.018750 0.020833
0 0.432813 0.487500 0.018750 0.016667
0 0.353906 0.520833 0.023438 0.019444
0 0.226563 0.509028 0.018750 0.018056
0 0.189453 0.490972 0.019531 0.018056
0 0.157031 0.466667 0.020312 0.019444
0 0.192578 0.429861 0.021094 0.020833
