0 0.021484 0.343056 0.017969 0.022222
0 0.098438 0.306250 0.017188 0.020833
0 0.103125 0.365972 0.018750 0.020833
0 0.058594 0.428472 0.017188 0.018056
0 0.157031 0.450000 0.018750 0.016667
0 0.102344 0.495833 0.021875 0.019444
0 0.176172 0.500000 0.019531 0.019444
0 0.253125 0.394444 0.018750 0.019444
0 0.275000 0.439583 0.018750 0.018056
0 0.346094 0.527083 0.018750 0.018056
0 0.378516 0.447222 0.019531 0.022222
0 0.391797 0.532639 0.019531 0.018056
0 0.414063 0.469444 0.021875 0.019444
0 0.439063 0.332639 0.018750 0.018056
2 0.448828 0.311111 0.024219 0.019444
0 0.538281 0.309722 0.018750 0.019444
0 0.575391 0.379861 0.019531 0.020833
0 0.525391 0.535417 0.021094 0.018056
0 0.619922 0.539583 0.021094 0.018056
0 0.618750 0.511111 0.020312 0.016667
0 0.731250 0.531944 0.020312 0.016667
0 0.839844 0.532639 0.021875 0.020833
0 0.762109 0.463194 0.014844 0.018056
0 0.679297 0.335417 0.017969 0.018056
0 0.773828 0.440278 0.017969 0.016667
0 0.786719 0.400000 0.018750 0.016667
0 0.803516 0.348611 0.019531 0.019444
0 0.851953 0.370833 0.019531 0.016667
0 0.847656 0.456944 0.018750 0.019444
0 0.926562 0.341667 0.017188 0.019444
0 0.973047 0.359722 0.021094 0.019444
0 0.988281 0.495139 0.021875 0.018056
