0 0.026953 0.302083 0.019531 0.015278
0 0.047656 0.282639 0.018750 0.015278
0 0.071875 0.350000 0.020312 0.016667
0 0.114844 0.328472 0.017188 0.018056
0 0.137500 0.375000 0.018750 0.013889
0 0.192578 0.315972 0.019531 0.020833
0 0.214453 0.360417 0.019531 0.020833
0 0.263281 0.387500 0.017188 0.019444
0 0.298828 0.318056 0.013281 0.013889
0 0.298047 0.340972 0.017969 0.015278
0 0.332422 0.390972 0.017969 0.015278
0 0.352344 0.325000 0.017188 0.016667
0 0.378906 0.299306 0.015625 0.018056
0 0.385156 0.385417 0.017188 0.018056
0 0.412500 0.328472 0.018750 0.018056
0 0.428906 0.304167 0.014062 0.013889
0 0.435156 0.351389 0.017188 0.016667
0 0.477344 0.331250 0.020312 0.018056
0 0.497266 0.304167 0.013281 0.013889
0 0.553906 0.329861 0.018750 0.015278
0 0.522656 0.401389 0.015625 0.013889
0 0.576953 0.357639 0.017969 0.018056
0 0.613281 0.380556 0.015625 0.016667
0 0.650000 0.406944 0.020312 0.016667
0 0.691406 0.316667 0.021875 0.019444
0 0.715625 0.334722 0.017188 0.016667
0 0.748438 0.404861 0.020312 0.018056
2 0.780859 0.354861 0.046094 0.018056
0 0.802344 0.311111 0.018750 0.016667
0 0.857031 0.333333 0.018750 0.016667
0 0.888281 0.300000 0.021875 0.016667
0 0.974219 0.294444 0.021875 0.016667
0 0.912500 0.400000 0.023438 0.016667
0 0.838281 0.402778 0.021875 0.016667
0 0.774609 0.468056 0.019531 0.016667
0 0.900000 0.486806 0.020312 0.018056
0 0.888281 0.512500 0.021875 0.016667
0 0.853906 0.538889 0.018750 0.013889
0 0.702734 0.541667 0.017969 0.016667
0 0.579687 0.509028 0.018750 0.015278
0 0.588281 0.534028 0.018750 0.020833
0 0.467187 0.507639 0.018750 0.015278
0 0.343359 0.434028 0.019531 0.015278
0 0.363672 0.523611 0.022656 0.019444
0 0.263672 0.513889 0.017969 0.016667
0 0.203906 0.466667 0.020312 0.019444
0 0.067578 0.488889 0.017969 0.013889
0 0.026953 0.450694 0.017969 0.018056
0 0.019922 0.488889 0.017969 0.016667
