0 0.059375 0.290972 0.015625 0.015278
0 0.068750 0.337500 0.018750 0.019444
0 0.087500 0.361806 0.020312 0.015278
0 0.205469 0.300000 0.020312 0.019444
0 0.198047 0.370139 0.016406 0.015278
0 0.120703 0.431250 0.019531 0.018056
0 0.107813 0.506250 0.020312 0.020833
0 0.155469 0.491667 0.020312 0.016667
0 0.178906 0.470833 0.014062 0.013889
0 0.212891 0.514583 0.017969 0.018056
0 0.214844 0.429861 0.017188 0.018056
0 0.264062 0.429861 0.018750 0.015278
0 0.268750 0.453472 0.017188 0.018056
0 0.308203 0.332639 0.017969 0.015278
0 0.306250 0.376389 0.018750 0.016667
0 0.335156 0.356250 0.017188 0.015278
0 0.336328 0.478472 0.019531 0.018056
0 0.314844 0.517361 0.014062 0.018056
0 0.407031 0.377778 0.017188 0.016667
0 0.384375 0.506250 0.021875 0.018056
0 0.439063 0.533333 0.018750 0.013889
0 0.475000 0.468750 0.018750 0.020833
0 0.494141 0.334028 0.016406 0.015278
0 0.523828 0.513194 0.021094 0.020833
0 0.542188 0.406944 0.018750 0.013889
0 0.564844 0.447917 0.017188 0.015278
0 0.581250 0.532639 0.020312 0.018056
0 0.607422 0.511806 0.017969 0.015278
0 0.614062 0.493056 0.020312 0.013889
0 0.629687 0.470833 0.021875 0.016667
0 0.585156 0.359028 0.018750 0.015278
0 0.596094 0.311806 0.012500 0.012500
0 0.617578 0.409722 0.019531 0.016667
0 0.675391 0.544444 0.019531 0.019444
0 0.685156 0.451389 0.018750 0.016667
0 0.683984 0.386111 0.022656 0.016667
0 0.694141 0.342361 0.017969 0.015278
0 0.706250 0.407639 0.017188 0.015278
0 0.733984 0.353472 0.022656 0.015278
0 0.741797 0.490972 0.016406 0.018056
0 0.778516 0.540278 0.017969 0.016667
0 0.821094 0.514583 0.018750 0.018056
0 0.836719 0.487500 0.018750 0.016667
0 0.971875 0.484028 0.021875 0.020833
0 0.947656 0.529167 0.018750 0.016667
0 0.893359 0.378472 0.019531 0.015278
2 0.801562 0.341667 0.020312 0.016667
0 0.811719 0.311806 0.018750 0.015278
0 0.935547 0.332639 0.021094 0.018056
0 0.969922 0.395139 0.021094 0.018056
