0 0.080078 0.376389 0.021094 0.019444
0 0.028125 0.493056 0.018750 0.016667
0 0.149219 0.396528 0.014062 0.012500
0 0.158594 0.515278 0.017188 0.016667
0 0.178516 0.356944 0.017969 0.019444
0 0.235156 0.400000 0.017188 0.016667
0 0.247656 0.463889 0.017188 0.019444
0 0.274609 0.378472 0.017969 0.018056
0 0.296875 0.356250 0.015625 0.018056
0 0.303516 0.402778 0.016406 0.019444
0 0.306250 0.440972 0.017188 0.018056
0 0.335156 0.486111 0.018750 0.019444
0 0.384375 0.356250 0.018750 0.015278
0 0.394141 0.379861 0.016406 0.018056
0 0.409766 0.404861 0.016406 0.015278
0 0.396875 0.444444 0.018750 0.013889
0 0.425000 0.333333 0.018750 0.016667
0 0.502734 0.327083 0.017969 0.015278
0 0.529688 0.378472 0.020312 0.018056
0 0.555078 0.335417 0.017969 0.015278
0 0.668359 0.400000 0.021094 0.016667
0 0.695313 0.315278 0.020312 0.013889
0 0.787109 0.318056 0.019531 0.016667
0 0.909375 0.341667 0.020312 0.016667
0 0.953125 0.275000 0.021875 0.019444
0 0.976953 0.309028 0.021094 0.020833
0 0.968750 0.488889 0.017188 0.013889
0 0.890625 0.527778 0.020312 0.019444
0 0.657422 0.463194 0.016406 0.015278
