0 0.055469 0.322917 0.017188 0.012500
0 0.069531 0.340972 0.017188 0.015278
0 0.102344 0.356250 0.014062 0.015278
0 0.109766 0.313889 0.021094 0.016667
0 0.122656 0.291667 0.017188 0.019444
0 0.161328 0.342361 0.017969 0.018056
0 0.223828 0.325694 0.016406 0.015278
0 0.287109 0.346528 0.017969 0.015278
0 0.303906 0.303472 0.017188 0.015278
0 0.323438 0.334028 0.018750 0.015278
0 0.390234 0.339583 0.019531 0.018056
0 0.369922 0.372917 0.019531 0.018056
0 0.483203 0.404861 0.021094 0.018056
0 0.542188 0.314583 0.020312 0.020833
0 0.658203 0.330556 0.017969 0.016667
0 0.666016 0.361806 0.022656 0.018056
0 0.781250 0.344444 0.020312 0.022222
0 0.758594 0.403472 0.021875 0.020833
0 0.876562 0.323611 0.020312 0.019444
0 0.988672 0.320139 0.016406 0.018056
0 0.926953 0.531250 0.019531 0.018056
2 0.860156 0.509028 0.068750 0.023611
2 0.739062 0.538194 0.042188 0.023611
0 0.793359 0.444444 0.019531 0.019444
0 0.611719 0.543056 0.018750 0.019444
0 0.534375 0.488889 0.020312 0.016667
0 0.495313 0.536806 0.020312 0.020833
0 0.417578 0.527778 0.021094 0.019444
0 0.383594 0.447917 0.017188 0.020833
0 0.365234 0.505556 0.019531 0.016667
0 0.290234 0.505556 0.019531 0.019444
0 0.292188 0.524306 0.015625 0.015278
0 0.220703 0.451389 0.019531 0.016667
0 0.228906 0.474306 0.021875 0.018056
0 0.214062 0.495139 0.021875 0.020833
