0 0.025000 0.285417 0.017188 0.012500
0 0.059375 0.376389 0.018750 0.019444
0 0.103906 0.420139 0.020312 0.018056
0 0.139453 0.361111 0.014844 0.016667
0 0.158203 0.318750 0.021094 0.018056
0 0.185156 0.343056 0.021875 0.019444
0 0.203906 0.297917 0.018750 0.015278
0 0.288281 0.323611 0.017188 0.019444
0 0.339453 0.314583 0.017969 0.015278
0 0.271094 0.431944 0.018750 0.016667
0 0.330078 0.523611 0.014844 0.016667
0 0.361328 0.494444 0.021094 0.019444
0 0.453516 0.465278 0.022656 0.019444
0 0.465625 0.529861 0.018750 0.020833
0 0.503516 0.404861 0.022656 0.018056
0 0.551953 0.317361 0.014844 0.015278
0 0.589453 0.381944 0.017969 0.016667
0 0.583984 0.447917 0.016406 0.015278
0 0.577734 0.538889 0.017969 0.019444
0 0.677344 0.500000 0.018750 0.019444
0 0.764063 0.447917 0.020312 0.018056
0 0.788281 0.486806 0.018750 0.018056
0 0.792969 0.377778 0.021875 0.016667
0 0.858984 0.509028 0.017969 0.020833
0 0.896875 0.465278 0.020312 0.019444
0 0.976953 0.372222 0.021094 0.019444
