0 0.016016 0.453472 0.016406 0.018056
0 0.017969 0.491667 0.020312 0.019444
0 0.107422 0.458333 0.019531 0.016667
0 0.114063 0.520833 0.018750 0.013889
0 0.144141 0.375000 0.017969 0.022222
0 0.147266 0.347917 0.016406 0.015278
0 0.185547 0.333333 0.016406 0.016667
0 0.212109 0.356250 0.019531 0.020833
0 0.223438 0.401389 0.015625 0.016667
0 0.254687 0.379167 0.018750 0.016667
0 0.273828 0.355556 0.017969 0.016667
0 0.260547 0.309722 0.017969 0.019444
0 0.348047 0.335417 0.017969 0.015278
0 0.432813 0.318056 0.017188 0.019444
0 0.398438 0.361806 0.015625 0.015278
0 0.392188 0.404167 0.018750 0.019444
0 0.447266 0.386111 0.021094 0.016667
0 0.475391 0.361111 0.017969 0.019444
0 0.510547 0.385417 0.014844 0.018056
0 0.504687 0.406250 0.018750 0.015278
0 0.550000 0.363889 0.018750 0.022222
0 0.569141 0.339583 0.017969 0.018056
0 0.571875 0.311806 0.020312 0.015278
0 0.626562 0.359722 0.014062 0.016667
0 0.591406 0.407639 0.018750 0.018056
0 0.645703 0.325694 0.016406 0.018056
0 0.683203 0.362500 0.017969 0.019444
0 0.700781 0.403472 0.015625 0.015278
0 0.744922 0.381944 0.019531 0.022222
0 0.795313 0.301389 0.020312 0.022222
0 0.809375 0.329861 0.020312 0.020833
0 0.806641 0.354861 0.021094 0.018056
0 0.857813 0.326389 0.017188 0.016667
0 0.906641 0.289583 0.019531 0.015278
0 0.930469 0.320833 0.020312 0.019444
0 0.901953 0.391667 0.021094 0.016667
0 0.908594 0.430556 0.018750 0.016667
0 0.840234 0.532639 0.017969 0.015278
0 0.714063 0.537500 0.017188 0.019444
0 0.669141 0.468750 0.019531 0.018056
0 0.650781 0.444444 0.020312 0.016667
0 0.562891 0.540972 0.017969 0.018056
0 0.474219 0.540972 0.020312 0.020833
0 0.449219 0.468056 0.014062 0.013889
0 0.302734 0.531250 0.019531 0.015278
0 0.241406 0.440972 0.017188 0.018056
