0 0.011719 0.477778 0.018750 0.016667
0 0.043750 0.355556 0.017188 0.013889
0 0.057422 0.317361 0.014844 0.015278
0 0.064844 0.421528 0.020312 0.018056
0 0.067578 0.464583 0.019531 0.018056
0 0.142578 0.363194 0.017969 0.015278
0 0.161719 0.510417 0.021875 0.020833
0 0.235547 0.452083 0.016406 0.015278
0 0.249219 0.391667 0.017188 0.016667
0 0.245312 0.326389 0.014062 0.013889
0 0.261719 0.302083 0.017188 0.015278
0 0.313672 0.348611 0.017969 0.016667
0 0.331641 0.399306 0.017969 0.018056
0 0.392578 0.377083 0.021094 0.018056
0 0.371875 0.438889 0.018750 0.016667
0 0.349219 0.523611 0.020312 0.019444
0 0.393359 0.486111 0.019531 0.016667
0 0.392969 0.506250 0.020312 0.020833
0 0.414063 0.402083 0.015625 0.018056
0 0.439844 0.341667 0.018750 0.019444
0 0.494922 0.340972 0.017969 0.015278
0 0.554297 0.385417 0.019531 0.015278
0 0.448047 0.531944 0.017969 0.016667
0 0.520703 0.515972 0.017969 0.015278
0 0.542188 0.444444 0.017188 0.013889
0 0.542578 0.465278 0.017969 0.016667
0 0.561719 0.488889 0.018750 0.016667
0 0.591016 0.457639 0.019531 0.015278
0 0.597656 0.512500 0.021875 0.019444
0 0.653125 0.541667 0.020312 0.019444
0 0.624609 0.343056 0.016406 0.016667
0 0.708203 0.332639 0.017969 0.018056
0 0.652734 0.407639 0.016406 0.015278
0 0.724609 0.470833 0.019531 0.019444
0 0.733203 0.515278 0.021094 0.022222
0 0.794531 0.515972 0.020312 0.020833
0 0.807422 0.488889 0.019531 0.016667
0 0.858594 0.508333 0.018750 0.016667
0 0.876953 0.539583 0.019531 0.018056
0 0.858594 0.443750 0.018750 0.015278
0 0.863672 0.465278 0.019531 0.013889
0 0.972266 0.482639 0.017969 0.018056
0 0.977344 0.529861 0.020312 0.018056
0 0.907031 0.329861 0.018750 0.012500
1 0.788672 0.354167 0.047656 0.019444
0 0.554688 0.343750 0.021875 0.015278
