0 0.100000 0.363194 0.018750 0.018056
0 0.224609 0.329167 0.017969 0.016667
0 0.209766 0.385417 0.019531 0.015278
0 0.238281 0.431250 0.017188 0.012500
0 0.273438 0.348611 0.015625 0.016667
0 0.330469 0.399306 0.017188 0.015278
0 0.323438 0.486806 0.021875 0.018056
0 0.380859 0.356250 0.017969 0.015278
0 0.443750 0.345833 0.018750 0.016667
0 0.424219 0.509722 0.014062 0.016667
0 0.531641 0.384722 0.021094 0.016667
0 0.588281 0.385417 0.015625 0.015278
0 0.601563 0.339583 0.020312 0.018056
0 0.663281 0.385417 0.018750 0.018056
0 0.655469 0.409028 0.018750 0.018056
0 0.573438 0.538889 0.021875 0.019444
0 0.682813 0.491667 0.020312 0.016667
0 0.705469 0.313889 0.018750 0.019444
0 0.771875 0.322917 0.020312 0.015278
0 0.863281 0.299306 0.018750 0.015278
0 0.851953 0.332639 0.021094 0.018056
0 0.783984 0.405556 0.019531 0.016667
0 0.867578 0.378472 0.019531 0.015278
0 0.871484 0.400694 0.019531 0.015278
2 0.820313 0.356250 0.067188 0.018056
