0 0.041797 0.325000 0.017969 0.016667
0 0.081250 0.370139 0.018750 0.015278
0 0.043359 0.474306 0.019531 0.020833
0 0.033984 0.426389 0.019531 0.019444
0 0.128516 0.415278 0.019531 0.013889
0 0.113672 0.477083 0.017969 0.018056
0 0.130078 0.504861 0.022656 0.018056
0 0.153125 0.309722 0.015625 0.013889
2 0.158594 0.332639 0.039063 0.023611
0 0.160938 0.378472 0.018750 0.018056
0 0.186328 0.486806 0.013281 0.015278
0 0.209375 0.468750 0.018750 0.020833
0 0.262500 0.321528 0.018750 0.020833
0 0.263281 0.490972 0.017188 0.020833
0 0.285937 0.429167 0.018750 0.016667
0 0.317969 0.299306 0.017188 0.015278
0 0.315234 0.345833 0.016406 0.013889
0 0.321875 0.473611 0.012500 0.016667
0 0.332812 0.520833 0.015625 0.013889
0 0.359766 0.394444 0.016406 0.016667
0 0.359375 0.326389 0.018750 0.016667
0 0.379687 0.353472 0.018750 0.018056
0 0.432813 0.354861 0.018750 0.018056
0 0.478125 0.304167 0.018750 0.013889
0 0.491797 0.329167 0.017969 0.016667
0 0.510938 0.401389 0.020312 0.019444
0 0.552734 0.379167 0.017969 0.013889
0 0.591797 0.311806 0.016406 0.015278
0 0.643359 0.318056 0.017969 0.016667
0 0.646484 0.375694 0.017969 0.018056
0 0.699609 0.317361 0.021094 0.018056
0 0.755859 0.310417 0.016406 0.018056
0 0.795703 0.322917 0.017969 0.018056
0 0.836328 0.335417 0.019531 0.018056
0 0.849219 0.354167 0.020312 0.016667
0 0.912109 0.354861 0.021094 0.018056
0 0.903125 0.401389 0.017188 0.016667
0 0.933984 0.377778 0.014844 0.013889
0 0.973047 0.290972 0.019531 0.015278
0 0.969141 0.443750 0.019531 0.020833
0 0.883594 0.490972 0.021875 0.018056
0 0.883203 0.540278 0.019531 0.019444
0 0.824219 0.446528 0.018750 0.018056
0 0.770703 0.493056 0.017969 0.022222
0 0.650391 0.513194 0.019531 0.018056
0 0.646875 0.540278 0.020312 0.019444
0 0.588672 0.488194 0.021094 0.018056
0 0.588672 0.510417 0.017969 0.018056
0 0.586719 0.538889 0.015625 0.019444
0 0.501953 0.532639 0.019531 0.018056
0 0.458984 0.464583 0.019531 0.020833
