0 0.012500 0.347917 0.014062 0.015278
0 0.032812 0.325000 0.018750 0.019444
0 0.053125 0.372222 0.015625 0.016667
0 0.087109 0.311806 0.017969 0.015278
0 0.125391 0.363194 0.021094 0.015278
0 0.147656 0.313194 0.017188 0.018056
0 0.223438 0.367361 0.018750 0.015278
0 0.242578 0.342361 0.016406 0.018056
0 0.293359 0.345833 0.017969 0.016667
0 0.347656 0.371528 0.017188 0.015278
0 0.358984 0.324306 0.017969 0.018056
0 0.377734 0.348611 0.019531 0.013889
0 0.430078 0.329861 0.016406 0.020833
0 0.429297 0.377083 0.019531 0.018056
0 0.473437 0.400694 0.018750 0.015278
0 0.505078 0.331250 0.014844 0.018056
0 0.575781 0.333333 0.018750 0.019444
0 0.576953 0.357639 0.017969 0.018056
0 0.638672 0.334028 0.013281 0.015278
0 0.691797 0.333333 0.019531 0.016667
0 0.775781 0.356250 0.018750 0.020833
0 0.778125 0.382639 0.021875 0.018056
0 0.787500 0.403472 0.018750 0.015278
0 0.877734 0.302083 0.021094 0.018056
0 0.896094 0.335417 0.020312 0.018056
0 0.957031 0.329861 0.018750 0.018056
0 0.982422 0.459722 0.017969 0.016667
0 0.937891 0.509722 0.019531 0.016667
0 0.908984 0.537500 0.021094 0.022222
0 0.830078 0.536806 0.021094 0.020833
0 0.761719 0.536111 0.021875 0.019444
0 0.735937 0.466667 0.020312 0.025000
0 0.589063 0.445139 0.017188 0.020833
0 0.573828 0.509028 0.017969 0.018056
0 0.543359 0.534028 0.021094 0.018056
0 0.442187 0.504861 0.021875 0.018056
0 0.414063 0.527778 0.017188 0.016667
0 0.352344 0.437500 0.020312 0.019444
0 0.339453 0.453472 0.014844 0.015278
0 0.235547 0.427083 0.021094 0.020833
0 0.212109 0.450000 0.019531 0.016667
0 0.226563 0.511111 0.020312 0.019444
0 0.144531 0.502083 0.020312 0.018056
0 0.079687 0.435417 0.018750 0.018056
0 0.068359 0.479167 0.019531 0.019444
