0 0.021094 0.305556 0.018750 0.016667
0 0.061328 0.286806 0.019531 0.015278
0 0.228906 0.390278 0.020312 0.019444
0 0.278516 0.303472 0.011719 0.015278
0 0.060547 0.480556 0.016406 0.019444
0 0.175000 0.511806 0.021875 0.015278
0 0.221484 0.468750 0.017969 0.018056
0 0.299609 0.374306 0.019531 0.018056
0 0.508594 0.380556 0.020312 0.016667
0 0.500000 0.446528 0.020312 0.018056
0 0.589844 0.323611 0.018750 0.019444
0 0.601563 0.534722 0.017188 0.016667
0 0.678906 0.450000 0.018750 0.019444
0 0.680469 0.510417 0.021875 0.020833
0 0.710156 0.539583 0.020312 0.020833
0 0.838672 0.538889 0.021094 0.019444
0 0.753125 0.468056 0.020312 0.019444
0 0.687109 0.385417 0.019531 0.018056
0 0.714844 0.354167 0.018750 0.013889
0 0.793359 0.401389 0.017969 0.016667
0 0.826563 0.353472 0.020312 0.015278
0 0.869531 0.370833 0.018750 0.019444
0 0.918359 0.356250 0.021094 0.018056
0 0.933594 0.502778 0.018750 0.016667
0 0.978125 0.436806 0.017188 0.015278
