0 0.017969 0.363194 0.017188 0.018056
0 0.081250 0.300694 0.021875 0.018056
0 0.090234 0.387500 0.016406 0.016667
2 0.137500 0.345139 0.059375 0.026389
0 0.055469 0.511111 0.020312 0.013889
0 0.168359 0.374306 0.017969 0.012500
0 0.171094 0.391667 0.017188 0.013889
0 0.191016 0.296528 0.016406 0.015278
0 0.346094 0.322917 0.017188 0.015278
0 0.354688 0.404167 0.018750 0.016667
0 0.301953 0.441667 0.016406 0.013889
0 0.238672 0.463194 0.019531 0.018056
0 0.223828 0.500694 0.017969 0.018056
0 0.335156 0.511111 0.020312 0.016667
0 0.400000 0.509028 0.018750 0.018056
0 0.413281 0.334028 0.018750 0.018056
0 0.437891 0.404861 0.022656 0.015278
0 0.535156 0.405556 0.021875 0.016667
0 0.548437 0.340278 0.014062 0.013889
0 0.561328 0.363194 0.016406 0.015278
0 0.584375 0.384028 0.018750 0.015278
0 0.614453 0.315972 0.017969 0.015278
0 0.654688 0.407639 0.020312 0.015278
0 0.706250 0.384028 0.017188 0.015278
0 0.705469 0.311806 0.018750 0.015278
0 0.765625 0.331250 0.020312 0.015278
0 0.840234 0.334028 0.019531 0.018056
0 0.903125 0.375694 0.020312 0.018056
0 0.970312 0.394444 0.017188 0.016667
