0 0.017969 0.352778 0.018750 0.019444
0 0.055469 0.290278 0.020312 0.019444
0 0.055469 0.312500 0.017188 0.016667
0 0.037109 0.422222 0.022656 0.019444
0 0.036328 0.460417 0.019531 0.023611
0 0.050000 0.481944 0.018750 0.019444
0 0.106250 0.493056 0.021875 0.022222
0 0.148828 0.384722 0.019531 0.016667
0 0.184375 0.368056 0.020312 0.019444
0 0.191406 0.429861 0.020312 0.020833
0 0.216797 0.500000 0.024219 0.022222
0 0.236328 0.390278 0.021094 0.019444
0 0.267188 0.330556 0.015625 0.016667
0 0.270703 0.463889 0.017969 0.016667
0 0.358594 0.319444 0.020312 0.016667
0 0.351563 0.356944 0.015625 0.019444
0 0.351172 0.397222 0.017969 0.022222
0 0.373047 0.438194 0.013281 0.015278
0 0.362500 0.460417 0.018750 0.015278
2 0.410156 0.378472 0.029687 0.018056
0 0.435547 0.355556 0.017969 0.019444
0 0.444922 0.335417 0.019531 0.018056
0 0.467969 0.311111 0.020312 0.016667
0 0.590234 0.322222 0.021094 0.019444
0 0.503125 0.468056 0.014062 0.016667
0 0.528516 0.490278 0.017969 0.016667
0 0.583984 0.383333 0.019531 0.019444
0 0.615234 0.406944 0.014844 0.016667
0 0.631250 0.357639 0.017188 0.018056
0 0.726563 0.357639 0.020312 0.018056
0 0.734375 0.406250 0.020312 0.018056
0 0.822656 0.338889 0.018750 0.016667
0 0.851172 0.301389 0.019531 0.019444
0 0.890234 0.300694 0.021094 0.018056
0 0.969141 0.289583 0.021094 0.020833
0 0.894531 0.354167 0.021875 0.019444
0 0.882813 0.379167 0.023438 0.019444
0 0.840234 0.464583 0.019531 0.018056
0 0.956250 0.504861 0.020312 0.018056
