0 0.053906 0.327083 0.018750 0.018056
0 0.053125 0.369444 0.018750 0.019444
0 0.079687 0.477778 0.021875 0.022222
0 0.175000 0.377778 0.018750 0.016667
0 0.205859 0.313194 0.019531 0.018056
0 0.214453 0.398611 0.019531 0.019444
0 0.269531 0.333333 0.020312 0.019444
0 0.273047 0.380556 0.021094 0.016667
0 0.330859 0.362500 0.017969 0.016667
0 0.372656 0.332639 0.014062 0.015278
0 0.366016 0.403472 0.014844 0.015278
0 0.306641 0.443750 0.017969 0.015278
0 0.330078 0.530556 0.019531 0.016667
0 0.385938 0.467361 0.020312 0.020833
0 0.474219 0.359028 0.020312 0.020833
0 0.474609 0.445833 0.021094 0.016667
0 0.567969 0.359028 0.018750 0.015278
0 0.593359 0.383333 0.017969 0.016667
0 0.620313 0.359028 0.021875 0.018056
0 0.654688 0.379861 0.017188 0.012500
0 0.715234 0.309722 0.021094 0.016667
0 0.703906 0.402778 0.021875 0.016667
0 0.705469 0.445833 0.018750 0.016667
0 0.689453 0.466667 0.019531 0.016667
0 0.684766 0.487500 0.016406 0.016667
0 0.762109 0.439583 0.021094 0.018056
0 0.756641 0.350694 0.017969 0.015278
0 0.799219 0.325694 0.021875 0.018056
0 0.889453 0.346528 0.019531 0.018056
0 0.926562 0.312500 0.017188 0.019444
0 0.987891 0.324306 0.021094 0.018056
0 0.984375 0.379861 0.023438 0.018056
0 0.951172 0.420833 0.019531 0.019444
0 0.892969 0.472917 0.018750 0.018056
0 0.800000 0.538194 0.021875 0.020833
