0 0.088281 0.320139 0.020312 0.018056
0 0.131641 0.336806 0.019531 0.020833
0 0.079687 0.382639 0.021875 0.020833
0 0.080078 0.425000 0.019531 0.019444
0 0.016406 0.506250 0.023438 0.015278
0 0.075781 0.509722 0.020312 0.013889
0 0.163672 0.518750 0.021094 0.020833
0 0.104687 0.483333 0.021875 0.019444
0 0.222656 0.301389 0.020312 0.019444
0 0.282031 0.348611 0.018750 0.022222
0 0.350000 0.309028 0.020312 0.018056
0 0.389453 0.401389 0.019531 0.022222
0 0.439453 0.355556 0.019531 0.016667
0 0.473047 0.511111 0.019531 0.016667
0 0.537500 0.311111 0.017188 0.019444
0 0.573828 0.515278 0.019531 0.019444
0 0.590625 0.489583 0.020312 0.018056
0 0.603125 0.541667 0.014062 0.016667
0 0.648047 0.468750 0.019531 0.018056
0 0.701172 0.311111 0.014844 0.016667
0 0.687891 0.509722 0.019531 0.016667
0 0.677734 0.540278 0.021094 0.016667
0 0.756641 0.536806 0.021094 0.020833
0 0.883203 0.535417 0.019531 0.018056
0 0.901563 0.482639 0.020312 0.018056
0 0.906641 0.454167 0.019531 0.019444
0 0.809766 0.325000 0.019531 0.016667
0 0.852734 0.350000 0.017969 0.016667
0 0.971484 0.354167 0.021094 0.019444
