0 0.052344 0.332639 0.017188 0.018056
0 0.010547 0.455556 0.019531 0.016667
0 0.105078 0.483333 0.017969 0.016667
0 0.115625 0.509722 0.018750 0.016667
0 0.148047 0.465278 0.017969 0.016667
0 0.189063 0.300694 0.015625 0.015278
0 0.206641 0.322222 0.016406 0.016667
0 0.184766 0.366667 0.016406 0.016667
0 0.207031 0.447917 0.017188 0.015278
0 0.201953 0.482639 0.016406 0.018056
0 0.201172 0.514583 0.017969 0.012500
0 0.243359 0.472917 0.019531 0.018056
0 0.248047 0.371528 0.017969 0.015278
0 0.291406 0.325000 0.017188 0.016667
0 0.330469 0.375694 0.017188 0.018056
0 0.337891 0.477778 0.017969 0.013889
0 0.370703 0.525694 0.017969 0.015278
0 0.407031 0.502778 0.020312 0.016667
0 0.457812 0.361806 0.017188 0.018056
0 0.471875 0.442361 0.018750 0.018056
0 0.479297 0.466667 0.017969 0.013889
0 0.453125 0.528472 0.018750 0.015278
0 0.526953 0.489583 0.019531 0.015278
0 0.537109 0.536806 0.017969 0.018056
0 0.576172 0.507639 0.021094 0.018056
0 0.571875 0.449306 0.017188 0.015278
0 0.564062 0.332639 0.017188 0.015278
0 0.592969 0.380556 0.018750 0.019444
0 0.625000 0.405556 0.018750 0.016667
0 0.670703 0.360417 0.019531 0.018056
0 0.743359 0.309722 0.016406 0.013889
0 0.730469 0.358333 0.018750 0.019444
0 0.794922 0.332639 0.017969 0.018056
0 0.801562 0.400694 0.017188 0.015278
0 0.844922 0.355556 0.019531 0.022222
0 0.892969 0.396528 0.021875 0.015278
0 0.982031 0.372917 0.021875 0.020833
0 0.987500 0.456944 0.018750 0.019444
0 0.905469 0.436806 0.018750 0.015278
0 0.920703 0.482639 0.017969 0.018056
0 0.899609 0.511806 0.017969 0.020833
0 0.835938 0.535417 0.017188 0.018056
0 0.737891 0.490972 0.019531 0.018056
0 0.651953 0.447917 0.017969 0.018056
0 0.673437 0.532639 0.017188 0.018056
0 0.594141 0.536111 0.019531 0.016667
0 0.621875 0.468056 0.023438 0.016667
0 0.629297 0.487500 0.017969 0.016667
