0 0.035937 0.386806 0.015625 0.018056
0 0.014062 0.468750 0.015625 0.015278
0 0.042969 0.495139 0.015625 0.015278
0 0.052734 0.366667 0.013281 0.013889
0 0.078125 0.347917 0.018750 0.020833
0 0.115234 0.390278 0.017969 0.016667
0 0.137500 0.311111 0.015625 0.016667
0 0.174219 0.329861 0.017188 0.018056
0 0.167578 0.354861 0.017969 0.018056
0 0.192578 0.395833 0.017969 0.016667
0 0.226563 0.308333 0.015625 0.016667
0 0.267969 0.358333 0.014062 0.019444
0 0.295312 0.383333 0.018750 0.013889
0 0.323828 0.362500 0.019531 0.019444
0 0.346875 0.404861 0.020312 0.018056
0 0.392969 0.327778 0.020312 0.019444
0 0.435937 0.361111 0.020312 0.016667
0 0.464453 0.314583 0.019531 0.018056
0 0.495313 0.332639 0.017188 0.012500
0 0.546094 0.311806 0.015625 0.018056
0 0.538672 0.386806 0.017969 0.018056
0 0.576953 0.334722 0.014844 0.016667
0 0.594922 0.409722 0.019531 0.016667
0 0.648438 0.314583 0.018750 0.018056
0 0.659375 0.364583 0.018750 0.018056
0 0.731641 0.402083 0.017969 0.015278
0 0.766797 0.334722 0.014844 0.013889
0 0.790625 0.317361 0.018750 0.020833
0 0.802344 0.355556 0.020312 0.019444
0 0.875391 0.320833 0.019531 0.019444
0 0.884375 0.372222 0.017188 0.022222
0 0.964844 0.525000 0.018750 0.019444
0 0.883984 0.533333 0.021094 0.016667
0 0.782812 0.445833 0.020312 0.019444
0 0.675391 0.494444 0.021094 0.016667
0 0.685547 0.535417 0.019531 0.018056
0 0.533203 0.446528 0.019531 0.015278
0 0.515234 0.469444 0.017969 0.013889
0 0.514453 0.515972 0.019531 0.020833
0 0.495703 0.538889 0.017969 0.019444
0 0.435937 0.447917 0.018750 0.020833
0 0.317578 0.442361 0.017969 0.018056
0 0.314453 0.506944 0.019531 0.019444
0 0.325391 0.530556 0.017969 0.016667
0 0.368359 0.531944 0.019531 0.016667
0 0.183984 0.442361 0.019531 0.018056
0 0.133594 0.499306 0.018750 0.020833
