0 0.050000 0.493056 0.018750 0.011111
0 0.088281 0.437500 0.020312 0.016667
0 0.093750 0.350694 0.018750 0.018056
0 0.097266 0.288889 0.017969 0.016667
0 0.099219 0.311806 0.017188 0.015278
0 0.116797 0.275694 0.016406 0.018056
0 0.174609 0.318056 0.017969 0.016667
0 0.176563 0.359028 0.017188 0.015278
0 0.236719 0.386111 0.017188 0.016667
0 0.241406 0.365278 0.017188 0.016667
0 0.269922 0.295139 0.017969 0.018056
0 0.319531 0.370139 0.015625 0.015278
0 0.332812 0.391667 0.018750 0.016667
0 0.348437 0.350694 0.017188 0.018056
0 0.393359 0.349306 0.016406 0.012500
0 0.441406 0.354861 0.017188 0.015278
0 0.446484 0.375694 0.016406 0.018056
0 0.432422 0.400694 0.014844 0.015278
2 0.528125 0.380556 0.018750 0.013889
0 0.534375 0.360417 0.017188 0.015278
0 0.558984 0.321528 0.019531 0.015278
0 0.601563 0.356250 0.017188 0.018056
0 0.615234 0.382639 0.019531 0.012500
0 0.656641 0.311806 0.014844 0.015278
0 0.684766 0.358333 0.016406 0.011111
0 0.740625 0.359028 0.017188 0.015278
0 0.777344 0.338194 0.014062 0.015278
0 0.756250 0.315972 0.017188 0.018056
0 0.912109 0.302778 0.021094 0.016667
0 0.828906 0.445833 0.020312 0.016667
0 0.910156 0.534028 0.018750 0.015278
0 0.798437 0.537500 0.014062 0.013889
0 0.800000 0.493750 0.020312 0.015278
0 0.751562 0.447222 0.020312 0.019444
0 0.710938 0.509722 0.020312 0.016667
0 0.626953 0.538194 0.019531 0.018056
0 0.543359 0.445139 0.019531 0.018056
0 0.489062 0.531250 0.017188 0.018056
0 0.416406 0.485417 0.018750 0.015278
0 0.414844 0.529861 0.017188 0.020833
0 0.340625 0.520139 0.018750 0.018056
0 0.217578 0.424306 0.016406 0.018056
0 0.238281 0.494444 0.020312 0.019444
0 0.224609 0.513194 0.019531 0.015278
