0 0.112109 0.302778 0.016406 0.016667
0 0.135547 0.354861 0.017969 0.018056
0 0.132422 0.397917 0.019531 0.020833
0 0.137891 0.439583 0.021094 0.018056
0 0.117969 0.461111 0.020312 0.019444
0 0.167187 0.481250 0.014062 0.012500
0 0.197266 0.400694 0.016406 0.015278
0 0.205469 0.378472 0.017188 0.015278
0 0.228516 0.339583 0.017969 0.018056
0 0.229297 0.311806 0.017969 0.015278
0 0.226172 0.463194 0.019531 0.018056
0 0.262500 0.493750 0.018750 0.018056
0 0.285547 0.535417 0.019531 0.015278
0 0.322656 0.403472 0.017188 0.015278
0 0.339844 0.337500 0.017188 0.019444
0 0.343359 0.443056 0.017969 0.016667
0 0.383594 0.384028 0.018750 0.015278
0 0.389453 0.404861 0.016406 0.015278
0 0.387500 0.334028 0.017188 0.015278
0 0.435547 0.331944 0.017969 0.016667
0 0.456641 0.357639 0.017969 0.018056
0 0.484375 0.404861 0.018750 0.015278
0 0.504687 0.340972 0.017188 0.018056
0 0.506641 0.380556 0.016406 0.013889
0 0.547266 0.405556 0.017969 0.016667
0 0.564844 0.361806 0.018750 0.018056
0 0.681641 0.376389 0.017969 0.019444
0 0.698438 0.325694 0.020312 0.015278
0 0.746094 0.306944 0.018750 0.019444
0 0.783984 0.376389 0.021094 0.019444
0 0.818359 0.349306 0.017969 0.015278
0 0.839453 0.388889 0.021094 0.022222
0 0.839063 0.322222 0.017188 0.022222
0 0.948438 0.381250 0.017188 0.015278
0 0.927344 0.425000 0.021875 0.019444
0 0.981250 0.456250 0.017188 0.020833
0 0.916406 0.494444 0.020312 0.019444
0 0.890625 0.477778 0.021875 0.022222
0 0.864062 0.434722 0.020312 0.022222
0 0.775000 0.509028 0.018750 0.018056
0 0.725000 0.465278 0.018750 0.016667
0 0.645703 0.475694 0.017969 0.020833
0 0.626953 0.444444 0.019531 0.019444
0 0.546094 0.488194 0.021875 0.018056
