0 0.031250 0.296528 0.018750 0.015278
0 0.060938 0.347917 0.015625 0.015278
0 0.064844 0.374306 0.020312 0.015278
0 0.035156 0.418750 0.017188 0.015278
0 0.078906 0.416667 0.020312 0.016667
0 0.053516 0.460417 0.021094 0.018056
0 0.098438 0.463889 0.021875 0.019444
0 0.084375 0.498611 0.018750 0.016667
0 0.123047 0.334028 0.017969 0.015278
0 0.172656 0.294444 0.020312 0.019444
0 0.234375 0.339583 0.020312 0.020833
0 0.220313 0.386111 0.020312 0.016667
0 0.182422 0.485417 0.016406 0.018056
0 0.213672 0.463194 0.017969 0.020833
0 0.272656 0.472222 0.018750 0.019444
0 0.264844 0.514583 0.017188 0.018056
0 0.319141 0.347917 0.017969 0.015278
0 0.371875 0.345139 0.015625 0.015278
0 0.375781 0.374306 0.017188 0.018056
0 0.342187 0.434028 0.021875 0.020833
0 0.399219 0.500694 0.017188 0.018056
0 0.398438 0.525000 0.018750 0.019444
0 0.469531 0.443056 0.020312 0.016667
0 0.486719 0.354861 0.018750 0.015278
0 0.490625 0.482639 0.018750 0.018056
0 0.482812 0.529167 0.018750 0.013889
2 0.520312 0.506944 0.046875 0.022222
0 0.558594 0.465972 0.018750 0.015278
0 0.599609 0.539583 0.017969 0.018056
0 0.582031 0.342361 0.018750 0.018056
0 0.676172 0.309028 0.021094 0.020833
0 0.783594 0.358333 0.021875 0.016667
0 0.802344 0.404861 0.018750 0.018056
0 0.958984 0.374306 0.022656 0.018056
0 0.977734 0.467361 0.017969 0.015278
0 0.879687 0.438889 0.017188 0.016667
0 0.909766 0.463889 0.021094 0.016667
0 0.905078 0.487500 0.021094 0.016667
0 0.942187 0.508333 0.021875 0.019444
0 0.760156 0.491667 0.021875 0.022222
0 0.395312 0.310417 0.020312 0.018056
0 0.405469 0.479167 0.020312 0.016667
