0 0.023047 0.288889 0.016406 0.016667
0 0.012891 0.352778 0.017969 0.016667
0 0.028516 0.415972 0.016406 0.018056
0 0.030078 0.459028 0.017969 0.015278
0 0.033203 0.480556 0.019531 0.013889
0 0.054688 0.502778 0.018750 0.013889
0 0.077344 0.313194 0.020312 0.015278
0 0.081250 0.362500 0.015625 0.013889
0 0.088281 0.443056 0.018750 0.016667
0 0.132031 0.368750 0.018750 0.012500
0 0.164063 0.467361 0.018750 0.015278
0 0.260938 0.368750 0.015625 0.015278
0 0.376953 0.331944 0.021094 0.022222
0 0.295312 0.475000 0.015625 0.016667
0 0.269531 0.498611 0.018750 0.016667
0 0.256250 0.522917 0.021875 0.020833
0 0.344531 0.527083 0.020312 0.020833
0 0.349219 0.486111 0.017188 0.019444
0 0.421094 0.373611 0.017188 0.013889
0 0.429297 0.402083 0.017969 0.012500
0 0.429688 0.462500 0.018750 0.013889
0 0.418750 0.484028 0.018750 0.018056
0 0.473047 0.356944 0.019531 0.016667
0 0.530859 0.360417 0.017969 0.015278
0 0.514453 0.487500 0.017969 0.013889
0 0.514453 0.536111 0.017969 0.019444
0 0.574219 0.404167 0.015625 0.016667
0 0.581641 0.313889 0.014844 0.016667
0 0.598828 0.337500 0.017969 0.016667
0 0.638281 0.359028 0.018750 0.018056
0 0.582812 0.511806 0.020312 0.015278
0 0.601563 0.534722 0.020312 0.016667
0 0.676562 0.449306 0.021875 0.018056
0 0.658203 0.405556 0.017969 0.019444
0 0.685156 0.538194 0.018750 0.015278
0 0.741797 0.384722 0.021094 0.016667
0 0.720703 0.467361 0.019531 0.015278
0 0.751172 0.491667 0.019531 0.019444
0 0.767187 0.511806 0.020312 0.018056
0 0.748828 0.537500 0.019531 0.016667
0 0.829297 0.530556 0.021094 0.019444
0 0.834766 0.488889 0.019531 0.016667
0 0.803516 0.457639 0.019531 0.018056
0 0.848437 0.464583 0.023438 0.018056
0 0.863281 0.445139 0.021875 0.015278
0 0.830859 0.363194 0.019531 0.015278
0 0.901563 0.377083 0.023438 0.018056
0 0.964063 0.327083 0.018750 0.012500
0 0.978125 0.350000 0.018750 0.019444
0 0.938281 0.484722 0.018750 0.016667
