0 0.050391 0.306250 0.017969 0.015278
0 0.057422 0.333333 0.016406 0.013889
0 0.063281 0.414583 0.020312 0.015278
0 0.111719 0.287500 0.017188 0.013889
0 0.144922 0.313889 0.019531 0.019444
0 0.166797 0.354167 0.016406 0.016667
0 0.096094 0.458333 0.020312 0.016667
0 0.096094 0.500000 0.020312 0.019444
0 0.135156 0.484722 0.020312 0.016667
0 0.161328 0.506944 0.019531 0.016667
0 0.180469 0.447222 0.020312 0.019444
0 0.220703 0.511806 0.017969 0.015278
2 0.249219 0.491667 0.048437 0.027778
0 0.294141 0.348611 0.019531 0.016667
0 0.307031 0.377083 0.017188 0.018056
0 0.410156 0.331944 0.017188 0.016667
0 0.378516 0.434028 0.017969 0.015278
0 0.392188 0.481250 0.018750 0.018056
0 0.487500 0.402778 0.021875 0.013889
0 0.498437 0.378472 0.017188 0.015278
0 0.530859 0.357639 0.019531 0.015278
0 0.623438 0.331250 0.020312 0.020833
0 0.618750 0.356250 0.020312 0.018056
0 0.531641 0.487500 0.019531 0.016667
0 0.535156 0.510417 0.020312 0.018056
0 0.545703 0.464583 0.019531 0.015278
0 0.582031 0.487500 0.018750 0.016667
0 0.620703 0.447917 0.017969 0.018056
0 0.631250 0.494444 0.020312 0.019444
0 0.708594 0.359028 0.018750 0.020833
0 0.702344 0.404167 0.021875 0.016667
0 0.698828 0.530556 0.019531 0.016667
0 0.761719 0.349306 0.021875 0.018056
0 0.827344 0.335417 0.021875 0.018056
0 0.787891 0.381250 0.019531 0.018056
0 0.900781 0.353472 0.020312 0.020833
0 0.773438 0.447222 0.020312 0.019444
0 0.771094 0.539583 0.021875 0.015278
0 0.866406 0.511806 0.018750 0.015278
0 0.881641 0.539583 0.022656 0.020833
0 0.937500 0.436806 0.020312 0.012500
0 0.989453 0.457639 0.017969 0.018056
2 0.043750 0.453472 0.021875 0.020833
