0 0.102734 0.318750 0.017969 0.015278
0 0.130469 0.390278 0.020312 0.016667
0 0.173438 0.373611 0.015625 0.013889
0 0.223828 0.306944 0.021094 0.016667
0 0.241406 0.395833 0.018750 0.016667
2 0.289453 0.351389 0.060156 0.025000
0 0.319922 0.379167 0.017969 0.016667
0 0.329688 0.400694 0.018750 0.015278
0 0.335156 0.302083 0.017188 0.018056
0 0.466016 0.322222 0.016406 0.016667
0 0.514453 0.335417 0.019531 0.015278
0 0.502734 0.407639 0.022656 0.020833
0 0.585938 0.406944 0.021875 0.016667
0 0.668750 0.339583 0.015625 0.018056
0 0.678125 0.407639 0.020312 0.015278
0 0.703906 0.380556 0.015625 0.016667
0 0.710547 0.360417 0.016406 0.015278
0 0.721875 0.311111 0.018750 0.016667
0 0.817578 0.305556 0.017969 0.016667
0 0.812500 0.402083 0.020312 0.018056
0 0.845703 0.379861 0.017969 0.018056
0 0.864062 0.334722 0.020312 0.019444
0 0.950391 0.329167 0.021094 0.025000
0 0.939453 0.433333 0.017969 0.019444
0 0.939453 0.485417 0.021094 0.020833
0 0.868750 0.509722 0.014062 0.016667
0 0.263281 0.487500 0.018750 0.019444
0 0.220703 0.502778 0.021094 0.019444
0 0.130859 0.430556 0.019531 0.019444
0 0.069531 0.450694 0.018750 0.015278
0 0.116016 0.490278 0.019531 0.016667
