0 0.011328 0.348611 0.016406 0.013889
0 0.018750 0.371528 0.018750 0.018056
0 0.065234 0.365972 0.019531 0.015278
0 0.114453 0.335417 0.014844 0.018056
0 0.245703 0.304167 0.017969 0.013889
0 0.243750 0.369444 0.018750 0.016667
0 0.284766 0.324306 0.019531 0.018056
0 0.312109 0.375000 0.021094 0.016667
0 0.401563 0.377778 0.018750 0.016667
0 0.521875 0.358333 0.020312 0.016667
0 0.362109 0.324306 0.017969 0.018056
0 0.623828 0.336111 0.019531 0.019444
0 0.649609 0.379861 0.021094 0.018056
0 0.693359 0.404861 0.019531 0.015278
0 0.737500 0.360417 0.020312 0.018056
0 0.800781 0.357639 0.018750 0.018056
0 0.798437 0.306250 0.020312 0.018056
0 0.863672 0.330556 0.019531 0.019444
0 0.916406 0.352778 0.020312 0.022222
0 0.884766 0.400694 0.017969 0.018056
0 0.973828 0.392361 0.021094 0.015278
0 0.986719 0.436111 0.018750 0.019444
0 0.966406 0.480556 0.018750 0.016667
0 0.963281 0.502083 0.018750 0.018056
0 0.901563 0.461111 0.020312 0.022222
0 0.823047 0.440278 0.017969 0.013889
0 0.849609 0.484028 0.019531 0.020833
0 0.839453 0.513889 0.019531 0.022222
0 0.779688 0.538194 0.018750 0.015278
0 0.677734 0.490972 0.017969 0.018056
0 0.583984 0.445833 0.021094 0.016667
0 0.621094 0.531944 0.018750 0.016667
0 0.545313 0.465278 0.023438 0.016667
0 0.560938 0.487500 0.020312 0.016667
0 0.543750 0.533333 0.020312 0.013889
0 0.512109 0.506250 0.019531 0.018056
0 0.498828 0.445833 0.016406 0.016667
0 0.489453 0.533333 0.017969 0.013889
0 0.451172 0.486806 0.019531 0.018056
0 0.405078 0.438194 0.019531 0.018056
0 0.401172 0.462500 0.019531 0.019444
0 0.406250 0.524306 0.018750 0.015278
0 0.350781 0.498611 0.017188 0.019444
0 0.324219 0.521528 0.017188 0.018056
0 0.280078 0.475000 0.017969 0.016667
0 0.187891 0.470139 0.019531 0.020833
0 0.135156 0.440278 0.017188 0.016667
0 0.154687 0.481944 0.015625 0.016667
0 0.155469 0.510417 0.017188 0.018056
0 0.094922 0.459028 0.017969 0.015278
0 0.057813 0.479167 0.018750 0.016667
0 0.074609 0.504167 0.021094 0.019444
