0 0.059375 0.327778 0.017188 0.016667
0 0.070313 0.303472 0.018750 0.015278
0 0.074609 0.354167 0.017969 0.013889
0 0.128125 0.397917 0.020312 0.018056
0 0.164063 0.377778 0.018750 0.013889
0 0.185547 0.400000 0.019531 0.013889
0 0.185156 0.334722 0.017188 0.016667
0 0.191406 0.311111 0.017188 0.016667
0 0.226953 0.356944 0.016406 0.019444
0 0.295312 0.337500 0.018750 0.016667
0 0.304688 0.400694 0.018750 0.015278
0 0.333203 0.313194 0.016406 0.015278
0 0.346094 0.382639 0.015625 0.015278
0 0.403906 0.404167 0.014062 0.016667
0 0.446484 0.386806 0.019531 0.018056
0 0.503516 0.405556 0.019531 0.019444
0 0.528906 0.381944 0.018750 0.019444
0 0.571484 0.381944 0.014844 0.013889
0 0.578516 0.334028 0.017969 0.015278
0 0.603906 0.356944 0.020312 0.019444
0 0.626562 0.377083 0.018750 0.018056
0 0.704297 0.334028 0.016406 0.018056
0 0.715625 0.375694 0.020312 0.018056
0 0.738281 0.351389 0.020312 0.013889
0 0.769141 0.329167 0.019531 0.019444
0 0.828516 0.343750 0.021094 0.018056
0 0.845703 0.371528 0.021094 0.018056
0 0.816406 0.290972 0.020312 0.015278
0 0.910547 0.288889 0.019531 0.016667
0 0.942578 0.314583 0.017969 0.018056
0 0.960938 0.334722 0.017188 0.016667
0 0.971875 0.382639 0.020312 0.018056
0 0.955078 0.431250 0.022656 0.018056
0 0.975391 0.513889 0.019531 0.016667
0 0.824609 0.459722 0.019531 0.016667
0 0.742578 0.464583 0.019531 0.015278
0 0.784375 0.504861 0.020312 0.018056
0 0.675781 0.485417 0.018750 0.018056
0 0.667969 0.513194 0.018750 0.020833
0 0.520312 0.538194 0.017188 0.020833
0 0.434766 0.442361 0.014844 0.018056
0 0.363281 0.529861 0.020312 0.018056
0 0.300000 0.486111 0.018750 0.022222
0 0.200000 0.520139 0.018750 0.018056
0 0.169141 0.484028 0.017969 0.020833
0 0.111328 0.525000 0.019531 0.016667
