0 0.062500 0.319444 0.015625 0.013889
0 0.068359 0.368056 0.019531 0.016667
0 0.103516 0.300694 0.013281 0.012500
0 0.159766 0.286806 0.016406 0.012500
0 0.161719 0.311806 0.017188 0.015278
0 0.150391 0.332639 0.016406 0.015278
0 0.142188 0.377778 0.015625 0.016667
0 0.209375 0.292361 0.014062 0.009722
0 0.233984 0.317361 0.016406 0.015278
0 0.233203 0.381944 0.017969 0.013889
0 0.292969 0.319444 0.020312 0.016667
0 0.298828 0.296528 0.016406 0.015278
0 0.318359 0.346528 0.019531 0.018056
0 0.306641 0.368056 0.016406 0.013889
0 0.344141 0.325000 0.017969 0.016667
0 0.351563 0.391667 0.018750 0.016667
0 0.453516 0.325694 0.017969 0.015278
0 0.435937 0.395139 0.018750 0.018056
0 0.514063 0.333333 0.017188 0.019444
2 0.555469 0.354167 0.042188 0.022222
0 0.557813 0.403472 0.018750 0.015278
0 0.602344 0.332639 0.020312 0.018056
0 0.641016 0.407639 0.021094 0.015278
0 0.673437 0.334722 0.018750 0.016667
0 0.687500 0.309722 0.020312 0.013889
0 0.731250 0.359722 0.018750 0.013889
0 0.766406 0.327778 0.018750 0.016667
0 0.818750 0.361111 0.020312 0.016667
0 0.841797 0.325000 0.021094 0.016667
0 0.903906 0.328472 0.018750 0.015278
0 0.935156 0.295139 0.018750 0.018056
0 0.975781 0.330556 0.020312 0.022222
0 0.878906 0.400694 0.018750 0.015278
0 0.851563 0.512500 0.020312 0.016667
0 0.849609 0.537500 0.021094 0.019444
0 0.730469 0.512500 0.018750 0.016667
0 0.653125 0.444444 0.018750 0.016667
0 0.597266 0.539583 0.021094 0.018056
0 0.507422 0.487500 0.017969 0.016667
0 0.487500 0.534028 0.018750 0.018056
0 0.358203 0.435417 0.019531 0.018056
0 0.333203 0.475000 0.019531 0.019444
0 0.275781 0.515278 0.017188 0.019444
0 0.216406 0.509028 0.014062 0.018056
0 0.221484 0.468750 0.017969 0.018056
0 0.217187 0.422222 0.017188 0.016667
0 0.183594 0.483333 0.020312 0.022222
0 0.073437 0.453472 0.021875 0.018056
0 0.103125 0.475694 0.017188 0.018056
0 0.094531 0.495833 0.020312 0.016667
0 0.033594 0.428472 0.021875 0.018056
