0 0.023828 0.493750 0.017969 0.015278
0 0.058984 0.459028 0.016406 0.015278
0 0.121094 0.434028 0.018750 0.018056
0 0.104687 0.525000 0.018750 0.019444
0 0.155859 0.310417 0.019531 0.018056
0 0.143359 0.353472 0.017969 0.015278
0 0.180078 0.378472 0.019531 0.015278
0 0.290625 0.306250 0.015625 0.015278
0 0.330469 0.359028 0.017188 0.018056
0 0.376172 0.404861 0.019531 0.018056
0 0.399609 0.314583 0.016406 0.015278
0 0.410937 0.384722 0.017188 0.016667
0 0.429688 0.354167 0.018750 0.013889
0 0.434375 0.405556 0.018750 0.016667
0 0.521875 0.338194 0.017188 0.018056
0 0.563672 0.344444 0.017969 0.016667
0 0.552344 0.404861 0.017188 0.015278
0 0.583984 0.323611 0.017969 0.016667
0 0.625781 0.358333 0.018750 0.016667
0 0.614062 0.383333 0.017188 0.019444
0 0.625000 0.404861 0.017188 0.020833
0 0.680078 0.347917 0.016406 0.018056
0 0.729297 0.342361 0.019531 0.018056
0 0.733594 0.375694 0.018750 0.015278
0 0.717969 0.400000 0.018750 0.013889
0 0.779688 0.396528 0.020312 0.018056
0 0.873438 0.318750 0.020312 0.015278
0 0.879297 0.362500 0.021094 0.016667
0 0.979688 0.422917 0.020312 0.018056
0 0.882422 0.430556 0.016406 0.016667
2 0.875391 0.452778 0.027344 0.016667
0 0.919531 0.502778 0.018750 0.016667
0 0.929688 0.525694 0.020312 0.015278
0 0.865625 0.497917 0.020312 0.018056
0 0.805469 0.439583 0.020312 0.018056
0 0.760938 0.462500 0.017188 0.016667
0 0.771875 0.504861 0.018750 0.018056
0 0.743750 0.440972 0.020312 0.018056
0 0.669922 0.442361 0.017969 0.018056
0 0.700391 0.490972 0.021094 0.018056
0 0.604688 0.514583 0.017188 0.018056
0 0.543750 0.470833 0.017188 0.016667
0 0.450000 0.486806 0.018750 0.018056
0 0.410937 0.447222 0.018750 0.019444
0 0.347656 0.497222 0.020312 0.019444
