0 0.028125 0.300000 0.018750 0.016667
0 0.058984 0.365972 0.017969 0.018056
0 0.120703 0.325694 0.019531 0.015278
0 0.134766 0.375000 0.019531 0.016667
0 0.153906 0.307639 0.014062 0.015278
0 0.203125 0.380556 0.018750 0.016667
0 0.209766 0.316667 0.017969 0.016667
0 0.215234 0.290972 0.016406 0.018056
0 0.221875 0.338194 0.015625 0.018056
0 0.266406 0.295139 0.014062 0.018056
0 0.280469 0.319444 0.020312 0.016667
0 0.339453 0.321528 0.021094 0.018056
0 0.349609 0.297917 0.013281 0.015278
0 0.300000 0.386806 0.018750 0.018056
0 0.394922 0.325694 0.016406 0.018056
0 0.385156 0.348611 0.017188 0.013889
0 0.383984 0.370833 0.014844 0.013889
0 0.428125 0.397222 0.021875 0.022222
0 0.514063 0.322917 0.020312 0.018056
0 0.513281 0.399306 0.018750 0.018056
0 0.564844 0.332639 0.017188 0.015278
2 0.612500 0.356944 0.042188 0.019444
0 0.628125 0.404861 0.018750 0.015278
0 0.650000 0.327083 0.017188 0.015278
0 0.708984 0.404861 0.019531 0.018056
0 0.718750 0.334028 0.018750 0.015278
0 0.738281 0.307639 0.020312 0.012500
0 0.798437 0.356944 0.020312 0.016667
0 0.818750 0.320139 0.020312 0.018056
0 0.889844 0.327083 0.021875 0.018056
0 0.887500 0.356944 0.020312 0.019444
0 0.953906 0.328472 0.020312 0.018056
0 0.954687 0.397222 0.020312 0.016667
0 0.984375 0.288889 0.020312 0.016667
0 0.925781 0.540972 0.018750 0.015278
0 0.781641 0.512500 0.019531 0.016667
0 0.781641 0.537500 0.019531 0.013889
0 0.662891 0.510417 0.019531 0.015278
0 0.575000 0.444444 0.020312 0.013889
0 0.538281 0.534028 0.020312 0.018056
0 0.433984 0.483333 0.017969 0.019444
0 0.431641 0.528472 0.017969 0.015278
0 0.271875 0.429861 0.018750 0.015278
0 0.256250 0.467361 0.020312 0.018056
0 0.222266 0.507639 0.017969 0.015278
0 0.164063 0.502778 0.015625 0.019444
0 0.146484 0.459722 0.021094 0.016667
0 0.137109 0.412500 0.016406 0.019444
0 0.119531 0.477778 0.020312 0.022222
0 0.035156 0.466667 0.017188 0.016667
0 0.039063 0.490278 0.018750 0.016667
