0 0.033984 0.488194 0.022656 0.020833
0 0.085938 0.440278 0.018750 0.019444
0 0.105859 0.495139 0.019531 0.018056
0 0.098828 0.345833 0.016406 0.016667
0 0.076563 0.300000 0.012500 0.013889
0 0.159766 0.306944 0.017969 0.019444
0 0.188672 0.369444 0.017969 0.016667
0 0.327344 0.397917 0.017188 0.018056
2 0.504687 0.311806 0.023438 0.015278
0 0.515625 0.334722 0.017188 0.019444
0 0.601953 0.309722 0.017969 0.016667
0 0.648047 0.379861 0.019531 0.018056
0 0.746094 0.334028 0.017188 0.015278
0 0.864062 0.393056 0.017188 0.016667
0 0.883203 0.343056 0.021094 0.016667
0 0.916406 0.368056 0.018750 0.019444
0 0.909766 0.499306 0.021094 0.018056
0 0.778516 0.461806 0.019531 0.020833
0 0.780078 0.536111 0.019531 0.019444
0 0.697266 0.443056 0.019531 0.016667
0 0.674219 0.461806 0.015625 0.015278
0 0.671875 0.535417 0.017188 0.018056
0 0.560938 0.540278 0.020312 0.016667
0 0.536328 0.509028 0.017969 0.018056
0 0.467187 0.535417 0.017188 0.018056
0 0.325391 0.465972 0.021094 0.015278
0 0.307031 0.443750 0.020312 0.015278
0 0.338281 0.528472 0.017188 0.018056
0 0.297266 0.521528 0.019531 0.018056
0 0.205859 0.436111 0.019531 0.016667
