0 0.057031 0.329167 0.017188 0.019444
0 0.068750 0.393056 0.018750 0.016667
0 0.045703 0.521528 0.019531 0.020833
0 0.081641 0.475694 0.016406 0.018056
0 0.114453 0.328472 0.016406 0.015278
0 0.138672 0.306944 0.017969 0.016667
0 0.140234 0.354861 0.019531 0.020833
0 0.134375 0.509722 0.015625 0.019444
0 0.201172 0.399306 0.019531 0.018056
0 0.228906 0.378472 0.017188 0.015278
0 0.246484 0.313194 0.019531 0.015278
0 0.254297 0.337500 0.017969 0.013889
0 0.261719 0.400694 0.017188 0.018056
0 0.218359 0.480556 0.016406 0.016667
0 0.294531 0.522917 0.020312 0.018056
0 0.293359 0.359028 0.016406 0.015278
0 0.350391 0.338194 0.019531 0.023611
0 0.383594 0.404861 0.017188 0.020833
0 0.400391 0.313194 0.016406 0.020833
0 0.408984 0.383333 0.014844 0.016667
0 0.484375 0.406944 0.017188 0.019444
0 0.508984 0.386111 0.021094 0.019444
0 0.571484 0.406250 0.019531 0.018056
0 0.585156 0.379167 0.018750 0.019444
0 0.627734 0.376389 0.013281 0.016667
0 0.639063 0.332639 0.017188 0.020833
0 0.672266 0.354861 0.022656 0.023611
0 0.677344 0.378472 0.020312 0.015278
0 0.761328 0.331944 0.017969 0.019444
0 0.767187 0.372222 0.020312 0.016667
0 0.795313 0.347917 0.020312 0.018056
0 0.828516 0.323611 0.019531 0.019444
0 0.866016 0.284028 0.019531 0.020833
0 0.889063 0.339583 0.020312 0.018056
0 0.908203 0.363194 0.019531 0.018056
0 0.964063 0.277083 0.020312 0.020833
0 0.866406 0.438194 0.021875 0.026389
0 0.903516 0.520833 0.017969 0.019444
0 0.765625 0.461111 0.021875 0.019444
0 0.681641 0.465972 0.019531 0.018056
0 0.717188 0.509028 0.020312 0.018056
0 0.602344 0.486111 0.018750 0.019444
0 0.594531 0.513194 0.018750 0.020833
0 0.449609 0.532639 0.016406 0.015278
0 0.357422 0.441667 0.011719 0.016667
