0 0.048437 0.327083 0.015625 0.015278
0 0.038672 0.411111 0.021094 0.019444
0 0.010156 0.495833 0.020312 0.016667
0 0.058203 0.500000 0.021094 0.016667
0 0.127344 0.504167 0.018750 0.016667
0 0.146094 0.359028 0.018750 0.018056
0 0.174219 0.312500 0.018750 0.016667
0 0.206250 0.343056 0.018750 0.019444
0 0.219922 0.427083 0.019531 0.015278
0 0.224609 0.506250 0.017969 0.020833
0 0.287109 0.432639 0.021094 0.020833
0 0.306641 0.511806 0.021094 0.018056
0 0.340625 0.493750 0.020312 0.018056
0 0.358203 0.347917 0.017969 0.015278
0 0.381641 0.311806 0.016406 0.018056
0 0.384375 0.332639 0.018750 0.018056
0 0.421484 0.397917 0.016406 0.018056
0 0.427344 0.305556 0.017188 0.016667
0 0.464453 0.329861 0.019531 0.018056
0 0.404687 0.524306 0.015625 0.015278
0 0.502734 0.531944 0.021094 0.016667
0 0.533203 0.336806 0.017969 0.018056
0 0.545703 0.383333 0.021094 0.016667
0 0.563281 0.350000 0.018750 0.016667
0 0.610156 0.381944 0.015625 0.016667
0 0.599609 0.466667 0.016406 0.016667
0 0.644141 0.334028 0.017969 0.018056
0 0.675000 0.384722 0.017188 0.016667
0 0.678906 0.450694 0.021875 0.018056
0 0.697656 0.491667 0.018750 0.016667
0 0.735156 0.538889 0.018750 0.013889
0 0.700781 0.338194 0.018750 0.015278
0 0.742188 0.356944 0.020312 0.016667
0 0.723828 0.407639 0.021094 0.015278
0 0.808594 0.513194 0.018750 0.018056
0 0.917578 0.538194 0.022656 0.020833
0 0.873047 0.445139 0.019531 0.018056
0 0.771875 0.383333 0.017188 0.016667
0 0.791406 0.359722 0.018750 0.016667
0 0.806641 0.404167 0.019531 0.016667
0 0.847266 0.354167 0.019531 0.016667
0 0.876172 0.404167 0.014844 0.016667
0 0.924609 0.352778 0.019531 0.016667
0 0.964844 0.325000 0.021875 0.016667
2 0.879297 0.378472 0.022656 0.015278
