0 0.029687 0.343056 0.015625 0.016667
0 0.098438 0.333333 0.018750 0.013889
0 0.141797 0.360417 0.017969 0.015278
0 0.161328 0.312500 0.019531 0.016667
0 0.194141 0.326389 0.017969 0.016667
0 0.167969 0.381944 0.017188 0.013889
0 0.251563 0.320833 0.017188 0.019444
0 0.242969 0.367361 0.017188 0.020833
0 0.328906 0.322917 0.014062 0.015278
0 0.326172 0.350000 0.016406 0.016667
0 0.393359 0.329167 0.017969 0.019444
0 0.446484 0.331250 0.013281 0.015278
0 0.488281 0.332639 0.017188 0.018056
0 0.508984 0.378472 0.017969 0.015278
0 0.511328 0.404167 0.017969 0.013889
0 0.541406 0.356250 0.015625 0.015278
0 0.646094 0.315972 0.018750 0.015278
0 0.688281 0.334028 0.020312 0.015278
0 0.716016 0.360417 0.019531 0.015278
0 0.769922 0.334028 0.019531 0.018056
0 0.804297 0.378472 0.019531 0.015278
0 0.820313 0.354167 0.018750 0.019444
0 0.832422 0.329167 0.019531 0.019444
0 0.880078 0.345833 0.021094 0.016667
0 0.983594 0.347222 0.018750 0.016667
0 0.979688 0.374306 0.021875 0.018056
0 0.947656 0.345139 0.018750 0.012500
0 0.895312 0.392361 0.017188 0.015278
0 0.936719 0.436806 0.018750 0.015278
0 0.978125 0.526389 0.020312 0.019444
0 0.786328 0.506944 0.017969 0.019444
0 0.759375 0.538889 0.020312 0.016667
0 0.687109 0.459028 0.019531 0.018056
0 0.670703 0.500694 0.022656 0.020833
0 0.607422 0.537500 0.017969 0.019444
0 0.591406 0.467361 0.015625 0.015278
0 0.562500 0.447222 0.020312 0.019444
0 0.517969 0.482639 0.018750 0.020833
0 0.430859 0.527778 0.021094 0.019444
0 0.398047 0.501389 0.017969 0.016667
0 0.364062 0.458333 0.018750 0.016667
0 0.356641 0.524306 0.019531 0.020833
0 0.232422 0.472917 0.017969 0.018056
2 0.142969 0.484722 0.064062 0.027778
2 0.141406 0.511806 0.042188 0.023611
