0 0.040234 0.295833 0.017969 0.013889
0 0.074219 0.343750 0.020312 0.015278
0 0.079297 0.367361 0.017969 0.015278
0 0.057813 0.386806 0.018750 0.015278
0 0.088672 0.300000 0.016406 0.016667
0 0.175000 0.309028 0.015625 0.018056
0 0.209375 0.304167 0.015625 0.013889
0 0.225781 0.352778 0.017188 0.016667
0 0.226563 0.396528 0.018750 0.018056
0 0.282422 0.311111 0.017969 0.016667
0 0.319141 0.343056 0.017969 0.019444
0 0.338281 0.380556 0.017188 0.019444
0 0.353906 0.311806 0.017188 0.015278
0 0.428906 0.336111 0.015625 0.013889
0 0.440625 0.311806 0.017188 0.015278
0 0.500391 0.406250 0.017969 0.018056
0 0.550000 0.315972 0.018750 0.015278
0 0.613672 0.337500 0.017969 0.019444
0 0.625391 0.384028 0.019531 0.018056
0 0.737109 0.329167 0.016406 0.019444
0 0.773047 0.302778 0.017969 0.016667
0 0.814062 0.334028 0.015625 0.015278
0 0.937500 0.292361 0.020312 0.020833
0 0.858203 0.305556 0.016406 0.019444
0 0.893750 0.347917 0.018750 0.015278
0 0.892969 0.373611 0.021875 0.016667
0 0.901563 0.397222 0.020312 0.019444
0 0.878125 0.438194 0.018750 0.015278
0 0.987109 0.431944 0.019531 0.019444
0 0.857813 0.535417 0.017188 0.018056
0 0.768750 0.534028 0.020312 0.018056
0 0.760156 0.447917 0.018750 0.015278
0 0.727344 0.537500 0.018750 0.016667
0 0.672656 0.529861 0.018750 0.015278
0 0.569141 0.493056 0.016406 0.016667
0 0.553125 0.515972 0.017188 0.018056
0 0.439844 0.511111 0.017188 0.016667
0 0.426172 0.443056 0.019531 0.016667
0 0.412891 0.487500 0.016406 0.016667
0 0.324219 0.442361 0.020312 0.018056
0 0.289844 0.463889 0.020312 0.019444
0 0.298438 0.504861 0.015625 0.015278
0 0.237891 0.454861 0.019531 0.018056
0 0.219531 0.523611 0.017188 0.016667
0 0.146484 0.494444 0.016406 0.013889
0 0.091797 0.445139 0.017969 0.015278
0 0.085156 0.494444 0.018750 0.016667
0 0.045313 0.448611 0.025000 0.022222
0 0.011328 0.486806 0.017969 0.018056
