0 0.012500 0.407639 0.021875 0.015278
0 0.017188 0.452083 0.018750 0.015278
0 0.056250 0.422222 0.018750 0.013889
0 0.062109 0.472917 0.017969 0.018056
0 0.051562 0.495833 0.018750 0.016667
0 0.109766 0.436806 0.019531 0.015278
0 0.131641 0.459722 0.021094 0.016667
0 0.142969 0.503472 0.018750 0.015278
0 0.164453 0.486111 0.021094 0.016667
0 0.182031 0.426389 0.020312 0.019444
0 0.194141 0.384722 0.016406 0.016667
0 0.195703 0.290278 0.017969 0.016667
0 0.258984 0.339583 0.017969 0.015278
0 0.223438 0.513889 0.018750 0.019444
0 0.256250 0.506250 0.020312 0.020833
0 0.317578 0.516667 0.021094 0.019444
0 0.337500 0.491667 0.021875 0.019444
0 0.353516 0.429861 0.019531 0.015278
0 0.416797 0.374306 0.021094 0.020833
0 0.415234 0.459028 0.019531 0.015278
0 0.395312 0.479167 0.018750 0.019444
0 0.454688 0.529167 0.018750 0.019444
0 0.467187 0.504167 0.021875 0.016667
0 0.485938 0.400000 0.018750 0.016667
0 0.489062 0.355556 0.017188 0.016667
0 0.499219 0.377778 0.018750 0.016667
0 0.511328 0.440972 0.019531 0.020833
0 0.575000 0.311806 0.018750 0.015278
0 0.563672 0.488194 0.021094 0.018056
0 0.580078 0.468750 0.021094 0.018056
0 0.622266 0.509028 0.019531 0.018056
0 0.639453 0.444444 0.022656 0.016667
0 0.648828 0.380556 0.021094 0.016667
0 0.706641 0.464583 0.017969 0.018056
0 0.671484 0.538194 0.017969 0.018056
0 0.713672 0.520139 0.017969 0.018056
0 0.771094 0.511806 0.018750 0.018056
0 0.796875 0.487500 0.021875 0.019444
0 0.822266 0.536111 0.021094 0.019444
2 0.898828 0.506944 0.050781 0.019444
0 0.912109 0.444444 0.019531 0.016667
0 0.975781 0.325694 0.021875 0.015278
0 0.874219 0.304861 0.018750 0.018056
0 0.762500 0.309028 0.017188 0.018056
0 0.832422 0.381944 0.021094 0.022222
0 0.721094 0.336111 0.018750 0.016667
0 0.717969 0.384722 0.018750 0.019444
0 0.918359 0.485417 0.019531 0.018056
