0 0.026953 0.434722 0.021094 0.019444
0 0.026563 0.371528 0.018750 0.018056
0 0.083594 0.352778 0.018750 0.022222
0 0.108984 0.372917 0.019531 0.015278
0 0.108594 0.394444 0.014062 0.016667
0 0.128125 0.522222 0.021875 0.022222
0 0.167187 0.340972 0.017188 0.015278
0 0.209766 0.354861 0.017969 0.018056
0 0.212891 0.465972 0.014844 0.015278
0 0.305859 0.532639 0.017969 0.018056
0 0.311328 0.350000 0.016406 0.016667
0 0.321484 0.379861 0.017969 0.018056
0 0.374609 0.338889 0.019531 0.019444
0 0.368750 0.359722 0.021875 0.019444
0 0.433984 0.311806 0.016406 0.015278
0 0.436719 0.358333 0.020312 0.019444
0 0.437500 0.384028 0.018750 0.018056
0 0.442578 0.406944 0.017969 0.019444
0 0.449609 0.471528 0.019531 0.018056
0 0.375000 0.447222 0.018750 0.019444
0 0.386328 0.536806 0.019531 0.020833
0 0.536719 0.539583 0.021875 0.023611
0 0.646094 0.538194 0.018750 0.018056
0 0.613672 0.441667 0.017969 0.019444
0 0.604688 0.404167 0.017188 0.016667
0 0.530078 0.327083 0.016406 0.015278
0 0.571094 0.363889 0.015625 0.016667
0 0.600781 0.318750 0.018750 0.015278
0 0.641797 0.358333 0.021094 0.019444
0 0.639844 0.385417 0.021875 0.018056
0 0.697656 0.358333 0.018750 0.019444
0 0.704687 0.381250 0.017188 0.015278
0 0.717578 0.404167 0.017969 0.016667
0 0.725000 0.332639 0.018750 0.015278
0 0.745313 0.302083 0.017188 0.018056
0 0.767578 0.352778 0.014844 0.013889
0 0.803125 0.397222 0.020312 0.016667
0 0.820313 0.324306 0.018750 0.018056
0 0.839063 0.352778 0.023438 0.016667
0 0.941016 0.365278 0.021094 0.019444
0 0.935938 0.390278 0.020312 0.019444
0 0.972656 0.338889 0.021875 0.019444
0 0.967188 0.315278 0.020312 0.016667
0 0.988672 0.425694 0.016406 0.020833
0 0.892187 0.479861 0.017188 0.020833
0 0.830078 0.531250 0.019531 0.018056
0 0.792188 0.486111 0.020312 0.019444
