0 0.053906 0.293750 0.017188 0.018056
0 0.127344 0.329861 0.017188 0.018056
0 0.155469 0.394444 0.017188 0.016667
0 0.187891 0.353472 0.017969 0.020833
0 0.283984 0.478472 0.019531 0.015278
0 0.364844 0.382639 0.017188 0.018056
0 0.366797 0.361111 0.019531 0.022222
0 0.483203 0.379861 0.019531 0.018056
0 0.494922 0.404861 0.014844 0.015278
0 0.550391 0.379167 0.017969 0.016667
0 0.581250 0.404167 0.020312 0.016667
0 0.606641 0.357639 0.021094 0.020833
0 0.648438 0.402778 0.017188 0.013889
0 0.667969 0.379861 0.017188 0.018056
0 0.699609 0.352778 0.017969 0.019444
0 0.704687 0.306944 0.018750 0.019444
0 0.740625 0.400694 0.018750 0.015278
0 0.861328 0.365278 0.022656 0.019444
0 0.918750 0.334028 0.017188 0.020833
0 0.985156 0.381250 0.018750 0.020833
0 0.882813 0.434028 0.020312 0.023611
0 0.861719 0.529167 0.018750 0.019444
0 0.778906 0.536111 0.021875 0.019444
0 0.764453 0.503472 0.021094 0.018056
0 0.788672 0.458333 0.021094 0.019444
0 0.653906 0.443056 0.018750 0.016667
0 0.591797 0.513889 0.016406 0.019444
0 0.614453 0.542361 0.021094 0.018056
