0 0.041406 0.500000 0.020312 0.019444
0 0.070703 0.456250 0.017969 0.015278
0 0.036719 0.331250 0.018750 0.018056
0 0.044141 0.311806 0.019531 0.015278
0 0.063281 0.288889 0.020312 0.019444
0 0.153125 0.316667 0.018750 0.019444
0 0.201172 0.298611 0.016406 0.016667
0 0.299219 0.435417 0.020312 0.018056
0 0.366016 0.400000 0.019531 0.019444
0 0.415625 0.308333 0.012500 0.016667
0 0.442187 0.380556 0.018750 0.016667
0 0.473047 0.443750 0.017969 0.018056
0 0.466016 0.529167 0.016406 0.016667
0 0.520703 0.506944 0.019531 0.019444
0 0.587500 0.535417 0.020312 0.020833
0 0.601563 0.466667 0.020312 0.019444
0 0.646875 0.383333 0.020312 0.019444
0 0.711719 0.315278 0.021875 0.013889
0 0.776172 0.445833 0.017969 0.013889
0 0.705469 0.540972 0.018750 0.015278
0 0.808203 0.503472 0.019531 0.015278
0 0.833984 0.378472 0.017969 0.018056
0 0.861328 0.348611 0.017969 0.016667
0 0.919141 0.476389 0.019531 0.016667
0 0.981250 0.503472 0.020312 0.020833
0 0.960938 0.438194 0.020312 0.015278
0 0.953125 0.395833 0.020312 0.016667
0 0.973437 0.348611 0.020312 0.019444
