0 0.017578 0.276389 0.017969 0.016667
0 0.019922 0.450000 0.022656 0.016667
0 0.042578 0.493750 0.021094 0.018056
0 0.066406 0.475694 0.020312 0.018056
0 0.060156 0.413889 0.020312 0.016667
0 0.054297 0.370139 0.022656 0.015278
0 0.102734 0.329861 0.021094 0.020833
0 0.128906 0.437500 0.020312 0.013889
0 0.141016 0.475694 0.021094 0.018056
0 0.191797 0.339583 0.017969 0.018056
0 0.185156 0.438889 0.017188 0.019444
0 0.169141 0.506250 0.017969 0.018056
0 0.200000 0.465972 0.018750 0.018056
0 0.215625 0.423611 0.021875 0.016667
0 0.244531 0.365278 0.018750 0.016667
0 0.249609 0.338194 0.017969 0.012500
0 0.248828 0.300000 0.019531 0.016667
0 0.293750 0.493056 0.018750 0.019444
0 0.353516 0.348611 0.017969 0.016667
0 0.335938 0.479861 0.017188 0.018056
0 0.364844 0.522917 0.018750 0.015278
0 0.400781 0.479167 0.020312 0.013889
0 0.427344 0.326389 0.017188 0.013889
0 0.479297 0.442361 0.021094 0.020833
0 0.489062 0.504167 0.017188 0.016667
0 0.501953 0.530556 0.017969 0.019444
0 0.559766 0.308333 0.019531 0.016667
0 0.634766 0.404167 0.021094 0.016667
0 0.651563 0.356250 0.021875 0.018056
0 0.611328 0.450000 0.021094 0.019444
0 0.631641 0.486806 0.019531 0.018056
2 0.613281 0.509028 0.046875 0.023611
0 0.603516 0.534028 0.017969 0.015278
0 0.692969 0.466667 0.018750 0.013889
0 0.749609 0.541667 0.017969 0.016667
0 0.823047 0.377778 0.021094 0.019444
0 0.879687 0.486806 0.020312 0.018056
0 0.896484 0.348611 0.017969 0.016667
0 0.964063 0.370833 0.023438 0.016667
0 0.985937 0.395139 0.026563 0.023611
0 0.530469 0.484028 0.018750 0.018056
