0 0.056641 0.304861 0.017969 0.020833
0 0.062891 0.347222 0.017969 0.016667
0 0.050000 0.368750 0.018750 0.015278
0 0.102344 0.392361 0.017188 0.018056
0 0.116406 0.374306 0.014062 0.018056
0 0.135547 0.348611 0.016406 0.016667
0 0.198828 0.311111 0.016406 0.016667
0 0.181250 0.395139 0.018750 0.015278
0 0.230859 0.334028 0.017969 0.018056
0 0.225391 0.359028 0.017969 0.018056
0 0.287109 0.309722 0.014844 0.019444
0 0.262891 0.398611 0.014844 0.016667
0 0.322266 0.359722 0.013281 0.016667
0 0.104687 0.439583 0.018750 0.020833
0 0.073828 0.495139 0.019531 0.018056
0 0.239844 0.440972 0.017188 0.018056
0 0.254687 0.502778 0.018750 0.016667
0 0.259766 0.528472 0.019531 0.018056
0 0.307813 0.529167 0.018750 0.022222
0 0.358984 0.445833 0.019531 0.016667
0 0.358984 0.385417 0.016406 0.018056
0 0.378516 0.363889 0.019531 0.016667
0 0.425000 0.406250 0.021875 0.018056
0 0.451953 0.324306 0.017969 0.020833
0 0.486719 0.363194 0.020312 0.015278
0 0.457031 0.446528 0.020312 0.020833
0 0.442969 0.468750 0.017188 0.018056
0 0.441406 0.511111 0.020312 0.016667
0 0.444922 0.537500 0.017969 0.019444
0 0.516016 0.314583 0.017969 0.015278
0 0.554297 0.334722 0.017969 0.016667
0 0.597656 0.309028 0.015625 0.015278
0 0.628906 0.334028 0.017188 0.018056
0 0.603125 0.386111 0.017188 0.016667
0 0.592969 0.490972 0.018750 0.020833
0 0.631641 0.535417 0.021094 0.015278
0 0.670703 0.406250 0.019531 0.015278
0 0.698828 0.314583 0.019531 0.018056
0 0.723047 0.361806 0.021094 0.018056
0 0.701563 0.447917 0.020312 0.020833
0 0.816016 0.333333 0.017969 0.016667
0 0.804688 0.400000 0.020312 0.016667
0 0.853906 0.320833 0.018750 0.016667
0 0.869531 0.352083 0.020312 0.020833
0 0.930078 0.322222 0.017969 0.022222
0 0.967578 0.365972 0.017969 0.018056
0 0.921094 0.457639 0.015625 0.015278
0 0.906641 0.530556 0.016406 0.019444
0 0.827344 0.536111 0.021875 0.019444
