0 0.032031 0.326389 0.018750 0.016667
0 0.041406 0.375000 0.017188 0.016667
0 0.051172 0.421528 0.017969 0.018056
0 0.033594 0.480556 0.020312 0.019444
0 0.076172 0.463194 0.016406 0.015278
0 0.097266 0.505556 0.017969 0.016667
0 0.101563 0.419444 0.018750 0.016667
0 0.101953 0.339583 0.017969 0.018056
0 0.133203 0.316667 0.019531 0.019444
0 0.148438 0.384028 0.017188 0.018056
0 0.132813 0.441667 0.018750 0.016667
0 0.176563 0.300000 0.017188 0.013889
0 0.189844 0.346528 0.018750 0.018056
0 0.227344 0.372222 0.018750 0.016667
0 0.220313 0.471528 0.018750 0.020833
0 0.205469 0.513194 0.017188 0.018056
0 0.282031 0.499306 0.020312 0.020833
0 0.330469 0.307639 0.023438 0.020833
0 0.336719 0.377083 0.020312 0.018056
0 0.344531 0.463194 0.020312 0.018056
0 0.325391 0.525694 0.022656 0.018056
0 0.409375 0.507639 0.021875 0.020833
0 0.420312 0.441667 0.018750 0.019444
0 0.438281 0.381944 0.020312 0.019444
0 0.464453 0.337500 0.019531 0.016667
0 0.476563 0.363889 0.018750 0.016667
0 0.546094 0.384722 0.018750 0.013889
0 0.619141 0.328472 0.017969 0.018056
0 0.726563 0.354861 0.020312 0.018056
0 0.746875 0.311111 0.015625 0.011111
0 0.691016 0.406250 0.021094 0.018056
0 0.472656 0.531250 0.018750 0.018056
0 0.486328 0.509028 0.016406 0.018056
0 0.514063 0.490278 0.020312 0.016667
0 0.508594 0.465278 0.018750 0.019444
0 0.530859 0.447917 0.017969 0.018056
0 0.582422 0.540972 0.021094 0.015278
0 0.634766 0.490972 0.017969 0.018056
0 0.673828 0.540972 0.017969 0.015278
0 0.694922 0.517361 0.017969 0.018056
0 0.721484 0.490972 0.019531 0.015278
0 0.762891 0.405556 0.021094 0.019444
0 0.816016 0.336111 0.019531 0.022222
0 0.830078 0.379861 0.019531 0.018056
0 0.858203 0.354861 0.021094 0.018056
0 0.858984 0.403472 0.019531 0.015278
0 0.846875 0.491667 0.020312 0.019444
0 0.855469 0.536111 0.018750 0.019444
0 0.932031 0.530556 0.020312 0.016667
0 0.931250 0.484028 0.020312 0.018056
0 0.908984 0.299306 0.019531 0.015278
0 0.933594 0.333333 0.025000 0.016667
