0 0.087500 0.290278 0.018750 0.019444
0 0.137500 0.383333 0.017188 0.019444
0 0.169922 0.426389 0.016406 0.013889
0 0.207422 0.365972 0.016406 0.020833
0 0.215625 0.320833 0.020312 0.016667
0 0.255469 0.347222 0.020312 0.016667
0 0.275781 0.302778 0.023438 0.016667
0 0.354688 0.327083 0.018750 0.018056
0 0.407813 0.319444 0.018750 0.019444
0 0.280078 0.486111 0.021094 0.019444
0 0.262891 0.517361 0.016406 0.015278
0 0.378906 0.459722 0.020312 0.019444
0 0.404687 0.527083 0.020312 0.015278
0 0.490625 0.441667 0.015625 0.016667
0 0.514063 0.536111 0.017188 0.016667
0 0.569141 0.406944 0.019531 0.016667
0 0.618750 0.325694 0.012500 0.012500
0 0.662500 0.383333 0.017188 0.016667
0 0.669531 0.443056 0.020312 0.016667
0 0.614062 0.494444 0.017188 0.016667
0 0.720312 0.491667 0.017188 0.016667
0 0.797266 0.511111 0.019531 0.016667
0 0.811719 0.463889 0.021875 0.016667
0 0.869922 0.375000 0.021094 0.016667
0 0.902344 0.301389 0.018750 0.019444
0 0.963281 0.482639 0.020312 0.015278
0 0.955078 0.527083 0.019531 0.015278
