0 0.019531 0.302083 0.017188 0.015278
0 0.054297 0.362500 0.017969 0.016667
0 0.089844 0.308333 0.014062 0.019444
0 0.162891 0.360417 0.017969 0.015278
0 0.193359 0.343056 0.016406 0.016667
0 0.248828 0.343056 0.017969 0.016667
0 0.299219 0.370833 0.017188 0.013889
0 0.312109 0.323611 0.017969 0.019444
0 0.334375 0.342361 0.018750 0.015278
0 0.384766 0.325694 0.017969 0.018056
0 0.386328 0.375000 0.017969 0.013889
0 0.396484 0.397222 0.017969 0.019444
0 0.461719 0.327083 0.012500 0.012500
0 0.511719 0.356250 0.015625 0.018056
0 0.528906 0.332639 0.017188 0.018056
0 0.589453 0.334722 0.011719 0.016667
0 0.637891 0.334722 0.017969 0.019444
0 0.717188 0.358333 0.017188 0.016667
0 0.710938 0.381944 0.020312 0.019444
0 0.717969 0.404861 0.018750 0.015278
0 0.821875 0.307639 0.020312 0.015278
0 0.844922 0.334028 0.019531 0.015278
0 0.908594 0.331250 0.018750 0.015278
0 0.920313 0.356944 0.020312 0.013889
0 0.960938 0.533333 0.020312 0.016667
0 0.884375 0.534722 0.021875 0.019444
0 0.817969 0.533333 0.021875 0.019444
0 0.818359 0.463889 0.019531 0.019444
0 0.674219 0.443750 0.018750 0.015278
0 0.626172 0.507639 0.017969 0.020833
0 0.595312 0.534722 0.020312 0.016667
0 0.496094 0.507639 0.018750 0.020833
0 0.461328 0.531250 0.017969 0.018056
0 0.435156 0.443056 0.021875 0.022222
0 0.315625 0.434722 0.020312 0.019444
0 0.402344 0.459028 0.014062 0.015278
0 0.285547 0.455556 0.019531 0.019444
0 0.278906 0.514583 0.020312 0.020833
0 0.196875 0.509028 0.018750 0.018056
0 0.151562 0.486111 0.018750 0.019444
0 0.150781 0.443750 0.020312 0.020833
