0 0.011719 0.477778 0.017188 0.016667
2 0.076172 0.478472 0.052344 0.023611
0 0.075000 0.415278 0.017188 0.016667
0 0.105078 0.288194 0.017969 0.015278
0 0.126563 0.463194 0.017188 0.018056
0 0.200781 0.319444 0.018750 0.019444
0 0.202344 0.385417 0.015625 0.015278
0 0.283594 0.326389 0.017188 0.016667
0 0.292578 0.376389 0.017969 0.016667
0 0.331641 0.303472 0.016406 0.015278
0 0.349609 0.356250 0.017969 0.015278
0 0.382031 0.329167 0.020312 0.019444
0 0.269531 0.472222 0.018750 0.016667
0 0.298047 0.499306 0.021094 0.018056
0 0.306641 0.457639 0.019531 0.015278
0 0.304688 0.434028 0.018750 0.015278
0 0.336328 0.477083 0.016406 0.015278
0 0.391016 0.497222 0.019531 0.016667
0 0.440625 0.352083 0.015625 0.018056
0 0.472266 0.443056 0.021094 0.016667
0 0.467969 0.509028 0.020312 0.018056
0 0.530469 0.533333 0.018750 0.013889
0 0.537500 0.360417 0.017188 0.015278
0 0.564844 0.502778 0.018750 0.016667
0 0.611719 0.448611 0.018750 0.016667
0 0.613281 0.385417 0.015625 0.015278
0 0.653516 0.347222 0.017969 0.013889
0 0.639063 0.545139 0.020312 0.018056
0 0.696484 0.470833 0.016406 0.016667
0 0.742578 0.407639 0.021094 0.015278
0 0.741016 0.456250 0.019531 0.018056
0 0.790625 0.355556 0.020312 0.013889
0 0.803125 0.381944 0.017188 0.013889
0 0.793359 0.511806 0.019531 0.015278
0 0.788672 0.539583 0.019531 0.015278
0 0.875781 0.350000 0.018750 0.016667
0 0.921484 0.331250 0.019531 0.018056
0 0.971484 0.354167 0.019531 0.019444
0 0.907812 0.441667 0.018750 0.016667
0 0.880078 0.464583 0.021094 0.018056
0 0.894531 0.505556 0.018750 0.016667
0 0.974219 0.463194 0.021875 0.015278
0 0.972266 0.534028 0.019531 0.018056
