0 0.049219 0.325694 0.018750 0.015278
0 0.106250 0.333333 0.018750 0.013889
0 0.144141 0.289583 0.017969 0.015278
0 0.152344 0.350694 0.017188 0.020833
0 0.200000 0.344444 0.018750 0.016667
2 0.225391 0.366667 0.021094 0.019444
0 0.252344 0.323611 0.017188 0.016667
0 0.317578 0.372917 0.017969 0.018056
0 0.350781 0.347917 0.017188 0.015278
0 0.391406 0.328472 0.012500 0.015278
0 0.402734 0.352778 0.016406 0.016667
0 0.468750 0.343056 0.017188 0.016667
0 0.586719 0.312500 0.018750 0.016667
0 0.600000 0.384722 0.014062 0.013889
0 0.617188 0.362500 0.017188 0.016667
0 0.673437 0.405556 0.020312 0.013889
0 0.657031 0.334028 0.018750 0.015278
0 0.693750 0.363194 0.018750 0.015278
0 0.055078 0.453472 0.021094 0.018056
0 0.052734 0.474306 0.019531 0.015278
0 0.134375 0.482639 0.015625 0.018056
0 0.148828 0.457639 0.021094 0.018056
0 0.167969 0.420833 0.017188 0.013889
0 0.279687 0.495833 0.017188 0.016667
0 0.317969 0.522222 0.015625 0.016667
0 0.417188 0.527083 0.017188 0.015278
0 0.548047 0.445833 0.017969 0.016667
0 0.569531 0.540278 0.018750 0.016667
0 0.645312 0.490278 0.017188 0.016667
0 0.641406 0.532639 0.018750 0.015278
0 0.689453 0.543056 0.017969 0.013889
0 0.734375 0.446528 0.014062 0.018056
0 0.726563 0.330556 0.017188 0.016667
0 0.786719 0.306250 0.018750 0.018056
0 0.799609 0.336806 0.017969 0.018056
0 0.814844 0.356944 0.021875 0.013889
0 0.926953 0.331250 0.019531 0.018056
0 0.937109 0.353472 0.017969 0.018056
0 0.980859 0.356944 0.021094 0.019444
0 0.922266 0.382639 0.022656 0.015278
0 0.950000 0.497222 0.020312 0.016667
0 0.851953 0.540972 0.021094 0.015278
0 0.774609 0.544444 0.017969 0.022222
