0 0.025000 0.457639 0.021875 0.020833
0 0.038672 0.329167 0.019531 0.016667
0 0.072266 0.286806 0.019531 0.020833
0 0.143750 0.315278 0.018750 0.016667
0 0.129297 0.421528 0.019531 0.018056
0 0.137109 0.468056 0.021094 0.022222
0 0.136719 0.503472 0.018750 0.020833
0 0.177734 0.293750 0.016406 0.018056
0 0.181641 0.449306 0.016406 0.015278
0 0.214062 0.363889 0.018750 0.016667
0 0.234766 0.324306 0.014844 0.018056
0 0.302344 0.299306 0.017188 0.018056
0 0.317969 0.444444 0.018750 0.016667
0 0.341797 0.493750 0.019531 0.020833
0 0.364844 0.398611 0.020312 0.019444
0 0.381250 0.306944 0.017188 0.019444
0 0.409766 0.404167 0.017969 0.019444
0 0.434375 0.472917 0.018750 0.020833
0 0.426953 0.506944 0.019531 0.016667
0 0.449609 0.379861 0.014844 0.018056
0 0.459375 0.314583 0.018750 0.015278
0 0.519922 0.320139 0.017969 0.020833
0 0.498047 0.357639 0.019531 0.018056
0 0.497266 0.405556 0.019531 0.016667
0 0.542188 0.397222 0.017188 0.022222
0 0.548828 0.447222 0.017969 0.019444
0 0.540234 0.470139 0.017969 0.015278
0 0.521484 0.512500 0.017969 0.016667
0 0.565625 0.538889 0.020312 0.016667
0 0.610937 0.516667 0.021875 0.019444
0 0.625000 0.475694 0.014062 0.018056
0 0.632813 0.386111 0.020312 0.016667
0 0.637500 0.361111 0.020312 0.016667
0 0.705859 0.338194 0.019531 0.020833
0 0.725000 0.386806 0.018750 0.018056
0 0.701563 0.409722 0.020312 0.019444
0 0.681250 0.495139 0.023438 0.018056
0 0.764844 0.490278 0.021875 0.016667
0 0.840625 0.408333 0.023438 0.016667
0 0.851172 0.513194 0.019531 0.018056
0 0.894922 0.473611 0.021094 0.019444
0 0.902734 0.334028 0.021094 0.023611
0 0.942187 0.378472 0.023438 0.015278
