0 0.066016 0.286806 0.014844 0.015278
0 0.025391 0.375000 0.021094 0.016667
0 0.086719 0.359028 0.020312 0.020833
0 0.048828 0.460417 0.019531 0.020833
0 0.240625 0.496528 0.014062 0.015278
0 0.305078 0.370833 0.019531 0.019444
0 0.407031 0.328472 0.018750 0.020833
0 0.454297 0.389583 0.019531 0.018056
0 0.494531 0.357639 0.015625 0.015278
0 0.558984 0.402083 0.017969 0.018056
0 0.607813 0.357639 0.017188 0.015278
0 0.658203 0.363194 0.017969 0.015278
0 0.737891 0.384722 0.021094 0.016667
0 0.803125 0.334722 0.020312 0.016667
0 0.791797 0.385417 0.017969 0.018056
0 0.873047 0.377083 0.017969 0.018056
0 0.886719 0.402083 0.021875 0.015278
0 0.929297 0.326389 0.022656 0.016667
0 0.985547 0.458333 0.022656 0.019444
0 0.810547 0.447917 0.021094 0.018056
0 0.923437 0.506250 0.020312 0.015278
0 0.892187 0.536111 0.020312 0.016667
0 0.803516 0.537500 0.014844 0.016667
0 0.451172 0.484722 0.019531 0.013889
0 0.375391 0.528472 0.021094 0.020833
