0 0.086328 0.312500 0.019531 0.019444
0 0.132031 0.293056 0.018750 0.016667
0 0.145703 0.462500 0.019531 0.013889
0 0.108984 0.507639 0.021094 0.018056
0 0.297656 0.394444 0.018750 0.019444
0 0.347266 0.302778 0.013281 0.013889
0 0.371094 0.379167 0.020312 0.019444
0 0.399609 0.443056 0.019531 0.016667
0 0.535156 0.532639 0.015625 0.012500
0 0.577344 0.381944 0.018750 0.016667
0 0.574609 0.447222 0.021094 0.013889
0 0.600000 0.509722 0.020312 0.019444
0 0.651172 0.316667 0.021094 0.016667
0 0.648828 0.536806 0.019531 0.015278
0 0.676562 0.466667 0.020312 0.019444
0 0.771094 0.539583 0.018750 0.020833
0 0.761328 0.384028 0.019531 0.018056
0 0.787891 0.353472 0.017969 0.018056
0 0.871484 0.502083 0.017969 0.015278
0 0.876953 0.443056 0.017969 0.016667
0 0.873438 0.400000 0.020312 0.019444
0 0.900781 0.351389 0.018750 0.016667
0 0.941016 0.371528 0.019531 0.018056
0 0.974219 0.346528 0.021875 0.015278
0 0.982813 0.468056 0.018750 0.019444
