0 0.019531 0.348611 0.017188 0.019444
0 0.073437 0.372222 0.018750 0.019444
0 0.058984 0.462500 0.016406 0.019444
0 0.155078 0.511111 0.017969 0.016667
0 0.204297 0.438889 0.014844 0.013889
0 0.176563 0.333333 0.017188 0.016667
0 0.222656 0.333333 0.017188 0.016667
0 0.219531 0.399306 0.017188 0.018056
0 0.274219 0.312500 0.018750 0.016667
0 0.274219 0.358333 0.020312 0.019444
0 0.355469 0.312500 0.018750 0.016667
0 0.361328 0.381250 0.017969 0.018056
0 0.353125 0.403472 0.021875 0.020833
0 0.392969 0.340278 0.017188 0.016667
0 0.430469 0.359722 0.017188 0.013889
0 0.421094 0.404167 0.020312 0.016667
0 0.459375 0.331250 0.021875 0.015278
0 0.526563 0.313194 0.017188 0.018056
0 0.535937 0.382639 0.017188 0.015278
0 0.541797 0.404167 0.017969 0.013889
0 0.628516 0.382639 0.019531 0.015278
0 0.639063 0.404167 0.017188 0.013889
0 0.697656 0.374306 0.018750 0.015278
0 0.710156 0.400000 0.020312 0.016667
0 0.736719 0.370833 0.012500 0.016667
0 0.756641 0.315278 0.017969 0.013889
0 0.790234 0.372917 0.019531 0.018056
0 0.801562 0.348611 0.023438 0.019444
0 0.876172 0.324306 0.017969 0.018056
0 0.878125 0.364583 0.020312 0.018056
0 0.914453 0.337500 0.021094 0.016667
0 0.946875 0.314583 0.020312 0.020833
0 0.969922 0.272917 0.021094 0.018056
0 0.856250 0.498611 0.020312 0.019444
0 0.752734 0.529861 0.017969 0.015278
0 0.692187 0.443750 0.020312 0.020833
0 0.646875 0.467361 0.020312 0.015278
0 0.562891 0.468750 0.019531 0.015278
0 0.578125 0.510417 0.020312 0.018056
0 0.458594 0.488194 0.018750 0.015278
0 0.452344 0.511111 0.017188 0.016667
0 0.310937 0.531944 0.018750 0.016667
