0 0.120312 0.486111 0.015625 0.013889
0 0.160938 0.385417 0.018750 0.015278
0 0.208594 0.297222 0.014062 0.013889
0 0.227734 0.368750 0.019531 0.018056
0 0.241797 0.517361 0.019531 0.018056
0 0.296875 0.475694 0.020312 0.020833
0 0.440625 0.377778 0.018750 0.016667
0 0.529688 0.329861 0.020312 0.018056
0 0.602344 0.450000 0.018750 0.019444
0 0.610937 0.386111 0.020312 0.016667
0 0.641016 0.356250 0.016406 0.018056
0 0.714844 0.403472 0.018750 0.020833
0 0.753906 0.356250 0.018750 0.015278
0 0.798047 0.369444 0.017969 0.016667
0 0.860547 0.366667 0.021094 0.022222
0 0.933203 0.327083 0.021094 0.020833
0 0.932031 0.375694 0.018750 0.015278
0 0.907422 0.538889 0.019531 0.019444
0 0.830859 0.466667 0.021094 0.022222
0 0.783203 0.447222 0.019531 0.019444
0 0.761328 0.509722 0.021094 0.019444
0 0.769531 0.538889 0.018750 0.019444
0 0.669531 0.537500 0.015625 0.019444
