0 0.009375 0.370139 0.018750 0.015278
0 0.010937 0.391667 0.015625 0.013889
0 0.031250 0.325694 0.018750 0.015278
0 0.035156 0.435417 0.020312 0.018056
0 0.080078 0.309722 0.017969 0.013889
0 0.098438 0.372222 0.015625 0.013889
0 0.093359 0.395139 0.017969 0.018056
0 0.125781 0.349306 0.017188 0.015278
0 0.148828 0.331250 0.021094 0.018056
0 0.159766 0.397222 0.017969 0.016667
0 0.126172 0.461111 0.019531 0.016667
0 0.130078 0.524306 0.017969 0.018056
0 0.229687 0.334722 0.015625 0.016667
0 0.250781 0.381250 0.017188 0.018056
0 0.232812 0.442361 0.018750 0.015278
0 0.363281 0.383333 0.017188 0.013889
0 0.389844 0.318056 0.017188 0.013889
0 0.448828 0.323611 0.019531 0.016667
0 0.462109 0.404167 0.021094 0.013889
0 0.514453 0.363194 0.021094 0.015278
0 0.549609 0.334028 0.013281 0.015278
0 0.475000 0.460417 0.018750 0.015278
0 0.489453 0.490972 0.016406 0.015278
0 0.522656 0.444444 0.018750 0.013889
0 0.601953 0.542361 0.019531 0.015278
0 0.585156 0.403472 0.018750 0.015278
0 0.658594 0.488194 0.018750 0.015278
0 0.666797 0.352778 0.019531 0.019444
0 0.728516 0.440278 0.019531 0.016667
0 0.764844 0.346528 0.020312 0.018056
0 0.830078 0.338194 0.021094 0.015278
0 0.806641 0.372222 0.019531 0.016667
0 0.850781 0.366667 0.020312 0.019444
0 0.963281 0.336111 0.018750 0.019444
0 0.952344 0.385417 0.018750 0.015278
0 0.959375 0.423611 0.021875 0.013889
0 0.950000 0.451389 0.020312 0.016667
0 0.893750 0.475000 0.020312 0.016667
0 0.462109 0.384028 0.021094 0.018056
0 0.516406 0.468750 0.021875 0.018056
