0 0.058594 0.345833 0.020312 0.019444
0 0.088672 0.323611 0.019531 0.019444
0 0.086719 0.435417 0.020312 0.018056
0 0.019531 0.477083 0.014062 0.018056
0 0.076563 0.513889 0.014062 0.019444
0 0.134766 0.458333 0.017969 0.016667
0 0.174609 0.436111 0.019531 0.016667
0 0.175781 0.496528 0.015625 0.015278
0 0.171484 0.304861 0.017969 0.018056
0 0.179688 0.354861 0.018750 0.018056
0 0.205469 0.312500 0.015625 0.016667
0 0.209766 0.375694 0.016406 0.012500
0 0.211719 0.398611 0.020312 0.016667
0 0.284766 0.306250 0.016406 0.018056
0 0.317187 0.313194 0.015625 0.015278
0 0.344922 0.361111 0.019531 0.016667
0 0.268750 0.437500 0.018750 0.013889
0 0.273438 0.481944 0.017188 0.016667
0 0.323828 0.509028 0.016406 0.018056
0 0.371094 0.401389 0.017188 0.016667
0 0.387500 0.311111 0.018750 0.016667
0 0.408984 0.486111 0.017969 0.019444
0 0.437891 0.513889 0.019531 0.019444
0 0.457031 0.354167 0.018750 0.016667
0 0.468750 0.316667 0.020312 0.019444
0 0.487891 0.385417 0.014844 0.020833
0 0.525000 0.338194 0.014062 0.018056
0 0.560938 0.314583 0.017188 0.018056
0 0.637109 0.406250 0.021094 0.015278
0 0.591406 0.450694 0.018750 0.015278
0 0.578516 0.523611 0.017969 0.019444
0 0.617969 0.537500 0.018750 0.016667
0 0.658203 0.537500 0.019531 0.019444
0 0.672266 0.318750 0.016406 0.015278
0 0.717578 0.447222 0.017969 0.022222
0 0.749219 0.538889 0.017188 0.016667
0 0.757422 0.334028 0.019531 0.018056
0 0.778516 0.379167 0.019531 0.016667
0 0.824219 0.313194 0.018750 0.018056
0 0.870703 0.295833 0.016406 0.013889
0 0.897266 0.373611 0.019531 0.016667
0 0.930078 0.326389 0.019531 0.016667
0 0.948828 0.289583 0.017969 0.018056
0 0.960156 0.524306 0.021875 0.018056
0 0.921875 0.436111 0.018750 0.016667
0 0.889844 0.460417 0.018750 0.018056
0 0.883594 0.506250 0.020312 0.020833
0 0.826563 0.440972 0.020312 0.020833
