0 0.014844 0.348611 0.017188 0.019444
0 0.052734 0.372917 0.017969 0.018056
0 0.084766 0.331250 0.016406 0.012500
0 0.143750 0.304167 0.015625 0.013889
0 0.159375 0.332639 0.020312 0.015278
0 0.152734 0.377083 0.017969 0.015278
0 0.154687 0.399306 0.017188 0.018056
0 0.235938 0.400694 0.021875 0.015278
0 0.287500 0.332639 0.018750 0.018056
0 0.392188 0.313889 0.018750 0.019444
0 0.468359 0.361111 0.014844 0.013889
0 0.580859 0.309722 0.019531 0.016667
0 0.592578 0.359028 0.019531 0.018056
0 0.620313 0.331250 0.020312 0.018056
0 0.646875 0.379861 0.017188 0.015278
0 0.679688 0.401389 0.020312 0.016667
0 0.727734 0.350694 0.019531 0.018056
0 0.731250 0.327778 0.017188 0.016667
0 0.837891 0.365278 0.019531 0.019444
0 0.840625 0.388194 0.015625 0.015278
0 0.924609 0.310417 0.021094 0.018056
0 0.966016 0.378472 0.022656 0.015278
0 0.881250 0.429861 0.020312 0.018056
0 0.786719 0.453472 0.020312 0.015278
0 0.816406 0.479861 0.018750 0.018056
0 0.677734 0.465278 0.017969 0.016667
0 0.682031 0.531944 0.018750 0.016667
0 0.532812 0.509722 0.017188 0.016667
0 0.504297 0.456944 0.017969 0.019444
