0 0.039844 0.281250 0.017188 0.018056
0 0.011328 0.320833 0.017969 0.016667
0 0.137500 0.356250 0.014062 0.015278
0 0.148047 0.334722 0.019531 0.019444
0 0.214453 0.325694 0.016406 0.015278
0 0.200781 0.382639 0.014062 0.015278
0 0.256250 0.369444 0.018750 0.019444
0 0.266406 0.320139 0.017188 0.018056
0 0.337891 0.344444 0.017969 0.016667
0 0.338281 0.370139 0.017188 0.015278
0 0.382031 0.350000 0.017188 0.016667
0 0.436328 0.376389 0.019531 0.019444
0 0.451172 0.329167 0.019531 0.019444
0 0.467969 0.355556 0.020312 0.016667
0 0.516406 0.332639 0.015625 0.018056
0 0.506641 0.380556 0.019531 0.019444
0 0.589063 0.331944 0.014062 0.016667
0 0.630859 0.404861 0.019531 0.018056
0 0.673047 0.333333 0.017969 0.019444
0 0.707422 0.356944 0.017969 0.016667
0 0.747266 0.332639 0.013281 0.015278
0 0.801562 0.331250 0.020312 0.020833
0 0.895312 0.352778 0.020312 0.022222
0 0.915625 0.377083 0.025000 0.018056
0 0.925000 0.397222 0.020312 0.016667
0 0.907031 0.508333 0.015625 0.019444
0 0.828516 0.513889 0.021094 0.019444
0 0.812109 0.468056 0.019531 0.019444
0 0.803125 0.539583 0.020312 0.018056
0 0.716406 0.538889 0.021875 0.019444
0 0.651172 0.532639 0.021094 0.018056
0 0.574609 0.464583 0.019531 0.018056
0 0.468359 0.504167 0.019531 0.019444
0 0.419922 0.437500 0.017969 0.016667
0 0.438672 0.527083 0.021094 0.018056
0 0.332422 0.497222 0.021094 0.019444
0 0.319531 0.521528 0.017188 0.023611
0 0.218750 0.446528 0.015625 0.018056
0 0.193750 0.423611 0.021875 0.019444
0 0.077344 0.413194 0.020312 0.018056
0 0.068750 0.436111 0.020312 0.022222
0 0.114063 0.498611 0.018750 0.022222
0 0.035937 0.489583 0.018750 0.023611
