0 0.091797 0.347222 0.017969 0.016667
0 0.083203 0.372222 0.017969 0.019444
0 0.077344 0.431250 0.017188 0.018056
0 0.086328 0.454861 0.017969 0.018056
0 0.086328 0.497222 0.019531 0.016667
0 0.119922 0.329167 0.016406 0.019444
0 0.158984 0.349306 0.017969 0.015278
0 0.150000 0.395833 0.017188 0.016667
0 0.184766 0.465278 0.017969 0.016667
0 0.171875 0.525694 0.018750 0.015278
0 0.195313 0.377778 0.018750 0.016667
0 0.201172 0.307639 0.016406 0.015278
0 0.219531 0.354167 0.018750 0.019444
0 0.288281 0.334028 0.017188 0.015278
0 0.321484 0.401389 0.017969 0.022222
0 0.314844 0.443750 0.017188 0.015278
0 0.340234 0.360417 0.016406 0.018056
0 0.373047 0.319444 0.016406 0.019444
0 0.378906 0.382639 0.020312 0.020833
0 0.418750 0.361806 0.020312 0.020833
0 0.433594 0.404167 0.017188 0.013889
0 0.445313 0.382639 0.017188 0.012500
0 0.499219 0.362500 0.017188 0.016667
0 0.510547 0.313889 0.017969 0.016667
0 0.513281 0.339583 0.018750 0.018056
0 0.522266 0.407639 0.019531 0.015278
0 0.579687 0.357639 0.014062 0.012500
0 0.589453 0.320833 0.016406 0.016667
0 0.633203 0.362500 0.019531 0.016667
0 0.626953 0.403472 0.016406 0.015278
0 0.681250 0.384722 0.020312 0.019444
0 0.741016 0.309028 0.022656 0.018056
0 0.760547 0.331944 0.019531 0.019444
0 0.754687 0.359028 0.020312 0.018056
0 0.805859 0.329861 0.017969 0.018056
0 0.819922 0.397917 0.017969 0.018056
0 0.854688 0.295833 0.017188 0.016667
0 0.878906 0.324306 0.018750 0.018056
0 0.931250 0.365972 0.020312 0.018056
0 0.958594 0.320833 0.021875 0.019444
0 0.905859 0.530556 0.019531 0.016667
0 0.774609 0.535417 0.017969 0.018056
0 0.745703 0.443750 0.017969 0.015278
0 0.742969 0.469444 0.018750 0.019444
0 0.621484 0.540972 0.017969 0.015278
0 0.528516 0.470833 0.014844 0.013889
0 0.532422 0.540972 0.019531 0.015278
0 0.359766 0.531944 0.019531 0.016667
