0 0.017969 0.304861 0.017188 0.018056
0 0.023047 0.373611 0.017969 0.016667
0 0.046875 0.457639 0.020312 0.015278
0 0.064453 0.436806 0.021094 0.020833
0 0.105859 0.479167 0.014844 0.013889
0 0.170703 0.463194 0.016406 0.020833
0 0.183594 0.493750 0.020312 0.020833
0 0.225000 0.533333 0.020312 0.016667
0 0.172266 0.304167 0.016406 0.019444
0 0.199609 0.355556 0.014844 0.016667
0 0.212891 0.400694 0.017969 0.015278
0 0.273438 0.380556 0.015625 0.019444
0 0.274609 0.402778 0.016406 0.016667
0 0.270703 0.442361 0.022656 0.020833
0 0.285547 0.311806 0.016406 0.015278
0 0.296484 0.343750 0.017969 0.020833
0 0.401172 0.338194 0.016406 0.018056
0 0.397656 0.403472 0.017188 0.012500
0 0.448047 0.338889 0.016406 0.019444
0 0.459375 0.383333 0.020312 0.019444
0 0.465625 0.404167 0.017188 0.019444
0 0.485547 0.329167 0.019531 0.019444
0 0.513672 0.354861 0.017969 0.018056
0 0.480469 0.492361 0.020312 0.020833
0 0.562109 0.340972 0.017969 0.018056
0 0.583594 0.381250 0.018750 0.020833
0 0.560938 0.404861 0.020312 0.018056
0 0.557422 0.447917 0.019531 0.020833
0 0.580469 0.479167 0.020312 0.019444
0 0.623047 0.356944 0.019531 0.019444
0 0.624219 0.406944 0.021875 0.019444
0 0.662109 0.467361 0.017969 0.015278
0 0.717578 0.512500 0.016406 0.019444
0 0.746875 0.373611 0.020312 0.019444
0 0.756250 0.323611 0.020312 0.019444
0 0.851953 0.369444 0.021094 0.013889
0 0.806250 0.302083 0.020312 0.020833
0 0.896484 0.318750 0.014844 0.015278
0 0.878125 0.343750 0.018750 0.015278
0 0.912500 0.368750 0.023438 0.018056
0 0.933203 0.427083 0.021094 0.020833
0 0.951172 0.488889 0.017969 0.016667
0 0.989062 0.503472 0.018750 0.015278
0 0.905469 0.459028 0.018750 0.018056
0 0.871094 0.499306 0.018750 0.018056
0 0.864844 0.434722 0.021875 0.019444
0 0.798828 0.439583 0.019531 0.018056
0 0.826172 0.482639 0.019531 0.018056
