0 0.013281 0.284722 0.015625 0.019444
0 0.060938 0.313194 0.018750 0.018056
0 0.044922 0.354861 0.016406 0.015278
0 0.089453 0.338889 0.017969 0.016667
0 0.103125 0.313194 0.018750 0.018056
0 0.083984 0.382639 0.017969 0.020833
0 0.111328 0.363889 0.019531 0.022222
0 0.066016 0.463889 0.019531 0.019444
0 0.139844 0.443750 0.020312 0.020833
0 0.167969 0.388889 0.020312 0.019444
0 0.182812 0.324306 0.015625 0.015278
0 0.178906 0.427083 0.017188 0.015278
0 0.189063 0.451389 0.021875 0.019444
0 0.246094 0.302778 0.018750 0.016667
0 0.260547 0.335417 0.017969 0.018056
0 0.289063 0.394444 0.018750 0.022222
0 0.375000 0.333333 0.017188 0.019444
0 0.394141 0.311111 0.022656 0.022222
0 0.493359 0.309722 0.017969 0.019444
0 0.492188 0.332639 0.018750 0.018056
0 0.529688 0.359722 0.020312 0.022222
0 0.635938 0.387500 0.018750 0.019444
0 0.669922 0.317361 0.021094 0.018056
0 0.728516 0.384722 0.019531 0.016667
0 0.755078 0.334722 0.017969 0.016667
0 0.810547 0.358333 0.019531 0.019444
0 0.806641 0.384028 0.019531 0.015278
0 0.836719 0.323611 0.020312 0.022222
0 0.882031 0.334722 0.018750 0.016667
0 0.913281 0.295833 0.018750 0.022222
0 0.939844 0.322222 0.018750 0.019444
0 0.927734 0.354167 0.021094 0.019444
0 0.978516 0.336111 0.019531 0.019444
0 0.914453 0.399306 0.022656 0.018056
0 0.976563 0.534028 0.017188 0.015278
0 0.827734 0.446528 0.022656 0.018056
0 0.830469 0.538194 0.015625 0.018056
0 0.557422 0.492361 0.017969 0.020833
