0 0.011328 0.436806 0.019531 0.018056
0 0.113672 0.375000 0.017969 0.013889
0 0.125781 0.396528 0.017188 0.015278
0 0.145313 0.309722 0.018750 0.016667
0 0.207813 0.334028 0.018750 0.018056
0 0.213281 0.379861 0.020312 0.018056
0 0.268359 0.359722 0.016406 0.019444
0 0.314063 0.335417 0.015625 0.020833
0 0.290625 0.404167 0.014062 0.016667
0 0.410156 0.358333 0.020312 0.019444
0 0.502344 0.358333 0.018750 0.016667
0 0.522656 0.384028 0.018750 0.015278
0 0.550781 0.363889 0.018750 0.016667
0 0.590625 0.382639 0.020312 0.015278
0 0.623438 0.408333 0.018750 0.016667
0 0.653125 0.316667 0.020312 0.016667
0 0.687891 0.352778 0.017969 0.016667
0 0.737500 0.327778 0.020312 0.016667
0 0.818750 0.350000 0.020312 0.019444
0 0.862891 0.318056 0.019531 0.019444
0 0.918750 0.322222 0.020312 0.019444
0 0.905469 0.387500 0.021875 0.013889
0 0.973828 0.468056 0.022656 0.016667
0 0.866797 0.531944 0.019531 0.016667
0 0.839844 0.435417 0.018750 0.020833
0 0.785547 0.445833 0.022656 0.016667
0 0.747656 0.488194 0.014062 0.018056
0 0.556250 0.445139 0.020312 0.020833
0 0.472656 0.470139 0.020312 0.018056
0 0.394531 0.448611 0.023438 0.016667
0 0.394922 0.530556 0.017969 0.019444
0 0.161719 0.493750 0.021875 0.018056
0 0.750391 0.462500 0.021094 0.019444
