0 0.032031 0.333333 0.017188 0.013889
0 0.033594 0.375000 0.017188 0.013889
0 0.064844 0.454167 0.020312 0.022222
0 0.042188 0.486111 0.018750 0.019444
0 0.119531 0.342361 0.018750 0.018056
0 0.133984 0.320833 0.017969 0.016667
0 0.220703 0.370833 0.017969 0.013889
0 0.274609 0.387500 0.016406 0.013889
0 0.330469 0.332639 0.017188 0.015278
0 0.352734 0.401389 0.017969 0.016667
0 0.391016 0.383333 0.016406 0.016667
0 0.471875 0.404861 0.018750 0.018056
0 0.434766 0.315972 0.019531 0.018056
0 0.532422 0.313194 0.017969 0.018056
2 0.518750 0.359722 0.062500 0.022222
0 0.551562 0.385417 0.020312 0.015278
0 0.566406 0.407639 0.018750 0.015278
0 0.645312 0.315278 0.020312 0.013889
0 0.658594 0.338194 0.020312 0.018056
0 0.727734 0.410417 0.019531 0.020833
0 0.808984 0.403472 0.022656 0.018056
0 0.851563 0.334028 0.017188 0.015278
0 0.877734 0.302778 0.021094 0.016667
0 0.882813 0.373611 0.017188 0.019444
0 0.947266 0.349306 0.017969 0.015278
0 0.912500 0.398611 0.021875 0.019444
0 0.841016 0.532639 0.021094 0.018056
0 0.676953 0.495139 0.022656 0.018056
0 0.672266 0.516667 0.014844 0.016667
0 0.628906 0.446528 0.018750 0.018056
