0 0.044531 0.425000 0.017188 0.019444
0 0.064844 0.488194 0.020312 0.015278
0 0.067578 0.363889 0.019531 0.016667
0 0.093359 0.386111 0.014844 0.013889
0 0.161328 0.500000 0.019531 0.016667
0 0.180078 0.325694 0.016406 0.015278
0 0.204688 0.393750 0.017188 0.015278
0 0.195703 0.477778 0.019531 0.016667
0 0.247656 0.379861 0.017188 0.018056
0 0.294922 0.311806 0.021094 0.018056
0 0.316406 0.399306 0.017188 0.015278
2 0.365234 0.356250 0.061719 0.023611
0 0.396875 0.379861 0.018750 0.018056
0 0.409375 0.403472 0.017188 0.015278
0 0.404687 0.305556 0.018750 0.013889
0 0.526172 0.320139 0.021094 0.018056
0 0.563672 0.336111 0.019531 0.019444
0 0.576953 0.411111 0.021094 0.016667
0 0.658984 0.407639 0.021094 0.015278
0 0.727344 0.339583 0.015625 0.018056
0 0.774219 0.309028 0.018750 0.015278
0 0.789063 0.356944 0.015625 0.016667
0 0.763281 0.379861 0.015625 0.018056
0 0.751953 0.409028 0.022656 0.018056
0 0.871875 0.301389 0.020312 0.016667
0 0.912109 0.330556 0.021094 0.019444
0 0.916016 0.375694 0.019531 0.015278
0 0.894922 0.400694 0.021094 0.015278
0 0.978516 0.519444 0.019531 0.016667
0 0.850000 0.490278 0.020312 0.016667
0 0.833594 0.439583 0.018750 0.015278
0 0.802344 0.514583 0.015625 0.018056
