0 0.036719 0.306250 0.017188 0.018056
0 0.017578 0.366667 0.019531 0.019444
0 0.067969 0.417361 0.020312 0.020833
0 0.068750 0.459722 0.021875 0.016667
0 0.120703 0.441667 0.019531 0.019444
0 0.141016 0.464583 0.017969 0.018056
0 0.141406 0.486111 0.020312 0.019444
0 0.167578 0.339583 0.016406 0.018056
0 0.198047 0.297917 0.017969 0.018056
0 0.297266 0.300694 0.016406 0.018056
0 0.259766 0.431944 0.021094 0.019444
0 0.228516 0.493056 0.021094 0.022222
0 0.278906 0.484722 0.020312 0.022222
0 0.325391 0.467361 0.017969 0.026389
0 0.352734 0.520139 0.019531 0.018056
0 0.389062 0.434722 0.018750 0.019444
0 0.378125 0.329167 0.018750 0.019444
0 0.428906 0.399306 0.017188 0.018056
0 0.458203 0.332639 0.016406 0.018056
0 0.498437 0.309722 0.018750 0.019444
0 0.515234 0.397222 0.019531 0.019444
0 0.499219 0.446528 0.020312 0.020833
0 0.485547 0.465278 0.017969 0.019444
0 0.461719 0.535417 0.018750 0.018056
0 0.591797 0.536111 0.019531 0.019444
0 0.561719 0.327778 0.018750 0.016667
0 0.569141 0.361806 0.017969 0.018056
0 0.625781 0.339583 0.015625 0.012500
0 0.665625 0.445833 0.017188 0.016667
0 0.654297 0.470833 0.019531 0.019444
0 0.623438 0.512500 0.020312 0.016667
0 0.723047 0.510417 0.019531 0.018056
0 0.720312 0.361806 0.020312 0.018056
0 0.767969 0.470833 0.020312 0.019444
0 0.787109 0.540972 0.021094 0.020833
0 0.881641 0.542361 0.021094 0.018056
0 0.967188 0.534722 0.020312 0.019444
0 0.880859 0.469444 0.021094 0.019444
0 0.831250 0.347917 0.023438 0.018056
0 0.852734 0.379861 0.019531 0.018056
0 0.957422 0.398611 0.021094 0.016667
0 0.980859 0.348611 0.022656 0.019444
