0 0.069141 0.518750 0.021094 0.020833
0 0.075781 0.392361 0.018750 0.015278
0 0.087891 0.376389 0.017969 0.013889
0 0.136328 0.459722 0.014844 0.016667
0 0.162500 0.354861 0.018750 0.018056
0 0.171094 0.378472 0.018750 0.015278
0 0.180859 0.401389 0.014844 0.016667
0 0.230078 0.339583 0.017969 0.018056
0 0.274219 0.356250 0.020312 0.015278
0 0.287500 0.444444 0.018750 0.019444
0 0.250391 0.529167 0.022656 0.022222
0 0.326562 0.531944 0.015625 0.016667
0 0.375000 0.468750 0.018750 0.020833
0 0.367969 0.349306 0.017188 0.015278
0 0.379687 0.380556 0.018750 0.016667
0 0.421094 0.359028 0.017188 0.018056
0 0.433594 0.338889 0.020312 0.022222
0 0.494141 0.310417 0.019531 0.018056
0 0.489453 0.359028 0.017969 0.018056
0 0.496484 0.383333 0.017969 0.016667
0 0.517187 0.409028 0.018750 0.018056
0 0.589063 0.319444 0.020312 0.016667
0 0.628125 0.361806 0.017188 0.020833
0 0.652734 0.320833 0.017969 0.022222
0 0.676953 0.405556 0.021094 0.016667
0 0.693359 0.358333 0.021094 0.019444
0 0.703125 0.382639 0.023438 0.020833
0 0.745703 0.356944 0.019531 0.016667
0 0.777344 0.331944 0.018750 0.019444
0 0.766406 0.376389 0.015625 0.016667
0 0.788281 0.400694 0.018750 0.015278
0 0.799219 0.298611 0.018750 0.013889
0 0.820703 0.350000 0.017969 0.016667
0 0.879687 0.320833 0.018750 0.016667
0 0.888281 0.345833 0.021875 0.019444
0 0.875781 0.391667 0.021875 0.022222
0 0.910156 0.431944 0.015625 0.019444
0 0.961328 0.521528 0.017969 0.020833
0 0.805859 0.486111 0.017969 0.019444
0 0.702344 0.489583 0.020312 0.018056
0 0.764063 0.535417 0.021875 0.018056
0 0.582031 0.536111 0.017188 0.019444
0 0.518750 0.444444 0.020312 0.013889
0 0.476563 0.538889 0.018750 0.019444
