0 0.064844 0.316667 0.014062 0.019444
0 0.076953 0.386111 0.017969 0.019444
0 0.095312 0.293750 0.015625 0.015278
0 0.110937 0.343056 0.018750 0.016667
0 0.178125 0.306944 0.015625 0.019444
0 0.180078 0.329861 0.017969 0.018056
0 0.188281 0.372917 0.015625 0.018056
0 0.244141 0.309722 0.021094 0.019444
0 0.327344 0.309028 0.017188 0.020833
0 0.330078 0.334722 0.016406 0.016667
0 0.429297 0.314583 0.016406 0.020833
0 0.365625 0.402778 0.021875 0.022222
0 0.474219 0.336111 0.020312 0.019444
0 0.474219 0.382639 0.020312 0.015278
0 0.622266 0.386111 0.017969 0.016667
0 0.642969 0.342361 0.018750 0.018056
0 0.668359 0.308333 0.016406 0.013889
0 0.703906 0.338194 0.015625 0.018056
0 0.766016 0.355556 0.019531 0.019444
0 0.769531 0.383333 0.018750 0.019444
0 0.908594 0.292361 0.018750 0.020833
0 0.901172 0.352778 0.019531 0.022222
0 0.833594 0.307639 0.020312 0.018056
0 0.763672 0.322917 0.021094 0.020833
0 0.919141 0.374306 0.019531 0.020833
0 0.980859 0.391667 0.022656 0.016667
0 0.929688 0.440972 0.018750 0.015278
0 0.971484 0.527778 0.019531 0.016667
0 0.877734 0.531250 0.021094 0.023611
0 0.831641 0.536111 0.021094 0.022222
0 0.770703 0.534028 0.019531 0.020833
0 0.727344 0.493056 0.018750 0.022222
0 0.665625 0.517361 0.021875 0.018056
0 0.589844 0.447917 0.018750 0.020833
0 0.553906 0.492361 0.017188 0.018056
0 0.552344 0.515278 0.017188 0.019444
0 0.481641 0.448611 0.019531 0.022222
0 0.455859 0.469444 0.021094 0.019444
0 0.420703 0.510417 0.016406 0.018056
0 0.394922 0.477778 0.019531 0.022222
0 0.357422 0.532639 0.017969 0.018056
0 0.281250 0.511111 0.015625 0.013889
0 0.248047 0.461806 0.019531 0.023611
0 0.216406 0.501389 0.020312 0.019444
0 0.182031 0.456250 0.020312 0.020833
0 0.119141 0.433333 0.016406 0.019444
0 0.108984 0.472222 0.017969 0.013889
0 0.126953 0.497222 0.017969 0.016667
