0 0.076953 0.281250 0.017969 0.018056
0 0.054688 0.372222 0.015625 0.016667
0 0.127734 0.331944 0.017969 0.013889
0 0.069922 0.464583 0.019531 0.015278
0 0.107031 0.436806 0.018750 0.015278
0 0.142969 0.415972 0.018750 0.015278
0 0.151562 0.463194 0.018750 0.018056
0 0.148438 0.481944 0.020312 0.019444
0 0.139844 0.504167 0.018750 0.016667
0 0.205469 0.424306 0.017188 0.012500
0 0.226563 0.511111 0.017188 0.016667
0 0.247656 0.448611 0.021875 0.022222
0 0.281641 0.368056 0.017969 0.016667
0 0.277734 0.472222 0.021094 0.019444
0 0.268750 0.495833 0.018750 0.016667
0 0.311719 0.431944 0.018750 0.019444
0 0.310156 0.522222 0.020312 0.016667
0 0.328125 0.391667 0.018750 0.016667
0 0.353125 0.372917 0.018750 0.018056
0 0.362500 0.350000 0.017188 0.016667
0 0.348047 0.518750 0.019531 0.020833
0 0.417188 0.524306 0.020312 0.018056
0 0.443750 0.488889 0.021875 0.013889
0 0.463281 0.311111 0.017188 0.013889
0 0.508984 0.381250 0.019531 0.020833
0 0.505078 0.438889 0.019531 0.016667
0 0.576172 0.334722 0.019531 0.019444
0 0.581641 0.385417 0.019531 0.018056
0 0.569922 0.465972 0.021094 0.018056
0 0.542578 0.485417 0.019531 0.018056
0 0.558984 0.534028 0.017969 0.015278
0 0.591406 0.509722 0.021875 0.019444
0 0.630859 0.313194 0.017969 0.018056
0 0.688281 0.384722 0.018750 0.016667
0 0.669922 0.443056 0.017969 0.013889
0 0.694922 0.490972 0.019531 0.018056
0 0.747656 0.469444 0.018750 0.019444
0 0.745703 0.511111 0.019531 0.013889
0 0.759375 0.324306 0.018750 0.018056
0 0.789063 0.445833 0.020312 0.019444
0 0.781250 0.538889 0.020312 0.016667
0 0.838281 0.532639 0.017188 0.015278
0 0.862500 0.508333 0.018750 0.016667
0 0.899219 0.459722 0.018750 0.019444
0 0.934766 0.481250 0.022656 0.018056
0 0.937109 0.529861 0.021094 0.018056
0 0.857031 0.332639 0.021875 0.020833
0 0.909766 0.373611 0.022656 0.016667
0 0.986719 0.396528 0.021875 0.020833
