131 202 424 202 424 311.99999999999994 131 311.99999999999994 truck 0
641 311.99999999999994 762 311.99999999999994 762 398 641 398 truck 0
1334 1314 1398 1314 1398 1488 1334 1488 truck 0
146 598 298 598 298 679 146 679 truck 0
141 457 179 457 179 486 141 486 bicycle 0
1041 848 1071 848 1071 874 1041 874 bicycle 0
1519 1273 1527 1273 1527 1309 1519 1309 bicycle 0
5 462 48 462 48 488 5 488 car 0
141 524 243 524 243 581 141 581 car 0
303 457 379 457 379 481 303 481 car 0
296 533 372 533 372 581 296 581 car 0
429 521 534 521 534 571 429 571 car 0
465 464 538 464 538 502 465 502 car 0
629 481 738 481 738 512 629 512 car 0
674 533 750 533 750 564 674 564 car 0
741 586 826 586 826 636 741 636 car 0
919 598 1041 598 1041 671 919 671 car 0
993 552 1065 552 1065 574 993 574 car 0
962.0000000000001 481 1036 481 1036 521 962.0000000000001 521 car 0
1243 600 1319 600 1319 662 1243 662 car 0
1350 550 1415 550 1415 602.0000000000001 1350 602.0000000000001 car 0
1393 495 1462 495 1462 519 1393 519 car 0
1296 321 1450 321 1450 381 1296 381 car 0
2174 293 2229 293 2229 379 2174 379 car 0
3017 681 3086 681 3086 719 3017 719 car 0
3262 381 3376 381 3376 426 3262 426 car 0
1507 829 1541 829 1541 890 1507 890 car 0
1462 988 1465 988 1465 1081 1462 1081 car 0
1531 1031 1541 1031 1541 1140 1531 1140 car 0
1536 1181 1548 1181 1548 1252 1536 1252 car 0
1450 1150 1474 1150 1474 1259 1450 1259 car 0
1450 1307 1493 1307 1493 1393 1450 1393 car 0
1491 1371 1543 1371 1543 1419 1491 1419 car 0
1436 1443 1469 1443 1469 1514 1436 1514 car 0
1569 1479 1610 1479 1610 1548 1569 1548 car 0
1526 1538 1553 1538 1553 1636 1526 1636 car 0
1448 1609.0000000000002 1496 1609.0000000000002 1496 1707 1448 1707 car 0
1510 1702 1548 1702 1548 1787.9999999999998 1510 1787.9999999999998 car 0
1424 1752 1491 1752 1491 1859 1424 1859 car 0
1453 1881 1476 1881 1476 1993 1453 1993 car 0
1384 1859 1407 1859 1407 1959 1384 1959 car 0
1303 1883 1334 1883 1334 1962 1303 1962 car 0
1276 1748 1317 1748 1317 1817 1276 1817 car 0
1272 1609.0000000000002 1307 1609.0000000000002 1307 1686 1272 1686 car 0
1276 1521 1315 1521 1315 1588 1276 1588 car 0
481.00000000000006 819 572 819 572 886 481.00000000000006 886 car 0
515 909 562 909 562 938 515 938 car 0
519 959 596 959 596 1005 519 1005 car 0
515 1021 591 1021 591 1057 515 1057 car 0
497 1088 574 1088 574 1109 497 1109 car 0
516 1150 592 1150 592 1173 516 1173 car 0
506.99999999999994 1200 578 1200 578 1232 506.99999999999994 1232 car 0
609 866 657 866 657 921 609 921 car 0
713 947 725 947 725 1011 713 1011 car 0
765 959 799 959 799 1026 765 1026 car 0
825 999 871 999 871 1071 825 1071 car 0
847 1060 909 1060 909 1116 847 1116 car 0
892 1123 952 1123 952 1162 892 1162 car 0
914 1197 970.0000000000001 1197 970.0000000000001 1244 914 1244 car 0
943 1249 964.9999999999999 1249 964.9999999999999 1289 943 1289 car 0
955 1386 1031 1386 1031 1389 955 1389 car 0
991 1448 1093 1448 1093 1458 991 1458 car 0