2418 258 2480 258 2480 286 2418 286 bicycle 0
1816 650 1876 650 1876 679 1816 679 bicycle 0
1516 659 1580 659 1580 690 1516 690 bicycle 0
1440 760 1471 760 1471 823 1440 823 bicycle 0
294 367 368 367 368 394 294 394 bicycle 0
362 588 419 588 419 615 362 615 bicycle 0
267 614 332 614 332 642 267 642 bicycle 0
31.000000000000004 490 84 490 84 516 31.000000000000004 516 bicycle 0
1278 1399 1310 1399 1310 1454 1278 1454 bicycle 0
3082 251 3207 251 3207 308 3082 308 truck 0
1266 526 1395 526 1395 588 1266 588 truck 0
598 860 672 860 672 982 598 982 truck 0
651 900 746 900 746 1026 651 1026 truck 0
1404 1183 1470 1183 1470 1303 1404 1303 truck 0
1475 1590 1534 1590 1534 1707 1475 1707 truck 0
83 492 210 492 210 547 83 547 truck 0
427 582 563 582 563 634.9999999999999 427 634.9999999999999 truck 0
3018 324 3131 324 3131 378 3018 378 car 0
3612 330 3728 330 3728 380 3612 380 car 0
3512 626 3647 626 3647 686 3512 686 car 0
2472 666 2595 666 2595 722 2472 722 car 0
1368 460 1495 460 1495 514 1368 514 car 0
915 298 1036 298 1036 354 915 354 car 0
944 451 1075 451 1075 504 944 504 car 0
1012 520 1131 520 1131 571 1012 571 car 0
1055 596 1196 596 1196 646 1055 646 car 0
624 440 756 440 756 494 624 494 car 0
450 439 591 439 591 488 450 488 car 0
295 438 431 438 431 488 295 488 car 0
80 428 226 428 226 478 80 478 car 0
235 502 368 502 368 552 235 552 car 0
399 507 524 507 524 559 399 559 car 0
591 511 700 511 700 566 591 566 car 0
118 563 256 563 256 614 118 614 car 0
607 574 742 574 742 623 607 623 car 0
763 584 894 584 894 639 763 639 car 0
438 818 568 818 568 882 438 882 car 0
468 1003 580 1003 580 1055 468 1055 car 0
439 1054 580 1054 580 1115 439 1115 car 0
438 1122 578 1122 578 1174 438 1174 car 0
431 1179 572 1179 572 1239 431 1239 car 0
748 996.0000000000001 852 996.0000000000001 852 1104 748 1104 car 0
782 1046 896 1046 896 1151 782 1151 car 0
879 1214 1000.0000000000001 1214 1000.0000000000001 1307 879 1307 car 0
918 1348 1023 1348 1023 1410 918 1410 car 0
911 1404 1044 1404 1044 1471 911 1471 car 0
911 1472 1048 1472 1048 1527 911 1527 car 0
1480 798 1532 798 1532 907 1480 907 truck 0
1483 946 1534 946 1534 1031 1483 1031 car 0
1410 1017.9999999999999 1466 1017.9999999999999 1466 1136 1410 1136 car 0
1474 1071 1528 1071 1528 1180 1474 1180 car 0
1412 1363 1468 1363 1468 1472 1412 1472 truck 0
1338 1472 1386 1472 1386 1591 1338 1591 car 0
1410 1516 1466 1516 1466 1639 1410 1639 car 0
1412 1671 1466 1671 1466 1792 1412 1792 car 0
1336 1765.9999999999998 1388 1765.9999999999998 1388 1875 1336 1875 car 0
1259 1835.0000000000002 1315 1835.0000000000002 1315 1954 1259 1954 car 0
1450 2021 1531 2021 1531 2159 1450 2159 truck 0