138 693 350 693 350 774 138 774 truck 0
2234 317 2407 317 2407 379 2234 379 truck 0
3279 629 3417 629 3417 705 3279 705 truck 0
3179 750 3310 750 3310 805 3179 805 car 0
1484 867 1557 867 1557 1143 1484 1143 truck 0
1343 945 1388 945 1388 1074 1343 1074 truck 0
488 914 603 914 603 964 488 964 car 0
479 964 617 964 617 1021 479 1021 car 0
488 1029 615 1029 615 1093 488 1093 car 0
515 1107 626 1107 626 1155 515 1155 car 0
469 1150 622 1150 622 1209 469 1209 car 0
455 1224 591 1224 591 1267 455 1267 car 0
460 1271 598 1271 598 1329 460 1329 car 0
734 1026 817 1026 817 1143 734 1143 car 0
781 1088 881 1088 881 1167 781 1167 car 0
812 1152 938 1152 938 1238 812 1238 car 0
860 1198 960 1198 960 1264 860 1264 car 0
865 1262 1012 1262 1012 1326 865 1326 car 0
881 1312 1024 1312 1024 1386 881 1386 car 0
924 1429 1060 1429 1060 1495 924 1495 car 0
929 1498 1067 1498 1067 1564 929 1564 car 0
896 1555 1048 1555 1048 1621 896 1621 car 0
1346 1193 1410 1193 1410 1367 1346 1367 car 0
1405 745 1455 745 1455 838 1405 838 car 0
1219 421 1331 421 1331 464 1219 464 car 0
3 545 84 545 84 590 3 590 car 0
100 555 253 555 253 598 100 598 car 0
286 567 410 567 410 617 286 617 car 0
1043 702 1084 702 1084 743 1043 743 bicycle 0
968 708 1012 708 1012 732 968 732 bicycle 0
506 373.99999999999994 619 373.99999999999994 619 487 506 487 car 0
305 325 422 325 422 392 305 392 car 0
470 559 597 559 597 614 470 614 car 0
422 612 610 612 610 681 422 681 car 0
665 548 769 548 769 619 665 619 car 0
855 571 941 571 941 617 855 617 car 0
991 564 1103 564 1103 633 991 633 car 0
769 623.9999999999999 955 623.9999999999999 955 684 769 684 car 0
602 623 738 623 738 684 602 684 car 0
467 612 575 612 575 673 467 673 car 0
967 636 1069 636 1069 680 967 680 car 0
1511 1195 1567 1195 1567 1264 1511 1264 car 0
1454 1103 1490 1103 1490 1211 1454 1211 car 0
1454 1251 1488 1251 1488 1353 1454 1353 car 0
1506 1328 1560 1328 1560 1436 1506 1436 car 0
1427 1403 1498 1403 1498 1476 1427 1476 car 0
1498 1509 1588 1509 1588 1616 1498 1616 car 0
1427 1618 1454 1618 1454 1728 1427 1728 car 0
1488 1655 1552 1655 1552 1751 1488 1751 car 0
1417 1774 1511 1774 1511 1861 1417 1861 car 0
1288 1816 1310 1816 1310 1932 1288 1932 car 0
1358 1907 1375 1907 1375 1957 1358 1957 bicycle 0
1436 1930 1485 1930 1485 2041 1436 2041 car 0
1273 1964 1329 1964 1329 2076 1273 2076 car 0
1785 401 1942 401 1942 453 1785 453 car 0
1827 486 1940.0000000000002 486 1940.0000000000002 543 1827 543 car 0
2079 395 2210 395 2210 491 2079 491 truck 0
2161 499 2238 499 2238 528 2161 528 car 0
2411 416 2544 416 2544 453 2411 453 car 0
2721 486 2794 486 2794 526 2721 526 car 0
2904 397 2988 397 2988 436.00000000000006 2904 436.00000000000006 car 0