1574 518 1658 518 1658 564 1574 564 bicycle 0
2153 623 2235 623 2235 669 2153 669 bicycle 0
2279 310 2378 310 2378 368 2279 368 bicycle 0
3265 591.0000000000001 3356 591.0000000000001 3356 628 3265 628 bicycle 0
929 775 985.0000000000001 775 985.0000000000001 825 929 825 bicycle 0
1072 891 1131 891 1131 973 1072 973 bicycle 0
126 566 413 566 413 646 126 646 truck 0
262 282 394 282 394 344 262 344 truck 0
951 296 1094 296 1094 359 951 359 truck 0
562 868 631 868 631 985.0000000000001 562 985.0000000000001 truck 0
404 1068 549 1068 549 1136 404 1136 truck 0
410 1259 531 1259 531 1323 410 1323 truck 0
728 996.0000000000001 820 996.0000000000001 820 1125 728 1125 truck 0
819 1150 956 1150 956 1282 819 1282 truck 0
1461 919 1522 919 1522 1041 1461 1041 truck 0
1392 977 1447 977 1447 1103 1392 1103 truck 0
1285 1519 1386 1519 1386 1778 1285 1778 truck 0
363 505 483.00000000000006 505 483.00000000000006 568 363 568 truck 0
1751 375 1890 375 1890 435 1751 435 truck 0
1951 369 2074 369 2074 428 1951 428 truck 0
2635 294 2761 294 2761 359 2635 359 truck 0
2344 586 2610 586 2610 657 2344 657 truck 0
3188 507 3315 507 3315 571 3188 571 truck 0
3147 289 3274 289 3274 353 3147 353 truck 0
2888 516 2995 516 2995 568 2888 568 truck 0
54 435 199 435 199 494 54 494 truck 0
61 209 176 209 176 271 61 271 truck 0
489.99999999999994 455 633 455 633 502 489.99999999999994 502 car 0
394 827 542 827 542 889 394 889 car 0
432 1013 551 1013 551 1072 432 1072 car 0
399 1134 549 1134 549 1196 399 1196 car 0
393 1198 547 1198 547 1254 393 1254 car 0
902 1362 1004 1362 1004 1418 902 1418 car 0
891 1427 1025 1427 1025 1487 891 1487 car 0
896 1487 1020 1487 1020 1554 896 1554 car 0
1251 1871 1310 1871 1310 1992.0000000000002 1251 1992.0000000000002 car 0
1322 1809 1379 1809 1379 1922 1322 1922 car 0
1452 731 1507 731 1507 824 1452 824 car 0
1469 1075 1513 1075 1513 1177 1469 1177 car 0
1391 1165 1454 1165 1454 1292 1391 1292 car 0
631 507 770 507 770 572 631 572 car 0
799 437 951 437 951 500 799 500 car 0
870 504 1008 504 1008 565 870 565 car 0
896 581 1043 581 1043 637 896 637 car 0
1184 521 1316 521 1316 581 1184 581 car 0
1166 590 1302 590 1302 648 1166 648 car 0
1314 454 1432 454 1432 512 1314 512 car 0
1546 307 1672 307 1672 368 1546 368 car 0
1476 577 1594 577 1594 631 1476 631 truck 0
1664 456 1804 456 1804 512 1664 512 car 0
2026 298 2154 298 2154 363.00000000000006 2026 363.00000000000006 car 0
1757 525 1894 525 1894 578 1757 578 truck 0
1843 583 1967 583 1967 645 1843 645 car 0
2131 451 2267 451 2267 508.99999999999994 2131 508.99999999999994 car 0
2643 448 2770 448 2770 503 2643 503 car 0
2564 513 2684 513 2684 572 2564 572 truck 0
2896 313 3038 313 3038 381 2896 381 car 0
3117 437 3254 437 3254 501 3117 501 car 0
3451 439 3578 439 3578 507 3451 507 car 0
3207 636 3338 636 3338 695 3207 695 car 0
3673 500 3804 500 3804 563 3673 563 car 0
3538 351 3684 351 3684 416 3538 416 car 0
3584 578 3714 578 3714 646 3584 646 car 0