474 833 610 833 610 882.9999999999999 474 882.9999999999999 car 0
479 881 600 881 600 962 479 962 car 0
517 945 619 945 619 1019 517 1019 car 0
522 1000 617 1000 617 1071 522 1071 car 0
503 1081 636 1081 636 1140 503 1140 car 0
491 1140 596 1140 596 1179 491 1179 car 0
469 1193 617 1193 617 1255 469 1255 car 0
612 831 665 831 665 967 612 967 car 0
762 936 819 936 819 1062 762 1062 car 0
798 995 872 995 872 1088 798 1088 car 0
838 1074 922 1074 922 1145 838 1145 car 0
869 1126 955 1126 955 1195 869 1195 car 0
891 1159 996.0000000000001 1159 996.0000000000001 1236 891 1236 car 0
898 1217 1002.9999999999999 1217 1002.9999999999999 1309 898 1309 car 0
936 1348 1060 1348 1060 1421 936 1421 car 0
922 1412 1034 1412 1034 1490 922 1490 car 0
1296 1883 1326 1883 1326 1967 1296 1967 car 0
1296 1738 1338 1738 1338 1857.0000000000002 1296 1857.0000000000002 car 0
1274 1617 1322 1617 1322 1709 1274 1709 car 0
1274 1486 1336 1486 1336 1614 1274 1614 car 0
1286 1198 1360 1198 1360 1329 1286 1329 car 0
1417 1733 1488 1733 1488 1845 1417 1845 car 0
1429 1576 1474 1576 1474 1688 1429 1688 car 0
1441 1443 1465 1443 1465 1526 1441 1526 car 0
1436 1264 1491 1264 1491 1404.9999999999998 1436 1404.9999999999998 car 0
1438 1109 1484 1109 1484 1236 1438 1236 car 0
1510 1136 1576 1136 1576 1229 1510 1229 car 0
1434 964 1472 964 1472 1079 1434 1079 car 0
1507 995 1565 995 1565 1093 1507 1093 car 0
1498 805 1543 805 1543 919 1498 919 car 0
2986 705 3096 705 3096 738 2986 738 car 0
2996 593 3103 593 3103 623.9999999999999 2996 623.9999999999999 car 0
167 607 319 607 319 657 167 657 truck 0
1855 231 2084 231 2084 298 1855 298 truck 0
2869 248 3012 248 3012 295 2869 295 truck 0
2974 373.99999999999994 3174 373.99999999999994 3174 448 2974 448 truck 0
3448 376 3576 376 3576 431 3448 431 truck 0
2329 405 2353 405 2353 433 2329 433 bicycle 0
2360 414 2398 414 2398 436.00000000000006 2360 436.00000000000006 bicycle 0
2315 248 2343 248 2343 283 2315 283 bicycle 0
141 495 222 495 222 555 141 555 car 0
286 445 365 445 365 498.00000000000006 286 498.00000000000006 car 0
310 533 407 533 407 581 310 581 car 0
400 445 500.00000000000006 445 500.00000000000006 500 400 500 car 0
450 508.99999999999994 531 508.99999999999994 531 581 450 581 car 0
598 455 700 455 700 519 598 519 car 0
584 526 700 526 700 600 584 600 car 0
748 448 876 448 876 514 748 514 car 0
917 433 1026 433 1026 502 917 502 car 0
774 531 862 531 862 574 774 574 car 0
926 538 1019 538 1019 588 926 588 car 0
836 605 957 605 957 650 836 650 car 0
987.9999999999999 614 1096 614 1096 667 987.9999999999999 667 car 0
1838 319 1919 319 1919 357 1838 357 car 0
1898 409 1997.9999999999998 409 1997.9999999999998 452 1898 452 car 0
2050 329 2119 329 2119 388 2050 388 car 0
2057 393 2136 393 2136 452 2057 452 car 0
2162 264 2265 264 2265 305 2162 305 car 0
2200 336 2265 336 2265 371 2200 371 car 0
2212 414 2260 414 2260 448 2212 448 car 0
2343 329 2448 329 2448 395 2343 395 car 0
2446 409 2519 409 2519 443 2446 443 car 0
2503 326 2603 326 2603 379 2503 379 car 0
2462 257 2572 257 2572 317 2462 317 car 0
2641 259 2767 259 2767 317 2641 317 car 0
2667 329 2788 329 2788 376 2667 376 car 0
2655 419 2731 419 2731 462 2655 462 car 0
2786 393 2888 393 2888 450 2786 450 car 0
2867 338 2962 338 2962 376 2867 376 car 0
3053 321 3160 321 3160 376 3053 376 car 0
3088 252 3176 252 3176 326 3088 326 car 0
3250 305 3362 305 3362 362 3250 362 car 0
3303 398 3396 398 3396 455 3303 455 car 0
3622 400 3753 400 3753 443 3622 443 car 0