481.00000000000006 829 581 829 581 881 481.00000000000006 881 car 0
474 879 591 879 591 938 474 938 car 0
457 945 565 945 565 1014 457 1014 car 0
496.00000000000006 1014 598 1014 598 1074 496.00000000000006 1074 car 0
526 1071 593 1071 593 1129 526 1129 car 0
506.99999999999994 1155 593 1155 593 1209 506.99999999999994 1209 car 0
519 1219 579 1219 579 1271 519 1271 car 0
591 867 646 867 646 962 591 962 car 0
748 962 796 962 796 1064 748 1064 car 0
803 1002 843 1002 843 1076 803 1076 car 0
829 1074 941 1074 941 1126 829 1126 car 0
846 1143 972 1143 972 1186 846 1186 car 0
912 1164 998 1164 998 1224 912 1224 car 0
888 1257 1002.9999999999999 1257 1002.9999999999999 1293 888 1293 car 0
948 1350 1048 1350 1048 1414 948 1414 car 0
934 1443 1046 1443 1046 1462 934 1462 car 0
634 1409 843 1409 843 1493 634 1493 car 0
1272 1483 1307 1483 1307 1574 1272 1574 car 0
1265 1633 1353 1633 1353 1719 1265 1719 car 0
1272 1738 1348 1738 1348 1831 1272 1831 car 0
1281 1881 1355 1881 1355 2000 1281 2000 car 0
1379 2033 1386 2033 1386 2138 1379 2138 car 0
1426 1729 1479 1729 1479 1857.0000000000002 1426 1857.0000000000002 car 0
1338 1617 1412 1617 1412 1705 1338 1705 car 0
1424 1593 1500 1593 1500 1693 1424 1693 car 0
1426 1448 1486 1448 1486 1500 1426 1500 car 0
1434 1300 1484 1300 1484 1369 1434 1369 car 0
1448 1112 1453 1112 1453 1233 1448 1233 car 0
1503 1150 1565 1150 1565 1233 1503 1233 car 0
1517 986 1557 986 1557 1105 1517 1105 car 0
1515 802 1548 802 1548 904.9999999999999 1515 904.9999999999999 car 0
1453 983 1488 983 1488 1033 1453 1033 car 0
1329 909 1391 909 1391 1005 1329 1005 car 0
1503 1593 1524 1593 1524 1633 1503 1633 bicycle 0
1386 662 1415 662 1415 731 1386 731 bicycle 0
1450 498.00000000000006 1500 498.00000000000006 1500 533 1450 533 bicycle 0
146 626 305 626 305 664 146 664 truck 0
2415 238 2567 238 2567 314 2415 314 truck 0
2662 371 2874 371 2874 450 2662 450 truck 0
3365 373.99999999999994 3474 373.99999999999994 3474 448 3365 448 truck 0
453 224 603 224 603 302 453 302 truck 0
153 512 248.00000000000003 512 248.00000000000003 545 153 545 car 0
262 452 346 452 346 488 262 488 car 0
269 526 357 526 357 593 269 593 car 0
434 448 534 448 534 505 434 505 car 0
591 452 705 452 705 517 591 517 car 0
769 450 860 450 860 505 769 505 car 0
943 462 1046 462 1046 483 943 483 car 0
915 540 1029 540 1029 583 915 583 car 0
983.9999999999999 617 1091 617 1091 643 983.9999999999999 643 car 0
817 588 891 588 891 638 817 638 car 0
755 524 846 524 846 562 755 562 car 0
584 526 681 526 681 576 584 576 car 0
419 531 538 531 538 571 419 571 car 0
279 359 403 359 403 412 279 412 car 0
938 319 1053 319 1053 367 938 367 car 0
1291 279 1410 279 1410 321 1291 321 car 0
1448 321 1534 321 1534 376 1448 376 car 0
1617 269 1748 269 1748 331 1617 331 car 0
1743 340 1886 340 1886 400 1743 400 car 0
1617 421 1726 421 1726 452 1617 452 car 0
1974 373.99999999999994 2086 373.99999999999994 2086 448 1974 448 car 0
2150 338 2219 338 2219 393 2150 393 car 0
2122 255 2215 255 2215 305 2122 305 car 0
2279 388 2455 388 2455 452 2279 452 car 0
2586 321 2662 321 2662 386 2586 386 car 0
2798 255 2910 255 2910 324 2798 324 car 0
2917 340 3022 340 3022 386 2917 386 car 0
3029 390 3119 390 3119 450 3029 450 car 0
3126 324 3229 324 3229 376 3126 376 car 0
3186 274 3262 274 3262 302 3186 302 car 0
3600 381 3676 381 3676 464 3600 464 car 0
2991 681 3088 681 3088 731 2991 731 car 0