1188 7 1253 7 1253 107 1188 107 car 0
219 307 315 307 315 357 219 357 car 0
241 433 391 433 391 507 241 507 car 0
667 271 762 271 762 343 667 343 car 0
1486 348 1586 348 1586 376 1486 376 car 0
1748 373.99999999999994 1824 373.99999999999994 1824 445 1748 445 car 0
1810 476 1910 476 1910 550 1810 550 car 0
1786 538 1881 538 1881 623.9999999999999 1786 623.9999999999999 car 0
1315 548 1434 548 1434 614 1315 614 car 0
1986 255 2042.9999999999998 255 2042.9999999999998 295 1986 295 bicycle 0
1019 821 1088 821 1088 882.9999999999999 1019 882.9999999999999 bicycle 0
1517 1271 1550 1271 1550 1319 1517 1319 bicycle 0
3738 600 3786 600 3786 638 3738 638 bicycle 0
165 623.9999999999999 324 623.9999999999999 324 669 165 669 truck 0
324 536 500.00000000000006 536 500.00000000000006 569 324 569 truck 0
2574 652 2819 652 2819 709 2574 709 truck 0
1348 1693 1403 1693 1403 1955 1348 1955 truck 0
1248 1036 1329 1036 1329 1121 1248 1121 truck 0
746 450 846 450 846 505 746 505 truck 0
2172 350 2248 350 2248 373.99999999999994 2172 373.99999999999994 car 0
2426 340 2548 340 2548 398 2426 398 car 0
2467 395 2576 395 2576 431 2467 431 car 0
3369 336 3476 336 3476 376 3369 376 car 0
3526 269 3603 269 3603 307 3526 307 car 0
3776 307 3834 307 3834 369 3776 369 car 0
3236 479 3331 479 3331 521 3236 521 car 0
3362 538 3457 538 3457 598 3362 598 car 0
3093 552 3157 552 3157 605 3093 605 car 0
2412 538 2541 538 2541 571 2412 571 car 0
2353 476 2446 476 2446 531 2353 531 car 0
2193 645 2360 645 2360 659 2193 659 car 0
2393 671 2474 671 2474 719 2393 719 car 0
1007.0000000000001 569 1119 569 1119 626 1007.0000000000001 626 car 0
34 557 146 557 146 605 34 605 car 0
1496 831 1548 831 1548 893 1496 893 car 0
1417 988 1488 988 1488 1081 1417 1081 car 0
1505 1024 1574 1024 1574 1138 1505 1138 car 0
1410 1131 1498 1131 1498 1257 1410 1257 car 0
1479 1145 1567 1145 1567 1236 1479 1236 car 0
1357 1236 1434 1236 1434 1324 1357 1324 car 0
1446 1283 1493 1283 1493 1409 1446 1409 car 0
1505 1367 1555 1367 1555 1469 1505 1469 car 0
1346 1381 1410 1381 1410 1486 1346 1486 car 0
1436 1431 1496 1431 1496 1517 1436 1517 car 0
1507 1555 1569 1555 1569 1652 1507 1652 car 0
1417 1600 1491 1600 1491 1707 1417 1707 car 0
1503 1717 1555 1717 1555 1800 1503 1800 car 0
1512 1857.0000000000002 1557 1857.0000000000002 1557 1990 1512 1990 car 0
1422 1745 1479 1745 1479 1809 1422 1809 car 0
1436 1898 1488 1898 1488 1995 1436 1995 car 0
1300 1902 1338 1902 1338 1981 1300 1981 car 0
1291 1764 1346 1764 1346 1843 1291 1843 car 0
1284 1636 1334 1636 1334 1707 1284 1707 car 0
1269 1512 1334 1512 1334 1609.0000000000002 1269 1609.0000000000002 car 0
1367 1531 1419 1531 1419 1614 1367 1614 car 0
950 1440 1096 1440 1096 1500 950 1500 car 0
946 1369 1069 1369 1069 1443 946 1443 car 0
893 1250 1015.0000000000001 1250 1015.0000000000001 1288 893 1288 car 0
891 1200 983.9999999999999 1200 983.9999999999999 1240 891 1240 car 0
886 1152 929 1152 929 1176 886 1176 car 0
857 1114 905 1114 905 1117 857 1117 car 0
826 1033 848 1033 848 1083 826 1083 car 0
750 976 812 976 812 1024 750 1024 car 0
688 938 746 938 746 1012 688 1012 car 0
605 857 655 857 655 967 605 967 car 0
474 1207 600 1207 600 1238 474 1238 car 0
479 1157 610 1157 610 1202 479 1202 car 0
496.00000000000006 1105 574 1105 574 1129 496.00000000000006 1129 car 0
506.99999999999994 1021 598 1021 598 1064 506.99999999999994 1064 car 0
486 979 588 979 588 1007.0000000000001 486 1007.0000000000001 car 0
504.99999999999994 933 555 933 555 940 504.99999999999994 940 car 0
484 864 569 864 569 882.9999999999999 484 882.9999999999999 car 0