990 459 1086 459 1086 508.99999999999994 990 508.99999999999994 bicycle 0
983.9999999999999 596 1056 596 1056 648 983.9999999999999 648 bicycle 0
1056 623.9999999999999 1132 623.9999999999999 1132 668 1056 668 bicycle 0
2110 239 2179 239 2179 283 2110 283 bicycle 0
1927 309 2014.0000000000002 309 2014.0000000000002 352 1927 352 bicycle 0
2127 376 2192 376 2192 420 2127 420 bicycle 0
1347 976 1397 976 1397 1046 1347 1046 bicycle 0
968.9999999999999 83 1110 83 1110 165 968.9999999999999 165 truck 0
584 859 656 859 656 991 584 991 truck 0
740 996.0000000000001 847 996.0000000000001 847 1118 740 1118 truck 0
432 1065 579 1065 579 1128 432 1128 truck 0
421 1126 573 1126 573 1194 421 1194 truck 0
832 1152 972.9999999999999 1152 972.9999999999999 1274 832 1274 truck 0
433 439 576 439 576 505 433 505 truck 0
708 518 847 518 847 578 708 578 truck 0
1974 237 2088 237 2088 293 1974 293 truck 0
1917 566 2183 566 2183 725 1917 725 truck 0
2422 294 2569 294 2569 357 2422 357 truck 0
2374 362 2490 362 2490 423 2374 423 truck 0
2870 286 2999 286 2999 350 2870 350 truck 0
2731 364 2856 364 2856 428 2731 428 truck 0
2520 369 2638 369 2638 428 2520 428 truck 0
229 441 365 441 365 507 229 507 car 0
320 514 474 514 474 580.0000000000001 320 580.0000000000001 car 0
610 444 744 444 744 511 610 511 car 0
533 512 678 512 678 577 533 577 car 0
761 448 897 448 897 511 761 511 car 0
901 519 1038 519 1038 584 901 584 car 0
433 823 569 823 569 889 433 889 car 0
458 1012 576 1012 576 1069 458 1069 car 0
417 1194 572 1194 572 1253 417 1253 car 0
920 1357 1022.0000000000001 1357 1022.0000000000001 1419 920 1419 car 0
906 1423 1040 1423 1040 1478 906 1478 car 0
897 1478 1042 1478 1042 1546 897 1546 car 0
1281 859 1360 859 1360 977 1281 977 car 0
1778 228 1904 228 1904 293 1778 293 car 0
1774 294 1910 294 1910 357 1774 357 car 0
1769 360 1910 360 1910 439 1769 439 car 0
2040 298 2170 298 2170 359 2040 359 car 0
1978 369 2113 369 2113 435 1978 435 car 0
2231 296 2369 296 2369 362 2231 362 car 0
2220 369 2344 369 2344 435 2220 435 car 0
3081 287 3222 287 3222 353 3081 353 car 0
3247 282 3385 282 3385 353 3247 353 car 0
2901 357 3038 357 3038 423 2901 423 car 0
2840 503 2972 503 2972 571 2840 571 car 0
3694 216 3828 216 3828 287 3694 287 car 0
1263 1818 1320 1818 1320 1941 1263 1941 car 0
2651 294 2760 294 2760 353 2651 353 truck 0