60 343 207 343 207 421 60 421 truck 0
2557 629 2853 629 2853 733 2557 733 truck 0
3576 457 3712 457 3712 514 3576 514 truck 0
1360 1679 1407 1679 1407 1948 1360 1948 truck 0
3262 257 3317 257 3317 300 3262 300 bicycle 0
2467 545 2536 545 2536 593 2467 593 bicycle 0
1519 1269 1548 1269 1548 1312 1519 1312 bicycle 0
1031 838 1067 838 1067 879 1031 879 bicycle 0
155 629 305 629 305 674 155 674 truck 0
388 467 557 467 557 502 388 502 car 0
598 207 726 207 726 324 598 324 car 0
1203 21 1265 21 1265 74 1203 74 car 0
1050 471 1181 471 1181 538 1050 538 car 0
1200 543 1343 543 1343 631 1200 631 car 0
669 543 726 543 726 583 669 583 car 0
717 629 893 629 893 705 717 705 truck 0
217 538 355 538 355 571 217 571 car 0
17 571 96 571 96 612 17 612 car 0
472 836 600 836 600 881 472 881 car 0
493 902 598 902 598 950 493 950 car 0
496.00000000000006 945 605 945 605 1031 496.00000000000006 1031 car 0
498.00000000000006 1029 624 1029 624 1086 498.00000000000006 1086 car 0
486 1090 607 1090 607 1145 486 1145 car 0
498.00000000000006 1145 598 1145 598 1214 498.00000000000006 1214 car 0
504.99999999999994 1207 617 1207 617 1283 504.99999999999994 1283 car 0
612 871 650 871 650 962 612 962 car 0
700 929 760 929 760 1031 700 1031 car 0
736 979 815 979 815 1100 736 1100 car 0
807 1012 869 1012 869 1095 807 1095 car 0
843 1071 924 1071 924 1143 843 1143 car 0
869 1145 943 1145 943 1219 869 1219 car 0
910 1169 993 1169 993 1255 910 1255 car 0
912 1238 1024 1238 1024 1317.0000000000002 912 1317.0000000000002 car 0
943 1364 1057 1364 1057 1419 943 1419 car 0
946 1443 1055 1443 1055 1500 946 1500 car 0
1229 886 1305 886 1305 969 1229 969 car 0
1288 1112 1372 1112 1372 1202 1288 1202 car 0
1343 1400 1412 1400 1412 1524 1343 1524 car 0
1274 1519 1334 1519 1334 1600 1274 1600 car 0
1279 1619 1338 1619 1338 1736 1279 1736 car 0
1286 1774 1348 1774 1348 1845 1286 1845 car 0
1272 1881 1357 1881 1357 2021 1272 2021 car 0
1429 1436 1488 1436 1488 1509 1429 1509 car 0
1438 1602 1507 1602 1507 1719 1438 1719 car 0
1434 1752 1474 1752 1474 1840 1434 1840 car 0
1457 1905 1493 1905 1493 1998 1457 1998 car 0
1496 1867 1562 1867 1562 1950 1496 1950 car 0
1488 1705 1560 1705 1560 1783 1488 1783 car 0
1496 1569 1565 1569 1565 1629 1496 1629 car 0
1510 1369 1562 1369 1562 1462 1510 1462 car 0
1436 1288 1479 1288 1479 1374 1436 1374 car 0
1424 1131 1476 1131 1476 1240 1424 1240 car 0
1476 1171 1553 1171 1553 1238 1476 1238 car 0
1446 988 1491 988 1491 1093 1446 1093 car 0
1505 1007.0000000000001 1565 1007.0000000000001 1565 1136 1505 1136 car 0
1503 809 1565 809 1565 926 1503 926 car 0
1800 526 1872 526 1872 576 1800 576 car 0
2026 657 2112 657 2112 693 2026 693 car 0
2376 676 2457 676 2457 729 2376 729 car 0
2065 576 2136 576 2136 602.0000000000001 2065 602.0000000000001 car 0
2046 500 2119 500 2119 514 2046 514 car 0
2193 300 2265 300 2265 309 2193 309 car 0
1772 398 1860 398 1860 457 1772 457 car 0
1741 329 1796 329 1796 352 1741 352 car 0
3131 311.99999999999994 3229 311.99999999999994 3229 357 3131 357 car 0
3212 407 3322 407 3322 445 3212 445 car 0
3619 295 3726 295 3726 343 3619 343 car 0
3174 536 3279 536 3279 598 3174 598 car 0
3707 562 3812 562 3812 617 3707 617 car 0
2741 471 2819 471 2819 517 2741 517 car 0
2767 600 2903 600 2903 629 2767 629 car 0