1154 669 1223 669 1223 713 1154 713 bicycle 0
131 568 197 568 197 606 131 606 bicycle 0
5 496 85 496 85 545 5 545 bicycle 0
2010 331 2060 331 2060 357 2010 357 bicycle 0
2626 322 2693 322 2693 363.00000000000006 2626 363.00000000000006 bicycle 0
3025 368 3101 368 3101 409 3025 409 bicycle 0
367 501 502 501 502 565 367 565 truck 0
396 568 535 568 535 639 396 639 truck 0
563 508.99999999999994 690 508.99999999999994 690 575 563 575 truck 0
911 451 1038 451 1038 518 911 518 truck 0
425 1065 566 1065 566 1128 425 1128 truck 0
2046 215 2255 215 2255 300 2046 300 truck 0
1954.0000000000002 368 2251 368 2251 446 1954.0000000000002 446 truck 0
2296 303 2441 303 2441 363.00000000000006 2296 363.00000000000006 truck 0
2487 303 2596 303 2596 366 2487 366 truck 0
2564 372 2691 372 2691 437 2564 437 truck 0
2346 373.99999999999994 2475 373.99999999999994 2475 440 2346 440 truck 0
2754 219 2879 219 2879 287 2754 287 truck 0
579 866 657 866 657 989 579 989 truck 0
737 998 840 998 840 1115 737 1115 truck 0
834 1150 961 1150 961 1274 834 1274 truck 0
5 431 113 431 113 478 5 478 car 0
125.00000000000001 436.00000000000006 267 436.00000000000006 267 492 125.00000000000001 492 car 0
313 431 458 431 458 495 313 495 car 0
514 445 658 445 658 500 514 500 car 0
681 437 817 437 817 500 681 500 car 0
193 495 332 495 332 565 193 565 car 0
204 565 338 565 338 628 204 628 car 0
746 516 872 516 872 578 746 578 car 0
968.9999999999999 518 1075 518 1075 575 968.9999999999999 575 car 0
816 587 932 587 932 654 816 654 car 0
643 586 790 586 790 651 643 651 car 0
990 586 1125 586 1125 654 990 654 car 0
419 821 555 821 555 886 419 886 car 0
455 1017.9999999999999 563 1017.9999999999999 563 1063 455 1063 car 0
416 1131 558 1131 558 1189 416 1189 car 0
416 1181 561 1181 561 1259 416 1259 car 0
907 1360 1013 1360 1013 1419 907 1419 car 0
902 1425 1043 1425 1043 1487 902 1487 car 0
908 1486 1040 1486 1040 1556 908 1556 car 0
1237 1575 1304 1575 1304 1698 1237 1698 car 0
1246 1696 1326 1696 1326 1815 1246 1815 car 0
1258 1837 1317 1837 1317 1960 1258 1960 car 0
1847 230 1966 230 1966 293 1847 293 car 0
1884 304 1999.0000000000002 304 1999.0000000000002 365 1884 365 car 0
1814 373.99999999999994 1941 373.99999999999994 1941 428 1814 428 car 0
2070 307 2210 307 2210 365 2070 365 car 0
2728 295 2855 295 2855 354 2728 354 car 0
2204 586 2341 586 2341 651 2204 651 car 0
1788 715.0000000000001 1890 715.0000000000001 1890 803 1788 803 car 0
2755 369 2885 369 2885 430 2755 430 car 0
3602 584 3675 584 3675 630 3602 630 bicycle 0