3513 410 3648 410 3648 465 3513 465 car 0
3170 405 3293 405 3293 461 3170 461 car 0
2810 405 2942 405 2942 464 2810 464 car 0
2525 404 2661 404 2661 462 2525 462 car 0
2222 319 2356 319 2356 379 2222 379 car 0
2084 390 2214 390 2214 451 2084 451 car 0
1744 328 1873 328 1873 384.99999999999994 1744 384.99999999999994 car 0
1699 256 1819 256 1819 310 1699 310 car 0
1656 402 1776 402 1776 497 1656 497 car 0
2279 241 2574 241 2574 316 2279 316 truck 0
2494 330 2628 330 2628 384 2494 384 truck 0
1841 391 1977.0000000000002 391 1977.0000000000002 453 1841 453 truck 0
1504 939 1567 939 1567 1050 1504 1050 truck 0
1434 1008 1490 1008 1490 1133 1434 1133 truck 0
1507 1082 1561 1082 1561 1204.0000000000002 1507 1204.0000000000002 truck 0
2302 397 2370 397 2370 433 2302 433 bicycle 0
1545 705 1574 705 1574 758.9999999999999 1545 758.9999999999999 bicycle 0
1179 722 1241 722 1241 761 1179 761 bicycle 0
1127 673 1191 673 1191 702 1127 702 bicycle 0
333 571 405 571 405 610 333 610 bicycle 0
1299 1171 1333 1171 1333 1234 1299 1234 bicycle 0
1347 547 1534 547 1534 808 1347 808 truck 0
1384 313 1497 313 1497 377 1384 377 truck 0
1347 241 1465 241 1465 305 1347 305 truck 0
185 271 322 271 322 333 185 333 truck 0
837 442 962.0000000000001 442 962.0000000000001 504 837 504 truck 0
665 437 801 437 801 499 665 499 car 0
62.00000000000001 484 207 484 207 542 62.00000000000001 542 truck 0
833 576 1108 576 1108 653 833 653 truck 0
67 553 317 553 317 628 67 628 truck 0
779 510 901 510 901 561 779 561 truck 0
416 571 528 571 528 622 416 622 truck 0
628 856 711 856 711 987 628 987 truck 0
677 899 777 899 777 1027 677 1027 truck 0
621 225 731 225 731 285 621 285 car 0
334 347 434 347 434 401 334 401 car 0
970.0000000000001 347 1105 347 1105 411 970.0000000000001 411 car 0
993 456 1130 456 1130 501 993 501 car 0
928 516 1071 516 1071 567 928 567 car 0
579 502 736 502 736 554 579 554 car 0
704 571 833 571 833 633 704 633 car 0
561 565 687 565 687 634 561 634 car 0
444 504 556 504 556 561 444 561 car 0
364 430 504 430 504 496 364 496 car 0
244.99999999999997 493 387 493 387 548 244.99999999999997 548 car 0
190 416 328 416 328 479 190 479 car 0
25 414 173 414 173 484 25 484 car 0
468 817 608 817 608 884 468 884 car 0
462 1062 622 1062 622 1119 462 1119 car 0
462 1126 622 1126 622 1175 462 1175 car 0
453 1178 616 1178 616 1241 453 1241 car 0
779 999 885 999 885 1110 779 1110 car 0
808 1048 936 1048 936 1154 808 1154 car 0
902 1208 1039 1208 1039 1311 902 1311 car 0
942 1345 1053 1345 1053 1416 942 1416 car 0
937 1408 1071 1408 1071 1471 937 1471 car 0
936 1474.0000000000002 1071 1474.0000000000002 1071 1539 936 1539 car 0
1505 771 1570 771 1570 904.9999999999999 1505 904.9999999999999 car 0
1431 1205 1493 1205 1493 1330 1431 1330 car 0
1497 1261 1564 1261 1564 1388 1497 1388 car 0
1437 1364 1490 1364 1490 1461 1437 1461 car 0
1434 1502 1484 1502 1484 1628 1434 1628 car 0
1427 1679 1487 1679 1487 1825 1427 1825 car 0
1357 1857.0000000000002 1413 1857.0000000000002 1413 1967 1357 1967 car 0
1307 1307 1391 1307 1391 1574 1307 1574 truck 0
1481 1396 1564 1396 1564 1667 1481 1667 truck 0
1496 1710 1562 1710 1562 1839 1496 1839 truck 0