3551 424 3677 424 3677 482 3551 482 truck 0
3430 667 3551 667 3551 727 3430 727 truck 0
3182 419 3316 419 3316 488 3182 488 truck 0
3013 417 3137 417 3137 484 3013 484 truck 0
2866 410 2985 410 2985 476 2866 476 truck 0
2520 555 2642 555 2642 622 2520 622 truck 0
2340 407 2458 407 2458 469 2340 469 truck 0
2882 569 2996 569 2996 631 2882 631 truck 0
3375 417 3511 417 3511 481 3375 481 car 0
3368 560 3499 560 3499 629 3368 629 car 0
2654 417 2801 417 2801 477 2654 477 car 0
2754 484 2887 484 2887 553 2754 553 car 0
2516 701 2646 701 2646 755 2516 755 car 0
2373 484 2502 484 2502 551 2373 551 car 0
2080 555 2211 555 2211 605 2080 605 car 0
2497 412 2632 412 2632 467 2497 467 car 0
2139 407 2273 407 2273 472 2139 472 car 0
1978 405 2116 405 2116 465 1978 465 car 0
1830 400 1947.0000000000002 400 1947.0000000000002 460 1830 460 car 0
2451 664 2509 664 2509 701 2451 701 bicycle 0
2270 622 2327 622 2327 657 2270 657 bicycle 0
1563 677 1601 677 1601 738 1563 738 bicycle 0
1523 769 1587 769 1587 898 1523 898 car 0
1458 1196 1520 1196 1520 1322 1458 1322 car 0
1515 1251 1580 1251 1580 1381 1515 1381 car 0
1451 1351 1506 1351 1506 1457 1451 1457 car 0
1454 1500 1502 1500 1502 1627 1454 1627 car 0
1447 1681 1502 1681 1502 1808 1447 1808 car 0
964.9999999999999 1470 1104 1470 1104 1532 964.9999999999999 1532 car 0
972.9999999999999 1404.9999999999998 1101 1404.9999999999998 1101 1481 972.9999999999999 1481 car 0
975 1334 1083 1334 1083 1412 975 1412 car 0
942 1210 1058 1210 1058 1312 942 1312 car 0
847 1036 961 1036 961 1150 847 1150 car 0
808 986 916 986 916 1112 808 1112 car 0
1458 951 1521 951 1521 1079 1458 1079 truck 0
1530 945 1585 945 1585 1045 1530 1045 truck 0
1525 1086 1592 1086 1592 1210 1525 1210 truck 0
1502 1396 1577 1396 1577 1657 1502 1657 truck 0
1513 1684 1575 1684 1575 1817 1513 1817 truck 0
1442 1834 1506 1834 1506 1969 1442 1969 truck 0
1494 1846 1575 1846 1575 2139 1494 2139 truck 0
721 891 811 891 811 1026 721 1026 truck 0
666 857 742 857 742 977 666 977 truck 0
961 520 1078 520 1078 581 961 581 truck 0
754 441 882 441 882 501 754 501 truck 0
649 503 771 503 771 564 649 564 truck 0
111 488 258 488 258 541 111 541 truck 0
196 279 327 279 327 339 196 339 car 0
489.99999999999994 560 632 560 632 623.9999999999999 489.99999999999994 623.9999999999999 car 0
501 812 647 812 647 879 501 879 car 0
496.00000000000006 1048 647 1048 647 1107 496.00000000000006 1107 car 0
493 1110 644 1110 644 1169 493 1169 car 0
489 1170 640 1170 640 1229 489 1229 car 0