3607 571 3737 571 3737 625 3607 625 car 0
3309 496 3426 496 3426 538 3309 538 car 0
3374 417 3507 417 3507 469 3374 469 car 0
2657 415 2801 415 2801 461 2657 461 car 0
2497 398 2628 398 2628 456 2497 456 car 0
2165 406 2305 406 2305 465 2165 465 car 0
1980 400 2122 400 2122 454 1980 454 car 0
1834 400 1959 400 1959 450 1834 450 car 0
2434 550 2562 550 2562 604 2434 604 car 0
2132 679 2249 679 2249 729 2132 729 car 0
2118 483 2245 483 2245 540 2118 540 car 0
3014 138 3124 138 3124 236 3014 236 car 0
3553 421 3676 421 3676 479 3553 479 truck 0
3251 552 3391 552 3391 615 3251 615 truck 0
2874 550 3005 550 3005 611 2874 611 truck 0
3176 413 3314 413 3314 477 3176 477 truck 0
3007 413 3141 413 3141 477 3007 477 truck 0
2864 406 2989 406 2989 473 2864 473 truck 0
2339 400 2453 400 2453 461 2339 461 truck 0
2232 546 2355 546 2355 606 2232 606 truck 0
2024 554 2141 554 2141 611 2024 611 truck 0
1701 540 1818 540 1818 592 1701 592 truck 0
526 225 641 225 641 292 526 292 truck 0
645 508 776 508 776 558 645 558 truck 0
1526 938 1589 938 1589 1046 1526 1046 truck 0
1462 1006 1520 1006 1520 1138 1462 1138 truck 0
1528 1083 1584 1083 1584 1194 1528 1194 truck 0
1501 1386 1580 1386 1580 1656 1501 1656 truck 0
666 846 743 846 743 977 666 977 truck 0
716 882.9999999999999 812 882.9999999999999 812 1019 716 1019 truck 0
1476 315 1612 315 1612 373 1476 373 car 0
1555 465 1682 465 1682 531 1555 531 car 0
1299 458 1434 458 1434 515 1299 515 car 0
1203 521 1349 521 1349 586 1203 586 car 0
1526 769 1578 769 1578 892 1526 892 car 0
676 292 807 292 807 348 676 348 car 0
1457 1200 1507 1200 1507 1329 1457 1329 car 0
1518 1247.9999999999998 1576 1247.9999999999998 1576 1377 1518 1377 car 0
1457 1354 1503 1354 1503 1446 1457 1446 car 0
1449 1490 1503 1490 1503 1617 1449 1617 car 0
807 988 918 988 918 1096 807 1096 car 0
841 1031 957 1031 957 1142 841 1142 car 0
930 1200 1062 1200 1062 1296 930 1296 car 0
978 1331 1082 1331 1082 1400 978 1400 car 0
972 1388 1101 1388 1101 1461 972 1461 car 0
972 1467 1105 1467 1105 1521 972 1521 car 0
514 800 649 800 649 875 514 875 car 0
504.99999999999994 1046 647 1046 647 1104 504.99999999999994 1104 car 0
493.99999999999994 1104 651 1104 651 1163 493.99999999999994 1163 car 0
489.99999999999994 1166 647 1166 647 1225 489.99999999999994 1225 car 0
532 565 603 565 603 598 532 598 bicycle 0
1299 1027 1341 1027 1341 1086 1299 1086 bicycle 0
1566 704 1603 704 1603 754 1566 754 bicycle 0
1453 1671 1503 1671 1503 1800 1453 1800 car 0
1512 1679 1570 1679 1570 1804 1512 1804 truck 0
1445 1827 1499 1827 1499 1958 1445 1958 truck 0
1501 1831 1574 1831 1574 2131 1501 2131 truck 0
22 481 145 481 145 546 22 546 truck 0