41 600 215 600 215 657 41 657 truck 0
176 700 322 700 322 757 176 757 truck 0
1472 859 1548 859 1548 1112 1472 1112 truck 0
1315 1457 1400 1457 1400 1712 1315 1712 truck 0
1260 1593 1317 1593 1317 1731 1260 1731 truck 0
2219 307 2400 307 2400 383 2219 383 truck 0
2634 471 2757 471 2757 531 2634 531 truck 0
481.00000000000006 912 607 912 607 962 481.00000000000006 962 car 0
472 959 588 959 588 1031 472 1031 car 0
488 1026 584 1026 584 1074 488 1074 car 0
512 1098 615 1098 615 1145 512 1145 car 0
484 1145 629 1145 629 1217 484 1217 car 0
493 1209 581 1209 581 1271 493 1271 car 0
453 1264 584 1264 584 1333 453 1333 car 0
757 1021 807 1021 807 1129 757 1129 car 0
788 1083 867 1083 867 1167 788 1167 car 0
812 1133 931 1133 931 1212 812 1212 car 0
869 1195 968.9999999999999 1195 968.9999999999999 1271 869 1271 car 0
876 1255 993 1255 993 1314 876 1314 car 0
896 1295.0000000000002 1017 1295.0000000000002 1017 1374 896 1374 car 0
915 1429 1053 1429 1053 1498 915 1498 car 0
943 1500 1029 1500 1029 1559 943 1559 car 0
907 1576 1050 1576 1050 1619 907 1619 car 0
91 455 205 455 205 508.99999999999994 91 508.99999999999994 car 0
310 536 419 536 419 586 310 586 car 0
281 617 393 617 393 664 281 664 car 0
481.00000000000006 538 591 538 591 590 481.00000000000006 590 car 0
474 609 565 609 565 667 474 667 car 0
672 555 774 555 774 600 672 600 car 0
781 362 872 362 872 426 781 426 car 0
636 621 734 621 734 669 636 669 car 0
846 552 919 552 919 593 846 593 car 0
1002.9999999999999 538 1100 538 1100 609 1002.9999999999999 609 car 0
824 621 946 621 946 671 824 671 car 0
964.9999999999999 619 1117 619 1117 705 964.9999999999999 705 car 0
1038 702 1105 702 1105 740 1038 740 bicycle 0
1372 400 1450 400 1450 448 1372 448 car 0
1381 664 1481 664 1481 788 1381 788 car 0
1346 929 1400 929 1400 1079 1346 1079 car 0
1426 1067 1479 1067 1479 1193 1426 1193 car 0
1510 1164 1536 1164 1536 1279 1510 1279 car 0
1438 1255 1481 1255 1481 1374 1438 1374 car 0
1503 1345 1543 1345 1543 1464 1503 1464 car 0
1412 1388 1474 1388 1474 1474.0000000000002 1412 1474.0000000000002 car 0
1507 1514 1548 1514 1548 1593 1507 1593 car 0
1426 1624 1486 1624 1486 1729 1426 1729 car 0
1486 1648 1541 1648 1541 1755 1486 1755 car 0
1429 1764 1517 1764 1517 1909 1429 1909 car 0
1434 1938 1496 1938 1496 2045 1434 2045 car 0
1360 2000 1388 2000 1388 2129 1360 2129 car 0
1276 1959 1338 1959 1338 2067 1276 2067 car 0
1288 1826 1307 1826 1307 1926 1288 1926 car 0
2103 731 2229 731 2229 767 2103 767 car 0
2253 481 2367 481 2367 519 2253 519 car 0
1836 426 1955.0000000000002 426 1955.0000000000002 474 1836 474 car 0
2460 393 2565 393 2565 452 2460 452 car 0
2803 398 2919 398 2919 455 2803 455 car 0
2853 469 2960 469 2960 536 2853 536 car 0
3157 417 3226 417 3226 448 3157 448 car 0
3374 373.99999999999994 3479 373.99999999999994 3479 421 3374 421 car 0
3357 450 3472 450 3472 538 3357 538 car 0
3726 462 3829 462 3829 521 3726 521 car 0
3398 662 3500 662 3500 719 3398 719 car 0
3179 769 3312 769 3312 809 3179 809 car 0
1857 771 1993 771 1993 867 1857 867 truck 0