923 772 978 772 978 818 923 818 bicycle 0
2205 260 2285 260 2285 293 2205 293 bicycle 0
2149 386 2217 386 2217 424 2149 424 bicycle 0
3026 704 3085 704 3085 739 3026 739 bicycle 0
361 492 517 492 517 566 361 566 truck 0
544 501 670 501 670 565 544 565 truck 0
844 431 968.9999999999999 431 968.9999999999999 500 844 500 truck 0
790 336 920 336 920 396 790 396 truck 0
1247 537 1352 537 1352 668 1247 668 truck 0
1388 1312 1444 1312 1444 1434 1388 1434 truck 0
1449 1104 1517 1104 1517 1378 1449 1378 truck 0
554 860 629 860 629 983 554 983 truck 0
385 1065 546 1065 546 1127 385 1127 truck 0
379 1251 526 1251 526 1316 379 1316 truck 0
711 1001 810 1001 810 1115 711 1115 truck 0
807 1156 940 1156 940 1274 807 1274 truck 0
1455 1774 1502 1774 1502 1900 1455 1900 truck 0
1817 210 2090 210 2090 287 1817 287 truck 0
2064 298 2191 298 2191 354 2064 354 truck 0
3152 589 3429 589 3429 665 3152 665 truck 0
2269 304 2376 304 2376 362 2269 362 truck 0
3004 233 3152 233 3152 287 3004 287 truck 0
3354 300 3481 300 3481 365 3354 365 truck 0
3670 303 3817 303 3817 366 3670 366 truck 0
170 493 304 493 304 554 170 554 car 0
178 565 316 565 316 628 178 628 car 0
466 353 604 353 604 412 466 412 car 0
701 500 819 500 819 563 701 563 car 0
882 512 1007.0000000000001 512 1007.0000000000001 571 882 571 truck 0
911 586 1049 586 1049 651 911 651 car 0
1360 143 1437 143 1437 265 1360 265 car 0
1275 412 1373 412 1373 518 1275 518 car 0
394 812 528 812 528 882.9999999999999 394 882.9999999999999 car 0
423 1009 544 1009 544 1060 423 1060 car 0
376 1128 534 1128 534 1186 376 1186 car 0
372 1189 529 1189 529 1254 372 1254 car 0
884 1356 994 1356 994 1416 884 1416 car 0
878 1427 1007.0000000000001 1427 1007.0000000000001 1483 878 1483 car 0
882 1484 1011.0000000000001 1484 1011.0000000000001 1557 882 1557 car 0
1193 1004 1275 1004 1275 1122 1193 1122 car 0
1437 669 1497 669 1497 804 1437 804 car 0
1390 909 1451 909 1451 1028 1390 1028 car 0
1391 1724 1446 1724 1446 1851 1391 1851 car 0
1522 1701 1579 1701 1579 1821 1522 1821 car 0
1922.9999999999998 623.9999999999999 2034 623.9999999999999 2034 713 1922.9999999999998 713 car 0
1844 310 1979 310 1979 363.00000000000006 1844 363.00000000000006 car 0
1787 381 1913 381 1913 434 1787 434 car 0
1985.0000000000002 373.99999999999994 2110 373.99999999999994 2110 436.00000000000006 1985.0000000000002 436.00000000000006 car 0
2246 377 2376 377 2376 433 2246 433 car 0
2401 372 2529 372 2529 428 2401 428 car 0
2446 300 2585 300 2585 363.00000000000006 2446 363.00000000000006 car 0
2558 381 2666 381 2666 425.00000000000006 2558 425.00000000000006 car 0
2864 640 2991 640 2991 707 2864 707 car 0
2638 304 2758 304 2758 360 2638 360 truck 0
2775 295 2904 295 2904 365 2775 365 car 0
2713 372 2849 372 2849 434 2713 434 car 0
2884 378 3017 378 3017 439 2884 439 car 0
2996 298 3134 298 3134 366 2996 366 car 0
3067 381 3178 381 3178 436.00000000000006 3067 436.00000000000006 car 0
3187 372 3313 372 3313 437 3187 437 car 0