3700 623 3750 623 3750 650 3700 650 bicycle 0
2538 308 2603 308 2603 335 2538 335 bicycle 0
1319 228 1387 228 1387 258 1319 258 bicycle 0
1434 752 1463 752 1463 812 1434 812 bicycle 0
1286 1594 1371 1594 1371 1863 1286 1863 truck 0
1459 1382.9999999999998 1539 1382.9999999999998 1539 1647 1459 1647 truck 0
1476 1708 1535 1708 1535 1839 1476 1839 truck 0
1414 1998 1474 1998 1474 2123 1414 2123 truck 0
1404 1171 1460 1171 1460 1295.0000000000002 1404 1295.0000000000002 truck 0
1478 1235 1532 1235 1532 1354 1478 1354 truck 0
1476 795 1528 795 1528 903 1476 903 truck 0
1438 522 1556 522 1556 582 1438 582 truck 0
1763 370 1896 370 1896 442 1763 442 truck 0
1790 251 1915 251 1915 311.99999999999994 1790 311.99999999999994 truck 0
2230 462 2355 462 2355 514 2230 514 truck 0
2338 582 2598 582 2598 655 2338 655 truck 0
2831 460 2958 460 2958 514 2831 514 truck 0
2882 302 2986 302 2986 363.00000000000006 2882 363.00000000000006 truck 0
3483 452 3610 452 3610 506 3483 506 truck 0
3332 310 3471 310 3471 367 3332 367 car 0
3199 450 3326 450 3326 515 3199 515 car 0
3331 531 3455 531 3455 579 3331 579 car 0
3544 520 3668 520 3668 575 3544 575 car 0
3160 618 3284 618 3284 678 3160 678 car 0
2835 632 2964 632 2964 688 2835 688 car 0
2520 456 2647 456 2647 510 2520 510 car 0
1908 466 2034 466 2034 519 1908 519 car 0
1798 540 1926 540 1926 588 1798 588 car 0
1937.9999999999998 388 2067 388 2067 439 1937.9999999999998 439 car 0
2110 379 2231 379 2231 438 2110 438 car 0
2255 383 2387 383 2387 438 2255 438 car 0
2432 382 2562 382 2562 438 2432 438 car 0
1927 318 2046 318 2046 368 1927 368 car 0
2567 524 2700 524 2700 575 2567 575 car 0
2400 666 2522 666 2522 722 2400 722 car 0
2291 524 2414 524 2414 582 2291 582 truck 0
1868 670 1982 670 1982 758 1868 758 car 0
1203 534 1323 534 1323 586 1203 586 car 0
566 306 696 306 696 367 566 367 car 0
504 232 612 232 612 292 504 292 car 0
1476 940 1532 940 1532 1031 1476 1031 car 0
1290 306 1414 306 1414 370 1290 370 truck 0
712 516 847 516 847 583 712 583 truck 0
354 516 480 516 480 571 354 571 truck 0
598 859 672 859 672 980 598 980 truck 0
650 903 746 903 746 1023 650 1023 truck 0
438 818 574 818 574 879 438 879 car 0
750 996.0000000000001 851 996.0000000000001 851 1106 750 1106 car 0
779 1044 895 1044 895 1152 779 1152 car 0
578 1023 695 1023 695 1095 578 1095 car 0
442 1062 583 1062 583 1116 442 1116 car 0
442 1122 584 1122 584 1175 442 1175 car 0
430 1180 578 1180 578 1239 430 1239 car 0
883 1214 1004 1214 1004 1304 883 1304 car 0
920 1348 1023 1348 1023 1412 920 1412 car 0
906 1402 1047 1402 1047 1468 906 1468 car 0
907 1474.0000000000002 1044 1474.0000000000002 1044 1527 907 1527 car 0
1399 1017.9999999999999 1460 1017.9999999999999 1460 1134.9999999999998 1399 1134.9999999999998 car 0
1468 1064 1527 1064 1527 1171 1468 1171 car 0
1407 1351 1463 1351 1463 1467 1407 1467 truck 0
1415 1515 1466 1515 1466 1630.9999999999998 1415 1630.9999999999998 car 0
1406 1666 1470 1666 1470 1787.9999999999998 1406 1787.9999999999998 car 0