1 0.273177 0.062037 0.031250 0.028704
1 0.206901 0.260417 0.031510 0.023611
1 0.447917 0.198380 0.030729 0.027315
0 0.717969 0.186574 0.031771 0.023148
1 0.795573 0.182407 0.033333 0.024074
0 0.376693 0.473611 0.011719 0.051852
1 0.393099 0.390741 0.012240 0.055556
0 0.379297 0.618287 0.012760 0.045833
0 0.652344 0.327546 0.021875 0.018056
0 0.135026 0.402546 0.033073 0.022685
0 0.137891 0.514120 0.033073 0.022685
0 0.136068 0.540972 0.033073 0.022685
0 0.133724 0.569444 0.035156 0.022222
0 0.140234 0.486574 0.025260 0.019444
1 0.167969 0.434491 0.017708 0.051389
1 0.182812 0.452315 0.022917 0.052778
0 0.213281 0.496065 0.023958 0.047685
1 0.241927 0.565046 0.030729 0.047685
0 0.250260 0.591435 0.030208 0.039352
0 0.256641 0.645139 0.024740 0.025463
0 0.260156 0.674537 0.031771 0.027778
0 0.261719 0.705093 0.031250 0.022222
0 0.341016 0.871991 0.012240 0.050463
0 0.220443 0.230093 0.023698 0.019444
1 0.255078 0.228241 0.030469 0.022222
0 0.249870 0.257870 0.023698 0.019444
1 0.014844 0.088889 0.029167 0.025000
0 0.017969 0.256944 0.031771 0.025000
1 0.162109 0.257639 0.030990 0.021759
1 0.560807 0.185880 0.065885 0.033796
2 0.195703 0.225926 0.014844 0.008333
0 0.160156 0.224769 0.031771 0.020833
0 0.108073 0.256250 0.031771 0.020833
1 0.097917 0.290278 0.076042 0.029630
0 0.249740 0.292593 0.031250 0.021296
1 0.394271 0.162731 0.031771 0.022685
0 0.103906 0.225694 0.036979 0.021759
0 0.054427 0.225463 0.033854 0.023148
0 0.072656 0.255556 0.029687 0.019444
0 0.164453 0.291898 0.030990 0.023611
0 0.202474 0.288889 0.031510 0.021296
0 0.379557 0.751620 0.012240 0.053241
0 0.378255 0.547454 0.012240 0.050463
0 0.396484 0.465972 0.012240 0.050463
0 0.534245 0.156944 0.030990 0.023148
1 0.467318 0.157407 0.030990 0.023148
0 0.378906 0.687500 0.011979 0.052778
0 0.395703 0.536111 0.012240 0.055556
1 0.396875 0.811343 0.012500 0.050463
1 0.396745 0.606481 0.012760 0.046296
2 0.396484 0.652546 0.006510 0.023611
1 0.056120 0.154167 0.030469 0.020370
0 0.142839 0.125694 0.036198 0.019907
0 0.356641 0.313194 0.019010 0.050463
0 0.355339 0.445139 0.012240 0.050463
0 0.358073 0.946065 0.013542 0.046759
0 0.397396 0.866204 0.010937 0.048148
0 0.381250 0.826852 0.010417 0.055556
0 0.394661 0.752083 0.014323 0.052315
2 0.200260 0.112731 0.014063 0.009722
1 0.029948 0.295139 0.059375 0.029167
1 0.180339 0.158102 0.029948 0.020833
0 0.243359 0.127778 0.032031 0.021296
0 0.335417 0.126852 0.030729 0.022222
0 0.255859 0.162037 0.032031 0.021296
0 0.328906 0.161806 0.025000 0.020833
2 0.649740 0.191435 0.015625 0.012500
0 0.724740 0.154630 0.028646 0.024074
0 0.607682 0.152546 0.034115 0.022685
0 0.360026 0.680093 0.013281 0.048148
1 0.834375 0.146759 0.030208 0.022222
1 0.896354 0.178935 0.040104 0.027315
1 0.950391 0.178935 0.033594 0.024537
0 0.360417 0.779398 0.011979 0.051389
0 0.358464 0.867361 0.009635 0.035648
0 0.382812 0.896065 0.011458 0.052315
