1 0.269792 0.059491 0.033333 0.030093
0 0.229297 0.224537 0.030990 0.020370
1 0.250000 0.259491 0.034375 0.023611
0 0.129948 0.400694 0.033333 0.023611
0 0.132812 0.514120 0.033333 0.023611
0 0.131510 0.540509 0.033333 0.023611
0 0.129948 0.569676 0.033333 0.023611
0 0.135677 0.486111 0.024479 0.019444
1 0.162891 0.433333 0.016927 0.050000
1 0.236979 0.563889 0.029687 0.048148
0 0.206380 0.493056 0.025260 0.049074
0 0.253776 0.644676 0.023698 0.022685
0 0.255078 0.672454 0.033594 0.028241
0 0.257031 0.702546 0.030729 0.024537
0 0.339844 0.886343 0.013542 0.050463
2 0.379297 0.242130 0.007031 0.022222
0 0.375781 0.481250 0.013542 0.050463
1 0.374479 0.540046 0.010937 0.045833
1 0.377083 0.621528 0.012500 0.053241
0 0.379036 0.706713 0.010677 0.053241
0 0.378516 0.803935 0.010677 0.053241
0 0.378125 0.868056 0.012500 0.050000
0 0.394141 0.675231 0.012240 0.051389
0 0.392839 0.600000 0.011198 0.051852
0 0.512630 0.158102 0.030990 0.024537
0 0.869792 0.254167 0.031250 0.024074
0 0.339453 0.793056 0.011719 0.050926
1 0.390365 0.414120 0.018750 0.095833
0 0.394141 0.521528 0.012240 0.053241
2 0.319531 0.082639 0.006771 0.024537
0 0.488932 0.187500 0.029427 0.021296
1 0.535026 0.187500 0.029427 0.023148
0 0.198828 0.305787 0.030469 0.027315
0 0.027474 0.221759 0.034635 0.025000
0 0.937109 0.320370 0.019010 0.021296
0 0.910026 0.177546 0.033073 0.019907
1 0.598698 0.182870 0.067187 0.034259
0 0.396094 0.756250 0.011458 0.052315
1 0.379036 0.940741 0.013802 0.060185
1 0.678125 0.180556 0.027083 0.022222
0 0.721224 0.183102 0.030990 0.024537
1 0.777995 0.178472 0.071094 0.035648
0 0.872526 0.114120 0.031510 0.025463
1 0.958203 0.120602 0.073177 0.038426
0 0.396615 0.895370 0.011979 0.051852
0 0.396875 0.830093 0.011979 0.051852
0 0.842578 0.176620 0.033073 0.019907
1 0.210417 0.139352 0.071875 0.038889
0 0.364714 0.038889 0.017448 0.059259
2 0.072135 0.263889 0.017708 0.013889
0 0.355729 0.749537 0.012500 0.052778
2 0.358203 0.673843 0.006510 0.024537
0 0.416276 0.971065 0.012760 0.050463
1 0.410938 0.700926 0.014583 0.056481
0 0.608984 0.152546 0.030990 0.024537
1 0.689193 0.149769 0.029948 0.025463
0 0.725260 0.119907 0.030729 0.023148
2 0.400911 0.285648 0.008073 0.019444
