2 0.276562 0.052778 0.031771 0.030556
0 0.217057 0.214352 0.030990 0.020370
0 0.256510 0.252546 0.034375 0.023611
0 0.134375 0.384954 0.033333 0.023611
0 0.135156 0.500694 0.033333 0.023611
0 0.134896 0.527546 0.033333 0.023611
0 0.134115 0.553009 0.033333 0.023611
0 0.139844 0.472454 0.027083 0.019907
0 0.168099 0.419213 0.016406 0.054167
0 0.237760 0.553241 0.031771 0.048148
0 0.210677 0.482639 0.026042 0.051389
0 0.255729 0.636111 0.023958 0.025926
0 0.256901 0.663194 0.033594 0.028241
0 0.257812 0.695139 0.030729 0.024537
0 0.376953 0.640046 0.012240 0.051389
0 0.488281 0.157639 0.029687 0.022685
0 0.335807 0.839352 0.011719 0.050926
0 0.256380 0.286806 0.032552 0.019907
2 0.118490 0.210417 0.038542 0.023611
0 0.898698 0.195139 0.031250 0.023611
1 0.529167 0.188426 0.067187 0.034259
0 0.645833 0.188426 0.027083 0.022222
0 0.707552 0.192130 0.030729 0.023148
1 0.781901 0.191898 0.071094 0.035648
0 0.894922 0.160880 0.033594 0.021759
0 0.940885 0.196528 0.030729 0.022685
0 0.845313 0.191667 0.030208 0.023148
3 0.229297 0.276852 0.012240 0.009259
0 0.603646 0.157407 0.029167 0.021296
0 0.175651 0.214352 0.031510 0.022222
0 0.257422 0.215741 0.030990 0.020370
1 0.455729 0.121065 0.068229 0.034722
0 0.844661 0.156019 0.033073 0.021296
0 0.162630 0.243056 0.030469 0.023148
0 0.206250 0.247917 0.034375 0.023611
0 0.376563 0.711343 0.010937 0.048611
3 0.583464 0.187731 0.012760 0.009722
0 0.598437 0.126620 0.029687 0.023611
0 0.655729 0.156713 0.029687 0.020833
0 0.803906 0.157176 0.030208 0.020833
3 0.975000 0.191667 0.013542 0.010185
0 0.060156 0.240278 0.031771 0.021296
0 0.121224 0.238889 0.032031 0.020370
3 0.266536 0.308796 0.014323 0.010185
0 0.194141 0.278009 0.033594 0.019907
0 0.105859 0.270139 0.033594 0.019907
0 0.068490 0.271991 0.032292 0.025463
0 0.069141 0.209028 0.034115 0.019907
0 0.025651 0.209491 0.034115 0.019907
0 0.377083 0.493750 0.011979 0.052315
0 0.686328 0.126620 0.032031 0.023611
0 0.729688 0.161343 0.031771 0.021759
0 0.747005 0.128704 0.033594 0.023148
0 0.034115 0.265278 0.028646 0.022222
0 0.019271 0.236111 0.032292 0.019444
0 0.393359 0.388657 0.012760 0.049537
0 0.336979 0.778704 0.013021 0.051852
3 0.772396 0.137731 0.013021 0.011574
0 0.054818 0.077083 0.033073 0.028241
0 0.377214 0.566435 0.012240 0.051389
0 0.395703 0.465046 0.011198 0.047685
0 0.355208 0.453704 0.013021 0.050926
0 0.233073 0.150463 0.031250 0.023148
0 0.296354 0.131019 0.031250 0.023148
0 0.371094 0.155093 0.031250 0.023148
0 0.356641 0.838426 0.011719 0.050926
0 0.385807 0.259491 0.025260 0.045833
