2 0.271354 0.057639 0.033333 0.030093
0 0.213411 0.220370 0.030990 0.020370
0 0.252344 0.257176 0.034375 0.023611
0 0.129688 0.395602 0.033333 0.023611
0 0.131771 0.509028 0.033333 0.023611
0 0.130469 0.534954 0.033333 0.023611
0 0.129167 0.565509 0.033333 0.023611
0 0.133854 0.482870 0.024479 0.019444
0 0.164453 0.429167 0.016927 0.050000
0 0.235677 0.560648 0.031771 0.048148
0 0.206771 0.489120 0.026042 0.051389
0 0.253385 0.643981 0.023958 0.025926
0 0.254557 0.670602 0.033594 0.028241
0 0.255469 0.701620 0.030729 0.024537
0 0.377083 0.959491 0.013542 0.050463
0 0.379297 0.672454 0.012240 0.051389
0 0.496875 0.156713 0.029687 0.022685
0 0.336589 0.845833 0.011719 0.050926
3 0.320833 0.080324 0.006771 0.024537
0 0.489193 0.187500 0.029427 0.021296
0 0.535026 0.189352 0.029427 0.023148
0 0.252734 0.290278 0.033594 0.022222
2 0.100000 0.216898 0.038542 0.023611
0 0.979036 0.315741 0.027344 0.022222
0 0.897135 0.185417 0.031250 0.023611
1 0.597396 0.184259 0.067187 0.034259
0 0.677865 0.180556 0.027083 0.022222
0 0.720703 0.183565 0.030990 0.024537
1 0.776953 0.186806 0.071094 0.035648
0 0.958854 0.143750 0.031771 0.021759
0 0.943490 0.182870 0.032292 0.025926
0 0.392969 0.775463 0.011979 0.051852
0 0.841146 0.181944 0.032292 0.022222
0 0.364323 0.014583 0.013021 0.028241
3 0.222266 0.281944 0.014323 0.010185
0 0.582812 0.153935 0.030208 0.023611
0 0.640104 0.152315 0.029167 0.021296
0 0.167318 0.221759 0.031510 0.022222
0 0.361068 0.218056 0.024219 0.049074
0 0.298958 0.158565 0.030729 0.037500
0 0.251693 0.222222 0.030990 0.020370
1 0.394792 0.923380 0.018229 0.118981
0 0.382422 0.297454 0.018490 0.058796
0 0.500391 0.122917 0.029427 0.022685
0 0.542057 0.156481 0.030990 0.021296
1 0.572135 0.117824 0.068229 0.034722
0 0.853906 0.146759 0.031771 0.020370
0 0.034115 0.086806 0.031771 0.025463
0 0.059245 0.247685 0.030469 0.023148
0 0.170964 0.276852 0.031510 0.021296
0 0.201042 0.252083 0.034375 0.023611
0 0.121354 0.136806 0.032292 0.022685
0 0.200911 0.160880 0.030990 0.023611
0 0.323437 0.236111 0.023958 0.044444
2 0.357943 0.331250 0.021615 0.059722
2 0.371745 0.437500 0.012240 0.051852
3 0.373568 0.504630 0.004427 0.021296
0 0.376042 0.822685 0.011979 0.051852
1 0.391667 0.551157 0.019271 0.115278
0 0.762240 0.249074 0.031771 0.023148
0 0.740104 0.315278 0.030208 0.020370
0 0.946484 0.281713 0.034115 0.024537
3 0.639844 0.170370 0.014583 0.012963
3 0.790625 0.120370 0.014583 0.012963
0 0.639844 0.118750 0.029687 0.023611
0 0.677604 0.151620 0.029687 0.020833
0 0.777083 0.151620 0.030208 0.020833
3 0.984375 0.179167 0.013542 0.010185
0 0.010807 0.217130 0.021094 0.021296
