2 0.262760 0.071065 0.032292 0.034722
0 0.129297 0.420139 0.033073 0.022685
0 0.134245 0.529861 0.033073 0.022685
0 0.132161 0.558565 0.033073 0.022685
0 0.132943 0.585185 0.035156 0.022222
0 0.136589 0.503241 0.025260 0.019444
0 0.164453 0.451157 0.018490 0.052315
0 0.208333 0.506250 0.026042 0.048611
0 0.238281 0.575000 0.031250 0.050000
0 0.248438 0.601620 0.030208 0.039352
0 0.256641 0.656713 0.024740 0.025463
0 0.258073 0.686574 0.031771 0.027778
0 0.258854 0.714352 0.031250 0.022222
0 0.346354 0.898843 0.012500 0.051389
0 0.341927 0.842593 0.013021 0.052778
3 0.215885 0.161111 0.011979 0.010185
0 0.471615 0.192593 0.030208 0.024074
0 0.516276 0.187269 0.030469 0.020833
0 0.659635 0.174769 0.030729 0.022685
0 0.577344 0.185417 0.030729 0.018056
0 0.700260 0.171296 0.032813 0.024074
0 0.211328 0.271528 0.031510 0.018981
0 0.260156 0.273611 0.032292 0.021296
0 0.766276 0.166898 0.029948 0.021759
0 0.008724 0.177546 0.016927 0.019907
0 0.254818 0.242130 0.022135 0.022222
0 0.485026 0.155093 0.027865 0.021296
0 0.116406 0.241435 0.025000 0.018981
0 0.072526 0.275926 0.030990 0.021296
0 0.165104 0.271065 0.032813 0.021759
0 0.119922 0.274074 0.025260 0.020370
0 0.537240 0.154167 0.030208 0.021296
0 0.195573 0.239583 0.032292 0.023611
0 0.153385 0.239583 0.032292 0.023611
0 0.256641 0.301389 0.028385 0.021296
0 0.573698 0.151389 0.030208 0.021296
0 0.875391 0.158102 0.029948 0.021759
0 0.824349 0.162731 0.033594 0.024537
0 0.384115 0.817130 0.014063 0.048148
1 0.033464 0.140972 0.066406 0.035648
3 0.457943 0.172222 0.014844 0.012963
0 0.918099 0.156250 0.033594 0.024537
0 0.074349 0.246759 0.031510 0.019444
3 0.365104 0.884722 0.006771 0.018519
0 0.377995 0.560417 0.012760 0.053241
1 0.391016 0.435880 0.018490 0.101389
3 0.384375 0.350694 0.007292 0.025463
0 0.474740 0.251620 0.031250 0.026389
0 0.604427 0.281713 0.031250 0.026389
0 0.676172 0.145139 0.032552 0.020833
0 0.837370 0.257176 0.028385 0.023611
0 0.913411 0.102083 0.032552 0.025463
