2 0.273177 0.062037 0.031250 0.028704
0 0.137760 0.187500 0.029687 0.022222
0 0.040755 0.173380 0.029427 0.023611
0 0.206901 0.260417 0.031510 0.023611
0 0.469922 0.154398 0.030990 0.022685
0 0.518359 0.192824 0.030990 0.022685
0 0.555078 0.189352 0.026823 0.020370
0 0.508984 0.159259 0.030469 0.021296
0 0.640885 0.189120 0.029167 0.021759
0 0.611458 0.157176 0.028125 0.022685
0 0.650651 0.154398 0.029948 0.023611
0 0.717839 0.187963 0.033073 0.023148
0 0.763802 0.184259 0.029167 0.021296
0 0.828125 0.182639 0.031250 0.020833
0 0.918880 0.182870 0.031510 0.024074
0 0.868880 0.186806 0.029427 0.024537
0 0.601172 0.187963 0.028906 0.022222
0 0.475651 0.189815 0.029948 0.022222
0 0.489714 0.129167 0.029948 0.022222
0 0.418099 0.121759 0.029948 0.022222
0 0.375651 0.483796 0.011719 0.051852
0 0.392318 0.484722 0.011719 0.058333
0 0.380990 0.835880 0.011458 0.048611
0 0.651823 0.328935 0.021875 0.018056
0 0.135026 0.402546 0.033073 0.022685
0 0.137891 0.514120 0.033073 0.022685
0 0.136068 0.540972 0.033073 0.022685
0 0.133724 0.569444 0.035156 0.022222
0 0.140234 0.486574 0.025260 0.019444
0 0.167969 0.434491 0.017708 0.051389
0 0.182812 0.452315 0.022917 0.052778
0 0.213281 0.496065 0.023958 0.047685
0 0.241927 0.565046 0.030729 0.047685
0 0.250260 0.591435 0.030208 0.039352
0 0.256641 0.645139 0.024740 0.025463
0 0.260156 0.674537 0.031771 0.027778
0 0.261719 0.705093 0.031250 0.022222
0 0.341016 0.871991 0.012240 0.050463
0 0.220443 0.230093 0.023698 0.019444
0 0.252604 0.226620 0.029167 0.020833
0 0.249870 0.257870 0.023698 0.019444
1 0.354167 0.233796 0.044792 0.092593
3 0.422526 0.193519 0.012240 0.010185
0 0.561328 0.157870 0.023177 0.020370
0 0.013021 0.088194 0.025521 0.023611
0 0.018750 0.256250 0.033333 0.026389
0 0.162109 0.257639 0.030990 0.021759
0 0.107813 0.150000 0.032292 0.021296
0 0.307292 0.215972 0.031771 0.047685
0 0.351562 0.299306 0.022396 0.057870
0 0.680729 0.188657 0.023958 0.018981
0 0.978516 0.109259 0.034115 0.022222
1 0.970703 0.180093 0.058594 0.037037
0 0.339062 0.665278 0.012500 0.051852
3 0.195703 0.225926 0.014844 0.008333
0 0.261198 0.146991 0.027083 0.025463
0 0.160156 0.224769 0.031771 0.020833
0 0.108073 0.256250 0.031771 0.020833
1 0.029036 0.288889 0.057552 0.031481
0 0.249740 0.292593 0.031250 0.021296
0 0.851953 0.260880 0.031510 0.023611
0 0.538932 0.128241 0.029948 0.022222
1 0.598568 0.121296 0.067448 0.032407
0 0.714583 0.152546 0.031771 0.022685
3 0.653385 0.133333 0.016146 0.012963
0 0.237760 0.181713 0.028646 0.022685
0 0.103906 0.225694 0.036979 0.021759
0 0.037760 0.222685 0.033854 0.023148
0 0.064583 0.257407 0.029687 0.019444
0 0.143099 0.292361 0.030990 0.023611
0 0.200651 0.290741 0.032031 0.025000
0 0.398828 0.943519 0.013281 0.053704
0 0.377995 0.646528 0.012240 0.050463
0 0.395703 0.656713 0.012240 0.050463
0 0.688932 0.121528 0.025260 0.020833
0 0.966797 0.144444 0.029948 0.021296
0 0.841016 0.150926 0.031510 0.025926
