2 0.275521 0.052546 0.033333 0.030093
0 0.217057 0.214352 0.030990 0.020370
0 0.253906 0.250694 0.034375 0.023611
0 0.134375 0.389583 0.033333 0.023611
0 0.134375 0.502083 0.033333 0.023611
0 0.133073 0.529398 0.033333 0.023611
0 0.132292 0.553935 0.033333 0.023611
0 0.137500 0.473843 0.027083 0.019907
0 0.166016 0.424306 0.016406 0.054167
0 0.237760 0.553241 0.031771 0.048148
0 0.209375 0.484954 0.026042 0.051389
0 0.254427 0.637037 0.023958 0.025926
0 0.256120 0.664120 0.033594 0.028241
0 0.255990 0.695602 0.030729 0.024537
0 0.376953 0.640046 0.012240 0.051389
0 0.502604 0.157176 0.029687 0.022685
0 0.337891 0.843519 0.011719 0.050926
0 0.493099 0.189352 0.029427 0.021296
0 0.539193 0.191204 0.029948 0.023148
0 0.256380 0.286806 0.032552 0.019907
2 0.117969 0.210880 0.038542 0.023611
0 0.899479 0.190509 0.031250 0.023611
1 0.601562 0.189352 0.067187 0.034259
0 0.681771 0.186111 0.027083 0.022222
0 0.721354 0.189815 0.030729 0.023148
1 0.782943 0.189120 0.071094 0.035648
0 0.892578 0.157176 0.033594 0.021759
0 0.941146 0.191435 0.030729 0.022685
0 0.845573 0.189352 0.030208 0.023148
3 0.228255 0.277315 0.014323 0.010185
0 0.585938 0.156713 0.030208 0.023611
0 0.644010 0.156481 0.029167 0.021296
0 0.173828 0.214352 0.031510 0.022222
0 0.255599 0.218056 0.030990 0.020370
0 0.504818 0.123843 0.029427 0.022685
0 0.545182 0.158102 0.029948 0.022685
1 0.577344 0.119676 0.068229 0.034722
0 0.846224 0.152778 0.033073 0.021296
0 0.160547 0.244907 0.030469 0.023148
0 0.207161 0.285648 0.031510 0.035185
0 0.205990 0.246991 0.034375 0.023611
0 0.376302 0.719676 0.010937 0.048611
3 0.643099 0.173843 0.012760 0.009722
0 0.644792 0.121991 0.029687 0.023611
0 0.682031 0.154861 0.029687 0.020833
0 0.804167 0.153472 0.030208 0.020833
3 0.973698 0.188426 0.013542 0.010185
0 0.057813 0.239352 0.031771 0.021296
0 0.118099 0.241667 0.032031 0.020370
3 0.266536 0.308796 0.014323 0.010185
0 0.146745 0.276157 0.033594 0.019907
0 0.105078 0.271065 0.033594 0.019907
0 0.065495 0.274306 0.033594 0.019907
0 0.067839 0.209954 0.034115 0.019907
0 0.023047 0.211343 0.034115 0.019907
0 0.375521 0.496065 0.011979 0.052315
0 0.696484 0.122917 0.032031 0.023611
0 0.751302 0.156713 0.031771 0.021759
0 0.747005 0.124074 0.033594 0.023148
0 0.032943 0.269676 0.026302 0.019907
0 0.037370 0.153704 0.029427 0.023148
1 0.214974 0.116898 0.070052 0.049537
0 0.017188 0.237963 0.032292 0.019444
3 0.267188 0.352315 0.013542 0.018519
0 0.393359 0.388657 0.012760 0.049537
0 0.336979 0.778704 0.013021 0.051852
3 0.773438 0.133565 0.013021 0.011574
0 0.133854 0.112731 0.033333 0.022685
0 0.066536 0.087269 0.033594 0.031944
3 0.327344 0.262500 0.006771 0.020370
0 0.377214 0.566435 0.012240 0.051389
0 0.396484 0.608565 0.011198 0.047685
0 0.357161 0.491898 0.012760 0.054167
0 0.785807 0.290278 0.028906 0.020370
3 0.718099 0.292593 0.014844 0.011111
3 0.412630 0.611111 0.005469 0.021296
