2 0.267448 0.068287 0.031250 0.033796
0 0.131641 0.412731 0.033073 0.022685
0 0.133984 0.521065 0.033073 0.022685
0 0.131380 0.551157 0.033073 0.022685
0 0.131641 0.579630 0.035156 0.022222
0 0.137370 0.497685 0.025260 0.019444
0 0.165104 0.443750 0.017708 0.051389
0 0.208854 0.501157 0.026042 0.048611
0 0.238281 0.570833 0.031250 0.050000
0 0.246354 0.596991 0.030208 0.039352
0 0.256380 0.652546 0.024740 0.025463
0 0.258333 0.680093 0.031771 0.027778
0 0.259635 0.709722 0.031250 0.022222
0 0.378646 0.615741 0.011979 0.052778
0 0.380339 0.781250 0.010677 0.049537
0 0.344792 0.893287 0.012500 0.051389
0 0.084115 0.267824 0.033854 0.020833
0 0.173828 0.267593 0.030990 0.018519
0 0.263411 0.269676 0.030469 0.022685
0 0.340755 0.836574 0.014844 0.049074
0 0.234245 0.328241 0.030990 0.030556
0 0.285156 0.234028 0.032292 0.020833
1 0.375911 0.543056 0.011719 0.049074
0 0.381771 0.846296 0.010937 0.050000
0 0.011328 0.266898 0.022135 0.023611
0 0.206250 0.236343 0.033854 0.020833
0 0.394792 0.553009 0.010937 0.053241
0 0.847135 0.139815 0.031250 0.022222
0 0.108464 0.235417 0.033594 0.021759
0 0.014193 0.237037 0.027865 0.020370
0 0.392318 0.465741 0.011719 0.039815
0 0.389974 0.402315 0.011719 0.047222
0 0.376172 0.478472 0.012760 0.052315
0 0.640625 0.148611 0.025521 0.020370
0 0.379818 0.705556 0.012240 0.048148
0 0.395182 0.619213 0.011719 0.051389
2 0.396484 0.699537 0.010156 0.056481
3 0.324089 0.030787 0.008594 0.024537
0 0.340625 0.303704 0.030729 0.022222
0 0.398958 0.852315 0.013021 0.050000
0 0.397266 0.781944 0.011198 0.051852
0 0.154297 0.300926 0.025781 0.019444
0 0.019792 0.307176 0.033854 0.021759
3 0.110156 0.299074 0.011979 0.010185
0 0.360417 0.732407 0.011458 0.051852
0 0.354167 0.627315 0.011979 0.048148
0 0.479818 0.191204 0.030990 0.023148
0 0.806771 0.207639 0.029167 0.022685
0 0.184375 0.680324 0.033333 0.030093
0 0.362370 0.835648 0.012760 0.053704
0 0.362760 0.926389 0.011458 0.049074
0 0.091146 0.167130 0.029167 0.018519
0 0.349219 0.264352 0.030729 0.022222
3 0.446484 0.228241 0.011198 0.010185
0 0.429557 0.299306 0.028385 0.018981
0 0.167969 0.199306 0.030208 0.020833
0 0.942187 0.152083 0.029167 0.020833
0 0.508203 0.226157 0.030469 0.019907
0 0.539583 0.271991 0.030729 0.025463
0 0.618099 0.279630 0.029427 0.024074
0 0.683594 0.303935 0.029167 0.021759
