2 0.267708 0.065972 0.031250 0.033796
0 0.131901 0.407639 0.033073 0.022685
0 0.133984 0.521065 0.033073 0.022685
0 0.131380 0.551157 0.033073 0.022685
0 0.133724 0.579167 0.035156 0.022222
0 0.137370 0.494907 0.025260 0.019444
0 0.165104 0.442824 0.017708 0.051389
0 0.210938 0.499769 0.026042 0.048611
0 0.238281 0.570833 0.031250 0.050000
0 0.246354 0.596991 0.030208 0.039352
0 0.256380 0.651157 0.024740 0.025463
0 0.258333 0.680093 0.031771 0.027778
0 0.259635 0.709722 0.031250 0.022222
0 0.378646 0.614815 0.011979 0.052778
0 0.380339 0.781250 0.010677 0.049537
0 0.344010 0.893287 0.012500 0.051389
0 0.135286 0.265278 0.032031 0.024074
2 0.277734 0.266435 0.037240 0.025463
0 0.339844 0.835185 0.013021 0.052778
0 0.291276 0.390278 0.028385 0.044444
0 0.354427 0.228935 0.032292 0.020833
1 0.375911 0.543056 0.011719 0.049074
0 0.380990 0.845370 0.010937 0.050000
0 0.395052 0.552083 0.010937 0.053241
0 0.075391 0.231713 0.033594 0.021759
0 0.392578 0.465509 0.011198 0.041204
0 0.391016 0.397222 0.011719 0.047222
0 0.375911 0.476157 0.012760 0.052315
0 0.380339 0.692130 0.012240 0.048148
0 0.395182 0.619213 0.011719 0.051389
2 0.396745 0.698611 0.010156 0.056481
3 0.324089 0.030787 0.008594 0.024537
0 0.398958 0.851389 0.013021 0.050000
0 0.397266 0.769444 0.011198 0.051852
0 0.117188 0.295370 0.034375 0.022222
0 0.363411 0.761806 0.010677 0.038426
0 0.352734 0.624769 0.014844 0.054167
0 0.526823 0.187500 0.030208 0.024074
0 0.363411 0.830324 0.011719 0.056944
0 0.360156 0.901852 0.011458 0.049074
0 0.032943 0.165046 0.031510 0.022685
0 0.374740 0.260648 0.030729 0.022222
0 0.215885 0.187269 0.034375 0.026389
0 0.635547 0.217361 0.030469 0.019907
0 0.631771 0.251389 0.030208 0.023148
0 0.746484 0.313889 0.030990 0.022222
0 0.792839 0.212963 0.031510 0.025000
0 0.756510 0.113657 0.033333 0.022685
0 0.906120 0.231250 0.031510 0.024537
0 0.743880 0.242130 0.032031 0.027778
0 0.483203 0.259259 0.028906 0.023148
0 0.351172 0.712500 0.014844 0.053704
3 0.009245 0.232639 0.017448 0.010648
0 0.188542 0.234722 0.031250 0.024074
0 0.017969 0.267593 0.028646 0.021296
0 0.262891 0.296065 0.032031 0.019907
0 0.544922 0.223148 0.028906 0.023148
0 0.613281 0.284259 0.029687 0.023148
0 0.983203 0.264120 0.027865 0.023611
0 0.991146 0.238426 0.017708 0.022222
3 0.476562 0.300694 0.014583 0.008796
0 0.480990 0.188889 0.029167 0.023148
0 0.578646 0.186111 0.030208 0.024074
0 0.676302 0.182639 0.030729 0.022685
0 0.890104 0.111343 0.033333 0.022685
0 0.972656 0.139120 0.033333 0.022685
0 0.866406 0.167824 0.033333 0.022685
0 0.794010 0.144907 0.026042 0.020370
3 0.399479 0.346991 0.005208 0.020833
