2 0.267448 0.068287 0.031250 0.033796
1 0.364453 0.361111 0.015885 0.052778
0 0.130339 0.409954 0.033073 0.022685
0 0.131901 0.521065 0.033073 0.022685
0 0.131380 0.551157 0.033073 0.022685
0 0.129818 0.575000 0.035156 0.022222
0 0.137370 0.497685 0.025260 0.019444
0 0.163281 0.443287 0.017708 0.051389
0 0.180729 0.463194 0.022917 0.058796
0 0.207031 0.500231 0.026042 0.048611
0 0.236198 0.567361 0.034375 0.053241
0 0.246354 0.599769 0.030208 0.039352
0 0.255339 0.653472 0.024740 0.025463
0 0.255990 0.681944 0.031771 0.027778
0 0.257812 0.711111 0.031250 0.022222
0 0.378906 0.700926 0.011979 0.052778
0 0.379557 0.808333 0.010156 0.051852
0 0.393359 0.547685 0.011719 0.049074
0 0.613932 0.192130 0.028385 0.023148
0 0.476953 0.195139 0.032552 0.024537
2 0.524870 0.191898 0.033594 0.024537
0 0.573307 0.192130 0.031510 0.025000
0 0.657422 0.186111 0.029948 0.021296
0 0.840495 0.181713 0.032552 0.022685
0 0.340885 0.888194 0.013021 0.052315
0 0.499740 0.161343 0.029167 0.022685
3 0.683984 0.185185 0.011719 0.010185
0 0.723437 0.185185 0.032292 0.020370
0 0.981901 0.113889 0.033073 0.025000
0 0.802474 0.180093 0.032031 0.025000
0 0.763802 0.184259 0.029687 0.023148
0 0.066927 0.266898 0.033854 0.020833
0 0.382292 0.940509 0.013021 0.053241
1 0.396484 0.769213 0.019010 0.118981
0 0.132552 0.268519 0.033333 0.023148
0 0.251042 0.268750 0.032813 0.024537
0 0.336068 0.737269 0.014323 0.053241
0 0.266406 0.297454 0.032813 0.024537
0 0.232292 0.297454 0.032813 0.024537
0 0.546875 0.160648 0.023438 0.018519
0 0.491667 0.128704 0.030729 0.023148
0 0.586458 0.159722 0.030729 0.023148
0 0.652604 0.155787 0.031771 0.020833
0 0.365885 0.150463 0.015625 0.053704
1 0.392448 0.418981 0.013542 0.049074
0 0.063932 0.135417 0.030990 0.024537
0 0.030729 0.192593 0.029167 0.024074
0 0.182422 0.170602 0.028385 0.023611
0 0.286198 0.161111 0.026562 0.030556
0 0.255078 0.189815 0.029948 0.029630
0 0.312370 0.230787 0.027865 0.044907
1 0.245312 0.235880 0.031771 0.024537
0 0.196094 0.235880 0.032292 0.020833
3 0.127344 0.309491 0.015104 0.010648
0 0.193620 0.312731 0.033594 0.028241
0 0.184896 0.267593 0.031250 0.023148
0 0.376953 0.568056 0.011719 0.049074
0 0.541667 0.132870 0.030729 0.023148
3 0.604948 0.281944 0.013542 0.012037
1 0.411849 0.915509 0.019010 0.118981
0 0.397526 0.957870 0.011198 0.043519
0 0.011849 0.267824 0.023177 0.025463
3 0.407813 0.147685 0.007292 0.019444
