2 0.268750 0.063194 0.031250 0.033796
0 0.350521 0.310648 0.018229 0.048148
0 0.374870 0.567130 0.012240 0.052778
0 0.129557 0.408565 0.033073 0.022685
0 0.131901 0.521065 0.033073 0.022685
0 0.131380 0.551157 0.033073 0.022685
0 0.129818 0.575000 0.035156 0.022222
0 0.136068 0.494444 0.025260 0.019444
0 0.163281 0.443287 0.017708 0.051389
0 0.180729 0.463194 0.022917 0.058796
0 0.207031 0.500231 0.026042 0.048611
0 0.236198 0.567361 0.034375 0.053241
0 0.246354 0.593750 0.030208 0.039352
0 0.253776 0.653472 0.024740 0.025463
0 0.254688 0.680556 0.031771 0.027778
0 0.255208 0.710185 0.031250 0.022222
0 0.371484 0.440046 0.014323 0.048611
0 0.376563 0.695833 0.011979 0.052778
0 0.394010 0.760417 0.012500 0.050463
0 0.392839 0.558333 0.012760 0.046296
3 0.393099 0.612731 0.006510 0.023611
0 0.394792 0.853241 0.010937 0.048148
0 0.377734 0.813889 0.010156 0.051852
0 0.393490 0.681944 0.013542 0.052778
0 0.613932 0.192130 0.028385 0.023148
0 0.476953 0.195139 0.032552 0.024537
2 0.524870 0.191898 0.033594 0.024537
0 0.379948 0.900231 0.011458 0.052315
0 0.572266 0.192593 0.031510 0.025000
0 0.657422 0.186111 0.029948 0.021296
0 0.840495 0.181713 0.032552 0.022685
0 0.340885 0.888194 0.013021 0.052315
0 0.357943 0.887269 0.012240 0.045833
0 0.499740 0.161343 0.029167 0.022685
3 0.683984 0.185185 0.011719 0.010185
0 0.723437 0.185185 0.032292 0.020370
0 0.952734 0.281019 0.030990 0.022222
0 0.917057 0.146759 0.033073 0.025000
0 0.802474 0.180093 0.032031 0.025000
0 0.763802 0.184259 0.029687 0.023148
0 0.047135 0.266898 0.032813 0.024537
0 0.379948 0.967361 0.013021 0.053241
1 0.395703 0.955093 0.018490 0.089815
0 0.126562 0.264120 0.032813 0.024537
0 0.251042 0.268750 0.032813 0.024537
0 0.952214 0.239583 0.029948 0.022685
0 0.335547 0.734954 0.014323 0.053241
0 0.282552 0.161111 0.033333 0.033333
0 0.297656 0.216204 0.029687 0.038889
0 0.228906 0.233102 0.030729 0.022685
0 0.266406 0.297454 0.032813 0.024537
0 0.232292 0.297454 0.032813 0.024537
0 0.788672 0.248380 0.029948 0.022685
0 0.546875 0.160648 0.023438 0.018519
0 0.571875 0.125000 0.030729 0.023148
0 0.632292 0.159259 0.030729 0.023148
0 0.711849 0.290046 0.029948 0.022685
0 0.717187 0.153935 0.031771 0.020833
0 0.091276 0.232407 0.033073 0.021296
0 0.372396 0.255556 0.020833 0.050926
0 0.389323 0.344676 0.011458 0.056944
