2 0.272266 0.068287 0.032552 0.027315
0 0.065104 0.236574 0.034896 0.021296
0 0.123047 0.265741 0.028906 0.021296
3 0.079167 0.287269 0.014583 0.011574
3 0.095833 0.299769 0.014583 0.011574
0 0.234896 0.266667 0.028125 0.024074
0 0.174870 0.232407 0.030469 0.022222
0 0.375781 0.266435 0.025000 0.021759
0 0.134896 0.408565 0.033333 0.023611
0 0.136198 0.518287 0.033333 0.023611
0 0.135937 0.543750 0.033333 0.023611
0 0.134635 0.575231 0.033333 0.023611
0 0.140885 0.494444 0.024479 0.019444
0 0.168359 0.441204 0.016927 0.050000
0 0.241536 0.568981 0.028906 0.044444
0 0.211849 0.500000 0.025260 0.049074
0 0.250651 0.595139 0.029948 0.036574
0 0.258854 0.650463 0.025521 0.020370
0 0.260286 0.678472 0.033594 0.028241
0 0.261458 0.709491 0.030729 0.024537
0 0.343750 0.885880 0.013542 0.050463
3 0.394141 0.198148 0.011198 0.011111
0 0.471615 0.228935 0.031250 0.021759
3 0.389062 0.348611 0.006771 0.024074
0 0.377865 0.482176 0.013542 0.050463
0 0.377474 0.556944 0.012760 0.047222
0 0.381771 0.630324 0.014063 0.053241
0 0.383203 0.740509 0.010677 0.053241
0 0.383724 0.831250 0.010677 0.053241
0 0.385937 0.898148 0.012500 0.050000
0 0.398047 0.678472 0.012240 0.051389
0 0.397266 0.604167 0.011198 0.051852
0 0.599870 0.221296 0.026823 0.020370
0 0.540755 0.256019 0.031510 0.022222
0 0.572656 0.319213 0.021354 0.021759
0 0.701042 0.153704 0.032813 0.025000
0 0.839323 0.150231 0.033333 0.022685
2 0.675521 0.217130 0.031771 0.025000
0 0.859766 0.244676 0.028385 0.019907
0 0.738672 0.216204 0.030990 0.022222
1 0.863281 0.211806 0.031250 0.023611
0 0.966536 0.245833 0.030469 0.023148
1 0.698177 0.309722 0.069271 0.028704
0 0.912370 0.173611 0.031510 0.022222
0 0.774870 0.275926 0.030990 0.022222
3 0.719010 0.281944 0.011458 0.010185
3 0.684896 0.252315 0.011458 0.010185
3 0.689063 0.273148 0.011458 0.010185
0 0.769271 0.247917 0.025000 0.019907
0 0.811458 0.116898 0.033333 0.022685
0 0.592318 0.284722 0.028906 0.021296
0 0.461719 0.290046 0.029167 0.020833
0 0.345052 0.234722 0.032292 0.023148
0 0.343620 0.789352 0.011719 0.050926
0 0.363021 0.856944 0.013021 0.052778
1 0.393229 0.427083 0.018750 0.095833
0 0.397005 0.525231 0.012240 0.053241
3 0.322526 0.087269 0.009115 0.022685
0 0.409245 0.134491 0.031510 0.022685
0 0.489714 0.192824 0.031510 0.022685
0 0.528255 0.158565 0.031510 0.022685
