0 0.977995 0.093519 0.012240 0.039815
2 0.990365 0.096759 0.013021 0.050926
0 0.965234 0.092824 0.013281 0.042130
0 0.952865 0.090278 0.010417 0.037037
0 0.941406 0.088889 0.011458 0.039815
0 0.935417 0.122917 0.013021 0.017130
0 0.922396 0.216435 0.009375 0.026389
0 0.929818 0.190509 0.022135 0.018981
0 0.933333 0.224769 0.011458 0.040278
0 0.945312 0.225926 0.011458 0.042593
0 0.971094 0.226852 0.009375 0.040741
0 0.982812 0.229861 0.012500 0.043056
0 0.994271 0.233102 0.009896 0.033796
2 0.960156 0.226389 0.015104 0.050000
0 0.465234 0.264583 0.008594 0.036574
0 0.747266 0.446528 0.025260 0.017130
0 0.875781 0.501389 0.023958 0.017593
2 0.849089 0.614352 0.026302 0.018519
0 0.840885 0.499769 0.025000 0.015278
2 0.629687 0.467593 0.026042 0.018519
0 0.800391 0.500000 0.026302 0.017593
3 0.636328 0.454167 0.011198 0.008333
0 0.761068 0.496759 0.025260 0.016667
1 0.770443 0.600463 0.056510 0.026852
0 0.723047 0.495833 0.025781 0.017593
0 0.691276 0.493519 0.024219 0.016667
0 0.622786 0.494213 0.024740 0.017130
3 0.655859 0.493981 0.011198 0.007407
0 0.598177 0.465509 0.020313 0.016204
0 0.585156 0.491204 0.024479 0.016667
1 0.612240 0.436574 0.059375 0.025000
0 0.168359 0.434028 0.024219 0.017130
1 0.042057 0.399074 0.058073 0.025926
0 0.131641 0.512731 0.026302 0.016204
3 0.315104 0.551157 0.013021 0.009722
0 0.176302 0.514352 0.022917 0.018519
0 0.222135 0.516898 0.025000 0.018056
0 0.171094 0.549769 0.030729 0.018056
0 0.266016 0.520833 0.024740 0.018519
0 0.287370 0.496296 0.024740 0.018519
0 0.233984 0.546991 0.023177 0.018056
0 0.319661 0.522917 0.024219 0.017130
0 0.322135 0.499537 0.023438 0.016667
0 0.355339 0.501620 0.022656 0.016204
0 0.356901 0.528472 0.025260 0.018056
0 0.394922 0.504861 0.023177 0.018981
0 0.392839 0.532639 0.024740 0.017130
3 0.429948 0.525926 0.009375 0.012963
2 0.339453 0.423843 0.025260 0.018981
2 0.229557 0.460880 0.026823 0.018981
0 0.664583 0.578704 0.024479 0.021296
0 0.380208 0.474306 0.020313 0.018981
1 0.447526 0.471065 0.050260 0.068981
2 0.454036 0.956019 0.010677 0.044444
0 0.308854 0.846991 0.026562 0.017130
0 0.307031 0.825231 0.027083 0.018056
0 0.308594 0.803241 0.026562 0.019444
0 0.308073 0.780556 0.026562 0.019444
0 0.313932 0.729630 0.020052 0.015741
0 0.314714 0.709491 0.019531 0.017130
0 0.311589 0.684491 0.025781 0.019907
0 0.310547 0.661806 0.023698 0.017130
0 0.332682 0.686806 0.011198 0.043981
0 0.344401 0.695602 0.009635 0.035648
0 0.370182 0.736111 0.021615 0.045370
0 0.377865 0.754398 0.023958 0.041204
0 0.386198 0.774074 0.021354 0.031481
0 0.391927 0.793750 0.025000 0.032870
0 0.395703 0.816204 0.026302 0.031481
0 0.400260 0.837963 0.025000 0.027778
0 0.404427 0.862500 0.026562 0.023148
0 0.404167 0.886111 0.025000 0.018519
0 0.404557 0.910185 0.026302 0.020370
1 0.067448 0.507870 0.060937 0.025926
2 0.784635 0.472917 0.026562 0.018056
0 0.985547 0.159259 0.026823 0.029630
0 0.504948 0.790509 0.009375 0.043981
0 0.050651 0.445602 0.025781 0.016204
0 0.054818 0.479398 0.027344 0.018981
3 0.972135 0.497685 0.016146 0.010185
