0 0.979297 0.092593 0.012240 0.039815
2 0.991276 0.096759 0.012760 0.050000
0 0.966536 0.092824 0.013281 0.042130
0 0.954167 0.091204 0.010417 0.037037
0 0.942187 0.090278 0.011458 0.039815
0 0.937109 0.122685 0.013281 0.015741
0 0.923438 0.216898 0.009375 0.026389
0 0.930859 0.190509 0.022135 0.018981
0 0.934896 0.225694 0.011458 0.040278
0 0.947135 0.227315 0.011458 0.042593
0 0.972656 0.226852 0.009375 0.040741
0 0.984375 0.229398 0.012500 0.043056
0 0.995052 0.234028 0.009896 0.033796
2 0.962240 0.226389 0.015104 0.050000
0 0.467057 0.281250 0.009115 0.036574
0 0.674349 0.443287 0.025260 0.018981
0 0.877214 0.501620 0.024219 0.017130
2 0.850651 0.614120 0.027344 0.018981
0 0.840755 0.500463 0.025260 0.016667
2 0.630729 0.469444 0.026042 0.018519
0 0.801953 0.500926 0.026302 0.017593
3 0.532292 0.457176 0.010937 0.009722
0 0.762240 0.498380 0.025521 0.017130
0 0.725130 0.497222 0.025781 0.017593
0 0.692969 0.494676 0.025000 0.017130
0 0.624349 0.495139 0.024740 0.017130
3 0.657943 0.495370 0.011198 0.007407
0 0.600000 0.466898 0.020313 0.016204
0 0.585938 0.492130 0.024479 0.016667
1 0.614193 0.437963 0.059115 0.025926
0 0.249740 0.496528 0.025000 0.018981
3 0.414323 0.570139 0.012500 0.008796
0 0.195833 0.518056 0.022396 0.017593
0 0.226562 0.519676 0.025000 0.018056
0 0.172917 0.552778 0.030729 0.016667
0 0.268229 0.523380 0.025000 0.017130
0 0.289714 0.499074 0.024740 0.018519
0 0.289974 0.554398 0.023177 0.016204
0 0.321484 0.526157 0.024219 0.017130
0 0.324740 0.501389 0.023438 0.016667
0 0.357422 0.504398 0.022656 0.016204
0 0.358724 0.530787 0.025260 0.018056
0 0.396745 0.508102 0.023177 0.018981
0 0.394922 0.534491 0.024740 0.017130
2 0.456510 0.957407 0.009896 0.045370
0 0.311458 0.849306 0.026562 0.017130
0 0.309635 0.827083 0.027083 0.018056
0 0.310417 0.805093 0.026562 0.019444
0 0.310677 0.782870 0.026562 0.019444
0 0.316016 0.732407 0.020052 0.015741
0 0.317578 0.710880 0.019531 0.017130
0 0.314193 0.685880 0.025781 0.019907
0 0.312891 0.665046 0.023698 0.017130
0 0.334766 0.690046 0.011198 0.043981
0 0.346354 0.696991 0.010937 0.035648
0 0.372786 0.739583 0.022135 0.041204
0 0.379948 0.756944 0.023438 0.039815
0 0.387760 0.775000 0.021354 0.031481
0 0.394531 0.795139 0.025000 0.032870
0 0.397526 0.817593 0.026302 0.031481
0 0.402604 0.839815 0.025000 0.027778
0 0.406771 0.863889 0.025521 0.022222
0 0.406380 0.888657 0.025260 0.017130
0 0.406901 0.912500 0.026302 0.020370
1 0.116536 0.515046 0.058594 0.026389
2 0.669010 0.469676 0.026562 0.018056
0 0.969531 0.159722 0.016146 0.046296
0 0.229167 0.440046 0.024479 0.018981
0 0.057422 0.507639 0.025260 0.016204
3 0.648828 0.485417 0.012760 0.009722
0 0.164974 0.517593 0.025781 0.017593
3 0.386979 0.559028 0.009896 0.008796
0 0.081250 0.429630 0.025521 0.016667
0 0.509375 0.736806 0.009896 0.043056
2 0.926693 0.471065 0.030990 0.017130
