0 0.979297 0.092593 0.012240 0.039815
2 0.990885 0.095370 0.013542 0.049074
0 0.966016 0.092824 0.013281 0.042130
0 0.953385 0.091204 0.010417 0.037037
0 0.941146 0.091204 0.011458 0.039815
0 0.936328 0.122222 0.013281 0.015741
0 0.923438 0.216898 0.009375 0.026389
0 0.930859 0.190509 0.022135 0.018981
0 0.934635 0.224769 0.011458 0.040278
0 0.947396 0.226389 0.011458 0.042593
0 0.972135 0.225926 0.009375 0.040741
0 0.984115 0.227546 0.012500 0.043056
0 0.995052 0.234028 0.009896 0.033796
2 0.961979 0.225000 0.015104 0.050000
0 0.714583 0.573148 0.020833 0.017593
0 0.674089 0.442361 0.024740 0.017130
0 0.877865 0.501389 0.025521 0.016667
2 0.850651 0.613657 0.027344 0.018056
0 0.841146 0.499306 0.025521 0.016204
2 0.631250 0.469444 0.026042 0.018519
0 0.801693 0.500000 0.026302 0.016667
0 0.762500 0.497454 0.025000 0.015278
0 0.724609 0.497222 0.025781 0.017593
0 0.692969 0.494676 0.025000 0.017130
0 0.624349 0.495139 0.024740 0.017130
3 0.657943 0.495370 0.011198 0.007407
0 0.600000 0.466898 0.020313 0.016204
0 0.585938 0.492130 0.024479 0.016667
1 0.614193 0.437963 0.059115 0.025926
0 0.250260 0.497917 0.025000 0.018981
3 0.415104 0.570139 0.012500 0.008796
0 0.196354 0.519907 0.022396 0.017593
0 0.227083 0.520602 0.025000 0.018056
0 0.173177 0.554630 0.030729 0.016667
0 0.268750 0.524769 0.025000 0.017130
0 0.289714 0.499074 0.024740 0.018519
0 0.321484 0.526157 0.024219 0.017130
0 0.325130 0.502315 0.023177 0.017593
0 0.358203 0.505324 0.022656 0.016204
0 0.358724 0.530787 0.025260 0.018056
0 0.397005 0.509028 0.023177 0.018981
0 0.395182 0.535417 0.024740 0.017130
2 0.457292 0.958333 0.009896 0.045370
0 0.311458 0.849306 0.026562 0.017130
0 0.310417 0.827546 0.027083 0.018056
0 0.310677 0.805556 0.026562 0.019444
0 0.311458 0.784259 0.026042 0.018519
0 0.316797 0.732407 0.020052 0.015741
0 0.318099 0.712269 0.019531 0.017130
0 0.314453 0.686343 0.025781 0.019907
0 0.312891 0.665046 0.023698 0.017130
0 0.334766 0.690972 0.011198 0.043981
0 0.346354 0.696991 0.010937 0.035648
0 0.372786 0.739583 0.022135 0.041204
0 0.379948 0.756944 0.023438 0.039815
0 0.387760 0.775000 0.021354 0.031481
0 0.394531 0.795139 0.025000 0.032870
0 0.397526 0.817593 0.026302 0.031481
0 0.403646 0.839352 0.025000 0.027778
0 0.407292 0.864352 0.025521 0.022222
0 0.406380 0.888657 0.025260 0.017130
0 0.406901 0.912500 0.026302 0.020370
1 0.116406 0.515278 0.058333 0.025926
2 0.669010 0.469676 0.026562 0.018056
0 0.965234 0.161343 0.025260 0.027315
0 0.062891 0.510185 0.024740 0.015741
3 0.648828 0.484954 0.013281 0.008796
0 0.164974 0.518750 0.025781 0.017130
3 0.405990 0.559491 0.009896 0.008796
0 0.510547 0.653935 0.009635 0.043056
2 0.710156 0.468981 0.028125 0.017593
0 0.648958 0.537269 0.025521 0.018056
0 0.745573 0.471065 0.025000 0.017130
2 0.829297 0.469676 0.025781 0.018056
0 0.122396 0.488657 0.025521 0.017130
0 0.845052 0.444213 0.026562 0.017130
2 0.479167 0.732639 0.009375 0.043981
0 0.011328 0.538889 0.022135 0.014815
