0 0.074740 0.928241 0.009896 0.030556
0 0.004427 0.943750 0.008333 0.018056
0 0.081250 0.917824 0.006771 0.021759
0 0.088151 0.867130 0.007552 0.014815
2 0.081380 0.871759 0.006510 0.015741
0 0.090495 0.902546 0.012240 0.021759
0 0.065755 0.991667 0.011719 0.016667
0 0.223828 0.826620 0.008073 0.023611
0 0.365365 0.760417 0.008333 0.023611
0 0.368099 0.712500 0.007031 0.025000
0 0.377734 0.687500 0.007031 0.025000
0 0.380599 0.617824 0.007031 0.024537
1 0.380339 0.512037 0.011719 0.056481
0 0.367057 0.420602 0.009115 0.025463
0 0.327344 0.302546 0.011458 0.023611
0 0.227474 0.044213 0.010677 0.023611
0 0.019792 0.174537 0.014063 0.012963
0 0.007682 0.165741 0.008073 0.020370
0 0.109766 0.184259 0.014323 0.021296
2 0.191146 0.062269 0.010417 0.023611
0 0.169661 0.006944 0.009635 0.012963
0 0.267578 0.121065 0.010156 0.019907
0 0.505208 0.296065 0.008854 0.021759
2 0.518099 0.248843 0.009115 0.031944
2 0.523828 0.226620 0.012760 0.014352
2 0.524349 0.210880 0.012760 0.018056
0 0.527734 0.200000 0.012760 0.017593
0 0.535417 0.163194 0.014583 0.018056
0 0.539193 0.152546 0.012760 0.017130
0 0.544531 0.141435 0.011979 0.016204
0 0.554167 0.151620 0.010417 0.023611
0 0.561979 0.110185 0.005729 0.025926
0 0.549870 0.052315 0.011719 0.023148
0 0.536589 0.021759 0.011719 0.023148
2 0.616667 0.044907 0.012500 0.020370
0 0.629557 0.022917 0.012240 0.019907
2 0.657292 0.011111 0.012500 0.020370
0 0.656901 0.047222 0.013802 0.012037
0 0.658724 0.065741 0.013802 0.012037
0 0.642188 0.082639 0.009896 0.018981
0 0.607812 0.336343 0.011458 0.015278
0 0.891016 0.056713 0.007552 0.026389
0 0.959115 0.370602 0.011458 0.019907
0 0.869141 0.422454 0.011198 0.012500
0 0.954297 0.381250 0.009635 0.021759
0 0.947786 0.389352 0.011719 0.023148
0 0.986068 0.400463 0.012240 0.020370
0 0.977865 0.479861 0.013542 0.021759
0 0.983464 0.604398 0.009635 0.018056
2 0.972526 0.490278 0.011719 0.013889
2 0.965885 0.496065 0.010417 0.016204
2 0.979818 0.506944 0.013281 0.016667
2 0.975000 0.514583 0.012500 0.021759
0 0.858464 0.992824 0.010677 0.014352
0 0.785026 0.928472 0.011719 0.021759
0 0.762370 0.840509 0.008594 0.021759
0 0.741927 0.843981 0.010937 0.019444
0 0.750521 0.815509 0.009375 0.022685
0 0.743359 0.796759 0.012240 0.015741
0 0.726302 0.785648 0.011979 0.020370
0 0.729818 0.822222 0.010677 0.020370
2 0.754167 0.865046 0.012500 0.021759
0 0.704297 0.757176 0.013281 0.017130
0 0.703385 0.773148 0.012500 0.018519
0 0.687630 0.791435 0.005469 0.019907
0 0.698307 0.802546 0.012760 0.018056
2 0.700391 0.787500 0.013802 0.018519
0 0.657031 0.850694 0.010937 0.023611
0 0.650000 0.815046 0.010937 0.023611
0 0.668620 0.820139 0.010156 0.022685
0 0.677214 0.797917 0.010677 0.024537
0 0.668099 0.756019 0.009115 0.024074
0 0.661328 0.783796 0.008594 0.019444
0 0.694271 0.720602 0.005729 0.025463
0 0.675521 0.712731 0.006771 0.024537
0 0.686979 0.690046 0.007812 0.027315
0 0.695703 0.689352 0.006510 0.025000
0 0.711458 0.635417 0.015625 0.010648
0 0.677995 0.645602 0.005990 0.019907
2 0.687240 0.638889 0.006771 0.025926
0 0.693750 0.615046 0.007292 0.024537
0 0.731120 0.580556 0.008073 0.024074
0 0.675260 0.612037 0.007812 0.025000
2 0.668880 0.584028 0.010677 0.025463
2 0.677474 0.579398 0.012240 0.031019
2 0.678906 0.543056 0.006771 0.027778
2 0.706641 0.532639 0.011198 0.026389
0 0.719010 0.520370 0.010937 0.024074
0 0.748437 0.543287 0.011458 0.019907
0 0.762630 0.488426 0.010156 0.021296
0 0.810807 0.482639 0.009115 0.018056
0 0.802995 0.505324 0.009635 0.020833
0 0.791797 0.536111 0.007552 0.018519
0 0.831901 0.468981 0.008594 0.017593
0 0.825000 0.564352 0.010937 0.017593
0 0.573828 0.953935 0.012240 0.013426
0 0.533724 0.982870 0.005990 0.024074
0 0.510677 0.986111 0.007812 0.026852
0 0.482943 0.947222 0.014323 0.014815
0 0.450391 0.944907 0.014323 0.012963
0 0.434896 0.952083 0.013542 0.018056
0 0.422396 0.971296 0.009375 0.018519
0 0.387109 0.971065 0.010677 0.024537
1 0.471484 0.922454 0.030990 0.020833
0 0.189323 0.956713 0.014063 0.018056
0 0.240625 0.896759 0.014063 0.016667
0 0.250781 0.919907 0.013542 0.015741
0 0.252214 0.952546 0.011719 0.016204
0 0.247526 0.974769 0.012240 0.015278
0 0.241406 0.993981 0.014063 0.012037
2 0.222266 0.981481 0.017448 0.022222
0 0.280859 0.928704 0.013281 0.016667
0 0.283724 0.941667 0.013281 0.016667
0 0.300521 0.945139 0.013542 0.017130
0 0.309115 0.952083 0.013542 0.017130
0 0.280339 0.893981 0.012760 0.016667
0 0.334245 0.928241 0.011719 0.015741
0 0.339974 0.907407 0.010156 0.013889
0 0.326562 0.886111 0.012500 0.017593
0 0.316016 0.840741 0.012760 0.019444
0 0.348047 0.821528 0.010156 0.020833
0 0.361458 0.851389 0.011979 0.015741
0 0.362240 0.869213 0.012500 0.018056
0 0.385417 0.825926 0.012500 0.016667
0 0.415365 0.847685 0.013021 0.018519
1 0.406380 0.839583 0.029427 0.038426
0 0.413672 0.793981 0.013281 0.017593
0 0.425260 0.800231 0.012500 0.018056
0 0.432552 0.773380 0.012500 0.018056
0 0.451172 0.768519 0.013802 0.018519
0 0.467708 0.752083 0.010937 0.017130
0 0.498568 0.745602 0.012240 0.019907
2 0.469792 0.785880 0.013542 0.019907
2 0.455990 0.746991 0.013542 0.019907
0 0.534115 0.698380 0.009896 0.015278
0 0.529557 0.622917 0.012760 0.018981
0 0.580599 0.631250 0.012240 0.018056
0 0.551693 0.571991 0.013281 0.020833
0 0.567578 0.569676 0.011198 0.017130
0 0.556901 0.546528 0.013281 0.018981
0 0.607943 0.576157 0.011719 0.021759
0 0.584635 0.529167 0.011979 0.017593
0 0.576042 0.521528 0.013021 0.018981
0 0.612760 0.528704 0.013542 0.021296
0 0.632161 0.539583 0.011719 0.018056
2 0.640625 0.579861 0.019792 0.027315
2 0.656250 0.528241 0.013021 0.023148
0 0.610417 0.515046 0.012500 0.018056
0 0.594531 0.495139 0.012500 0.018056
2 0.608073 0.498843 0.013542 0.019907
0 0.629687 0.489352 0.011979 0.017593
0 0.612630 0.471991 0.009635 0.015278
2 0.625000 0.478241 0.013021 0.018519
0 0.647656 0.468750 0.013542 0.018981
0 0.674219 0.480787 0.009896 0.015278
0 0.687370 0.462037 0.011198 0.017593
0 0.697656 0.466667 0.010937 0.017593
0 0.640755 0.457870 0.012240 0.016667
0 0.627604 0.454167 0.012500 0.017593
2 0.642318 0.437731 0.014323 0.019907
0 0.658203 0.435880 0.013281 0.018981
0 0.667578 0.442824 0.013281 0.018981
0 0.697656 0.427083 0.013542 0.019907
0 0.677865 0.411806 0.013542 0.019907
0 0.672396 0.395139 0.011458 0.015278
2 0.657943 0.420833 0.014323 0.017593
0 0.717708 0.418981 0.011979 0.019444
0 0.700911 0.383796 0.013281 0.021296
0 0.688672 0.378704 0.011719 0.018519
0 0.735417 0.396296 0.011979 0.019444
2 0.722526 0.373611 0.012760 0.019444
0 0.755859 0.370833 0.014323 0.022222
0 0.776432 0.363194 0.012240 0.018981
0 0.773568 0.346296 0.012760 0.019444
0 0.739714 0.347685 0.012760 0.020370
0 0.729557 0.342593 0.011719 0.018519
0 0.723307 0.335185 0.011719 0.018519
0 0.739974 0.312963 0.012760 0.017593
0 0.751042 0.316204 0.013542 0.019444
0 0.758203 0.323843 0.013281 0.018056
0 0.771745 0.327546 0.013281 0.018056
0 0.795703 0.315741 0.010156 0.015741
0 0.802995 0.287963 0.013281 0.020370
0 0.779557 0.296528 0.012240 0.018056
0 0.767839 0.292361 0.012240 0.018056
2 0.758724 0.289583 0.016927 0.023611
0 0.779687 0.260417 0.013542 0.018981
0 0.800911 0.232176 0.014323 0.019907
0 0.824089 0.276620 0.013281 0.018981
0 0.854557 0.257407 0.014323 0.022222
0 0.848828 0.244907 0.012240 0.017593
0 0.842187 0.235648 0.013542 0.018519
0 0.860026 0.151157 0.013802 0.019907
0 0.877734 0.163194 0.013802 0.019907
0 0.883594 0.178472 0.014063 0.021759
0 0.893099 0.184722 0.012760 0.019444
0 0.914714 0.135185 0.012760 0.019444
0 0.908203 0.104861 0.013281 0.019907
0 0.923568 0.058102 0.013281 0.019907
0 0.957422 0.088194 0.013281 0.019907
0 0.974740 0.006713 0.014063 0.012500
2 0.983203 0.034954 0.014323 0.021759
1 0.989583 0.062500 0.018229 0.028704
0 0.639974 0.981019 0.010677 0.022222
0 0.632422 0.990509 0.010156 0.018981
0 0.608333 0.982407 0.007812 0.018519
0 0.599740 0.956713 0.008854 0.021759
0 0.588151 0.951389 0.010156 0.021296
0 0.579948 0.926620 0.008333 0.018056
2 0.596484 0.978704 0.010677 0.025000
2 0.641536 0.958102 0.010677 0.025463
0 0.653516 0.993056 0.008073 0.013889
0 0.621615 0.959259 0.013021 0.034259
2 0.629297 0.947222 0.010677 0.025926
0 0.629167 0.921528 0.010937 0.025463
0 0.612500 0.929630 0.009375 0.021296
0 0.614193 0.901620 0.008594 0.019907
0 0.616276 0.878935 0.010156 0.023611
0 0.601953 0.899769 0.010156 0.023611
0 0.603776 0.870370 0.009115 0.021296
0 0.607161 0.841435 0.011719 0.025463
0 0.596875 0.815278 0.009896 0.023148
0 0.588802 0.826389 0.009896 0.023148
0 0.573698 0.810185 0.009896 0.023148
0 0.579167 0.793519 0.009896 0.023148
0 0.589063 0.788889 0.009896 0.025000
1 0.586979 0.850231 0.020833 0.053241
1 0.592187 0.764583 0.020313 0.052315
0 0.599609 0.753935 0.007031 0.018981
0 0.578255 0.759491 0.007031 0.018981
0 0.570833 0.764120 0.010417 0.024537
0 0.564193 0.779630 0.010156 0.024074
0 0.555599 0.751389 0.010156 0.024074
0 0.561328 0.734259 0.010156 0.024074
0 0.570443 0.731019 0.010156 0.024074
0 0.589193 0.718519 0.010156 0.024074
2 0.577344 0.719907 0.010937 0.025000
2 0.501432 0.563426 0.008073 0.036111
0 0.486979 0.571065 0.010937 0.021759
0 0.478646 0.574306 0.010937 0.021759
0 0.475521 0.594444 0.012500 0.025000
0 0.464844 0.596759 0.008854 0.020370
0 0.463411 0.566435 0.009635 0.020833
0 0.450130 0.565509 0.008594 0.018981
0 0.473177 0.537037 0.010937 0.024074
0 0.486589 0.543750 0.010156 0.022685
0 0.474609 0.512269 0.010156 0.022685
0 0.483724 0.504167 0.011198 0.022222
0 0.489193 0.489815 0.011198 0.021296
0 0.463672 0.485417 0.010677 0.021759
0 0.457161 0.496759 0.011719 0.023148
0 0.451302 0.535880 0.010937 0.024537
2 0.453255 0.515046 0.012240 0.023611
2 0.439583 0.539583 0.010937 0.025463
0 0.438021 0.506250 0.010937 0.024537
0 0.427734 0.509954 0.010156 0.021759
0 0.438932 0.477083 0.010156 0.021759
0 0.463151 0.455324 0.010156 0.020833
0 0.470573 0.443981 0.008854 0.017593
1 0.504297 0.474306 0.015365 0.033796
0 0.440234 0.453472 0.011719 0.023611
0 0.424870 0.471759 0.008594 0.017593
0 0.410677 0.470602 0.010937 0.022685
0 0.426823 0.447917 0.009896 0.020833
0 0.414193 0.443750 0.010156 0.021759
0 0.425781 0.418981 0.011979 0.024074
0 0.413802 0.415509 0.010417 0.022685
0 0.402344 0.416898 0.010417 0.022685
0 0.394792 0.428009 0.010937 0.024537
0 0.380990 0.394213 0.010417 0.022685
0 0.387891 0.382176 0.011198 0.023611
0 0.401432 0.359259 0.010156 0.021296
0 0.430599 0.345370 0.010156 0.021296
0 0.407813 0.317593 0.011458 0.023148
0 0.400651 0.334259 0.010156 0.021296
0 0.371875 0.342593 0.010417 0.022222
0 0.367578 0.361111 0.010677 0.023148
0 0.356771 0.333333 0.010937 0.024074
0 0.360677 0.315741 0.010937 0.024074
1 0.373958 0.318981 0.025521 0.053704
0 0.392057 0.256250 0.010677 0.021759
0 0.343880 0.301157 0.011198 0.022685
2 0.343620 0.275463 0.016406 0.030556
0 0.329297 0.267824 0.011198 0.022685
0 0.322656 0.223148 0.011979 0.023148
0 0.309375 0.218750 0.010937 0.022685
0 0.310417 0.193056 0.011458 0.024074
0 0.348047 0.170833 0.011198 0.023148
0 0.347786 0.146296 0.011198 0.023148
0 0.318359 0.101389 0.011198 0.023148
0 0.295964 0.186343 0.011198 0.023611
0 0.282161 0.154861 0.011198 0.023611
0 0.341276 0.070833 0.011198 0.023148
2 0.465625 0.545602 0.011458 0.025463
0 0.678125 0.678472 0.006771 0.024537
