0 0.380990 0.989352 0.008854 0.021296
0 0.124479 0.782870 0.014063 0.019444
2 0.209245 0.661574 0.010156 0.027778
0 0.188021 0.596528 0.010417 0.025463
0 0.167708 0.538657 0.010417 0.021759
0 0.156641 0.507639 0.010156 0.024537
2 0.033854 0.211343 0.012500 0.022685
2 0.005990 0.149769 0.011458 0.024537
0 0.257031 0.296296 0.010417 0.023148
0 0.274219 0.271296 0.010417 0.023148
0 0.267188 0.332176 0.014063 0.018056
2 0.280078 0.358796 0.009115 0.030556
2 0.291276 0.290046 0.014844 0.022685
2 0.326302 0.250000 0.014063 0.022222
2 0.347396 0.225000 0.022396 0.033333
2 0.338281 0.273380 0.020313 0.027315
0 0.395703 0.209954 0.014323 0.018981
0 0.377604 0.136574 0.010417 0.023148
0 0.345964 0.050926 0.012240 0.026852
0 0.330078 0.009954 0.011719 0.018981
0 0.459505 0.351389 0.011719 0.024074
0 0.471354 0.383565 0.009896 0.018981
0 0.482161 0.408796 0.011198 0.022222
0 0.492969 0.432407 0.010937 0.024074
0 0.540104 0.518056 0.010417 0.025926
0 0.531771 0.526389 0.010417 0.021296
0 0.532292 0.889120 0.010417 0.022685
0 0.556120 0.793519 0.012760 0.018519
2 0.552344 0.807176 0.014063 0.016204
2 0.552734 0.820602 0.012240 0.013426
2 0.545443 0.843056 0.010156 0.034259
0 0.564974 0.756713 0.014844 0.019907
0 0.568750 0.747222 0.013542 0.015741
0 0.575521 0.737731 0.010417 0.014352
0 0.584505 0.744676 0.010677 0.026389
0 0.593099 0.702778 0.005990 0.026852
0 0.581380 0.643056 0.012240 0.024074
0 0.567708 0.612269 0.011458 0.023611
2 0.477865 0.129167 0.010937 0.028704
0 0.634505 0.572222 0.013802 0.019444
2 0.638672 0.590741 0.017448 0.025926
2 0.692708 0.609954 0.014583 0.022685
0 0.636328 0.936343 0.011719 0.015278
0 0.664062 0.619444 0.013021 0.020370
0 0.680078 0.594676 0.012760 0.020833
0 0.697396 0.568287 0.012500 0.020833
2 0.983724 0.016667 0.032552 0.021296
2 0.954427 0.015741 0.017708 0.016667
0 0.692839 0.647454 0.014844 0.013426
0 0.693359 0.664583 0.015365 0.011574
0 0.691276 0.693750 0.014323 0.012500
0 0.675781 0.682176 0.010937 0.022685
0 0.861589 0.581019 0.013802 0.018519
0 0.899740 0.549074 0.013542 0.016667
0 0.904167 0.472222 0.013021 0.024074
0 0.876563 0.491204 0.013542 0.021296
0 0.822917 0.390278 0.014063 0.015741
0 0.805469 0.411343 0.013542 0.019907
2 0.792839 0.430093 0.010156 0.017593
0 0.900521 0.586111 0.008333 0.028704
0 0.903516 0.619444 0.009635 0.027778
2 0.911328 0.584491 0.010156 0.028241
0 0.931901 0.682407 0.009115 0.025926
0 0.994010 0.692824 0.011979 0.020833
2 0.452604 0.006019 0.015104 0.011111
0 0.905208 0.907870 0.011458 0.023148
0 0.915885 0.929167 0.010937 0.024074
0 0.927995 0.940046 0.012240 0.023611
0 0.922396 0.952083 0.010937 0.020833
0 0.935937 0.967130 0.009896 0.019444
0 0.941667 0.961111 0.009375 0.018519
0 0.950781 0.982870 0.013021 0.023148
0 0.985417 0.995370 0.008854 0.009259
0 0.401302 0.984259 0.010937 0.023148
0 0.408333 0.973611 0.010937 0.023148
0 0.427083 0.960185 0.009896 0.020370
1 0.416146 0.963426 0.026042 0.057407
0 0.387760 0.950926 0.010937 0.023148
0 0.392708 0.932870 0.010937 0.023148
0 0.381510 0.905556 0.010937 0.023148
0 0.376823 0.922685 0.010937 0.023148
0 0.364453 0.890972 0.011198 0.024537
0 0.349870 0.856250 0.011198 0.024537
0 0.331901 0.853009 0.008073 0.015278
2 0.364714 0.865741 0.017448 0.028704
0 0.355469 0.811574 0.010417 0.023148
0 0.343099 0.811343 0.011198 0.023611
0 0.329818 0.807639 0.011198 0.023611
0 0.331641 0.781713 0.011198 0.023611
0 0.316797 0.774306 0.011198 0.023611
0 0.303125 0.780556 0.011458 0.024074
0 0.302865 0.741435 0.010937 0.022685
0 0.315885 0.717824 0.010937 0.022685
0 0.329948 0.659954 0.010937 0.022685
2 0.376693 0.749769 0.016406 0.035648
0 0.289583 0.711574 0.009896 0.019444
0 0.266146 0.650000 0.012500 0.024074
2 0.260417 0.588657 0.013542 0.026389
0 0.284766 0.552315 0.010156 0.022222
0 0.301953 0.565278 0.011198 0.023148
0 0.273047 0.498380 0.009115 0.018981
1 0.300651 0.505787 0.015885 0.035648
0 0.199219 0.525926 0.011458 0.025000
0 0.210547 0.462037 0.012760 0.026852
0 0.206641 0.425694 0.012240 0.024537
2 0.147135 0.396296 0.022917 0.046296
0 0.195964 0.333102 0.012760 0.026389
0 0.179948 0.268519 0.010417 0.023148
0 0.132812 0.153241 0.011979 0.025000
0 0.140365 0.083333 0.011979 0.025000
0 0.088802 0.070833 0.011979 0.025000
2 0.074609 0.126389 0.014844 0.029630
2 0.054557 0.111574 0.016406 0.031481
0 0.784766 0.942824 0.012760 0.018981
0 0.786068 0.919213 0.012760 0.018981
0 0.805859 0.897917 0.012760 0.018981
0 0.814193 0.867361 0.012760 0.018981
0 0.827734 0.867824 0.012760 0.018981
0 0.824349 0.911806 0.012760 0.018981
0 0.829167 0.925231 0.013021 0.019907
0 0.811979 0.971759 0.012500 0.020370
2 0.792448 0.896065 0.018750 0.026389
0 0.836068 0.840278 0.014844 0.021296
0 0.873828 0.871528 0.015885 0.021759
0 0.855859 0.813657 0.013802 0.018056
0 0.864193 0.821528 0.013802 0.018056
0 0.871484 0.794213 0.013802 0.018056
0 0.887240 0.834954 0.014063 0.021759
0 0.904427 0.831713 0.014063 0.019907
0 0.901693 0.779398 0.013281 0.022685
0 0.927344 0.722222 0.013542 0.020370
0 0.953906 0.722454 0.014583 0.019907
0 0.967448 0.730787 0.011979 0.018981
0 0.967318 0.750463 0.011198 0.015741
0 0.970313 0.765509 0.011979 0.017130
2 0.369661 0.192130 0.019531 0.029630
