2 0.058594 0.746759 0.010937 0.022222
0 0.045182 0.709954 0.008594 0.022685
2 0.029427 0.683796 0.013021 0.017593
0 0.006641 0.715046 0.012760 0.015278
2 0.024479 0.670370 0.013021 0.017593
0 0.016536 0.650231 0.010677 0.016204
0 0.011979 0.639120 0.010937 0.016204
0 0.008464 0.629398 0.010156 0.015278
0 0.094922 0.707176 0.012240 0.023611
0 0.123828 0.403935 0.011719 0.026389
1 0.158073 0.374306 0.028646 0.061574
1 0.176823 0.355324 0.028125 0.066204
1 0.185547 0.342593 0.027865 0.063889
0 0.168490 0.363657 0.011458 0.027315
0 0.277083 0.825694 0.010937 0.023611
0 0.293490 0.801852 0.009896 0.022222
0 0.210286 0.163657 0.010677 0.023611
2 0.222135 0.195833 0.018229 0.037963
2 0.252344 0.276620 0.019271 0.042130
0 0.278516 0.345833 0.011198 0.023148
0 0.288932 0.374537 0.011198 0.023148
0 0.300911 0.408796 0.011198 0.023148
0 0.311979 0.437500 0.011979 0.025000
0 0.328906 0.482639 0.009375 0.019907
0 0.341797 0.519676 0.011198 0.021759
0 0.351823 0.546528 0.011458 0.023611
0 0.367448 0.589352 0.011979 0.025926
0 0.397396 0.671991 0.010417 0.023611
2 0.389323 0.727315 0.018229 0.030556
2 0.366276 0.758333 0.021094 0.031481
0 0.413542 0.741667 0.014583 0.018519
2 0.356901 0.803935 0.019531 0.025463
2 0.310547 0.817130 0.014844 0.021296
2 0.298568 0.884722 0.008073 0.026852
0 0.468620 0.828472 0.012240 0.025463
0 0.475260 0.876852 0.010937 0.025000
0 0.487109 0.906713 0.010156 0.018056
0 0.497656 0.931481 0.010937 0.021296
0 0.507552 0.953935 0.011458 0.024537
2 0.804427 0.962037 0.009375 0.015741
0 0.817448 0.945370 0.013542 0.019444
0 0.835156 0.924537 0.013021 0.015741
2 0.967839 0.567130 0.017448 0.011111
2 0.989714 0.568981 0.020052 0.013889
2 0.902083 0.265278 0.011458 0.029630
2 0.839844 0.214352 0.010937 0.029630
2 0.835156 0.146759 0.010417 0.037037
2 0.587760 0.264815 0.016146 0.012963
2 0.544401 0.271528 0.015885 0.012500
2 0.508464 0.182407 0.016406 0.012963
2 0.538672 0.133565 0.009115 0.046759
2 0.529557 0.057176 0.006510 0.027315
2 0.530469 0.025000 0.006771 0.029630
2 0.473438 0.547685 0.015104 0.019444
2 0.454427 0.562269 0.013021 0.025463
0 0.451693 0.492593 0.013802 0.021296
0 0.456120 0.503935 0.012760 0.018981
2 0.497266 0.662269 0.010156 0.026389
0 0.222526 0.967824 0.011198 0.023611
0 0.243359 0.826157 0.012760 0.022685
2 0.206901 0.813426 0.017969 0.036111
2 0.176693 0.832407 0.013281 0.026852
0 0.163542 0.728009 0.011458 0.023611
0 0.104167 0.585880 0.011458 0.023611
0 0.107943 0.563657 0.013281 0.023611
0 0.047266 0.598843 0.012240 0.027315
1 0.112370 0.516435 0.019010 0.032870
0 0.070964 0.474074 0.010677 0.020370
0 0.012370 0.356250 0.013281 0.028241
0 0.032682 0.214815 0.010156 0.025926
2 0.035937 0.147222 0.009375 0.030556
2 0.345964 0.780556 0.013281 0.020370
