2 0.102865 0.815046 0.012500 0.023611
2 0.026562 0.683333 0.013021 0.025926
2 0.069271 0.737269 0.013021 0.018981
2 0.073177 0.750694 0.013021 0.017130
0 0.048698 0.782407 0.016667 0.016667
0 0.005990 0.746065 0.011458 0.012500
0 0.059896 0.718287 0.009896 0.015278
0 0.055339 0.707639 0.010156 0.014352
0 0.051302 0.697685 0.009896 0.014815
0 0.043490 0.675926 0.008854 0.013889
0 0.140234 0.807407 0.011719 0.023148
0 0.164193 0.805093 0.011719 0.023148
0 0.193099 0.879630 0.011719 0.023148
0 0.251302 0.985880 0.013021 0.022685
0 0.152344 0.722222 0.012500 0.023148
0 0.093880 0.686574 0.014323 0.025000
0 0.153906 0.601852 0.012500 0.023148
0 0.052995 0.539352 0.014323 0.025000
0 0.035937 0.566435 0.013021 0.025463
0 0.004297 0.502083 0.008073 0.020833
0 0.027344 0.450000 0.011458 0.024074
1 0.010417 0.459491 0.020313 0.056019
2 0.044531 0.370370 0.018750 0.037963
2 0.075130 0.177083 0.008594 0.029167
2 0.344401 0.946296 0.007552 0.026852
0 0.321484 0.887269 0.011198 0.022685
0 0.339193 0.863194 0.011198 0.022685
2 0.402344 0.864815 0.019271 0.026852
2 0.412240 0.817593 0.021354 0.029630
2 0.435937 0.785185 0.016146 0.026852
0 0.458724 0.800926 0.015365 0.019444
0 0.464062 0.782407 0.014583 0.013889
0 0.442188 0.731944 0.009896 0.024074
0 0.520443 0.935185 0.011198 0.024074
0 0.532813 0.963657 0.008854 0.017130
0 0.543229 0.988426 0.011458 0.022222
0 0.412240 0.649537 0.011458 0.025926
0 0.396615 0.608333 0.011458 0.025926
0 0.386719 0.581481 0.011979 0.024074
0 0.373437 0.543981 0.009375 0.018519
0 0.355599 0.499074 0.011719 0.023148
0 0.345443 0.470833 0.011719 0.023148
0 0.331901 0.437037 0.011719 0.023148
0 0.321484 0.407870 0.011719 0.023148
2 0.296094 0.340278 0.019792 0.041667
2 0.265104 0.260648 0.019792 0.041667
0 0.252474 0.228241 0.010677 0.024074
0 0.167578 0.469907 0.011719 0.026852
1 0.201302 0.439120 0.027604 0.061574
0 0.211849 0.428241 0.011719 0.026852
1 0.220182 0.420833 0.026302 0.064815
1 0.229297 0.408796 0.027344 0.065741
2 0.541667 0.720139 0.010417 0.028241
2 0.499349 0.620833 0.012760 0.025000
2 0.517578 0.605324 0.015365 0.018981
0 0.495703 0.552083 0.013802 0.021759
0 0.499349 0.563889 0.013281 0.018519
0 0.882161 0.975000 0.013281 0.016667
0 0.864583 0.993750 0.014063 0.011574
2 0.945833 0.318519 0.010937 0.028704
2 0.878516 0.201620 0.009635 0.037500
2 0.809115 0.349769 0.017708 0.012500
2 0.579297 0.033333 0.016406 0.037037
2 0.573698 0.083796 0.006771 0.029630
2 0.572396 0.118056 0.006771 0.029630
2 0.581771 0.193287 0.009896 0.044907
2 0.551042 0.241435 0.016667 0.012500
2 0.545443 0.297917 0.005990 0.031019
2 0.589323 0.329167 0.016667 0.012963
2 0.631641 0.322222 0.015885 0.013889
2 0.446484 0.012500 0.009115 0.013889
2 0.391276 0.841435 0.013281 0.019907
2 0.355599 0.880787 0.013281 0.019907
