0 0.107943 0.671528 0.016927 0.016204
2 0.162891 0.704630 0.012240 0.025000
0 0.149219 0.667593 0.008854 0.020370
0 0.063281 0.636111 0.015625 0.016667
0 0.030729 0.679167 0.013542 0.020370
0 0.119792 0.607407 0.011458 0.015741
0 0.115885 0.596296 0.011458 0.015741
0 0.112500 0.586111 0.011458 0.015741
0 0.104427 0.563889 0.009375 0.014815
2 0.086719 0.572917 0.013542 0.027315
2 0.128516 0.626620 0.012760 0.018056
2 0.132682 0.640278 0.013281 0.019444
0 0.055599 0.314583 0.014323 0.028241
0 0.016276 0.213657 0.014323 0.028241
0 0.071745 0.405093 0.014844 0.025926
0 0.103646 0.397917 0.009896 0.018981
1 0.101823 0.433102 0.028125 0.057870
0 0.110286 0.486574 0.014844 0.025926
0 0.158854 0.511574 0.011458 0.023148
0 0.158073 0.539815 0.012500 0.024074
0 0.137240 0.552315 0.012500 0.024074
0 0.197266 0.673611 0.012760 0.025926
0 0.257292 0.730787 0.011979 0.023611
0 0.261979 0.797454 0.011979 0.023611
0 0.251042 0.835417 0.011979 0.023611
0 0.287500 0.865046 0.010417 0.022685
0 0.349089 0.983796 0.010677 0.024074
0 0.369141 0.920370 0.011198 0.024074
0 0.355990 0.854398 0.010417 0.020833
0 0.170313 0.391667 0.011979 0.023148
2 0.055599 0.127778 0.019010 0.038889
0 0.003385 0.012500 0.006250 0.020370
2 0.138151 0.065046 0.008594 0.029167
0 0.377865 0.783102 0.010417 0.024537
0 0.395703 0.759491 0.010677 0.021759
2 0.400130 0.843287 0.007031 0.027315
2 0.458203 0.762731 0.019010 0.026389
2 0.467708 0.715741 0.021354 0.030556
2 0.447005 0.739352 0.014323 0.021296
2 0.410677 0.777315 0.013542 0.018519
2 0.491667 0.684028 0.016667 0.026389
0 0.514714 0.701389 0.014323 0.018519
0 0.510156 0.687500 0.014583 0.016667
0 0.498958 0.630324 0.010417 0.023611
0 0.469531 0.546991 0.012500 0.025463
0 0.454036 0.504861 0.011198 0.022685
0 0.444401 0.478472 0.011198 0.022685
0 0.431380 0.440741 0.008073 0.017593
0 0.414583 0.396065 0.011979 0.024537
0 0.404427 0.367361 0.011979 0.024537
0 0.391406 0.332870 0.011458 0.024074
0 0.380208 0.304167 0.011458 0.024074
2 0.356510 0.234259 0.019271 0.040741
2 0.326172 0.153241 0.018490 0.039815
0 0.314453 0.121759 0.010156 0.024074
0 0.607552 0.912731 0.010937 0.023611
0 0.597135 0.890972 0.010937 0.023611
0 0.586719 0.866204 0.009375 0.018519
0 0.575130 0.834722 0.011719 0.024074
2 0.597786 0.621991 0.010156 0.025463
2 0.556641 0.520602 0.012240 0.024537
2 0.574870 0.505556 0.014844 0.018519
0 0.557943 0.463657 0.013802 0.018981
0 0.552995 0.452083 0.014323 0.022685
2 0.612240 0.142130 0.016667 0.012037
2 0.643620 0.088426 0.009115 0.036111
2 0.634375 0.016435 0.005729 0.026389
2 0.833333 0.251852 0.018750 0.012037
2 0.941406 0.106713 0.011979 0.035648
0 0.935937 0.884491 0.014063 0.016204
0 0.917969 0.904398 0.013542 0.017130
0 0.877604 0.973148 0.013542 0.020370
2 0.905078 0.920370 0.009635 0.016667
0 0.987500 0.983796 0.013021 0.023148
2 0.692057 0.223380 0.016927 0.014352
0 0.227604 0.360880 0.010937 0.027315
0 0.272135 0.320602 0.011979 0.026389
1 0.262630 0.330787 0.027865 0.061574
1 0.280729 0.313194 0.025521 0.065278
1 0.289844 0.301157 0.025521 0.065278
