2 0.832943 0.829630 0.018490 0.014815
0 0.789974 0.819676 0.015885 0.011574
0 0.752604 0.812500 0.014583 0.011111
0 0.732422 0.809259 0.016406 0.011111
0 0.707161 0.922685 0.015365 0.012963
0 0.707682 0.960880 0.014844 0.012500
0 0.486979 0.850000 0.009375 0.027778
0 0.465234 0.792824 0.005990 0.024537
0 0.457813 0.791898 0.006771 0.022685
0 0.450781 0.790278 0.007292 0.025000
0 0.436849 0.787037 0.005469 0.021296
2 0.430599 0.818287 0.016406 0.013426
2 0.534896 0.791435 0.016667 0.014352
0 0.511328 0.788426 0.014323 0.010185
2 0.487891 0.793750 0.007031 0.027315
2 0.480078 0.792361 0.007031 0.027315
0 0.443359 0.893519 0.007031 0.027778
0 0.443099 0.964815 0.007031 0.027778
0 0.410807 0.994213 0.014323 0.011574
2 0.387630 0.981250 0.015885 0.016204
0 0.335417 0.958333 0.007812 0.025926
0 0.327604 0.996065 0.011979 0.007870
0 0.235286 0.899537 0.011198 0.014815
2 0.235286 0.813426 0.008594 0.028704
2 0.242839 0.810648 0.008594 0.028704
2 0.074870 0.943981 0.011719 0.031481
0 0.093880 0.938426 0.006510 0.024074
2 0.069401 0.912269 0.010677 0.031944
2 0.092578 0.900000 0.007552 0.032407
2 0.096745 0.985417 0.008073 0.026389
0 0.082161 0.837963 0.014323 0.013889
0 0.146875 0.812037 0.016667 0.016667
1 0.121354 0.796991 0.025521 0.021759
2 0.069792 0.814352 0.026042 0.023148
0 0.210286 0.786343 0.016406 0.017130
0 0.220312 0.761574 0.014583 0.014815
2 0.324740 0.744213 0.018750 0.019907
2 0.355339 0.707870 0.017969 0.013889
0 0.375260 0.734028 0.016146 0.012500
2 0.414714 0.728935 0.017448 0.015278
0 0.471224 0.723843 0.015365 0.014352
0 0.532292 0.738194 0.015625 0.012500
0 0.527604 0.704630 0.011979 0.010185
0 0.534115 0.686574 0.016146 0.013889
0 0.482552 0.683565 0.014583 0.012500
0 0.576693 0.742361 0.015365 0.011574
0 0.627865 0.747222 0.016667 0.012037
0 0.623958 0.695602 0.015625 0.011574
0 0.675391 0.753935 0.016406 0.013426
0 0.669271 0.715741 0.015625 0.011111
0 0.711198 0.702315 0.015625 0.011111
0 0.738542 0.762963 0.015625 0.011111
1 0.700130 0.738194 0.034635 0.018981
0 0.761589 0.742824 0.015365 0.011574
0 0.782943 0.747454 0.014323 0.011574
0 0.799349 0.726389 0.011198 0.010185
0 0.804688 0.747454 0.016146 0.011574
0 0.835547 0.730324 0.014844 0.012500
0 0.826953 0.747454 0.014844 0.012500
0 0.848047 0.749769 0.014844 0.012500
0 0.871094 0.775231 0.016146 0.012500
0 0.869271 0.750000 0.015104 0.012037
0 0.873828 0.735648 0.014323 0.012037
0 0.876953 0.717593 0.013802 0.012037
0 0.909245 0.719213 0.014844 0.012500
0 0.892969 0.754861 0.011979 0.011574
0 0.913411 0.755556 0.013281 0.012963
0 0.935547 0.756481 0.013802 0.011111
0 0.925911 0.780093 0.013802 0.011111
0 0.960417 0.783565 0.015104 0.011574
0 0.957812 0.759028 0.015104 0.011574
0 0.968229 0.743287 0.015104 0.011574
0 0.975260 0.725926 0.015625 0.012963
2 0.947135 0.723843 0.015625 0.010648
2 0.919271 0.737269 0.022917 0.013426
0 0.948698 0.741435 0.015625 0.014352
0 0.988932 0.785880 0.012760 0.012500
0 0.993099 0.761806 0.012760 0.012500
0 0.346875 0.669676 0.016146 0.012500
0 0.103906 0.686343 0.016667 0.013426
0 0.146224 0.636806 0.014844 0.011574
0 0.036198 0.665278 0.017708 0.012963
0 0.034766 0.686111 0.016406 0.012963
2 0.989062 0.659028 0.018229 0.009722
0 0.860547 0.626852 0.015365 0.011111
0 0.832161 0.659259 0.015365 0.011111
0 0.716927 0.566667 0.011458 0.025926
0 0.700521 0.642361 0.015625 0.011574
0 0.959505 0.299769 0.013802 0.012500
0 0.895833 0.296065 0.015104 0.011574
0 0.879297 0.296528 0.014323 0.011574
0 0.861719 0.296528 0.011458 0.009722
0 0.840755 0.293056 0.014844 0.012037
2 0.758333 0.127546 0.011458 0.027315
0 0.744141 0.293981 0.005990 0.025926
2 0.722266 0.317130 0.009115 0.037963
2 0.723047 0.369444 0.009635 0.043519
2 0.737760 0.413194 0.008854 0.037500
2 0.720703 0.415972 0.005990 0.030093
2 0.739193 0.545833 0.013281 0.023148
0 0.697786 0.539120 0.013802 0.010648
0 0.698438 0.499074 0.013542 0.011111
0 0.701953 0.272454 0.013281 0.012500
0 0.647396 0.262963 0.016146 0.012037
0 0.619271 0.258796 0.014063 0.012037
0 0.601562 0.256944 0.015104 0.012037
0 0.577344 0.251852 0.010937 0.010185
0 0.546354 0.248611 0.015104 0.012037
0 0.527214 0.245833 0.014323 0.012963
0 0.504818 0.241667 0.014323 0.012963
0 0.485547 0.240278 0.014323 0.012963
0 0.365234 0.221759 0.014323 0.012963
2 0.386589 0.222454 0.023698 0.018056
2 0.440104 0.230324 0.024479 0.018981
0 0.655208 0.084954 0.006771 0.029167
0 0.662760 0.084954 0.006771 0.029167
2 0.692969 0.087500 0.007812 0.028704
2 0.688542 0.121991 0.015625 0.011574
0 0.420182 0.489352 0.015885 0.014815
0 0.428646 0.402083 0.015625 0.011574
1 0.427474 0.421528 0.038281 0.021759
1 0.430990 0.383102 0.039062 0.023611
1 0.431120 0.362269 0.037240 0.023611
0 0.268099 0.034259 0.007031 0.029630
2 0.576042 0.598380 0.021354 0.014352
0 0.327083 0.520602 0.015625 0.016204
2 0.237630 0.433796 0.014844 0.020370
0 0.112500 0.572222 0.014063 0.012037
2 0.008203 0.094444 0.014844 0.045370
2 0.022396 0.155787 0.022917 0.056944
2 0.045573 0.228935 0.026562 0.066204
2 0.051823 0.336111 0.016667 0.023148
2 0.055990 0.368056 0.017188 0.021296
0 0.061979 0.382639 0.014063 0.018056
0 0.063411 0.400000 0.013281 0.015741
2 0.098437 0.390278 0.028125 0.045370
2 0.112370 0.388194 0.024740 0.043981
0 0.075391 0.425926 0.014323 0.017593
0 0.079557 0.439120 0.015885 0.016204
0 0.080859 0.455093 0.015365 0.014815
0 0.076563 0.478704 0.014583 0.012963
0 0.056120 0.480787 0.015885 0.011574
0 0.117188 0.475000 0.006771 0.028704
0 0.928776 0.724074 0.014323 0.012037
