2 0.984115 0.958796 0.028646 0.021296
0 0.982682 0.974074 0.012240 0.010185
0 0.935026 0.986343 0.016406 0.009722
0 0.755599 0.784028 0.013802 0.020833
0 0.813281 0.753241 0.008854 0.028704
0 0.813151 0.780556 0.005990 0.018519
0 0.807552 0.693750 0.016146 0.012500
2 0.835807 0.690741 0.016406 0.013889
2 0.860417 0.685880 0.010417 0.010648
2 0.917578 0.675000 0.037760 0.023148
2 0.953906 0.666204 0.021875 0.018519
0 0.626693 0.979398 0.014323 0.014352
0 0.626302 0.994907 0.014583 0.010185
0 0.564583 0.850231 0.008333 0.027315
0 0.527344 0.855324 0.007812 0.026389
0 0.517318 0.860880 0.008594 0.029167
0 0.507031 0.871296 0.007292 0.030556
0 0.498828 0.879398 0.008594 0.031019
0 0.490885 0.886343 0.006771 0.025463
2 0.463802 0.904630 0.006771 0.030556
2 0.480729 0.965278 0.015625 0.026852
2 0.469661 0.970833 0.014844 0.027778
0 0.430078 0.991204 0.015885 0.016667
0 0.441146 0.994907 0.014583 0.010185
0 0.499089 0.773148 0.015365 0.017593
0 0.487109 0.755324 0.015885 0.018056
0 0.348438 0.869676 0.016667 0.020833
0 0.281771 0.917130 0.015625 0.019444
0 0.242969 0.899074 0.012500 0.016667
0 0.186328 0.985648 0.016406 0.017593
0 0.145703 0.986111 0.015365 0.020370
0 0.046745 0.944213 0.015885 0.018056
0 0.388281 0.800231 0.010937 0.014352
2 0.401953 0.687500 0.021615 0.024074
0 0.454818 0.689120 0.015885 0.016204
0 0.718750 0.605556 0.014583 0.015741
0 0.689063 0.757639 0.018229 0.015278
0 0.661068 0.922222 0.009635 0.030556
2 0.709635 0.526157 0.018229 0.017130
0 0.766797 0.601157 0.015885 0.018056
0 0.781901 0.574074 0.015365 0.016667
2 0.761719 0.623148 0.017188 0.017593
2 0.849479 0.597222 0.043750 0.035185
0 0.930339 0.430324 0.017969 0.017130
0 0.900911 0.343519 0.014844 0.017593
0 0.881641 0.354861 0.015885 0.016204
0 0.863151 0.362037 0.015885 0.015741
2 0.987500 0.182176 0.023438 0.038426
2 0.994271 0.165278 0.011458 0.021296
2 0.917708 0.050694 0.030208 0.056019
0 0.782422 0.402315 0.009115 0.027778
0 0.750000 0.367824 0.015625 0.011574
0 0.820833 0.330787 0.008333 0.026389
0 0.816797 0.300231 0.009115 0.027315
0 0.814453 0.270370 0.006510 0.028704
0 0.804167 0.278009 0.009375 0.027315
0 0.803776 0.301852 0.015365 0.015741
0 0.803516 0.317130 0.015365 0.015741
0 0.806120 0.344907 0.015885 0.016667
0 0.744271 0.129630 0.010937 0.023148
0 0.763281 0.112269 0.015104 0.026389
0 0.726172 0.134954 0.014844 0.016204
0 0.786068 0.082176 0.016406 0.014352
0 0.803385 0.329861 0.010417 0.011574
0 0.677734 0.913194 0.008073 0.028241
2 0.688281 0.906713 0.008333 0.034722
0 0.669792 0.990046 0.008854 0.019907
0 0.647005 0.726157 0.007552 0.030093
0 0.658333 0.689120 0.007292 0.022685
0 0.643750 0.647917 0.006250 0.022685
0 0.641927 0.590741 0.007292 0.029630
0 0.651172 0.555093 0.007031 0.030556
0 0.636719 0.521759 0.008333 0.031481
0 0.633073 0.433102 0.007812 0.031944
0 0.629687 0.271296 0.007292 0.027778
0 0.640625 0.266667 0.007812 0.031481
0 0.628255 0.159259 0.007031 0.028704
0 0.639323 0.146759 0.007292 0.031481
1 0.650391 0.166204 0.009115 0.045370
0 0.654036 0.024537 0.007031 0.024074
0 0.520833 0.481250 0.014583 0.014352
2 0.497917 0.491435 0.017708 0.017130
0 0.478516 0.498148 0.011719 0.011111
0 0.456120 0.504630 0.017448 0.015741
0 0.384896 0.567361 0.015104 0.019907
0 0.332161 0.518287 0.016406 0.013426
0 0.311198 0.517824 0.017708 0.013426
0 0.289583 0.496528 0.007812 0.027315
0 0.274219 0.492130 0.007812 0.027778
0 0.258073 0.493287 0.007292 0.024537
0 0.206771 0.546759 0.009896 0.031481
0 0.110156 0.510417 0.018229 0.018056
0 0.022266 0.642824 0.019010 0.019907
0 0.017188 0.659491 0.016667 0.018981
0 0.010807 0.671759 0.015885 0.016667
0 0.592187 0.347685 0.012500 0.023148
0 0.586849 0.297222 0.013281 0.025000
0 0.557422 0.292361 0.012240 0.023611
0 0.572786 0.320602 0.012240 0.023611
2 0.587760 0.262500 0.014063 0.027778
2 0.518620 0.244907 0.017969 0.012037
0 0.494792 0.242824 0.017188 0.016204
0 0.490365 0.311574 0.006250 0.023148
2 0.509635 0.371296 0.011979 0.033333
0 0.482812 0.368056 0.010937 0.025000
0 0.481901 0.308796 0.006510 0.023148
0 0.474349 0.306944 0.007031 0.027778
0 0.458073 0.306019 0.006771 0.025926
0 0.457422 0.277778 0.015885 0.013889
0 0.464974 0.235880 0.017448 0.013426
0 0.441927 0.220139 0.006771 0.033796
0 0.438021 0.276852 0.016667 0.013889
2 0.450521 0.306944 0.007812 0.032407
0 0.442318 0.305556 0.007552 0.026852
0 0.426172 0.310185 0.007552 0.028704
0 0.431901 0.366898 0.007031 0.016204
0 0.421745 0.371065 0.007552 0.025463
0 0.412500 0.371296 0.006771 0.025926
0 0.401042 0.369444 0.006771 0.025926
0 0.392708 0.369907 0.006771 0.025926
0 0.395313 0.306713 0.008333 0.029167
0 0.419661 0.276389 0.017969 0.014815
2 0.426042 0.231481 0.018229 0.013889
0 0.461979 0.009028 0.010417 0.017130
0 0.489714 0.010185 0.009115 0.019444
0 0.386198 0.223843 0.016146 0.014352
2 0.405990 0.229167 0.018750 0.014815
0 0.366276 0.261806 0.015365 0.021759
0 0.352865 0.219676 0.017188 0.014352
2 0.352995 0.258333 0.017969 0.024074
0 0.342578 0.255093 0.015885 0.025000
2 0.328776 0.254398 0.016406 0.027315
0 0.318490 0.252083 0.013542 0.023611
0 0.310417 0.213426 0.016667 0.012963
0 0.298568 0.258333 0.013802 0.021296
0 0.289193 0.251852 0.014844 0.024074
0 0.258984 0.246528 0.012240 0.019907
2 0.276172 0.247454 0.016927 0.021759
0 0.246224 0.245370 0.013802 0.022222
0 0.235286 0.242361 0.013802 0.025463
0 0.219401 0.229398 0.016927 0.013426
0 0.103646 0.232176 0.009375 0.020833
2 0.113542 0.234491 0.016146 0.031944
2 0.128125 0.237269 0.014583 0.029167
0 0.092448 0.226852 0.014063 0.029630
0 0.079297 0.223148 0.013802 0.029630
0 0.068099 0.223148 0.010677 0.019444
0 0.033333 0.210648 0.018750 0.014815
0 0.009115 0.205787 0.017708 0.012500
0 0.061719 0.529398 0.008333 0.032870
0 0.437109 0.512269 0.015365 0.011574
0 0.582161 0.723148 0.017448 0.018519
0 0.390625 0.514120 0.010937 0.011574
1 0.988672 0.468056 0.022656 0.029630
