0 0.005990 0.887731 0.011458 0.031944
0 0.021484 0.965509 0.011719 0.031944
0 0.026172 0.991898 0.011198 0.016204
2 0.033333 0.935880 0.014583 0.043981
2 0.025260 0.891204 0.011458 0.034259
0 0.104167 0.988889 0.008333 0.022222
0 0.119271 0.993056 0.008854 0.013889
0 0.127083 0.993056 0.008854 0.013889
0 0.143880 0.994213 0.007552 0.011574
0 0.138802 0.950463 0.011979 0.033333
0 0.129557 0.947222 0.010156 0.031481
0 0.120182 0.946991 0.009635 0.030093
0 0.111979 0.942593 0.009375 0.027778
0 0.102214 0.943056 0.009635 0.025926
0 0.092969 0.939352 0.009375 0.024074
2 0.156510 0.957407 0.011979 0.033333
0 0.183203 0.957176 0.012240 0.019907
0 0.185417 0.944213 0.015104 0.022685
0 0.193229 0.933102 0.015104 0.022685
0 0.165495 0.879398 0.008594 0.025463
0 0.173698 0.883565 0.007812 0.021759
0 0.157161 0.881713 0.007552 0.018056
0 0.186719 0.867130 0.011458 0.031481
0 0.209766 0.897917 0.017969 0.015278
0 0.223438 0.870833 0.016667 0.013889
0 0.240755 0.825694 0.017969 0.013426
0 0.231250 0.689583 0.014063 0.023611
0 0.233854 0.673843 0.014063 0.023611
0 0.237109 0.658102 0.016406 0.027315
0 0.239323 0.641204 0.015104 0.023148
0 0.273698 0.642361 0.016146 0.018056
0 0.275911 0.591204 0.016927 0.017593
0 0.234635 0.583333 0.015104 0.018519
0 0.232161 0.599074 0.014844 0.020370
0 0.231120 0.614120 0.014844 0.018981
0 0.148307 0.495833 0.010156 0.025926
0 0.139193 0.491204 0.008594 0.022222
0 0.131380 0.488657 0.009115 0.024537
0 0.118750 0.486574 0.010937 0.023148
0 0.109245 0.484722 0.009115 0.018519
0 0.100911 0.481713 0.007031 0.014352
0 0.102604 0.503241 0.018229 0.015741
0 0.069010 0.468981 0.006771 0.015741
0 0.061198 0.466204 0.006771 0.015741
0 0.061589 0.486343 0.018490 0.014352
0 0.039583 0.477083 0.016667 0.015278
0 0.057031 0.545602 0.009375 0.030093
0 0.064323 0.549306 0.009375 0.030093
0 0.072396 0.552546 0.009896 0.029167
0 0.079948 0.554398 0.009896 0.029167
0 0.087500 0.557176 0.011979 0.031019
0 0.064714 0.578704 0.016927 0.014815
0 0.060937 0.591204 0.019271 0.017593
0 0.059635 0.605787 0.015625 0.016204
0 0.082943 0.631481 0.009635 0.032407
0 0.086719 0.599769 0.006771 0.017130
0 0.056250 0.632176 0.015625 0.016204
0 0.053906 0.648380 0.018229 0.018056
0 0.070573 0.689815 0.016667 0.016667
0 0.088542 0.690046 0.006771 0.022685
0 0.036068 0.696991 0.010156 0.022685
0 0.043750 0.617361 0.009375 0.031019
0 0.048438 0.580556 0.008854 0.025926
2 0.403255 0.978935 0.014323 0.029167
0 0.405990 0.955093 0.013542 0.027778
0 0.409245 0.937500 0.012240 0.026852
0 0.406380 0.903935 0.012760 0.023611
0 0.383854 0.915741 0.007812 0.030556
2 0.408594 0.884954 0.014583 0.029167
0 0.409115 0.861343 0.015104 0.029167
0 0.414062 0.818519 0.013021 0.026852
0 0.389583 0.840509 0.008854 0.031944
2 0.412370 0.842361 0.013281 0.031019
0 0.393229 0.781250 0.007292 0.030093
0 0.423047 0.723380 0.007552 0.031019
2 0.397005 0.746991 0.008073 0.032870
2 0.399349 0.711806 0.008073 0.032870
0 0.393490 0.682639 0.017708 0.013426
0 0.424349 0.692361 0.007552 0.031019
0 0.425521 0.656250 0.007812 0.029167
0 0.402344 0.642361 0.007812 0.031019
0 0.407813 0.600231 0.007812 0.031019
0 0.476042 0.776157 0.016667 0.013426
2 0.409505 0.546759 0.007031 0.032407
0 0.475781 0.762500 0.015625 0.012963
0 0.476823 0.741667 0.015625 0.012963
0 0.477734 0.725231 0.016406 0.012500
0 0.478255 0.707176 0.016406 0.012500
0 0.467318 0.688657 0.014844 0.022685
0 0.442708 0.714120 0.016667 0.014352
0 0.441016 0.685648 0.015365 0.012963
0 0.441797 0.656944 0.015365 0.012963
2 0.442188 0.671759 0.018229 0.014815
0 0.442578 0.629167 0.015365 0.012963
0 0.444271 0.614815 0.013021 0.011111
0 0.445833 0.600926 0.013021 0.011111
0 0.478385 0.616204 0.015625 0.020370
2 0.480599 0.569676 0.017448 0.020833
0 0.543620 0.968750 0.015885 0.013426
0 0.540365 0.993981 0.016146 0.012037
0 0.555990 0.930324 0.007812 0.031944
0 0.557292 0.892130 0.007292 0.030556
0 0.556771 0.787963 0.006250 0.020370
0 0.587109 0.799769 0.009115 0.031019
2 0.557422 0.704167 0.007031 0.028704
0 0.553646 0.668750 0.008333 0.031944
0 0.550391 0.629398 0.007031 0.022685
0 0.542318 0.552315 0.007552 0.027778
2 0.546875 0.592361 0.008854 0.032870
0 0.437370 0.477315 0.012760 0.021296
0 0.453516 0.451852 0.012760 0.021296
0 0.472526 0.418519 0.012760 0.024074
0 0.441276 0.425463 0.013802 0.025000
2 0.421484 0.424537 0.015885 0.024074
0 0.355729 0.172917 0.009375 0.029167
0 0.353385 0.142130 0.013542 0.020370
0 0.344401 0.107870 0.014323 0.027778
0 0.328125 0.065741 0.006771 0.031481
0 0.433333 0.019213 0.016146 0.012500
0 0.437240 0.037037 0.015625 0.015741
0 0.450130 0.038889 0.009635 0.027778
0 0.458724 0.039352 0.008594 0.025926
0 0.465495 0.041435 0.007552 0.019907
0 0.474219 0.034491 0.008854 0.028241
0 0.467318 0.009028 0.014323 0.015278
0 0.450521 0.015972 0.016146 0.016204
0 0.505729 0.079630 0.016146 0.016667
0 0.485417 0.136806 0.006250 0.028241
0 0.970052 0.786574 0.017708 0.018519
0 0.954557 0.760417 0.016406 0.016204
0 0.961849 0.772454 0.016406 0.016204
0 0.931120 0.726852 0.015365 0.014815
2 0.939583 0.740278 0.017708 0.016667
0 0.847396 0.681019 0.009375 0.030556
0 0.839583 0.693981 0.009375 0.030556
0 0.835156 0.714352 0.008854 0.027778
0 0.830339 0.734259 0.009635 0.031481
0 0.771484 0.618981 0.015365 0.012963
2 0.781771 0.669213 0.018750 0.014352
2 0.819531 0.660880 0.015104 0.026389
2 0.816927 0.641898 0.015104 0.026389
0 0.767448 0.604167 0.017188 0.015741
0 0.763542 0.589352 0.017188 0.015741
0 0.758464 0.570139 0.016927 0.017130
0 0.755208 0.552546 0.016146 0.014352
0 0.752865 0.484954 0.016146 0.014352
0 0.881120 0.535185 0.013281 0.025926
0 0.855729 0.487037 0.013021 0.025000
0 0.917448 0.472454 0.015104 0.024537
0 0.928255 0.486806 0.013802 0.024537
0 0.955990 0.528704 0.013021 0.023148
0 0.968620 0.544444 0.011719 0.020370
0 0.983984 0.566898 0.014323 0.025463
0 0.919531 0.532870 0.015625 0.017593
0 0.913802 0.409259 0.011458 0.025926
0 0.862240 0.375926 0.007812 0.028704
0 0.847656 0.375463 0.007812 0.028704
0 0.838802 0.378009 0.006771 0.027315
0 0.829297 0.376852 0.008073 0.027778
0 0.672005 0.043056 0.007552 0.028704
0 0.688281 0.110185 0.008333 0.030556
0 0.721484 0.138889 0.013281 0.025926
0 0.705859 0.034722 0.016406 0.012963
0 0.721224 0.035648 0.008594 0.010185
0 0.805990 0.039815 0.012500 0.007407
0 0.845182 0.119213 0.016927 0.012500
0 0.985938 0.087731 0.010937 0.008796
1 0.974349 0.242824 0.040885 0.020833
0 0.933333 0.248380 0.018229 0.013426
2 0.931380 0.313889 0.017448 0.013889
0 0.841406 0.299537 0.018229 0.013889
0 0.818229 0.306481 0.017188 0.012963
0 0.793229 0.283102 0.016146 0.012500
2 0.787760 0.265509 0.020313 0.013426
0 0.675130 0.310880 0.016406 0.014352
0 0.684896 0.332176 0.016667 0.012500
0 0.661979 0.334954 0.013021 0.010648
0 0.629557 0.313657 0.016927 0.013426
0 0.635026 0.335880 0.016927 0.013426
0 0.604427 0.340278 0.017188 0.012963
0 0.577474 0.343981 0.016927 0.012963
0 0.552083 0.346296 0.014583 0.011111
0 0.522526 0.347685 0.015885 0.012037
1 0.456771 0.351157 0.024479 0.014352
1 0.068750 0.214583 0.026042 0.019907
0 0.048307 0.179861 0.016927 0.017130
2 0.017188 0.169213 0.014063 0.015278
0 0.615104 0.032407 0.009896 0.030556
0 0.573047 0.133565 0.009115 0.027315
0 0.632682 0.146991 0.009115 0.027315
0 0.614453 0.181713 0.009115 0.027315
0 0.632422 0.225000 0.010156 0.029630
2 0.675260 0.420139 0.009896 0.031019
0 0.666406 0.442824 0.008854 0.029167
0 0.608854 0.459028 0.008854 0.029167
0 0.632943 0.532407 0.009635 0.029630
0 0.658724 0.537731 0.010156 0.029167
0 0.635156 0.618981 0.007812 0.023148
2 0.738151 0.908102 0.011198 0.031944
0 0.702214 0.932176 0.009635 0.029167
0 0.695182 0.971296 0.010677 0.030556
