0 0.981901 0.263657 0.016406 0.018056
0 0.991927 0.327315 0.016146 0.012963
0 0.993880 0.343981 0.012240 0.013889
0 0.992318 0.050231 0.014323 0.016204
2 0.986198 0.034028 0.022396 0.021759
0 0.669922 0.037500 0.005990 0.028704
0 0.542708 0.094907 0.014583 0.016667
0 0.529687 0.066435 0.016667 0.025463
0 0.508203 0.031944 0.009115 0.029630
0 0.550781 0.122454 0.009896 0.023611
0 0.755599 0.060185 0.011719 0.029630
0 0.821484 0.067361 0.011719 0.025463
0 0.752604 0.013657 0.010937 0.026389
0 0.886849 0.275000 0.012760 0.026852
0 0.843229 0.348843 0.013542 0.028241
0 0.944531 0.472917 0.012500 0.024537
0 0.955599 0.550694 0.013281 0.028241
0 0.920573 0.540046 0.011979 0.026389
0 0.972135 0.692130 0.012500 0.025926
0 0.893880 0.142130 0.016927 0.016667
0 0.870703 0.155787 0.012760 0.014352
0 0.844401 0.166667 0.016406 0.017593
0 0.815365 0.184722 0.017188 0.019444
0 0.788411 0.200231 0.016927 0.016204
0 0.765365 0.212731 0.015104 0.016204
0 0.752995 0.204630 0.014323 0.024074
1 0.717839 0.235880 0.024219 0.021759
0 0.164193 0.338426 0.017969 0.015741
0 0.143099 0.346528 0.016406 0.014352
0 0.098698 0.386111 0.012500 0.023148
0 0.075000 0.353472 0.009375 0.027315
0 0.030859 0.331944 0.017969 0.017593
0 0.047786 0.442824 0.010677 0.020833
0 0.018750 0.470833 0.015625 0.012963
2 0.007682 0.263657 0.014844 0.015278
0 0.059505 0.252546 0.017969 0.012500
0 0.107813 0.217361 0.016667 0.019907
0 0.171875 0.201157 0.010417 0.027315
0 0.199870 0.157639 0.016927 0.018981
0 0.300130 0.058333 0.011198 0.017593
0 0.331641 0.054398 0.007552 0.013426
0 0.786979 0.415741 0.006771 0.027778
0 0.696224 0.316898 0.010677 0.025463
0 0.682943 0.356713 0.010677 0.025463
0 0.667188 0.335185 0.013542 0.027778
0 0.669922 0.387731 0.011198 0.024537
2 0.648438 0.342130 0.013021 0.027778
2 0.731901 0.456250 0.016927 0.025463
2 0.672266 0.520139 0.010156 0.032870
0 0.660807 0.516667 0.009115 0.030556
0 0.661849 0.561111 0.009115 0.030556
0 0.686328 0.566204 0.008594 0.028704
0 0.734896 0.503009 0.014583 0.022685
0 0.700781 0.501389 0.013021 0.012037
0 0.701042 0.515278 0.013021 0.012037
0 0.701953 0.530093 0.014844 0.013889
0 0.704297 0.557870 0.014844 0.013889
0 0.732031 0.581944 0.014583 0.024074
2 0.707292 0.572685 0.017708 0.014815
0 0.746484 0.592130 0.015365 0.014815
0 0.748437 0.609491 0.017188 0.014352
0 0.750000 0.627083 0.015104 0.014352
0 0.750781 0.646065 0.015104 0.014352
0 0.752995 0.660880 0.015885 0.014352
0 0.712370 0.615046 0.015885 0.014352
0 0.706641 0.585880 0.015885 0.014352
0 0.690234 0.599769 0.008594 0.030093
0 0.694010 0.631944 0.008854 0.031481
0 0.659375 0.603472 0.015625 0.014352
2 0.668620 0.629861 0.008594 0.032870
2 0.671745 0.664815 0.008594 0.033333
0 0.674219 0.700231 0.005208 0.030093
0 0.698438 0.729167 0.016146 0.025000
0 0.677344 0.760185 0.008333 0.031481
0 0.699349 0.771991 0.015365 0.027315
0 0.701693 0.813889 0.013802 0.021296
2 0.701693 0.796065 0.016927 0.026389
2 0.700260 0.751157 0.016146 0.028241
0 0.709766 0.846759 0.014323 0.024074
0 0.708724 0.864583 0.016927 0.024537
0 0.712630 0.918750 0.014844 0.020833
0 0.714323 0.940972 0.015625 0.025463
0 0.713021 0.961806 0.016667 0.023611
2 0.710026 0.888889 0.017969 0.025926
0 0.709896 0.988194 0.007812 0.023611
0 0.851432 0.818056 0.015365 0.016667
0 0.857552 0.775694 0.010417 0.031944
0 0.854818 0.843519 0.010677 0.013889
0 0.899219 0.954398 0.019792 0.013426
0 0.536719 0.561574 0.016146 0.023148
0 0.539974 0.612037 0.014844 0.022222
0 0.494141 0.571296 0.015885 0.016667
0 0.493750 0.587269 0.015104 0.017130
0 0.494141 0.602778 0.014323 0.015741
0 0.506120 0.625926 0.016406 0.018519
0 0.505990 0.643287 0.017188 0.023611
0 0.505469 0.659028 0.013542 0.018981
0 0.505078 0.677315 0.014323 0.020370
0 0.531641 0.806019 0.017448 0.017593
0 0.520312 0.855324 0.016667 0.016204
0 0.509505 0.890972 0.017448 0.018056
0 0.482943 0.869676 0.012760 0.029167
0 0.498177 0.931019 0.016146 0.019444
0 0.492318 0.944213 0.015365 0.018981
0 0.492839 0.960417 0.015365 0.018981
2 0.466146 0.969676 0.015625 0.030093
0 0.447266 0.969907 0.013281 0.031481
0 0.438672 0.971065 0.012760 0.031019
0 0.428906 0.974537 0.011458 0.029630
0 0.419792 0.974306 0.011979 0.030093
0 0.410417 0.975231 0.012500 0.027315
0 0.400260 0.975000 0.011979 0.026852
2 0.346484 0.988657 0.016406 0.022685
2 0.332552 0.956481 0.013542 0.029630
0 0.311589 0.961806 0.015365 0.030093
0 0.321484 0.928241 0.011719 0.019444
0 0.297005 0.923380 0.013281 0.026389
0 0.278776 0.943287 0.013281 0.028241
0 0.283724 0.888426 0.007552 0.025000
0 0.274479 0.860185 0.013542 0.028704
0 0.263802 0.767593 0.011979 0.030556
2 0.275000 0.800694 0.014583 0.031944
2 0.264062 0.828935 0.014583 0.031944
2 0.241927 0.767824 0.013021 0.032870
0 0.252344 0.800000 0.011979 0.030556
0 0.252344 0.731713 0.013021 0.030093
0 0.230729 0.735880 0.013021 0.030093
0 0.220182 0.707870 0.009115 0.020370
1 0.207682 0.674074 0.020052 0.040741
0 0.202995 0.699306 0.016406 0.014352
0 0.223698 0.752083 0.015104 0.016204
0 0.229036 0.768750 0.013281 0.015278
2 0.241146 0.810417 0.017188 0.021759
0 0.237630 0.866204 0.011198 0.024074
0 0.013411 0.799074 0.016406 0.020370
0 0.016016 0.771296 0.017969 0.021296
0 0.089974 0.702778 0.014323 0.026852
0 0.096224 0.693519 0.009635 0.020370
0 0.104036 0.688426 0.009635 0.020370
0 0.111589 0.682639 0.013281 0.028241
0 0.118880 0.673843 0.012240 0.026389
0 0.135807 0.664120 0.012240 0.026389
2 0.128125 0.669213 0.010937 0.022685
0 0.151823 0.647454 0.013542 0.028241
2 0.142708 0.654861 0.014063 0.030093
0 0.157812 0.640972 0.009896 0.018981
0 0.174609 0.624074 0.013281 0.025000
2 0.165234 0.633565 0.014844 0.025463
0 0.314193 0.765509 0.006510 0.022685
0 0.310807 0.683333 0.007552 0.029630
0 0.310807 0.646991 0.007031 0.025463
0 0.313151 0.609028 0.007031 0.031019
0 0.320312 0.608796 0.006771 0.029630
0 0.328776 0.609028 0.008073 0.028241
0 0.336979 0.608333 0.007812 0.030556
0 0.345052 0.607870 0.007812 0.030556
0 0.352865 0.610417 0.006250 0.023611
0 0.360286 0.610417 0.007031 0.029167
0 0.369010 0.608102 0.007812 0.031944
0 0.377865 0.609491 0.007812 0.031944
0 0.395182 0.634722 0.006510 0.026852
0 0.395182 0.670139 0.007031 0.031019
0 0.378776 0.637037 0.016927 0.012037
0 0.379297 0.652778 0.017448 0.012963
0 0.379297 0.667824 0.016927 0.013426
0 0.379948 0.684028 0.016667 0.012500
0 0.351953 0.681019 0.007552 0.031481
0 0.352734 0.646296 0.007031 0.024074
0 0.327083 0.637037 0.016667 0.012037
0 0.325781 0.651852 0.018750 0.013889
0 0.325911 0.666435 0.016406 0.013426
0 0.325521 0.693287 0.016146 0.012500
0 0.325521 0.709259 0.017188 0.014815
0 0.346745 0.742130 0.016927 0.011111
0 0.366146 0.737037 0.011458 0.023148
0 0.375000 0.735417 0.012500 0.030093
0 0.385417 0.735648 0.011979 0.026852
0 0.394661 0.736574 0.011198 0.026852
0 0.403385 0.736806 0.011458 0.026389
0 0.413281 0.733102 0.011979 0.027315
0 0.419531 0.715278 0.006771 0.011111
0 0.386458 0.563889 0.016667 0.012963
0 0.386198 0.547685 0.016667 0.012963
0 0.396354 0.523148 0.007292 0.029630
0 0.387500 0.522685 0.007292 0.029630
0 0.378906 0.521759 0.007292 0.029630
0 0.365495 0.524074 0.008073 0.033333
0 0.357161 0.522454 0.008073 0.030093
0 0.348307 0.521065 0.006510 0.027315
0 0.340495 0.520139 0.007031 0.028241
0 0.332682 0.520602 0.005990 0.026389
0 0.351953 0.549306 0.017969 0.012500
0 0.315755 0.521759 0.007031 0.029630
0 0.307552 0.521759 0.007812 0.031481
0 0.298828 0.517361 0.006510 0.029167
0 0.290365 0.516204 0.007292 0.029630
0 0.287240 0.549537 0.016146 0.012037
0 0.310026 0.548843 0.017448 0.015278
0 0.407552 0.583796 0.005208 0.027778
2 0.054818 0.660648 0.017969 0.017593
0 0.005599 0.695139 0.010677 0.013426
0 0.116146 0.360648 0.018229 0.020370
