0 0.575911 0.577083 0.011719 0.014352
0 0.876693 0.177546 0.010677 0.012500
0 0.876953 0.190972 0.016406 0.017130
0 0.876693 0.206944 0.013802 0.020370
0 0.871615 0.219907 0.017188 0.020370
2 0.867057 0.235185 0.017448 0.020370
0 0.863021 0.246991 0.010937 0.015278
0 0.858203 0.258796 0.016927 0.023148
0 0.847396 0.284491 0.015625 0.024537
2 0.852474 0.271065 0.016927 0.023611
0 0.835286 0.308333 0.014323 0.021296
2 0.842318 0.297685 0.012240 0.020370
0 0.830599 0.320602 0.015365 0.020833
0 0.825260 0.332639 0.010417 0.016204
0 0.819531 0.343750 0.011979 0.018981
0 0.816146 0.358333 0.015625 0.020370
0 0.779687 0.299537 0.011458 0.025926
2 0.773828 0.347685 0.015365 0.028704
2 0.751953 0.318981 0.006510 0.028704
0 0.889714 0.450000 0.016406 0.021296
0 0.925260 0.486111 0.016146 0.019444
0 0.987109 0.565278 0.015365 0.021296
0 0.982812 0.546528 0.014063 0.018056
0 0.960156 0.852083 0.015104 0.021759
0 0.972005 0.863426 0.013802 0.022222
2 0.787240 0.771759 0.017708 0.032407
0 0.765365 0.730093 0.011979 0.026852
0 0.751693 0.705093 0.015365 0.024074
0 0.743620 0.716435 0.012760 0.023611
0 0.736068 0.729398 0.012760 0.027315
0 0.776302 0.501389 0.013021 0.024074
0 0.729036 0.422917 0.010677 0.012500
0 0.712109 0.429861 0.016406 0.014352
0 0.689323 0.441898 0.017708 0.015278
1 0.676693 0.375926 0.009635 0.043519
0 0.744141 0.904167 0.014844 0.028704
0 0.700651 0.868981 0.008594 0.014815
0 0.703385 0.803241 0.014583 0.027778
2 0.573828 0.776852 0.017448 0.022222
2 0.709635 0.104630 0.010417 0.031481
0 0.701562 0.069444 0.011458 0.025926
0 0.663542 0.030787 0.015625 0.021759
0 0.612760 0.087269 0.015104 0.024537
0 0.636979 0.090741 0.016146 0.022222
0 0.653776 0.250463 0.017448 0.017593
0 0.332943 0.436574 0.010677 0.024074
2 0.218750 0.570139 0.019792 0.026389
2 0.266797 0.344213 0.011198 0.031019
2 0.256380 0.300926 0.011198 0.028704
0 0.439323 0.137500 0.015625 0.015741
0 0.396224 0.146296 0.015365 0.015741
0 0.302344 0.212269 0.015625 0.015278
0 0.309115 0.154861 0.015625 0.016204
0 0.163542 0.230324 0.013021 0.014352
0 0.097786 0.267361 0.015365 0.014352
0 0.024740 0.283565 0.014583 0.011574
2 0.094401 0.048611 0.017969 0.012963
2 0.133594 0.047222 0.016146 0.024074
2 0.167448 0.054861 0.008854 0.030093
2 0.227995 0.055556 0.018490 0.016667
2 0.247005 0.045602 0.019010 0.017130
2 0.117448 0.510185 0.018229 0.016667
2 0.160417 0.480556 0.033333 0.025926
0 0.917188 0.265509 0.016667 0.015278
0 0.937240 0.256250 0.013021 0.016204
0 0.975130 0.250694 0.017448 0.021759
0 0.994010 0.268287 0.011979 0.021759
0 0.956510 0.272222 0.018750 0.024074
2 0.976172 0.289583 0.017969 0.024537
1 0.916797 0.236343 0.025260 0.032870
1 0.904948 0.196296 0.023438 0.038889
2 0.641146 0.666204 0.008854 0.025000
0 0.506510 0.139583 0.017708 0.017130
0 0.538802 0.264120 0.015104 0.029167
0 0.008333 0.330556 0.013542 0.011111
2 0.594661 0.062500 0.011198 0.020370
0 0.993359 0.306944 0.013281 0.020370
0 0.997135 0.095370 0.005729 0.026852
