2 0.185417 0.113889 0.017708 0.018519
2 0.214583 0.091898 0.008333 0.034722
2 0.253776 0.131019 0.017969 0.015741
2 0.258854 0.444444 0.018229 0.017593
2 0.296484 0.466667 0.013802 0.026852
2 0.326042 0.495139 0.007292 0.031019
2 0.383073 0.533333 0.018229 0.013889
2 0.403255 0.536111 0.018490 0.012963
2 0.489193 0.310417 0.008073 0.031944
2 0.643229 0.308333 0.020313 0.025926
0 0.926953 0.079167 0.014844 0.022222
0 0.687370 0.319907 0.011198 0.015741
2 0.728516 0.344907 0.020573 0.025926
2 0.750260 0.322222 0.007292 0.027778
2 0.291927 0.244907 0.016146 0.022222
0 0.004818 0.456250 0.009115 0.019907
2 0.077604 0.546528 0.017188 0.018056
0 0.127865 0.659954 0.016667 0.018981
0 0.009766 0.803241 0.016406 0.023148
0 0.003125 0.861111 0.005729 0.018519
0 0.409375 0.982407 0.008333 0.026852
2 0.365104 0.850000 0.007292 0.032407
2 0.363151 0.802546 0.007031 0.030093
2 0.315234 0.729630 0.017448 0.013889
0 0.464193 0.757176 0.014323 0.013426
0 0.454557 0.684722 0.016406 0.013889
2 0.548177 0.746296 0.017708 0.015741
0 0.617188 0.755093 0.017188 0.023148
0 0.671484 0.580093 0.010677 0.024074
0 0.677214 0.573148 0.010677 0.024074
0 0.698438 0.551389 0.010937 0.028704
0 0.976693 0.611111 0.015885 0.020370
0 0.957943 0.632639 0.012240 0.018056
0 0.934505 0.663194 0.016406 0.021759
2 0.973047 0.646065 0.026302 0.031944
0 0.911458 0.718750 0.008854 0.031019
0 0.853385 0.739815 0.016146 0.022222
0 0.882943 0.790509 0.016927 0.013426
2 0.856771 0.793519 0.021354 0.015741
0 0.953385 0.828704 0.015625 0.015741
0 0.974609 0.897222 0.009115 0.029630
0 0.827474 0.880556 0.008594 0.027778
2 0.827604 0.920602 0.008854 0.034722
0 0.836719 0.949306 0.008854 0.023611
0 0.823698 0.961111 0.010417 0.029630
0 0.810937 0.994676 0.010937 0.010648
0 0.719271 0.980093 0.015104 0.025926
0 0.737240 0.830787 0.013021 0.016204
2 0.653646 0.892130 0.019271 0.024074
