0 0.046875 0.247685 0.008333 0.023148
0 0.023958 0.289352 0.008333 0.023148
0 0.036979 0.284722 0.014583 0.013889
2 0.025000 0.235880 0.009896 0.028241
2 0.038281 0.242824 0.009896 0.028241
0 0.013802 0.350000 0.014063 0.013889
0 0.013151 0.290046 0.011719 0.030093
0 0.181901 0.351852 0.008594 0.023148
0 0.363542 0.374074 0.011458 0.018519
0 0.335156 0.421296 0.011458 0.018519
0 0.382161 0.337731 0.013281 0.024537
0 0.397656 0.303935 0.011458 0.023611
0 0.439844 0.155324 0.009375 0.029167
0 0.426823 0.221528 0.010937 0.029167
0 0.442969 0.104630 0.007292 0.024074
0 0.444661 0.047917 0.006510 0.028241
0 0.681380 0.073148 0.010677 0.025000
0 0.673307 0.082870 0.010677 0.025000
0 0.689193 0.068519 0.010677 0.025000
0 0.694401 0.090278 0.013802 0.020370
0 0.655859 0.106250 0.009635 0.024537
2 0.648307 0.112269 0.011719 0.025463
2 0.643620 0.124769 0.011719 0.025463
2 0.630990 0.139120 0.016146 0.028241
0 0.605208 0.168287 0.014063 0.018056
0 0.714193 0.061343 0.011719 0.025463
0 0.802474 0.050463 0.014844 0.013889
2 0.783333 0.055787 0.015625 0.011574
0 0.823958 0.043287 0.016667 0.013426
0 0.846875 0.035880 0.013542 0.012500
2 0.829818 0.067130 0.017448 0.014815
2 0.935807 0.134491 0.016406 0.016204
0 0.818359 0.101620 0.013281 0.021759
0 0.683203 0.307870 0.011719 0.023148
0 0.922786 0.650463 0.005469 0.019444
0 0.931120 0.647685 0.005469 0.019444
0 0.938672 0.643056 0.006510 0.025926
0 0.971224 0.698380 0.005990 0.024537
0 0.963802 0.700231 0.007292 0.028241
0 0.979557 0.694907 0.007031 0.025926
0 0.992839 0.748148 0.014323 0.015741
0 0.997396 0.795602 0.005208 0.029167
0 0.990885 0.803241 0.007812 0.025000
0 0.960286 0.811111 0.009115 0.026852
2 0.945573 0.813426 0.009375 0.022222
2 0.953125 0.814352 0.009375 0.022222
2 0.953646 0.839352 0.009375 0.022222
2 0.947396 0.838657 0.010417 0.028241
0 0.884766 0.646296 0.008594 0.024074
0 0.799609 0.655324 0.012760 0.012500
0 0.814453 0.644676 0.012760 0.012500
0 0.780599 0.671065 0.012760 0.012500
0 0.770182 0.601157 0.014323 0.016204
0 0.739974 0.635417 0.014323 0.016204
0 0.712630 0.649769 0.009635 0.027315
0 0.721224 0.584722 0.005990 0.027778
2 0.706380 0.581944 0.007552 0.029630
0 0.678385 0.679167 0.015104 0.021296
2 0.656250 0.589815 0.006250 0.031481
0 0.678516 0.563657 0.009635 0.027315
0 0.653385 0.621296 0.008333 0.025000
2 0.659635 0.675694 0.014063 0.028241
0 0.645182 0.653935 0.008594 0.019907
0 0.634375 0.682639 0.010417 0.021759
0 0.645703 0.710648 0.010677 0.025926
0 0.620313 0.711806 0.011979 0.020833
0 0.635807 0.736806 0.011198 0.023611
0 0.625130 0.753704 0.005990 0.029630
0 0.600781 0.742824 0.015625 0.018981
0 0.585417 0.758796 0.013021 0.015741
0 0.565495 0.777778 0.013281 0.016667
0 0.595573 0.789352 0.015104 0.017593
0 0.580469 0.800926 0.015104 0.017593
0 0.559375 0.815741 0.015104 0.017593
0 0.631901 0.780556 0.010156 0.023148
0 0.612240 0.815509 0.009896 0.027315
2 0.618490 0.802778 0.009375 0.027778
0 0.642708 0.826852 0.009896 0.026852
0 0.634115 0.864352 0.006771 0.025926
0 0.653776 0.856250 0.013281 0.013426
0 0.653906 0.879861 0.007812 0.029167
0 0.655859 0.913657 0.006510 0.022685
0 0.638281 0.896759 0.005208 0.023148
2 0.642057 0.927315 0.006510 0.025000
0 0.645964 0.985880 0.006510 0.025463
0 0.925911 0.927778 0.012240 0.014815
2 0.966536 0.973148 0.014844 0.017593
0 0.455208 0.833102 0.011458 0.027315
2 0.424349 0.795833 0.015885 0.019444
0 0.407813 0.809491 0.010937 0.024537
0 0.386589 0.789120 0.010677 0.028241
0 0.385547 0.833333 0.011719 0.023148
0 0.376693 0.828935 0.012760 0.023611
0 0.375000 0.725463 0.012500 0.021296
0 0.346224 0.689583 0.014844 0.016204
0 0.330208 0.682407 0.015625 0.014815
0 0.313281 0.685185 0.011458 0.012037
0 0.281250 0.649537 0.015625 0.017593
0 0.259896 0.665278 0.015625 0.017593
0 0.241146 0.679630 0.015625 0.017593
0 0.220312 0.693519 0.015625 0.017593
0 0.204687 0.702315 0.015625 0.017593
0 0.190885 0.715278 0.013542 0.017593
0 0.274479 0.708565 0.014063 0.018056
0 0.276823 0.683102 0.014063 0.018056
0 0.257552 0.719676 0.014063 0.018056
0 0.223698 0.744213 0.014063 0.018056
0 0.207422 0.748611 0.014844 0.016667
0 0.189974 0.769444 0.014844 0.016667
0 0.170964 0.730556 0.009635 0.025926
0 0.172266 0.693981 0.008073 0.024074
0 0.132552 0.709722 0.008854 0.024074
0 0.126562 0.685417 0.010937 0.025463
0 0.123828 0.814583 0.013802 0.018981
0 0.106901 0.827546 0.013281 0.018056
0 0.120833 0.855093 0.016667 0.016667
0 0.122396 0.867593 0.016667 0.016667
0 0.125521 0.879630 0.014583 0.015741
0 0.128385 0.891204 0.014583 0.015741
0 0.133854 0.900926 0.012500 0.013889
0 0.134635 0.914815 0.013021 0.016667
0 0.136458 0.927083 0.015625 0.016204
0 0.064062 0.853935 0.015625 0.016204
0 0.024609 0.911111 0.012760 0.013889
0 0.027865 0.923611 0.015104 0.016667
0 0.030469 0.933796 0.015104 0.016667
0 0.032813 0.947917 0.013542 0.016204
0 0.036198 0.958102 0.013542 0.016204
0 0.047005 0.938889 0.011198 0.027778
0 0.058594 0.926852 0.011458 0.012963
0 0.061719 0.938194 0.008854 0.009722
0 0.064714 0.949769 0.009115 0.011574
0 0.065885 0.964120 0.008854 0.012500
0 0.041536 0.982870 0.014844 0.017593
0 0.044531 0.992593 0.015104 0.014815
0 0.075521 0.758565 0.009896 0.024537
0 0.163932 0.815278 0.007552 0.012037
0 0.254297 0.908333 0.010156 0.013889
0 0.089453 0.570833 0.011198 0.012037
0 0.098698 0.580787 0.014583 0.010648
0 0.163542 0.644444 0.009375 0.027778
0 0.159375 0.601620 0.006771 0.028241
0 0.151562 0.572454 0.006771 0.028241
0 0.491146 0.969676 0.007292 0.025463
0 0.491927 0.935648 0.006250 0.021296
0 0.500911 0.923843 0.007552 0.027315
0 0.511979 0.943056 0.006250 0.025926
0 0.513542 0.891204 0.006250 0.025926
0 0.503906 0.866435 0.006771 0.030093
0 0.492448 0.894213 0.006771 0.030093
0 0.513151 0.843519 0.005990 0.026852
0 0.495964 0.827546 0.005990 0.027315
0 0.497266 0.784954 0.005469 0.024537
0 0.507031 0.770370 0.006250 0.028704
0 0.516667 0.771296 0.006250 0.028704
0 0.527083 0.736574 0.006250 0.028704
0 0.508854 0.706944 0.006771 0.026852
0 0.498698 0.735185 0.006771 0.026852
2 0.519661 0.681481 0.005469 0.031481
0 0.530339 0.675926 0.004948 0.020370
0 0.522526 0.625463 0.004948 0.020370
0 0.532422 0.614120 0.005990 0.028241
2 0.501302 0.649306 0.005729 0.031019
0 0.514453 0.577315 0.006510 0.027778
0 0.491276 0.561343 0.010677 0.026389
0 0.470182 0.527778 0.012760 0.019444
2 0.544010 0.553472 0.006250 0.030093
0 0.524349 0.542361 0.006510 0.022685
2 0.547917 0.501157 0.006771 0.030093
0 0.535937 0.468750 0.006250 0.024537
0 0.476562 0.491667 0.013021 0.020370
0 0.518229 0.401157 0.005729 0.020833
0 0.536719 0.395370 0.006771 0.026852
0 0.545833 0.328704 0.006771 0.026852
0 0.518099 0.324074 0.006510 0.021296
1 0.525781 0.255093 0.008854 0.059259
0 0.500000 0.359722 0.007292 0.024074
0 0.509375 0.375463 0.007292 0.024074
0 0.507031 0.335417 0.006771 0.026389
0 0.491406 0.393981 0.007292 0.024074
0 0.481771 0.392130 0.007292 0.024074
2 0.470964 0.395370 0.007552 0.027778
0 0.469531 0.350463 0.007292 0.025926
0 0.480469 0.352778 0.007292 0.025926
0 0.489844 0.353241 0.007292 0.025926
0 0.498177 0.316667 0.007292 0.025926
0 0.489323 0.315278 0.007292 0.025926
0 0.496875 0.276852 0.007292 0.025926
0 0.496354 0.236111 0.007292 0.025926
0 0.485677 0.237037 0.007292 0.025926
0 0.486979 0.275926 0.007292 0.025926
0 0.478125 0.269444 0.007292 0.025926
0 0.476042 0.235185 0.006771 0.025000
0 0.466146 0.246528 0.006250 0.020833
0 0.534635 0.229398 0.005729 0.029167
2 0.478646 0.312500 0.007292 0.029630
1 0.466927 0.303009 0.009375 0.059722
2 0.467448 0.217361 0.006250 0.029167
2 0.474479 0.192361 0.006250 0.029167
2 0.484896 0.183565 0.005208 0.021759
0 0.465885 0.187269 0.006250 0.025463
0 0.473568 0.146528 0.006510 0.028241
0 0.483333 0.153472 0.006771 0.024537
0 0.492188 0.135417 0.006771 0.024537
0 0.471875 0.108102 0.006771 0.024537
0 0.463672 0.137500 0.007552 0.026852
0 0.470443 0.040509 0.007552 0.025463
0 0.458594 0.009259 0.006771 0.017593
2 0.479818 0.044907 0.005990 0.030556
2 0.482161 0.101389 0.008594 0.047222
0 0.009245 0.400463 0.011198 0.012037
0 0.012240 0.433796 0.016146 0.013889
0 0.029687 0.421759 0.015625 0.010185
0 0.040104 0.438889 0.017188 0.013889
0 0.031380 0.468981 0.014844 0.011111
0 0.053255 0.473611 0.014844 0.011111
0 0.011458 0.466435 0.016146 0.014352
0 0.059635 0.504861 0.016146 0.014352
0 0.052995 0.490741 0.019010 0.013889
0 0.038411 0.517361 0.017969 0.013426
2 0.069141 0.523611 0.020573 0.014815
0 0.086719 0.446991 0.014583 0.013426
2 0.088411 0.464120 0.015365 0.012500
0 0.084635 0.429167 0.017708 0.010185
0 0.096615 0.530093 0.014063 0.012963
0 0.106510 0.499537 0.016667 0.013889
0 0.116016 0.486574 0.013802 0.012037
0 0.135807 0.488889 0.015365 0.012963
0 0.156380 0.495833 0.015365 0.012963
0 0.177734 0.499074 0.015365 0.012963
0 0.133464 0.457407 0.015365 0.012963
0 0.141276 0.440741 0.015365 0.012963
0 0.187109 0.467593 0.015365 0.012963
2 0.153255 0.510648 0.019010 0.012963
0 0.180990 0.515509 0.014583 0.010648
0 0.183203 0.532639 0.015365 0.011574
0 0.152734 0.540741 0.015365 0.012963
0 0.126693 0.503241 0.015365 0.012963
0 0.201693 0.503241 0.015365 0.012963
0 0.217057 0.488426 0.015365 0.012963
0 0.215234 0.472685 0.015365 0.012963
0 0.230859 0.446759 0.015365 0.012963
2 0.167708 0.428935 0.016667 0.012500
0 0.222786 0.506481 0.015365 0.012963
0 0.224349 0.524074 0.015365 0.012963
0 0.233984 0.540278 0.015365 0.012963
0 0.227995 0.557407 0.015365 0.012963
2 0.202734 0.517361 0.017448 0.015278
0 0.242448 0.510417 0.013021 0.010648
0 0.242969 0.476157 0.013021 0.010648
0 0.267708 0.479398 0.013021 0.010648
0 0.294922 0.450231 0.014323 0.014352
0 0.290104 0.478704 0.016667 0.012037
0 0.267839 0.528704 0.011198 0.010185
0 0.263151 0.512500 0.014323 0.011111
0 0.288672 0.531019 0.014323 0.012037
0 0.281641 0.514583 0.015885 0.013426
0 0.293359 0.546759 0.014844 0.010185
0 0.291016 0.563657 0.014323 0.011574
0 0.260547 0.564120 0.015885 0.013426
0 0.300781 0.516667 0.012500 0.011111
0 0.319141 0.516204 0.014844 0.012037
0 0.318099 0.485185 0.014844 0.012037
0 0.345182 0.464352 0.014844 0.012037
0 0.384505 0.476389 0.014844 0.012037
0 0.341276 0.516898 0.015365 0.013426
0 0.346484 0.534028 0.015365 0.013426
0 0.361589 0.517824 0.015365 0.013426
0 0.380729 0.518981 0.012500 0.010185
0 0.373047 0.533796 0.014323 0.012963
0 0.354297 0.550926 0.014323 0.012963
0 0.352734 0.568056 0.014323 0.012963
0 0.394661 0.567130 0.014323 0.012963
2 0.268099 0.545139 0.016927 0.012500
2 0.246745 0.525694 0.016927 0.012500
2 0.305339 0.533102 0.016927 0.012500
2 0.322786 0.549769 0.035677 0.015278
0 0.323828 0.533102 0.015365 0.013426
0 0.384896 0.550000 0.017188 0.012963
2 0.428125 0.548611 0.017188 0.012963
0 0.398568 0.532639 0.014844 0.013426
0 0.420052 0.532870 0.017188 0.012963
0 0.408594 0.550000 0.017188 0.012963
0 0.413802 0.566204 0.015625 0.012037
0 0.434635 0.566204 0.017188 0.012963
2 0.582422 0.471991 0.027344 0.016204
0 0.612240 0.469444 0.015104 0.012963
0 0.606250 0.512731 0.009375 0.024537
0 0.671615 0.524074 0.014063 0.012963
2 0.632682 0.557407 0.022656 0.015741
0 0.719531 0.515972 0.015104 0.012500
0 0.721745 0.499769 0.013802 0.011574
0 0.766667 0.507639 0.015625 0.009722
0 0.856510 0.478472 0.016667 0.011574
0 0.825260 0.503472 0.011979 0.009722
0 0.877083 0.493750 0.016667 0.011574
0 0.890625 0.478472 0.011458 0.010648
0 0.916927 0.490972 0.015104 0.012500
0 0.958854 0.417361 0.015104 0.012500
2 0.965104 0.486574 0.017708 0.012963
2 0.630729 0.484259 0.016667 0.011111
0 0.072135 0.984028 0.012500 0.013426
0 0.460156 0.044444 0.006250 0.022222
0 0.461979 0.079167 0.006250 0.022222
0 0.814714 0.120139 0.013281 0.021759
0 0.499870 0.980324 0.006510 0.025463
0 0.509896 0.990046 0.006250 0.019907
0 0.835417 0.385648 0.012500 0.008333
0 0.669141 0.643056 0.008073 0.024074
