2 0.038021 0.245370 0.009896 0.027778
2 0.024740 0.239352 0.009896 0.027778
0 0.012500 0.352315 0.014583 0.012037
0 0.013932 0.292361 0.013802 0.028241
0 0.022917 0.289120 0.008854 0.019907
0 0.036328 0.287269 0.015365 0.019907
0 0.045964 0.248380 0.008594 0.024537
0 0.182031 0.353009 0.008333 0.024537
0 0.327474 0.431713 0.013802 0.018981
0 0.352344 0.394213 0.011979 0.020833
0 0.373177 0.355324 0.013021 0.023611
0 0.390885 0.323611 0.010937 0.022222
0 0.422396 0.235880 0.010937 0.031019
0 0.437370 0.166435 0.009115 0.029167
0 0.441146 0.115046 0.008333 0.023611
0 0.443620 0.069676 0.006510 0.031944
0 0.444010 0.019907 0.006250 0.028704
0 0.604427 0.165741 0.011979 0.019444
2 0.630469 0.138194 0.016667 0.027315
2 0.640104 0.121065 0.017188 0.029167
2 0.646875 0.109259 0.011458 0.023148
0 0.654948 0.103472 0.010417 0.024537
0 0.673438 0.079861 0.011979 0.027315
0 0.680469 0.073148 0.010937 0.027778
0 0.687500 0.065741 0.011979 0.025926
0 0.694401 0.088194 0.015365 0.018981
0 0.714714 0.058102 0.011719 0.022685
2 0.784115 0.053009 0.015625 0.012500
0 0.802214 0.048611 0.014844 0.012037
0 0.823698 0.039815 0.016667 0.014815
0 0.847526 0.031944 0.014844 0.012037
0 0.830078 0.065278 0.017448 0.012963
2 0.935677 0.131250 0.017188 0.011574
0 0.819010 0.096991 0.013021 0.019907
0 0.683464 0.306944 0.010156 0.024074
0 0.835547 0.383796 0.013802 0.007407
0 0.906120 0.421065 0.014844 0.010648
0 0.923307 0.646759 0.005990 0.018519
0 0.931901 0.645833 0.008594 0.022222
0 0.939063 0.641435 0.008854 0.024537
0 0.963932 0.697685 0.008073 0.026852
0 0.972396 0.695833 0.006771 0.022222
0 0.979948 0.690972 0.008333 0.023611
0 0.992969 0.744444 0.013542 0.014815
0 0.992969 0.798843 0.006771 0.023611
0 0.961068 0.807639 0.009115 0.026389
2 0.946354 0.809954 0.009896 0.021759
2 0.954167 0.812269 0.008854 0.021759
2 0.948438 0.834028 0.009375 0.025463
2 0.955859 0.833796 0.009115 0.022222
0 0.885026 0.643056 0.009635 0.022222
0 0.770573 0.599306 0.012500 0.017130
0 0.740104 0.633565 0.014063 0.017130
0 0.781510 0.668287 0.012500 0.013426
0 0.800651 0.654167 0.015365 0.015741
0 0.814974 0.641898 0.011719 0.013426
0 0.713411 0.647685 0.009635 0.025926
0 0.678385 0.675694 0.015625 0.019907
0 0.721615 0.582407 0.007292 0.028704
2 0.707812 0.580556 0.007812 0.030556
2 0.659766 0.674074 0.013802 0.029630
0 0.653776 0.620139 0.007031 0.025463
2 0.657031 0.587269 0.007292 0.031019
0 0.678906 0.561574 0.010417 0.027778
0 0.645573 0.651852 0.008333 0.019444
0 0.635026 0.682176 0.009635 0.022685
0 0.646224 0.708796 0.011719 0.025000
0 0.636589 0.735185 0.011719 0.025000
0 0.621615 0.709954 0.013021 0.021759
0 0.626432 0.751620 0.007031 0.031019
0 0.600911 0.741435 0.013802 0.020833
0 0.586198 0.758796 0.012500 0.015741
0 0.566146 0.775463 0.014583 0.018519
0 0.580729 0.798611 0.014583 0.018519
0 0.596615 0.787963 0.014583 0.018519
0 0.559896 0.814352 0.014583 0.018519
0 0.613411 0.812963 0.009115 0.025000
0 0.643490 0.826157 0.008333 0.026389
2 0.620182 0.802083 0.009635 0.025463
0 0.635547 0.862963 0.007552 0.024074
0 0.654687 0.854861 0.014583 0.012500
0 0.654687 0.878009 0.007292 0.027315
0 0.657422 0.912500 0.006510 0.023148
0 0.639193 0.894213 0.004948 0.023611
2 0.642708 0.924769 0.006250 0.025463
0 0.647526 0.985185 0.006510 0.026852
0 0.927604 0.924537 0.013021 0.013889
2 0.424740 0.794907 0.015104 0.020370
0 0.409245 0.808333 0.010156 0.024074
0 0.387500 0.787037 0.010937 0.028704
0 0.376302 0.827778 0.011458 0.023148
0 0.386849 0.833796 0.011198 0.025000
0 0.374870 0.724537 0.012760 0.021296
0 0.347135 0.690046 0.014063 0.015278
0 0.330078 0.683565 0.015885 0.013426
0 0.313802 0.686343 0.011458 0.013426
0 0.303125 0.668981 0.015625 0.016667
0 0.281380 0.650000 0.015365 0.018519
0 0.259766 0.666667 0.015365 0.018519
0 0.275391 0.708796 0.015365 0.018519
0 0.258984 0.720833 0.015365 0.018519
0 0.242448 0.678935 0.014063 0.016204
0 0.221484 0.694676 0.016406 0.018056
0 0.224609 0.743981 0.014844 0.017593
0 0.205859 0.703704 0.014844 0.017593
0 0.191406 0.714815 0.013021 0.016667
0 0.208203 0.749537 0.014844 0.013889
0 0.189974 0.768519 0.014844 0.013889
0 0.171615 0.721065 0.007812 0.026389
0 0.162891 0.818287 0.008073 0.014352
0 0.124740 0.813889 0.014583 0.017593
0 0.107813 0.827778 0.014583 0.017593
0 0.075000 0.759722 0.010937 0.024074
0 0.063672 0.856481 0.015365 0.017593
0 0.013151 0.874537 0.015365 0.017593
0 0.025911 0.912269 0.012240 0.013426
0 0.028516 0.925000 0.013802 0.015741
0 0.031901 0.936111 0.013802 0.015741
0 0.033724 0.949537 0.013802 0.015741
0 0.036328 0.960648 0.013802 0.015741
0 0.042188 0.983102 0.014063 0.018056
0 0.045964 0.993287 0.013281 0.013426
0 0.066536 0.965509 0.008594 0.013426
0 0.065234 0.951157 0.010677 0.011574
0 0.062370 0.939583 0.010677 0.011574
0 0.058724 0.928472 0.010156 0.014352
0 0.121745 0.856481 0.015365 0.017593
0 0.123828 0.867130 0.012760 0.014815
0 0.125911 0.879630 0.012760 0.014815
0 0.129036 0.891898 0.013281 0.018056
0 0.133984 0.901157 0.012760 0.014352
0 0.135807 0.915509 0.012760 0.014352
0 0.138411 0.928472 0.014844 0.017130
0 0.255859 0.908333 0.009635 0.016667
0 0.171875 0.681713 0.007812 0.026389
0 0.162370 0.635185 0.010156 0.026852
0 0.159766 0.590509 0.007552 0.028241
0 0.151432 0.571991 0.007552 0.028241
0 0.009766 0.499537 0.017969 0.012037
0 0.012370 0.467130 0.016927 0.012037
0 0.031250 0.470602 0.014583 0.013426
0 0.053125 0.475000 0.016146 0.010185
0 0.053646 0.492130 0.018750 0.014815
0 0.067708 0.523380 0.017708 0.013426
0 0.024740 0.437269 0.017708 0.013426
0 0.041667 0.423380 0.017708 0.013426
0 0.072396 0.444676 0.017708 0.013426
0 0.108073 0.436806 0.015104 0.013426
0 0.110677 0.453472 0.015104 0.013426
0 0.115365 0.488194 0.015104 0.013426
0 0.136719 0.490972 0.015104 0.013426
0 0.127083 0.503935 0.015104 0.013426
0 0.105469 0.516435 0.015104 0.013426
0 0.128516 0.536343 0.013281 0.012500
2 0.152995 0.511343 0.020052 0.014352
0 0.156250 0.495602 0.015104 0.013426
0 0.156771 0.476620 0.015104 0.013426
0 0.161979 0.462731 0.016146 0.013426
0 0.179427 0.439583 0.016146 0.013426
0 0.201563 0.470370 0.015104 0.011111
0 0.202083 0.504398 0.016146 0.013426
0 0.178385 0.500231 0.016146 0.013426
0 0.180859 0.515972 0.015365 0.010648
0 0.205078 0.537269 0.015365 0.010648
0 0.190755 0.553241 0.016406 0.015741
2 0.036849 0.454861 0.015885 0.014352
2 0.006641 0.482870 0.012760 0.016667
2 0.116016 0.421065 0.015885 0.014352
2 0.202604 0.518981 0.017188 0.014815
0 0.222135 0.507639 0.016146 0.013426
0 0.230469 0.475231 0.013542 0.011574
0 0.242057 0.509722 0.014844 0.013889
0 0.236589 0.542593 0.014844 0.013889
0 0.248828 0.561111 0.014844 0.013889
0 0.269010 0.530556 0.011979 0.010185
0 0.263281 0.512963 0.014583 0.013889
0 0.255208 0.477778 0.011458 0.009259
0 0.259505 0.451620 0.014323 0.012500
0 0.276432 0.479861 0.014323 0.012500
0 0.297266 0.458565 0.014323 0.012500
0 0.304036 0.483565 0.014323 0.012500
0 0.334766 0.468287 0.015885 0.012500
0 0.300781 0.516204 0.010417 0.011111
0 0.281380 0.516435 0.015885 0.013426
0 0.289062 0.531250 0.015625 0.011574
0 0.293229 0.547454 0.015625 0.011574
0 0.286458 0.565509 0.015625 0.011574
0 0.319792 0.566898 0.015625 0.011574
0 0.224870 0.524074 0.014844 0.013889
2 0.246484 0.526389 0.018490 0.013889
2 0.268620 0.544907 0.018490 0.013889
2 0.307161 0.533333 0.018490 0.013889
2 0.322526 0.549769 0.034115 0.017130
0 0.319010 0.516204 0.015104 0.011111
0 0.341667 0.518519 0.015104 0.011111
0 0.347135 0.535185 0.015104 0.011111
0 0.323698 0.532870 0.015104 0.011111
0 0.354167 0.550463 0.015104 0.011111
0 0.367188 0.568519 0.015104 0.011111
0 0.373958 0.533796 0.015104 0.011111
0 0.361198 0.518056 0.015104 0.011111
0 0.381771 0.518981 0.015104 0.011111
0 0.398958 0.533565 0.017188 0.011574
0 0.385807 0.549306 0.015365 0.011574
0 0.420573 0.533565 0.016146 0.013426
0 0.395182 0.565972 0.015365 0.011574
0 0.413932 0.565046 0.015365 0.011574
0 0.408203 0.547454 0.015365 0.011574
2 0.429427 0.548380 0.016146 0.013426
0 0.435547 0.566435 0.015365 0.011574
0 0.432682 0.501157 0.014323 0.011574
0 0.460677 0.518750 0.013542 0.017130
0 0.412240 0.467130 0.014583 0.012963
0 0.517448 0.471065 0.006250 0.025463
0 0.534635 0.528009 0.006250 0.025463
0 0.526693 0.444907 0.004948 0.020370
0 0.525651 0.538889 0.004948 0.020370
2 0.499479 0.590278 0.010417 0.030556
0 0.513411 0.606944 0.005990 0.025926
2 0.523177 0.598380 0.007812 0.031019
0 0.533854 0.604630 0.007292 0.024074
0 0.531120 0.662500 0.006510 0.026852
0 0.520443 0.698148 0.006510 0.026852
0 0.510677 0.688657 0.007812 0.026389
0 0.502083 0.672917 0.007812 0.026389
0 0.499479 0.733565 0.007292 0.022685
0 0.496875 0.789815 0.007812 0.030556
0 0.506250 0.803241 0.007812 0.030556
0 0.516276 0.796065 0.008073 0.025463
0 0.516276 0.840046 0.008073 0.025463
0 0.494792 0.853704 0.007292 0.029630
0 0.494271 0.907176 0.005729 0.023611
0 0.464323 0.928241 0.007292 0.027778
0 0.492448 0.960185 0.007292 0.027778
0 0.511979 0.958333 0.007292 0.027778
0 0.491406 0.994213 0.006250 0.011574
0 0.503776 0.891667 0.006510 0.026852
0 0.515495 0.897222 0.006510 0.026852
0 0.500911 0.976852 0.006510 0.026852
2 0.546745 0.470139 0.005990 0.029167
2 0.548177 0.412500 0.006771 0.027778
2 0.582422 0.470833 0.027344 0.014815
2 0.616536 0.494444 0.014844 0.021296
0 0.612630 0.468750 0.015885 0.012500
0 0.616667 0.535417 0.014063 0.019907
2 0.634245 0.554630 0.022656 0.014815
0 0.695052 0.518287 0.016667 0.013426
0 0.721484 0.497917 0.015365 0.012500
0 0.727995 0.513657 0.015365 0.012500
0 0.790495 0.504398 0.015365 0.012500
0 0.861719 0.496065 0.014583 0.009722
0 0.919922 0.486111 0.014323 0.014815
0 0.899479 0.469676 0.015625 0.015278
0 0.931901 0.471991 0.013802 0.011574
0 0.953255 0.481250 0.013802 0.011574
2 0.990104 0.492361 0.015104 0.021759
0 0.491276 0.393287 0.007552 0.029167
2 0.478776 0.311343 0.006510 0.029167
0 0.482812 0.390741 0.007812 0.025926
2 0.471745 0.394444 0.007552 0.029630
0 0.469792 0.350463 0.007812 0.025926
0 0.479427 0.352315 0.007812 0.025926
0 0.490104 0.351852 0.007812 0.025926
0 0.500260 0.359259 0.007812 0.025926
0 0.507292 0.334259 0.007812 0.025926
0 0.498437 0.316667 0.007812 0.025926
0 0.488542 0.314815 0.007812 0.025926
0 0.516406 0.298148 0.006250 0.020370
0 0.536849 0.346759 0.007031 0.025926
0 0.525391 0.274074 0.007031 0.025926
0 0.534505 0.253241 0.007031 0.025926
0 0.497005 0.275463 0.007031 0.025926
0 0.477474 0.268519 0.007031 0.025926
0 0.486849 0.275926 0.007031 0.025926
0 0.495964 0.235185 0.007031 0.025926
0 0.485807 0.237963 0.007031 0.025926
0 0.475911 0.235185 0.007031 0.025926
0 0.542057 0.201852 0.007031 0.025926
0 0.515625 0.208796 0.006771 0.022222
0 0.466016 0.247917 0.006510 0.021759
1 0.466797 0.301389 0.010156 0.058333
0 0.509635 0.373611 0.007812 0.025926
2 0.467708 0.215972 0.006771 0.031019
2 0.473958 0.192824 0.006771 0.031019
2 0.481771 0.100694 0.009375 0.044907
0 0.493620 0.177778 0.007031 0.025926
2 0.484245 0.182639 0.004948 0.020833
0 0.465234 0.186111 0.007031 0.025926
0 0.482943 0.153241 0.007031 0.025926
0 0.473307 0.144907 0.006510 0.028704
0 0.464193 0.136806 0.005990 0.027315
0 0.471615 0.108796 0.007292 0.026852
0 0.461198 0.078935 0.006771 0.024537
0 0.459375 0.044676 0.006771 0.024537
0 0.469922 0.040741 0.006510 0.026852
2 0.479557 0.054398 0.007552 0.030093
0 0.458724 0.009491 0.007031 0.018056
0 0.478516 0.011574 0.006510 0.022222
0 0.526953 0.029167 0.007552 0.029630
1 0.522135 0.125463 0.010417 0.062963
0 0.100260 0.531713 0.011979 0.011574
0 0.098437 0.583333 0.014583 0.012963
0 0.089323 0.574306 0.011979 0.011574
0 0.127214 0.684722 0.010677 0.024074
0 0.133073 0.710880 0.008854 0.024537
0 0.072786 0.985648 0.012760 0.013889
0 0.046745 0.939583 0.011719 0.023611
0 0.813672 0.116898 0.012760 0.020833
2 0.968750 0.970602 0.014583 0.018981
0 0.669531 0.641435 0.008854 0.025463
