0 0.022917 0.743750 0.011458 0.018981
0 0.032552 0.769213 0.007292 0.024537
0 0.003906 0.732407 0.007292 0.018519
0 0.008203 0.703704 0.014844 0.014815
0 0.135937 0.781944 0.006771 0.019444
0 0.192578 0.682639 0.020052 0.016204
0 0.193750 0.696991 0.016146 0.013426
0 0.195573 0.713889 0.016146 0.012963
0 0.201563 0.776389 0.014063 0.012963
2 0.198437 0.740278 0.015625 0.014815
2 0.200781 0.763194 0.015104 0.014352
0 0.255990 0.860185 0.014063 0.017593
0 0.270703 0.847917 0.014323 0.013426
0 0.313151 0.846065 0.014323 0.013426
0 0.331250 0.833796 0.016667 0.016667
0 0.343490 0.826852 0.008333 0.025926
0 0.333594 0.794907 0.013542 0.014815
0 0.317188 0.810648 0.011458 0.012037
2 0.302865 0.825463 0.013021 0.015741
0 0.355469 0.800231 0.014063 0.019907
2 0.362760 0.752546 0.014063 0.019907
0 0.355208 0.745139 0.014063 0.019907
0 0.378255 0.768519 0.013281 0.020370
0 0.390885 0.750694 0.017188 0.017130
0 0.402474 0.762500 0.014323 0.015741
0 0.420052 0.772685 0.013542 0.015741
0 0.411979 0.730324 0.013542 0.018056
0 0.389844 0.704167 0.013021 0.021296
0 0.377083 0.683565 0.010937 0.022685
0 0.361719 0.655093 0.011458 0.021296
0 0.338802 0.654398 0.011979 0.024537
0 0.352734 0.685417 0.011198 0.022685
0 0.363542 0.708796 0.013021 0.025926
0 0.430859 0.745833 0.013281 0.016667
0 0.450130 0.754861 0.010677 0.011574
0 0.470573 0.760648 0.015625 0.012037
2 0.443359 0.784491 0.017969 0.019907
0 0.446224 0.817824 0.008594 0.027315
0 0.463151 0.793750 0.014844 0.014352
0 0.477083 0.793750 0.007812 0.021759
2 0.488932 0.757407 0.017448 0.015741
2 0.508724 0.787731 0.015885 0.014352
2 0.505990 0.840972 0.015625 0.014352
0 0.508854 0.865278 0.015104 0.015741
0 0.471224 0.867824 0.015365 0.011574
0 0.486458 0.910648 0.010417 0.024074
0 0.513281 0.951852 0.010937 0.020370
0 0.478516 0.989815 0.010156 0.016667
0 0.189062 0.941667 0.011458 0.019444
0 0.178906 0.958796 0.015104 0.010185
0 0.195312 0.968287 0.013021 0.015278
0 0.015495 0.893519 0.008594 0.023148
0 0.026562 0.949537 0.011979 0.025000
0 0.035286 0.948611 0.007552 0.026852
2 0.044271 0.959259 0.010417 0.030556
0 0.598828 0.715278 0.009115 0.022222
0 0.647656 0.723148 0.010937 0.019444
0 0.837891 0.926157 0.010677 0.025463
0 0.795182 0.895602 0.010677 0.025463
0 0.794401 0.846296 0.008073 0.016667
0 0.817318 0.854398 0.010156 0.025463
0 0.827474 0.889815 0.011719 0.028704
0 0.852734 0.815509 0.009635 0.025463
2 0.842318 0.818056 0.011719 0.032407
2 0.810417 0.827315 0.008854 0.027778
2 0.815625 0.906019 0.010417 0.027778
0 0.789453 0.708333 0.014844 0.015741
0 0.767969 0.680787 0.013542 0.021759
0 0.772917 0.655787 0.013542 0.021759
0 0.766927 0.646065 0.013542 0.021759
0 0.749349 0.621528 0.012240 0.020833
0 0.777083 0.665046 0.013021 0.024537
2 0.725130 0.588889 0.016927 0.023148
2 0.735677 0.604167 0.009896 0.025000
2 0.744271 0.610185 0.013021 0.024074
0 0.701562 0.551620 0.011979 0.020833
0 0.826172 0.703704 0.014844 0.015741
0 0.847266 0.690046 0.015885 0.018056
0 0.865104 0.684028 0.013021 0.020833
0 0.879427 0.669213 0.014063 0.015278
0 0.936719 0.630324 0.016667 0.017130
0 0.971875 0.608102 0.016667 0.017130
0 0.988021 0.595602 0.016667 0.017130
2 0.939193 0.051157 0.015365 0.015278
0 0.980859 0.029398 0.016927 0.017130
2 0.812891 0.192593 0.016927 0.016667
0 0.771354 0.217361 0.015625 0.018981
0 0.732292 0.240972 0.015625 0.018981
0 0.700391 0.253935 0.015365 0.016204
0 0.675391 0.264583 0.015365 0.011574
0 0.637630 0.263194 0.015365 0.011574
0 0.608984 0.256944 0.014844 0.014815
0 0.573438 0.234491 0.014063 0.015278
0 0.544531 0.212963 0.014063 0.017593
0 0.523568 0.194444 0.013281 0.015741
0 0.500391 0.175231 0.013802 0.019907
2 0.457943 0.125000 0.008073 0.027778
0 0.455729 0.069676 0.006250 0.019907
0 0.298177 0.013889 0.011979 0.022222
0 0.308724 0.038194 0.013281 0.025463
0 0.322786 0.071065 0.013281 0.025463
0 0.334766 0.097454 0.013281 0.025463
0 0.350130 0.131250 0.013281 0.025463
0 0.305599 0.110880 0.013281 0.025463
0 0.316797 0.136343 0.013281 0.025463
0 0.281901 0.058796 0.011719 0.024074
0 0.275130 0.030556 0.011719 0.024074
0 0.259375 0.009722 0.010417 0.018519
0 0.202083 0.156944 0.007812 0.017593
2 0.069401 0.081944 0.013802 0.028704
0 0.081771 0.187500 0.012500 0.022222
0 0.071484 0.217130 0.009635 0.021296
0 0.046484 0.670602 0.015885 0.016204
0 0.051953 0.685417 0.015885 0.016204
0 0.096745 0.669676 0.015885 0.016204
0 0.104297 0.647685 0.014844 0.014815
2 0.096745 0.634954 0.017448 0.015278
2 0.065755 0.645602 0.017448 0.015278
2 0.027083 0.660648 0.016667 0.014815
2 0.132552 0.654861 0.023958 0.018981
0 0.144922 0.617130 0.014844 0.014815
0 0.150391 0.631019 0.013281 0.013889
0 0.199609 0.614815 0.014844 0.014815
0 0.219792 0.587731 0.014583 0.014352
0 0.227865 0.619444 0.015625 0.015741
0 0.252474 0.592130 0.013281 0.012963
0 0.256510 0.572917 0.014583 0.014352
0 0.293750 0.592824 0.014583 0.014352
0 0.319792 0.565741 0.016667 0.017593
0 0.350781 0.569444 0.015104 0.016667
0 0.342448 0.539352 0.015104 0.016667
0 0.301953 0.552546 0.011198 0.013426
0 0.388542 0.521759 0.015625 0.014815
0 0.402865 0.550926 0.012500 0.014815
0 0.443490 0.516898 0.015625 0.015278
0 0.447526 0.488889 0.014323 0.020370
2 0.471615 0.523380 0.016667 0.015278
0 0.505469 0.490741 0.014583 0.014815
0 0.473307 0.407407 0.008073 0.025000
0 0.556250 0.483796 0.014063 0.014815
0 0.563281 0.445370 0.014063 0.014815
0 0.569010 0.426852 0.014063 0.014815
0 0.569531 0.408333 0.014063 0.014815
0 0.548438 0.421296 0.014063 0.014815
0 0.547917 0.404167 0.014063 0.014815
0 0.563281 0.374074 0.014063 0.014815
0 0.590104 0.394444 0.014063 0.014815
0 0.591927 0.412037 0.014063 0.014815
0 0.584245 0.432639 0.014323 0.017130
0 0.598047 0.446528 0.014323 0.017130
0 0.613802 0.398148 0.013542 0.015741
0 0.610417 0.381944 0.013542 0.015741
0 0.612109 0.364120 0.013802 0.016204
2 0.589714 0.377083 0.017969 0.018056
2 0.542969 0.386574 0.016667 0.016667
0 0.567448 0.389815 0.014583 0.015741
0 0.605599 0.419213 0.010677 0.012500
1 0.591667 0.354398 0.033333 0.030093
2 0.628516 0.404861 0.017969 0.018056
0 0.634375 0.383796 0.013542 0.015741
0 0.632031 0.368519 0.013542 0.015741
0 0.630469 0.350926 0.013542 0.015741
0 0.620964 0.336111 0.011719 0.014815
2 0.638281 0.330324 0.017188 0.017130
2 0.653125 0.335880 0.017188 0.017130
2 0.661458 0.350231 0.011979 0.012500
0 0.655469 0.371296 0.013542 0.015741
0 0.663021 0.404167 0.013542 0.015741
0 0.676562 0.339352 0.013542 0.015741
0 0.652865 0.318519 0.013542 0.015741
0 0.679427 0.301852 0.013542 0.015741
0 0.678385 0.320139 0.015625 0.018056
0 0.697656 0.307870 0.014583 0.016667
0 0.710156 0.282407 0.013542 0.015741
0 0.728906 0.268519 0.013542 0.015741
0 0.728255 0.307870 0.015885 0.017593
0 0.733724 0.285185 0.015885 0.017593
2 0.703906 0.324074 0.025000 0.025926
0 0.739844 0.356481 0.013542 0.015741
0 0.749609 0.294213 0.015365 0.017130
0 0.749609 0.256250 0.015365 0.017130
0 0.762109 0.266898 0.015365 0.017130
0 0.773307 0.280324 0.015365 0.017130
0 0.777734 0.236806 0.015365 0.017130
0 0.799870 0.240509 0.015365 0.017130
0 0.799089 0.226157 0.015365 0.017130
0 0.805339 0.259491 0.015365 0.017130
0 0.785417 0.326157 0.014063 0.017130
0 0.831250 0.301157 0.014063 0.017130
0 0.832812 0.241898 0.014063 0.017130
0 0.823698 0.226620 0.014063 0.017130
0 0.843620 0.215509 0.014844 0.018056
2 0.783854 0.254167 0.017708 0.020370
2 0.819792 0.213426 0.016667 0.018519
0 0.841927 0.197222 0.015625 0.018519
0 0.852344 0.227315 0.015625 0.018519
0 0.864844 0.252778 0.015625 0.018519
2 0.759896 0.361806 0.016667 0.016204
0 0.891406 0.278241 0.015625 0.018519
0 0.924740 0.240278 0.015625 0.018519
0 0.902604 0.197222 0.015625 0.018519
0 0.887760 0.187500 0.015625 0.018519
0 0.889583 0.166435 0.017188 0.019907
0 0.872396 0.153472 0.017188 0.019907
0 0.868359 0.199074 0.013281 0.014815
0 0.876432 0.213889 0.015885 0.017593
0 0.863151 0.183796 0.015885 0.017593
0 0.915495 0.149074 0.015885 0.017593
0 0.923307 0.163889 0.017969 0.020370
0 0.925000 0.118750 0.013542 0.013426
0 0.950130 0.105093 0.014844 0.017593
0 0.951432 0.145833 0.014844 0.017593
0 0.974089 0.133102 0.015885 0.018981
0 0.974609 0.111806 0.015885 0.018981
0 0.994271 0.118519 0.011458 0.018519
0 0.967318 0.229861 0.015885 0.018981
0 0.957682 0.275926 0.014844 0.015741
0 0.994401 0.138889 0.011198 0.017593
0 0.982682 0.083102 0.015885 0.018981
0 0.624219 0.986111 0.008854 0.024074
0 0.609635 0.965509 0.009375 0.025463
0 0.613802 0.934491 0.009375 0.025463
0 0.602083 0.870139 0.009375 0.025463
0 0.580729 0.811806 0.009375 0.025463
0 0.558854 0.900231 0.009375 0.025463
2 0.546484 0.841667 0.010677 0.026852
0 0.554948 0.727546 0.007812 0.024537
0 0.557292 0.685417 0.007812 0.024537
0 0.540885 0.648380 0.008854 0.026389
0 0.513151 0.698843 0.010156 0.025463
2 0.499870 0.709028 0.012760 0.037500
2 0.531641 0.598843 0.013802 0.047685
0 0.481120 0.334954 0.007552 0.027315
0 0.453125 0.339352 0.009375 0.029630
0 0.440625 0.323611 0.008854 0.026852
0 0.427865 0.305556 0.008854 0.026852
0 0.434115 0.282407 0.008854 0.026852
0 0.433594 0.336111 0.008854 0.026852
0 0.449740 0.266204 0.008854 0.026852
0 0.460026 0.250694 0.009115 0.029167
0 0.439323 0.256250 0.008854 0.027315
0 0.419792 0.261806 0.008854 0.027315
0 0.415625 0.229398 0.008854 0.027315
0 0.425260 0.229861 0.008854 0.027315
2 0.446745 0.358102 0.010677 0.030093
0 0.439323 0.371759 0.008854 0.027778
0 0.446224 0.300926 0.010156 0.027778
0 0.444271 0.232639 0.008854 0.027315
0 0.439063 0.197917 0.008854 0.027315
0 0.430990 0.211343 0.008854 0.027315
0 0.409635 0.193750 0.008854 0.027315
0 0.425781 0.172454 0.008854 0.027315
0 0.432552 0.158565 0.008854 0.027315
0 0.404427 0.155324 0.008854 0.027315
2 0.416146 0.172454 0.014063 0.056944
2 0.420573 0.141204 0.009375 0.028704
0 0.428125 0.127315 0.007292 0.020370
0 0.438802 0.124074 0.007292 0.020370
0 0.476302 0.140046 0.013542 0.024537
0 0.409115 0.121528 0.008854 0.027315
0 0.416146 0.110417 0.008854 0.027315
0 0.396484 0.105324 0.009115 0.029167
0 0.411719 0.074074 0.007292 0.022222
0 0.419531 0.060185 0.007812 0.025926
0 0.414583 0.025000 0.007812 0.025926
0 0.396615 0.021296 0.007812 0.025926
0 0.388281 0.030556 0.007812 0.025926
0 0.392188 0.067130 0.007812 0.025926
2 0.407161 0.034491 0.008594 0.032870
2 0.404167 0.078472 0.008854 0.030093
0 0.423438 0.092361 0.008854 0.027315
0 0.403906 0.004630 0.007292 0.008333
0 0.336328 0.313889 0.010677 0.026852
0 0.346615 0.254398 0.006771 0.029167
0 0.346484 0.223148 0.008073 0.029630
0 0.339714 0.194213 0.009115 0.021759
0 0.304557 0.351389 0.015885 0.014815
0 0.280208 0.345370 0.015625 0.016667
0 0.279948 0.362500 0.015625 0.016667
0 0.299740 0.394444 0.015625 0.016667
2 0.312109 0.418287 0.009115 0.030093
0 0.784766 0.891898 0.009115 0.024537
