0 0.115885 0.903241 0.011458 0.013889
0 0.136068 0.843981 0.016406 0.012963
0 0.145573 0.828935 0.015104 0.016204
0 0.148828 0.857870 0.012760 0.014815
0 0.219401 0.771296 0.014323 0.015741
0 0.235937 0.764120 0.015625 0.011574
0 0.277604 0.775463 0.012500 0.011111
0 0.295703 0.768287 0.016406 0.012500
0 0.309766 0.765278 0.007552 0.025000
0 0.302474 0.732407 0.013802 0.015741
0 0.284635 0.741898 0.013021 0.010648
2 0.268490 0.751620 0.013542 0.011574
0 0.324089 0.743519 0.014844 0.017593
0 0.349219 0.719676 0.014063 0.019907
0 0.364193 0.706944 0.016406 0.011111
0 0.328516 0.689583 0.013802 0.018056
2 0.335807 0.699306 0.013802 0.018056
0 0.341146 0.655787 0.010937 0.024537
0 0.333594 0.630787 0.010937 0.024537
0 0.323177 0.596065 0.010937 0.024537
0 0.344792 0.603009 0.010937 0.024537
0 0.356510 0.635880 0.009896 0.023611
0 0.367708 0.661343 0.010937 0.024537
0 0.387109 0.694676 0.012760 0.020833
0 0.374479 0.721528 0.013542 0.018981
0 0.390495 0.738194 0.014323 0.019907
0 0.404427 0.715509 0.013021 0.019907
0 0.422135 0.730556 0.012500 0.015741
0 0.440495 0.742361 0.014844 0.012500
0 0.430078 0.771991 0.014844 0.015278
0 0.443620 0.777546 0.007552 0.023611
0 0.411068 0.791435 0.009635 0.028241
2 0.411198 0.758333 0.018229 0.023148
2 0.459245 0.745833 0.015885 0.012963
2 0.475260 0.781481 0.015625 0.016667
2 0.467969 0.833102 0.016667 0.011574
0 0.430339 0.848611 0.014844 0.012037
0 0.468099 0.858333 0.015365 0.012963
0 0.441406 0.895370 0.008333 0.027778
0 0.463542 0.943981 0.008333 0.023148
0 0.425130 0.970833 0.007031 0.019444
0 0.433594 0.994907 0.006250 0.010185
2 0.514974 0.914583 0.007552 0.027315
0 0.520833 0.979630 0.007812 0.024074
0 0.735026 0.974537 0.010156 0.023148
0 0.746484 0.981481 0.010156 0.023148
0 0.747656 0.933102 0.013021 0.019907
0 0.772005 0.947222 0.008594 0.025926
0 0.777865 0.983796 0.009896 0.031481
2 0.768099 0.915741 0.008073 0.029630
2 0.800000 0.919676 0.008333 0.033796
0 0.811198 0.921065 0.008333 0.026389
0 0.759766 0.795370 0.014844 0.018519
0 0.740625 0.762500 0.012500 0.024074
0 0.751432 0.752546 0.013281 0.018981
0 0.748958 0.738426 0.015104 0.018519
0 0.744010 0.727083 0.013542 0.021759
0 0.729688 0.695602 0.013542 0.021759
2 0.726042 0.684028 0.013542 0.021759
2 0.718490 0.675694 0.013542 0.021759
2 0.708594 0.656019 0.016146 0.025926
0 0.689323 0.613889 0.010417 0.024074
0 0.619010 0.763657 0.011979 0.018056
0 0.604948 0.679167 0.013021 0.019444
0 0.796224 0.803009 0.015365 0.013426
0 0.817318 0.795602 0.015365 0.013426
0 0.836068 0.796528 0.014323 0.018981
0 0.852344 0.785648 0.016667 0.013889
0 0.911979 0.767130 0.016146 0.014815
0 0.965234 0.749306 0.015885 0.012500
0 0.947786 0.755787 0.016927 0.014352
0 0.984505 0.744213 0.012760 0.011574
2 0.974089 0.199074 0.015365 0.011111
2 0.804948 0.303704 0.017188 0.013889
0 0.853516 0.290509 0.016406 0.014352
0 0.763021 0.316435 0.017188 0.014352
0 0.730469 0.322917 0.017188 0.014352
0 0.700651 0.318750 0.016406 0.013426
0 0.671224 0.315509 0.015885 0.014352
0 0.638802 0.298148 0.015104 0.018519
0 0.610156 0.277315 0.014063 0.017593
0 0.584375 0.245602 0.013542 0.018056
0 0.564844 0.222222 0.011979 0.020370
0 0.549479 0.200463 0.011979 0.020370
0 0.524349 0.165741 0.013802 0.024074
0 0.503776 0.114352 0.010677 0.027778
2 0.494531 0.031944 0.006250 0.031481
0 0.387500 0.082639 0.010937 0.027315
0 0.376563 0.045602 0.010937 0.027315
0 0.366406 0.015972 0.010937 0.027315
0 0.346875 0.048380 0.010937 0.027315
0 0.353125 0.078935 0.010937 0.027315
0 0.370312 0.143287 0.008854 0.021759
0 0.374479 0.174074 0.007812 0.029630
0 0.371875 0.204167 0.007812 0.029630
0 0.354297 0.259722 0.012240 0.025926
0 0.319661 0.286806 0.014844 0.018981
0 0.296875 0.271759 0.014583 0.019444
0 0.293880 0.289120 0.015365 0.019907
0 0.310026 0.325694 0.015365 0.019907
2 0.320182 0.353241 0.010156 0.027778
0 0.104297 0.077315 0.011719 0.019444
0 0.115495 0.050694 0.011198 0.018981
0 0.238281 0.060648 0.009375 0.016667
0 0.010547 0.501852 0.014844 0.010185
0 0.003385 0.579630 0.006250 0.017593
0 0.002734 0.517593 0.004948 0.011111
0 0.021745 0.534028 0.015365 0.011574
0 0.069401 0.530787 0.016927 0.013426
0 0.076693 0.514583 0.016927 0.013426
0 0.112891 0.528472 0.016927 0.013426
0 0.137370 0.510417 0.014844 0.012500
2 0.127083 0.494444 0.017188 0.011111
2 0.094271 0.495833 0.017188 0.011111
2 0.049479 0.499537 0.017188 0.011111
2 0.157031 0.526620 0.022396 0.012500
0 0.183984 0.492361 0.014844 0.012500
0 0.191667 0.508796 0.014583 0.011111
0 0.242969 0.507870 0.014583 0.011111
0 0.255208 0.488426 0.014583 0.011111
0 0.296484 0.486343 0.015365 0.012500
0 0.265755 0.523611 0.015885 0.012963
0 0.300651 0.502315 0.014323 0.012037
0 0.340234 0.516435 0.015365 0.012500
0 0.342448 0.480556 0.011979 0.009259
0 0.377734 0.497685 0.016406 0.011111
0 0.389062 0.479398 0.015625 0.013426
0 0.402995 0.512500 0.014844 0.011111
0 0.436849 0.473148 0.014844 0.013889
0 0.467578 0.508796 0.011719 0.011111
0 0.476693 0.416435 0.011198 0.025463
0 0.450000 0.350231 0.007292 0.027315
2 0.459505 0.339120 0.007031 0.029167
0 0.467318 0.321065 0.008594 0.031019
0 0.487760 0.312963 0.006771 0.025926
0 0.465365 0.282176 0.007812 0.028241
0 0.457552 0.302546 0.007812 0.028241
0 0.447656 0.312269 0.007812 0.028241
0 0.446354 0.280787 0.007812 0.028241
0 0.453906 0.259491 0.007812 0.028241
0 0.471615 0.249769 0.007812 0.025463
0 0.462240 0.235880 0.007812 0.028241
0 0.470313 0.214583 0.007812 0.028241
0 0.494271 0.231250 0.007812 0.028241
0 0.443229 0.235417 0.007812 0.028241
0 0.441406 0.203472 0.007812 0.028241
0 0.451562 0.204398 0.007812 0.028241
0 0.459375 0.189120 0.007812 0.028241
0 0.468490 0.179398 0.007812 0.028241
0 0.439844 0.165046 0.007812 0.028241
0 0.458333 0.148843 0.007812 0.028241
0 0.466667 0.137731 0.007812 0.028241
2 0.448437 0.147685 0.010417 0.062037
0 0.465104 0.106944 0.006771 0.021296
0 0.478255 0.119676 0.007031 0.029167
0 0.447005 0.095602 0.007031 0.029167
2 0.456641 0.115741 0.006510 0.030556
0 0.438672 0.125694 0.007031 0.029167
0 0.435807 0.073843 0.007031 0.029167
0 0.454818 0.084028 0.007031 0.029167
0 0.463411 0.070139 0.007031 0.029167
0 0.463021 0.037269 0.006250 0.026389
0 0.453906 0.048611 0.006250 0.021296
0 0.435417 0.032639 0.006250 0.026389
0 0.435807 0.006944 0.005990 0.012963
0 0.444531 0.003241 0.005729 0.005556
0 0.461458 0.006250 0.005729 0.011574
2 0.453776 0.012731 0.006510 0.023611
2 0.445833 0.050231 0.006771 0.030093
0 0.514193 0.488194 0.015365 0.012500
0 0.572266 0.479861 0.015365 0.012500
0 0.565234 0.463889 0.015365 0.014815
0 0.552995 0.434259 0.015365 0.014815
0 0.553385 0.418287 0.013021 0.012500
0 0.575260 0.428009 0.013021 0.012500
0 0.595964 0.440046 0.014844 0.013426
0 0.586719 0.457639 0.015104 0.016204
0 0.609505 0.451389 0.010677 0.012037
0 0.596745 0.421991 0.014844 0.015278
0 0.575130 0.409954 0.014844 0.015278
0 0.572786 0.390046 0.014844 0.015278
0 0.621484 0.398380 0.015365 0.013426
0 0.618880 0.414583 0.015365 0.013426
0 0.639974 0.409491 0.015365 0.013426
0 0.641536 0.425694 0.014323 0.013426
0 0.619531 0.432870 0.013542 0.013889
0 0.640365 0.391667 0.014063 0.012037
2 0.632161 0.445370 0.016927 0.014815
0 0.626172 0.481713 0.014844 0.013426
2 0.543880 0.500000 0.016927 0.014815
0 0.572266 0.445833 0.014844 0.012963
2 0.550651 0.399074 0.016927 0.014815
2 0.597526 0.402778 0.016927 0.014815
1 0.602474 0.383796 0.034115 0.022222
0 0.632552 0.375000 0.011458 0.011111
2 0.650391 0.374074 0.016927 0.014815
2 0.663411 0.384259 0.016927 0.014815
0 0.663281 0.420139 0.016146 0.015278
0 0.686328 0.396991 0.015365 0.014352
2 0.670573 0.401620 0.012500 0.011574
0 0.668490 0.459259 0.015625 0.012963
0 0.666406 0.368056 0.014583 0.013889
0 0.690104 0.378704 0.016146 0.013889
0 0.693880 0.360185 0.015365 0.013889
0 0.710677 0.371991 0.014583 0.012500
0 0.745443 0.434028 0.014844 0.013426
2 0.715365 0.388889 0.024479 0.019444
0 0.726562 0.350231 0.014583 0.012500
0 0.745573 0.343750 0.012500 0.011574
0 0.748437 0.362269 0.014583 0.013426
0 0.741016 0.381481 0.016406 0.014815
0 0.763411 0.376389 0.015365 0.012963
0 0.767578 0.337500 0.014323 0.012963
0 0.779297 0.353241 0.014323 0.012963
0 0.788411 0.369444 0.014323 0.012963
0 0.807292 0.394907 0.016146 0.013889
0 0.829427 0.409259 0.016146 0.013889
0 0.821875 0.360880 0.017188 0.013426
0 0.819010 0.339583 0.015104 0.013426
0 0.796875 0.329630 0.016667 0.013889
2 0.801172 0.345833 0.016927 0.015741
0 0.819401 0.325231 0.016406 0.013426
2 0.840234 0.317593 0.017969 0.015741
0 0.843359 0.333102 0.016406 0.013426
0 0.850130 0.350694 0.016406 0.013426
0 0.870964 0.344676 0.016406 0.013426
0 0.863672 0.328472 0.016406 0.013426
0 0.888672 0.321528 0.012760 0.011574
0 0.913021 0.296065 0.018229 0.015278
0 0.885417 0.303704 0.013542 0.012963
0 0.910156 0.316667 0.016146 0.013889
0 0.896615 0.337500 0.016146 0.013889
0 0.923698 0.330093 0.016146 0.013889
0 0.931771 0.381481 0.016146 0.013889
0 0.872005 0.397222 0.013802 0.011111
2 0.857682 0.420370 0.017448 0.013889
0 0.863932 0.310417 0.016406 0.013426
0 0.924479 0.268056 0.013021 0.010185
0 0.947135 0.305787 0.017188 0.014352
0 0.941927 0.287037 0.015104 0.012037
0 0.976432 0.294907 0.015365 0.014815
0 0.961849 0.261111 0.015365 0.014815
0 0.988151 0.275463 0.015365 0.014815
0 0.994661 0.249769 0.010677 0.013426
0 0.995313 0.290741 0.009375 0.013889
0 0.986068 0.312269 0.013281 0.014352
0 0.980078 0.386111 0.016927 0.015741
0 0.564063 0.963426 0.006771 0.023148
0 0.550391 0.919444 0.007552 0.025926
0 0.558464 0.910185 0.007552 0.025926
0 0.554167 0.831250 0.007292 0.027315
0 0.540365 0.776620 0.007292 0.027315
0 0.500781 0.776157 0.007292 0.027315
0 0.526042 0.710648 0.007292 0.024074
2 0.475781 0.701620 0.009375 0.037500
0 0.522005 0.654398 0.007552 0.026389
0 0.530339 0.645602 0.007552 0.026389
2 0.517578 0.603009 0.011198 0.047685
0 0.109505 0.654861 0.006510 0.020833
0 0.175260 0.670833 0.014063 0.012037
2 0.175391 0.658565 0.015885 0.010648
2 0.175391 0.634491 0.015885 0.010648
0 0.175130 0.608565 0.015885 0.012500
0 0.174609 0.590046 0.015885 0.012500
0 0.175651 0.575926 0.021094 0.012037
0 0.008984 0.607870 0.005990 0.025926
