0 0.097526 0.850000 0.011719 0.013889
0 0.109635 0.841435 0.010937 0.012500
0 0.113932 0.792824 0.016927 0.014352
0 0.129557 0.778472 0.014323 0.016204
0 0.131771 0.807639 0.013021 0.012500
0 0.206510 0.731713 0.014583 0.013426
0 0.223177 0.725926 0.014063 0.011111
0 0.264453 0.743750 0.012760 0.012500
0 0.272917 0.711111 0.012500 0.009259
0 0.291276 0.704398 0.013281 0.012500
2 0.257031 0.718519 0.015104 0.011111
0 0.282292 0.738194 0.016146 0.012500
0 0.296484 0.737731 0.007552 0.023611
0 0.312630 0.718750 0.014844 0.016204
0 0.338542 0.697917 0.014583 0.017130
0 0.353255 0.687037 0.017448 0.009259
2 0.326172 0.675694 0.013281 0.018056
0 0.319010 0.664583 0.013021 0.016204
0 0.362500 0.703241 0.012500 0.019444
0 0.377734 0.721991 0.013802 0.020833
0 0.376693 0.677778 0.012240 0.023148
0 0.358984 0.641898 0.011198 0.023611
0 0.349870 0.616667 0.008594 0.021296
0 0.339062 0.580324 0.008854 0.025463
0 0.316927 0.570370 0.010937 0.026852
0 0.326302 0.606713 0.010417 0.027315
0 0.332813 0.633796 0.010937 0.026852
0 0.301172 0.517593 0.013802 0.021296
0 0.171224 0.529167 0.020573 0.013889
0 0.169661 0.544676 0.016406 0.012500
0 0.169661 0.563194 0.016406 0.012500
0 0.166276 0.625231 0.014323 0.013426
2 0.167318 0.613194 0.016406 0.012500
2 0.168229 0.588657 0.015625 0.012500
0 0.101953 0.600231 0.005990 0.018981
0 0.011979 0.905093 0.010417 0.012037
0 0.422786 0.885185 0.007552 0.026852
0 0.413672 0.837037 0.014844 0.015741
0 0.442578 0.937963 0.008073 0.024074
0 0.402865 0.957176 0.007292 0.019907
0 0.412500 0.990046 0.008333 0.019907
0 0.393490 0.701389 0.012500 0.020370
0 0.409896 0.718750 0.011458 0.014352
0 0.428516 0.733333 0.014323 0.013889
0 0.416406 0.760648 0.014063 0.018519
0 0.429818 0.769676 0.006510 0.024537
2 0.398307 0.744907 0.016406 0.025000
0 0.396745 0.777315 0.010677 0.026852
2 0.446484 0.737731 0.015885 0.013426
2 0.461589 0.777315 0.015365 0.017593
2 0.450911 0.825926 0.015885 0.013889
0 0.450391 0.851852 0.015885 0.012037
0 0.492188 0.856481 0.006250 0.028704
2 0.464323 0.697917 0.008333 0.038426
0 0.007161 0.055556 0.013802 0.010185
0 0.122005 0.021991 0.010677 0.019907
0 0.256641 0.024306 0.008594 0.018056
0 0.365234 0.028241 0.008594 0.027778
0 0.372135 0.058102 0.008854 0.024537
0 0.404948 0.068056 0.010937 0.025926
0 0.394531 0.030787 0.009896 0.027315
0 0.388672 0.006713 0.009635 0.012500
0 0.385547 0.126620 0.007031 0.021759
0 0.386979 0.157639 0.006771 0.029167
0 0.383333 0.187269 0.008854 0.028241
0 0.363411 0.238194 0.012760 0.024537
0 0.328385 0.261343 0.014583 0.017130
0 0.305208 0.243519 0.013542 0.020370
0 0.302344 0.259722 0.013542 0.020370
0 0.316406 0.300000 0.013542 0.020370
2 0.325260 0.327546 0.010937 0.028241
0 0.499089 0.010880 0.006510 0.020833
0 0.516146 0.075231 0.007812 0.030093
0 0.529167 0.149306 0.011458 0.024537
0 0.506771 0.143519 0.006771 0.028704
0 0.554297 0.199537 0.011719 0.023148
0 0.573828 0.230093 0.012760 0.021296
0 0.590365 0.254630 0.011979 0.019444
0 0.608854 0.283102 0.013542 0.020833
0 0.629557 0.303935 0.014844 0.018981
0 0.657422 0.328241 0.014844 0.017593
0 0.688281 0.343287 0.016667 0.016204
0 0.717448 0.354398 0.016146 0.012500
0 0.748698 0.354861 0.016146 0.012500
0 0.819531 0.344676 0.016146 0.012500
2 0.783073 0.350231 0.016667 0.011574
0 0.891667 0.332639 0.013021 0.011574
0 0.938281 0.329861 0.015625 0.013426
0 0.980729 0.323611 0.016146 0.012963
2 0.982812 0.267130 0.016146 0.011111
0 0.968620 0.064815 0.006510 0.026852
0 0.991927 0.808102 0.016146 0.013426
0 0.968490 0.808796 0.012500 0.012037
0 0.950391 0.812963 0.015885 0.012963
0 0.932943 0.816204 0.015885 0.012963
0 0.896224 0.823148 0.015885 0.012963
0 0.835938 0.834028 0.015104 0.010648
0 0.818359 0.840972 0.014844 0.018056
0 0.801042 0.838194 0.015625 0.010648
0 0.778776 0.841435 0.015365 0.010648
0 0.742969 0.829861 0.013542 0.020833
0 0.726042 0.793519 0.011458 0.025926
2 0.745964 0.951157 0.007031 0.027315
2 0.778646 0.959722 0.008333 0.035185
0 0.749609 0.982176 0.008073 0.027315
0 0.731120 0.759491 0.013802 0.020833
0 0.734635 0.771528 0.014583 0.018056
0 0.737760 0.785880 0.014583 0.018056
0 0.718880 0.727546 0.013802 0.020833
2 0.714063 0.715046 0.014063 0.018056
2 0.706120 0.705556 0.012760 0.022222
2 0.698828 0.683333 0.015885 0.026852
0 0.682552 0.638657 0.009896 0.023611
0 0.634115 0.639583 0.012500 0.019907
0 0.605208 0.778241 0.012500 0.018519
0 0.548568 0.771759 0.009635 0.026852
2 0.497656 0.986111 0.007292 0.027778
0 0.539583 0.915278 0.006250 0.024074
0 0.527474 0.859028 0.007031 0.027315
0 0.537109 0.853935 0.006510 0.025463
0 0.524479 0.732639 0.007292 0.027315
0 0.514714 0.694907 0.006510 0.025000
0 0.513021 0.656944 0.006771 0.026852
0 0.519792 0.611574 0.006771 0.026852
2 0.510807 0.604861 0.009115 0.048611
0 0.467187 0.504630 0.014063 0.013889
0 0.440625 0.487269 0.016146 0.014352
0 0.417578 0.464583 0.014844 0.014352
0 0.377734 0.461343 0.011198 0.011574
0 0.401562 0.499769 0.015104 0.012500
0 0.359766 0.480324 0.013802 0.012500
0 0.334375 0.460417 0.015104 0.011574
0 0.294922 0.457176 0.013281 0.011574
0 0.299349 0.477315 0.015365 0.012037
0 0.247005 0.470139 0.013802 0.011574
0 0.231510 0.451852 0.014583 0.012037
0 0.189062 0.464352 0.014583 0.012037
0 0.153776 0.477778 0.014323 0.012963
2 0.196615 0.481944 0.022917 0.013889
0 0.122005 0.459722 0.014323 0.012963
0 0.101172 0.474074 0.014323 0.012963
2 0.090365 0.439352 0.016146 0.012037
2 0.138281 0.443519 0.016146 0.012037
2 0.169792 0.446296 0.016146 0.012037
0 0.051302 0.470370 0.015625 0.012963
0 0.044010 0.436574 0.015625 0.012963
0 0.029948 0.449537 0.015625 0.012963
2 0.019531 0.465741 0.015625 0.012963
0 0.003516 0.448843 0.006510 0.013426
0 0.006641 0.431944 0.012760 0.011111
0 0.477344 0.425231 0.012500 0.021759
0 0.540885 0.507870 0.012500 0.009259
2 0.551042 0.406250 0.013542 0.010648
0 0.551172 0.441435 0.014323 0.011574
0 0.554297 0.425231 0.014323 0.011574
0 0.573047 0.456713 0.014323 0.011574
0 0.564974 0.471991 0.014844 0.013426
0 0.586068 0.469213 0.014844 0.013426
0 0.585547 0.488657 0.014844 0.013426
0 0.596745 0.453009 0.014844 0.013426
0 0.598047 0.435880 0.014844 0.013426
0 0.575130 0.402546 0.014844 0.013426
0 0.576172 0.420139 0.014844 0.013426
0 0.576172 0.438657 0.014844 0.013426
0 0.609245 0.465741 0.013281 0.011111
0 0.620052 0.449306 0.014063 0.011574
0 0.619661 0.431713 0.014844 0.011574
0 0.623307 0.415509 0.014844 0.011574
0 0.641797 0.428472 0.014844 0.011574
0 0.641797 0.445602 0.014844 0.011574
0 0.638802 0.482639 0.015104 0.011574
2 0.627995 0.503935 0.016406 0.014352
2 0.632161 0.463657 0.016406 0.014352
2 0.599349 0.416898 0.016406 0.014352
0 0.642578 0.411343 0.014844 0.011574
0 0.635417 0.393056 0.010937 0.010185
2 0.652474 0.396528 0.016406 0.014352
2 0.665755 0.408102 0.016406 0.014352
0 0.664193 0.441898 0.014844 0.011574
0 0.688672 0.422454 0.014844 0.011574
2 0.672005 0.425463 0.011719 0.009259
0 0.692969 0.404398 0.016146 0.011574
0 0.669401 0.391435 0.015365 0.011574
1 0.604557 0.396065 0.033073 0.017130
0 0.693359 0.490509 0.014844 0.011574
0 0.696875 0.388194 0.015625 0.012500
0 0.713542 0.402083 0.014063 0.010648
0 0.729688 0.383102 0.014063 0.010648
0 0.749479 0.378241 0.013021 0.010185
0 0.751172 0.397454 0.014844 0.013426
0 0.750911 0.447685 0.014844 0.012037
0 0.746484 0.478241 0.015885 0.012037
2 0.717057 0.419444 0.025260 0.015741
2 0.743229 0.414583 0.016667 0.010648
0 0.765755 0.412500 0.014844 0.012037
0 0.771484 0.375463 0.014844 0.012037
0 0.782682 0.393056 0.014844 0.012037
0 0.800911 0.371296 0.015365 0.012963
0 0.790234 0.410185 0.014844 0.012037
0 0.825000 0.405093 0.017188 0.012963
0 0.823177 0.369444 0.017188 0.012963
0 0.846875 0.382176 0.015625 0.012500
0 0.822656 0.385185 0.014583 0.011111
2 0.804557 0.388889 0.017969 0.012963
0 0.828385 0.457176 0.015625 0.011574
0 0.852995 0.400694 0.014844 0.012500
0 0.874219 0.396065 0.016146 0.014352
0 0.867578 0.380093 0.015885 0.012963
0 0.868880 0.362963 0.015885 0.012963
2 0.844922 0.366667 0.017969 0.012963
0 0.899740 0.393287 0.016146 0.014352
0 0.890365 0.359259 0.013021 0.012037
0 0.892448 0.375926 0.013021 0.012037
0 0.918099 0.354861 0.018490 0.013426
0 0.914583 0.374537 0.015625 0.012963
0 0.926562 0.390278 0.015625 0.012963
0 0.947135 0.439815 0.014583 0.012037
0 0.908854 0.445602 0.016667 0.012500
0 0.952734 0.369213 0.017969 0.015278
0 0.947526 0.350694 0.016406 0.014352
0 0.968229 0.385185 0.013542 0.012037
0 0.980599 0.362269 0.014323 0.012500
0 0.979948 0.345833 0.015104 0.013889
2 0.987109 0.398148 0.025781 0.017593
2 0.948177 0.459259 0.016667 0.012963
0 0.496484 0.336806 0.007552 0.026389
0 0.473958 0.317593 0.007292 0.030556
0 0.455078 0.345370 0.006510 0.029630
0 0.454036 0.305787 0.006510 0.028241
0 0.464193 0.296991 0.006510 0.028241
0 0.472266 0.278009 0.006510 0.028241
0 0.463151 0.255324 0.006510 0.028241
0 0.454297 0.273380 0.006510 0.028241
0 0.480729 0.246296 0.006250 0.027778
0 0.472135 0.232870 0.006250 0.027778
0 0.453125 0.227315 0.006771 0.025926
0 0.453385 0.195370 0.006771 0.025926
0 0.462500 0.198148 0.006771 0.025926
0 0.471354 0.184491 0.006771 0.027315
0 0.480469 0.176157 0.006771 0.027315
0 0.497656 0.208565 0.006250 0.025463
0 0.480990 0.210880 0.006250 0.025463
0 0.480729 0.133333 0.006771 0.028704
0 0.480469 0.102546 0.005729 0.019907
0 0.472396 0.143981 0.006771 0.028704
0 0.453385 0.156481 0.006771 0.028704
0 0.453125 0.118056 0.006771 0.028704
0 0.462760 0.088194 0.006250 0.027315
0 0.453255 0.066204 0.006510 0.029630
0 0.472005 0.043750 0.005990 0.020833
0 0.481901 0.034028 0.007031 0.027315
0 0.481120 0.066435 0.007031 0.029167
0 0.471875 0.078704 0.006771 0.025926
2 0.472266 0.110417 0.007031 0.031944
2 0.462109 0.140741 0.009115 0.061111
2 0.464453 0.044213 0.007031 0.031944
0 0.454427 0.025000 0.006250 0.025000
0 0.482292 0.005787 0.005729 0.010648
2 0.474219 0.009954 0.006250 0.018981
0 0.788542 0.962500 0.006771 0.027778
0 0.003125 0.539120 0.005729 0.026389
