0 0.097526 0.857176 0.010156 0.013426
0 0.132292 0.814352 0.013542 0.012963
0 0.129948 0.785417 0.014063 0.016204
0 0.206641 0.737500 0.014323 0.013889
0 0.223177 0.732176 0.014063 0.009722
0 0.273177 0.716898 0.013021 0.008796
0 0.263281 0.747454 0.014063 0.011574
0 0.291016 0.708102 0.013802 0.013426
0 0.312240 0.722222 0.015104 0.015741
0 0.296875 0.743287 0.006771 0.024537
0 0.282682 0.744676 0.015885 0.012500
2 0.256641 0.723148 0.013802 0.012037
0 0.338021 0.703009 0.014063 0.018056
2 0.325521 0.680093 0.014063 0.017593
0 0.318620 0.669444 0.013281 0.016667
0 0.358464 0.646065 0.011198 0.023611
0 0.376432 0.682176 0.012240 0.021759
0 0.362760 0.707870 0.013021 0.020370
0 0.377865 0.726389 0.014063 0.020370
0 0.352865 0.690972 0.016667 0.011574
0 0.392969 0.705093 0.012500 0.020370
0 0.409635 0.722917 0.010937 0.014352
0 0.402604 0.733333 0.014063 0.019444
0 0.427604 0.736806 0.014063 0.013426
0 0.416146 0.764352 0.014583 0.016667
0 0.396615 0.780556 0.010417 0.026852
0 0.413411 0.841667 0.014844 0.015741
0 0.425391 0.836574 0.006510 0.024074
2 0.446745 0.740509 0.015885 0.013426
2 0.397526 0.748843 0.016927 0.026389
2 0.461068 0.780324 0.015885 0.018056
2 0.450781 0.831019 0.015104 0.013889
0 0.450260 0.856019 0.015625 0.012963
0 0.422266 0.888657 0.007031 0.025463
0 0.442578 0.940741 0.008594 0.024074
0 0.403125 0.961574 0.007812 0.021296
0 0.411979 0.991435 0.007812 0.017130
2 0.464062 0.700231 0.008333 0.037500
0 0.348828 0.619907 0.009115 0.022222
0 0.338151 0.585185 0.010156 0.025000
0 0.316276 0.575231 0.010156 0.027315
0 0.325651 0.611806 0.010156 0.025463
0 0.332422 0.638426 0.010156 0.025926
0 0.309375 0.507407 0.015104 0.012963
0 0.166146 0.631713 0.014583 0.012500
0 0.168750 0.569444 0.016146 0.011111
0 0.169271 0.550463 0.016146 0.011111
0 0.170313 0.536111 0.019792 0.013889
2 0.167969 0.594676 0.015104 0.012500
2 0.167057 0.618981 0.015885 0.011111
0 0.101432 0.606944 0.006510 0.019444
0 0.002865 0.546991 0.005208 0.025463
0 0.006380 0.063194 0.012240 0.009722
0 0.120833 0.029167 0.010937 0.018519
0 0.134635 0.007639 0.015104 0.014352
0 0.255599 0.031713 0.008594 0.015278
0 0.385547 0.008796 0.009635 0.016667
0 0.392839 0.035417 0.010156 0.027315
0 0.402474 0.074306 0.010156 0.027315
0 0.361979 0.033796 0.009375 0.025926
0 0.369271 0.065278 0.009375 0.025926
0 0.383464 0.132176 0.007031 0.020833
0 0.384896 0.162731 0.007812 0.027315
0 0.381380 0.191898 0.008594 0.026389
0 0.362500 0.245602 0.011458 0.023611
0 0.327083 0.267361 0.015104 0.018056
0 0.304036 0.249306 0.013802 0.020833
0 0.301302 0.265972 0.013542 0.018981
0 0.315755 0.305787 0.013802 0.019907
2 0.324349 0.333565 0.010677 0.028241
0 0.507552 0.011111 0.006771 0.021296
0 0.513542 0.050694 0.006250 0.024537
0 0.505078 0.072917 0.008073 0.026389
0 0.518620 0.133565 0.010156 0.023611
0 0.537500 0.191898 0.012500 0.022685
0 0.575000 0.244676 0.013542 0.021759
0 0.599870 0.273611 0.013281 0.019444
0 0.622005 0.298611 0.015365 0.020370
0 0.659115 0.337037 0.014583 0.016667
0 0.688932 0.350231 0.015365 0.014352
0 0.739062 0.357639 0.016146 0.013426
2 0.713021 0.353009 0.016667 0.012500
0 0.767708 0.351157 0.011979 0.010648
0 0.792188 0.349537 0.014063 0.012037
0 0.823698 0.344213 0.015104 0.011574
0 0.861849 0.337731 0.015885 0.012500
0 0.887891 0.337731 0.016927 0.012500
0 0.929818 0.329398 0.016927 0.012500
0 0.966406 0.324306 0.016667 0.011574
2 0.979688 0.267593 0.015625 0.010185
0 0.964323 0.065741 0.006250 0.025000
0 0.844922 0.501852 0.014844 0.012037
0 0.675391 0.570139 0.012760 0.018056
0 0.680599 0.639815 0.009635 0.022222
2 0.697526 0.685880 0.015365 0.028241
2 0.705339 0.707407 0.012240 0.020370
2 0.712500 0.715972 0.014063 0.021759
0 0.717057 0.728241 0.013281 0.017593
0 0.730208 0.760417 0.014583 0.018981
0 0.734766 0.775694 0.014844 0.017130
0 0.735938 0.786343 0.013542 0.018981
0 0.725911 0.794907 0.011719 0.025000
0 0.742708 0.830787 0.013542 0.022685
0 0.778385 0.843519 0.015104 0.012037
0 0.800260 0.838657 0.015104 0.012500
0 0.834505 0.833102 0.014323 0.009722
0 0.818750 0.839815 0.015104 0.017593
0 0.894922 0.821528 0.015365 0.010648
0 0.930859 0.816204 0.016406 0.012963
0 0.948177 0.811343 0.015104 0.011574
0 0.966927 0.808333 0.013021 0.010185
0 0.989714 0.806481 0.016927 0.012037
0 0.788542 0.962037 0.006771 0.026852
0 0.749479 0.983565 0.007292 0.026389
2 0.745703 0.953009 0.007552 0.026389
2 0.777734 0.959259 0.008073 0.034259
0 0.604818 0.780324 0.012240 0.018056
0 0.541406 0.795139 0.008333 0.026389
0 0.531120 0.707407 0.005990 0.019444
0 0.513672 0.692824 0.006510 0.023611
0 0.522266 0.680324 0.006510 0.027315
0 0.530469 0.654630 0.006250 0.025926
0 0.520573 0.637500 0.006250 0.025926
0 0.527865 0.612269 0.006250 0.026389
0 0.517708 0.594213 0.006771 0.025463
0 0.512500 0.659954 0.006771 0.025463
2 0.510026 0.607870 0.010156 0.047222
2 0.523047 0.511343 0.020052 0.012500
0 0.475651 0.494907 0.016927 0.012037
0 0.454557 0.453704 0.014323 0.011111
0 0.445964 0.436343 0.014844 0.010648
0 0.420964 0.468981 0.015365 0.012037
0 0.380078 0.467593 0.014844 0.010185
0 0.366406 0.446528 0.014583 0.012500
2 0.401693 0.432870 0.015365 0.010185
0 0.403646 0.466898 0.010937 0.009722
1 0.397005 0.412731 0.033073 0.016204
0 0.358203 0.466204 0.013281 0.011111
0 0.390755 0.516435 0.014844 0.011574
0 0.330208 0.481250 0.015104 0.011574
0 0.337240 0.463889 0.014583 0.012037
0 0.340365 0.428241 0.015104 0.011111
0 0.283594 0.407176 0.014063 0.010648
0 0.284635 0.425694 0.013542 0.010648
0 0.251172 0.438194 0.013802 0.011574
0 0.231771 0.456019 0.014583 0.012037
0 0.273438 0.476852 0.016667 0.012037
0 0.227214 0.493287 0.013281 0.011574
2 0.266797 0.457870 0.015365 0.010185
2 0.297526 0.461111 0.015365 0.010185
2 0.317318 0.462500 0.015365 0.010185
2 0.269661 0.491667 0.015365 0.010185
0 0.200781 0.455093 0.014583 0.012037
2 0.195182 0.401852 0.015365 0.011111
0 0.173437 0.453241 0.014583 0.012037
2 0.188151 0.470139 0.015885 0.010648
0 0.148177 0.466667 0.014583 0.012037
0 0.130990 0.448148 0.014583 0.012037
0 0.110156 0.465278 0.014583 0.012037
0 0.099740 0.428472 0.014063 0.010648
0 0.084635 0.475926 0.015104 0.011111
1 0.139063 0.485648 0.034896 0.015741
0 0.054948 0.444444 0.015104 0.011111
0 0.047135 0.459259 0.015104 0.011111
0 0.010937 0.455093 0.015104 0.011111
0 0.007682 0.439815 0.014844 0.011111
0 0.002474 0.471759 0.004427 0.011111
0 0.453516 0.348380 0.006510 0.027315
0 0.471484 0.321528 0.006510 0.028241
0 0.452865 0.310648 0.006771 0.026852
0 0.462760 0.301852 0.006250 0.025926
0 0.471224 0.282407 0.006510 0.028704
0 0.452995 0.277778 0.007031 0.027778
0 0.461458 0.259028 0.006771 0.025463
0 0.479167 0.249537 0.006250 0.025926
0 0.470443 0.236343 0.006510 0.028241
0 0.451432 0.233565 0.006510 0.026389
0 0.451432 0.200694 0.006510 0.026389
0 0.461068 0.203935 0.006510 0.026389
0 0.469401 0.189120 0.006510 0.026389
0 0.478776 0.180324 0.006510 0.026389
0 0.479036 0.215046 0.006510 0.026389
2 0.463411 0.337963 0.005990 0.028704
0 0.478906 0.138889 0.005729 0.026852
0 0.469792 0.149074 0.006250 0.025926
0 0.451823 0.162269 0.006771 0.028241
0 0.451172 0.124074 0.007031 0.027778
0 0.478516 0.106481 0.005469 0.019444
0 0.460938 0.093981 0.005729 0.026852
0 0.451042 0.071065 0.006771 0.029167
0 0.469922 0.049306 0.005469 0.020833
0 0.479557 0.038657 0.007031 0.026389
0 0.478516 0.071528 0.006510 0.029167
0 0.470052 0.084954 0.006250 0.025463
2 0.469792 0.115509 0.006250 0.031019
2 0.460286 0.146528 0.009115 0.062500
2 0.461979 0.048380 0.006250 0.031019
0 0.452344 0.030787 0.005729 0.023611
0 0.480208 0.007176 0.006771 0.013426
0 0.453516 0.005093 0.005990 0.009259
2 0.471745 0.013194 0.007031 0.025463
0 0.524349 0.448843 0.014323 0.010648
0 0.520703 0.430556 0.012760 0.010185
0 0.507031 0.408333 0.011458 0.009259
2 0.582682 0.438889 0.011719 0.008333
2 0.583854 0.421065 0.015625 0.010648
2 0.563411 0.408102 0.014844 0.011574
0 0.571094 0.459954 0.014063 0.010648
0 0.563021 0.475694 0.014583 0.011574
0 0.564844 0.497917 0.015625 0.011574
0 0.585156 0.471991 0.014583 0.011574
0 0.595052 0.456019 0.014583 0.011111
0 0.604427 0.401389 0.013542 0.012037
0 0.608073 0.469213 0.011458 0.010648
0 0.618229 0.451852 0.014583 0.011111
0 0.628646 0.433333 0.014583 0.011111
0 0.638021 0.448380 0.013021 0.010648
0 0.654818 0.462731 0.014323 0.010648
2 0.630339 0.465741 0.015885 0.012963
0 0.648047 0.412500 0.015365 0.012963
0 0.649349 0.395602 0.014844 0.011574
2 0.670964 0.427546 0.024740 0.016204
0 0.661328 0.444676 0.014323 0.011574
0 0.658984 0.482176 0.014323 0.011574
0 0.689844 0.494444 0.015104 0.011111
2 0.695443 0.457407 0.015885 0.012963
2 0.731250 0.435880 0.030208 0.017130
0 0.689323 0.407176 0.014063 0.011574
0 0.691406 0.388426 0.013542 0.011111
0 0.722656 0.402315 0.014583 0.012963
0 0.727474 0.383565 0.011719 0.011574
0 0.750651 0.380556 0.013281 0.012963
0 0.763151 0.397222 0.014323 0.012037
0 0.760677 0.415046 0.015104 0.012500
0 0.750781 0.449769 0.013542 0.012500
0 0.729036 0.471296 0.015365 0.012963
0 0.777344 0.495602 0.015104 0.014352
0 0.798698 0.442361 0.011458 0.009722
0 0.784375 0.412963 0.014583 0.012037
2 0.735547 0.417824 0.016406 0.011574
2 0.796745 0.391898 0.016406 0.011574
0 0.791406 0.373380 0.014063 0.011574
0 0.820443 0.371759 0.016406 0.012963
2 0.842057 0.367824 0.016406 0.011574
0 0.818229 0.386574 0.014583 0.011111
0 0.821875 0.406019 0.016667 0.013889
0 0.844010 0.383565 0.015104 0.012500
0 0.850521 0.401157 0.014063 0.012500
0 0.825130 0.457639 0.014844 0.011574
0 0.872135 0.466204 0.015625 0.012963
0 0.871745 0.397454 0.015885 0.012500
0 0.864714 0.380787 0.015885 0.012500
0 0.865234 0.363889 0.016406 0.012963
0 0.888021 0.360648 0.014063 0.012963
0 0.889974 0.377083 0.012240 0.010648
0 0.897135 0.392824 0.015625 0.012500
0 0.915104 0.356019 0.017708 0.013889
0 0.911068 0.373843 0.015885 0.010648
0 0.923958 0.390046 0.015625 0.011574
0 0.932682 0.406250 0.017448 0.013426
0 0.953255 0.386343 0.012240 0.011574
0 0.948438 0.369907 0.016667 0.012963
0 0.944531 0.350926 0.015625 0.012037
0 0.972656 0.346296 0.016146 0.012963
0 0.977865 0.362963 0.014583 0.012963
0 0.974740 0.383565 0.016667 0.013426
0 0.996094 0.361574 0.007812 0.012037
0 0.994141 0.343981 0.011719 0.012037
0 0.963411 0.438889 0.017969 0.015741
0 0.953646 0.456944 0.015625 0.012037
0 0.012240 0.913194 0.010417 0.014352
