0 0.011328 0.912963 0.010156 0.013889
0 0.096875 0.855093 0.011458 0.012963
0 0.130990 0.813194 0.012500 0.011574
0 0.128776 0.783796 0.013802 0.015741
0 0.205469 0.737731 0.013542 0.012500
0 0.221615 0.731944 0.013542 0.010185
0 0.263151 0.747685 0.012760 0.011111
0 0.282161 0.743287 0.015365 0.011574
0 0.272786 0.715972 0.012760 0.008796
0 0.290234 0.707870 0.013802 0.012037
0 0.311328 0.721991 0.015365 0.015278
0 0.295703 0.742593 0.006510 0.024074
2 0.255339 0.723148 0.013281 0.010185
0 0.337109 0.701852 0.013802 0.017593
2 0.324349 0.679398 0.012760 0.017130
0 0.317578 0.668056 0.012760 0.016667
0 0.357812 0.646065 0.011458 0.024537
0 0.375260 0.681250 0.012500 0.021759
0 0.352214 0.690278 0.016406 0.011111
0 0.361589 0.706481 0.012760 0.019444
0 0.377214 0.725694 0.013802 0.020833
0 0.331250 0.637037 0.010937 0.026852
0 0.348177 0.620139 0.009375 0.022685
0 0.337370 0.584722 0.010156 0.025000
0 0.315495 0.574537 0.010156 0.025000
0 0.324609 0.611111 0.010156 0.025000
0 0.392057 0.704630 0.012760 0.019444
0 0.408594 0.722454 0.011458 0.014352
0 0.426823 0.736343 0.014063 0.014352
0 0.425130 0.750926 0.014844 0.015741
0 0.415234 0.764120 0.013802 0.017130
0 0.396094 0.780093 0.011458 0.025000
2 0.397396 0.747685 0.017188 0.025000
0 0.412500 0.840972 0.015104 0.016204
2 0.460156 0.779630 0.015625 0.017593
2 0.445312 0.741435 0.015625 0.012500
2 0.450130 0.829167 0.014844 0.012037
0 0.424349 0.851852 0.005990 0.023148
0 0.421745 0.888194 0.006510 0.024537
0 0.449219 0.854630 0.015104 0.011111
2 0.463021 0.699537 0.008854 0.038889
0 0.441667 0.940046 0.008854 0.023611
0 0.402474 0.960648 0.008073 0.020370
0 0.410807 0.991204 0.008073 0.017593
0 0.165365 0.630324 0.014063 0.012500
0 0.167839 0.569676 0.015885 0.012500
0 0.168359 0.550231 0.015885 0.012500
0 0.169271 0.535185 0.020313 0.013889
2 0.167057 0.594213 0.015365 0.012500
2 0.165885 0.618056 0.015625 0.010185
0 0.100260 0.606713 0.005729 0.018981
0 0.001953 0.547454 0.003385 0.025463
0 0.006120 0.063426 0.011719 0.010185
0 0.119531 0.029398 0.010937 0.018056
0 0.132943 0.006944 0.013802 0.012963
0 0.254036 0.031713 0.008594 0.017130
0 0.361589 0.034259 0.009115 0.025000
0 0.384245 0.009028 0.009115 0.017130
0 0.391406 0.035185 0.009896 0.027778
0 0.401562 0.073380 0.010417 0.027315
0 0.368229 0.064120 0.009896 0.026389
0 0.382292 0.131713 0.006771 0.020833
0 0.383984 0.162500 0.007031 0.028704
0 0.380469 0.191898 0.008854 0.026389
0 0.361328 0.242361 0.011719 0.023611
0 0.325521 0.268056 0.015104 0.018519
0 0.303125 0.248843 0.014063 0.020833
0 0.300000 0.265741 0.013542 0.018519
0 0.314453 0.304630 0.013281 0.018519
2 0.322656 0.333565 0.010937 0.027315
0 0.515495 0.142361 0.010677 0.024537
0 0.554818 0.215741 0.012240 0.022222
0 0.582422 0.250926 0.013281 0.020370
0 0.601172 0.275231 0.014323 0.020833
0 0.642057 0.324769 0.014323 0.018056
0 0.675781 0.344676 0.014583 0.016204
0 0.726562 0.358796 0.015625 0.012037
0 0.759896 0.351620 0.011458 0.010648
0 0.783464 0.349769 0.013281 0.012500
0 0.811068 0.345139 0.013802 0.011574
0 0.845964 0.338194 0.014323 0.012500
0 0.872786 0.338889 0.017448 0.013889
0 0.912109 0.331250 0.016927 0.011574
0 0.944661 0.326620 0.016927 0.011574
0 0.978255 0.321528 0.016406 0.012500
0 0.703125 0.541204 0.013542 0.014815
0 0.679948 0.639352 0.009896 0.023148
2 0.696484 0.684491 0.016406 0.027315
2 0.704818 0.705556 0.011719 0.022222
2 0.712109 0.714352 0.014844 0.018519
0 0.715755 0.726852 0.013802 0.016667
0 0.729036 0.758796 0.013802 0.019444
0 0.733333 0.771296 0.014583 0.017593
0 0.735417 0.786111 0.012500 0.018519
0 0.724870 0.794676 0.011198 0.024537
0 0.741797 0.829398 0.013281 0.020833
0 0.777083 0.841204 0.015104 0.012037
0 0.799479 0.837731 0.015104 0.011574
0 0.817318 0.839815 0.015365 0.017593
0 0.893880 0.820602 0.016406 0.012500
0 0.832943 0.831019 0.014844 0.009259
0 0.929688 0.814815 0.016667 0.013889
0 0.947266 0.811111 0.015365 0.012963
0 0.966406 0.807407 0.012500 0.011111
0 0.988411 0.805324 0.016927 0.011574
0 0.787109 0.960648 0.007031 0.025926
0 0.748047 0.982176 0.008073 0.026389
2 0.776693 0.958333 0.007552 0.033333
2 0.745052 0.952083 0.006250 0.026389
0 0.603646 0.779167 0.010937 0.017593
0 0.571224 0.722917 0.012760 0.021759
0 0.962630 0.065278 0.007031 0.028704
2 0.977995 0.266898 0.015885 0.010648
0 0.513021 0.691204 0.005729 0.023148
0 0.521615 0.678935 0.006771 0.026389
0 0.530599 0.683102 0.005469 0.019907
0 0.529167 0.653009 0.006771 0.026389
0 0.519531 0.636343 0.006771 0.026389
0 0.527474 0.610648 0.007031 0.025000
0 0.517057 0.593056 0.007031 0.025000
0 0.511719 0.659028 0.006771 0.026389
2 0.509115 0.607176 0.009896 0.047685
0 0.452865 0.348380 0.006250 0.027315
2 0.462500 0.337037 0.006250 0.028704
0 0.470703 0.321065 0.005990 0.029167
0 0.470443 0.282176 0.005990 0.029167
0 0.461849 0.300926 0.006510 0.026852
0 0.452474 0.309722 0.006510 0.026852
0 0.451693 0.276852 0.006510 0.026852
0 0.460938 0.258565 0.006771 0.027315
0 0.469661 0.236111 0.006510 0.027778
0 0.478125 0.249537 0.006250 0.025926
0 0.477995 0.214815 0.006510 0.025926
0 0.459766 0.202315 0.006510 0.025926
0 0.450911 0.199537 0.006510 0.025926
0 0.450651 0.231944 0.006510 0.025926
0 0.468750 0.187731 0.006250 0.026389
0 0.477604 0.180093 0.006771 0.027778
0 0.477865 0.138194 0.006250 0.026389
0 0.468750 0.147917 0.006250 0.025463
0 0.450911 0.161574 0.005990 0.026852
0 0.450651 0.121759 0.005990 0.026852
0 0.460547 0.091204 0.005990 0.026852
0 0.468880 0.084722 0.005990 0.026852
0 0.477734 0.070833 0.006510 0.028704
0 0.477474 0.105556 0.004948 0.019444
0 0.504557 0.084491 0.008073 0.023611
2 0.469271 0.115509 0.006250 0.029167
2 0.459245 0.145139 0.009115 0.060648
0 0.478776 0.037731 0.007031 0.025463
0 0.469401 0.048611 0.005469 0.021296
0 0.450260 0.071065 0.006771 0.029167
0 0.451302 0.029630 0.006250 0.024074
0 0.452604 0.004630 0.006250 0.008333
0 0.461849 0.001852 0.005990 0.002778
2 0.470443 0.012269 0.007031 0.023611
2 0.461068 0.048380 0.005990 0.030093
0 0.479036 0.007407 0.006510 0.013889
0 0.499349 0.016667 0.007031 0.025926
0 0.512109 0.034491 0.007031 0.025463
0 0.508464 0.004398 0.006510 0.007870
2 0.008724 0.439815 0.016927 0.011111
0 0.040495 0.441667 0.016406 0.012037
0 0.052734 0.457639 0.013802 0.011574
0 0.090755 0.446991 0.015885 0.011574
0 0.087630 0.462037 0.015365 0.012037
0 0.036979 0.474537 0.014583 0.010185
0 0.136068 0.481944 0.015365 0.012963
2 0.118490 0.394676 0.015625 0.011574
0 0.138021 0.425694 0.013542 0.010648
0 0.150260 0.449306 0.015104 0.010648
0 0.151172 0.469444 0.014323 0.010185
0 0.181771 0.453009 0.015104 0.010648
0 0.196094 0.468750 0.015104 0.010648
0 0.251302 0.456713 0.015104 0.010648
0 0.210417 0.419676 0.013542 0.010648
0 0.206771 0.402083 0.014063 0.009722
1 0.190625 0.489352 0.033854 0.015741
2 0.242318 0.473611 0.016927 0.011111
0 0.215625 0.454398 0.015104 0.010648
0 0.273958 0.439583 0.015104 0.011574
0 0.272135 0.422454 0.015104 0.011574
0 0.336589 0.463426 0.014323 0.011111
2 0.277344 0.457639 0.016146 0.010648
2 0.297396 0.459954 0.015104 0.010648
2 0.316536 0.461806 0.015885 0.010648
0 0.290495 0.500000 0.013281 0.012037
2 0.334375 0.496528 0.016146 0.011574
0 0.343620 0.480787 0.015365 0.013426
0 0.357161 0.465046 0.013802 0.011574
2 0.338932 0.427778 0.015885 0.010185
1 0.332682 0.408333 0.033073 0.015741
0 0.383464 0.431944 0.014323 0.012037
0 0.386068 0.449074 0.014323 0.012037
0 0.379297 0.466667 0.014323 0.012037
0 0.420182 0.468750 0.015365 0.011574
0 0.402474 0.465741 0.010677 0.009259
0 0.402214 0.486343 0.014323 0.012500
0 0.377995 0.521065 0.014323 0.012500
0 0.452865 0.410880 0.010937 0.009722
0 0.451302 0.434028 0.013542 0.010648
0 0.458464 0.451389 0.013281 0.011111
0 0.459115 0.523380 0.015104 0.012500
0 0.562109 0.474537 0.014323 0.012963
2 0.520052 0.411574 0.016146 0.012037
2 0.525521 0.426852 0.016146 0.012037
2 0.531510 0.447222 0.010937 0.011111
0 0.563021 0.490972 0.015625 0.012500
0 0.570182 0.459028 0.014323 0.012500
0 0.560417 0.405324 0.014063 0.011574
0 0.597917 0.418287 0.015625 0.013426
0 0.611719 0.398611 0.015104 0.012037
0 0.617318 0.451389 0.013802 0.012037
0 0.594141 0.454398 0.014323 0.011574
0 0.583724 0.438889 0.013802 0.012963
0 0.584115 0.470602 0.013542 0.013426
0 0.606510 0.468056 0.010937 0.010185
0 0.637109 0.447685 0.013802 0.012037
2 0.629167 0.465046 0.015625 0.012500
2 0.593620 0.506250 0.019531 0.013426
2 0.634766 0.430787 0.025260 0.015278
0 0.653125 0.461806 0.014583 0.011574
0 0.660156 0.444444 0.015104 0.011111
0 0.662109 0.409954 0.014323 0.010648
0 0.660417 0.392130 0.013021 0.011111
2 0.679297 0.459722 0.016406 0.012963
0 0.658203 0.494213 0.016406 0.011574
0 0.705990 0.403935 0.014063 0.011574
2 0.707943 0.439352 0.030469 0.015741
0 0.699089 0.386343 0.012240 0.010648
0 0.731641 0.382407 0.012760 0.011111
0 0.745052 0.398611 0.014063 0.012963
0 0.746875 0.416204 0.015104 0.012037
0 0.756120 0.447454 0.011198 0.009722
0 0.736979 0.470833 0.013542 0.012037
0 0.717708 0.453704 0.013542 0.012037
2 0.713542 0.420602 0.016667 0.010648
0 0.772135 0.413426 0.015104 0.012037
0 0.775651 0.375463 0.015365 0.012037
2 0.778646 0.392824 0.016667 0.010648
0 0.808854 0.458333 0.015104 0.012037
0 0.797135 0.479630 0.015104 0.012037
0 0.813932 0.407176 0.015885 0.012500
0 0.806510 0.387963 0.014063 0.012963
0 0.813932 0.371991 0.015885 0.012500
0 0.838802 0.384259 0.015625 0.011111
0 0.844401 0.401157 0.014323 0.012500
0 0.862370 0.415741 0.016406 0.012037
0 0.852344 0.472454 0.015625 0.012500
0 0.869922 0.396528 0.016406 0.013426
0 0.863151 0.380556 0.015365 0.012963
2 0.841016 0.367593 0.017969 0.011111
0 0.864323 0.364120 0.016146 0.011574
0 0.895703 0.392824 0.016406 0.013426
0 0.888151 0.377083 0.013281 0.010648
0 0.886458 0.360417 0.014583 0.011574
0 0.914974 0.444676 0.015365 0.012500
0 0.922396 0.389815 0.015625 0.012037
0 0.909766 0.375000 0.015885 0.012037
0 0.913281 0.355787 0.017708 0.013426
0 0.942969 0.350694 0.016146 0.013426
0 0.946615 0.368287 0.017188 0.014352
0 0.951693 0.385648 0.012760 0.011111
0 0.960547 0.402315 0.017448 0.012963
0 0.972917 0.382176 0.017188 0.012500
0 0.976172 0.362500 0.014844 0.012963
0 0.970443 0.345833 0.015885 0.012963
0 0.993490 0.343056 0.013021 0.012963
0 0.995182 0.360880 0.009635 0.012500
0 0.953776 0.454167 0.016927 0.012037
0 0.906120 0.484491 0.015365 0.012500
2 0.702604 0.351852 0.016146 0.012963
