0 0.010156 0.908796 0.009896 0.014815
0 0.095703 0.852546 0.011719 0.012500
0 0.130208 0.810185 0.011979 0.011111
0 0.127865 0.781019 0.013021 0.016667
0 0.204818 0.734028 0.014844 0.013426
0 0.220833 0.728009 0.014583 0.008796
0 0.262240 0.744907 0.013542 0.009259
0 0.271875 0.712500 0.013542 0.009259
0 0.289323 0.704861 0.014063 0.012500
0 0.310417 0.718981 0.014583 0.015741
2 0.254297 0.719676 0.013281 0.010648
0 0.294271 0.740046 0.006771 0.024537
0 0.280599 0.741204 0.015885 0.012963
0 0.335938 0.699306 0.013542 0.018981
0 0.316927 0.665509 0.013542 0.017130
2 0.323828 0.676852 0.013281 0.016667
0 0.351172 0.687269 0.016406 0.010648
0 0.356901 0.642824 0.011198 0.024537
0 0.347135 0.617593 0.009375 0.022222
0 0.336458 0.581481 0.009896 0.025000
0 0.314583 0.572454 0.010417 0.026389
0 0.323958 0.608565 0.010417 0.026389
0 0.330208 0.635417 0.010417 0.026389
0 0.374609 0.678935 0.012240 0.022685
0 0.361068 0.704167 0.013802 0.020370
0 0.376042 0.722917 0.014063 0.019907
0 0.391016 0.701852 0.013281 0.020370
0 0.407422 0.719444 0.011198 0.013889
0 0.426042 0.734028 0.014583 0.014352
0 0.413932 0.760648 0.014323 0.016667
2 0.396094 0.744676 0.017188 0.023611
0 0.395052 0.777546 0.010417 0.025463
0 0.411328 0.837963 0.014323 0.016667
2 0.449089 0.826389 0.015885 0.012037
0 0.448177 0.851620 0.015625 0.010648
0 0.420443 0.885185 0.007552 0.026852
0 0.433333 0.885648 0.008854 0.023148
0 0.440885 0.937037 0.008854 0.023148
0 0.401042 0.956944 0.007292 0.019444
0 0.410286 0.989583 0.008594 0.020833
0 0.099479 0.603704 0.006250 0.019444
0 0.164193 0.627546 0.014323 0.012500
0 0.166667 0.565972 0.016146 0.011574
2 0.166016 0.590741 0.015365 0.010185
2 0.164974 0.614583 0.015365 0.011574
0 0.167318 0.546991 0.016406 0.011574
0 0.168620 0.532639 0.019531 0.013426
0 0.001823 0.543056 0.003125 0.025000
0 0.005339 0.046991 0.010156 0.010648
0 0.005078 0.059491 0.009635 0.010648
0 0.118620 0.026620 0.011198 0.018056
0 0.132031 0.005556 0.012500 0.010185
0 0.253385 0.028704 0.008854 0.015741
0 0.360938 0.031250 0.008854 0.026389
0 0.383984 0.008102 0.008594 0.015278
0 0.390885 0.032870 0.009375 0.027778
0 0.400781 0.071065 0.010417 0.027315
0 0.367188 0.061111 0.009896 0.025926
0 0.381641 0.128935 0.006510 0.021759
0 0.383333 0.159954 0.005729 0.028241
0 0.379948 0.188657 0.008333 0.026389
0 0.360156 0.240046 0.011979 0.022685
0 0.325260 0.264583 0.015625 0.018056
0 0.301563 0.246065 0.013542 0.019907
0 0.299219 0.262963 0.014063 0.018519
0 0.313802 0.301620 0.013021 0.018981
2 0.322135 0.329861 0.010937 0.027315
0 0.508333 0.091204 0.009375 0.025926
0 0.534115 0.180324 0.012500 0.021759
0 0.556771 0.212731 0.014063 0.022685
0 0.592187 0.270602 0.012500 0.019907
0 0.635547 0.312500 0.014844 0.018519
0 0.701172 0.356713 0.015885 0.012500
2 0.669922 0.340741 0.015365 0.015741
0 0.730729 0.352315 0.010937 0.011111
0 0.758333 0.350231 0.013542 0.011574
0 0.787240 0.346296 0.014583 0.011111
0 0.818229 0.342130 0.014583 0.011111
0 0.844141 0.341204 0.016927 0.012963
0 0.883724 0.333796 0.016927 0.012037
0 0.912109 0.328704 0.016927 0.012037
0 0.943099 0.325926 0.016927 0.012037
0 0.976562 0.319676 0.017188 0.012500
2 0.976693 0.265509 0.015365 0.010648
0 0.961849 0.064120 0.006510 0.025463
0 0.803646 0.506019 0.014063 0.012037
0 0.664062 0.593287 0.013021 0.020833
0 0.678255 0.636574 0.010677 0.022222
2 0.695052 0.682870 0.016146 0.028704
2 0.702474 0.704167 0.011198 0.020370
2 0.710417 0.712731 0.014583 0.018981
0 0.714583 0.725463 0.013542 0.018519
0 0.727734 0.757176 0.014323 0.019907
0 0.731771 0.768287 0.014063 0.016204
0 0.733854 0.783333 0.012500 0.018519
0 0.723047 0.791435 0.011198 0.023611
0 0.739974 0.827083 0.013281 0.018981
0 0.775521 0.839583 0.015104 0.010648
0 0.797396 0.835417 0.015104 0.010648
0 0.815234 0.837731 0.014844 0.017130
0 0.832812 0.829398 0.016146 0.008796
0 0.892188 0.818750 0.016146 0.011574
0 0.927865 0.812500 0.016146 0.012963
0 0.945312 0.808102 0.015104 0.011574
0 0.963672 0.805324 0.012760 0.010648
0 0.986328 0.803472 0.016406 0.012500
0 0.785547 0.958333 0.007031 0.025926
0 0.745703 0.979167 0.008073 0.026852
2 0.775260 0.955093 0.008333 0.033333
2 0.743229 0.950000 0.006771 0.026852
0 0.602083 0.776620 0.010937 0.017130
2 0.444271 0.737963 0.016146 0.013889
2 0.461849 0.696528 0.008073 0.038426
0 0.463802 0.760417 0.015625 0.015278
2 0.459245 0.777315 0.015885 0.019444
0 0.538932 0.951389 0.007031 0.029630
0 0.511589 0.689120 0.005990 0.023611
0 0.520052 0.676852 0.006250 0.026852
0 0.529167 0.680093 0.005729 0.020370
0 0.528255 0.651157 0.005990 0.026389
0 0.518359 0.634954 0.006510 0.027315
0 0.510286 0.657176 0.006510 0.027315
0 0.526172 0.609028 0.006510 0.027315
0 0.516016 0.591435 0.006510 0.027315
2 0.507812 0.605093 0.009896 0.047222
0 0.533984 0.537269 0.014844 0.009722
0 0.494922 0.489815 0.015365 0.012037
2 0.491667 0.507176 0.016146 0.009722
0 0.466406 0.449074 0.014063 0.012037
0 0.457292 0.430556 0.015104 0.011111
0 0.461849 0.412731 0.013802 0.011574
0 0.451823 0.345370 0.006250 0.026852
0 0.469922 0.318519 0.006510 0.028704
0 0.460938 0.298148 0.006250 0.025926
0 0.450781 0.306944 0.006771 0.025926
0 0.450911 0.274306 0.005990 0.027315
0 0.469401 0.279861 0.005990 0.027315
0 0.459375 0.255324 0.006771 0.025463
0 0.477214 0.247685 0.006510 0.025926
2 0.461589 0.335185 0.005990 0.028704
0 0.449479 0.229861 0.006771 0.025463
0 0.468750 0.233102 0.006771 0.025463
0 0.458594 0.199769 0.006771 0.025463
0 0.450000 0.196528 0.006771 0.025463
0 0.467708 0.185880 0.006771 0.025463
0 0.477214 0.177778 0.007031 0.026852
0 0.477214 0.212963 0.006510 0.025926
0 0.468099 0.146296 0.007031 0.026852
0 0.476693 0.136111 0.007031 0.026852
0 0.449349 0.120370 0.007031 0.026852
0 0.449349 0.159722 0.007031 0.026852
2 0.458333 0.142824 0.008854 0.061574
0 0.476953 0.103935 0.005469 0.019907
0 0.467839 0.082407 0.007031 0.026852
0 0.458984 0.089815 0.007031 0.026852
0 0.449219 0.068750 0.006771 0.029167
2 0.467708 0.112269 0.007292 0.030093
0 0.476693 0.067361 0.007031 0.028241
0 0.468359 0.046528 0.005469 0.020833
2 0.460286 0.045139 0.006510 0.029167
0 0.477604 0.035417 0.006771 0.025463
0 0.496875 0.037731 0.006771 0.025463
0 0.450521 0.027546 0.006771 0.025463
0 0.477865 0.006019 0.006771 0.011111
0 0.509505 0.007407 0.007552 0.013889
2 0.470052 0.011343 0.006250 0.021759
2 0.411198 0.412731 0.016146 0.011574
2 0.386849 0.429398 0.015365 0.012500
2 0.402344 0.446991 0.010417 0.007870
2 0.376302 0.481713 0.016667 0.011574
0 0.329688 0.407407 0.010937 0.009259
0 0.308203 0.423843 0.013281 0.011574
0 0.312630 0.440046 0.014323 0.010648
0 0.254167 0.421759 0.015625 0.011111
0 0.234375 0.435185 0.014063 0.010185
2 0.207682 0.416435 0.015365 0.012500
1 0.206120 0.396296 0.033594 0.015741
0 0.124870 0.408333 0.015365 0.012037
0 0.052083 0.387269 0.014583 0.010648
0 0.058464 0.406019 0.013802 0.009259
0 0.064714 0.421759 0.014844 0.011111
0 0.025911 0.437500 0.014844 0.011111
0 0.042839 0.471528 0.016406 0.010648
0 0.067448 0.456713 0.015625 0.010648
0 0.092188 0.443287 0.015625 0.010648
0 0.080208 0.474769 0.015625 0.010648
2 0.066276 0.440972 0.017969 0.010648
0 0.126823 0.446991 0.015625 0.010648
0 0.133464 0.462269 0.013802 0.011574
0 0.130599 0.479630 0.013281 0.009259
0 0.168099 0.466435 0.013802 0.011574
0 0.173568 0.448380 0.014844 0.011574
0 0.212760 0.452083 0.014583 0.010648
0 0.234896 0.453935 0.014583 0.010648
0 0.254557 0.453935 0.014323 0.010648
0 0.259766 0.473843 0.014323 0.010648
0 0.263932 0.489583 0.014323 0.010648
2 0.276823 0.455324 0.015104 0.010648
2 0.296354 0.457176 0.015625 0.010648
2 0.315625 0.459491 0.015625 0.010648
0 0.335286 0.460185 0.014844 0.012037
0 0.324089 0.476389 0.014844 0.012037
1 0.321354 0.497685 0.033854 0.019444
0 0.355990 0.463426 0.013542 0.011111
0 0.378125 0.463426 0.014583 0.011111
0 0.401693 0.463889 0.010677 0.009259
0 0.420573 0.467593 0.015104 0.012037
0 0.458464 0.521296 0.013281 0.010185
2 0.535286 0.441898 0.023698 0.016204
0 0.519792 0.409259 0.014583 0.011111
0 0.569271 0.401157 0.013021 0.010648
0 0.571615 0.421296 0.014063 0.012037
0 0.569271 0.456481 0.014063 0.012037
0 0.582812 0.469213 0.014063 0.012500
0 0.592708 0.452083 0.014583 0.011574
0 0.561458 0.471991 0.014583 0.011574
0 0.563542 0.491898 0.014583 0.011574
0 0.607943 0.516435 0.015365 0.013426
0 0.605469 0.466204 0.010937 0.010185
0 0.616406 0.448843 0.013021 0.010648
0 0.636068 0.445833 0.013802 0.011111
0 0.620573 0.394213 0.011458 0.010648
2 0.643099 0.428704 0.015885 0.012963
2 0.628255 0.463194 0.016406 0.012500
0 0.643750 0.409259 0.014583 0.011111
0 0.662891 0.389815 0.012760 0.010185
0 0.682292 0.422685 0.015104 0.011111
0 0.688672 0.403704 0.014323 0.012037
0 0.694922 0.454398 0.014323 0.010648
0 0.652344 0.459259 0.014583 0.011111
2 0.673177 0.457407 0.015625 0.011111
0 0.659505 0.441898 0.014844 0.011574
2 0.688281 0.438889 0.030208 0.017593
0 0.712891 0.451157 0.011198 0.009722
0 0.716927 0.418519 0.014063 0.011111
0 0.723568 0.381481 0.015365 0.011111
2 0.726432 0.398611 0.016406 0.012037
2 0.737760 0.484259 0.019792 0.013889
0 0.757161 0.463426 0.016927 0.012037
0 0.763281 0.429398 0.016146 0.012500
0 0.755729 0.393519 0.014583 0.012037
0 0.766797 0.411343 0.015885 0.012500
0 0.770182 0.375694 0.015885 0.012500
0 0.838151 0.468519 0.016927 0.012037
0 0.802604 0.405093 0.014583 0.011111
0 0.790755 0.389352 0.014323 0.012037
2 0.809245 0.368981 0.016406 0.012037
0 0.835286 0.382176 0.014844 0.011574
0 0.835938 0.399537 0.016146 0.012963
0 0.835417 0.419907 0.016146 0.012963
0 0.856771 0.362963 0.016667 0.012037
0 0.875260 0.376389 0.013021 0.010185
0 0.883594 0.358565 0.013542 0.011574
0 0.876953 0.393981 0.015365 0.011111
0 0.903516 0.373611 0.015365 0.011111
0 0.900391 0.444676 0.014844 0.011574
0 0.919531 0.387731 0.016146 0.011574
0 0.910547 0.353704 0.017969 0.013889
0 0.944271 0.367361 0.016667 0.011574
0 0.941276 0.348380 0.015885 0.011574
0 0.931120 0.404630 0.016406 0.012037
0 0.950130 0.384259 0.012240 0.011111
0 0.974479 0.361111 0.014583 0.012037
0 0.970703 0.379861 0.016406 0.011574
0 0.968880 0.343981 0.015885 0.012963
0 0.972135 0.434259 0.016667 0.012963
0 0.987630 0.451389 0.015885 0.012037
0 0.994531 0.358102 0.010937 0.012500
0 0.992448 0.342130 0.015104 0.012963
