0 0.168490 0.897454 0.008333 0.019907
0 0.054688 0.893056 0.012500 0.019444
0 0.065104 0.914352 0.010417 0.023148
0 0.032422 0.887963 0.007031 0.027778
0 0.022786 0.937269 0.011719 0.018056
0 0.232682 0.872222 0.013802 0.015741
0 0.217188 0.795833 0.016146 0.015741
0 0.215104 0.781944 0.018750 0.019444
0 0.221094 0.813657 0.015104 0.017130
2 0.226172 0.838194 0.014844 0.016204
2 0.230599 0.859954 0.014844 0.016204
0 0.307422 0.923148 0.013281 0.017593
0 0.293490 0.939583 0.012500 0.019907
0 0.348568 0.908333 0.012760 0.014815
0 0.364063 0.852083 0.011458 0.019907
0 0.386198 0.849537 0.013542 0.022222
0 0.379557 0.795370 0.011198 0.022222
0 0.405469 0.811574 0.011979 0.022222
0 0.349349 0.871759 0.010677 0.015741
2 0.335938 0.890509 0.010937 0.017130
0 0.364193 0.890046 0.013802 0.017130
0 0.376693 0.878704 0.008594 0.022222
2 0.389193 0.799769 0.010677 0.021759
0 0.415885 0.790509 0.015625 0.018056
0 0.410807 0.746065 0.013281 0.018981
0 0.396354 0.729398 0.010937 0.018056
0 0.378646 0.705093 0.014063 0.021296
0 0.355990 0.712037 0.014063 0.022222
0 0.372135 0.738657 0.013542 0.020833
0 0.384766 0.756944 0.013802 0.022222
0 0.428125 0.799306 0.014063 0.014352
0 0.434766 0.764352 0.014323 0.015741
0 0.446745 0.804861 0.015885 0.013426
0 0.455208 0.774306 0.014063 0.013426
0 0.475000 0.778472 0.011458 0.010648
0 0.494922 0.777083 0.014844 0.012500
2 0.470833 0.809954 0.018229 0.017130
0 0.490495 0.810880 0.014844 0.012500
0 0.476693 0.840741 0.007031 0.026852
0 0.505859 0.883333 0.014323 0.012037
2 0.538151 0.845370 0.015885 0.015741
0 0.542578 0.869213 0.014323 0.017130
2 0.512240 0.768056 0.015625 0.017593
2 0.534766 0.793056 0.014844 0.012037
0 0.553646 0.781481 0.014063 0.015741
0 0.539062 0.914120 0.011458 0.018981
0 0.525130 0.919676 0.011198 0.022685
0 0.554948 0.952546 0.011458 0.018981
0 0.053906 0.359259 0.008333 0.021296
0 0.060286 0.327083 0.010677 0.023611
2 0.039323 0.226852 0.016146 0.022222
0 0.113802 0.081713 0.013021 0.020833
0 0.119271 0.073148 0.011458 0.020370
0 0.125781 0.064583 0.009896 0.016204
0 0.128385 0.053009 0.011979 0.019907
0 0.133724 0.043056 0.011198 0.015741
0 0.138151 0.033565 0.010677 0.017130
0 0.143229 0.024306 0.011979 0.021759
0 0.231510 0.053009 0.015104 0.013426
0 0.247005 0.038657 0.013281 0.018056
0 0.264974 0.012731 0.012240 0.022685
0 0.257422 0.094444 0.012760 0.021296
0 0.245964 0.078704 0.012240 0.018519
0 0.235807 0.118519 0.011719 0.022222
0 0.217578 0.099537 0.013281 0.022222
0 0.245833 0.143056 0.011458 0.020370
0 0.270182 0.116435 0.013281 0.024537
0 0.286979 0.144676 0.013021 0.023611
0 0.301563 0.166667 0.013021 0.024074
0 0.318880 0.193981 0.013281 0.022222
0 0.272396 0.187500 0.012500 0.022222
0 0.286719 0.210185 0.012500 0.022222
0 0.314583 0.261111 0.009375 0.020370
0 0.323698 0.287269 0.008854 0.027315
0 0.326432 0.316204 0.006510 0.027778
0 0.320703 0.376852 0.008594 0.025926
0 0.294401 0.424537 0.015885 0.013889
0 0.269922 0.424769 0.014844 0.013426
0 0.270443 0.442130 0.014323 0.012963
0 0.292578 0.467130 0.013802 0.013889
2 0.306771 0.487037 0.007292 0.030556
0 0.176042 0.263426 0.005729 0.018519
0 0.433724 0.161574 0.012240 0.019444
0 0.459505 0.183796 0.014323 0.018519
0 0.507161 0.221296 0.014323 0.014815
0 0.550000 0.232870 0.015104 0.014815
0 0.632031 0.245602 0.015104 0.015278
2 0.595313 0.244907 0.015625 0.011111
0 0.665365 0.220370 0.011458 0.012963
0 0.694792 0.196528 0.013542 0.017130
0 0.720703 0.172454 0.013802 0.018981
0 0.751042 0.142361 0.014583 0.018981
0 0.774479 0.123380 0.015104 0.020833
0 0.806120 0.089583 0.015885 0.020833
0 0.830859 0.064120 0.013802 0.019907
0 0.858333 0.038889 0.015625 0.019444
0 0.891667 0.007870 0.015104 0.014815
0 0.847656 0.223380 0.013021 0.018981
0 0.698177 0.414120 0.010937 0.023611
0 0.702474 0.504398 0.012760 0.017130
2 0.728255 0.533565 0.018490 0.018981
2 0.740365 0.546991 0.008854 0.023611
2 0.749479 0.550000 0.010417 0.024074
0 0.756120 0.557407 0.011198 0.024074
0 0.775130 0.577315 0.012240 0.025000
0 0.781641 0.585185 0.012240 0.023148
0 0.787370 0.596528 0.010677 0.019907
0 0.779818 0.612963 0.014323 0.019444
0 0.802865 0.631713 0.014583 0.013426
0 0.838411 0.616898 0.013802 0.018981
0 0.857812 0.596991 0.014583 0.018981
0 0.874089 0.586574 0.013281 0.025000
0 0.887630 0.566898 0.014323 0.017130
0 0.940234 0.513194 0.014323 0.017130
0 0.972266 0.480093 0.015365 0.018519
0 0.986849 0.463657 0.013802 0.018056
0 0.871224 0.831713 0.011198 0.022685
0 0.858203 0.822454 0.011198 0.022685
0 0.858203 0.797454 0.012240 0.025463
0 0.844271 0.766898 0.010937 0.023611
2 0.848437 0.818287 0.011458 0.025463
2 0.834896 0.742593 0.009896 0.023148
2 0.865234 0.724537 0.013802 0.031481
0 0.826302 0.813889 0.007812 0.025000
0 0.814844 0.815278 0.007812 0.025000
0 0.875521 0.719213 0.009896 0.024537
0 0.665495 0.687037 0.009635 0.020370
0 0.645312 0.883796 0.010417 0.027778
0 0.015755 0.835417 0.014844 0.018056
0 0.016406 0.797685 0.011979 0.013889
0 0.005208 0.786806 0.009896 0.013426
0 0.026823 0.844907 0.014583 0.017593
0 0.050130 0.810185 0.013281 0.015741
0 0.054036 0.838889 0.012760 0.015741
0 0.086719 0.819907 0.014583 0.017593
0 0.086068 0.784491 0.013802 0.015278
0 0.076302 0.752778 0.014583 0.016667
0 0.125391 0.791204 0.015885 0.017593
0 0.138151 0.747685 0.014323 0.017593
0 0.143099 0.761111 0.014844 0.016667
0 0.166536 0.763426 0.013281 0.014815
2 0.116276 0.763426 0.017448 0.017593
0 0.169401 0.726852 0.014323 0.017593
0 0.173568 0.701157 0.012760 0.016204
2 0.158594 0.694907 0.014583 0.015741
1 0.160807 0.674074 0.030990 0.031481
0 0.201432 0.720370 0.012240 0.015741
0 0.210807 0.695602 0.014844 0.015278
0 0.219010 0.727083 0.013021 0.013426
0 0.204427 0.663194 0.014583 0.016204
0 0.237109 0.676620 0.012760 0.014352
0 0.251563 0.685648 0.014583 0.016667
0 0.256250 0.662500 0.014583 0.015741
0 0.252865 0.644213 0.013021 0.015278
0 0.251302 0.628472 0.013021 0.015278
0 0.274349 0.649074 0.013281 0.016667
0 0.275911 0.592824 0.011198 0.014352
2 0.294661 0.633102 0.014844 0.014352
2 0.313021 0.620833 0.015625 0.016667
2 0.330990 0.608796 0.015625 0.016667
2 0.325000 0.574074 0.015104 0.015741
0 0.349089 0.595833 0.013281 0.016667
2 0.344922 0.579630 0.010677 0.012963
0 0.340755 0.622917 0.013281 0.016204
0 0.357292 0.625926 0.014583 0.016667
0 0.368229 0.581481 0.013021 0.016667
0 0.388672 0.568056 0.014323 0.017593
2 0.354948 0.537963 0.016667 0.019444
0 0.386849 0.530556 0.014844 0.016667
0 0.400781 0.539583 0.013542 0.016204
0 0.411198 0.569444 0.013542 0.016667
0 0.409375 0.550231 0.011458 0.013426
0 0.426432 0.539583 0.014323 0.018056
0 0.400000 0.503472 0.012500 0.017130
1 0.411068 0.600000 0.032031 0.027778
2 0.458724 0.535185 0.015885 0.016667
2 0.473438 0.481250 0.022396 0.025463
0 0.458464 0.455324 0.014323 0.017130
0 0.502995 0.435648 0.013802 0.016667
0 0.500000 0.415278 0.012500 0.014815
0 0.560937 0.420833 0.013021 0.018519
0 0.576302 0.420833 0.013021 0.018519
0 0.581120 0.399537 0.012240 0.018519
0 0.601823 0.379398 0.011979 0.017130
0 0.595573 0.402083 0.009896 0.013426
0 0.574870 0.444213 0.015885 0.020833
0 0.556901 0.441204 0.014323 0.017593
0 0.559505 0.494444 0.012240 0.015741
2 0.582161 0.458102 0.015365 0.018056
0 0.549089 0.370833 0.010677 0.015741
0 0.580599 0.359259 0.013281 0.015741
2 0.583333 0.378704 0.015104 0.019444
0 0.622526 0.451157 0.013281 0.018056
2 0.615885 0.382870 0.015104 0.019444
0 0.619010 0.362037 0.013021 0.017593
0 0.617188 0.344907 0.013021 0.017593
0 0.593229 0.326852 0.011979 0.016667
0 0.623307 0.318056 0.012760 0.017593
0 0.639193 0.340972 0.013802 0.018056
0 0.636849 0.361343 0.013802 0.018056
0 0.641536 0.381250 0.013802 0.018056
2 0.655729 0.344444 0.015104 0.019444
0 0.680599 0.377546 0.014323 0.019907
0 0.674609 0.325694 0.012240 0.016204
0 0.689323 0.311343 0.010417 0.013426
0 0.653385 0.309491 0.013021 0.017130
0 0.650391 0.269676 0.013802 0.018056
2 0.660937 0.281713 0.015104 0.019907
2 0.665755 0.317130 0.027865 0.032407
0 0.705599 0.277083 0.015365 0.019907
0 0.686198 0.254630 0.013542 0.016667
0 0.699479 0.263194 0.015625 0.018981
0 0.695964 0.227083 0.014844 0.019907
0 0.715885 0.227546 0.014063 0.019907
0 0.731380 0.231713 0.013281 0.017130
0 0.755339 0.229167 0.014844 0.017593
0 0.751172 0.191204 0.014844 0.017593
0 0.764062 0.197917 0.013542 0.018056
2 0.734766 0.188657 0.015885 0.017130
2 0.785026 0.258333 0.017969 0.022222
0 0.819922 0.202083 0.015365 0.019907
0 0.804036 0.159259 0.013802 0.018519
0 0.795052 0.149074 0.010937 0.015741
0 0.782031 0.141435 0.015625 0.019907
0 0.813281 0.111343 0.013021 0.018056
0 0.834115 0.110880 0.014063 0.018981
0 0.845703 0.118287 0.014844 0.018981
0 0.837891 0.085648 0.016406 0.020370
0 0.842969 0.141204 0.014583 0.018519
0 0.870573 0.074306 0.016146 0.022685
0 0.885938 0.079861 0.011979 0.017130
0 0.871745 0.051852 0.014844 0.021296
0 0.901693 0.041667 0.014844 0.019444
0 0.895703 0.027778 0.014844 0.019444
0 0.907943 0.057407 0.014844 0.020370
0 0.928776 0.097685 0.014844 0.020370
0 0.886979 0.157176 0.016146 0.021759
0 0.917708 0.009028 0.016146 0.017130
0 0.928776 0.016204 0.015885 0.021296
0 0.932552 0.032870 0.016146 0.021296
0 0.994661 0.034259 0.010677 0.017593
2 0.519010 0.717593 0.014583 0.034259
0 0.562370 0.674306 0.009635 0.022685
0 0.567057 0.656944 0.010156 0.025000
0 0.576302 0.653704 0.008333 0.019444
0 0.568880 0.626389 0.010156 0.025000
0 0.556120 0.619444 0.010156 0.025000
0 0.557422 0.590741 0.010156 0.025000
0 0.543620 0.582407 0.010156 0.025000
0 0.553255 0.645370 0.010156 0.025000
2 0.539583 0.601157 0.017708 0.045833
0 0.427865 0.406250 0.009896 0.026389
2 0.434245 0.389120 0.010677 0.028241
0 0.438672 0.367824 0.009635 0.027315
0 0.429036 0.333333 0.009635 0.025926
0 0.425391 0.356944 0.009635 0.025926
0 0.418880 0.372222 0.009635 0.025926
0 0.411328 0.341667 0.009635 0.025926
0 0.414714 0.318981 0.009635 0.025926
0 0.418099 0.292593 0.009635 0.025926
0 0.428646 0.298843 0.008854 0.023611
0 0.420443 0.267130 0.008594 0.023148
0 0.405729 0.248843 0.009896 0.025463
0 0.412500 0.234954 0.010417 0.026389
0 0.401302 0.269213 0.009896 0.025463
0 0.392448 0.274306 0.009896 0.025463
0 0.399740 0.303935 0.009896 0.025463
0 0.383333 0.237731 0.009896 0.025463
0 0.397396 0.213657 0.009375 0.025463
0 0.403385 0.196065 0.009375 0.025463
0 0.395182 0.168056 0.007552 0.018519
2 0.387240 0.216898 0.017708 0.053241
0 0.382292 0.154630 0.009375 0.025000
2 0.389844 0.184028 0.010937 0.028241
0 0.376302 0.168981 0.009375 0.025000
0 0.373958 0.202778 0.009375 0.025000
0 0.361979 0.156250 0.009896 0.028241
0 0.374609 0.121991 0.007552 0.020833
0 0.380599 0.105556 0.009115 0.024074
0 0.386719 0.135880 0.010417 0.026389
0 0.353646 0.117593 0.008854 0.023148
0 0.347005 0.085648 0.009115 0.025926
0 0.354818 0.074537 0.009115 0.025926
0 0.372396 0.071759 0.008333 0.023148
0 0.365625 0.038194 0.008854 0.027315
0 0.346094 0.036806 0.008854 0.025463
0 0.337500 0.042361 0.009896 0.029167
0 0.357943 0.048148 0.008594 0.023148
2 0.366406 0.083333 0.010937 0.031481
2 0.366536 0.128241 0.010677 0.029630
0 0.403385 0.095833 0.011458 0.024074
0 0.389062 0.057407 0.008854 0.026852
0 0.396875 0.032639 0.008333 0.022685
0 0.379427 0.012037 0.007292 0.023148
0 0.359505 0.008333 0.008073 0.015741
2 0.351302 0.013194 0.010937 0.025463
0 0.339193 0.005324 0.007552 0.009722
0 0.330208 0.007870 0.007812 0.014815
