2 0.011068 0.801389 0.016406 0.011111
0 0.488021 0.972685 0.007292 0.025926
0 0.483073 0.932407 0.007292 0.025926
0 0.456120 0.849537 0.012240 0.024074
0 0.472526 0.964120 0.006510 0.027315
0 0.480990 0.986343 0.006250 0.023611
2 0.471615 0.888889 0.008854 0.027778
0 0.423047 0.789583 0.010156 0.016204
0 0.389193 0.751389 0.013281 0.018519
0 0.347135 0.713426 0.013021 0.014815
0 0.308464 0.691667 0.015885 0.012963
0 0.266797 0.680787 0.014844 0.011574
0 0.222005 0.685880 0.016927 0.014352
0 0.193620 0.696065 0.014844 0.014352
0 0.155859 0.704861 0.014844 0.014352
0 0.110547 0.719676 0.014844 0.014352
0 0.076172 0.722917 0.016406 0.014352
0 0.044401 0.734954 0.016406 0.014352
0 0.012240 0.743750 0.014583 0.012500
0 0.010807 0.265509 0.014844 0.013426
0 0.028255 0.259259 0.017448 0.012963
0 0.062891 0.248148 0.016927 0.013889
0 0.119661 0.228472 0.017969 0.014352
0 0.138021 0.215741 0.016667 0.018519
0 0.154948 0.218056 0.015104 0.012963
0 0.176042 0.210185 0.015104 0.012963
0 0.159635 0.092593 0.008333 0.026852
2 0.170313 0.094444 0.009375 0.031481
2 0.201823 0.096296 0.008333 0.027778
2 0.203125 0.015741 0.009375 0.028704
0 0.190625 0.028935 0.008854 0.028241
0 0.222135 0.031481 0.010937 0.023148
0 0.196875 0.064352 0.008854 0.025000
0 0.211458 0.165972 0.009375 0.027315
0 0.211198 0.217130 0.013542 0.019444
0 0.229557 0.249306 0.011719 0.022685
0 0.218620 0.262269 0.014844 0.022685
0 0.222656 0.272454 0.014583 0.018056
0 0.227734 0.285417 0.013802 0.020833
0 0.242318 0.315972 0.013802 0.020833
2 0.247005 0.325463 0.015365 0.020370
2 0.254557 0.334491 0.012760 0.021759
2 0.263281 0.354167 0.016146 0.027778
0 0.282422 0.395833 0.010156 0.022222
0 0.350521 0.245602 0.010417 0.018056
0 0.502734 0.060185 0.009115 0.022222
0 0.510677 0.105787 0.009896 0.021759
0 0.524870 0.107407 0.008594 0.024074
0 0.535807 0.154630 0.014844 0.013889
0 0.498568 0.145370 0.014844 0.013889
0 0.459635 0.156944 0.007292 0.026852
2 0.498698 0.171991 0.017708 0.013426
2 0.491146 0.224074 0.015625 0.016667
2 0.507812 0.259259 0.015104 0.011111
2 0.492839 0.304167 0.009635 0.039815
0 0.555599 0.212037 0.009115 0.027778
0 0.537240 0.231944 0.015104 0.016667
0 0.526693 0.261574 0.014323 0.012037
0 0.545182 0.273148 0.010677 0.012963
0 0.576562 0.263889 0.014063 0.018519
0 0.562891 0.287731 0.012760 0.019907
2 0.555990 0.245139 0.015625 0.022685
0 0.592839 0.280324 0.013281 0.018056
0 0.579688 0.308565 0.011979 0.020833
0 0.602604 0.294907 0.017708 0.011111
0 0.617448 0.280787 0.013542 0.018981
0 0.642057 0.257176 0.015365 0.018056
0 0.638542 0.311574 0.012500 0.019444
0 0.599089 0.340278 0.011198 0.021296
0 0.610547 0.364352 0.010677 0.021296
0 0.622786 0.398611 0.011198 0.025000
0 0.633984 0.369676 0.010156 0.025463
0 0.625911 0.344213 0.010156 0.025463
0 0.644792 0.404398 0.010417 0.026389
2 0.630990 0.301852 0.011458 0.018519
0 0.656771 0.232870 0.006250 0.024074
0 0.670964 0.230556 0.015365 0.013889
0 0.689844 0.222685 0.013021 0.010185
0 0.664062 0.268287 0.014063 0.015278
0 0.681250 0.257639 0.013021 0.013426
2 0.698958 0.247222 0.013021 0.014815
0 0.731641 0.232639 0.013281 0.013426
0 0.747526 0.224074 0.014844 0.014815
0 0.819271 0.134028 0.012500 0.012500
0 0.822917 0.162500 0.014583 0.016667
0 0.851562 0.085417 0.011979 0.012500
0 0.947656 0.027315 0.015104 0.012037
2 0.969792 0.187500 0.007812 0.029630
0 0.976823 0.199306 0.006250 0.026389
0 0.986068 0.202778 0.010677 0.025000
0 0.991146 0.262500 0.006250 0.024074
0 0.858333 0.337500 0.005729 0.021296
0 0.967839 0.411343 0.009115 0.020833
0 0.960807 0.380093 0.006510 0.025926
0 0.985807 0.427546 0.010156 0.025463
0 0.945443 0.862269 0.015365 0.013426
0 0.962109 0.867593 0.014323 0.014815
2 0.945182 0.880787 0.014844 0.013426
0 0.957292 0.929630 0.015104 0.013889
0 0.962109 0.964352 0.014323 0.012037
0 0.964323 0.979167 0.014063 0.013889
0 0.977604 0.938426 0.007292 0.010185
0 0.915755 0.956713 0.008594 0.011574
0 0.916536 0.985648 0.012240 0.015741
0 0.921224 0.994213 0.010677 0.011574
0 0.861719 0.910185 0.010937 0.021296
0 0.849349 0.936574 0.013281 0.022222
0 0.728776 0.928704 0.008073 0.016667
0 0.582292 0.909028 0.010937 0.024537
0 0.592708 0.942593 0.009896 0.024074
0 0.602344 0.974537 0.009896 0.027778
0 0.640755 0.993519 0.010677 0.012963
0 0.615104 0.914583 0.010937 0.024537
0 0.598177 0.850463 0.006771 0.019444
0 0.595443 0.819907 0.006510 0.028704
0 0.597526 0.790509 0.007552 0.026389
0 0.613672 0.738657 0.012240 0.024537
0 0.647656 0.710417 0.015625 0.016204
0 0.670964 0.723380 0.014844 0.018056
0 0.673568 0.707176 0.014323 0.018981
0 0.657161 0.671065 0.012760 0.017130
2 0.648177 0.643981 0.010937 0.026852
0 0.791667 0.421296 0.020313 0.011111
0 0.791927 0.406713 0.017188 0.010648
0 0.791797 0.387037 0.015885 0.011111
0 0.791927 0.324769 0.014063 0.011574
2 0.791667 0.337963 0.016146 0.011111
2 0.791927 0.362037 0.016146 0.011111
0 0.541276 0.031250 0.008594 0.019907
0 0.530729 0.005787 0.007292 0.010648
0 0.020573 0.720370 0.016667 0.013889
0 0.025521 0.701852 0.016667 0.013889
0 0.035677 0.662269 0.016146 0.014352
0 0.057422 0.710185 0.016406 0.013889
0 0.076042 0.685880 0.016667 0.012500
0 0.101562 0.661343 0.015625 0.013426
0 0.104948 0.696065 0.015625 0.013426
0 0.147917 0.665046 0.015625 0.013426
0 0.155339 0.681481 0.014844 0.014815
2 0.097266 0.612963 0.016927 0.013889
0 0.110417 0.590046 0.015625 0.013426
0 0.129688 0.546991 0.015625 0.013426
0 0.148177 0.597222 0.015625 0.012963
1 0.138672 0.565741 0.034115 0.023148
0 0.180859 0.641435 0.015885 0.014352
0 0.188411 0.619213 0.014844 0.014352
0 0.189974 0.602546 0.014844 0.014352
0 0.209896 0.647685 0.014063 0.013889
0 0.234115 0.656944 0.014063 0.013889
0 0.223047 0.626852 0.015365 0.012963
0 0.231510 0.607176 0.015625 0.012500
0 0.251042 0.601157 0.015625 0.012500
0 0.241927 0.555093 0.015104 0.012963
0 0.258854 0.583333 0.010417 0.010185
0 0.276823 0.645833 0.016146 0.013889
0 0.261979 0.632870 0.016146 0.013889
0 0.264583 0.615509 0.011458 0.011574
0 0.276172 0.578009 0.012760 0.013426
2 0.296615 0.572222 0.016667 0.012037
0 0.311068 0.584491 0.013802 0.014352
0 0.316797 0.566898 0.014323 0.013426
0 0.333464 0.578009 0.013281 0.013426
0 0.337240 0.612731 0.011458 0.011574
0 0.306510 0.601389 0.014063 0.013889
0 0.305469 0.619444 0.014063 0.013889
0 0.315104 0.636111 0.012500 0.012037
2 0.282161 0.592593 0.030469 0.021296
0 0.352734 0.571296 0.012760 0.012963
0 0.353516 0.588889 0.013802 0.012963
0 0.370443 0.620833 0.014323 0.012963
0 0.375651 0.564815 0.014323 0.012963
0 0.384245 0.547222 0.014323 0.012963
0 0.398568 0.557407 0.014323 0.012963
0 0.405859 0.540278 0.014323 0.012963
0 0.400130 0.574537 0.014323 0.012963
0 0.398568 0.593519 0.014323 0.012963
0 0.388672 0.526852 0.014323 0.012963
0 0.362370 0.553472 0.011198 0.011574
2 0.340495 0.560185 0.015885 0.013889
2 0.411589 0.609259 0.015885 0.013889
0 0.447396 0.578009 0.015104 0.011574
0 0.448698 0.562500 0.013021 0.011111
0 0.455990 0.515972 0.013542 0.011574
0 0.493359 0.550463 0.015365 0.012963
0 0.489323 0.571528 0.013542 0.011574
0 0.477083 0.592130 0.014583 0.012963
0 0.492969 0.495139 0.014583 0.010648
0 0.480208 0.478472 0.013021 0.008796
0 0.542318 0.544676 0.013802 0.011574
0 0.545833 0.525463 0.015104 0.012037
0 0.563281 0.525463 0.011458 0.009259
0 0.557552 0.487731 0.015625 0.011574
0 0.586589 0.522685 0.014844 0.012037
0 0.590495 0.504167 0.015885 0.012037
0 0.608333 0.519907 0.014063 0.012963
0 0.598307 0.554861 0.013802 0.012500
0 0.594271 0.575231 0.013542 0.011574
0 0.582812 0.540278 0.014583 0.012037
0 0.542188 0.582407 0.014583 0.012037
2 0.524609 0.562963 0.015365 0.012963
0 0.628906 0.517593 0.014063 0.012963
0 0.626042 0.473843 0.014583 0.011574
2 0.632422 0.536806 0.016406 0.009722
2 0.649089 0.516667 0.015365 0.012037
2 0.667578 0.516204 0.015365 0.012037
2 0.687630 0.515972 0.014844 0.011574
0 0.672135 0.495602 0.013542 0.010648
0 0.658724 0.549306 0.014323 0.010648
0 0.670052 0.566204 0.011458 0.010185
0 0.718229 0.562963 0.012500 0.011111
0 0.709635 0.512731 0.014583 0.011574
0 0.732031 0.480324 0.015104 0.010648
0 0.728776 0.508565 0.014844 0.011574
0 0.750521 0.507407 0.013542 0.010185
0 0.765104 0.539815 0.013542 0.010185
0 0.780859 0.554861 0.014844 0.010648
0 0.775521 0.506481 0.014583 0.012037
0 0.795312 0.484722 0.014583 0.012037
0 0.797396 0.503241 0.014583 0.012037
0 0.818359 0.500926 0.015365 0.012037
2 0.817578 0.520602 0.023698 0.013426
0 0.868099 0.496759 0.013802 0.010185
0 0.862109 0.535648 0.013802 0.010185
0 0.900651 0.494907 0.013802 0.010185
2 0.845052 0.499306 0.016667 0.010648
2 0.866276 0.546065 0.015365 0.011574
2 0.850000 0.481250 0.010937 0.010648
1 0.846354 0.465278 0.023438 0.012963
0 0.898438 0.464583 0.015104 0.011574
0 0.928385 0.491898 0.015104 0.011574
0 0.923958 0.510417 0.015104 0.011574
0 0.929948 0.528472 0.015104 0.011574
0 0.949219 0.490046 0.015104 0.011574
0 0.942448 0.457870 0.016667 0.012963
2 0.916536 0.477083 0.019010 0.011574
0 0.988802 0.453935 0.015104 0.010648
0 0.971615 0.489120 0.015104 0.010648
2 0.977865 0.506481 0.012500 0.009259
0 0.983594 0.539583 0.011458 0.007870
2 0.972917 0.470833 0.018750 0.011111
2 0.510677 0.661343 0.006771 0.030093
0 0.519401 0.651852 0.005990 0.020370
0 0.502344 0.678009 0.006771 0.028241
0 0.521615 0.686806 0.007292 0.025463
0 0.512760 0.696528 0.006771 0.025463
0 0.504297 0.716204 0.006510 0.026852
0 0.522917 0.718056 0.006250 0.025926
0 0.515365 0.738426 0.006250 0.025926
0 0.507812 0.760185 0.006250 0.025926
0 0.498437 0.748611 0.006250 0.025926
0 0.500260 0.782870 0.006250 0.025926
0 0.526563 0.760880 0.007292 0.027315
0 0.528125 0.794444 0.006771 0.026852
0 0.519141 0.791898 0.007031 0.025463
0 0.510938 0.806944 0.006771 0.026852
0 0.502344 0.816667 0.006771 0.026852
0 0.512500 0.846759 0.006771 0.026852
0 0.504167 0.857407 0.006771 0.026852
0 0.529427 0.830093 0.006771 0.026852
0 0.531771 0.868056 0.006771 0.026852
2 0.522135 0.847685 0.010417 0.060185
0 0.505990 0.888426 0.005729 0.020370
0 0.524089 0.898380 0.007031 0.024537
0 0.534635 0.918287 0.007812 0.028241
0 0.514974 0.907639 0.005990 0.025463
2 0.514193 0.877083 0.007552 0.030093
0 0.507812 0.922917 0.007812 0.028241
0 0.516797 0.943056 0.005469 0.020370
0 0.507812 0.953704 0.007292 0.025000
0 0.509375 0.988426 0.006771 0.023148
0 0.526302 0.991898 0.007292 0.016204
0 0.534635 0.989352 0.006771 0.021296
0 0.534766 0.957639 0.005990 0.023611
2 0.516667 0.983565 0.006771 0.032870
2 0.524870 0.942361 0.006510 0.029167
0 0.433203 0.400926 0.007552 0.025000
0 0.444271 0.417130 0.007292 0.026852
2 0.451302 0.401620 0.010937 0.047685
0 0.439714 0.374306 0.008073 0.026389
0 0.429818 0.360417 0.008073 0.026389
0 0.426953 0.331250 0.005990 0.020833
0 0.436328 0.332639 0.008594 0.027315
0 0.444010 0.319444 0.007812 0.024074
0 0.447005 0.351852 0.007552 0.026852
0 0.434505 0.213889 0.005469 0.020370
0 0.416927 0.098148 0.006771 0.024074
0 0.405469 0.075231 0.007292 0.028241
0 0.401432 0.039352 0.006510 0.021296
0 0.397266 0.008102 0.005990 0.015278
0 0.623958 0.940972 0.010937 0.024537
