2 0.027604 0.839815 0.015625 0.011111
0 0.030078 0.321065 0.014844 0.012500
0 0.046354 0.314583 0.016146 0.012500
0 0.080729 0.304861 0.015625 0.014352
0 0.136198 0.286806 0.016667 0.013426
0 0.153516 0.275231 0.016927 0.018056
0 0.169792 0.276157 0.014583 0.012500
0 0.191016 0.250231 0.014323 0.013426
0 0.190625 0.268519 0.015104 0.013889
0 0.225000 0.276852 0.013542 0.019444
0 0.242448 0.307176 0.010937 0.024537
0 0.239974 0.341898 0.013281 0.019907
0 0.232292 0.318056 0.013021 0.019444
0 0.235547 0.330556 0.014323 0.018519
2 0.258854 0.381713 0.011979 0.018056
2 0.266667 0.389583 0.011979 0.020833
0 0.292708 0.450926 0.009896 0.022222
0 0.358724 0.306019 0.010677 0.018519
0 0.175391 0.155324 0.007552 0.025463
2 0.185286 0.156250 0.009635 0.033796
0 0.205339 0.093287 0.009115 0.026389
0 0.236068 0.096991 0.010156 0.021759
2 0.216276 0.158796 0.007031 0.024074
0 0.199349 0.055787 0.008073 0.023611
2 0.217839 0.081481 0.008594 0.027778
0 0.386198 0.038194 0.005729 0.022685
0 0.527474 0.047685 0.008073 0.019444
0 0.534635 0.070833 0.009375 0.024074
0 0.508203 0.128009 0.009635 0.021759
0 0.516536 0.172685 0.009635 0.022222
0 0.529687 0.174537 0.008333 0.025000
0 0.544922 0.101620 0.008594 0.021759
0 0.540104 0.220833 0.015104 0.013889
0 0.503776 0.212037 0.014844 0.012963
2 0.503646 0.237269 0.016667 0.012500
0 0.462109 0.182176 0.008594 0.027315
2 0.512370 0.321991 0.014844 0.011574
2 0.496094 0.286343 0.015104 0.018056
2 0.496615 0.364583 0.008854 0.037500
0 0.558073 0.276157 0.008333 0.025463
0 0.541016 0.294907 0.014323 0.014815
0 0.529948 0.324074 0.014063 0.012037
0 0.548307 0.334954 0.010677 0.013426
0 0.578776 0.327315 0.012760 0.017593
0 0.565234 0.350000 0.012760 0.018519
2 0.559115 0.309259 0.014583 0.021296
0 0.594531 0.343519 0.013021 0.017593
0 0.581901 0.369444 0.011719 0.019444
0 0.603646 0.358333 0.016146 0.010185
0 0.610938 0.425463 0.009375 0.021296
0 0.600130 0.400926 0.010677 0.022222
0 0.622266 0.457639 0.010677 0.023611
0 0.644401 0.463889 0.010156 0.025000
0 0.634115 0.430324 0.009896 0.023611
0 0.625911 0.405324 0.011198 0.025463
0 0.638542 0.374537 0.013021 0.015741
2 0.631380 0.363889 0.013281 0.017593
0 0.618359 0.343287 0.012760 0.018056
0 0.642318 0.321296 0.014323 0.016667
0 0.663672 0.332176 0.014323 0.013426
0 0.657161 0.298148 0.005990 0.025000
0 0.669922 0.296296 0.014844 0.011111
0 0.688151 0.287731 0.012760 0.010648
0 0.680859 0.323380 0.012760 0.013426
2 0.696875 0.312963 0.013021 0.013889
0 0.729427 0.299306 0.013542 0.013426
0 0.745052 0.291204 0.013542 0.014815
0 0.817708 0.232870 0.013021 0.016667
0 0.815104 0.203704 0.011979 0.012037
0 0.992188 0.070602 0.014583 0.014352
2 0.960677 0.257639 0.007292 0.027315
0 0.967448 0.270602 0.006250 0.026389
0 0.976432 0.272685 0.010677 0.025000
0 0.980599 0.331250 0.006510 0.024537
0 0.950651 0.445833 0.005990 0.024074
0 0.956901 0.473148 0.008073 0.014815
0 0.974609 0.492361 0.010677 0.023611
0 0.932813 0.912500 0.013542 0.012037
0 0.948177 0.916204 0.012500 0.015741
0 0.944271 0.979630 0.015104 0.013889
0 0.963542 0.987731 0.006771 0.010648
2 0.939323 0.931481 0.016146 0.012963
0 0.852344 0.958102 0.010417 0.018056
0 0.839714 0.984722 0.013281 0.019444
0 0.722266 0.974074 0.008073 0.018519
0 0.667839 0.775000 0.013802 0.018519
0 0.670312 0.758796 0.013021 0.017593
0 0.654297 0.722454 0.011719 0.018056
0 0.644922 0.760648 0.014323 0.015741
2 0.646094 0.697454 0.009896 0.027315
0 0.612500 0.786806 0.010417 0.021759
0 0.595964 0.838657 0.007552 0.026389
0 0.593490 0.866667 0.006250 0.025000
0 0.596875 0.895602 0.006771 0.020833
0 0.580339 0.952083 0.010677 0.025463
0 0.612500 0.957407 0.009375 0.025000
0 0.591016 0.986111 0.009635 0.024074
2 0.477995 0.987269 0.008073 0.025463
0 0.470443 0.893519 0.008594 0.016667
0 0.451302 0.858565 0.011979 0.017130
0 0.413672 0.822917 0.011198 0.018056
0 0.379688 0.779630 0.013021 0.017593
0 0.347526 0.750926 0.013281 0.018519
0 0.301953 0.729630 0.015365 0.012963
0 0.262760 0.729167 0.015625 0.012963
0 0.220573 0.733333 0.014583 0.012963
0 0.156641 0.746991 0.014844 0.012500
0 0.150130 0.728704 0.016406 0.013889
0 0.116146 0.762037 0.015625 0.013889
0 0.077604 0.768981 0.014063 0.013889
0 0.010286 0.790741 0.015365 0.014815
0 0.076432 0.732176 0.014844 0.014352
0 0.106250 0.741435 0.015625 0.013426
0 0.075391 0.641204 0.014844 0.011111
0 0.004687 0.629398 0.008854 0.011574
0 0.485286 0.976620 0.008073 0.025463
0 0.507812 0.963194 0.006771 0.026389
0 0.515495 0.949769 0.005990 0.024537
0 0.523958 0.940741 0.005729 0.025926
0 0.534115 0.960648 0.006250 0.028704
0 0.516667 0.984028 0.005208 0.019907
0 0.507812 0.991204 0.005729 0.017593
0 0.534115 0.993519 0.005208 0.012963
0 0.531901 0.911343 0.005990 0.026389
0 0.506380 0.930556 0.004948 0.019444
2 0.524479 0.982870 0.005729 0.028704
0 0.513411 0.889583 0.005990 0.024537
2 0.514714 0.920370 0.005990 0.028704
2 0.522396 0.891898 0.007812 0.056944
0 0.505078 0.900231 0.005990 0.026389
0 0.503125 0.861111 0.007292 0.025926
0 0.511979 0.852315 0.006250 0.025000
0 0.519922 0.837731 0.005990 0.025463
0 0.529167 0.839120 0.006250 0.025463
0 0.527604 0.807176 0.006771 0.025463
0 0.509375 0.807176 0.006250 0.026389
0 0.500911 0.795370 0.006510 0.024074
0 0.502344 0.828241 0.006771 0.025926
0 0.524609 0.766435 0.006510 0.024537
0 0.516667 0.785417 0.006250 0.025463
0 0.506771 0.764583 0.006771 0.028241
0 0.514453 0.745602 0.005990 0.025463
0 0.523307 0.734954 0.007031 0.024537
0 0.505208 0.727315 0.006771 0.027778
0 0.521094 0.699306 0.005729 0.025463
2 0.512370 0.711111 0.006510 0.027778
0 0.511979 0.619213 0.014063 0.011574
0 0.515885 0.602778 0.015104 0.013889
0 0.529036 0.563194 0.012240 0.011574
0 0.465104 0.537731 0.014063 0.010648
0 0.450260 0.472454 0.007292 0.025463
0 0.439453 0.457870 0.007031 0.025000
0 0.445833 0.431944 0.007292 0.025926
0 0.452344 0.409722 0.007292 0.025926
0 0.442448 0.391898 0.007292 0.027315
0 0.446745 0.342361 0.005469 0.017130
0 0.433594 0.389120 0.005729 0.019907
0 0.433203 0.283102 0.006510 0.023611
0 0.406120 0.078935 0.007031 0.021759
0 0.416536 0.170602 0.007552 0.027315
0 0.411458 0.119444 0.006250 0.020370
0 0.419661 0.031481 0.007552 0.024074
0 0.474479 0.608565 0.014063 0.011574
0 0.451042 0.630324 0.010417 0.012500
0 0.429948 0.654861 0.012500 0.012500
0 0.404297 0.608565 0.013281 0.012500
0 0.390755 0.599306 0.014323 0.013426
0 0.423828 0.618750 0.013281 0.011574
0 0.452214 0.569213 0.014844 0.011574
0 0.354687 0.555324 0.012500 0.012500
0 0.396745 0.564120 0.014323 0.013426
0 0.381901 0.615741 0.014323 0.012037
0 0.411068 0.592824 0.014323 0.012500
0 0.404948 0.642824 0.013021 0.013426
0 0.398177 0.662269 0.014583 0.014352
0 0.349349 0.656713 0.014844 0.013426
0 0.360026 0.621991 0.012760 0.012500
0 0.365885 0.637037 0.010417 0.012037
0 0.341016 0.627083 0.013802 0.011574
0 0.347526 0.675000 0.013281 0.012963
0 0.308984 0.669907 0.013281 0.012037
0 0.330599 0.645833 0.014323 0.012963
0 0.319401 0.633333 0.014323 0.013889
0 0.317318 0.578009 0.014323 0.011574
2 0.347917 0.610417 0.016146 0.012500
0 0.369531 0.604861 0.010937 0.010648
0 0.308594 0.603241 0.013021 0.012963
0 0.285417 0.626157 0.013542 0.013426
2 0.305859 0.620833 0.015885 0.012963
0 0.271615 0.679861 0.014583 0.013426
0 0.280469 0.696759 0.013542 0.012963
0 0.268750 0.631713 0.010417 0.010648
0 0.260937 0.648148 0.015104 0.013889
0 0.237500 0.672222 0.013542 0.012963
0 0.241536 0.653704 0.014844 0.012963
0 0.239193 0.638657 0.013802 0.013426
0 0.226693 0.623148 0.013802 0.013889
0 0.211198 0.694444 0.015104 0.012963
0 0.216016 0.710185 0.013802 0.012963
0 0.200521 0.665046 0.014583 0.012500
0 0.156771 0.676852 0.014583 0.012037
0 0.141406 0.715741 0.015625 0.012963
2 0.292057 0.640278 0.028906 0.020370
0 0.547917 0.581481 0.014063 0.012037
0 0.557552 0.537963 0.014063 0.012037
0 0.564583 0.580093 0.010937 0.008333
0 0.586719 0.577315 0.014063 0.011111
0 0.608203 0.574769 0.013281 0.011574
0 0.585026 0.628241 0.014323 0.011111
0 0.628255 0.574537 0.013802 0.011111
2 0.647656 0.573380 0.015104 0.011574
2 0.665885 0.573148 0.015104 0.011111
0 0.648177 0.622917 0.014583 0.010648
2 0.684896 0.570602 0.014063 0.011574
0 0.658464 0.554167 0.013802 0.010185
0 0.725651 0.566898 0.014844 0.011574
0 0.706120 0.569213 0.012760 0.010648
0 0.719010 0.601157 0.013021 0.009722
0 0.746094 0.565509 0.013021 0.010648
0 0.774349 0.597454 0.013802 0.010648
0 0.770573 0.565046 0.014063 0.011574
0 0.771745 0.614120 0.011719 0.009722
2 0.812240 0.545602 0.017188 0.010648
0 0.854557 0.557407 0.013281 0.010185
0 0.846094 0.525694 0.014583 0.009722
0 0.821094 0.610417 0.011979 0.010648
0 0.810156 0.561111 0.014583 0.011111
2 0.875521 0.537963 0.015625 0.010185
0 0.898698 0.521528 0.014583 0.011574
0 0.916667 0.553704 0.015104 0.011111
2 0.950130 0.519444 0.021094 0.012037
0 0.953125 0.550694 0.013021 0.010648
0 0.936589 0.551852 0.014323 0.010185
0 0.994141 0.582176 0.011719 0.011574
1 0.982031 0.549306 0.035417 0.015278
2 0.947786 0.570602 0.024219 0.014352
0 0.663151 0.590972 0.014323 0.010648
2 0.456771 0.458565 0.010417 0.044907
0 0.449740 0.377083 0.006250 0.022685
0 0.786589 0.484028 0.019531 0.012500
0 0.786979 0.468750 0.015625 0.009722
0 0.786589 0.450000 0.014323 0.012037
2 0.786719 0.425231 0.015104 0.012500
2 0.787109 0.402315 0.014844 0.010185
0 0.787370 0.389583 0.013281 0.010648
0 0.846484 0.157870 0.012240 0.013889
1 0.023177 0.767130 0.036458 0.025926
0 0.190755 0.742361 0.014844 0.012500
0 0.299740 0.656019 0.015104 0.013889
0 0.324870 0.616667 0.014323 0.012037
0 0.483984 0.642593 0.014323 0.012963
2 0.520052 0.635648 0.015104 0.012037
0 0.555339 0.597917 0.012760 0.011574
0 0.555990 0.612037 0.010937 0.010185
0 0.612240 0.593981 0.014063 0.011111
0 0.601432 0.610880 0.013281 0.010648
2 0.642057 0.607407 0.015365 0.011111
0 0.698958 0.586574 0.013542 0.010185
0 0.697005 0.617361 0.012240 0.011574
2 0.727865 0.550231 0.009896 0.009722
1 0.743229 0.533565 0.022396 0.012500
2 0.749089 0.584028 0.014844 0.010648
0 0.791536 0.562269 0.014844 0.009722
0 0.791667 0.531250 0.014583 0.011574
2 0.837500 0.559259 0.016667 0.010185
0 0.881380 0.556713 0.012240 0.009722
0 0.886589 0.588657 0.013281 0.009722
0 0.888542 0.603241 0.014063 0.011111
2 0.966927 0.598148 0.016146 0.010185
0 0.996094 0.515741 0.007812 0.010185
0 0.992969 0.450694 0.011458 0.011574
1 0.401953 0.025694 0.012760 0.050463
0 0.435156 0.416667 0.007292 0.025926
0 0.012500 0.326389 0.013021 0.011111
2 0.274349 0.409259 0.015885 0.025926
0 0.254036 0.370602 0.013281 0.019907
0 0.212109 0.130093 0.009115 0.025926
0 0.478776 0.934259 0.012240 0.022222
0 0.530078 0.875463 0.006510 0.026852
0 0.619792 0.985185 0.009375 0.021296
0 0.852083 0.401389 0.006250 0.018519
