0 0.003646 0.979398 0.006771 0.014352
0 0.002344 0.968750 0.004167 0.012500
0 0.009635 0.961343 0.010417 0.025463
0 0.027604 0.986806 0.006771 0.011574
0 0.020443 0.951852 0.009115 0.012963
0 0.024479 0.962731 0.008333 0.010648
0 0.026953 0.973843 0.008073 0.011574
0 0.027083 0.882407 0.014583 0.016667
0 0.038281 0.791204 0.008854 0.023148
0 0.061979 0.841435 0.013542 0.016204
0 0.079687 0.848611 0.014583 0.015741
0 0.080469 0.884028 0.015104 0.016204
0 0.207292 0.937963 0.010417 0.016667
0 0.146484 0.803935 0.014844 0.014352
0 0.130859 0.735417 0.007031 0.025463
0 0.125781 0.697454 0.007812 0.024537
0 0.120443 0.657176 0.007552 0.022685
0 0.149089 0.753704 0.011719 0.015741
0 0.119531 0.625000 0.008854 0.024074
0 0.163802 0.786343 0.014583 0.014352
0 0.197135 0.720370 0.013542 0.016667
0 0.177083 0.733565 0.014583 0.016204
0 0.161979 0.742361 0.013021 0.015278
0 0.213932 0.707870 0.014844 0.015741
0 0.212109 0.759491 0.014323 0.014352
0 0.227734 0.749306 0.013281 0.014352
0 0.234115 0.694444 0.014583 0.018519
0 0.263932 0.728935 0.010677 0.011574
0 0.280208 0.726389 0.014063 0.011111
0 0.295703 0.734028 0.013802 0.016204
0 0.322135 0.768287 0.011458 0.021759
0 0.353516 0.848611 0.010677 0.023148
0 0.331771 0.871065 0.010417 0.021759
0 0.333073 0.827546 0.010417 0.024537
0 0.427865 0.830556 0.006250 0.023148
2 0.367969 0.836574 0.015625 0.020370
0 0.141536 0.409259 0.007031 0.024074
0 0.304818 0.454630 0.013281 0.022222
0 0.323047 0.412269 0.012760 0.022685
0 0.344531 0.373843 0.011979 0.022685
0 0.369922 0.306713 0.010156 0.022685
0 0.380599 0.260417 0.008594 0.026389
0 0.391146 0.206481 0.007292 0.025926
0 0.396354 0.086806 0.006250 0.027315
0 0.432812 0.015972 0.006771 0.025463
0 0.473828 0.083333 0.005990 0.025926
0 0.433594 0.059954 0.006250 0.025463
0 0.426693 0.162500 0.005990 0.025926
0 0.435937 0.133333 0.005729 0.026852
0 0.445443 0.184259 0.004427 0.019444
0 0.472396 0.153009 0.005729 0.022685
0 0.436849 0.168750 0.006510 0.026389
0 0.391927 0.151389 0.006250 0.026852
0 0.415755 0.066204 0.006510 0.025000
0 0.444792 0.143981 0.006250 0.025000
0 0.409766 0.233102 0.006510 0.026389
2 0.437760 0.224074 0.008854 0.050000
2 0.447396 0.249769 0.006250 0.028241
0 0.543880 0.245370 0.012240 0.017593
0 0.610286 0.165972 0.010156 0.024537
2 0.585938 0.193287 0.008854 0.023611
2 0.580339 0.205324 0.011719 0.021759
0 0.617188 0.159491 0.009375 0.025463
0 0.648438 0.146528 0.011458 0.022685
0 0.629427 0.175231 0.013542 0.018056
0 0.624609 0.156250 0.009115 0.021759
0 0.654818 0.048380 0.005990 0.026389
0 0.751953 0.133565 0.015365 0.013426
0 0.721484 0.072222 0.014323 0.012037
0 0.773958 0.126852 0.013542 0.013889
2 0.757943 0.157407 0.016406 0.012963
2 0.719531 0.090278 0.017708 0.012037
2 0.891406 0.096991 0.010937 0.011574
0 0.944271 0.295370 0.013021 0.010185
0 0.927604 0.360185 0.007292 0.025000
2 0.942969 0.337963 0.011458 0.025926
0 0.933594 0.330093 0.010417 0.028704
0 0.731641 0.140046 0.013802 0.011574
0 0.613542 0.530324 0.012500 0.010648
0 0.901953 0.556944 0.013281 0.011111
2 0.957812 0.480093 0.014583 0.012963
0 0.937240 0.593981 0.009375 0.024074
0 0.943099 0.677083 0.008073 0.023611
2 0.938021 0.647454 0.008854 0.027315
0 0.842318 0.709259 0.005469 0.021296
0 0.849609 0.706944 0.005990 0.023148
0 0.857292 0.705093 0.006771 0.025000
0 0.881250 0.759028 0.006771 0.025463
0 0.889193 0.758102 0.006510 0.021759
0 0.896484 0.754167 0.006510 0.024074
0 0.909896 0.805324 0.014583 0.013426
0 0.914844 0.849769 0.007292 0.025463
0 0.907943 0.856944 0.007552 0.024074
0 0.879427 0.865046 0.008854 0.024537
0 0.944271 0.890509 0.014063 0.013426
2 0.872266 0.864583 0.007552 0.018981
2 0.865104 0.865509 0.008854 0.020833
2 0.866667 0.891204 0.008333 0.025926
2 0.872786 0.889583 0.008594 0.021759
0 0.844401 0.974769 0.011719 0.013426
0 0.807031 0.706481 0.007812 0.021296
0 0.739844 0.703241 0.011458 0.012037
0 0.726172 0.712963 0.012760 0.014815
0 0.698047 0.659954 0.012760 0.013426
0 0.671615 0.668981 0.011458 0.014815
0 0.707943 0.727546 0.011719 0.012500
0 0.726172 0.783796 0.005469 0.022222
0 0.651953 0.643750 0.006510 0.026389
2 0.611719 0.621991 0.010417 0.025463
2 0.568490 0.614583 0.020313 0.013426
2 0.590625 0.647454 0.006771 0.027315
0 0.610156 0.731481 0.014063 0.018519
0 0.669010 0.691667 0.013542 0.012037
0 0.601823 0.697685 0.009896 0.024074
2 0.592057 0.729167 0.013281 0.028704
0 0.578906 0.707870 0.007292 0.018519
0 0.587109 0.676620 0.008073 0.024537
0 0.569271 0.786111 0.009896 0.022222
0 0.579688 0.761574 0.010937 0.024074
0 0.555859 0.761574 0.012240 0.020370
0 0.566016 0.827315 0.009115 0.024074
0 0.503125 0.822685 0.013542 0.016667
0 0.569010 0.734954 0.010937 0.020833
0 0.547396 0.858796 0.008854 0.023148
0 0.560026 0.801852 0.005990 0.028704
0 0.575651 0.872222 0.008073 0.025000
0 0.586719 0.899074 0.013021 0.011111
0 0.586849 0.921759 0.005990 0.026852
0 0.579297 0.949074 0.006510 0.024074
0 0.827995 0.480324 0.013281 0.012500
0 0.746094 0.488889 0.010417 0.008333
0 0.871615 0.526620 0.015104 0.011574
2 0.901823 0.471991 0.015625 0.012500
0 0.869271 0.546296 0.014063 0.016667
0 0.780990 0.486343 0.015625 0.011574
0 0.714974 0.490046 0.014323 0.011574
0 0.736589 0.507870 0.015365 0.011111
0 0.646224 0.499074 0.012240 0.010185
1 0.685156 0.496991 0.032813 0.017130
0 0.581641 0.514352 0.012760 0.010185
0 0.613672 0.477546 0.009635 0.015278
0 0.562240 0.500926 0.010937 0.009259
0 0.586458 0.529398 0.009896 0.008796
0 0.546224 0.501157 0.014323 0.009722
0 0.566406 0.530787 0.012500 0.009722
0 0.560026 0.515972 0.013802 0.009722
0 0.523438 0.503472 0.014063 0.010648
0 0.513932 0.521296 0.013802 0.011111
0 0.537370 0.517361 0.014323 0.011574
0 0.548828 0.532407 0.014844 0.012037
2 0.520964 0.534722 0.024740 0.014815
0 0.355990 0.602546 0.014063 0.011574
0 0.360417 0.619213 0.015104 0.010648
0 0.329818 0.573843 0.013281 0.009722
0 0.346094 0.587963 0.014583 0.011111
0 0.342839 0.618519 0.014844 0.010185
0 0.333203 0.602778 0.013802 0.011111
0 0.367188 0.588657 0.016146 0.010648
0 0.319792 0.618750 0.014063 0.011574
0 0.304167 0.601852 0.014063 0.010185
0 0.321875 0.587731 0.015625 0.010648
0 0.296484 0.587037 0.014323 0.011111
0 0.275130 0.584722 0.014323 0.011111
0 0.292839 0.570370 0.014323 0.011111
0 0.270703 0.569444 0.014323 0.011111
0 0.302214 0.617130 0.014323 0.011111
2 0.375521 0.603472 0.015625 0.010648
0 0.310807 0.571759 0.014323 0.011111
0 0.253906 0.568750 0.009375 0.008796
2 0.273828 0.600000 0.033594 0.014815
0 0.261719 0.614815 0.014583 0.011111
0 0.281641 0.615278 0.014844 0.011111
0 0.284896 0.484259 0.013021 0.019444
0 0.261198 0.527778 0.009375 0.013889
0 0.235156 0.508565 0.013542 0.011574
0 0.246224 0.597685 0.013802 0.010185
0 0.192188 0.589815 0.014063 0.012037
0 0.205729 0.529861 0.014063 0.010648
0 0.237240 0.528704 0.014583 0.013889
2 0.258464 0.583565 0.016406 0.010648
0 0.241927 0.581944 0.013021 0.012037
0 0.234896 0.565741 0.015625 0.010185
0 0.222526 0.580324 0.011198 0.009722
0 0.194922 0.605093 0.014844 0.011111
0 0.217578 0.564352 0.013281 0.011111
0 0.198568 0.562269 0.013802 0.010648
0 0.212370 0.609259 0.012760 0.011111
0 0.172526 0.510417 0.013802 0.012500
0 0.151823 0.488657 0.014583 0.013426
0 0.128646 0.517361 0.013542 0.012500
0 0.234375 0.613657 0.016667 0.010648
0 0.148828 0.502778 0.012760 0.011111
0 0.110937 0.500231 0.013542 0.011574
0 0.080859 0.504630 0.013281 0.013889
0 0.085026 0.474769 0.013281 0.011574
2 0.007552 0.460880 0.014063 0.011574
0 0.008333 0.519213 0.015104 0.012500
0 0.032292 0.493519 0.014063 0.012963
0 0.049740 0.557407 0.015104 0.012037
0 0.029427 0.524074 0.015625 0.011111
0 0.037370 0.569213 0.015365 0.011574
0 0.044401 0.480093 0.013802 0.012037
0 0.060417 0.531713 0.014063 0.012500
0 0.069922 0.564815 0.014323 0.012963
0 0.078906 0.549537 0.016146 0.012963
0 0.078516 0.535417 0.013281 0.010648
0 0.097786 0.539815 0.015885 0.012963
0 0.087891 0.567130 0.011198 0.010185
0 0.058724 0.546065 0.015885 0.012500
2 0.118620 0.559954 0.017969 0.013426
0 0.098568 0.554398 0.014323 0.012500
0 0.111458 0.482176 0.015104 0.012500
0 0.138151 0.550000 0.014323 0.012963
0 0.107943 0.572222 0.014323 0.012037
0 0.116797 0.543981 0.015365 0.014815
0 0.131250 0.578009 0.014583 0.010648
0 0.105078 0.586343 0.015365 0.012500
2 0.201172 0.576852 0.016927 0.012037
2 0.160807 0.568056 0.015885 0.012963
0 0.163672 0.524074 0.014323 0.012037
0 0.179948 0.556944 0.015104 0.012963
0 0.181510 0.573380 0.013542 0.009722
0 0.169661 0.601852 0.015885 0.013889
0 0.148828 0.581019 0.013281 0.011111
0 0.171354 0.586111 0.014063 0.011111
2 0.222786 0.594676 0.015885 0.010648
2 0.197526 0.513426 0.015365 0.012037
0 0.179557 0.782639 0.012240 0.015278
0 0.111849 0.616435 0.006510 0.024537
0 0.072005 0.579167 0.014323 0.012037
0 0.087891 0.721759 0.009115 0.022222
0 0.092839 0.747222 0.007552 0.023148
0 0.061589 0.625463 0.013802 0.010185
0 0.052474 0.615509 0.011198 0.011574
0 0.431771 0.987269 0.006250 0.024537
0 0.454557 0.860185 0.006510 0.025926
0 0.432422 0.954167 0.006510 0.024074
0 0.412240 0.993519 0.005729 0.012963
0 0.423568 0.904398 0.005990 0.024537
0 0.405469 0.925694 0.006250 0.024537
2 0.451432 0.917824 0.006510 0.027315
2 0.435026 0.883333 0.006510 0.028704
0 0.420182 0.807639 0.006510 0.023611
0 0.425000 0.694907 0.006250 0.025926
0 0.430469 0.761343 0.005208 0.018981
0 0.441276 0.708102 0.004948 0.018981
0 0.414062 0.691435 0.006771 0.023611
0 0.443229 0.678472 0.006771 0.025463
1 0.460417 0.716435 0.007812 0.039352
0 0.435026 0.661343 0.006510 0.025463
0 0.436068 0.584954 0.005990 0.026389
0 0.426042 0.584954 0.005729 0.023611
0 0.425521 0.501157 0.006250 0.025463
0 0.414844 0.463426 0.006250 0.024074
0 0.434115 0.453009 0.005208 0.023611
0 0.443880 0.425231 0.005990 0.022685
0 0.424870 0.418056 0.006510 0.025000
0 0.442188 0.385417 0.006250 0.024537
0 0.441016 0.345370 0.005469 0.023148
0 0.450781 0.402083 0.006250 0.025463
0 0.449609 0.364815 0.005990 0.019444
0 0.446615 0.213889 0.006250 0.023148
0 0.440104 0.311574 0.006250 0.023148
0 0.422917 0.333333 0.006771 0.025926
0 0.412370 0.333333 0.006510 0.025926
0 0.438672 0.273380 0.005990 0.025463
0 0.420703 0.242361 0.005990 0.025463
2 0.448958 0.326157 0.005729 0.028241
0 0.084635 0.920370 0.005729 0.011111
0 0.131120 0.764583 0.011198 0.021759
0 0.323177 0.865972 0.011979 0.024537
2 0.014844 0.537269 0.029167 0.017130
0 0.087760 0.581250 0.011458 0.009722
0 0.139844 0.564583 0.015104 0.010648
0 0.128906 0.595139 0.013542 0.012500
2 0.147526 0.596528 0.014844 0.013426
0 0.160938 0.553241 0.015104 0.012963
0 0.380599 0.620139 0.014844 0.010648
2 0.436458 0.852778 0.006771 0.025926
0 0.421094 0.973843 0.005729 0.024537
0 0.458724 0.775000 0.005990 0.025926
0 0.439844 0.785185 0.005729 0.023148
0 0.441016 0.747222 0.007031 0.025000
0 0.451953 0.439120 0.006510 0.025463
0 0.657422 0.018519 0.009635 0.028704
2 0.713802 0.144676 0.014583 0.011574
2 0.857031 0.223148 0.016146 0.012963
0 0.907813 0.094213 0.015625 0.014352
0 0.927734 0.093287 0.013802 0.012500
0 0.617057 0.380787 0.009115 0.020833
0 0.810156 0.498148 0.014063 0.012037
0 0.601693 0.497917 0.014323 0.010648
2 0.638151 0.641435 0.007552 0.026389
0 0.643490 0.705324 0.008854 0.024537
2 0.553646 0.847917 0.008854 0.024537
0 0.567578 0.907176 0.006510 0.023611
2 0.574479 0.965509 0.007292 0.023611
0 0.536068 0.790509 0.013281 0.018981
0 0.522266 0.806019 0.011198 0.014815
0 0.931380 0.613194 0.009115 0.025463
0 0.006250 0.343287 0.011979 0.014352
0 0.014714 0.307407 0.005990 0.022222
2 0.007422 0.304167 0.008073 0.024074
0 0.081901 0.897454 0.008073 0.012500
0 0.091406 0.941898 0.007812 0.011574
0 0.094141 0.954630 0.010156 0.012963
2 0.403125 0.986806 0.005729 0.023611
0 0.450781 0.978009 0.006250 0.024537
2 0.433594 0.918287 0.005729 0.025463
0 0.408594 0.838889 0.006771 0.021296
0 0.411328 0.876389 0.006510 0.019444
0 0.438021 0.818287 0.006250 0.024537
0 0.411328 0.782176 0.007031 0.027315
2 0.448177 0.773380 0.005729 0.027315
0 0.497135 0.858565 0.014583 0.017130
0 0.517057 0.844907 0.013802 0.016667
0 0.531120 0.834259 0.013802 0.016667
0 0.588672 0.953704 0.005990 0.022222
0 0.570573 0.937037 0.006250 0.023148
2 0.883854 0.552546 0.015104 0.011574
0 0.886198 0.504630 0.014063 0.010185
0 0.656380 0.085417 0.006510 0.026389
2 0.568099 0.218981 0.014844 0.025000
0 0.592318 0.187731 0.009115 0.023611
0 0.746484 0.188194 0.012240 0.020833
0 0.723568 0.202546 0.004948 0.025463
0 0.742448 0.205556 0.011458 0.018519
1 0.404297 0.031019 0.011198 0.060185
0 0.448047 0.284491 0.005469 0.024537
0 0.461458 0.378241 0.006771 0.025926
2 0.462370 0.483333 0.005990 0.018519
0 0.415234 0.583102 0.006510 0.025463
0 0.276042 0.525694 0.011458 0.018056
2 0.808854 0.846759 0.007292 0.027778
