0 0.003125 0.939352 0.005729 0.026852
0 0.018490 0.965972 0.006771 0.011574
0 0.012240 0.929861 0.009375 0.010648
0 0.015365 0.941898 0.008333 0.008796
0 0.017057 0.952546 0.008073 0.011574
0 0.018880 0.861806 0.014323 0.015278
0 0.031250 0.770602 0.008854 0.022685
0 0.106641 0.787963 0.013802 0.016667
0 0.072526 0.829398 0.014844 0.014352
0 0.073698 0.864352 0.015104 0.014815
0 0.200260 0.924537 0.009375 0.015741
0 0.140495 0.787269 0.014844 0.014352
0 0.125260 0.718287 0.006771 0.026389
0 0.120443 0.679861 0.007031 0.024537
0 0.114974 0.638657 0.007031 0.021759
0 0.143359 0.735648 0.011719 0.015741
0 0.115234 0.606713 0.008594 0.025463
0 0.158203 0.769444 0.014323 0.012963
0 0.192578 0.705093 0.014323 0.015741
0 0.171615 0.716898 0.014063 0.016204
0 0.156510 0.725694 0.013021 0.015278
0 0.209115 0.693981 0.014063 0.016667
0 0.206380 0.745602 0.014323 0.014352
0 0.222526 0.735648 0.014323 0.015741
0 0.229948 0.679167 0.014063 0.016667
0 0.259245 0.715741 0.011198 0.012037
0 0.275651 0.713889 0.014844 0.013889
0 0.291016 0.722222 0.013802 0.015741
0 0.317318 0.757176 0.011198 0.021759
0 0.347917 0.839120 0.010937 0.021759
0 0.326302 0.860648 0.010417 0.022222
0 0.328125 0.818519 0.010417 0.026852
0 0.408594 0.747222 0.007292 0.025926
2 0.363021 0.828241 0.016146 0.021296
0 0.139453 0.390741 0.005990 0.023148
0 0.328255 0.392361 0.010677 0.022685
0 0.346875 0.352083 0.010937 0.024537
0 0.365495 0.317593 0.008594 0.020370
0 0.386979 0.225463 0.007292 0.025926
0 0.394010 0.178472 0.006771 0.024537
0 0.397656 0.126620 0.005729 0.025463
0 0.444531 0.029861 0.007292 0.024537
0 0.438021 0.047685 0.005729 0.025926
0 0.420443 0.136806 0.005990 0.026389
0 0.439583 0.122454 0.006250 0.026389
0 0.448437 0.152546 0.005729 0.024537
0 0.440234 0.170602 0.005990 0.026389
0 0.398568 0.083796 0.006510 0.025926
2 0.440495 0.251852 0.008594 0.050000
2 0.451172 0.378704 0.005990 0.028704
0 0.547005 0.240741 0.012760 0.017593
0 0.614974 0.163194 0.010156 0.024537
2 0.589974 0.189583 0.010677 0.024537
2 0.585286 0.202546 0.011719 0.021759
0 0.621875 0.156250 0.009375 0.025463
0 0.654036 0.144444 0.010677 0.023148
0 0.633984 0.171991 0.014844 0.018056
0 0.629818 0.154398 0.009115 0.021759
0 0.661589 0.044676 0.004948 0.025463
0 0.758203 0.135417 0.015365 0.013426
0 0.728255 0.072685 0.014323 0.012037
0 0.780599 0.129398 0.013281 0.012500
2 0.764062 0.159028 0.015625 0.011574
2 0.726302 0.090741 0.018229 0.013889
2 0.899349 0.104167 0.011719 0.010185
0 0.949219 0.305556 0.012500 0.011111
0 0.932422 0.370833 0.007552 0.025926
2 0.947917 0.348611 0.011979 0.027778
0 0.938542 0.340046 0.011458 0.028241
0 0.737109 0.141898 0.013802 0.011574
0 0.604167 0.528935 0.012500 0.010648
0 0.987891 0.548148 0.015885 0.012037
2 0.697005 0.511574 0.013802 0.010185
0 0.942839 0.690509 0.008073 0.024537
2 0.938151 0.659491 0.008594 0.026389
0 0.841536 0.721759 0.004948 0.015741
0 0.849349 0.716667 0.005990 0.023148
0 0.856771 0.715046 0.006771 0.026389
0 0.880208 0.769213 0.006771 0.025463
0 0.887630 0.768750 0.006510 0.021759
0 0.895443 0.766667 0.006510 0.024074
0 0.907813 0.817824 0.014583 0.013426
0 0.912760 0.861806 0.007292 0.025463
0 0.904818 0.868981 0.007552 0.024074
0 0.875260 0.875694 0.008333 0.025463
0 0.940885 0.903704 0.013021 0.013889
2 0.868099 0.877546 0.007552 0.018981
2 0.860807 0.877315 0.008073 0.019444
2 0.862891 0.899537 0.008073 0.025926
2 0.868620 0.900000 0.008594 0.024074
0 0.840625 0.984259 0.011979 0.012963
0 0.805469 0.713889 0.007812 0.021296
0 0.738802 0.707870 0.011458 0.012037
0 0.724609 0.717593 0.013281 0.013889
0 0.696354 0.663657 0.013021 0.013426
0 0.670833 0.671759 0.012500 0.012963
0 0.705859 0.732176 0.011719 0.012500
0 0.723828 0.790278 0.005469 0.022222
0 0.650911 0.645139 0.006510 0.026389
2 0.610547 0.622454 0.010156 0.027315
2 0.567448 0.614120 0.020313 0.013426
2 0.588542 0.647454 0.006771 0.029167
0 0.607812 0.731944 0.014063 0.018519
0 0.667448 0.694676 0.014063 0.010648
0 0.599740 0.698148 0.009896 0.024074
2 0.589323 0.727315 0.015104 0.029630
0 0.576693 0.706250 0.008073 0.019907
0 0.585026 0.676157 0.008073 0.024537
0 0.565625 0.785648 0.011458 0.023148
0 0.577083 0.760185 0.010937 0.024074
0 0.552995 0.760185 0.012240 0.020370
0 0.561979 0.826852 0.009375 0.024074
0 0.498958 0.818750 0.014583 0.018056
0 0.565885 0.733565 0.010937 0.020833
0 0.542708 0.857407 0.008854 0.023148
0 0.556641 0.800000 0.005990 0.028704
0 0.581901 0.897917 0.013281 0.011574
0 0.581380 0.921296 0.006510 0.025926
0 0.561979 0.907176 0.006250 0.023611
2 0.742839 0.493519 0.015365 0.011111
0 0.646615 0.513426 0.013021 0.009259
0 0.672786 0.496991 0.014844 0.010648
1 0.607943 0.497454 0.032031 0.014352
0 0.581641 0.511574 0.012760 0.010185
0 0.562240 0.498611 0.010937 0.009259
0 0.586198 0.527546 0.009896 0.008796
0 0.546484 0.498843 0.014323 0.009722
0 0.566406 0.529861 0.012500 0.009722
0 0.560286 0.514352 0.014323 0.010185
0 0.523698 0.499769 0.014063 0.010648
0 0.513672 0.516204 0.013802 0.011111
0 0.537109 0.514583 0.014323 0.011574
0 0.548307 0.528704 0.014844 0.012037
2 0.520443 0.530556 0.024740 0.014815
0 0.353646 0.593287 0.014063 0.011574
0 0.357812 0.609491 0.015104 0.010648
0 0.327214 0.562269 0.013281 0.009722
0 0.344010 0.577778 0.014583 0.011111
0 0.340495 0.607870 0.014323 0.011111
0 0.330729 0.591667 0.014063 0.011111
0 0.364583 0.578472 0.016146 0.010648
0 0.316927 0.607176 0.014063 0.011574
0 0.300911 0.590278 0.013281 0.011111
0 0.319531 0.575694 0.015625 0.010648
0 0.293880 0.574306 0.014844 0.010648
0 0.273047 0.570833 0.014323 0.011111
0 0.289974 0.558102 0.014323 0.012500
0 0.267839 0.555093 0.014323 0.011111
0 0.299089 0.605556 0.014323 0.011111
2 0.372656 0.593750 0.015625 0.010648
0 0.308724 0.560185 0.014323 0.011111
0 0.250911 0.554398 0.010677 0.009722
2 0.270052 0.586806 0.032292 0.016204
0 0.258594 0.600694 0.014583 0.011574
0 0.279036 0.602778 0.014844 0.011111
0 0.310417 0.428241 0.011979 0.022222
0 0.228255 0.494907 0.014323 0.011111
0 0.243229 0.582870 0.014063 0.012037
0 0.189062 0.572685 0.014063 0.012037
2 0.255729 0.569444 0.016146 0.012037
0 0.238802 0.568056 0.013542 0.011111
0 0.232422 0.551852 0.015365 0.012963
0 0.219661 0.565046 0.011198 0.009722
0 0.191146 0.587963 0.014583 0.012963
0 0.214714 0.548380 0.013281 0.012500
0 0.195182 0.545602 0.013802 0.010648
0 0.209766 0.593981 0.012760 0.011111
0 0.132682 0.467593 0.014844 0.012037
0 0.125911 0.481713 0.013802 0.011574
0 0.230859 0.597917 0.015365 0.011574
0 0.173307 0.494213 0.015365 0.009722
0 0.009115 0.496991 0.015104 0.012500
0 0.047135 0.475926 0.014063 0.013889
0 0.034766 0.546991 0.014323 0.011574
0 0.026562 0.500463 0.013542 0.012963
0 0.011589 0.542593 0.015885 0.013889
0 0.020833 0.484259 0.014583 0.012963
0 0.055208 0.523843 0.015104 0.014352
0 0.065234 0.542824 0.015885 0.013426
0 0.074479 0.515278 0.013542 0.013889
0 0.055990 0.509491 0.014583 0.012500
0 0.074870 0.528935 0.016406 0.012500
0 0.094531 0.533565 0.014063 0.012500
0 0.045703 0.535880 0.013802 0.013426
2 0.114974 0.540741 0.017969 0.013889
0 0.094141 0.518981 0.015365 0.012037
0 0.134635 0.530787 0.014583 0.013426
0 0.104036 0.552083 0.014844 0.011574
0 0.113411 0.525463 0.015365 0.012963
0 0.127344 0.558796 0.014063 0.012037
0 0.101302 0.566204 0.015104 0.012037
2 0.197526 0.559954 0.016406 0.013426
2 0.157682 0.550463 0.015885 0.012963
0 0.177083 0.541204 0.015104 0.012963
0 0.178125 0.556481 0.013542 0.011111
0 0.166536 0.583796 0.015885 0.013889
0 0.145052 0.562731 0.013542 0.011574
0 0.167708 0.568519 0.014063 0.011111
2 0.219531 0.579167 0.015625 0.012963
2 0.038151 0.458565 0.015885 0.012500
0 0.173698 0.766435 0.012500 0.014352
0 0.106901 0.598380 0.006510 0.024537
0 0.067708 0.557639 0.014583 0.010648
0 0.082422 0.702315 0.009115 0.022222
0 0.087109 0.726389 0.007552 0.023148
0 0.049089 0.593750 0.011719 0.011574
0 0.056901 0.603472 0.012760 0.009722
0 0.425000 0.982176 0.006771 0.024537
0 0.410677 0.889352 0.007292 0.025000
0 0.405859 0.821528 0.007031 0.026389
2 0.429557 0.878935 0.007031 0.027315
0 0.468490 0.677546 0.006771 0.025463
0 0.430859 0.676620 0.006510 0.024537
0 0.426042 0.773380 0.006771 0.025463
0 0.438932 0.701620 0.006510 0.018981
0 0.440625 0.672454 0.006771 0.025463
1 0.458984 0.677083 0.008594 0.037500
0 0.424870 0.427546 0.004948 0.018981
0 0.447656 0.494213 0.007292 0.022685
0 0.442448 0.416435 0.006250 0.024537
0 0.431771 0.293981 0.005729 0.024074
0 0.452474 0.440972 0.006510 0.022685
0 0.450521 0.212731 0.005729 0.018981
0 0.424609 0.362269 0.006510 0.025463
2 0.462370 0.496065 0.009635 0.026389
0 0.076693 0.902083 0.005990 0.010648
0 0.125521 0.746528 0.010937 0.023611
0 0.317188 0.855324 0.010937 0.022685
2 0.018620 0.515741 0.036719 0.020370
0 0.083333 0.546065 0.011458 0.009722
0 0.136719 0.546065 0.014063 0.010648
0 0.124740 0.575694 0.013542 0.012500
2 0.143880 0.577315 0.014844 0.012963
0 0.157292 0.535185 0.015104 0.012963
0 0.377995 0.609954 0.014844 0.010648
2 0.431901 0.847685 0.007552 0.028704
0 0.416406 0.948843 0.006250 0.023611
0 0.435677 0.778472 0.006771 0.023611
0 0.437630 0.740972 0.006510 0.023611
0 0.664323 0.015046 0.009896 0.028241
2 0.720313 0.145139 0.015625 0.011574
2 0.862630 0.229167 0.016406 0.012037
0 0.915885 0.102546 0.015625 0.014352
0 0.936458 0.102083 0.013021 0.013426
0 0.618620 0.380324 0.009115 0.020833
2 0.637109 0.642824 0.007552 0.027315
0 0.641406 0.706713 0.008854 0.024537
2 0.548698 0.845602 0.008854 0.024537
2 0.568490 0.966898 0.006771 0.025463
0 0.532813 0.788657 0.013542 0.018981
0 0.518229 0.804861 0.013021 0.014352
0 0.932031 0.625463 0.009896 0.026852
0 0.005729 0.317130 0.010937 0.012037
0 0.013021 0.282407 0.006250 0.022222
2 0.005599 0.278704 0.008594 0.025000
0 0.074479 0.876620 0.009375 0.011574
0 0.083594 0.922685 0.008333 0.011111
0 0.086068 0.936111 0.010156 0.012963
2 0.428125 0.911806 0.007292 0.026389
0 0.435156 0.937731 0.006250 0.025463
0 0.433464 0.812963 0.007552 0.025926
0 0.423828 0.618981 0.005990 0.024074
2 0.449219 0.674769 0.007292 0.028241
0 0.492708 0.855787 0.014583 0.017130
0 0.512630 0.841667 0.013802 0.016667
0 0.526823 0.831944 0.014583 0.017593
0 0.583203 0.954630 0.005990 0.022222
0 0.565365 0.936574 0.006250 0.023148
2 0.940104 0.724537 0.008333 0.026852
0 0.662630 0.083102 0.005469 0.026389
2 0.572266 0.214352 0.016406 0.026852
0 0.596354 0.183333 0.008854 0.025000
0 0.752083 0.189815 0.012500 0.022222
0 0.728776 0.206019 0.003906 0.022222
0 0.747917 0.208796 0.010937 0.017593
0 0.003255 0.996528 0.005990 0.006944
0 0.397917 0.950231 0.006771 0.022685
2 0.451693 0.803704 0.008073 0.026852
0 0.454036 0.766435 0.008073 0.025463
0 0.456641 0.730787 0.007031 0.026389
0 0.004427 0.462269 0.008333 0.011574
0 0.083464 0.560417 0.012240 0.010648
0 0.273568 0.478009 0.012240 0.017130
0 0.755990 0.509491 0.015104 0.010648
0 0.580859 0.496991 0.014323 0.010648
0 0.405990 0.980787 0.006771 0.024537
0 0.425781 0.948843 0.006771 0.024537
0 0.092057 0.471065 0.013281 0.011574
0 0.648177 0.495139 0.009896 0.006944
0 0.622005 0.514120 0.013802 0.010648
0 0.002865 0.988889 0.005208 0.011111
2 0.413672 0.346528 0.006510 0.031019
2 0.425391 0.531481 0.006510 0.028704
0 0.485417 0.565278 0.013021 0.015741
0 0.463802 0.540972 0.009896 0.020833
0 0.440234 0.865046 0.005990 0.022685
0 0.571224 0.871296 0.008073 0.025000
0 0.965234 0.192824 0.007552 0.026389
0 0.695312 0.495833 0.012500 0.011111
0 0.024349 0.986343 0.010677 0.012500
0 0.936328 0.126157 0.011719 0.015278
0 0.923568 0.509028 0.011719 0.009722
0 0.952604 0.806250 0.006771 0.022685
0 0.547526 0.790972 0.007552 0.024537
0 0.415495 0.449074 0.005469 0.023148
0 0.450130 0.285185 0.005469 0.023148
0 0.600781 0.513889 0.014583 0.011111
0 0.629687 0.487037 0.014063 0.012963
0 0.490234 0.184028 0.008594 0.020833
0 0.977995 0.318981 0.008073 0.027778
0 0.446484 0.734259 0.007031 0.025926
2 0.465104 0.745602 0.007812 0.034722
0 0.432031 0.640741 0.006250 0.025926
0 0.150260 0.501852 0.013021 0.012037
0 0.528906 0.563657 0.014583 0.009722
0 0.835547 0.488194 0.012760 0.010648
2 0.396875 0.018981 0.009375 0.037037
2 0.442318 0.983333 0.007552 0.026852
0 0.454557 0.868750 0.007552 0.025463
0 0.469141 0.813657 0.007552 0.025463
0 0.417839 0.751620 0.005990 0.023611
0 0.479557 0.532407 0.008594 0.014815
0 0.567318 0.572685 0.013802 0.011111
1 0.415104 0.529861 0.007812 0.057870
0 0.728646 0.558796 0.015104 0.010185
0 0.951432 0.475231 0.017969 0.010648
0 0.995052 0.467361 0.009896 0.011574
0 0.995052 0.482639 0.009896 0.011574
0 0.099609 0.489815 0.010156 0.011111
2 0.805859 0.855093 0.008594 0.028704
