0 0.034245 0.954398 0.008594 0.011574
0 0.028906 0.931481 0.009896 0.012037
0 0.017448 0.941435 0.010937 0.023611
0 0.032422 0.943750 0.008073 0.011574
0 0.036068 0.862269 0.014323 0.015278
0 0.048307 0.771528 0.008594 0.021759
0 0.088932 0.829861 0.013802 0.015278
0 0.090365 0.865278 0.014583 0.015741
0 0.091927 0.877315 0.009375 0.011111
0 0.217708 0.923148 0.009375 0.015741
0 0.125391 0.786343 0.013802 0.015278
0 0.141797 0.718287 0.005469 0.024537
0 0.137240 0.679167 0.006771 0.024074
0 0.132161 0.638657 0.006510 0.022685
0 0.141927 0.746528 0.010937 0.022685
0 0.131771 0.606481 0.009375 0.026852
0 0.158333 0.787500 0.014063 0.014815
0 0.188411 0.717824 0.014323 0.015278
0 0.172786 0.725463 0.012240 0.014815
0 0.160286 0.736343 0.012240 0.015278
0 0.209115 0.704630 0.014063 0.014815
0 0.190495 0.765972 0.012240 0.013426
0 0.224609 0.743981 0.013281 0.014815
0 0.226042 0.693519 0.014063 0.016667
0 0.239714 0.734259 0.013802 0.014815
0 0.276042 0.714815 0.011458 0.011111
0 0.292969 0.713426 0.013542 0.012963
0 0.334635 0.756944 0.011979 0.021296
0 0.365625 0.837731 0.010937 0.021759
0 0.343229 0.861574 0.010937 0.023148
0 0.345443 0.817130 0.010677 0.024074
2 0.380859 0.826389 0.014844 0.020370
0 0.156120 0.390741 0.008073 0.024074
0 0.326693 0.425926 0.011719 0.021296
0 0.349089 0.383102 0.011198 0.022685
0 0.368880 0.349537 0.010156 0.021296
0 0.396354 0.257870 0.007812 0.025000
0 0.407292 0.206250 0.006771 0.024537
0 0.412240 0.149769 0.006250 0.025463
0 0.414714 0.103704 0.005990 0.025926
0 0.437109 0.132639 0.004948 0.023611
0 0.455859 0.139583 0.005990 0.027315
0 0.446224 0.153009 0.005990 0.026389
0 0.563932 0.237500 0.012760 0.017593
0 0.670312 0.140509 0.011458 0.021759
2 0.606380 0.186111 0.009635 0.025926
2 0.600911 0.198380 0.011719 0.021759
0 0.638281 0.152546 0.009375 0.025463
0 0.646354 0.149769 0.008854 0.021759
0 0.650521 0.167824 0.013542 0.018056
0 0.631510 0.159028 0.009896 0.024537
0 0.677734 0.041898 0.005469 0.026389
0 0.753776 0.137500 0.013802 0.012037
0 0.744661 0.068981 0.014323 0.012037
0 0.774740 0.131019 0.015625 0.012963
2 0.780208 0.154861 0.015625 0.012500
2 0.742578 0.087731 0.017448 0.015278
2 0.916016 0.099537 0.011719 0.010185
0 0.966667 0.300926 0.012500 0.011111
0 0.949349 0.366667 0.005990 0.024074
2 0.964453 0.342824 0.011719 0.027315
0 0.955208 0.335417 0.009896 0.029167
0 0.797266 0.124769 0.013802 0.011574
0 0.602995 0.554861 0.014323 0.011574
0 0.947786 0.505093 0.015885 0.011111
2 0.691276 0.509954 0.015365 0.009722
0 0.960286 0.685648 0.008073 0.023148
2 0.955339 0.654167 0.008073 0.024074
0 0.858854 0.716898 0.004687 0.014352
0 0.866797 0.712963 0.005990 0.020370
0 0.873958 0.709954 0.007812 0.026389
0 0.897135 0.765046 0.006771 0.025463
0 0.905599 0.764583 0.006510 0.021759
0 0.912630 0.760648 0.006510 0.022222
0 0.925391 0.812963 0.013802 0.012963
0 0.930339 0.857639 0.007031 0.025463
0 0.922656 0.864583 0.006250 0.023611
0 0.893099 0.869213 0.007552 0.023611
0 0.959115 0.898148 0.014063 0.015741
2 0.885807 0.873843 0.007552 0.018981
2 0.878516 0.871759 0.008073 0.019444
2 0.880078 0.894907 0.008073 0.025926
2 0.886328 0.893981 0.008594 0.024074
0 0.858333 0.979861 0.010937 0.011574
0 0.823307 0.710417 0.007552 0.022685
0 0.756510 0.703704 0.011458 0.012037
0 0.742578 0.713889 0.013281 0.013889
0 0.688151 0.667824 0.012240 0.013426
0 0.714583 0.659722 0.012500 0.012963
0 0.723307 0.727083 0.011719 0.012500
0 0.741797 0.785880 0.004948 0.021759
0 0.668620 0.641435 0.006510 0.026389
2 0.627995 0.619444 0.011198 0.025926
2 0.584375 0.610185 0.019792 0.012963
2 0.606250 0.643287 0.006771 0.029167
0 0.594271 0.757407 0.010937 0.024074
0 0.658984 0.703704 0.009115 0.025000
0 0.594401 0.703704 0.007031 0.018519
2 0.607552 0.725231 0.013542 0.028241
0 0.602604 0.672917 0.008333 0.023611
0 0.617057 0.694907 0.008073 0.023148
0 0.573568 0.797917 0.005469 0.028241
0 0.572005 0.774537 0.011198 0.019444
0 0.583724 0.731481 0.011198 0.021296
0 0.560286 0.855324 0.008073 0.022685
0 0.570182 0.757407 0.012240 0.020370
0 0.544922 0.829861 0.014323 0.018981
0 0.583724 0.782176 0.011198 0.022685
0 0.600130 0.895602 0.013281 0.011574
0 0.580599 0.904167 0.006510 0.025926
0 0.579818 0.823843 0.009115 0.024537
2 0.745182 0.491204 0.015365 0.011111
0 0.637630 0.510417 0.013281 0.010648
0 0.679818 0.494213 0.014844 0.010648
1 0.624609 0.494213 0.032031 0.014352
0 0.621484 0.525926 0.012760 0.010185
0 0.579167 0.495370 0.010937 0.009259
0 0.603646 0.524769 0.009896 0.008796
0 0.563672 0.495602 0.014323 0.009722
0 0.583333 0.525231 0.012500 0.009722
0 0.577214 0.510185 0.014323 0.010185
0 0.540885 0.496528 0.014063 0.010648
0 0.530599 0.513426 0.013802 0.011111
0 0.553776 0.510417 0.013802 0.010648
0 0.565755 0.526389 0.014844 0.012037
2 0.537630 0.527778 0.024740 0.014815
0 0.347917 0.591435 0.014063 0.011574
0 0.357292 0.606250 0.015104 0.010648
0 0.325521 0.558796 0.014063 0.010185
0 0.336068 0.574537 0.013802 0.011111
0 0.333724 0.606019 0.013802 0.011111
0 0.317708 0.588657 0.013021 0.010648
0 0.343880 0.561111 0.013281 0.009259
0 0.316146 0.604398 0.014063 0.011574
0 0.310677 0.573380 0.014063 0.010648
0 0.289583 0.570370 0.013021 0.011111
0 0.284505 0.554861 0.013802 0.010648
0 0.248438 0.550231 0.015104 0.012500
0 0.295573 0.601852 0.014583 0.011111
2 0.389844 0.592824 0.015625 0.010648
0 0.306771 0.557176 0.014583 0.011574
0 0.236198 0.563426 0.010937 0.010185
2 0.287891 0.586343 0.033594 0.015278
0 0.247266 0.598148 0.015365 0.012037
0 0.275391 0.600926 0.014844 0.011111
0 0.301172 0.464815 0.011719 0.018519
0 0.202995 0.483796 0.014323 0.012037
0 0.183333 0.568519 0.013542 0.012037
2 0.235547 0.578241 0.015365 0.012037
0 0.194401 0.556481 0.013281 0.010185
0 0.231510 0.547917 0.013542 0.012500
0 0.182682 0.584028 0.015365 0.013426
0 0.192969 0.540278 0.014063 0.012037
0 0.173437 0.534954 0.014583 0.011574
0 0.207161 0.588889 0.014323 0.012037
0 0.104557 0.456019 0.014323 0.012037
0 0.110807 0.473611 0.013802 0.011111
0 0.225911 0.593056 0.013281 0.010185
0 0.009115 0.492824 0.010937 0.011574
0 0.031641 0.466898 0.014323 0.012500
0 0.027865 0.543981 0.016146 0.012963
0 0.025130 0.496759 0.014323 0.012037
0 0.005990 0.508102 0.011458 0.011574
0 0.062240 0.535648 0.013542 0.011111
0 0.072526 0.509491 0.013281 0.011574
0 0.042839 0.501389 0.012760 0.012037
0 0.071094 0.524306 0.016146 0.013426
0 0.090755 0.528704 0.015885 0.013889
0 0.051302 0.547454 0.015104 0.011574
2 0.131510 0.539815 0.018229 0.013889
0 0.091146 0.515046 0.013542 0.009722
0 0.110937 0.533333 0.013542 0.012037
0 0.100000 0.546528 0.010937 0.010648
0 0.110547 0.519444 0.015365 0.012963
0 0.120052 0.551389 0.014063 0.012037
0 0.100000 0.560880 0.011979 0.010648
2 0.214844 0.559259 0.017188 0.012037
2 0.173568 0.550463 0.016406 0.013889
0 0.152865 0.545602 0.014583 0.010648
0 0.211719 0.545602 0.011979 0.010648
0 0.141146 0.575694 0.013542 0.012500
0 0.144010 0.558796 0.014063 0.012963
0 0.161979 0.562037 0.014063 0.011111
2 0.022656 0.451389 0.015104 0.012037
0 0.175000 0.769907 0.013021 0.013889
0 0.123698 0.597454 0.007292 0.024537
0 0.103776 0.728009 0.008594 0.023611
0 0.065104 0.593750 0.013021 0.013426
0 0.073438 0.604630 0.014063 0.011111
0 0.423698 0.984491 0.006771 0.024537
0 0.421484 0.896991 0.005990 0.026389
0 0.422005 0.825694 0.007031 0.026389
0 0.444792 0.741898 0.006771 0.025463
0 0.437760 0.707639 0.006771 0.023611
1 0.476953 0.674769 0.008594 0.037500
0 0.467839 0.373380 0.006510 0.023611
0 0.432422 0.537731 0.005990 0.023611
0 0.450260 0.419213 0.006250 0.024537
0 0.438411 0.275231 0.005990 0.025463
0 0.442578 0.457176 0.006510 0.026389
0 0.456771 0.207870 0.006250 0.025926
0 0.100911 0.910648 0.008073 0.011111
0 0.098698 0.703472 0.008854 0.022685
0 0.335026 0.855556 0.011719 0.023148
2 0.033333 0.514815 0.040625 0.020370
0 0.081641 0.543287 0.015885 0.012500
0 0.129688 0.523843 0.015625 0.012500
0 0.117839 0.565972 0.014323 0.013426
2 0.160547 0.578009 0.015365 0.013426
0 0.150521 0.529861 0.014063 0.013426
0 0.395443 0.608102 0.014844 0.010648
0 0.680469 0.011806 0.008333 0.022685
2 0.736849 0.141667 0.014844 0.011111
2 0.879297 0.225000 0.016406 0.012037
0 0.932031 0.097222 0.015625 0.012963
0 0.952604 0.096528 0.013542 0.013426
0 0.635156 0.375231 0.009375 0.019907
2 0.654167 0.638657 0.006250 0.028241
0 0.625260 0.728704 0.013542 0.019444
2 0.567187 0.844213 0.008854 0.024537
2 0.586979 0.964120 0.006771 0.025463
0 0.536068 0.800926 0.011719 0.013889
0 0.516406 0.816435 0.013542 0.017130
0 0.949479 0.619907 0.008854 0.025000
0 0.019661 0.317593 0.013281 0.013889
0 0.028646 0.282407 0.006250 0.022222
2 0.021484 0.277778 0.008594 0.025000
0 0.094271 0.902083 0.006771 0.011574
0 0.102214 0.923148 0.012240 0.012963
0 0.104427 0.935185 0.013542 0.015741
0 0.430599 0.841204 0.005990 0.023148
2 0.441146 0.626620 0.005729 0.027315
0 0.510026 0.853704 0.013802 0.016667
0 0.530469 0.839352 0.014583 0.017593
0 0.601172 0.951852 0.005990 0.022222
0 0.582812 0.933796 0.006250 0.023148
2 0.966667 0.769676 0.008854 0.025463
0 0.679167 0.079861 0.005729 0.025463
2 0.588672 0.211574 0.016406 0.026852
0 0.613281 0.180556 0.008854 0.025000
0 0.768620 0.184954 0.011719 0.018981
0 0.745833 0.199074 0.004687 0.022222
0 0.764062 0.203009 0.011458 0.017130
0 0.014063 0.993056 0.015625 0.012963
0 0.453646 0.777083 0.006250 0.022685
0 0.455078 0.739815 0.005990 0.025000
0 0.083724 0.558333 0.013281 0.012037
0 0.256901 0.493519 0.012760 0.012037
0 0.741406 0.507639 0.015104 0.010648
0 0.597656 0.493750 0.014063 0.010648
0 0.075911 0.462963 0.013281 0.012037
0 0.657292 0.489815 0.010937 0.009259
0 0.617318 0.510417 0.013802 0.010648
0 0.012370 0.982639 0.013281 0.016204
0 0.487630 0.551157 0.011719 0.018981
0 0.589453 0.868981 0.008073 0.025000
0 0.966016 0.137269 0.011198 0.021759
0 0.704167 0.493056 0.012500 0.010185
0 0.035677 0.967593 0.007812 0.011111
0 0.920443 0.114583 0.012240 0.009722
0 0.947005 0.488426 0.015365 0.012037
0 0.970443 0.841204 0.007552 0.023148
0 0.550260 0.785880 0.013021 0.018056
0 0.598828 0.509259 0.012760 0.010185
0 0.636328 0.476389 0.013802 0.016667
0 0.465755 0.198380 0.005469 0.025463
0 0.988802 0.220139 0.008854 0.027315
2 0.483203 0.722917 0.007552 0.033796
0 0.155469 0.491667 0.016146 0.010185
0 0.528385 0.556019 0.009896 0.012037
0 0.811328 0.486806 0.011719 0.010648
2 0.413151 0.042130 0.009115 0.050000
2 0.445573 0.910880 0.006771 0.027315
0 0.455729 0.892824 0.005729 0.026389
0 0.478255 0.803704 0.007031 0.025000
0 0.485026 0.511343 0.010156 0.022685
0 0.543750 0.575926 0.014583 0.010185
0 0.126302 0.491898 0.013021 0.011574
0 0.041927 0.986574 0.010937 0.012963
0 0.007943 0.960880 0.012760 0.015278
0 0.005859 0.950000 0.011198 0.013889
0 0.005859 0.937500 0.011198 0.013889
0 0.003776 0.925463 0.007031 0.013889
0 0.093750 0.889352 0.009375 0.011111
0 0.246354 0.678704 0.014063 0.016667
0 0.308464 0.721759 0.013802 0.016667
0 0.438411 0.865741 0.006510 0.025000
0 0.599349 0.919444 0.006510 0.028704
0 0.684896 0.690972 0.013542 0.011574
2 0.007552 0.271528 0.007812 0.026389
0 0.006510 0.320139 0.008333 0.019907
0 0.442578 0.980556 0.005990 0.025000
0 0.452344 0.978472 0.005729 0.025463
0 0.462760 0.974306 0.005729 0.023611
2 0.463151 0.923380 0.005469 0.027315
0 0.444010 0.947454 0.005729 0.026389
2 0.447396 0.877546 0.006771 0.027315
2 0.448958 0.845139 0.006771 0.027315
2 0.469271 0.801852 0.006250 0.026852
0 0.459505 0.818981 0.006510 0.023148
0 0.450911 0.811574 0.006510 0.025000
0 0.472005 0.764352 0.007031 0.025000
0 0.490755 0.750926 0.007552 0.025926
0 0.473828 0.728935 0.006510 0.025463
0 0.465234 0.716435 0.007031 0.026389
0 0.486328 0.675231 0.005990 0.024537
0 0.455859 0.700694 0.005469 0.018981
0 0.458073 0.670370 0.006771 0.025926
2 0.466536 0.673148 0.007031 0.027778
1 0.430208 0.612731 0.007812 0.057870
0 0.442839 0.519907 0.004948 0.018519
2 0.506641 0.545833 0.014323 0.018519
0 0.512109 0.571296 0.012760 0.012963
0 0.465495 0.491898 0.007552 0.025463
2 0.470443 0.450926 0.007552 0.025926
2 0.431120 0.439815 0.006510 0.027778
2 0.457813 0.295602 0.007812 0.049537
0 0.483073 0.234491 0.009896 0.009722
0 0.494141 0.095139 0.005990 0.021759
0 0.462760 0.055556 0.005729 0.025000
0 0.454427 0.045833 0.005729 0.025926
0 0.079297 0.480556 0.010156 0.011111
0 0.205208 0.572222 0.013542 0.012037
0 0.255990 0.566435 0.013542 0.011574
0 0.259505 0.582176 0.013802 0.011574
0 0.267969 0.553472 0.010417 0.009722
2 0.272266 0.568519 0.015365 0.012037
0 0.374609 0.607639 0.013802 0.009722
0 0.370312 0.591204 0.013542 0.011111
0 0.381771 0.576852 0.015625 0.010185
0 0.360807 0.575694 0.014323 0.010648
0 0.656250 0.509954 0.012500 0.009722
0 0.652474 0.561574 0.013802 0.011111
0 0.837370 0.546759 0.014844 0.010185
0 0.879297 0.511806 0.010677 0.009722
0 0.909766 0.479167 0.015365 0.011111
2 0.955078 0.471991 0.016406 0.010648
2 0.823958 0.852083 0.007292 0.030093
