0 0.044922 0.975694 0.014323 0.015278
0 0.036719 0.941435 0.012500 0.012500
0 0.066536 0.946991 0.009115 0.011574
0 0.039714 0.954398 0.013281 0.013426
0 0.048828 0.935417 0.010677 0.025463
0 0.067708 0.856713 0.014063 0.015278
0 0.122266 0.856481 0.014844 0.014815
0 0.123828 0.866898 0.013281 0.012500
0 0.248568 0.913889 0.009115 0.017593
0 0.093880 0.822917 0.014323 0.015278
0 0.134635 0.719676 0.008333 0.022685
0 0.129557 0.695370 0.008073 0.022222
0 0.159896 0.620833 0.008333 0.023148
0 0.079427 0.763194 0.009375 0.023611
0 0.162109 0.561574 0.013281 0.012037
0 0.163672 0.772222 0.013802 0.017593
0 0.171875 0.696065 0.006771 0.025463
0 0.166536 0.657407 0.008073 0.025926
0 0.190885 0.728241 0.011979 0.016667
0 0.175130 0.723148 0.008594 0.024074
0 0.221875 0.757407 0.013021 0.015741
0 0.204427 0.716898 0.014063 0.014352
0 0.240234 0.696296 0.014323 0.015741
0 0.255078 0.736806 0.013802 0.015278
0 0.272135 0.725463 0.013542 0.014815
0 0.365365 0.747454 0.012500 0.022685
0 0.396094 0.827083 0.011979 0.022685
0 0.375000 0.849769 0.010417 0.022685
0 0.376432 0.806250 0.010677 0.025463
2 0.411719 0.816435 0.014583 0.019907
0 0.186849 0.383796 0.007031 0.024074
0 0.699349 0.128704 0.011198 0.025000
2 0.636719 0.173380 0.009896 0.024537
2 0.632161 0.186343 0.010677 0.021759
0 0.667708 0.140972 0.009375 0.025463
0 0.676042 0.137500 0.009375 0.022222
0 0.660417 0.146991 0.009896 0.025463
0 0.706901 0.028935 0.005469 0.026389
0 0.804557 0.116898 0.015885 0.012500
0 0.774089 0.055093 0.014323 0.012037
0 0.827214 0.110417 0.013802 0.012500
2 0.810286 0.140741 0.016406 0.012963
2 0.772656 0.073611 0.018229 0.012963
2 0.945312 0.083565 0.012500 0.010648
2 0.702083 0.497685 0.015625 0.010185
0 0.897917 0.698611 0.006250 0.018519
0 0.890104 0.703472 0.005208 0.012500
0 0.854297 0.695139 0.008073 0.022685
0 0.942318 0.746065 0.006510 0.022685
0 0.935937 0.750463 0.006250 0.022222
0 0.927865 0.750926 0.006771 0.025000
0 0.961849 0.841204 0.007552 0.025000
0 0.924349 0.853704 0.009115 0.024074
2 0.917318 0.857639 0.007552 0.018981
2 0.910026 0.857176 0.008073 0.020833
2 0.917839 0.878935 0.009635 0.021759
2 0.911719 0.880787 0.008854 0.023611
0 0.890755 0.964815 0.012240 0.012963
0 0.787109 0.689352 0.011719 0.012037
0 0.745052 0.645833 0.013021 0.013889
0 0.773568 0.698843 0.013281 0.013426
0 0.699219 0.628472 0.006771 0.025463
0 0.754557 0.713657 0.011719 0.012500
0 0.647396 0.681713 0.009375 0.025463
2 0.615885 0.597685 0.020313 0.013889
2 0.658464 0.606250 0.010677 0.025463
0 0.581120 0.773843 0.013281 0.018056
0 0.655208 0.716435 0.013542 0.018981
2 0.638281 0.712269 0.013542 0.029167
0 0.633724 0.660185 0.008073 0.024074
0 0.614062 0.718056 0.011458 0.022222
0 0.605078 0.784954 0.006510 0.028241
0 0.601823 0.744676 0.012500 0.020833
0 0.567318 0.790278 0.012240 0.014815
0 0.591536 0.843056 0.008594 0.023148
0 0.625651 0.745139 0.011719 0.022685
0 0.575781 0.818056 0.015104 0.017593
0 0.614583 0.769676 0.010417 0.022685
0 0.631250 0.883333 0.014063 0.011111
0 0.612240 0.890278 0.006250 0.023148
0 0.611068 0.811343 0.010156 0.023611
0 0.652474 0.513194 0.013281 0.010648
1 0.655469 0.481250 0.032292 0.013426
0 0.595964 0.513889 0.014323 0.011111
0 0.570964 0.484259 0.013802 0.011111
0 0.560807 0.501389 0.013802 0.009259
2 0.568359 0.515509 0.026823 0.013426
0 0.278255 0.541435 0.014844 0.011574
0 0.248568 0.574074 0.015365 0.011111
0 0.264453 0.554167 0.014323 0.012037
0 0.194271 0.539583 0.016667 0.012500
0 0.183203 0.566435 0.014844 0.012500
0 0.004297 0.477546 0.008073 0.010648
0 0.007682 0.494676 0.013281 0.011574
0 0.031510 0.485648 0.015104 0.013889
0 0.042188 0.503241 0.016146 0.012963
0 0.108464 0.548843 0.016406 0.012500
0 0.069401 0.493981 0.011719 0.010185
0 0.167057 0.519444 0.013802 0.012037
0 0.192839 0.555787 0.014323 0.012500
0 0.104557 0.597222 0.014323 0.010185
0 0.190104 0.779861 0.013021 0.011574
0 0.155078 0.589352 0.007552 0.025000
0 0.133724 0.902546 0.010677 0.013426
0 0.366276 0.843519 0.011198 0.024074
2 0.137240 0.526852 0.040104 0.022222
0 0.133984 0.555324 0.014844 0.011574
0 0.710807 0.006713 0.006510 0.012500
2 0.766406 0.126852 0.015625 0.012037
2 0.909635 0.209491 0.016146 0.012500
0 0.982161 0.081019 0.013281 0.013889
0 0.665625 0.362963 0.009375 0.021296
2 0.636849 0.630324 0.008594 0.027315
0 0.625130 0.691435 0.008594 0.018981
2 0.597656 0.832407 0.009375 0.025000
2 0.617839 0.950694 0.006510 0.022685
0 0.541406 0.841204 0.014063 0.016667
0 0.511068 0.782639 0.007031 0.023611
0 0.050130 0.312037 0.013802 0.012037
0 0.060156 0.275694 0.007292 0.022685
2 0.052214 0.272454 0.009115 0.026389
0 0.128516 0.892824 0.011198 0.012500
0 0.134505 0.915972 0.012760 0.013426
0 0.137109 0.927315 0.013802 0.015741
0 0.560547 0.826620 0.014323 0.017130
0 0.632292 0.939352 0.005729 0.021296
0 0.614844 0.921759 0.004687 0.023148
0 0.882422 0.114583 0.014844 0.012500
2 0.619271 0.199306 0.016146 0.026389
0 0.642708 0.169213 0.008854 0.024537
0 0.067578 0.959722 0.008594 0.012037
0 0.722917 0.498843 0.016146 0.009722
0 0.584635 0.498843 0.014583 0.010648
0 0.628385 0.481944 0.015104 0.011111
0 0.620443 0.856481 0.008073 0.025000
0 0.046745 0.986111 0.014844 0.013889
0 0.961328 0.081250 0.015365 0.012500
0 0.955599 0.796991 0.014323 0.012500
0 0.547266 0.804630 0.013802 0.017593
0 0.614062 0.513426 0.013021 0.010185
0 0.048828 0.994907 0.014323 0.010185
0 0.064453 0.934722 0.009115 0.012037
0 0.060547 0.924306 0.010677 0.012500
0 0.035026 0.929398 0.014323 0.014352
0 0.032682 0.917593 0.013281 0.014815
0 0.126562 0.879861 0.011979 0.012500
0 0.219661 0.708796 0.015365 0.015741
0 0.307812 0.705093 0.010937 0.012963
0 0.631120 0.906250 0.006510 0.026389
0 0.689323 0.689352 0.008854 0.025000
2 0.039193 0.266204 0.009635 0.027778
0 0.037109 0.313889 0.007552 0.018519
0 0.026693 0.316204 0.012760 0.026852
0 0.475391 0.936343 0.007031 0.023611
0 0.474349 0.969213 0.006510 0.025463
0 0.503125 0.752315 0.006771 0.025926
0 0.512240 0.742824 0.007292 0.024537
0 0.505208 0.714583 0.007812 0.025463
2 0.872135 0.534954 0.027604 0.014352
0 0.419010 0.548611 0.014583 0.012037
0 0.648047 0.498380 0.014844 0.010648
2 0.686849 0.483796 0.015885 0.010185
0 0.073047 0.979167 0.010677 0.012963
0 0.029557 0.907407 0.011198 0.012037
0 0.206380 0.762037 0.013802 0.012963
0 0.097135 0.587269 0.013021 0.011574
0 0.277865 0.671528 0.014583 0.018056
0 0.257292 0.683565 0.014063 0.018056
0 0.324089 0.704630 0.014844 0.012963
0 0.339453 0.711806 0.014844 0.016204
0 0.507422 0.841435 0.007031 0.024537
2 0.498177 0.827083 0.007292 0.027315
0 0.482031 0.800463 0.007292 0.025000
2 0.500260 0.791204 0.006771 0.027778
0 0.525911 0.667130 0.007031 0.025926
0 0.488932 0.659722 0.007552 0.026852
0 0.517188 0.662500 0.006771 0.023148
2 0.514062 0.703472 0.008333 0.032870
2 0.497135 0.661343 0.006771 0.028241
1 0.507552 0.663194 0.007812 0.037500
0 0.716146 0.676852 0.014063 0.011111
2 0.685286 0.625463 0.007552 0.026852
0 0.905208 0.693981 0.006771 0.025000
0 0.954036 0.848380 0.007552 0.023611
0 0.685937 0.497917 0.013021 0.010648
0 0.668229 0.498380 0.014063 0.011574
0 0.629297 0.496528 0.013281 0.010648
0 0.633984 0.511806 0.010677 0.008796
0 0.608073 0.498148 0.014583 0.011111
0 0.609115 0.483333 0.011458 0.009259
0 0.593750 0.483333 0.014583 0.010185
0 0.419141 0.275231 0.010677 0.023611
0 0.081901 0.512731 0.013802 0.011574
0 0.093880 0.499074 0.015365 0.012037
0 0.132292 0.509491 0.013542 0.012500
2 0.301823 0.559722 0.016667 0.011111
0 0.323958 0.548148 0.015104 0.011111
0 0.798438 0.170602 0.013021 0.019907
0 0.593490 0.225694 0.013542 0.016204
0 0.051172 0.908565 0.010677 0.018981
0 0.973698 0.836343 0.006771 0.021759
0 0.989844 0.882639 0.013542 0.016204
0 0.984505 0.318981 0.010677 0.029630
2 0.993880 0.326389 0.012240 0.027778
0 0.994792 0.283796 0.010417 0.011111
0 0.783854 0.123380 0.014063 0.011574
0 0.776042 0.189583 0.004687 0.026389
0 0.708854 0.068056 0.005729 0.025926
0 0.680469 0.156019 0.014063 0.018519
0 0.061198 0.522685 0.015104 0.012037
0 0.495703 0.704167 0.007031 0.025926
0 0.486719 0.689120 0.005729 0.018056
0 0.486198 0.729630 0.006771 0.025000
0 0.493359 0.744213 0.005990 0.022685
0 0.484115 0.766667 0.006250 0.023148
0 0.491536 0.780787 0.006510 0.026389
2 0.480729 0.833565 0.007292 0.026389
2 0.478516 0.866204 0.007031 0.026852
0 0.496484 0.863889 0.007552 0.027778
2 0.477083 0.899537 0.006250 0.026852
0 0.504818 0.883333 0.009635 0.023148
0 0.746484 0.494213 0.015365 0.009722
0 0.461589 0.428241 0.005469 0.023148
0 0.794922 0.490046 0.013281 0.010648
0 0.489844 0.834491 0.007292 0.025463
0 0.713672 0.481250 0.015365 0.010648
0 0.365625 0.403704 0.010937 0.022222
0 0.487630 0.890046 0.005990 0.025463
0 0.524349 0.706481 0.007031 0.025000
2 0.472786 0.437731 0.005990 0.026389
0 0.490234 0.414583 0.005469 0.024537
0 0.673047 0.513426 0.010156 0.009259
0 0.695182 0.512500 0.014844 0.010185
0 0.771745 0.493287 0.014844 0.011574
0 0.442708 0.129167 0.006250 0.025926
0 0.444661 0.069444 0.005990 0.027778
0 0.481380 0.403009 0.006510 0.025463
0 0.487891 0.592130 0.012760 0.012037
0 0.492839 0.969676 0.007031 0.026389
0 0.403906 0.325463 0.011458 0.024074
0 0.457552 0.140741 0.005729 0.024074
0 0.744271 0.478009 0.014583 0.009722
2 0.920833 0.513889 0.014583 0.011111
0 0.490495 0.377315 0.005469 0.025000
0 0.559766 0.216435 0.011198 0.019907
0 0.482812 0.961806 0.005729 0.024537
0 0.484375 0.923843 0.006250 0.023611
0 0.924349 0.527315 0.013802 0.010185
0 0.070573 0.836343 0.015625 0.015278
0 0.490625 0.993287 0.006771 0.013426
0 0.481771 0.499074 0.013021 0.019444
0 0.481901 0.436806 0.005469 0.022685
0 0.498958 0.418519 0.005729 0.026852
0 0.488411 0.336806 0.005990 0.023611
0 0.359505 0.549769 0.014323 0.010648
0 0.394661 0.581019 0.013281 0.011111
0 0.138932 0.793287 0.013802 0.015278
0 0.341927 0.440972 0.010937 0.018056
0 0.979427 0.350231 0.005208 0.024537
0 0.566016 0.563889 0.015365 0.012037
0 0.472135 0.396296 0.006250 0.024074
0 0.006771 0.523380 0.013021 0.011574
0 0.114453 0.808333 0.015365 0.016667
2 0.459635 0.301389 0.005729 0.029630
0 0.515104 0.236806 0.005729 0.024537
0 0.508984 0.413426 0.006510 0.023148
0 0.499609 0.462037 0.010677 0.022222
0 0.482552 0.989815 0.006250 0.020370
0 0.738672 0.557870 0.013281 0.010185
0 0.642839 0.540741 0.013281 0.011111
0 0.437109 0.202546 0.007552 0.023611
2 0.480078 0.316204 0.006510 0.029630
0 0.530990 0.112963 0.005729 0.021296
0 0.553255 0.235185 0.010677 0.021296
0 0.461068 0.386806 0.005990 0.021759
0 0.794792 0.190278 0.011979 0.019444
2 0.870833 0.498380 0.016667 0.011574
0 0.822656 0.503704 0.015104 0.010185
0 0.714453 0.511806 0.014323 0.009722
0 0.119922 0.822917 0.014323 0.015278
0 0.018880 0.452083 0.014323 0.011574
0 0.457031 0.075926 0.005729 0.025926
2 0.479948 0.262963 0.005729 0.029630
0 0.508464 0.324306 0.007031 0.027315
0 0.792839 0.553472 0.015365 0.010648
0 0.480339 0.355787 0.005990 0.023611
2 0.529167 0.292130 0.009896 0.059259
2 0.487630 0.520370 0.013802 0.020370
0 0.237500 0.486574 0.015104 0.010185
0 0.232292 0.562037 0.010937 0.009259
0 0.218750 0.469444 0.016146 0.013889
0 0.459505 0.190972 0.005469 0.025463
2 0.469141 0.183333 0.005990 0.028704
0 0.512370 0.072917 0.005990 0.023611
0 0.577214 0.252083 0.014844 0.014352
0 0.985807 0.622222 0.009635 0.023148
0 0.166536 0.546528 0.014323 0.013426
0 0.299870 0.476852 0.013802 0.012037
0 0.363281 0.566204 0.014063 0.010185
2 0.426693 0.565741 0.015885 0.012037
0 0.802474 0.538426 0.015365 0.011111
0 0.741536 0.527083 0.014844 0.009722
0 0.170313 0.484722 0.015104 0.012037
0 0.213802 0.575926 0.015104 0.012037
0 0.452214 0.556713 0.012760 0.012500
0 0.458854 0.590278 0.014583 0.012963
0 0.498828 0.379398 0.005990 0.023611
0 0.460547 0.243056 0.006510 0.027778
0 0.470443 0.296296 0.006510 0.026852
0 0.833724 0.535417 0.014844 0.010648
0 0.045573 0.857176 0.010937 0.012500
2 0.854427 0.837963 0.008854 0.026852
0 0.543359 0.182639 0.008594 0.017130
0 0.443359 0.004630 0.006510 0.008333
0 0.046615 0.441435 0.014583 0.011574
0 0.232031 0.549306 0.015625 0.012500
0 0.294661 0.574074 0.013802 0.011111
0 0.231901 0.534722 0.013802 0.010185
0 0.443229 0.578935 0.013021 0.010648
0 0.494922 0.546991 0.012760 0.020833
2 0.514714 0.206944 0.007031 0.027778
2 0.477214 0.163194 0.005990 0.028241
0 0.467057 0.093981 0.005990 0.026852
0 0.707812 0.545833 0.014063 0.011111
0 0.952734 0.549769 0.013802 0.016204
2 0.527344 0.442593 0.009375 0.025926
0 0.506380 0.153009 0.004948 0.019907
0 0.472917 0.559491 0.014063 0.015278
2 0.383464 0.595602 0.014844 0.010648
0 0.345182 0.578704 0.014323 0.010185
0 0.340625 0.596065 0.014063 0.010648
0 0.159896 0.456481 0.013021 0.011111
0 0.123047 0.476852 0.013802 0.012037
0 0.085677 0.540278 0.014583 0.012037
0 0.044141 0.532407 0.014844 0.012037
0 0.517578 0.436574 0.006510 0.019444
0 0.632682 0.569213 0.013802 0.011574
0 0.813281 0.520833 0.015104 0.010185
0 0.868359 0.517361 0.014844 0.010648
0 0.888672 0.549074 0.012760 0.011111
0 0.904167 0.484028 0.014583 0.011574
