0 0.046224 0.980324 0.014323 0.015278
0 0.038281 0.946528 0.012500 0.012500
0 0.067839 0.951620 0.009115 0.011574
0 0.041016 0.957639 0.013281 0.013426
0 0.050911 0.939120 0.010677 0.025463
0 0.068490 0.859259 0.014583 0.015741
0 0.123047 0.860185 0.014844 0.014815
0 0.124870 0.871528 0.013281 0.012500
0 0.250521 0.916667 0.009375 0.013889
0 0.101823 0.822222 0.013542 0.015741
0 0.134635 0.720602 0.008333 0.022685
0 0.130990 0.698380 0.007812 0.021759
0 0.160417 0.622917 0.009896 0.022685
0 0.080599 0.768056 0.009635 0.022222
0 0.163281 0.564815 0.014063 0.012037
0 0.170573 0.757176 0.011458 0.021759
0 0.173177 0.697454 0.006771 0.025463
0 0.167057 0.661111 0.008073 0.025926
0 0.192057 0.731481 0.011719 0.014815
0 0.175781 0.726157 0.007812 0.025463
0 0.222917 0.758796 0.012500 0.014815
0 0.204427 0.718750 0.014063 0.014352
0 0.240755 0.697222 0.014323 0.015741
0 0.255078 0.736806 0.013802 0.015278
0 0.271615 0.725926 0.013542 0.014815
0 0.366406 0.746528 0.012500 0.022685
0 0.396875 0.828009 0.011979 0.022685
0 0.375781 0.851620 0.010417 0.022685
0 0.377474 0.806713 0.010677 0.025463
2 0.446615 0.883333 0.008333 0.026852
0 0.186328 0.384722 0.007031 0.024074
0 0.699089 0.125231 0.011719 0.022685
2 0.635677 0.171528 0.009896 0.024537
2 0.630729 0.184028 0.010417 0.020833
0 0.667188 0.135880 0.009375 0.025463
0 0.675521 0.134722 0.009375 0.022222
0 0.660156 0.143287 0.009896 0.025463
0 0.705859 0.026157 0.005469 0.026389
0 0.803255 0.112269 0.015885 0.012500
0 0.772526 0.050926 0.014323 0.012037
0 0.825651 0.106250 0.013802 0.012500
2 0.808724 0.136111 0.015365 0.012037
2 0.771615 0.068981 0.018229 0.012963
2 0.944010 0.077546 0.012500 0.010648
2 0.702344 0.493981 0.015625 0.010185
0 0.898438 0.694444 0.006250 0.018519
0 0.890495 0.699306 0.005469 0.009722
0 0.855339 0.690972 0.008073 0.022685
0 0.944792 0.738657 0.007292 0.022685
0 0.937500 0.743981 0.006250 0.022222
0 0.929427 0.744444 0.006771 0.025000
0 0.962630 0.836111 0.007552 0.025000
0 0.925651 0.848611 0.009115 0.024074
2 0.918620 0.853472 0.007552 0.018981
2 0.910417 0.852083 0.007812 0.021759
2 0.919401 0.873611 0.008594 0.021296
2 0.913281 0.875000 0.008854 0.025926
0 0.891536 0.958333 0.012240 0.012963
0 0.788151 0.685648 0.011719 0.012037
0 0.745703 0.643056 0.013281 0.012963
0 0.774089 0.695602 0.013281 0.013426
0 0.699609 0.625000 0.006510 0.026852
0 0.755078 0.710880 0.011719 0.012500
0 0.648698 0.679630 0.009896 0.025926
2 0.615885 0.593981 0.020313 0.013889
2 0.659245 0.603472 0.010677 0.025463
0 0.582422 0.771528 0.013281 0.018056
0 0.656771 0.714120 0.013542 0.018981
2 0.638932 0.710880 0.013281 0.026389
0 0.633724 0.657870 0.008073 0.024074
0 0.614844 0.716204 0.011458 0.022222
0 0.605859 0.782639 0.006510 0.028241
0 0.601823 0.743287 0.012500 0.020833
0 0.568099 0.787963 0.012240 0.014815
0 0.592578 0.840741 0.008594 0.023148
0 0.625911 0.741898 0.011719 0.022685
0 0.576302 0.815741 0.015104 0.017593
0 0.615365 0.767824 0.010417 0.022685
0 0.632422 0.880787 0.013281 0.011574
0 0.613021 0.888889 0.006250 0.024074
0 0.612370 0.809954 0.010156 0.023611
0 0.652474 0.509954 0.013281 0.010648
1 0.655990 0.478472 0.032292 0.013426
0 0.595964 0.511574 0.014323 0.011111
0 0.570964 0.482870 0.013802 0.011111
0 0.561068 0.499074 0.013802 0.009259
2 0.568229 0.513657 0.025521 0.013426
0 0.307812 0.591667 0.010937 0.008333
0 0.281641 0.589352 0.013802 0.010185
0 0.192839 0.579167 0.014844 0.013889
0 0.011198 0.483565 0.015104 0.011574
0 0.080990 0.469213 0.014583 0.011574
0 0.198177 0.528009 0.011458 0.009722
0 0.104557 0.600463 0.014323 0.010185
0 0.190885 0.780787 0.013542 0.012500
0 0.155599 0.592593 0.007552 0.025000
0 0.134766 0.904398 0.010677 0.013426
0 0.367839 0.845370 0.011198 0.024074
2 0.264714 0.556944 0.038281 0.017593
0 0.190755 0.556944 0.013802 0.012963
2 0.765625 0.123148 0.015625 0.012037
2 0.908594 0.204398 0.016146 0.012500
0 0.980599 0.074074 0.013281 0.013889
0 0.665365 0.359722 0.009375 0.021296
2 0.637240 0.628241 0.007292 0.027778
0 0.625391 0.689120 0.008594 0.018981
2 0.599219 0.829630 0.009375 0.025000
2 0.619531 0.949306 0.005729 0.022685
0 0.542448 0.840278 0.014063 0.016667
0 0.511849 0.780787 0.007031 0.023611
0 0.049349 0.314815 0.013802 0.012037
0 0.058854 0.279861 0.007292 0.022685
2 0.051953 0.276157 0.009115 0.026389
0 0.129818 0.896065 0.011198 0.012500
0 0.135807 0.918750 0.012760 0.013426
0 0.137630 0.930556 0.013802 0.015741
0 0.561719 0.826157 0.013542 0.016204
0 0.633984 0.937269 0.005990 0.020833
0 0.616146 0.920370 0.004687 0.023148
0 0.977214 0.095139 0.014844 0.012500
2 0.617708 0.196065 0.016146 0.026389
0 0.642188 0.165046 0.008854 0.024537
0 0.069141 0.964352 0.008594 0.012037
0 0.723437 0.494444 0.015104 0.010185
0 0.584896 0.496991 0.014583 0.010648
0 0.628385 0.479167 0.015104 0.011111
0 0.621484 0.853704 0.008073 0.025000
0 0.048828 0.991667 0.014844 0.013889
0 0.960286 0.074306 0.015365 0.012500
0 0.957161 0.790278 0.014323 0.014815
0 0.548307 0.802315 0.013802 0.017593
0 0.614323 0.510185 0.013021 0.010185
0 0.065755 0.939815 0.009115 0.012037
0 0.063151 0.929398 0.010677 0.012500
0 0.036068 0.934491 0.014323 0.014352
0 0.033724 0.922685 0.013281 0.014815
0 0.127865 0.883565 0.011979 0.012500
0 0.220182 0.710417 0.013802 0.017130
0 0.307552 0.706481 0.010937 0.012963
0 0.632161 0.904398 0.006510 0.026389
0 0.690104 0.687500 0.008854 0.025000
2 0.038411 0.269907 0.009635 0.027778
0 0.036328 0.318056 0.007552 0.018519
0 0.025911 0.319907 0.012760 0.026852
0 0.476693 0.935417 0.007031 0.023611
0 0.475911 0.968750 0.006510 0.025463
0 0.504687 0.745833 0.006771 0.025926
0 0.513542 0.741435 0.006250 0.024537
0 0.506380 0.705324 0.007552 0.026389
2 0.892708 0.528009 0.027083 0.014352
0 0.648047 0.495139 0.014844 0.010648
2 0.686849 0.480556 0.015885 0.010185
0 0.075911 0.984028 0.012240 0.012500
0 0.031120 0.911574 0.011198 0.012037
0 0.206901 0.763889 0.013802 0.012963
0 0.095703 0.590509 0.010156 0.012500
0 0.278125 0.670370 0.014063 0.016667
0 0.257552 0.684722 0.014583 0.017593
0 0.324609 0.704630 0.014844 0.012963
0 0.340104 0.712731 0.014063 0.017130
0 0.510026 0.815972 0.007031 0.024537
2 0.499870 0.824537 0.006510 0.026852
0 0.482812 0.798611 0.007292 0.025000
2 0.501302 0.789815 0.006771 0.027778
0 0.526953 0.665509 0.006510 0.025463
0 0.489844 0.658102 0.006250 0.026389
0 0.517969 0.662269 0.006250 0.024537
2 0.515495 0.702778 0.007031 0.033333
2 0.498437 0.660880 0.006771 0.028241
1 0.508073 0.661806 0.007812 0.037500
0 0.716667 0.674074 0.014063 0.011111
2 0.686068 0.622685 0.007552 0.026852
0 0.905990 0.689815 0.006771 0.025000
0 0.955078 0.842824 0.007552 0.023611
0 0.685937 0.494213 0.013021 0.010648
0 0.668229 0.494676 0.014063 0.011574
0 0.629818 0.493287 0.013281 0.010648
0 0.634375 0.509491 0.009896 0.007870
0 0.608073 0.495833 0.014583 0.011111
0 0.609896 0.480556 0.011458 0.009259
0 0.593750 0.481019 0.014583 0.010185
0 0.426042 0.257870 0.008333 0.026852
0 0.026432 0.501620 0.014323 0.010648
0 0.083464 0.500463 0.015365 0.012037
0 0.151042 0.516667 0.014583 0.012963
0 0.312891 0.546991 0.013802 0.009722
0 0.797396 0.166667 0.012500 0.020370
0 0.592969 0.223843 0.013542 0.016204
0 0.052214 0.912731 0.010677 0.018981
0 0.974870 0.829630 0.007552 0.022222
0 0.991667 0.876157 0.013542 0.014352
0 0.984505 0.313889 0.010677 0.029630
2 0.994271 0.321296 0.011458 0.027778
0 0.994531 0.277315 0.010417 0.011111
0 0.782552 0.118750 0.014063 0.011574
0 0.776042 0.187731 0.004687 0.026389
0 0.707292 0.063889 0.005729 0.025926
0 0.679948 0.152315 0.014063 0.018519
0 0.057682 0.524769 0.014844 0.011574
0 0.496484 0.701852 0.007031 0.025926
0 0.487891 0.687731 0.005469 0.018981
0 0.486979 0.726852 0.006771 0.025000
0 0.494401 0.742361 0.005990 0.022685
0 0.485677 0.765741 0.006250 0.023148
0 0.492318 0.779861 0.006510 0.026389
2 0.482292 0.833565 0.007292 0.026389
2 0.480339 0.865741 0.007031 0.026852
0 0.498307 0.863194 0.007031 0.026389
2 0.478385 0.898148 0.006250 0.026852
0 0.746745 0.490972 0.015365 0.009722
0 0.461589 0.428241 0.005469 0.023148
0 0.795182 0.486343 0.013281 0.010648
0 0.491406 0.833102 0.006250 0.024537
0 0.713802 0.477315 0.014583 0.009259
0 0.386979 0.358565 0.010937 0.021759
0 0.488802 0.888889 0.006250 0.026852
0 0.525260 0.705324 0.005729 0.024537
2 0.472786 0.437731 0.005990 0.026389
0 0.490495 0.413194 0.005469 0.024537
0 0.673568 0.509722 0.010156 0.009259
0 0.695182 0.509259 0.014844 0.010185
0 0.772005 0.490046 0.014844 0.011574
0 0.443620 0.115278 0.005469 0.019444
0 0.441276 0.017130 0.006510 0.025926
0 0.481641 0.402083 0.006510 0.025463
0 0.545573 0.551852 0.012500 0.012037
0 0.494401 0.969213 0.007031 0.026389
0 0.409896 0.305556 0.009896 0.023148
0 0.739974 0.475000 0.014323 0.010185
2 0.921615 0.508333 0.014583 0.011111
0 0.490234 0.377315 0.005469 0.025000
0 0.541276 0.170370 0.010156 0.022222
0 0.484115 0.960880 0.005729 0.024537
0 0.485677 0.923843 0.006250 0.023611
0 0.924479 0.522685 0.013542 0.010185
0 0.075911 0.838657 0.012760 0.015278
0 0.492708 0.992824 0.006771 0.013426
0 0.481901 0.436806 0.005469 0.022685
0 0.498958 0.416667 0.005729 0.026852
0 0.487891 0.336343 0.005990 0.023611
0 0.360156 0.550231 0.014063 0.009722
0 0.381901 0.581019 0.014323 0.009259
0 0.157161 0.782176 0.013802 0.016204
0 0.354427 0.419676 0.011979 0.019907
0 0.979427 0.345602 0.005208 0.024537
0 0.472135 0.395370 0.006250 0.024074
0 0.133333 0.800694 0.014063 0.014352
2 0.459375 0.310648 0.005729 0.029630
0 0.514583 0.185417 0.005208 0.018981
0 0.508333 0.416667 0.006771 0.026852
0 0.491927 0.516898 0.011979 0.019907
0 0.484375 0.989815 0.006250 0.020370
0 0.602734 0.542130 0.013802 0.010185
0 0.436849 0.193519 0.007031 0.025000
2 0.479818 0.314815 0.006510 0.029630
0 0.502604 0.067361 0.006250 0.023611
0 0.556641 0.217130 0.011719 0.023148
0 0.461068 0.386806 0.005990 0.021759
0 0.794141 0.184954 0.011198 0.017130
2 0.781641 0.503009 0.015885 0.010648
0 0.714714 0.507639 0.014323 0.009722
0 0.121484 0.826157 0.014323 0.015278
0 0.008984 0.436574 0.014323 0.012037
0 0.476172 0.145370 0.006510 0.025926
2 0.479167 0.262037 0.005729 0.029630
0 0.508073 0.295370 0.005208 0.024074
0 0.872266 0.511574 0.014844 0.009259
0 0.480339 0.354861 0.005990 0.023611
2 0.521745 0.125926 0.006510 0.027778
2 0.528906 0.579398 0.014583 0.012500
0 0.269010 0.497685 0.014063 0.011111
0 0.278385 0.542824 0.013542 0.011574
0 0.467578 0.170370 0.005990 0.025926
2 0.476693 0.222222 0.005990 0.028704
0 0.995443 0.747917 0.007552 0.023611
0 0.327344 0.463889 0.014063 0.019444
0 0.396875 0.550926 0.015104 0.010185
0 0.832682 0.531019 0.014844 0.010185
0 0.771094 0.550231 0.014583 0.009722
0 0.219401 0.470139 0.012760 0.009722
0 0.231250 0.581481 0.014583 0.011111
0 0.498568 0.376620 0.005990 0.023611
0 0.459635 0.230324 0.006250 0.024537
0 0.460156 0.268981 0.005729 0.025926
0 0.055990 0.852546 0.010937 0.012500
2 0.856120 0.830787 0.008073 0.024537
0 0.541667 0.209491 0.010937 0.022685
0 0.463802 0.006713 0.006250 0.012500
0 0.021224 0.424306 0.013281 0.010648
0 0.337630 0.556944 0.015365 0.011111
0 0.301953 0.578472 0.014844 0.009722
0 0.232031 0.536111 0.014583 0.012037
0 0.426563 0.580556 0.013542 0.011111
2 0.519141 0.015972 0.008594 0.031019
2 0.469661 0.322685 0.005990 0.025926
0 0.457161 0.195370 0.005469 0.025000
0 0.650651 0.553009 0.012240 0.010648
0 0.971745 0.599769 0.010156 0.025463
2 0.507031 0.464583 0.009375 0.026389
0 0.531510 0.096991 0.005208 0.019907
0 0.346745 0.577778 0.010677 0.008333
0 0.189453 0.541435 0.012760 0.011574
0 0.009766 0.453704 0.013802 0.011111
0 0.121354 0.554167 0.014063 0.012963
0 0.526042 0.376389 0.006250 0.025000
0 0.846354 0.513657 0.014063 0.010648
0 0.919531 0.478935 0.014583 0.011574
0 0.897005 0.510880 0.014844 0.011574
0 0.474219 0.088889 0.005729 0.025926
0 0.518880 0.428009 0.005469 0.021759
0 0.475000 0.560185 0.013542 0.015741
0 0.471094 0.365741 0.006771 0.025926
2 0.517057 0.325231 0.007031 0.026389
0 0.161719 0.458102 0.013542 0.010648
0 0.102865 0.520370 0.014063 0.010185
0 0.275000 0.572917 0.014583 0.010648
0 0.309245 0.562731 0.014844 0.010648
0 0.344010 0.495602 0.015104 0.011574
0 0.386068 0.566204 0.014323 0.009259
0 0.743359 0.526852 0.014844 0.010185
0 0.796094 0.518056 0.013542 0.010185
0 0.857292 0.528241 0.015104 0.010185
0 0.807552 0.533102 0.014063 0.010648
0 0.457031 0.151620 0.005729 0.025463
0 0.526172 0.313426 0.006510 0.025000
0 0.522135 0.761111 0.006250 0.024074
0 0.047135 0.461806 0.014063 0.010648
2 0.065104 0.510185 0.016146 0.012963
0 0.150000 0.531250 0.015625 0.013426
0 0.751563 0.506019 0.015104 0.011111
0 0.849219 0.545139 0.014063 0.009722
0 0.975000 0.556250 0.008854 0.024537
0 0.469661 0.269444 0.005990 0.025926
0 0.504297 0.158333 0.005990 0.023148
0 0.080859 0.544907 0.014323 0.012037
0 0.101302 0.459028 0.014583 0.012500
0 0.096354 0.441898 0.014583 0.012500
0 0.042708 0.536574 0.017708 0.012037
0 0.388021 0.597222 0.015104 0.010185
2 0.427344 0.564352 0.016146 0.013889
0 0.444401 0.536574 0.014323 0.016667
0 0.483333 0.591435 0.013021 0.010648
0 0.602344 0.557870 0.014583 0.011111
0 0.783203 0.471991 0.013802 0.010648
0 0.884896 0.542130 0.015104 0.010185
