0 0.046615 0.967824 0.012500 0.012500
0 0.075911 0.970602 0.009635 0.012500
0 0.049349 0.978472 0.013281 0.013426
0 0.058464 0.959954 0.010677 0.025463
0 0.075521 0.879630 0.014583 0.015741
0 0.129948 0.878241 0.014063 0.012963
0 0.131771 0.888889 0.012500 0.011111
0 0.256901 0.928241 0.009635 0.015741
0 0.139974 0.740046 0.008073 0.022685
0 0.135026 0.715741 0.009115 0.021296
0 0.155208 0.608796 0.008854 0.022222
0 0.085677 0.787500 0.009896 0.023148
0 0.174609 0.705324 0.007552 0.022685
0 0.165365 0.643981 0.007812 0.024074
0 0.168099 0.606944 0.008594 0.025000
0 0.195833 0.745370 0.012500 0.014815
0 0.171745 0.670370 0.007031 0.024074
0 0.227604 0.773148 0.012500 0.014815
0 0.208333 0.732176 0.014063 0.014352
0 0.244401 0.710417 0.014323 0.016204
0 0.260417 0.748611 0.013021 0.016667
0 0.276042 0.738194 0.013542 0.016204
0 0.370182 0.753935 0.012240 0.020833
0 0.402214 0.833333 0.011198 0.022222
0 0.380990 0.856713 0.010417 0.022685
0 0.381901 0.813194 0.010677 0.025463
0 0.185807 0.400926 0.007031 0.023148
0 0.692318 0.119676 0.011719 0.022685
2 0.630078 0.168519 0.009115 0.025000
2 0.625911 0.181250 0.010677 0.020833
0 0.660937 0.133565 0.009375 0.025463
0 0.669010 0.129630 0.009375 0.022222
0 0.654167 0.139583 0.010417 0.024537
0 0.698047 0.019676 0.005469 0.026389
0 0.795964 0.102083 0.015885 0.014352
0 0.765104 0.041667 0.014583 0.012963
0 0.818880 0.093750 0.013802 0.012500
2 0.802083 0.124306 0.015625 0.012500
2 0.763411 0.059954 0.018490 0.013426
2 0.936198 0.060417 0.012500 0.010648
2 0.649479 0.489120 0.015625 0.010648
0 0.899609 0.675694 0.005990 0.019907
0 0.891927 0.679167 0.005208 0.012963
0 0.855599 0.673843 0.008073 0.022685
0 0.945833 0.718056 0.007292 0.023148
0 0.938932 0.722917 0.007031 0.020833
0 0.930729 0.723611 0.006771 0.025000
0 0.965625 0.813426 0.008854 0.024074
0 0.928776 0.828704 0.009115 0.024074
2 0.921484 0.833102 0.007552 0.018981
2 0.914714 0.832639 0.009115 0.020833
2 0.922266 0.854167 0.008594 0.021296
2 0.916276 0.855556 0.008594 0.025000
0 0.896875 0.940972 0.011458 0.013426
0 0.788932 0.672685 0.011719 0.012037
0 0.746484 0.631944 0.012760 0.013889
0 0.774870 0.684028 0.013281 0.013426
0 0.700391 0.618056 0.006510 0.026852
0 0.757161 0.699306 0.011719 0.012500
0 0.650651 0.672685 0.010156 0.025000
2 0.616927 0.591204 0.020313 0.013889
2 0.659505 0.598148 0.010156 0.026852
0 0.585807 0.768750 0.013281 0.018056
0 0.659505 0.706713 0.014844 0.017130
2 0.641016 0.706019 0.013802 0.027778
0 0.635286 0.653241 0.008073 0.024074
0 0.617969 0.711574 0.010417 0.021296
0 0.610156 0.778704 0.005729 0.028704
0 0.605208 0.738194 0.011979 0.020833
0 0.571484 0.784722 0.012240 0.014815
0 0.597526 0.836574 0.008594 0.023148
0 0.629036 0.736806 0.011198 0.024537
0 0.580469 0.812500 0.015104 0.017593
0 0.618750 0.762731 0.010417 0.022685
0 0.636979 0.875231 0.013021 0.012500
0 0.617969 0.884722 0.005729 0.023148
0 0.615885 0.804861 0.009375 0.022685
0 0.668359 0.465046 0.014323 0.014352
1 0.559766 0.481019 0.032552 0.015741
0 0.573828 0.512500 0.014323 0.010185
0 0.387891 0.539815 0.012760 0.009259
2 0.311849 0.522685 0.025781 0.012963
0 0.353516 0.554861 0.014323 0.010648
0 0.329297 0.571065 0.012760 0.009722
0 0.370052 0.571991 0.013542 0.009722
0 0.107161 0.619444 0.014323 0.010185
0 0.195443 0.795139 0.013281 0.013426
0 0.141797 0.922222 0.011198 0.012963
0 0.372526 0.851389 0.010156 0.022222
2 0.758073 0.114120 0.015625 0.012500
2 0.902604 0.188194 0.016146 0.012500
0 0.972005 0.055093 0.013802 0.012037
0 0.661979 0.354167 0.009375 0.021296
2 0.638802 0.622454 0.006771 0.027315
0 0.627474 0.685417 0.008594 0.018981
2 0.602995 0.826157 0.009635 0.022685
2 0.625260 0.943750 0.006771 0.023611
0 0.546615 0.837500 0.014063 0.016667
0 0.516146 0.781481 0.006250 0.024074
0 0.048438 0.337500 0.014063 0.012037
0 0.057813 0.302778 0.007292 0.022222
2 0.050000 0.298380 0.008333 0.026389
0 0.136068 0.912500 0.010677 0.013889
0 0.143490 0.934954 0.012500 0.014352
0 0.145443 0.947685 0.013802 0.015741
0 0.566536 0.822917 0.013281 0.016204
0 0.639844 0.930093 0.005729 0.021296
0 0.622135 0.914815 0.004687 0.023148
2 0.613021 0.194213 0.016146 0.026389
0 0.636979 0.162269 0.008854 0.024537
0 0.076953 0.982870 0.008594 0.012037
0 0.700130 0.486806 0.014844 0.011574
0 0.626432 0.847917 0.008073 0.024537
0 0.951953 0.056250 0.015365 0.013426
0 0.959375 0.770139 0.014063 0.014352
0 0.552214 0.800926 0.013802 0.017593
0 0.610938 0.507639 0.014583 0.009722
0 0.073698 0.958565 0.009375 0.011574
0 0.070703 0.948380 0.010677 0.013426
0 0.043880 0.955787 0.014323 0.014352
0 0.041146 0.943750 0.013021 0.015278
0 0.134505 0.900463 0.011719 0.012037
0 0.224089 0.723843 0.014844 0.016204
0 0.310937 0.715741 0.010937 0.012037
0 0.637109 0.897454 0.006510 0.024537
0 0.691927 0.678704 0.008854 0.025000
2 0.036328 0.292130 0.008594 0.027778
0 0.035807 0.339815 0.007552 0.018519
0 0.025911 0.343519 0.012240 0.026852
0 0.483464 0.935880 0.006510 0.023611
0 0.483073 0.968981 0.005729 0.025000
0 0.508333 0.736111 0.006771 0.025926
0 0.516276 0.741667 0.005990 0.025000
0 0.509245 0.703935 0.007552 0.026389
2 0.607422 0.476389 0.015885 0.010185
0 0.038411 0.932870 0.012240 0.012037
0 0.211068 0.776389 0.013281 0.012963
0 0.280990 0.682870 0.014063 0.016667
0 0.261198 0.697917 0.014583 0.016204
0 0.327865 0.712500 0.015104 0.012963
0 0.343490 0.720139 0.014063 0.017130
0 0.514453 0.816204 0.006510 0.025000
2 0.504297 0.825463 0.006510 0.027778
0 0.487370 0.800231 0.006510 0.025463
2 0.505729 0.779861 0.006771 0.026389
0 0.529036 0.665509 0.006510 0.025463
0 0.491667 0.659028 0.006250 0.026389
0 0.519792 0.662731 0.006250 0.024537
2 0.518359 0.702315 0.007031 0.033333
2 0.500260 0.661806 0.006771 0.028241
1 0.510417 0.662269 0.007812 0.037500
0 0.718229 0.664815 0.014063 0.011111
2 0.686849 0.616204 0.007031 0.026852
0 0.907031 0.670370 0.006771 0.025000
0 0.958073 0.821528 0.008333 0.023611
0 0.602474 0.492824 0.013281 0.008796
0 0.791276 0.156250 0.012240 0.019907
0 0.060026 0.932639 0.010677 0.018981
0 0.977604 0.807176 0.007812 0.021759
0 0.994141 0.853241 0.011719 0.015741
0 0.979557 0.292361 0.009635 0.028241
2 0.989193 0.299306 0.011198 0.027315
0 0.989974 0.257639 0.012760 0.012500
0 0.775781 0.109028 0.014063 0.011574
0 0.699740 0.057176 0.005729 0.026389
0 0.673698 0.146991 0.014063 0.018056
0 0.121094 0.497917 0.014063 0.011574
0 0.499609 0.703241 0.007031 0.025926
0 0.490495 0.688657 0.005469 0.018981
0 0.489844 0.728009 0.005729 0.024537
0 0.497786 0.742824 0.005990 0.022685
0 0.488802 0.766667 0.006250 0.023148
0 0.496875 0.780556 0.006250 0.024074
2 0.486719 0.834028 0.007292 0.026389
2 0.485417 0.865972 0.006250 0.027315
0 0.503125 0.863194 0.007292 0.025463
2 0.483854 0.899306 0.005729 0.026389
0 0.736328 0.481713 0.015365 0.010648
0 0.460807 0.431481 0.005469 0.023148
0 0.784766 0.474306 0.013281 0.010648
0 0.495964 0.834028 0.006510 0.026389
0 0.494531 0.879167 0.006250 0.026852
0 0.527604 0.704861 0.005729 0.024537
2 0.472266 0.439352 0.005990 0.025000
0 0.489193 0.416898 0.005469 0.024537
0 0.661979 0.506250 0.014583 0.009722
0 0.762240 0.479398 0.014063 0.011574
0 0.479818 0.405324 0.006510 0.025463
0 0.502214 0.934259 0.005990 0.024074
0 0.716797 0.466667 0.014844 0.011111
0 0.487891 0.379630 0.005469 0.025000
0 0.491146 0.961343 0.005729 0.024537
0 0.491927 0.923148 0.006250 0.023148
0 0.802604 0.457176 0.011458 0.010648
0 0.135807 0.818750 0.013281 0.015278
0 0.481120 0.438194 0.005469 0.022685
0 0.497656 0.419444 0.005729 0.026852
0 0.485547 0.339120 0.005990 0.023611
0 0.680729 0.539583 0.014063 0.011574
0 0.414193 0.572917 0.012760 0.009722
0 0.178255 0.737500 0.006510 0.024074
0 0.974219 0.324537 0.005729 0.025000
0 0.470573 0.399074 0.006250 0.024074
0 0.174870 0.769676 0.009115 0.022685
2 0.457813 0.347222 0.005729 0.029630
0 0.490885 0.989815 0.006250 0.020370
0 0.436198 0.098380 0.005729 0.025463
2 0.476953 0.317593 0.006510 0.029630
0 0.463151 0.177315 0.005990 0.024074
0 0.459505 0.390509 0.005990 0.021759
0 0.787630 0.173843 0.011198 0.017130
2 0.704167 0.502546 0.015625 0.010648
0 0.127604 0.841435 0.013021 0.015278
0 0.470573 0.150694 0.005729 0.025463
2 0.475781 0.265278 0.005729 0.029630
0 0.477734 0.358102 0.005990 0.023611
2 0.960417 0.534954 0.012500 0.020833
0 0.101042 0.508102 0.014583 0.009722
0 0.472786 0.190278 0.005990 0.025926
2 0.473177 0.226620 0.006250 0.028241
0 0.836849 0.467130 0.015885 0.012037
0 0.805990 0.519213 0.010937 0.008796
0 0.294661 0.557407 0.015365 0.011111
0 0.496875 0.377546 0.006250 0.023611
0 0.456250 0.267361 0.006250 0.024537
0 0.457422 0.303472 0.005990 0.027315
0 0.118750 0.834028 0.010937 0.011574
2 0.859245 0.815046 0.007552 0.024537
0 0.194401 0.574306 0.015365 0.011574
2 0.467839 0.331019 0.005990 0.025926
0 0.453906 0.225231 0.005729 0.023611
0 0.828516 0.532870 0.014323 0.011111
0 0.164062 0.536111 0.014583 0.010185
0 0.469271 0.368519 0.006771 0.025926
0 0.079948 0.491667 0.015625 0.012037
0 0.311719 0.504861 0.013542 0.010648
0 0.314974 0.555324 0.012760 0.010648
0 0.453255 0.176620 0.006510 0.025463
0 0.526302 0.735880 0.006771 0.024537
0 0.467057 0.300000 0.005990 0.025926
0 0.630208 0.551852 0.015104 0.012037
0 0.749349 0.465046 0.013802 0.010648
0 0.466016 0.259722 0.005990 0.025926
0 0.542448 0.517361 0.010937 0.009722
0 0.519141 0.503241 0.014323 0.011111
0 0.746615 0.495602 0.013542 0.010648
0 0.773828 0.462731 0.013802 0.010648
0 0.279557 0.507639 0.013802 0.009722
0 0.948438 0.483102 0.013542 0.009722
0 0.206771 0.543287 0.014583 0.012500
2 0.464714 0.214815 0.005990 0.027778
2 0.935026 0.983333 0.014323 0.016667
0 0.662500 0.526852 0.013542 0.011111
2 0.349609 0.570602 0.015365 0.010648
0 0.409766 0.557870 0.013802 0.010185
0 0.868620 0.464815 0.014844 0.010185
1 0.408984 0.780324 0.026823 0.043981
0 0.013281 0.475926 0.014063 0.011111
0 0.078255 0.862963 0.014323 0.015741
0 0.451953 0.118287 0.006510 0.025463
0 0.502604 0.892361 0.006250 0.025463
1 0.415885 0.587037 0.032813 0.013889
0 0.913151 0.504167 0.014844 0.012037
0 0.811979 0.470833 0.013021 0.011111
0 0.653776 0.182639 0.013802 0.017130
0 0.394010 0.556250 0.009896 0.009722
0 0.114453 0.803472 0.014323 0.017130
0 0.469531 0.106713 0.006250 0.026389
0 0.512370 0.850463 0.007552 0.025926
0 0.046224 0.482639 0.014323 0.010648
0 0.375130 0.558333 0.014844 0.010185
0 0.752214 0.512037 0.013281 0.010185
0 0.995182 0.472917 0.009635 0.011574
0 0.009635 0.285880 0.007812 0.024537
0 0.462240 0.140972 0.006771 0.026389
0 0.447917 0.028009 0.006250 0.026389
0 0.485547 0.310417 0.005990 0.025463
0 0.392578 0.571296 0.013802 0.011111
0 0.786328 0.508565 0.015885 0.010648
0 0.988542 0.377546 0.010937 0.023611
2 0.971224 0.988889 0.011719 0.022222
2 0.189974 0.556019 0.018490 0.012037
0 0.290885 0.571065 0.014583 0.010648
0 0.565234 0.498148 0.013802 0.011111
0 0.770703 0.525463 0.014323 0.010185
0 0.892318 0.521528 0.014844 0.010648
0 0.148958 0.956019 0.012500 0.016667
0 0.099609 0.609491 0.013281 0.011574
2 0.393490 0.350463 0.017188 0.037037
0 0.410286 0.300926 0.009115 0.024074
0 0.588411 0.222685 0.012760 0.016667
0 0.980599 0.586806 0.008594 0.023611
2 0.500781 0.977083 0.005729 0.025463
0 0.027995 0.526157 0.012760 0.010648
0 0.334115 0.556019 0.015104 0.010185
0 0.473958 0.509491 0.012500 0.011574
0 0.463021 0.496528 0.010937 0.010648
0 0.483073 0.528704 0.013021 0.011111
0 0.720964 0.533102 0.013281 0.010648
0 0.862891 0.512037 0.014323 0.011111
0 0.329167 0.471296 0.011458 0.018519
0 0.769401 0.173843 0.005469 0.026389
0 0.494922 0.489352 0.015365 0.012963
0 0.449219 0.078704 0.006771 0.024074
2 0.040104 0.512037 0.016146 0.012963
1 0.134245 0.575926 0.033594 0.017593
0 0.121875 0.527778 0.014063 0.011111
0 0.108724 0.540509 0.014844 0.011574
0 0.177995 0.489815 0.015365 0.011111
1 0.280078 0.627778 0.031510 0.026852
0 0.217318 0.561111 0.014844 0.011111
0 0.310417 0.571528 0.014063 0.010648
0 0.055208 0.996065 0.012500 0.007870
0 0.334375 0.539352 0.014583 0.011111
0 0.382422 0.507407 0.013802 0.010185
0 0.345703 0.440972 0.010156 0.019907
0 0.489063 0.162500 0.006250 0.025000
0 0.459766 0.080556 0.007031 0.026852
0 0.987109 0.657407 0.008594 0.024074
0 0.431641 0.536806 0.010677 0.007870
0 0.061198 0.553704 0.015104 0.012037
2 0.074870 0.519213 0.021615 0.014352
2 0.245052 0.565278 0.015625 0.011111
0 0.244271 0.552083 0.015104 0.010648
0 0.269792 0.553472 0.014063 0.010648
0 0.355469 0.602546 0.014063 0.009722
0 0.198698 0.771065 0.013542 0.015278
0 0.482161 0.205093 0.005469 0.023148
0 0.479297 0.124537 0.006510 0.025926
0 0.006771 0.506944 0.011979 0.010185
0 0.160286 0.503704 0.011198 0.011111
2 0.139974 0.560417 0.016406 0.012500
0 0.157031 0.550694 0.015625 0.011574
0 0.218880 0.595139 0.010677 0.009722
0 0.269401 0.566898 0.009635 0.009722
0 0.343229 0.682870 0.014063 0.020370
0 0.416927 0.505093 0.014583 0.010185
0 0.444531 0.507870 0.014583 0.010185
0 0.434245 0.602315 0.014844 0.011111
0 0.864844 0.496528 0.013542 0.010648
0 0.942057 0.500694 0.012760 0.010648
0 0.933854 0.516898 0.013021 0.010648
2 0.908464 0.457176 0.016406 0.011574
