0 0.054167 0.987269 0.012500 0.012500
0 0.082812 0.987500 0.009896 0.012037
0 0.055990 0.995370 0.012500 0.009259
0 0.065625 0.980093 0.011458 0.024074
0 0.092578 0.873380 0.013802 0.016204
0 0.138281 0.892130 0.014063 0.014815
0 0.139323 0.904861 0.011458 0.013426
0 0.263672 0.938426 0.009115 0.014815
0 0.144271 0.753935 0.008854 0.021759
0 0.138672 0.731481 0.009115 0.021296
0 0.090234 0.805556 0.009635 0.022222
0 0.170313 0.623380 0.008333 0.022685
0 0.319271 0.610417 0.014063 0.009722
0 0.366667 0.593287 0.014063 0.011574
0 0.200781 0.757176 0.011979 0.017130
0 0.223828 0.608565 0.013802 0.010648
0 0.232031 0.784259 0.012500 0.015741
0 0.212891 0.745139 0.013802 0.016204
0 0.248568 0.721065 0.013802 0.017130
0 0.264844 0.759028 0.014063 0.015278
0 0.279948 0.748380 0.013542 0.016204
0 0.374740 0.759028 0.011979 0.020833
0 0.408464 0.837731 0.010677 0.022685
0 0.386979 0.860880 0.010417 0.022685
0 0.387630 0.818981 0.010156 0.025926
0 0.185286 0.414815 0.006510 0.024074
0 0.688542 0.109259 0.010937 0.024074
2 0.626432 0.163657 0.010677 0.026389
2 0.622005 0.176157 0.011198 0.018981
0 0.657422 0.125463 0.009635 0.025926
0 0.665625 0.122685 0.009375 0.020370
0 0.650651 0.131250 0.012240 0.024537
0 0.692708 0.012037 0.006250 0.023148
0 0.792318 0.088657 0.015885 0.014352
0 0.760417 0.030093 0.014583 0.012963
0 0.814844 0.080787 0.014063 0.013426
2 0.798438 0.111574 0.015104 0.012963
2 0.759115 0.048611 0.018229 0.014815
2 0.932552 0.041435 0.012500 0.010648
0 0.903776 0.658565 0.005990 0.019907
0 0.860156 0.658796 0.008854 0.021296
0 0.951042 0.700694 0.007292 0.022685
0 0.943490 0.705787 0.006771 0.021759
0 0.935677 0.707176 0.006771 0.025463
0 0.971875 0.795139 0.007812 0.023611
0 0.935286 0.812269 0.008594 0.024537
2 0.927474 0.816898 0.007552 0.018981
2 0.920182 0.816898 0.009115 0.020833
2 0.928516 0.837731 0.009635 0.020833
2 0.922266 0.839583 0.009115 0.025463
0 0.903906 0.925000 0.011979 0.012963
0 0.793359 0.660648 0.011719 0.012037
0 0.749609 0.621759 0.012760 0.013889
0 0.779036 0.671991 0.013281 0.013426
0 0.703776 0.608796 0.006510 0.026852
0 0.761068 0.688194 0.011719 0.012500
0 0.654427 0.666667 0.009375 0.024074
2 0.619271 0.586111 0.020313 0.013889
2 0.662370 0.590278 0.010156 0.026852
0 0.590885 0.765278 0.013021 0.018519
0 0.663411 0.699537 0.014844 0.016667
2 0.645443 0.697917 0.013281 0.030093
0 0.638802 0.648148 0.007292 0.024074
0 0.621615 0.706713 0.010937 0.023611
0 0.614583 0.773611 0.004687 0.028704
0 0.609375 0.734028 0.011458 0.021759
0 0.576432 0.781944 0.012240 0.014815
0 0.602995 0.831944 0.008594 0.023148
0 0.633464 0.732639 0.011198 0.024537
0 0.585677 0.808796 0.015104 0.017593
0 0.623177 0.757176 0.010417 0.022685
0 0.643490 0.869907 0.013021 0.010185
0 0.624740 0.878704 0.006771 0.023148
0 0.621484 0.800231 0.009635 0.023611
0 0.585677 0.476620 0.014063 0.011574
0 0.564714 0.495370 0.014844 0.011111
0 0.355339 0.563194 0.014323 0.010648
0 0.331771 0.579398 0.014063 0.010648
0 0.371615 0.578472 0.013542 0.008796
0 0.110026 0.636574 0.014323 0.009259
0 0.201042 0.806944 0.013542 0.013889
0 0.142578 0.928704 0.010677 0.014815
0 0.378255 0.856250 0.010156 0.024537
2 0.754687 0.102546 0.015625 0.012500
2 0.899870 0.170139 0.016406 0.013426
0 0.968099 0.034954 0.013802 0.012500
0 0.661979 0.346296 0.009896 0.020370
2 0.641927 0.617130 0.006771 0.029630
0 0.631380 0.677083 0.008073 0.018981
2 0.608724 0.820370 0.008594 0.024074
2 0.632161 0.937963 0.007031 0.023148
0 0.552865 0.837500 0.014063 0.016667
0 0.047135 0.356713 0.014063 0.012500
0 0.055990 0.320370 0.007292 0.022222
2 0.048438 0.317824 0.008333 0.026389
0 0.140885 0.917593 0.011979 0.012963
0 0.150000 0.950694 0.012500 0.014352
0 0.152474 0.962731 0.013802 0.018056
0 0.572005 0.819907 0.013281 0.017593
0 0.646484 0.923843 0.005469 0.022685
0 0.628516 0.908565 0.006510 0.022685
2 0.610026 0.188657 0.014844 0.028241
0 0.632943 0.156019 0.009115 0.023148
0 0.632031 0.843056 0.008333 0.025000
0 0.947786 0.037500 0.015885 0.013889
0 0.965495 0.750926 0.013802 0.014815
0 0.557943 0.799074 0.013802 0.017593
0 0.757682 0.452546 0.011719 0.009722
0 0.080078 0.977083 0.009115 0.010648
0 0.077083 0.966435 0.011458 0.012500
0 0.051562 0.974769 0.013021 0.014352
0 0.048177 0.964815 0.013021 0.013889
0 0.227995 0.735880 0.014844 0.017130
0 0.315365 0.724537 0.010937 0.012037
0 0.643620 0.893287 0.006510 0.024537
0 0.695573 0.671296 0.008854 0.025000
2 0.034505 0.312037 0.008594 0.027778
0 0.034245 0.360648 0.008073 0.019444
0 0.024349 0.362963 0.011719 0.027778
0 0.509766 0.953009 0.004948 0.017130
0 0.045312 0.953472 0.011979 0.011574
0 0.216536 0.789120 0.013802 0.014352
0 0.284766 0.690278 0.013802 0.018519
0 0.264844 0.707407 0.014583 0.017593
0 0.332031 0.719676 0.014583 0.010648
0 0.347917 0.727546 0.014063 0.014352
0 0.506771 0.581250 0.005729 0.024537
0 0.721354 0.655787 0.013542 0.011574
2 0.689583 0.606481 0.006771 0.028704
0 0.911458 0.654167 0.006771 0.025000
0 0.964193 0.803241 0.008594 0.023148
0 0.788411 0.143287 0.012240 0.021759
0 0.066667 0.951389 0.010417 0.017593
0 0.984115 0.788889 0.008333 0.022222
0 0.979688 0.272685 0.008854 0.029630
2 0.989062 0.279398 0.011458 0.028241
0 0.988802 0.237037 0.012500 0.012037
0 0.695312 0.048380 0.006250 0.025463
0 0.669922 0.138657 0.013802 0.018981
0 0.523047 0.687037 0.005990 0.025926
2 0.493229 0.776157 0.005729 0.024537
2 0.495312 0.700231 0.005729 0.023611
2 0.494531 0.640509 0.007292 0.027315
0 0.460807 0.434259 0.005469 0.023148
0 0.502083 0.755093 0.006250 0.022222
2 0.472005 0.440046 0.005990 0.026389
0 0.489453 0.416435 0.005469 0.024537
0 0.480078 0.405324 0.006510 0.025463
0 0.501302 0.848611 0.005208 0.022222
0 0.488021 0.378935 0.005729 0.023611
0 0.490495 0.956019 0.005469 0.024074
0 0.491016 0.908333 0.005990 0.026852
0 0.174609 0.780556 0.010677 0.022222
0 0.481380 0.440509 0.005469 0.022685
0 0.497656 0.418519 0.005729 0.026852
0 0.484505 0.340972 0.005990 0.023611
0 0.416016 0.576620 0.012760 0.009722
0 0.168099 0.657870 0.008594 0.025000
0 0.974089 0.304167 0.007031 0.024074
0 0.470573 0.400463 0.006250 0.024074
0 0.173568 0.693056 0.008073 0.024074
2 0.456771 0.346759 0.005729 0.029630
0 0.497266 0.988889 0.005990 0.022222
0 0.332292 0.476157 0.012500 0.021759
2 0.475651 0.318981 0.006510 0.029630
0 0.459505 0.180093 0.005990 0.024074
0 0.459245 0.391898 0.005990 0.021759
0 0.785417 0.162037 0.012500 0.017593
0 0.132682 0.858565 0.013802 0.012500
0 0.466667 0.151389 0.006250 0.025926
2 0.473568 0.265741 0.005990 0.028704
0 0.476953 0.357639 0.005990 0.023611
0 0.042708 0.500231 0.014063 0.010648
0 0.469401 0.191204 0.005990 0.025926
2 0.470313 0.228009 0.006250 0.028241
0 0.296484 0.565741 0.015365 0.011111
0 0.496484 0.378009 0.005469 0.024537
0 0.454167 0.268750 0.006250 0.024537
0 0.455729 0.306713 0.006771 0.027315
0 0.155469 0.825231 0.013542 0.016204
2 0.865495 0.800463 0.008594 0.025000
0 0.249089 0.562963 0.014844 0.011111
2 0.466536 0.331944 0.005990 0.025926
0 0.450781 0.228009 0.005729 0.023611
0 0.468490 0.369907 0.006771 0.025926
0 0.054557 0.474074 0.014323 0.010185
0 0.316406 0.564815 0.013021 0.011111
0 0.450391 0.191435 0.006510 0.025463
0 0.465234 0.301389 0.005990 0.025926
0 0.463672 0.260648 0.005990 0.025926
0 0.212370 0.557639 0.013802 0.010648
2 0.461849 0.215509 0.005990 0.026389
2 0.943750 0.966667 0.014583 0.018519
2 0.351562 0.578472 0.015625 0.010648
0 0.411589 0.562037 0.013802 0.010185
0 0.124089 0.850000 0.013281 0.015741
0 0.449089 0.149306 0.005990 0.026389
0 0.492839 0.838426 0.006510 0.024074
1 0.419922 0.590509 0.031510 0.014352
0 0.699479 0.143519 0.014583 0.013889
0 0.395182 0.562269 0.010156 0.010648
0 0.119401 0.819676 0.014844 0.016204
0 0.464583 0.110417 0.006250 0.026389
0 0.376432 0.563889 0.014844 0.010185
0 0.458073 0.142361 0.006771 0.026389
0 0.418229 0.273148 0.006771 0.022222
0 0.484505 0.310880 0.007031 0.025463
0 0.394531 0.576852 0.014063 0.011111
2 0.979948 0.978009 0.011458 0.039352
2 0.210026 0.571065 0.017448 0.012500
0 0.292708 0.579861 0.014583 0.010648
0 0.155990 0.972222 0.012500 0.016667
0 0.101823 0.626620 0.012500 0.014352
2 0.238151 0.500231 0.022135 0.012500
0 0.271875 0.506019 0.013021 0.012037
0 0.585286 0.218287 0.013281 0.016204
0 0.984115 0.567361 0.009375 0.023611
2 0.509505 0.880556 0.005990 0.025000
0 0.335417 0.564352 0.015104 0.010185
0 0.766797 0.159954 0.005990 0.025463
0 0.445833 0.110185 0.006250 0.024074
2 0.149740 0.548843 0.015625 0.011574
0 0.145833 0.563657 0.012500 0.011574
0 0.232161 0.575463 0.015365 0.011111
0 0.312891 0.579861 0.014844 0.010648
0 0.154427 0.504167 0.013021 0.011111
0 0.444661 0.067593 0.007031 0.025926
0 0.130990 0.560648 0.011979 0.010185
2 0.253255 0.576620 0.015885 0.011574
0 0.230208 0.559954 0.014583 0.011574
0 0.271354 0.562731 0.014063 0.010648
0 0.481901 0.270833 0.005469 0.023148
0 0.479818 0.232639 0.006510 0.026389
2 0.384375 0.592130 0.015625 0.010185
0 0.271354 0.576620 0.010417 0.008796
0 0.426953 0.218519 0.007031 0.025000
0 0.463281 0.069676 0.006250 0.024537
0 0.166146 0.565972 0.014583 0.010648
2 0.616146 0.486574 0.015104 0.011111
0 0.380599 0.384722 0.010677 0.025000
0 0.494010 0.349074 0.005729 0.025926
0 0.193359 0.554167 0.014323 0.011111
0 0.352214 0.450694 0.009115 0.016204
0 0.478385 0.193981 0.006771 0.025926
2 0.171615 0.551389 0.021354 0.013889
0 0.189714 0.568981 0.014844 0.012037
0 0.406250 0.312269 0.009896 0.025463
0 0.453255 0.045602 0.006510 0.026389
0 0.112240 0.544213 0.015104 0.011574
0 0.244271 0.529167 0.014583 0.011111
0 0.206901 0.525000 0.013802 0.010185
2 0.005729 0.511806 0.010937 0.010648
0 0.623177 0.558565 0.014583 0.011574
2 0.441406 0.026620 0.006250 0.028241
2 0.992057 0.597685 0.009635 0.025926
0 0.059635 0.534491 0.013542 0.011574
0 0.035417 0.531250 0.014583 0.011574
0 0.081250 0.553009 0.013542 0.010648
0 0.079818 0.537500 0.013281 0.011111
0 0.385026 0.526620 0.013802 0.010648
0 0.456120 0.102546 0.007031 0.026389
0 0.588021 0.491435 0.013542 0.009722
0 0.431250 0.174769 0.006771 0.026389
0 0.128385 0.545833 0.014063 0.011111
0 0.586849 0.506481 0.013281 0.009259
0 0.178125 0.721991 0.006771 0.022685
0 0.431771 0.125000 0.006250 0.025926
0 0.450651 0.007407 0.007031 0.013889
0 0.423177 0.533796 0.012500 0.011111
2 0.535677 0.177315 0.009896 0.023148
0 0.080859 0.897222 0.013802 0.016667
2 0.429818 0.070370 0.008594 0.043519
0 0.732031 0.124769 0.013542 0.011574
0 0.562500 0.510417 0.014063 0.010648
0 0.461589 0.032176 0.007031 0.025463
0 0.476823 0.149074 0.005729 0.019444
0 0.771484 0.097454 0.014323 0.012500
0 0.303646 0.533102 0.009896 0.007870
0 0.343750 0.594907 0.013542 0.010185
0 0.561719 0.480093 0.014583 0.011111
0 0.677734 0.464815 0.015365 0.010185
0 0.148568 0.937500 0.010677 0.014815
0 0.514062 0.640509 0.005729 0.023611
2 0.145182 0.577083 0.016927 0.012500
1 0.131510 0.592130 0.033854 0.017593
0 0.053385 0.548148 0.013021 0.011111
1 0.192578 0.601620 0.020573 0.013426
0 0.435026 0.604861 0.015365 0.010648
0 0.605208 0.778241 0.007812 0.023148
0 0.505339 0.669213 0.005469 0.025463
0 0.513151 0.737037 0.005990 0.025000
0 0.470052 0.575231 0.012500 0.019907
0 0.114844 0.496296 0.013021 0.011111
0 0.274219 0.593287 0.014063 0.010648
0 0.895964 0.664120 0.005469 0.009722
0 0.515755 0.521528 0.006510 0.026389
2 0.349740 0.521296 0.015104 0.010185
0 0.525911 0.518287 0.005990 0.023611
0 0.104818 0.509491 0.014844 0.011574
0 0.176432 0.582870 0.016406 0.012037
0 0.163281 0.596528 0.015104 0.012500
0 0.295833 0.592824 0.014063 0.010648
0 0.507292 0.482407 0.006250 0.025000
0 0.523958 0.395370 0.006250 0.023148
1 0.505469 0.189352 0.007292 0.037037
0 0.276042 0.729630 0.010417 0.012963
0 0.427344 0.006250 0.006250 0.011574
0 0.996615 0.634491 0.006771 0.024537
2 0.516406 0.464120 0.006250 0.027315
2 0.514714 0.192361 0.007031 0.031944
0 0.506250 0.391898 0.005729 0.021759
0 0.531250 0.354861 0.006250 0.024537
0 0.022135 0.574074 0.014063 0.011111
0 0.212240 0.588194 0.014583 0.012500
0 0.316146 0.593750 0.015104 0.010648
0 0.695052 0.492824 0.014063 0.010648
0 0.531380 0.426852 0.005990 0.023148
0 0.498698 0.234722 0.006771 0.025926
0 0.507422 0.283102 0.007552 0.025463
0 0.520833 0.319676 0.006771 0.025463
2 0.898438 0.427778 0.017188 0.012963
2 0.515495 0.400694 0.005990 0.025463
0 0.006120 0.527546 0.011719 0.011574
0 0.074219 0.565972 0.015104 0.011574
0 0.277083 0.611574 0.015104 0.010185
0 0.680990 0.547454 0.013542 0.010648
0 0.176823 0.843287 0.009896 0.024537
0 0.521484 0.163426 0.007031 0.026852
0 0.492839 0.100000 0.006510 0.025926
0 0.510026 0.081019 0.006510 0.025926
2 0.974479 0.058102 0.015625 0.016204
0 0.500000 0.926852 0.006250 0.024074
0 0.092318 0.583333 0.014844 0.011111
0 0.117708 0.559028 0.011458 0.009722
0 0.828646 0.440972 0.015104 0.010648
2 0.887109 0.522454 0.010677 0.023611
