0 0.054688 0.989120 0.012500 0.012500
0 0.083594 0.990741 0.009896 0.012037
0 0.056771 0.995370 0.012500 0.009259
0 0.066406 0.981944 0.011458 0.024074
0 0.136719 0.897685 0.014063 0.014815
0 0.139323 0.907639 0.011458 0.013426
0 0.264844 0.940046 0.009896 0.017130
0 0.144792 0.758102 0.008854 0.021759
0 0.138932 0.733333 0.009115 0.021296
0 0.091276 0.808333 0.009635 0.022222
0 0.177214 0.618750 0.013281 0.017130
0 0.406901 0.607407 0.013802 0.010185
0 0.367057 0.593981 0.013802 0.010185
0 0.201042 0.760880 0.011979 0.017130
0 0.319792 0.614352 0.014063 0.010185
0 0.232813 0.786574 0.012500 0.015741
0 0.212891 0.747454 0.013802 0.016204
0 0.248568 0.722917 0.013802 0.017130
0 0.264844 0.760417 0.014063 0.015278
0 0.280208 0.748843 0.013542 0.016204
0 0.375260 0.760880 0.011979 0.020833
0 0.408984 0.839120 0.010677 0.022685
0 0.387760 0.862731 0.010417 0.022685
0 0.388151 0.819907 0.010156 0.025926
0 0.185547 0.417130 0.006510 0.024074
0 0.688542 0.109259 0.010937 0.024074
2 0.626432 0.163657 0.010677 0.026389
2 0.622005 0.176157 0.011198 0.018981
0 0.657422 0.125463 0.009635 0.025926
0 0.665625 0.121759 0.009375 0.020370
0 0.650391 0.131944 0.011719 0.025926
0 0.692708 0.012037 0.006250 0.023148
0 0.792839 0.086343 0.015885 0.014352
0 0.760677 0.028241 0.014583 0.012963
0 0.815104 0.078009 0.014063 0.013426
2 0.799740 0.109259 0.015104 0.012963
2 0.759375 0.046296 0.018229 0.014815
2 0.932292 0.039120 0.012500 0.010648
0 0.904818 0.657639 0.005990 0.019907
0 0.861198 0.658333 0.008854 0.021296
0 0.952344 0.700694 0.007292 0.022685
0 0.945052 0.704861 0.006771 0.021759
0 0.937500 0.706250 0.006771 0.025463
0 0.973958 0.794444 0.007812 0.025000
0 0.937240 0.811111 0.008854 0.024074
2 0.929818 0.815972 0.007552 0.018981
2 0.922266 0.816435 0.009115 0.020833
2 0.930078 0.837731 0.009635 0.020833
2 0.924870 0.839120 0.009115 0.025463
0 0.906380 0.924074 0.012240 0.013889
0 0.793880 0.660648 0.011719 0.012037
0 0.751172 0.620370 0.012760 0.013889
0 0.780599 0.671991 0.013281 0.013426
0 0.704557 0.607870 0.006510 0.026852
0 0.761589 0.688194 0.011719 0.012500
0 0.655729 0.667130 0.009375 0.025000
2 0.619271 0.586111 0.020313 0.013889
2 0.663411 0.589815 0.010156 0.026852
0 0.591667 0.765278 0.013021 0.018519
0 0.664453 0.700463 0.014323 0.017593
2 0.646745 0.699769 0.013281 0.030093
0 0.640104 0.648148 0.007292 0.024074
0 0.623437 0.707639 0.010937 0.023611
0 0.616016 0.774537 0.005469 0.026852
0 0.610807 0.734259 0.011198 0.022222
0 0.577734 0.782407 0.012240 0.014815
0 0.602995 0.831944 0.008594 0.023148
0 0.634245 0.733102 0.011198 0.024537
0 0.587240 0.809722 0.015104 0.017593
0 0.624740 0.758102 0.010417 0.022685
0 0.644922 0.869213 0.014323 0.009722
0 0.626042 0.879630 0.006771 0.023148
0 0.622526 0.800231 0.009635 0.023611
0 0.585417 0.477546 0.013542 0.011574
0 0.564974 0.495370 0.014844 0.011111
0 0.355339 0.565046 0.014323 0.010648
0 0.332292 0.580787 0.014063 0.010648
0 0.371875 0.579630 0.013542 0.010185
0 0.143620 0.931481 0.010677 0.014815
0 0.380078 0.859028 0.010156 0.024537
2 0.755729 0.101157 0.015625 0.012500
2 0.901172 0.168287 0.016406 0.013426
0 0.968880 0.031019 0.013802 0.011111
0 0.662240 0.347222 0.009896 0.020370
2 0.642188 0.617593 0.006771 0.029630
0 0.632812 0.678472 0.007292 0.021759
2 0.610677 0.821528 0.009896 0.023611
2 0.634766 0.937963 0.007031 0.023148
0 0.554427 0.837500 0.014063 0.016667
0 0.046875 0.358565 0.014063 0.012500
0 0.055990 0.323148 0.007292 0.022222
2 0.047656 0.320139 0.008333 0.026389
0 0.140885 0.918056 0.011979 0.012963
0 0.151823 0.952083 0.012500 0.014352
0 0.152734 0.964120 0.013802 0.018056
0 0.573307 0.819907 0.013281 0.017593
0 0.648047 0.926157 0.005469 0.021759
0 0.629948 0.909954 0.006250 0.021759
2 0.610547 0.188657 0.014844 0.028241
0 0.632943 0.156019 0.009115 0.023148
0 0.634115 0.843981 0.008333 0.025000
0 0.948307 0.033796 0.015885 0.013889
0 0.967578 0.750231 0.014323 0.014352
0 0.558984 0.799537 0.013802 0.017593
0 0.748568 0.453704 0.011198 0.009259
0 0.080078 0.977083 0.009115 0.010648
0 0.077604 0.968750 0.011458 0.012500
0 0.052344 0.977546 0.013021 0.014352
0 0.049219 0.966667 0.013021 0.013889
0 0.228776 0.738194 0.014844 0.017130
0 0.315885 0.725926 0.010937 0.012037
0 0.646094 0.893750 0.006250 0.024537
0 0.696875 0.671296 0.008854 0.025000
2 0.034505 0.314352 0.008594 0.027778
0 0.034505 0.363426 0.008073 0.019444
0 0.024870 0.366204 0.011719 0.027778
0 0.500000 0.993287 0.006250 0.013426
0 0.046354 0.956250 0.011979 0.011574
0 0.217318 0.791435 0.013802 0.014352
0 0.285286 0.693056 0.013802 0.018519
0 0.265104 0.709722 0.014583 0.017593
0 0.332422 0.722685 0.014844 0.012963
0 0.348438 0.728009 0.014063 0.014352
0 0.722786 0.656250 0.013281 0.012500
2 0.690365 0.606481 0.006771 0.028704
0 0.912240 0.653704 0.006771 0.025000
0 0.966927 0.802778 0.007812 0.023148
0 0.788411 0.142361 0.012240 0.021759
0 0.067708 0.954630 0.010417 0.017593
0 0.986198 0.787037 0.007812 0.021296
0 0.980469 0.269444 0.008854 0.029630
2 0.989844 0.276620 0.010937 0.027315
0 0.989844 0.233796 0.012500 0.012037
0 0.695312 0.046528 0.006250 0.025463
0 0.670182 0.137731 0.013802 0.018981
0 0.460807 0.434259 0.005469 0.023148
0 0.528516 0.758333 0.007031 0.022222
2 0.472656 0.440741 0.006771 0.024074
0 0.489193 0.418287 0.005469 0.024537
0 0.480078 0.407176 0.006510 0.025463
0 0.488021 0.381250 0.006250 0.024537
0 0.513542 0.914120 0.007812 0.026389
0 0.180078 0.755556 0.007552 0.025000
0 0.481380 0.440509 0.005469 0.022685
0 0.498177 0.419676 0.006771 0.026389
0 0.484505 0.340972 0.005990 0.023611
0 0.416536 0.577546 0.012760 0.009722
0 0.167839 0.653241 0.008073 0.023148
0 0.975130 0.300926 0.007031 0.024074
0 0.470313 0.401852 0.006250 0.024074
0 0.172266 0.686111 0.008073 0.024074
2 0.456771 0.350000 0.005729 0.029630
0 0.333203 0.476620 0.012760 0.020833
2 0.475651 0.318981 0.006510 0.029630
0 0.459505 0.180093 0.005990 0.024074
0 0.459505 0.392361 0.005990 0.021759
0 0.785417 0.162037 0.012500 0.017593
0 0.133464 0.860417 0.013802 0.012500
0 0.466406 0.151852 0.006250 0.025926
2 0.473307 0.267130 0.005990 0.028704
0 0.477214 0.359491 0.005990 0.023611
0 0.020964 0.500000 0.013802 0.011111
0 0.469401 0.191204 0.005990 0.025926
2 0.470313 0.228009 0.006250 0.028241
0 0.296484 0.567593 0.015365 0.011111
0 0.495964 0.380324 0.005469 0.024537
0 0.454167 0.268750 0.006250 0.024537
0 0.455729 0.306713 0.006771 0.027315
2 0.865495 0.800463 0.008594 0.025000
0 0.248828 0.564352 0.014844 0.011111
2 0.466016 0.334259 0.005990 0.025926
0 0.450781 0.228009 0.005729 0.023611
0 0.468490 0.369907 0.006771 0.025926
0 0.316406 0.566204 0.013021 0.011111
0 0.450391 0.191435 0.006510 0.025463
0 0.465234 0.302315 0.005990 0.025926
0 0.463672 0.260648 0.005990 0.025926
0 0.212630 0.559491 0.013802 0.010648
2 0.461849 0.216898 0.005990 0.026389
2 0.945443 0.966435 0.015365 0.018981
2 0.351562 0.579861 0.015625 0.010648
0 0.411589 0.562963 0.013802 0.010185
0 0.449089 0.149306 0.005990 0.026389
0 0.492969 0.889583 0.006250 0.025463
1 0.419922 0.592361 0.031510 0.014352
0 0.627865 0.209028 0.011458 0.018056
0 0.395573 0.563194 0.010937 0.009722
0 0.120833 0.821991 0.014063 0.017130
0 0.464583 0.109954 0.006250 0.026389
0 0.376693 0.565278 0.014844 0.010185
0 0.458073 0.142361 0.006771 0.026389
0 0.417969 0.276389 0.008854 0.025926
0 0.484505 0.310880 0.007031 0.025463
0 0.394531 0.578241 0.014063 0.011111
2 0.981771 0.976157 0.011458 0.039352
2 0.210547 0.573380 0.017448 0.012500
0 0.292708 0.581250 0.014583 0.010648
0 0.157031 0.975463 0.012500 0.016667
0 0.101823 0.629398 0.012500 0.014352
0 0.585807 0.217824 0.013281 0.017130
0 0.986198 0.564583 0.009375 0.023611
0 0.335417 0.565741 0.015104 0.010185
0 0.766797 0.159954 0.005990 0.025463
0 0.445833 0.112963 0.006250 0.024074
2 0.150000 0.550694 0.015625 0.011574
0 0.146615 0.565509 0.012500 0.011574
0 0.232682 0.576852 0.015365 0.011111
0 0.313151 0.581713 0.014844 0.010648
0 0.444661 0.067593 0.007031 0.025926
0 0.130990 0.562500 0.011979 0.010185
2 0.253516 0.578935 0.015885 0.011574
0 0.230208 0.561806 0.014583 0.011574
0 0.271354 0.565509 0.014063 0.010648
0 0.481641 0.270833 0.005469 0.023148
0 0.480078 0.234028 0.006510 0.026389
2 0.383594 0.593519 0.015625 0.010185
0 0.271875 0.578935 0.010417 0.008796
0 0.426042 0.225463 0.006771 0.025000
0 0.463021 0.069213 0.006250 0.024537
0 0.166406 0.567361 0.014583 0.010648
2 0.616927 0.487963 0.015104 0.011111
0 0.378125 0.391667 0.009896 0.021296
0 0.494010 0.349074 0.005729 0.025926
0 0.193359 0.556481 0.014323 0.011111
0 0.357292 0.438657 0.011458 0.023611
0 0.478385 0.193981 0.006771 0.025926
2 0.171875 0.552778 0.021354 0.013889
0 0.189974 0.571296 0.014844 0.012037
0 0.402214 0.331250 0.009115 0.022685
0 0.452995 0.045602 0.006510 0.026389
0 0.112240 0.546991 0.015104 0.011574
0 0.203646 0.526852 0.013542 0.010185
2 0.004818 0.513194 0.009115 0.011574
0 0.705078 0.526620 0.014844 0.012500
2 0.441146 0.026620 0.006250 0.028241
2 0.993880 0.594676 0.009115 0.026389
0 0.060417 0.536806 0.013542 0.011574
0 0.035937 0.533565 0.014583 0.011574
0 0.082292 0.554861 0.013542 0.010648
0 0.079818 0.539352 0.013281 0.011111
0 0.456120 0.103935 0.007031 0.026389
0 0.588672 0.491435 0.013802 0.009722
0 0.128646 0.548611 0.014063 0.011111
0 0.586198 0.506481 0.012500 0.009259
0 0.178125 0.713889 0.007292 0.023148
0 0.450911 0.008102 0.007031 0.015278
0 0.308984 0.500231 0.010677 0.010648
0 0.081901 0.900463 0.013802 0.016667
2 0.430599 0.175000 0.008594 0.042593
0 0.563021 0.510880 0.014063 0.010648
0 0.461068 0.032639 0.006510 0.025463
0 0.476302 0.149537 0.005729 0.019444
0 0.772005 0.095139 0.014323 0.012500
0 0.345833 0.596296 0.013542 0.010185
0 0.562500 0.480556 0.014583 0.011111
0 0.616146 0.470370 0.014583 0.010185
0 0.149349 0.939815 0.010677 0.014815
2 0.194401 0.587269 0.016927 0.012500
1 0.213411 0.618519 0.033073 0.022222
0 0.053646 0.550463 0.013021 0.011111
1 0.277344 0.611574 0.020313 0.012963
0 0.435547 0.605787 0.015365 0.010648
0 0.497135 0.661111 0.005729 0.025926
0 0.494271 0.804630 0.005729 0.025000
0 0.112891 0.512963 0.010156 0.008333
0 0.274870 0.593981 0.014844 0.011111
0 0.897266 0.664120 0.005469 0.009722
0 0.508203 0.520602 0.005469 0.023611
0 0.056641 0.505556 0.014844 0.012037
0 0.218359 0.591204 0.016406 0.012037
0 0.236458 0.608102 0.015104 0.012500
0 0.295573 0.593750 0.014063 0.010648
0 0.521484 0.316667 0.006510 0.025926
0 0.336068 0.705324 0.014323 0.010648
0 0.430990 0.097685 0.006250 0.025926
0 0.997396 0.634028 0.005208 0.025463
0 0.508203 0.421991 0.005990 0.022685
0 0.109505 0.588889 0.013802 0.012037
0 0.250781 0.596065 0.015104 0.010648
0 0.316927 0.597454 0.015104 0.010648
0 0.612760 0.503704 0.014583 0.010185
0 0.499479 0.062269 0.007292 0.028241
0 0.501953 0.272222 0.006510 0.025926
2 0.788021 0.445833 0.017188 0.012963
0 0.008073 0.531019 0.014583 0.012037
0 0.155859 0.597454 0.014844 0.011574
0 0.388021 0.610185 0.015104 0.010185
0 0.704688 0.542361 0.013542 0.010648
0 0.488151 0.011343 0.005990 0.021759
0 0.508464 0.056713 0.006510 0.026389
0 0.491797 0.956713 0.006510 0.025463
0 0.117969 0.561343 0.011458 0.009722
0 0.767578 0.451852 0.013802 0.012037
0 0.201432 0.810417 0.013281 0.014352
0 0.110417 0.638194 0.013542 0.010648
0 0.795833 0.099074 0.014583 0.013889
2 0.967318 0.523843 0.012240 0.020833
0 0.507943 0.592824 0.005990 0.024537
0 0.494141 0.125463 0.006510 0.025926
0 0.513281 0.327778 0.007292 0.025926
2 0.979557 0.390972 0.010677 0.016204
0 0.496484 0.722454 0.005990 0.022685
2 0.448568 0.558796 0.013281 0.015741
0 0.267188 0.547222 0.014063 0.010185
0 0.130859 0.507176 0.012760 0.009722
0 0.275391 0.733565 0.013802 0.015278
0 0.473177 0.075463 0.006771 0.025926
0 0.505859 0.177083 0.007031 0.024537
0 0.429167 0.037731 0.007292 0.028241
0 0.847266 0.072917 0.014844 0.014352
0 0.648568 0.644444 0.007031 0.021296
0 0.510677 0.990509 0.005729 0.018981
2 0.385156 0.536343 0.015625 0.009722
0 0.256510 0.509028 0.014063 0.011574
0 0.025651 0.562037 0.015885 0.012037
0 0.171224 0.584722 0.015365 0.011111
0 0.394531 0.764120 0.010417 0.015278
2 0.496875 0.011111 0.006771 0.021296
0 0.491667 0.991435 0.006250 0.017130
0 0.501302 0.923611 0.006250 0.025926
2 0.503516 0.826389 0.005469 0.025000
0 0.503255 0.745602 0.005990 0.022685
0 0.515234 0.711111 0.006510 0.025000
0 0.487240 0.599537 0.009896 0.023148
0 0.518359 0.544676 0.005990 0.018056
2 0.517839 0.453472 0.005469 0.025463
2 0.341667 0.520602 0.015625 0.009722
0 0.211979 0.510648 0.013542 0.010185
2 0.176693 0.508102 0.015365 0.011574
2 0.091667 0.494213 0.022917 0.013426
0 0.034375 0.547685 0.016146 0.012963
