0 0.054688 0.989120 0.012500 0.012500
0 0.084635 0.991204 0.009896 0.012037
0 0.066927 0.981481 0.011458 0.024074
0 0.136979 0.897222 0.014063 0.014815
0 0.139323 0.907639 0.011458 0.013426
0 0.265365 0.940046 0.009896 0.017130
0 0.145052 0.758102 0.008854 0.021759
0 0.139714 0.732870 0.009115 0.021296
0 0.092057 0.808333 0.009635 0.022222
0 0.209245 0.612731 0.013802 0.011574
0 0.407682 0.606019 0.013802 0.010185
0 0.367839 0.593981 0.013802 0.010185
0 0.201042 0.760880 0.011979 0.017130
0 0.357812 0.612500 0.014063 0.010185
0 0.232813 0.786574 0.012500 0.015741
0 0.212891 0.747454 0.013802 0.016204
0 0.249609 0.722917 0.013802 0.017130
0 0.264844 0.760417 0.014063 0.015278
0 0.280208 0.748843 0.013542 0.016204
0 0.376042 0.760880 0.011979 0.020833
0 0.409505 0.838657 0.010677 0.022685
0 0.388281 0.862731 0.010417 0.022685
0 0.388932 0.820370 0.010156 0.025926
0 0.185807 0.415741 0.006510 0.024074
0 0.688802 0.108333 0.010937 0.024074
2 0.626432 0.163657 0.010677 0.026389
2 0.622005 0.176157 0.011198 0.018981
0 0.657422 0.125463 0.009635 0.025926
0 0.665365 0.120370 0.009375 0.020370
0 0.650130 0.130556 0.011719 0.025926
0 0.693229 0.009954 0.005729 0.018981
0 0.792839 0.086343 0.015885 0.014352
0 0.760938 0.026389 0.014583 0.012963
0 0.814583 0.076157 0.014063 0.013426
2 0.799740 0.109259 0.015104 0.012963
2 0.759375 0.044444 0.018229 0.014815
2 0.932552 0.037731 0.012500 0.010648
0 0.905859 0.656250 0.005990 0.019907
0 0.861198 0.658333 0.008854 0.021296
0 0.953125 0.697917 0.007812 0.022685
0 0.945833 0.703009 0.006771 0.021759
0 0.938281 0.704861 0.006771 0.025463
0 0.974740 0.791667 0.007812 0.025000
0 0.937240 0.809722 0.008854 0.024074
2 0.930078 0.814120 0.007552 0.018981
2 0.923307 0.814583 0.009115 0.020833
2 0.930859 0.835880 0.009635 0.020833
2 0.924870 0.839120 0.009115 0.025463
0 0.907161 0.923148 0.012240 0.013889
0 0.794922 0.658333 0.011719 0.012037
0 0.751172 0.620370 0.012760 0.013889
0 0.781120 0.670602 0.013281 0.013426
0 0.705078 0.606019 0.006510 0.026852
0 0.762630 0.687731 0.011719 0.012500
0 0.655859 0.665509 0.009115 0.025463
2 0.620182 0.584259 0.020573 0.014815
2 0.663411 0.589815 0.010156 0.026852
0 0.591667 0.765278 0.013021 0.018519
0 0.665755 0.698148 0.014323 0.017593
2 0.647526 0.698380 0.012760 0.028241
0 0.640885 0.645833 0.007292 0.024074
0 0.623698 0.706250 0.010937 0.023611
0 0.616146 0.773148 0.005729 0.027778
0 0.610807 0.734259 0.011198 0.022222
0 0.577734 0.782407 0.012240 0.014815
0 0.604818 0.832407 0.008594 0.023148
0 0.635026 0.731250 0.011198 0.024537
0 0.587240 0.809722 0.015104 0.017593
0 0.624740 0.758102 0.010417 0.022685
0 0.645573 0.868519 0.013542 0.011111
0 0.626693 0.878009 0.006510 0.023611
0 0.623307 0.798843 0.009635 0.023611
0 0.586719 0.474769 0.013542 0.011574
0 0.565495 0.494444 0.014844 0.011111
0 0.356120 0.563657 0.014323 0.010648
0 0.332813 0.579398 0.014063 0.010648
0 0.372917 0.578704 0.013542 0.010185
0 0.144922 0.930556 0.010677 0.014815
0 0.380078 0.859028 0.010156 0.024537
2 0.755599 0.100231 0.015885 0.010648
2 0.901432 0.166435 0.016406 0.013426
0 0.968880 0.031019 0.013802 0.011111
0 0.662240 0.347222 0.009896 0.020370
2 0.643229 0.614583 0.006250 0.028241
0 0.633464 0.678009 0.007552 0.018981
2 0.610677 0.821528 0.009896 0.023611
2 0.634766 0.937963 0.007031 0.023148
0 0.554427 0.837500 0.014063 0.016667
0 0.046875 0.358565 0.014063 0.012500
0 0.055990 0.323148 0.007292 0.022222
2 0.047656 0.320139 0.008333 0.026389
0 0.143229 0.918519 0.011979 0.012963
0 0.151823 0.952546 0.012500 0.014352
0 0.153516 0.964583 0.013802 0.018056
0 0.573307 0.819907 0.013281 0.017593
0 0.649089 0.923843 0.005469 0.021759
0 0.630729 0.909028 0.006250 0.021759
2 0.610547 0.187731 0.014844 0.028241
0 0.633203 0.154630 0.009115 0.023148
0 0.634115 0.842593 0.008333 0.025000
0 0.948307 0.033796 0.015885 0.013889
0 0.967839 0.749306 0.014323 0.014352
0 0.558984 0.799537 0.013802 0.017593
0 0.748047 0.451852 0.011198 0.009259
0 0.081901 0.979861 0.009115 0.010648
0 0.078125 0.969213 0.011458 0.012500
0 0.052604 0.977546 0.013021 0.014352
0 0.049740 0.966667 0.013021 0.013889
0 0.228776 0.738194 0.014844 0.017130
0 0.315885 0.725926 0.010937 0.012037
0 0.646354 0.890972 0.006250 0.024537
0 0.697396 0.669444 0.008854 0.025000
2 0.034505 0.314352 0.008594 0.027778
0 0.034505 0.363426 0.008073 0.019444
0 0.024870 0.366204 0.011719 0.027778
0 0.046875 0.956250 0.011979 0.011574
0 0.217318 0.790972 0.013802 0.014352
0 0.286849 0.693056 0.013802 0.018519
0 0.266406 0.709259 0.014583 0.017593
0 0.332422 0.722685 0.014844 0.012963
0 0.348438 0.728009 0.014063 0.014352
0 0.723307 0.654398 0.013281 0.012500
2 0.691146 0.605556 0.006771 0.028704
0 0.913542 0.650926 0.006771 0.025000
0 0.967187 0.799537 0.007812 0.023148
0 0.788672 0.141898 0.012240 0.021759
0 0.067708 0.954630 0.010417 0.017593
0 0.986719 0.786111 0.007812 0.021296
0 0.980990 0.267593 0.008854 0.029630
2 0.990104 0.273843 0.010937 0.027315
0 0.990365 0.231944 0.012500 0.012037
0 0.695312 0.046528 0.006250 0.025463
0 0.670703 0.136343 0.013802 0.018981
0 0.460807 0.434259 0.005469 0.023148
2 0.472917 0.439815 0.006771 0.024074
0 0.489974 0.415509 0.005990 0.023611
0 0.480078 0.406250 0.006510 0.025463
0 0.488021 0.381250 0.006250 0.024537
0 0.180339 0.754630 0.007552 0.025000
0 0.482161 0.439583 0.005469 0.022685
0 0.498177 0.418287 0.006771 0.026389
0 0.485026 0.340509 0.005990 0.023611
0 0.417057 0.576620 0.012760 0.009722
0 0.173177 0.623843 0.010417 0.022685
0 0.975130 0.299537 0.007031 0.024074
0 0.470573 0.399537 0.006250 0.024074
0 0.169401 0.657870 0.008073 0.024074
2 0.457031 0.349074 0.005729 0.029630
0 0.307292 0.498380 0.014583 0.015278
2 0.475911 0.318056 0.006510 0.029630
0 0.459505 0.178704 0.005990 0.024074
0 0.459505 0.392361 0.005990 0.021759
0 0.785417 0.159259 0.012500 0.017593
0 0.134766 0.859491 0.013802 0.012500
0 0.467187 0.149074 0.006250 0.025926
2 0.473568 0.265741 0.005990 0.028704
0 0.477734 0.358102 0.005990 0.023611
0 0.027604 0.502546 0.011458 0.009722
0 0.469401 0.191204 0.005990 0.025926
2 0.470313 0.228009 0.006250 0.028241
0 0.297266 0.567130 0.015365 0.011111
0 0.496484 0.380324 0.005469 0.024537
0 0.454167 0.268750 0.006250 0.024537
0 0.455729 0.306713 0.006771 0.027315
2 0.867318 0.798611 0.008594 0.025000
0 0.249349 0.564815 0.014844 0.011111
2 0.466276 0.332407 0.005990 0.025926
0 0.450781 0.228009 0.005729 0.023611
0 0.469010 0.369444 0.006771 0.025926
0 0.316406 0.566204 0.013021 0.011111
0 0.450130 0.189120 0.006510 0.025463
0 0.465234 0.302315 0.005990 0.025926
0 0.463672 0.260648 0.005990 0.025926
0 0.212630 0.559491 0.013802 0.010648
2 0.461849 0.216898 0.005990 0.026389
2 0.946745 0.963657 0.015365 0.018981
2 0.351562 0.579861 0.015625 0.010648
0 0.413151 0.561574 0.013802 0.010185
0 0.449089 0.149306 0.005990 0.026389
1 0.420964 0.591435 0.031510 0.014352
0 0.572786 0.241435 0.013281 0.013426
0 0.396094 0.562731 0.010937 0.009722
0 0.120833 0.821991 0.014063 0.017130
0 0.464583 0.109954 0.006250 0.026389
0 0.377214 0.563426 0.014844 0.010185
0 0.458073 0.141435 0.006771 0.026389
0 0.394141 0.349074 0.010677 0.024074
0 0.484766 0.309954 0.007031 0.025463
0 0.395833 0.577778 0.014063 0.011111
2 0.982292 0.973843 0.011458 0.039352
2 0.211068 0.573380 0.017448 0.012500
0 0.293750 0.580324 0.014583 0.010648
0 0.157812 0.974537 0.012500 0.016667
0 0.101823 0.629398 0.012500 0.014352
0 0.586068 0.215972 0.013281 0.017130
0 0.974479 0.511343 0.010417 0.020833
0 0.335938 0.564815 0.015104 0.010185
0 0.766797 0.159954 0.005990 0.025463
0 0.445833 0.112963 0.006250 0.024074
2 0.150000 0.550694 0.015625 0.011574
0 0.146615 0.565509 0.012500 0.011574
0 0.232943 0.576852 0.015365 0.011111
0 0.313932 0.581250 0.014844 0.010648
0 0.444401 0.066204 0.007031 0.025926
0 0.131771 0.561574 0.011979 0.010185
2 0.253776 0.578472 0.015885 0.011574
0 0.230729 0.561343 0.014583 0.011574
0 0.272396 0.565509 0.014063 0.010648
0 0.482161 0.270370 0.005469 0.023148
0 0.480078 0.234028 0.006510 0.026389
2 0.385677 0.593519 0.015625 0.010185
0 0.272135 0.578935 0.010417 0.008796
0 0.414193 0.290509 0.009635 0.024537
0 0.463542 0.067593 0.006250 0.025000
0 0.166667 0.567361 0.014583 0.010648
2 0.617188 0.486111 0.015104 0.011111
0 0.357682 0.435648 0.010677 0.019444
0 0.494010 0.349074 0.005729 0.025926
0 0.193359 0.556481 0.014323 0.011111
0 0.338021 0.477083 0.011979 0.022685
0 0.478385 0.193981 0.006771 0.025926
2 0.172917 0.553241 0.021354 0.013889
0 0.190495 0.571296 0.014844 0.012037
0 0.376042 0.396528 0.009896 0.021759
0 0.452995 0.045602 0.006510 0.026389
0 0.113021 0.546528 0.015104 0.011574
0 0.145052 0.502083 0.014063 0.011574
2 0.005339 0.513426 0.010156 0.012037
0 0.705859 0.524769 0.014844 0.012500
2 0.441406 0.025694 0.006250 0.028241
2 0.990104 0.572222 0.009896 0.025000
0 0.060417 0.536806 0.013542 0.011574
0 0.035937 0.533565 0.014583 0.011574
0 0.083333 0.554861 0.013542 0.010648
0 0.080599 0.539815 0.013281 0.011111
0 0.456120 0.103935 0.007031 0.026389
0 0.589974 0.490046 0.013802 0.009722
0 0.128906 0.548611 0.014063 0.011111
0 0.587240 0.505093 0.012500 0.009259
0 0.175781 0.690278 0.007812 0.021296
0 0.450911 0.007870 0.007031 0.014815
0 0.258984 0.506019 0.010677 0.009259
0 0.082943 0.900463 0.013802 0.016667
2 0.425781 0.231944 0.010937 0.042593
0 0.563802 0.509954 0.014063 0.010648
0 0.461589 0.030324 0.006510 0.025463
0 0.476823 0.147685 0.005729 0.019444
0 0.772005 0.095139 0.014323 0.012500
0 0.346875 0.594907 0.013542 0.010185
0 0.563281 0.478704 0.014583 0.011111
0 0.607292 0.469907 0.014583 0.010185
0 0.149870 0.940278 0.010677 0.014815
2 0.202214 0.587269 0.016927 0.011574
1 0.288802 0.641435 0.032292 0.027315
0 0.053906 0.551389 0.013021 0.011111
1 0.311979 0.611111 0.020313 0.012963
0 0.436458 0.604398 0.016146 0.010648
0 0.497526 0.669213 0.006510 0.024537
0 0.494792 0.813889 0.005729 0.025926
0 0.109115 0.513889 0.013542 0.010185
0 0.274609 0.593981 0.014844 0.011111
0 0.898307 0.662269 0.005469 0.009722
0 0.535417 0.466667 0.006250 0.023148
0 0.058333 0.503935 0.013542 0.009722
0 0.239453 0.605093 0.015885 0.015741
0 0.268359 0.608565 0.014844 0.010648
0 0.296615 0.593287 0.014063 0.010648
0 0.422266 0.788426 0.012760 0.020370
0 0.431510 0.143981 0.006250 0.025926
0 0.507943 0.384259 0.005990 0.025000
0 0.142708 0.593981 0.013542 0.011111
0 0.251302 0.596065 0.015104 0.010648
0 0.317969 0.596528 0.015104 0.010648
0 0.613802 0.501852 0.014583 0.010185
0 0.486719 0.169907 0.006771 0.023148
0 0.503385 0.312731 0.005208 0.022685
2 0.788542 0.444444 0.017188 0.012963
0 0.008854 0.530556 0.014583 0.012037
0 0.186328 0.602778 0.014323 0.012037
0 0.389583 0.608796 0.015104 0.010185
0 0.709375 0.539583 0.013542 0.010648
0 0.489583 0.015741 0.006250 0.027778
0 0.499870 0.062500 0.007031 0.025926
0 0.491927 0.979861 0.005729 0.023611
0 0.118750 0.560417 0.011458 0.009722
0 0.767318 0.450000 0.013802 0.012037
0 0.201693 0.810417 0.013281 0.014352
0 0.110417 0.638194 0.013542 0.010648
0 0.825260 0.083102 0.015104 0.014352
2 0.992057 0.627083 0.010156 0.023611
0 0.509635 0.083333 0.007292 0.026852
2 0.991797 0.362269 0.009115 0.018056
0 0.496745 0.739583 0.005990 0.025463
2 0.357682 0.545370 0.013802 0.009259
0 0.363411 0.719213 0.013281 0.015278
0 0.475000 0.103241 0.006771 0.025926
0 0.498177 0.219444 0.007292 0.022222
0 0.431641 0.090046 0.007031 0.028241
0 0.869661 0.075926 0.015365 0.012963
0 0.660937 0.562963 0.009375 0.020370
2 0.269531 0.532870 0.015104 0.010185
0 0.173568 0.584722 0.015365 0.011111
0 0.454948 0.862731 0.008333 0.018056
0 0.500911 0.988194 0.005990 0.023611
2 0.507552 0.686806 0.006250 0.025463
0 0.485026 0.594213 0.010156 0.021759
2 0.277083 0.518519 0.014583 0.009259
0 0.189323 0.514583 0.014583 0.011574
2 0.101953 0.496759 0.014323 0.010185
2 0.013542 0.485185 0.024479 0.014815
0 0.035156 0.547917 0.016146 0.011574
0 0.116927 0.574537 0.015625 0.010185
0 0.429427 0.046065 0.006771 0.026389
2 0.469010 0.027778 0.006771 0.030556
0 0.511979 0.280556 0.005729 0.019444
2 0.506120 0.185417 0.007031 0.026389
0 0.499740 0.613657 0.007812 0.021759
2 0.511068 0.949074 0.006510 0.029630
0 0.546615 0.826389 0.014063 0.019444
0 0.502865 0.854861 0.005729 0.025463
0 0.152214 0.533796 0.014323 0.011111
0 0.459505 0.561574 0.013281 0.017593
0 0.478255 0.015509 0.006510 0.025463
2 0.519271 0.881481 0.008854 0.028704
2 0.494010 0.871296 0.006250 0.027778
0 0.504427 0.797454 0.006250 0.025463
0 0.518229 0.470370 0.006250 0.023148
0 0.422266 0.531250 0.013802 0.013426
