0 0.056250 0.990509 0.012500 0.012500
0 0.085677 0.993056 0.009896 0.012037
0 0.067969 0.981481 0.011458 0.024074
0 0.137760 0.898148 0.014063 0.014815
0 0.140234 0.908333 0.012760 0.014815
0 0.265755 0.940509 0.009635 0.014352
0 0.146094 0.759491 0.008854 0.021759
0 0.139974 0.735185 0.009115 0.021296
0 0.092318 0.809491 0.010156 0.023611
0 0.273177 0.611574 0.013542 0.010185
0 0.409245 0.607176 0.013802 0.010648
0 0.367708 0.594213 0.013542 0.009722
0 0.202604 0.761806 0.011979 0.017130
0 0.370182 0.612963 0.013802 0.011111
0 0.233333 0.787037 0.012500 0.015741
0 0.215234 0.748843 0.013802 0.016204
0 0.250130 0.724306 0.013802 0.017130
0 0.264844 0.760417 0.014063 0.015278
0 0.281641 0.748611 0.014844 0.016667
0 0.376563 0.760417 0.011979 0.020833
0 0.409766 0.838194 0.010677 0.022685
0 0.389583 0.861806 0.010417 0.022685
0 0.389193 0.820370 0.010156 0.025926
0 0.185547 0.418519 0.006510 0.024074
0 0.689063 0.106481 0.010937 0.024074
2 0.626042 0.160648 0.010937 0.025926
2 0.621354 0.173843 0.012500 0.022685
0 0.657422 0.125463 0.009635 0.025926
0 0.664583 0.120370 0.009375 0.020370
0 0.649609 0.132407 0.011719 0.025926
0 0.692057 0.011111 0.005990 0.021296
0 0.792057 0.086574 0.016406 0.014815
0 0.759375 0.027778 0.014583 0.012963
0 0.813802 0.078009 0.014063 0.013426
2 0.798307 0.108565 0.015885 0.013426
2 0.758333 0.045370 0.018229 0.014815
2 0.931250 0.036806 0.012500 0.010648
0 0.905339 0.655787 0.005990 0.019907
0 0.861198 0.656481 0.008854 0.021296
0 0.952214 0.696759 0.007552 0.021296
0 0.945573 0.702546 0.006771 0.021759
0 0.936979 0.703009 0.006771 0.025463
0 0.973437 0.791667 0.007812 0.024074
0 0.937109 0.809491 0.008594 0.023611
2 0.930078 0.812269 0.007552 0.018981
2 0.923307 0.813194 0.009115 0.020833
2 0.930859 0.835880 0.009635 0.020833
2 0.926172 0.835880 0.008594 0.023611
0 0.906641 0.920833 0.012240 0.013889
0 0.793620 0.658796 0.011719 0.012037
0 0.751042 0.619444 0.011979 0.014815
0 0.780339 0.670602 0.013281 0.013426
0 0.704557 0.607870 0.006510 0.026852
0 0.762891 0.685417 0.011719 0.012500
0 0.655859 0.665509 0.009115 0.025463
2 0.619922 0.585648 0.020573 0.014815
2 0.663411 0.590278 0.010156 0.027778
0 0.591927 0.764352 0.013021 0.018519
0 0.664714 0.699074 0.014323 0.017593
2 0.646615 0.697685 0.013021 0.030556
0 0.640104 0.646528 0.007292 0.024537
0 0.623698 0.706250 0.010937 0.023611
0 0.616146 0.773148 0.005729 0.027778
0 0.610807 0.735185 0.011198 0.022222
0 0.578516 0.780093 0.012240 0.014815
0 0.604818 0.832407 0.008594 0.023148
0 0.635026 0.731250 0.011198 0.024537
0 0.587760 0.809259 0.015104 0.017593
0 0.625260 0.755787 0.010417 0.022685
0 0.645573 0.868519 0.013542 0.011111
0 0.626693 0.878009 0.006510 0.023611
0 0.622526 0.799769 0.009635 0.023611
0 0.585417 0.476620 0.013542 0.011574
0 0.564714 0.494907 0.014844 0.011111
0 0.355859 0.565046 0.014323 0.010648
0 0.332813 0.581250 0.014063 0.010648
0 0.372135 0.580093 0.013542 0.010185
0 0.144922 0.932639 0.011198 0.015278
0 0.380339 0.858565 0.010156 0.024537
2 0.753646 0.100463 0.015104 0.012963
2 0.899609 0.167824 0.016406 0.013426
0 0.967448 0.030556 0.013542 0.012037
0 0.662760 0.343519 0.009896 0.019444
2 0.643229 0.615972 0.006250 0.028241
0 0.632682 0.678241 0.007552 0.019444
2 0.610938 0.820139 0.009896 0.023611
2 0.635286 0.937037 0.007031 0.023148
0 0.555208 0.835185 0.014583 0.017593
0 0.047135 0.360880 0.014063 0.012500
0 0.055990 0.326389 0.007292 0.022222
2 0.048177 0.322454 0.008333 0.026389
0 0.142969 0.920370 0.011979 0.012963
0 0.152344 0.953935 0.012500 0.014352
0 0.155078 0.965972 0.014323 0.017130
0 0.574219 0.819676 0.013021 0.017130
0 0.649089 0.923843 0.005469 0.021759
0 0.630859 0.909259 0.005469 0.021296
2 0.609635 0.188426 0.015625 0.028704
0 0.632422 0.155093 0.009115 0.024074
0 0.633594 0.843519 0.008333 0.025000
0 0.947005 0.033102 0.015885 0.014352
0 0.966276 0.747454 0.013281 0.015278
0 0.559245 0.798611 0.013802 0.017593
0 0.666536 0.464583 0.013281 0.009722
0 0.082422 0.983102 0.009115 0.010648
0 0.079687 0.970139 0.011458 0.012500
0 0.054427 0.979398 0.013021 0.014352
0 0.050521 0.969444 0.013021 0.016667
0 0.229818 0.739120 0.014844 0.017130
0 0.317057 0.726157 0.011198 0.012500
0 0.646354 0.890972 0.006250 0.024537
0 0.697396 0.668519 0.008854 0.025000
2 0.034766 0.316204 0.008594 0.027778
0 0.034505 0.364815 0.008073 0.019444
0 0.024870 0.368056 0.011719 0.027778
0 0.047266 0.958333 0.011198 0.012963
0 0.218099 0.791898 0.013802 0.014352
0 0.286589 0.694444 0.013802 0.018519
0 0.266406 0.709259 0.014583 0.017593
0 0.333984 0.722685 0.014844 0.012963
0 0.349219 0.728935 0.014063 0.014352
0 0.722526 0.654167 0.013802 0.012963
2 0.690365 0.605093 0.006771 0.028704
0 0.912760 0.650926 0.006771 0.025000
0 0.966406 0.798843 0.007812 0.023611
0 0.787500 0.139815 0.013021 0.019444
0 0.068750 0.955093 0.010417 0.017593
0 0.985156 0.784491 0.007292 0.021759
0 0.979427 0.267361 0.008333 0.027315
2 0.988542 0.274769 0.011979 0.028241
0 0.988802 0.233102 0.012500 0.012500
0 0.694141 0.046991 0.005990 0.025463
0 0.669661 0.137269 0.013802 0.018981
0 0.461198 0.433796 0.006250 0.023148
2 0.472396 0.440741 0.006250 0.025000
0 0.489193 0.417824 0.005990 0.023611
0 0.480078 0.406713 0.006510 0.025463
0 0.487760 0.380324 0.006250 0.024537
0 0.175781 0.694676 0.007812 0.022685
0 0.481641 0.440509 0.005469 0.022685
0 0.497656 0.419676 0.006771 0.026389
0 0.484245 0.341435 0.005990 0.023611
0 0.417057 0.577083 0.012760 0.010648
0 0.974479 0.300463 0.005729 0.025000
0 0.470052 0.401852 0.006250 0.024074
0 0.177734 0.618981 0.012760 0.020370
2 0.456510 0.349074 0.005729 0.029630
0 0.267578 0.534722 0.014323 0.011111
2 0.475391 0.319907 0.006510 0.029630
0 0.458854 0.180324 0.006250 0.023611
0 0.459505 0.392824 0.005990 0.021759
0 0.784896 0.157407 0.012500 0.017593
0 0.134896 0.862963 0.014063 0.016667
0 0.466146 0.152315 0.006250 0.025926
2 0.473568 0.265741 0.005990 0.028704
0 0.477474 0.358565 0.005990 0.023611
0 0.469271 0.191898 0.006771 0.025463
2 0.470052 0.227546 0.006250 0.028241
0 0.297266 0.567130 0.015365 0.011111
0 0.496224 0.380324 0.005469 0.024537
0 0.453646 0.269676 0.006250 0.024537
0 0.455990 0.307407 0.006250 0.027778
2 0.867578 0.796296 0.008594 0.025000
0 0.249870 0.564815 0.014844 0.011111
2 0.465755 0.333796 0.005990 0.025926
0 0.450260 0.226620 0.005729 0.023611
0 0.468490 0.370833 0.006771 0.025926
0 0.316927 0.566435 0.012500 0.009722
0 0.449870 0.191435 0.006510 0.025463
0 0.464974 0.302778 0.005990 0.025926
0 0.463672 0.261574 0.005990 0.025926
0 0.213411 0.561343 0.013802 0.010648
2 0.461328 0.217361 0.005990 0.026389
2 0.945964 0.963426 0.014844 0.018519
2 0.352344 0.579861 0.015625 0.010648
0 0.412630 0.563889 0.014323 0.011111
0 0.448568 0.150231 0.005990 0.026389
1 0.420964 0.591435 0.031510 0.014352
0 0.396094 0.563194 0.010937 0.009722
0 0.121615 0.824306 0.014063 0.017130
0 0.464583 0.110880 0.006250 0.026389
0 0.377214 0.564815 0.014844 0.010185
0 0.457292 0.142361 0.006771 0.026389
0 0.395703 0.342824 0.010156 0.023611
0 0.484115 0.310880 0.006250 0.025463
0 0.395573 0.578241 0.014063 0.011111
2 0.982422 0.973148 0.011719 0.038889
2 0.210807 0.574769 0.017448 0.012500
0 0.293229 0.581713 0.014583 0.010648
0 0.158594 0.975463 0.012500 0.016667
0 0.102474 0.630787 0.011719 0.013426
0 0.585026 0.217824 0.013281 0.018056
0 0.961068 0.465972 0.012760 0.021759
0 0.335938 0.565278 0.015104 0.010185
0 0.765625 0.156250 0.005208 0.023611
0 0.445312 0.113889 0.006250 0.024074
2 0.150260 0.552083 0.015625 0.011574
0 0.147656 0.566435 0.012500 0.011574
0 0.232943 0.577778 0.015365 0.011111
0 0.313542 0.582176 0.013542 0.009722
0 0.443490 0.067361 0.006250 0.027315
0 0.131771 0.564352 0.011979 0.010185
2 0.254036 0.578935 0.015885 0.011574
0 0.230208 0.562731 0.014583 0.011574
0 0.272396 0.565972 0.014063 0.010648
0 0.481380 0.270833 0.005469 0.023148
0 0.479557 0.233565 0.006510 0.026389
2 0.385677 0.593056 0.015625 0.010185
0 0.272135 0.579861 0.010417 0.008796
0 0.410286 0.296528 0.010156 0.025463
0 0.462500 0.069444 0.006250 0.025000
0 0.167187 0.568750 0.014583 0.010648
2 0.615104 0.486574 0.015625 0.011111
0 0.333203 0.475463 0.012240 0.021296
0 0.493750 0.349537 0.005729 0.025926
0 0.194401 0.557870 0.014323 0.011111
0 0.309766 0.497685 0.014323 0.014815
0 0.477865 0.193981 0.006771 0.025926
2 0.172656 0.555556 0.021354 0.013889
0 0.190755 0.571296 0.014844 0.012037
0 0.355729 0.441667 0.011458 0.021296
0 0.452083 0.045602 0.006771 0.027315
0 0.113281 0.548380 0.015104 0.011574
2 0.005078 0.514815 0.009635 0.012037
2 0.440104 0.028009 0.006250 0.028241
0 0.060417 0.539120 0.013542 0.011574
0 0.036719 0.535417 0.014583 0.011574
0 0.083854 0.557176 0.013542 0.010648
0 0.080599 0.541204 0.013281 0.011111
0 0.455469 0.103704 0.006771 0.026852
0 0.588672 0.490972 0.013281 0.011574
0 0.129427 0.549537 0.014063 0.011111
0 0.586458 0.505093 0.012500 0.010185
0 0.168229 0.644907 0.007292 0.022222
0 0.449740 0.008102 0.006771 0.015278
0 0.221224 0.512500 0.013802 0.011111
0 0.082943 0.900926 0.013802 0.016667
2 0.375260 0.395602 0.016667 0.037500
0 0.563021 0.509954 0.014063 0.010648
0 0.460417 0.033102 0.006771 0.026389
0 0.475781 0.149306 0.005729 0.018981
0 0.770964 0.094213 0.014323 0.012500
0 0.346354 0.596759 0.013542 0.010185
0 0.562500 0.478704 0.014583 0.011111
0 0.605990 0.471296 0.014583 0.010185
0 0.151172 0.940278 0.010677 0.014815
2 0.227214 0.591898 0.016927 0.011574
1 0.462370 0.898380 0.017969 0.055093
0 0.054427 0.552546 0.013021 0.010648
1 0.348698 0.610880 0.019271 0.012500
0 0.436068 0.605324 0.015365 0.011574
0 0.275651 0.594907 0.014844 0.011111
0 0.897135 0.660185 0.005729 0.012037
0 0.300391 0.611806 0.015885 0.010648
0 0.324089 0.611806 0.014323 0.011574
0 0.299479 0.595139 0.013542 0.011574
0 0.501302 0.956250 0.005729 0.025463
0 0.420833 0.245833 0.007812 0.025926
0 0.190365 0.603241 0.013542 0.012037
0 0.251302 0.596991 0.015104 0.010648
0 0.321354 0.596528 0.015104 0.010648
0 0.612500 0.502778 0.014583 0.010185
2 0.695182 0.459259 0.016927 0.010185
0 0.008594 0.532870 0.014583 0.012037
0 0.207943 0.590741 0.014323 0.010185
0 0.389974 0.609722 0.013802 0.011111
0 0.799089 0.522454 0.013281 0.009722
0 0.491536 0.968981 0.005469 0.024074
0 0.118750 0.562731 0.011458 0.009722
0 0.201693 0.813194 0.013281 0.014352
0 0.110937 0.640046 0.013542 0.010648
0 0.704427 0.026389 0.006250 0.025000
2 0.988672 0.371065 0.007031 0.018056
0 0.507552 0.584954 0.005729 0.024537
2 0.103125 0.529861 0.013542 0.009722
0 0.473958 0.105556 0.006771 0.025926
0 0.492708 0.315509 0.006771 0.023611
0 0.430729 0.177778 0.006771 0.027778
0 0.996094 0.133565 0.007812 0.026389
0 0.233464 0.607176 0.013802 0.009722
2 0.513021 0.319213 0.006771 0.031019
2 0.092708 0.491435 0.014063 0.009722
0 0.035807 0.549769 0.015885 0.013426
0 0.180469 0.585880 0.015104 0.011574
0 0.428516 0.062731 0.006510 0.026389
2 0.469531 0.051157 0.007292 0.030093
0 0.645703 0.659028 0.009115 0.025463
0 0.492188 0.906019 0.006250 0.025000
0 0.422786 0.537500 0.014323 0.011111
2 0.608203 0.757639 0.012240 0.022685
0 0.386328 0.521991 0.014844 0.010648
0 0.506901 0.657407 0.005469 0.025926
0 0.328516 0.549306 0.013802 0.011574
0 0.263411 0.512731 0.013281 0.009722
0 0.502083 0.905787 0.005208 0.019907
0 0.309635 0.529398 0.012500 0.010648
0 0.487891 0.218519 0.005990 0.026852
2 0.504557 0.829167 0.005469 0.026852
0 0.496484 0.706481 0.006510 0.022222
0 0.495052 0.797685 0.006250 0.025000
0 0.533203 0.502315 0.004427 0.017593
0 0.191667 0.540972 0.014583 0.010648
2 0.015104 0.495139 0.015104 0.011574
0 0.021875 0.518287 0.014063 0.010648
0 0.309635 0.653009 0.013542 0.015278
0 0.427995 0.012037 0.005990 0.019444
0 0.507292 0.415741 0.006250 0.024074
2 0.494271 0.146759 0.006250 0.025000
0 0.516406 0.614815 0.005729 0.025926
0 0.123438 0.515278 0.015104 0.011111
0 0.634635 0.467130 0.010417 0.009259
0 0.776172 0.467593 0.014323 0.012963
0 0.815234 0.504630 0.015365 0.011111
0 0.899740 0.502083 0.014063 0.010648
0 0.467448 0.014120 0.006771 0.023611
0 0.505078 0.329630 0.006510 0.025000
0 0.490365 0.263657 0.007292 0.023611
0 0.510807 0.965046 0.005469 0.024537
0 0.502995 0.786806 0.005469 0.023611
2 0.514062 0.735185 0.005208 0.027778
0 0.486719 0.601157 0.009375 0.021759
2 0.452474 0.551389 0.013802 0.015741
0 0.170703 0.523380 0.014844 0.011574
0 0.070443 0.508796 0.010677 0.008333
2 0.859375 0.447685 0.015625 0.011111
0 0.912370 0.444676 0.015885 0.011574
