0 0.052865 0.983102 0.012500 0.012500
0 0.081250 0.982870 0.009896 0.012037
0 0.064844 0.974537 0.011458 0.024074
0 0.134896 0.890741 0.014063 0.014815
0 0.137630 0.900926 0.012760 0.014815
0 0.262630 0.935185 0.009635 0.014815
0 0.137500 0.729861 0.009375 0.020833
0 0.089714 0.802083 0.010156 0.023611
0 0.284245 0.607639 0.013802 0.011574
0 0.407943 0.604861 0.013802 0.010648
0 0.365885 0.592361 0.013542 0.010648
0 0.200000 0.755787 0.011979 0.017130
0 0.368099 0.610185 0.013802 0.011111
0 0.230990 0.781481 0.012500 0.015741
0 0.212630 0.743287 0.013802 0.016204
0 0.247526 0.718750 0.013802 0.017130
0 0.263021 0.758102 0.014063 0.015278
0 0.278776 0.746065 0.013802 0.016204
0 0.374479 0.758333 0.011979 0.021296
0 0.406901 0.835880 0.010677 0.022685
0 0.386198 0.859954 0.009375 0.022685
0 0.386589 0.818519 0.010156 0.025926
0 0.185417 0.410880 0.006771 0.023611
0 0.688542 0.110185 0.010417 0.023148
2 0.627083 0.162037 0.010937 0.025926
2 0.622266 0.174306 0.013802 0.022685
0 0.656901 0.126852 0.009635 0.025926
0 0.665365 0.121759 0.009375 0.020370
0 0.649740 0.132870 0.011458 0.025926
0 0.693359 0.012269 0.005469 0.023611
0 0.792448 0.090741 0.015625 0.014815
0 0.759896 0.030556 0.014583 0.012963
0 0.814583 0.082176 0.014063 0.013426
2 0.799349 0.113194 0.015885 0.013426
2 0.759375 0.049769 0.018229 0.014352
2 0.931901 0.042361 0.011198 0.011574
0 0.903255 0.660417 0.005990 0.019907
0 0.858854 0.660648 0.008854 0.022222
0 0.950000 0.702778 0.007292 0.022222
0 0.942578 0.706481 0.006510 0.022222
0 0.934375 0.708102 0.006771 0.025463
0 0.970703 0.797222 0.007552 0.024074
0 0.933724 0.812500 0.008594 0.024074
2 0.926953 0.818750 0.007552 0.018981
2 0.919661 0.818750 0.009115 0.020833
2 0.927995 0.839583 0.008594 0.021759
2 0.921745 0.841204 0.007552 0.025000
0 0.902474 0.925694 0.012240 0.012500
0 0.792318 0.663194 0.011198 0.013426
0 0.748568 0.622685 0.012760 0.013889
0 0.778776 0.673843 0.012760 0.014352
0 0.703125 0.609491 0.006250 0.026389
0 0.760156 0.689583 0.010937 0.012500
0 0.654167 0.667361 0.008333 0.023611
2 0.619141 0.586574 0.020573 0.014815
2 0.661849 0.591667 0.009635 0.026852
0 0.590104 0.764815 0.013021 0.018519
0 0.662891 0.700231 0.014323 0.017130
2 0.644661 0.700000 0.013281 0.029630
0 0.638932 0.647685 0.007031 0.025000
0 0.620833 0.706481 0.010937 0.022222
0 0.614062 0.775463 0.005729 0.028704
0 0.609245 0.735880 0.011719 0.020833
0 0.576172 0.781481 0.012240 0.014815
0 0.602083 0.833333 0.008854 0.022222
0 0.632943 0.733102 0.011198 0.024537
0 0.585417 0.808796 0.014063 0.017593
0 0.623047 0.759028 0.010156 0.022685
0 0.642318 0.870370 0.013281 0.011111
0 0.623437 0.879167 0.006250 0.024074
0 0.620703 0.801157 0.009635 0.023611
0 0.584896 0.476852 0.013542 0.012037
0 0.564974 0.494907 0.014844 0.011111
0 0.354557 0.561806 0.014323 0.010648
0 0.331250 0.578009 0.014063 0.010648
0 0.373437 0.577315 0.013542 0.010185
0 0.141797 0.926157 0.011198 0.015278
0 0.377995 0.854861 0.010156 0.024537
2 0.754167 0.103704 0.015104 0.012963
2 0.899479 0.171528 0.016146 0.012500
0 0.968099 0.036111 0.013281 0.012963
0 0.661849 0.347222 0.009635 0.020370
2 0.641406 0.617824 0.006250 0.028241
0 0.631250 0.678472 0.008333 0.018981
2 0.607812 0.820139 0.009896 0.023611
2 0.630469 0.937963 0.006250 0.024074
0 0.551953 0.835417 0.014323 0.017130
0 0.047135 0.353009 0.014063 0.010648
0 0.055469 0.318519 0.007292 0.022222
2 0.048047 0.313194 0.008594 0.027315
0 0.140625 0.913426 0.011979 0.012963
0 0.148438 0.948148 0.012500 0.014815
0 0.151172 0.959028 0.014323 0.015278
0 0.570964 0.820139 0.013802 0.018056
0 0.645443 0.924537 0.005469 0.022222
0 0.627214 0.909491 0.004948 0.021759
2 0.610547 0.188426 0.015365 0.027778
0 0.632943 0.156019 0.009115 0.024074
0 0.630990 0.844907 0.008333 0.025000
0 0.947526 0.039120 0.015885 0.014352
0 0.964453 0.752778 0.014323 0.014815
0 0.557161 0.799537 0.013802 0.017593
0 0.645312 0.467130 0.014583 0.010185
0 0.078646 0.972917 0.008854 0.010648
0 0.075911 0.964120 0.010677 0.013426
0 0.050781 0.970139 0.013021 0.014352
0 0.046615 0.962269 0.012500 0.016204
0 0.227474 0.734028 0.014844 0.017130
0 0.314714 0.721528 0.011198 0.012500
0 0.642839 0.893750 0.005469 0.025463
0 0.695182 0.672454 0.008594 0.024537
2 0.034505 0.309491 0.008594 0.026389
0 0.034505 0.357407 0.008073 0.019444
0 0.024609 0.359722 0.011719 0.027778
0 0.044401 0.950463 0.011719 0.013889
0 0.215755 0.787731 0.013802 0.014352
0 0.283854 0.690278 0.014063 0.016667
0 0.263542 0.705556 0.014583 0.017593
0 0.331120 0.719907 0.014844 0.012963
0 0.347135 0.726157 0.014063 0.014352
0 0.720833 0.656944 0.013542 0.012963
2 0.689063 0.607639 0.006250 0.028241
0 0.910286 0.655556 0.007031 0.024074
0 0.963411 0.804861 0.007552 0.023611
0 0.788281 0.144444 0.011979 0.019444
0 0.982422 0.790972 0.007552 0.021759
0 0.979427 0.273148 0.008854 0.027778
2 0.988021 0.280556 0.010937 0.026852
0 0.988281 0.238657 0.012500 0.011574
0 0.695703 0.048380 0.005990 0.025463
0 0.669401 0.138889 0.012760 0.018519
0 0.488802 0.415741 0.006250 0.023148
0 0.487500 0.379398 0.006250 0.024537
0 0.179948 0.603472 0.011979 0.017130
0 0.483984 0.340278 0.005990 0.023148
0 0.414974 0.575231 0.012760 0.010648
0 0.973568 0.306019 0.005990 0.025926
0 0.219531 0.603241 0.014583 0.012037
0 0.463932 0.089120 0.007031 0.024537
0 0.784896 0.163657 0.013542 0.018056
0 0.132031 0.856481 0.013021 0.014815
0 0.295443 0.563889 0.015365 0.011111
0 0.497656 0.418287 0.006250 0.025463
2 0.864193 0.801620 0.008073 0.022685
0 0.248307 0.561111 0.014844 0.011111
0 0.315495 0.562037 0.012760 0.010185
0 0.211589 0.555324 0.013802 0.010648
2 0.941927 0.967824 0.014063 0.018056
2 0.350781 0.576157 0.015625 0.010648
0 0.411589 0.561111 0.014323 0.011111
1 0.418620 0.590046 0.031510 0.014352
0 0.395052 0.560417 0.010937 0.009722
0 0.118750 0.818287 0.014063 0.017130
0 0.375651 0.562500 0.014844 0.010185
0 0.177083 0.487269 0.012500 0.010648
0 0.483984 0.309491 0.006510 0.025463
0 0.397135 0.575463 0.014063 0.011111
2 0.978385 0.979167 0.010417 0.038889
2 0.209375 0.569444 0.017708 0.012963
0 0.291667 0.577546 0.014583 0.010648
0 0.155599 0.971065 0.013281 0.015278
0 0.101693 0.623843 0.011719 0.013426
0 0.585417 0.218519 0.012500 0.017593
0 0.335286 0.562037 0.014323 0.011111
2 0.148958 0.546528 0.015625 0.011574
0 0.145573 0.561343 0.012500 0.011574
0 0.232292 0.571991 0.014583 0.011574
0 0.312630 0.578472 0.014323 0.009722
0 0.338802 0.462500 0.011458 0.021296
0 0.130208 0.557639 0.011979 0.010648
2 0.252474 0.575231 0.015885 0.011574
0 0.229427 0.557639 0.014583 0.011574
0 0.270573 0.562269 0.014063 0.010648
0 0.481771 0.271065 0.005729 0.022685
0 0.479427 0.232407 0.006771 0.025000
2 0.384115 0.591204 0.015625 0.010185
0 0.270703 0.575231 0.010677 0.008796
0 0.220052 0.493750 0.014583 0.011574
0 0.407422 0.300000 0.009635 0.025000
0 0.165755 0.563657 0.014323 0.011574
2 0.614583 0.487500 0.015625 0.011111
0 0.495443 0.386574 0.005990 0.025000
0 0.192318 0.552315 0.014323 0.011111
2 0.170573 0.550000 0.021354 0.013889
0 0.189193 0.567130 0.014844 0.012037
0 0.111458 0.541898 0.015104 0.011574
0 0.058984 0.531250 0.013281 0.012500
0 0.035156 0.528009 0.014583 0.011574
0 0.082161 0.550231 0.013802 0.011574
0 0.079036 0.534259 0.014323 0.011111
0 0.587500 0.491204 0.014063 0.011111
0 0.127474 0.543056 0.014323 0.012037
0 0.585286 0.505787 0.012760 0.009722
0 0.201823 0.603472 0.013542 0.010648
0 0.172396 0.502546 0.015625 0.010648
0 0.080078 0.894676 0.014844 0.016204
2 0.215625 0.508333 0.022917 0.013889
0 0.561979 0.510417 0.014063 0.010648
0 0.476432 0.152778 0.005990 0.019444
0 0.772005 0.097917 0.014323 0.012500
0 0.345052 0.593519 0.013542 0.010185
0 0.561198 0.479861 0.014063 0.011574
0 0.604948 0.471759 0.014583 0.010185
0 0.147917 0.934259 0.009896 0.013889
2 0.226693 0.586806 0.016927 0.011574
0 0.052995 0.545370 0.013802 0.012037
1 0.347005 0.608565 0.019010 0.012500
0 0.434505 0.603472 0.015365 0.011574
0 0.273828 0.591667 0.014844 0.011111
0 0.895573 0.666898 0.005729 0.010648
0 0.304557 0.608565 0.016406 0.010648
0 0.323307 0.607639 0.014323 0.011574
0 0.299609 0.591667 0.013281 0.011111
0 0.249219 0.592593 0.014583 0.010185
0 0.320312 0.593287 0.015104 0.010648
0 0.611458 0.503704 0.014583 0.010185
0 0.007161 0.524537 0.013802 0.012037
0 0.206120 0.584954 0.014323 0.011574
0 0.388151 0.608102 0.014844 0.010648
0 0.114323 0.555324 0.010937 0.010648
0 0.199740 0.805787 0.013021 0.014352
0 0.109115 0.633796 0.014063 0.011111
0 0.474870 0.110880 0.006510 0.025463
0 0.494271 0.353241 0.006250 0.024074
0 0.242448 0.528009 0.015625 0.011574
0 0.261328 0.604861 0.014323 0.010648
0 0.034245 0.542130 0.015885 0.013889
0 0.184635 0.581019 0.015104 0.011111
0 0.253385 0.498380 0.014063 0.010648
2 0.471224 0.064815 0.006510 0.029630
0 0.656510 0.498843 0.014063 0.009722
0 0.495312 0.656713 0.006250 0.024537
0 0.703125 0.530093 0.013542 0.011111
0 0.191406 0.506944 0.014063 0.014815
0 0.488542 0.228009 0.006250 0.026389
0 0.492969 0.724074 0.006250 0.025000
0 0.136458 0.527546 0.014583 0.012500
0 0.198958 0.490509 0.014063 0.011574
0 0.625521 0.468981 0.010417 0.009259
0 0.469401 0.029861 0.005990 0.024537
0 0.490625 0.264583 0.007292 0.024537
0 0.494010 0.688657 0.006250 0.025463
0 0.182943 0.518519 0.014844 0.011111
2 0.639583 0.484954 0.015104 0.009722
0 0.170833 0.591667 0.010937 0.018519
0 0.321484 0.495370 0.011719 0.017593
1 0.492708 0.770833 0.008333 0.057407
0 0.995443 0.493981 0.009115 0.024074
0 0.179948 0.534491 0.013021 0.011574
0 0.159115 0.517824 0.013021 0.010648
2 0.203516 0.522454 0.014323 0.009722
0 0.238672 0.603935 0.013281 0.010648
0 0.262109 0.515509 0.014323 0.009722
0 0.151562 0.499769 0.013542 0.011574
0 0.129297 0.494907 0.013802 0.011111
0 0.636589 0.498843 0.013802 0.008796
0 0.490755 0.896528 0.006510 0.035648
0 0.141016 0.512731 0.013802 0.011574
2 0.357552 0.425000 0.011458 0.022222
0 0.379297 0.381019 0.010156 0.023148
0 0.491146 0.861806 0.005729 0.022685
0 0.160156 0.530787 0.014063 0.011574
0 0.766016 0.160185 0.004948 0.024074
0 0.490885 0.827546 0.006771 0.026389
0 0.155599 0.484954 0.014323 0.010648
0 0.489583 0.936574 0.005729 0.025926
0 0.066797 0.945139 0.007031 0.021759
0 0.137760 0.480787 0.014063 0.009722
0 0.055078 0.993981 0.012760 0.012037
0 0.469661 0.210648 0.007031 0.025000
0 0.667057 0.551389 0.013802 0.019444
0 0.083594 0.994907 0.008854 0.010185
0 0.144010 0.753009 0.008854 0.021759
0 0.421615 0.244444 0.008854 0.025926
0 0.478255 0.193056 0.006510 0.025926
0 0.466536 0.340509 0.007031 0.025463
0 0.478906 0.412500 0.006250 0.025000
1 0.488281 0.978704 0.008333 0.042593
0 0.431380 0.131481 0.005469 0.025926
0 0.486458 0.185417 0.006250 0.024537
0 0.472135 0.468750 0.006771 0.026389
0 0.430208 0.177546 0.007292 0.027315
0 0.483464 0.707176 0.005990 0.025463
0 0.481641 0.793981 0.005990 0.024074
0 0.474219 0.568056 0.005729 0.023148
0 0.483594 0.630324 0.005729 0.024537
0 0.483984 0.543981 0.005990 0.022222
0 0.427995 0.009722 0.005990 0.018519
0 0.431250 0.072454 0.005729 0.023611
0 0.474870 0.667361 0.005990 0.024537
0 0.832422 0.456019 0.015885 0.012037
0 0.462370 0.839815 0.005990 0.025000
0 0.459635 0.898611 0.005729 0.023148
0 0.474609 0.761806 0.005990 0.025463
0 0.464453 0.725231 0.005990 0.022685
2 0.484896 0.146991 0.006250 0.029167
0 0.898828 0.443981 0.015365 0.012963
0 0.748698 0.456019 0.014063 0.010185
0 0.441406 0.023380 0.006250 0.024537
0 0.985156 0.573843 0.008333 0.023611
0 0.472526 0.840509 0.005469 0.025463
0 0.466016 0.782407 0.007031 0.025926
0 0.492318 0.026157 0.005990 0.019907
0 0.755208 0.470833 0.014063 0.010185
0 0.777995 0.464815 0.014844 0.012037
0 0.451562 0.028009 0.006771 0.025463
0 0.478255 0.987963 0.005469 0.024074
0 0.471484 0.907407 0.005990 0.025000
0 0.479687 0.893056 0.005729 0.024074
0 0.517057 0.570139 0.005990 0.024537
0 0.475391 0.323611 0.006510 0.025000
2 0.457292 0.346296 0.006250 0.028704
0 0.453516 0.278009 0.006510 0.027315
2 0.447396 0.140278 0.006250 0.027778
0 0.773307 0.451620 0.014844 0.011574
0 0.749479 0.486574 0.011458 0.010185
0 0.868750 0.435417 0.014063 0.011574
0 0.392188 0.348380 0.008854 0.020833
0 0.446484 0.087731 0.007031 0.028241
0 0.470182 0.979630 0.005469 0.024074
0 0.506641 0.991667 0.005469 0.016667
0 0.499219 0.900463 0.006250 0.023148
0 0.507943 0.909491 0.005990 0.024537
2 0.517448 0.874537 0.009375 0.026852
0 0.465234 0.619907 0.005990 0.025000
0 0.504818 0.629398 0.005990 0.022685
0 0.507422 0.478009 0.005990 0.024537
2 0.458464 0.405093 0.006510 0.027778
0 0.498568 0.236806 0.005990 0.024537
2 0.460026 0.196065 0.008073 0.037500
2 0.449740 0.194213 0.006250 0.028241
0 0.456641 0.121065 0.006510 0.024537
0 0.223177 0.523843 0.014583 0.010648
0 0.796094 0.476852 0.015625 0.012963
0 0.831771 0.440509 0.011458 0.009722
0 0.861068 0.465046 0.014323 0.011574
