0 0.141146 0.907176 0.014583 0.015278
0 0.143620 0.919444 0.012760 0.014815
0 0.269010 0.949769 0.009896 0.014352
0 0.141406 0.746528 0.009375 0.020833
0 0.094271 0.822454 0.010417 0.021759
0 0.286328 0.620602 0.013802 0.011574
0 0.415234 0.610880 0.013802 0.010648
0 0.371354 0.599306 0.013542 0.010648
0 0.203646 0.771991 0.011979 0.017130
0 0.370703 0.617130 0.013802 0.011111
0 0.235417 0.796296 0.012500 0.015741
0 0.216016 0.757176 0.013802 0.016204
0 0.250781 0.731481 0.014583 0.018519
0 0.267448 0.768750 0.014063 0.015278
0 0.282943 0.757639 0.013802 0.016204
0 0.378125 0.765741 0.013021 0.021296
0 0.412370 0.842130 0.010156 0.023148
0 0.391667 0.868750 0.009896 0.024537
0 0.391406 0.823380 0.009375 0.025463
0 0.183854 0.428009 0.006250 0.023611
0 0.684245 0.102546 0.010156 0.023611
2 0.623307 0.157639 0.009635 0.026389
2 0.617318 0.169213 0.013802 0.022685
0 0.653255 0.117824 0.009635 0.026389
0 0.661458 0.115278 0.009375 0.020370
0 0.646875 0.127315 0.011458 0.025926
0 0.687891 0.007870 0.005469 0.014815
0 0.788021 0.078241 0.015625 0.014815
0 0.754687 0.020370 0.015104 0.013889
0 0.810156 0.069213 0.014063 0.013426
2 0.794922 0.100231 0.015365 0.013426
2 0.754427 0.037963 0.018750 0.014815
2 0.926953 0.024074 0.012240 0.011111
0 0.906641 0.643750 0.005990 0.019907
0 0.862500 0.646991 0.009375 0.021759
0 0.954297 0.684028 0.008073 0.022685
0 0.947396 0.689815 0.007292 0.022222
0 0.939453 0.690278 0.007552 0.025926
0 0.977344 0.778009 0.008854 0.024537
0 0.939714 0.795370 0.009635 0.025000
2 0.931250 0.800694 0.008333 0.018056
2 0.924349 0.801620 0.009115 0.020833
2 0.933594 0.821528 0.008854 0.021759
2 0.927083 0.823843 0.008854 0.024537
0 0.910286 0.909954 0.012760 0.013426
0 0.795443 0.649306 0.011198 0.013426
0 0.751953 0.613194 0.012240 0.014352
0 0.782422 0.662500 0.012760 0.015741
0 0.705339 0.602315 0.007031 0.027778
0 0.764193 0.679861 0.011198 0.013426
0 0.656901 0.662269 0.008073 0.025463
2 0.620573 0.582176 0.020313 0.015278
2 0.664193 0.585417 0.010156 0.027315
0 0.594531 0.762500 0.013021 0.018519
0 0.666667 0.694676 0.014583 0.018056
2 0.647786 0.693981 0.013281 0.029630
0 0.641276 0.642593 0.007031 0.025000
0 0.625130 0.703009 0.011719 0.022685
0 0.618620 0.770602 0.005469 0.024537
0 0.612760 0.729398 0.011458 0.021759
0 0.580990 0.780556 0.011458 0.016667
0 0.607812 0.829861 0.008854 0.022685
0 0.636589 0.727083 0.011198 0.024537
0 0.591016 0.807407 0.014844 0.018519
0 0.627214 0.753472 0.010156 0.022685
0 0.648828 0.865972 0.013281 0.010648
0 0.629948 0.876389 0.007292 0.025000
0 0.625391 0.796759 0.010156 0.023148
0 0.585156 0.474074 0.013542 0.012037
0 0.565495 0.493519 0.014844 0.011111
0 0.356380 0.569213 0.014323 0.010648
0 0.332552 0.587269 0.014063 0.010648
0 0.375000 0.583796 0.013542 0.010185
0 0.147786 0.943519 0.011198 0.014815
0 0.382682 0.864583 0.010156 0.024537
2 0.750000 0.093981 0.015104 0.012963
2 0.896875 0.155787 0.016667 0.013426
0 0.963411 0.016898 0.013281 0.013426
0 0.660286 0.341435 0.010677 0.020833
0 0.633854 0.674537 0.007812 0.018519
2 0.613151 0.817361 0.009635 0.023611
2 0.638672 0.933333 0.007031 0.023148
0 0.556901 0.835648 0.014844 0.017593
0 0.045443 0.375926 0.014323 0.012963
0 0.053385 0.339120 0.007292 0.020833
2 0.045573 0.336111 0.008333 0.025926
0 0.145964 0.930324 0.012240 0.013426
0 0.155729 0.964352 0.012500 0.014815
0 0.157943 0.978009 0.014323 0.015278
0 0.576693 0.819444 0.014323 0.018519
0 0.652474 0.921296 0.005469 0.022222
0 0.634375 0.905787 0.006250 0.023611
2 0.606641 0.183102 0.015365 0.028241
0 0.629557 0.150000 0.009115 0.024074
0 0.636849 0.840509 0.009115 0.025463
0 0.943359 0.019676 0.015885 0.014352
0 0.969010 0.734954 0.014063 0.014352
0 0.561849 0.797685 0.013802 0.017593
0 0.645182 0.462500 0.014844 0.010185
0 0.086458 0.993287 0.008333 0.011574
0 0.082161 0.984259 0.010677 0.013889
0 0.058333 0.992361 0.013542 0.015278
0 0.053646 0.984028 0.013021 0.016204
0 0.231510 0.747917 0.015104 0.018981
0 0.318099 0.731713 0.011719 0.013426
0 0.649740 0.888889 0.006250 0.025926
0 0.698698 0.665046 0.008333 0.025463
2 0.032161 0.332176 0.008594 0.026389
0 0.022786 0.381944 0.011719 0.027778
0 0.050911 0.972685 0.012240 0.012963
0 0.220182 0.802083 0.013802 0.014352
0 0.287109 0.701852 0.014323 0.018519
0 0.267188 0.718981 0.014583 0.017593
0 0.335026 0.728472 0.015885 0.011574
0 0.350521 0.733565 0.014063 0.016204
0 0.724479 0.647685 0.013542 0.012963
2 0.690885 0.600463 0.006250 0.031481
0 0.914193 0.638889 0.006510 0.025000
0 0.969661 0.785648 0.008073 0.023148
0 0.989062 0.771528 0.008333 0.022685
0 0.977344 0.253241 0.008854 0.027778
2 0.986589 0.260648 0.011719 0.027778
0 0.986458 0.217593 0.013021 0.011111
0 0.689844 0.041667 0.006771 0.025000
0 0.665755 0.133333 0.012760 0.019444
0 0.487109 0.836574 0.005990 0.023148
0 0.182552 0.619676 0.012500 0.016204
0 0.419922 0.581250 0.012760 0.010648
0 0.972786 0.286111 0.005990 0.025926
0 0.221615 0.618519 0.014583 0.012037
0 0.780990 0.150694 0.013542 0.018056
0 0.137370 0.874306 0.014323 0.015278
0 0.297266 0.574537 0.015365 0.011111
2 0.869010 0.788194 0.009375 0.025463
0 0.250391 0.573611 0.014844 0.011111
0 0.316797 0.572685 0.012760 0.010185
0 0.213151 0.569676 0.013802 0.010648
2 0.950521 0.951389 0.015104 0.019444
2 0.352865 0.585417 0.015625 0.010648
0 0.423047 0.563426 0.013281 0.011111
1 0.443229 0.588889 0.031771 0.021296
0 0.396615 0.567361 0.010937 0.009722
0 0.123438 0.836574 0.014063 0.018519
0 0.377214 0.569907 0.014844 0.010185
0 0.398177 0.582407 0.014063 0.011111
2 0.987240 0.959722 0.010937 0.038889
2 0.210677 0.584259 0.017708 0.012037
0 0.293750 0.588657 0.014583 0.010648
0 0.162109 0.987963 0.012760 0.016667
0 0.104036 0.642361 0.014323 0.013426
0 0.582682 0.214815 0.012760 0.016667
0 0.336589 0.570833 0.014323 0.011111
2 0.150260 0.563657 0.015625 0.011574
0 0.146615 0.577778 0.012500 0.011111
0 0.233333 0.586806 0.014583 0.011574
0 0.313932 0.588194 0.014323 0.009722
0 0.131380 0.575694 0.011719 0.009722
2 0.254036 0.587731 0.015885 0.011574
0 0.230469 0.571528 0.014583 0.011574
0 0.272396 0.573380 0.014063 0.010648
2 0.398438 0.597222 0.015625 0.010185
0 0.272266 0.587731 0.010677 0.008796
0 0.395573 0.347222 0.009896 0.025000
0 0.166536 0.580093 0.014844 0.010185
2 0.614844 0.484259 0.015625 0.011111
0 0.468099 0.684028 0.005990 0.019907
0 0.193880 0.567593 0.014323 0.011111
2 0.172005 0.565046 0.021094 0.014352
0 0.190104 0.581713 0.015104 0.010648
0 0.112500 0.560417 0.015104 0.011574
0 0.073307 0.553935 0.014323 0.010648
0 0.052604 0.552083 0.014063 0.011574
0 0.111198 0.573611 0.013542 0.010185
0 0.090755 0.556481 0.013802 0.010185
0 0.588802 0.489352 0.014063 0.011111
0 0.128646 0.561574 0.014583 0.011111
0 0.584505 0.504861 0.013281 0.010648
0 0.203906 0.618750 0.013542 0.010648
0 0.086068 0.915046 0.014844 0.016204
0 0.563021 0.508565 0.014063 0.010648
0 0.767318 0.086343 0.014323 0.012500
0 0.350000 0.601852 0.013542 0.010185
0 0.561979 0.478009 0.014063 0.011574
0 0.605469 0.469213 0.014583 0.011574
0 0.154297 0.951389 0.010677 0.012963
2 0.227734 0.601157 0.016927 0.011574
0 0.082422 0.570833 0.013281 0.011111
1 0.349219 0.616667 0.019271 0.012963
0 0.436328 0.608102 0.015365 0.011574
0 0.275651 0.603704 0.014844 0.011111
0 0.898698 0.649074 0.005729 0.011111
0 0.306380 0.618750 0.016406 0.010648
0 0.325130 0.617361 0.014323 0.011574
0 0.303776 0.601852 0.013281 0.011111
0 0.251302 0.605093 0.014583 0.010185
0 0.325521 0.601620 0.015104 0.010648
0 0.612500 0.500463 0.014583 0.010185
0 0.008724 0.547222 0.013802 0.011111
0 0.207943 0.599306 0.014323 0.011574
0 0.393880 0.613657 0.014844 0.010648
0 0.169661 0.595370 0.011198 0.010185
0 0.204297 0.820602 0.014323 0.014352
0 0.111328 0.652778 0.013802 0.010185
0 0.484766 0.368519 0.006510 0.025926
0 0.263411 0.616898 0.014323 0.010648
0 0.061458 0.568519 0.015625 0.012037
0 0.185938 0.596296 0.014063 0.011111
0 0.021354 0.489120 0.014583 0.009722
0 0.657813 0.493519 0.014583 0.010185
0 0.497656 0.658565 0.006250 0.024537
0 0.795443 0.465046 0.013802 0.012500
0 0.496745 0.724074 0.005990 0.023148
0 0.626302 0.465509 0.010937 0.009722
0 0.497135 0.691435 0.006250 0.025463
2 0.635547 0.480556 0.015365 0.012037
0 0.172266 0.612037 0.011198 0.014815
1 0.496875 0.770370 0.008333 0.057407
0 0.241016 0.617361 0.013281 0.010648
0 0.637370 0.494907 0.013802 0.010185
0 0.497005 0.900231 0.006510 0.035648
0 0.355078 0.439352 0.011198 0.022222
0 0.496354 0.865046 0.005729 0.022685
0 0.762109 0.149306 0.004948 0.023611
0 0.496094 0.830324 0.006250 0.026389
0 0.496354 0.937963 0.005729 0.025926
0 0.074479 0.971296 0.006771 0.021296
0 0.146745 0.771528 0.009635 0.023611
0 0.463542 0.330556 0.006771 0.025000
1 0.495833 0.979861 0.007812 0.040278
0 0.476823 0.933102 0.005729 0.025463
0 0.516146 0.653009 0.006250 0.024537
0 0.373047 0.404630 0.010677 0.025000
2 0.939974 0.485648 0.014844 0.011111
0 0.456510 0.194213 0.006771 0.026389
0 0.611719 0.514583 0.014583 0.012500
0 0.700000 0.471528 0.014583 0.012500
2 0.751432 0.475463 0.015885 0.012037
0 0.746224 0.462269 0.014844 0.011574
0 0.742188 0.113194 0.015104 0.012500
2 0.682813 0.459722 0.015625 0.011111
2 0.662370 0.461574 0.015365 0.011111
0 0.507161 0.683333 0.006510 0.025000
0 0.478385 0.897454 0.006250 0.024537
0 0.449479 0.255324 0.006771 0.022685
0 0.817057 0.657639 0.010156 0.013426
0 0.515885 0.720602 0.005729 0.026389
0 0.468620 0.911343 0.005990 0.025463
0 0.486198 0.907639 0.005729 0.024537
0 0.478255 0.857176 0.005469 0.024537
0 0.160026 0.622917 0.012240 0.015278
0 0.682682 0.487500 0.014323 0.011111
0 0.654948 0.478009 0.013542 0.011574
0 0.676562 0.473843 0.014583 0.011574
0 0.797135 0.451389 0.015104 0.012037
0 0.467318 0.968287 0.005469 0.024537
0 0.507682 0.649769 0.006510 0.025463
0 0.478906 0.714815 0.006250 0.025000
0 0.325000 0.491667 0.011979 0.018519
0 0.006901 0.516667 0.013281 0.011111
0 0.772005 0.470139 0.015365 0.012500
0 0.297526 0.515741 0.010677 0.012963
0 0.784115 0.131713 0.013021 0.019907
0 0.515495 0.684491 0.004948 0.018056
0 0.534635 0.546296 0.013021 0.014815
2 0.478125 0.602315 0.006250 0.025926
0 0.821094 0.460880 0.013542 0.011574
2 0.643620 0.613194 0.006510 0.027315
2 0.525391 0.650694 0.006510 0.029167
0 0.478516 0.757176 0.005990 0.023611
0 0.472005 0.449537 0.007031 0.027778
0 0.027083 0.549537 0.014583 0.010185
0 0.649609 0.520833 0.013802 0.012037
0 0.685026 0.525926 0.012760 0.012037
0 0.774609 0.455556 0.013281 0.012037
0 0.513411 0.136574 0.009635 0.026852
0 0.608854 0.766435 0.005729 0.017130
0 0.505469 0.767361 0.005729 0.024537
0 0.467708 0.850463 0.006250 0.025926
0 0.488151 0.725694 0.006510 0.026389
0 0.469141 0.738657 0.006510 0.025463
0 0.460026 0.243750 0.005990 0.023611
0 0.150260 0.594676 0.014063 0.012500
0 0.995964 0.590509 0.008073 0.020833
0 0.468620 0.799537 0.006510 0.025926
0 0.487630 0.778472 0.004948 0.018981
0 0.477083 0.572685 0.006250 0.025000
0 0.034245 0.566435 0.014844 0.011574
0 0.778516 0.503704 0.013281 0.010185
1 0.525521 0.707870 0.009375 0.056481
0 0.506510 0.725463 0.006771 0.026852
0 0.583333 0.556713 0.010417 0.010648
0 0.496224 0.414815 0.006510 0.024074
0 0.469792 0.415046 0.006250 0.022685
0 0.577083 0.234954 0.014583 0.011574
0 0.763411 0.524537 0.014844 0.012037
1 0.415625 0.260185 0.016667 0.057407
0 0.477344 0.971065 0.005729 0.022685
0 0.479167 0.661806 0.005208 0.018056
0 0.461849 0.441204 0.005990 0.022222
0 0.480208 0.434954 0.006250 0.023611
0 0.270182 0.641667 0.013281 0.011111
0 0.488411 0.669676 0.006510 0.024537
0 0.427083 0.086806 0.005729 0.025463
0 0.032552 0.379398 0.008333 0.019907
0 0.014063 0.565046 0.014583 0.010648
2 0.115495 0.873380 0.017448 0.020833
0 0.426953 0.175926 0.007031 0.026852
0 0.987891 0.554398 0.008594 0.024537
2 0.633073 0.856481 0.009375 0.025926
0 0.518880 0.902083 0.007031 0.024537
0 0.479948 0.638426 0.005729 0.018519
0 0.615495 0.544907 0.013802 0.012037
0 0.467578 0.617361 0.005990 0.025463
0 0.457292 0.387037 0.006250 0.020370
0 0.467708 0.369907 0.007292 0.025000
2 0.518620 0.550231 0.014323 0.020833
0 0.461328 0.281481 0.004948 0.018519
2 0.454036 0.328704 0.006510 0.026852
0 0.241016 0.510880 0.013281 0.009722
0 0.126042 0.609491 0.011979 0.012500
0 0.638542 0.549306 0.014063 0.012500
0 0.505990 0.874537 0.005729 0.020370
0 0.518620 0.825231 0.005990 0.025463
0 0.488281 0.626620 0.006771 0.026389
0 0.488411 0.435417 0.006510 0.025463
2 0.472917 0.327083 0.007292 0.028241
0 0.441406 0.110417 0.005729 0.027315
0 0.171615 0.519213 0.014583 0.010648
0 0.099089 0.600694 0.014323 0.009722
2 0.948438 0.921991 0.016146 0.018981
0 0.506250 0.808565 0.005729 0.020833
0 0.477995 0.802315 0.006510 0.025000
0 0.513542 0.086111 0.006771 0.025000
0 0.449740 0.093287 0.007292 0.026389
0 0.438542 0.056250 0.006250 0.024537
0 0.422526 0.008565 0.005990 0.016204
0 0.116667 0.528935 0.011458 0.008796
0 0.724740 0.530093 0.014063 0.012037
0 0.834245 0.506481 0.014844 0.011111
2 0.505599 0.968056 0.005469 0.027778
0 0.515625 0.758102 0.005729 0.026389
0 0.443099 0.160880 0.006510 0.024537
2 0.711719 0.503935 0.014583 0.011574
0 0.819661 0.487269 0.013802 0.010648
0 0.879167 0.496065 0.014063 0.012500
