0 0.143490 0.906250 0.014583 0.015278
0 0.146484 0.916204 0.012760 0.014815
0 0.271615 0.945833 0.009896 0.014815
0 0.145182 0.744213 0.009115 0.021759
0 0.097786 0.819907 0.010156 0.022222
0 0.295703 0.617361 0.013802 0.011574
0 0.440234 0.606019 0.014844 0.012037
0 0.206771 0.769213 0.011979 0.017130
0 0.238802 0.793519 0.012500 0.015741
0 0.218620 0.756250 0.013802 0.016204
0 0.253646 0.730093 0.014583 0.018519
0 0.270313 0.767361 0.014063 0.015278
0 0.285547 0.756250 0.013802 0.016204
0 0.381250 0.764120 0.012500 0.019907
0 0.414193 0.840741 0.010156 0.023148
0 0.394792 0.865972 0.009896 0.024537
0 0.393750 0.822917 0.009375 0.025463
0 0.187760 0.426157 0.006250 0.023611
0 0.687109 0.102083 0.010156 0.023611
2 0.624609 0.158102 0.009635 0.026389
2 0.618880 0.169676 0.013802 0.022685
0 0.654557 0.118750 0.009635 0.026389
0 0.663021 0.115278 0.009375 0.020370
0 0.649089 0.125926 0.011719 0.025000
0 0.690495 0.008102 0.005990 0.015278
0 0.790104 0.076852 0.015625 0.014815
0 0.758333 0.019444 0.015104 0.013889
0 0.813542 0.067361 0.014063 0.013426
2 0.796875 0.099306 0.016667 0.014352
2 0.757292 0.037963 0.018750 0.014815
2 0.930339 0.024537 0.012240 0.011111
0 0.909245 0.643287 0.005990 0.019907
0 0.865495 0.646065 0.009115 0.021759
0 0.956641 0.684954 0.008073 0.022685
0 0.950000 0.689815 0.007292 0.022222
0 0.942187 0.691898 0.006250 0.025463
0 0.979167 0.778472 0.008854 0.024537
0 0.942057 0.796296 0.009635 0.025000
2 0.934115 0.800694 0.008333 0.018056
2 0.926953 0.801620 0.009115 0.020833
2 0.935677 0.821991 0.008854 0.021759
2 0.929948 0.823843 0.008854 0.024537
0 0.913151 0.910417 0.012760 0.013426
0 0.798047 0.649769 0.011198 0.013426
0 0.753776 0.612731 0.012240 0.014352
0 0.784245 0.662500 0.012760 0.015741
0 0.707812 0.601620 0.006250 0.027315
0 0.766016 0.678935 0.011198 0.013426
0 0.658724 0.661806 0.008073 0.025463
2 0.622656 0.581713 0.020313 0.015278
2 0.666016 0.584259 0.010677 0.027778
0 0.596094 0.761574 0.013021 0.018519
0 0.667969 0.694676 0.014583 0.018056
2 0.650130 0.694213 0.014323 0.030093
0 0.643359 0.642130 0.007031 0.025000
0 0.626953 0.702546 0.011719 0.022685
0 0.620964 0.772454 0.005469 0.024537
0 0.615104 0.731250 0.011458 0.021759
0 0.582292 0.779630 0.011458 0.016667
0 0.609375 0.828935 0.009896 0.021759
0 0.638932 0.727546 0.011198 0.024537
0 0.592318 0.805556 0.014844 0.018519
0 0.629557 0.753935 0.010156 0.022685
0 0.650651 0.864583 0.013281 0.010648
0 0.631901 0.875463 0.006510 0.023148
0 0.627214 0.796296 0.010156 0.023148
0 0.587240 0.474074 0.013542 0.012037
0 0.567318 0.493519 0.014844 0.011111
0 0.364323 0.582639 0.014063 0.010648
0 0.411719 0.579630 0.013542 0.010185
0 0.151432 0.941204 0.011198 0.014815
0 0.385547 0.862269 0.010156 0.024537
2 0.752865 0.092130 0.015104 0.012963
2 0.899740 0.155324 0.016667 0.013426
0 0.966667 0.015972 0.015104 0.010648
0 0.662630 0.340972 0.010677 0.020833
0 0.636849 0.673380 0.007552 0.019907
2 0.614974 0.817361 0.009635 0.023611
2 0.640495 0.934259 0.008073 0.024074
0 0.558724 0.835185 0.014844 0.017593
0 0.048307 0.373611 0.014323 0.012963
0 0.056510 0.337731 0.007292 0.020833
2 0.048698 0.334722 0.008333 0.025926
0 0.149349 0.929861 0.012240 0.013426
0 0.158594 0.962963 0.012500 0.014815
0 0.161068 0.973843 0.014323 0.015278
0 0.578516 0.818056 0.014323 0.018519
0 0.654557 0.920370 0.005469 0.022222
0 0.636458 0.904861 0.006250 0.023611
2 0.607682 0.184491 0.015365 0.028241
0 0.631510 0.150000 0.010417 0.024074
0 0.638411 0.840046 0.009115 0.025463
0 0.945964 0.019676 0.015885 0.014352
0 0.971745 0.734259 0.015365 0.015741
0 0.564453 0.796759 0.013802 0.017593
0 0.646484 0.462037 0.014844 0.010185
0 0.090234 0.991898 0.009115 0.010648
0 0.085547 0.982176 0.011719 0.013426
0 0.060937 0.989583 0.013542 0.015278
0 0.057552 0.979861 0.013021 0.016204
0 0.234115 0.746991 0.015104 0.018981
0 0.320703 0.731713 0.011719 0.013426
0 0.651302 0.887500 0.006250 0.026852
0 0.700521 0.664120 0.008333 0.025463
2 0.035547 0.329861 0.008594 0.026389
0 0.026432 0.380093 0.011719 0.027778
0 0.054297 0.968981 0.012240 0.012963
0 0.223568 0.799769 0.014323 0.014352
0 0.290234 0.699074 0.014323 0.018519
0 0.270833 0.716667 0.014583 0.017593
0 0.337109 0.727546 0.015885 0.011574
0 0.353125 0.734491 0.014063 0.016204
0 0.726302 0.647222 0.013542 0.012963
2 0.693359 0.600231 0.006510 0.029167
0 0.916797 0.638889 0.006510 0.025000
0 0.972135 0.785880 0.008854 0.022685
0 0.990885 0.772454 0.008333 0.022685
0 0.980208 0.254167 0.008854 0.029630
2 0.989453 0.260185 0.011719 0.027778
0 0.989323 0.218056 0.013542 0.011111
0 0.692839 0.040741 0.007031 0.025926
0 0.667969 0.132176 0.013021 0.018056
0 0.189323 0.617361 0.013542 0.013426
0 0.432682 0.551620 0.014323 0.014352
0 0.975260 0.286343 0.008333 0.024537
0 0.225521 0.615741 0.014583 0.012037
0 0.782813 0.150694 0.013542 0.018056
0 0.141016 0.871065 0.014844 0.016204
0 0.302734 0.573148 0.015365 0.011111
2 0.870833 0.788194 0.009375 0.025463
0 0.257682 0.572222 0.014844 0.011111
0 0.323568 0.571296 0.012760 0.010185
0 0.215755 0.569213 0.013802 0.010648
2 0.952604 0.951852 0.015104 0.019444
2 0.387240 0.581713 0.015625 0.011574
1 0.511979 0.516204 0.023958 0.045370
0 0.445182 0.569444 0.014844 0.015741
0 0.127734 0.833565 0.015885 0.016204
0 0.440885 0.589352 0.014583 0.011111
2 0.988802 0.959722 0.010937 0.038889
2 0.213802 0.582407 0.017708 0.012037
0 0.321875 0.585880 0.014583 0.010648
0 0.164193 0.985880 0.013281 0.015278
0 0.106641 0.640972 0.014323 0.013426
0 0.585417 0.214352 0.012500 0.017593
0 0.354036 0.568519 0.014323 0.011111
2 0.153906 0.562269 0.015625 0.011574
0 0.150000 0.576852 0.012500 0.011111
0 0.238802 0.585880 0.014583 0.011574
0 0.342318 0.584491 0.014323 0.009722
0 0.134766 0.572917 0.011719 0.009722
2 0.262109 0.585417 0.015885 0.011574
0 0.234896 0.570139 0.014583 0.011574
0 0.278906 0.572917 0.014063 0.010648
2 0.478646 0.567593 0.014063 0.017593
0 0.292839 0.585417 0.010677 0.008796
0 0.171484 0.577778 0.014844 0.010185
2 0.617448 0.483796 0.015625 0.011111
0 0.197526 0.565741 0.014323 0.011111
2 0.176172 0.564120 0.021094 0.014352
0 0.193750 0.580324 0.015104 0.010648
0 0.115625 0.558565 0.015104 0.011574
0 0.076953 0.552546 0.014323 0.010648
0 0.056250 0.549769 0.014063 0.011574
0 0.114844 0.571296 0.013542 0.010185
0 0.094401 0.554630 0.013802 0.010185
0 0.590625 0.489352 0.014063 0.011111
0 0.132292 0.559722 0.014583 0.011111
0 0.586589 0.504398 0.013281 0.010648
0 0.207552 0.615972 0.013542 0.010648
0 0.089714 0.911806 0.014844 0.016204
0 0.564583 0.508565 0.014063 0.010648
0 0.769401 0.084954 0.014323 0.012500
0 0.397656 0.596296 0.013542 0.010185
0 0.563802 0.478009 0.014063 0.011574
0 0.607552 0.468287 0.014583 0.011574
0 0.157031 0.949306 0.010937 0.015278
2 0.232682 0.599769 0.016927 0.011574
0 0.086068 0.568056 0.013281 0.011111
1 0.380469 0.613889 0.019271 0.012963
0 0.464323 0.597222 0.014063 0.012963
0 0.305339 0.601389 0.014844 0.011111
0 0.901563 0.649306 0.005208 0.011574
0 0.323568 0.616435 0.016406 0.010648
0 0.346745 0.615278 0.015365 0.011111
0 0.339714 0.598148 0.013281 0.011111
0 0.263802 0.602315 0.014583 0.010185
0 0.365495 0.597454 0.014844 0.011574
0 0.614062 0.499074 0.014583 0.010185
0 0.012370 0.545370 0.015365 0.011111
0 0.211068 0.598380 0.014323 0.011574
0 0.410417 0.611806 0.015104 0.011574
0 0.173568 0.593056 0.011198 0.010185
0 0.205859 0.820139 0.014323 0.014352
0 0.114974 0.650000 0.013802 0.010185
0 0.489193 0.397222 0.006510 0.025926
0 0.270182 0.614583 0.014323 0.010648
0 0.065104 0.566204 0.015625 0.012037
0 0.190885 0.594907 0.014063 0.011111
0 0.660156 0.492130 0.014583 0.010185
0 0.500260 0.658102 0.006250 0.024537
0 0.798307 0.465046 0.013802 0.012500
0 0.498437 0.724537 0.006771 0.024074
0 0.628385 0.464120 0.010937 0.009722
0 0.498958 0.689352 0.006771 0.025000
2 0.637630 0.479630 0.015365 0.012037
0 0.176432 0.609722 0.011198 0.014815
1 0.498958 0.771759 0.008333 0.057407
0 0.243880 0.615509 0.013281 0.010648
0 0.639714 0.493981 0.013802 0.010185
0 0.498828 0.898380 0.006510 0.035648
0 0.499219 0.864583 0.005729 0.022685
0 0.763932 0.148843 0.004948 0.023611
0 0.498177 0.829398 0.006250 0.026389
0 0.498307 0.937500 0.006510 0.025926
0 0.077344 0.968519 0.006771 0.021296
0 0.150391 0.769676 0.009635 0.023611
0 0.466927 0.337963 0.006771 0.025000
1 0.497917 0.979861 0.007812 0.040278
0 0.479036 0.987037 0.005990 0.025926
0 0.518750 0.652546 0.006250 0.024537
0 0.461328 0.228241 0.007031 0.025926
0 0.613542 0.513194 0.014583 0.012500
0 0.702083 0.470139 0.014583 0.010648
2 0.753516 0.475463 0.015885 0.012037
0 0.747786 0.461343 0.014844 0.011574
0 0.808073 0.083565 0.015104 0.014352
2 0.681771 0.459259 0.015625 0.011111
2 0.663932 0.461111 0.015365 0.011111
0 0.509375 0.681713 0.006250 0.025463
0 0.480599 0.915741 0.005990 0.024074
0 0.456641 0.332639 0.006510 0.023611
0 0.819141 0.658333 0.009635 0.012037
0 0.517969 0.719907 0.006771 0.025926
0 0.489063 0.937269 0.004687 0.018056
0 0.480599 0.868750 0.006510 0.025463
0 0.190365 0.631481 0.012500 0.011111
0 0.684505 0.487963 0.014323 0.011111
0 0.656771 0.477546 0.013542 0.011574
0 0.677604 0.473843 0.014583 0.011574
0 0.797135 0.451852 0.015104 0.012037
0 0.469922 0.937963 0.005990 0.025000
0 0.510286 0.648843 0.006510 0.025463
0 0.480729 0.746296 0.006250 0.025000
0 0.774089 0.469676 0.015365 0.012500
0 0.291667 0.510648 0.014063 0.011111
0 0.787240 0.131713 0.013021 0.019907
0 0.517318 0.684491 0.004948 0.018056
2 0.473568 0.688426 0.006510 0.025000
0 0.823698 0.460417 0.014063 0.011574
2 0.645833 0.611574 0.006771 0.026852
2 0.527995 0.649769 0.006510 0.029167
0 0.480599 0.778241 0.005990 0.024074
0 0.474609 0.447685 0.007031 0.027778
0 0.030990 0.547917 0.015104 0.011574
0 0.670703 0.529861 0.013802 0.011574
0 0.774609 0.454861 0.013802 0.012500
0 0.610807 0.785417 0.006510 0.018056
0 0.507812 0.767361 0.005729 0.024537
0 0.470573 0.880556 0.006250 0.025926
0 0.489453 0.802315 0.006510 0.024074
0 0.470703 0.794676 0.005469 0.019907
0 0.463932 0.261343 0.006510 0.023611
0 0.156120 0.593056 0.013802 0.011111
0 0.982943 0.560648 0.008073 0.022222
0 0.471224 0.828472 0.006510 0.024537
0 0.489323 0.878472 0.006250 0.025463
0 0.480859 0.638194 0.006510 0.025463
0 0.039453 0.564815 0.015885 0.012037
1 0.527865 0.701157 0.008333 0.056944
0 0.508854 0.726389 0.006771 0.026852
0 0.498828 0.413194 0.005469 0.025463
0 0.471615 0.414120 0.006250 0.022685
0 0.788021 0.500926 0.013542 0.012037
1 0.346354 0.458565 0.025521 0.046759
0 0.481510 0.699537 0.005208 0.019444
0 0.464714 0.441667 0.005990 0.022222
0 0.482161 0.433796 0.006510 0.024074
0 0.409766 0.307176 0.008594 0.025463
0 0.035677 0.377546 0.008333 0.019907
0 0.017708 0.561343 0.015104 0.010648
2 0.179818 0.714352 0.008594 0.026852
0 0.380990 0.383565 0.011458 0.026389
0 0.994010 0.563889 0.008854 0.019444
2 0.624349 0.819444 0.010677 0.025926
0 0.481771 0.671991 0.005208 0.019907
0 0.471224 0.737731 0.005990 0.025463
0 0.460417 0.399537 0.006250 0.020370
0 0.469792 0.372222 0.007292 0.025000
0 0.465234 0.295833 0.004948 0.018519
2 0.458724 0.368519 0.006510 0.026852
0 0.247917 0.530324 0.014583 0.011574
0 0.162760 0.625231 0.012500 0.014352
0 0.508464 0.843519 0.006510 0.021296
0 0.515755 0.925694 0.005990 0.020833
0 0.489974 0.723380 0.006510 0.024537
0 0.490755 0.437037 0.006510 0.023148
2 0.479427 0.397222 0.006771 0.027778
0 0.136328 0.602315 0.015365 0.011111
2 0.987370 0.883796 0.017969 0.018519
0 0.507943 0.803704 0.005469 0.022222
0 0.479948 0.816204 0.006771 0.025926
0 0.429427 0.179630 0.006250 0.025926
0 0.423438 0.240741 0.007812 0.025926
0 0.125651 0.528009 0.013802 0.009722
0 0.732682 0.513889 0.010677 0.010185
0 0.886849 0.480093 0.013802 0.011111
2 0.508464 0.894676 0.005990 0.028241
0 0.517318 0.749769 0.007031 0.022685
0 0.451562 0.253704 0.005729 0.025000
0 0.852474 0.472917 0.014844 0.012500
0 0.845052 0.504167 0.014583 0.011111
0 0.449349 0.827778 0.010677 0.021296
0 0.429036 0.114120 0.005990 0.025463
0 0.518880 0.782870 0.006510 0.026852
0 0.446745 0.144907 0.007031 0.024074
0 0.112240 0.510417 0.011979 0.009722
2 0.907943 0.460185 0.015885 0.012963
0 0.828776 0.491667 0.014323 0.010185
0 0.916536 0.472685 0.014323 0.012037
0 0.538542 0.662500 0.006250 0.025000
0 0.479427 0.510185 0.012500 0.021296
0 0.427604 0.040972 0.006250 0.026389
0 0.454557 0.116204 0.006510 0.024074
0 0.793099 0.516898 0.014844 0.012500
0 0.981250 0.499074 0.009375 0.022222
0 0.516797 0.833333 0.006510 0.025000
0 0.507943 0.431250 0.006510 0.018056
0 0.458333 0.185185 0.007292 0.026852
0 0.450521 0.210648 0.006771 0.026852
0 0.969792 0.509491 0.010937 0.021759
2 0.515495 0.978935 0.005469 0.027315
0 0.521745 0.872917 0.005990 0.017130
0 0.473047 0.549306 0.011719 0.016204
0 0.498568 0.579630 0.015365 0.013889
0 0.504557 0.288889 0.006510 0.025000
0 0.480599 0.247454 0.007031 0.028241
0 0.442969 0.083565 0.006771 0.025463
0 0.222005 0.520139 0.013802 0.010648
0 0.069141 0.492361 0.013802 0.009722
2 0.719792 0.533333 0.015104 0.012963
0 0.878776 0.498380 0.014844 0.012500
