0 0.048438 0.336806 0.018750 0.020833
0 0.011198 0.429167 0.017708 0.013889
0 0.046615 0.515509 0.019271 0.014352
0 0.070312 0.495139 0.017188 0.015278
0 0.080469 0.372222 0.017188 0.016667
0 0.084766 0.302083 0.016406 0.012500
0 0.112630 0.349769 0.019010 0.016204
0 0.127734 0.433796 0.016406 0.013889
0 0.115365 0.518981 0.016146 0.015741
0 0.168620 0.332407 0.015885 0.014815
0 0.181641 0.397685 0.016927 0.012963
0 0.229036 0.359491 0.013802 0.014352
0 0.248047 0.314583 0.016406 0.015278
0 0.248047 0.379167 0.017969 0.016667
0 0.230469 0.437731 0.017188 0.016204
0 0.228516 0.461111 0.016406 0.016667
0 0.227214 0.503241 0.015885 0.015741
0 0.284115 0.529630 0.016667 0.014815
0 0.299089 0.401389 0.015365 0.013889
0 0.303776 0.357870 0.017448 0.015741
0 0.313151 0.380093 0.013802 0.012963
0 0.346354 0.477546 0.016667 0.014352
0 0.384375 0.316898 0.016667 0.011574
0 0.399870 0.337037 0.015365 0.012963
0 0.391146 0.360648 0.017708 0.014815
0 0.383724 0.404167 0.017448 0.013889
0 0.472135 0.316204 0.016146 0.014815
0 0.483724 0.358796 0.012760 0.015741
0 0.479297 0.405556 0.014844 0.013889
0 0.465234 0.446528 0.019531 0.015278
0 0.469922 0.534722 0.019531 0.016667
2 0.535286 0.365046 0.019010 0.014352
0 0.552344 0.385417 0.017188 0.015278
0 0.625391 0.316667 0.019531 0.016667
0 0.644922 0.363194 0.019531 0.015278
0 0.667969 0.326157 0.018750 0.014352
0 0.658464 0.406250 0.016927 0.015278
0 0.711068 0.334491 0.017448 0.014352
0 0.751953 0.303704 0.016406 0.012963
0 0.777865 0.331250 0.016667 0.013426
0 0.798958 0.376157 0.019271 0.016204
0 0.853646 0.324306 0.017188 0.015278
0 0.914453 0.347222 0.022656 0.016667
0 0.965234 0.322917 0.016406 0.015278
0 0.904297 0.393056 0.021094 0.013889
0 0.941016 0.430787 0.017969 0.014352
0 0.887370 0.459259 0.019010 0.014815
0 0.896094 0.527083 0.017188 0.015278
0 0.735938 0.539583 0.018750 0.015278
0 0.687370 0.468519 0.015365 0.013889
2 0.653125 0.540972 0.023438 0.018056
0 0.008073 0.161111 0.008333 0.030556
0 0.040234 0.125000 0.013802 0.028704
0 0.049349 0.117824 0.010677 0.023611
0 0.058724 0.106019 0.014323 0.029630
0 0.066797 0.088889 0.014844 0.017593
0 0.069531 0.071296 0.015104 0.020370
0 0.007031 0.387269 0.013021 0.011574
2 0.485677 0.130556 0.030208 0.020370
2 0.537109 0.159722 0.027865 0.021296
2 0.538021 0.083333 0.024479 0.019444
