0 0.063672 0.459028 0.019531 0.015278
0 0.133203 0.295833 0.014844 0.016667
0 0.129688 0.317361 0.017188 0.015278
0 0.128516 0.361806 0.017969 0.015278
0 0.157812 0.488194 0.018750 0.015278
0 0.161719 0.515278 0.020313 0.019444
0 0.190365 0.367361 0.015104 0.015278
0 0.198568 0.469907 0.015885 0.014815
0 0.220443 0.322685 0.015885 0.012037
0 0.258203 0.372454 0.016406 0.017130
0 0.251042 0.481944 0.014583 0.013889
0 0.249219 0.518750 0.017188 0.015278
0 0.280469 0.453241 0.015625 0.015741
0 0.300391 0.477546 0.019531 0.014352
0 0.392578 0.367361 0.016406 0.012500
0 0.396354 0.479861 0.017708 0.015278
0 0.419531 0.529167 0.018750 0.014815
0 0.463672 0.506944 0.017969 0.016667
0 0.503385 0.334259 0.019271 0.015741
0 0.536719 0.379167 0.018750 0.016667
0 0.560547 0.405556 0.019531 0.013889
0 0.539453 0.444907 0.019531 0.014815
0 0.499870 0.533565 0.018490 0.014352
0 0.557682 0.468287 0.016927 0.015278
0 0.604688 0.360417 0.020313 0.015278
0 0.602214 0.490972 0.015365 0.015278
0 0.585547 0.538889 0.017969 0.013889
0 0.646875 0.450694 0.018750 0.015278
0 0.639714 0.509491 0.017969 0.017130
0 0.644271 0.536111 0.019792 0.014815
0 0.663411 0.362037 0.018490 0.014815
0 0.690234 0.312037 0.016406 0.014815
0 0.729557 0.333796 0.016927 0.016667
0 0.722786 0.402546 0.015885 0.016204
0 0.721875 0.447222 0.017188 0.016667
0 0.695833 0.467824 0.021354 0.014352
0 0.696354 0.488657 0.017708 0.016204
0 0.725391 0.533333 0.019531 0.016667
0 0.775651 0.356019 0.019010 0.015741
0 0.813672 0.400000 0.019531 0.013889
0 0.801562 0.491435 0.018229 0.015278
0 0.900000 0.377083 0.018750 0.015278
0 0.980469 0.349074 0.018750 0.014815
0 0.987630 0.434259 0.018490 0.015741
0 0.989844 0.477083 0.018750 0.018056
0 0.962240 0.515509 0.019792 0.016204
0 0.890495 0.532176 0.018490 0.016204
0 0.008724 0.146065 0.011198 0.029167
0 0.041276 0.111574 0.014844 0.031481
0 0.049479 0.102083 0.010417 0.026389
0 0.059375 0.094213 0.016146 0.030093
0 0.068099 0.075000 0.017448 0.024074
0 0.070573 0.058102 0.015104 0.021759
2 0.485677 0.127083 0.029687 0.018056
2 0.537630 0.155787 0.027865 0.022685
2 0.538542 0.081944 0.023438 0.022222
0 0.884896 0.300000 0.019792 0.017593
