0 0.026042 0.297222 0.017708 0.013889
0 0.022005 0.369676 0.017448 0.016204
0 0.059505 0.346065 0.020573 0.019907
0 0.110417 0.328472 0.016667 0.015278
0 0.111849 0.392593 0.015885 0.013889
0 0.086719 0.433333 0.018750 0.013889
0 0.121875 0.520139 0.018229 0.015278
0 0.133854 0.499306 0.016667 0.013426
0 0.180339 0.522917 0.017448 0.018056
0 0.173177 0.353009 0.016146 0.017130
0 0.184375 0.311806 0.015625 0.015278
0 0.182161 0.377546 0.019010 0.016204
0 0.205078 0.436806 0.016406 0.014352
0 0.231641 0.398611 0.016406 0.013889
0 0.248438 0.356250 0.018750 0.018056
0 0.247786 0.380556 0.014323 0.013889
0 0.322656 0.314583 0.018750 0.018056
0 0.344141 0.338194 0.017969 0.018056
0 0.335807 0.360648 0.018490 0.015741
0 0.316146 0.402315 0.017708 0.013889
0 0.306250 0.442361 0.018750 0.015278
0 0.298698 0.464815 0.016667 0.014815
0 0.298698 0.506481 0.017708 0.015741
0 0.338802 0.531250 0.016667 0.015278
0 0.409766 0.313194 0.014844 0.016204
0 0.432031 0.359722 0.014063 0.013889
0 0.406510 0.405093 0.015104 0.015741
0 0.428646 0.482639 0.016667 0.016204
2 0.485938 0.365046 0.018750 0.012500
0 0.487500 0.386111 0.018750 0.016667
0 0.523828 0.534954 0.019531 0.014352
0 0.542578 0.447917 0.019531 0.018056
0 0.567969 0.319444 0.021875 0.016667
0 0.591146 0.364120 0.018229 0.017130
0 0.578906 0.404861 0.018750 0.018056
0 0.619010 0.321065 0.019792 0.013426
0 0.662240 0.336111 0.017708 0.013889
0 0.700391 0.306481 0.014844 0.014815
0 0.728906 0.331019 0.016667 0.015741
0 0.733464 0.380787 0.016927 0.015278
0 0.801042 0.322917 0.017708 0.015278
0 0.851953 0.352083 0.022656 0.018056
0 0.826042 0.399769 0.017708 0.013426
0 0.915365 0.326852 0.017188 0.013889
0 0.975000 0.318287 0.021875 0.017130
0 0.952083 0.387269 0.020313 0.017130
0 0.960547 0.452778 0.019531 0.016667
0 0.959766 0.525000 0.019531 0.019444
0 0.793750 0.536343 0.018750 0.014352
0 0.766146 0.467361 0.014583 0.014352
2 0.710417 0.540046 0.019271 0.013426
0 0.008984 0.160648 0.008594 0.025000
0 0.040104 0.126389 0.013542 0.025000
0 0.048568 0.116667 0.013802 0.029630
0 0.058854 0.108333 0.015625 0.030556
0 0.067318 0.086343 0.013802 0.015278
0 0.070312 0.072222 0.014583 0.016667
2 0.484375 0.132639 0.026562 0.018056
2 0.536328 0.159491 0.026823 0.021759
2 0.537109 0.084259 0.023177 0.021296
