0 0.042448 0.393056 0.013021 0.012037
0 0.071224 0.372917 0.016927 0.018056
0 0.092188 0.331944 0.018750 0.016667
0 0.119922 0.306250 0.016406 0.018056
0 0.174609 0.400000 0.016406 0.016667
0 0.216276 0.334954 0.016927 0.013426
0 0.230729 0.380787 0.017708 0.016204
0 0.235937 0.400463 0.010937 0.014815
0 0.266797 0.325694 0.016406 0.018056
0 0.257812 0.464583 0.020313 0.020833
0 0.289062 0.444444 0.018750 0.019444
0 0.294922 0.486806 0.014844 0.012500
0 0.328646 0.335648 0.019271 0.016667
0 0.330990 0.358796 0.016146 0.017593
0 0.328906 0.404167 0.017188 0.016667
2 0.341016 0.468750 0.017448 0.014352
0 0.348177 0.382176 0.018229 0.017130
0 0.394010 0.339815 0.016667 0.015741
0 0.395833 0.404167 0.017188 0.012963
0 0.423698 0.490741 0.017188 0.015741
0 0.411328 0.541667 0.019531 0.019444
0 0.445573 0.375000 0.018229 0.016667
0 0.500260 0.446296 0.018229 0.017593
0 0.553516 0.382176 0.017448 0.016204
0 0.575781 0.322917 0.018750 0.015278
0 0.626432 0.315046 0.017448 0.016204
2 0.652083 0.381019 0.021354 0.014815
0 0.689063 0.403935 0.019271 0.016204
0 0.698698 0.359028 0.016667 0.015278
0 0.725521 0.327778 0.014583 0.013889
0 0.684375 0.487500 0.020313 0.016667
0 0.764062 0.440278 0.020313 0.013889
0 0.769141 0.463657 0.019531 0.016204
0 0.849479 0.456944 0.018229 0.016667
0 0.881250 0.504398 0.017188 0.018981
0 0.800911 0.395139 0.015885 0.012500
0 0.863021 0.344213 0.019271 0.016204
0 0.964193 0.332176 0.020573 0.016204
0 0.070443 0.074306 0.015365 0.012500
0 0.069141 0.092130 0.018490 0.013889
0 0.058984 0.110648 0.011719 0.023148
0 0.049479 0.118519 0.009896 0.018519
0 0.041667 0.128704 0.010417 0.025926
0 0.008984 0.165046 0.005469 0.022685
0 0.006771 0.348148 0.010417 0.012037
0 0.995443 0.428472 0.007031 0.014352
2 0.487500 0.130324 0.029687 0.017130
2 0.537630 0.158796 0.027865 0.019444
2 0.537760 0.084259 0.024479 0.015741
