0 0.038021 0.314120 0.017708 0.013426
0 0.051172 0.350231 0.016406 0.013426
0 0.061458 0.371296 0.016667 0.014815
0 0.037370 0.474306 0.016927 0.015278
0 0.085286 0.499306 0.017448 0.012500
0 0.118750 0.355787 0.015104 0.014352
0 0.146745 0.285185 0.016927 0.013889
0 0.157292 0.379630 0.017188 0.012963
0 0.158464 0.420602 0.018490 0.014352
2 0.169141 0.505324 0.017448 0.015278
0 0.194792 0.361574 0.015625 0.012963
0 0.235156 0.354630 0.015625 0.014815
0 0.266406 0.459259 0.017188 0.014815
0 0.277214 0.391667 0.013802 0.013889
2 0.283724 0.345370 0.017448 0.014815
0 0.331771 0.349074 0.018229 0.012963
2 0.347786 0.369213 0.016406 0.013426
0 0.343490 0.524074 0.018229 0.014815
0 0.384375 0.507176 0.018750 0.015278
0 0.423828 0.356250 0.019531 0.018056
2 0.422526 0.377778 0.019531 0.016667
2 0.420703 0.312269 0.017969 0.013426
0 0.498698 0.353935 0.017708 0.015278
0 0.510677 0.380787 0.016667 0.012500
0 0.388411 0.435648 0.014844 0.012963
0 0.453255 0.530787 0.017448 0.013426
0 0.537891 0.536111 0.019531 0.016667
0 0.595573 0.495833 0.017708 0.013889
0 0.609896 0.537269 0.016667 0.016204
0 0.550781 0.310880 0.014063 0.015278
0 0.571224 0.356019 0.019010 0.012963
0 0.631250 0.360880 0.017188 0.013426
0 0.652344 0.339815 0.014063 0.012963
0 0.659896 0.319213 0.015104 0.014352
0 0.805469 0.310417 0.018750 0.012500
0 0.843750 0.359954 0.018750 0.016204
0 0.886849 0.329861 0.019010 0.015278
0 0.875521 0.381713 0.014583 0.014352
0 0.944141 0.333333 0.017969 0.016667
0 0.965625 0.371296 0.020313 0.015741
0 0.720833 0.446065 0.018229 0.013426
0 0.758333 0.538194 0.018229 0.015278
0 0.864714 0.509722 0.018490 0.016667
0 0.925781 0.533565 0.014063 0.013426
0 0.969661 0.487963 0.017448 0.015741
0 0.937891 0.440278 0.019531 0.013889
0 0.983594 0.397222 0.021875 0.016667
0 0.007943 0.137963 0.008073 0.026852
0 0.041536 0.103472 0.013281 0.029167
0 0.049089 0.094444 0.011198 0.023148
0 0.058333 0.085880 0.015625 0.028241
0 0.067839 0.066898 0.015365 0.020833
0 0.071094 0.051620 0.015625 0.019907
2 0.487500 0.125694 0.030208 0.016204
2 0.537891 0.155324 0.027865 0.020833
2 0.538932 0.081250 0.023698 0.020833
0 0.995573 0.284259 0.008854 0.014815
