0 0.024870 0.457870 0.019531 0.012037
0 0.037630 0.328704 0.016406 0.012963
0 0.072266 0.286111 0.019531 0.019444
0 0.143359 0.316204 0.017969 0.014815
0 0.129557 0.419444 0.019010 0.013889
0 0.137109 0.467361 0.019010 0.015278
0 0.137109 0.501852 0.017448 0.015741
0 0.178385 0.292824 0.015104 0.016204
0 0.181641 0.449306 0.016406 0.015278
0 0.213802 0.364120 0.017708 0.014352
0 0.235547 0.322917 0.013281 0.015278
0 0.302865 0.300231 0.016146 0.016204
0 0.317969 0.444907 0.018750 0.014815
0 0.340234 0.493750 0.016406 0.015278
0 0.365365 0.397685 0.016667 0.014815
0 0.382682 0.305787 0.015885 0.017130
0 0.409375 0.403009 0.015625 0.015278
0 0.433984 0.472454 0.017969 0.018056
0 0.426563 0.507639 0.017708 0.013426
0 0.450521 0.380324 0.014063 0.013426
0 0.458724 0.313426 0.015885 0.012963
0 0.519922 0.320370 0.017969 0.013889
0 0.498307 0.358565 0.018490 0.016204
0 0.497135 0.404861 0.017188 0.014352
0 0.541146 0.396296 0.015625 0.015741
0 0.548828 0.447222 0.017969 0.019444
0 0.540885 0.468750 0.016667 0.012500
0 0.521354 0.513889 0.017708 0.013889
0 0.566406 0.538426 0.018750 0.015741
0 0.610417 0.515278 0.017708 0.016667
0 0.624349 0.475926 0.012760 0.012963
0 0.632292 0.387037 0.018229 0.017593
0 0.638542 0.363889 0.020313 0.016667
0 0.705339 0.338194 0.018490 0.017130
0 0.725000 0.386806 0.018750 0.018056
0 0.700521 0.410880 0.018229 0.016204
0 0.679688 0.493519 0.018229 0.014815
0 0.765104 0.490046 0.019792 0.016204
0 0.841016 0.407639 0.022656 0.015278
0 0.852214 0.512037 0.017448 0.015741
2 0.894401 0.472222 0.020052 0.016667
0 0.901823 0.335417 0.019271 0.014352
0 0.942187 0.379167 0.020833 0.013889
0 0.008464 0.146528 0.008594 0.030093
0 0.042708 0.109722 0.011979 0.028704
0 0.051302 0.101620 0.011458 0.023611
0 0.060417 0.092130 0.014063 0.025926
0 0.069661 0.073148 0.015885 0.018519
0 0.073177 0.058102 0.016667 0.018056
0 0.006771 0.476852 0.013021 0.014815
0 0.759635 0.321759 0.018750 0.012963
0 0.992578 0.329398 0.014844 0.014352
2 0.488672 0.128241 0.031510 0.020370
2 0.538542 0.158565 0.027083 0.021759
2 0.539193 0.083565 0.022135 0.020833
0 0.996484 0.352083 0.007031 0.012500
