0 0.042839 0.296065 0.014323 0.017130
0 0.026823 0.428704 0.020313 0.013889
0 0.052734 0.490509 0.014844 0.014352
0 0.100130 0.349306 0.012760 0.015278
0 0.102865 0.372222 0.015625 0.012963
0 0.119010 0.394676 0.016146 0.013426
0 0.116797 0.431019 0.016406 0.017593
0 0.138672 0.475926 0.016406 0.015741
2 0.163542 0.353009 0.017708 0.013426
0 0.209635 0.329398 0.017708 0.014352
0 0.282813 0.359491 0.018750 0.016204
0 0.294922 0.311343 0.017969 0.016204
0 0.318880 0.330093 0.015365 0.015741
0 0.340755 0.384491 0.015885 0.014352
0 0.365365 0.404630 0.016667 0.012037
0 0.391797 0.308102 0.013802 0.013426
0 0.418880 0.326157 0.015885 0.013426
0 0.469010 0.362731 0.018229 0.014352
0 0.492578 0.313889 0.019531 0.013889
0 0.514714 0.405324 0.019010 0.016204
0 0.592839 0.315741 0.017448 0.015741
0 0.595182 0.361574 0.019010 0.015741
0 0.621875 0.337731 0.014063 0.013426
0 0.641797 0.386806 0.016406 0.020833
0 0.685937 0.315509 0.017188 0.016204
2 0.777344 0.398611 0.018750 0.019444
0 0.906380 0.296528 0.017448 0.015278
0 0.897786 0.323611 0.019010 0.016667
0 0.951562 0.286806 0.020313 0.015278
0 0.933594 0.368750 0.020313 0.018056
0 0.926823 0.493056 0.019271 0.016667
0 0.848437 0.528935 0.019271 0.016204
0 0.764974 0.441435 0.015885 0.013426
0 0.738542 0.467361 0.017188 0.013426
0 0.733984 0.511111 0.019010 0.013889
0 0.668490 0.446065 0.017708 0.013426
0 0.645964 0.540509 0.016927 0.017130
0 0.556120 0.447454 0.017448 0.014352
0 0.544531 0.534722 0.018750 0.016667
0 0.506641 0.535417 0.019531 0.015278
0 0.480859 0.516435 0.017969 0.013426
0 0.426432 0.448843 0.016927 0.014352
0 0.316146 0.508565 0.016146 0.014352
0 0.247526 0.484722 0.015365 0.013889
0 0.209505 0.503472 0.015885 0.012500
0 0.007812 0.159259 0.008333 0.028704
0 0.041276 0.123843 0.013802 0.027315
0 0.050651 0.115509 0.010156 0.024537
0 0.060677 0.105093 0.016146 0.025000
0 0.067839 0.085417 0.016927 0.015278
0 0.070833 0.070139 0.015625 0.013426
0 0.006510 0.318056 0.012500 0.010185
0 0.795443 0.330324 0.019010 0.012500
2 0.486068 0.130787 0.029948 0.018981
2 0.536198 0.159259 0.026562 0.020370
2 0.536849 0.082870 0.023177 0.021296
