0 0.020703 0.331250 0.015365 0.011574
0 0.039453 0.309028 0.016406 0.012500
0 0.055859 0.356944 0.016406 0.016667
0 0.027344 0.465509 0.018750 0.014352
0 0.098177 0.383102 0.018229 0.014352
0 0.127344 0.319676 0.015104 0.014352
0 0.136458 0.469907 0.017708 0.012963
0 0.183594 0.300000 0.017188 0.016667
0 0.205859 0.330556 0.016406 0.012037
0 0.222135 0.389815 0.015104 0.015741
0 0.225521 0.450694 0.016667 0.013426
0 0.253516 0.431944 0.017969 0.016667
0 0.273177 0.455556 0.017188 0.014815
0 0.316927 0.330324 0.016146 0.012500
0 0.325911 0.304398 0.018490 0.016204
0 0.432031 0.307176 0.017188 0.015278
0 0.424740 0.330787 0.017708 0.013426
0 0.471875 0.354398 0.019271 0.017130
0 0.568229 0.385648 0.017188 0.012963
0 0.607812 0.318056 0.017188 0.013889
0 0.658203 0.384722 0.019531 0.016667
0 0.638151 0.492361 0.016927 0.014352
0 0.709115 0.335648 0.017708 0.017593
0 0.732031 0.362500 0.018750 0.016667
0 0.736458 0.387037 0.018750 0.015741
0 0.829948 0.404398 0.020833 0.017130
0 0.789062 0.321296 0.019792 0.015741
0 0.844141 0.335417 0.019531 0.014352
0 0.864974 0.300694 0.019010 0.015278
0 0.859635 0.357176 0.020313 0.015278
0 0.907552 0.324074 0.018229 0.017593
0 0.934896 0.343519 0.018229 0.013889
0 0.986979 0.326157 0.019792 0.016204
0 0.909115 0.441435 0.019792 0.015278
0 0.889323 0.535880 0.016146 0.013426
0 0.006510 0.148148 0.010417 0.026852
0 0.038802 0.112037 0.011979 0.026852
0 0.047005 0.102778 0.009635 0.019444
0 0.056641 0.094213 0.012760 0.021759
0 0.064062 0.075231 0.013542 0.016204
0 0.068229 0.059028 0.017708 0.016204
0 0.007552 0.373611 0.014583 0.012037
0 0.006120 0.309491 0.011719 0.011574
0 0.740755 0.310185 0.018490 0.014815
2 0.483724 0.128704 0.028385 0.015741
2 0.535156 0.158333 0.027604 0.021296
2 0.535937 0.081481 0.022917 0.019444
