0 0.064974 0.314815 0.013802 0.015741
0 0.077474 0.384491 0.016927 0.016204
0 0.095312 0.293750 0.015625 0.015278
0 0.111068 0.343981 0.019010 0.014815
0 0.178125 0.306944 0.015625 0.019444
0 0.180078 0.329861 0.017969 0.018056
0 0.188411 0.372917 0.015365 0.015278
0 0.244792 0.308565 0.019792 0.017130
0 0.326823 0.308333 0.016146 0.014815
0 0.330599 0.333796 0.014844 0.014815
0 0.429557 0.315972 0.016927 0.015278
2 0.364974 0.400694 0.019531 0.016204
0 0.472917 0.336574 0.017708 0.014815
0 0.475260 0.382407 0.018229 0.014815
0 0.622917 0.387269 0.016667 0.014352
0 0.643620 0.341435 0.017448 0.016204
0 0.668359 0.308333 0.016406 0.013889
0 0.703906 0.338194 0.015625 0.018056
0 0.764714 0.357407 0.016927 0.015741
0 0.769401 0.381250 0.018490 0.015278
0 0.909115 0.291898 0.019792 0.013426
0 0.900781 0.350463 0.018750 0.014815
0 0.834245 0.307870 0.019010 0.018519
0 0.763151 0.322222 0.015885 0.015741
0 0.918620 0.372222 0.018490 0.016667
0 0.981510 0.390741 0.021354 0.014815
0 0.929688 0.440972 0.018750 0.015278
0 0.971354 0.526620 0.019271 0.014352
0 0.877734 0.530556 0.020052 0.017593
0 0.831641 0.534722 0.021094 0.019444
0 0.770964 0.534259 0.018490 0.015741
0 0.726302 0.491667 0.015625 0.013889
0 0.666016 0.515509 0.018490 0.014352
0 0.588802 0.445602 0.018229 0.016204
0 0.553385 0.490278 0.016146 0.013889
0 0.552083 0.513426 0.016667 0.015741
0 0.480990 0.445833 0.016667 0.013889
0 0.456250 0.467593 0.017708 0.015741
0 0.419922 0.510880 0.014844 0.018981
0 0.394401 0.474537 0.014844 0.012963
0 0.356120 0.531250 0.015365 0.015278
0 0.280078 0.509491 0.013802 0.010648
0 0.247656 0.459491 0.016667 0.013426
0 0.217188 0.500463 0.016667 0.014815
0 0.182292 0.454167 0.017708 0.016667
0 0.119922 0.430556 0.016406 0.013889
0 0.108984 0.472222 0.017969 0.013889
0 0.126953 0.497222 0.017969 0.016667
0 0.008984 0.156944 0.009115 0.026852
0 0.041276 0.119444 0.013281 0.024074
0 0.049870 0.111806 0.008594 0.026389
0 0.058594 0.102083 0.013542 0.028241
0 0.068359 0.082176 0.018490 0.015278
0 0.069792 0.065509 0.020313 0.016204
2 0.486068 0.129167 0.030469 0.016667
2 0.536328 0.158565 0.026823 0.021759
2 0.537760 0.084259 0.022917 0.021296
0 0.721875 0.406713 0.017708 0.013426
0 0.994401 0.321065 0.011198 0.014352
