0 0.080990 0.349769 0.013542 0.013426
0 0.075000 0.508102 0.016667 0.015278
0 0.134505 0.378009 0.017969 0.012500
0 0.176823 0.459954 0.016667 0.015278
0 0.218880 0.398148 0.012240 0.012037
0 0.239453 0.362731 0.017969 0.017130
0 0.229557 0.436574 0.015885 0.012037
0 0.247396 0.484722 0.018750 0.013889
0 0.304297 0.402315 0.015885 0.014815
2 0.316406 0.442130 0.018750 0.012963
0 0.334505 0.378935 0.016406 0.014352
0 0.358724 0.356019 0.016927 0.014815
0 0.376953 0.403472 0.014844 0.012500
0 0.449089 0.358333 0.017448 0.013889
0 0.449870 0.381481 0.017448 0.013889
0 0.481771 0.328704 0.016667 0.014815
0 0.477474 0.406019 0.017448 0.014815
0 0.560547 0.323380 0.017969 0.016204
0 0.595964 0.379398 0.019010 0.013426
0 0.621224 0.337037 0.016927 0.014815
0 0.666406 0.399537 0.017188 0.012963
0 0.745833 0.397917 0.019792 0.016204
0 0.766146 0.304861 0.019792 0.017130
0 0.853516 0.316667 0.019010 0.015741
0 0.983594 0.335185 0.018750 0.014815
0 0.986328 0.418750 0.020052 0.015278
0 0.892188 0.496528 0.017188 0.015278
0 0.834896 0.531019 0.018229 0.015741
0 0.580729 0.464815 0.015625 0.015741
0 0.030208 0.124074 0.014583 0.030556
0 0.038802 0.114583 0.010937 0.026389
0 0.047786 0.106019 0.016406 0.028704
0 0.056120 0.085417 0.016406 0.021759
0 0.059115 0.070370 0.017188 0.018519
2 0.529297 0.156713 0.027865 0.023611
2 0.480208 0.127546 0.031771 0.016204
2 0.531250 0.078935 0.024479 0.023611
