0 0.012500 0.347222 0.014063 0.013889
0 0.032031 0.324769 0.016146 0.015278
0 0.052344 0.372222 0.013542 0.012963
0 0.087370 0.311111 0.017448 0.013889
0 0.125260 0.363657 0.016146 0.012500
0 0.147786 0.311111 0.013802 0.013889
0 0.223958 0.365972 0.016667 0.012500
0 0.243099 0.343056 0.013802 0.012037
0 0.292708 0.346991 0.016667 0.014352
0 0.347526 0.371991 0.015885 0.012500
0 0.358203 0.325000 0.018490 0.013889
0 0.378125 0.347454 0.018750 0.011574
0 0.429427 0.328472 0.015104 0.015278
0 0.429036 0.375926 0.017969 0.012963
0 0.472917 0.400926 0.016667 0.012037
0 0.504687 0.329398 0.014063 0.012500
0 0.574870 0.333796 0.016927 0.013889
0 0.638932 0.334722 0.012760 0.013889
0 0.691016 0.332639 0.017969 0.013426
0 0.775911 0.356713 0.018490 0.015278
0 0.779036 0.381713 0.020052 0.016204
0 0.786719 0.403009 0.017188 0.014352
0 0.878125 0.304167 0.020313 0.013889
0 0.895312 0.336574 0.018750 0.015741
0 0.957552 0.328472 0.017708 0.017130
0 0.982812 0.458796 0.017188 0.014815
0 0.937240 0.508796 0.018229 0.014815
0 0.908594 0.536111 0.018750 0.012037
0 0.829557 0.536343 0.018490 0.014352
0 0.761458 0.532407 0.018229 0.014815
0 0.735807 0.465509 0.018490 0.015278
0 0.588932 0.442824 0.016927 0.016204
0 0.573047 0.506944 0.016406 0.013889
0 0.542448 0.531250 0.018229 0.012500
0 0.442057 0.504861 0.019010 0.015278
0 0.413672 0.528704 0.016406 0.014815
0 0.352344 0.434722 0.019271 0.013889
0 0.340365 0.453472 0.011979 0.010648
0 0.234245 0.425231 0.019531 0.016204
0 0.211979 0.448380 0.019792 0.013426
0 0.226823 0.508796 0.017708 0.012963
0 0.143359 0.501852 0.016406 0.014815
0 0.078906 0.436343 0.017188 0.016204
0 0.067057 0.477546 0.016927 0.013426
2 0.484115 0.123380 0.025521 0.019907
2 0.536849 0.077546 0.021094 0.021759
2 0.536719 0.153704 0.029167 0.025926
0 0.007161 0.139352 0.009635 0.027778
0 0.039714 0.103704 0.014323 0.031481
0 0.047396 0.095139 0.011458 0.025463
0 0.057813 0.085648 0.016667 0.029630
0 0.065104 0.066204 0.016667 0.022222
0 0.069141 0.050231 0.017448 0.021759
0 0.577083 0.358102 0.016146 0.012500
0 0.991016 0.356481 0.017448 0.015741
