0 0.018359 0.300463 0.017969 0.012037
0 0.042057 0.279398 0.012240 0.013426
0 0.044271 0.368056 0.015104 0.011111
0 0.077474 0.349074 0.015885 0.012963
0 0.093490 0.305324 0.016146 0.013426
0 0.112891 0.331944 0.018490 0.013889
0 0.134375 0.284722 0.013021 0.011111
0 0.154818 0.310185 0.015365 0.012963
0 0.137891 0.376389 0.017969 0.013889
0 0.177865 0.331713 0.017708 0.013426
0 0.203516 0.368750 0.015885 0.013426
0 0.280208 0.325926 0.017708 0.012963
0 0.361068 0.326620 0.015885 0.013426
0 0.353906 0.393519 0.020313 0.015741
2 0.383984 0.350000 0.041406 0.019444
0 0.433594 0.397222 0.018750 0.016667
0 0.458594 0.333333 0.020313 0.016667
0 0.530078 0.310417 0.019531 0.015278
0 0.539453 0.334028 0.017969 0.015278
0 0.551172 0.356250 0.019531 0.015278
0 0.622656 0.340972 0.018750 0.015278
0 0.617188 0.363194 0.017188 0.015278
0 0.655469 0.406944 0.021875 0.016667
2 0.693359 0.312500 0.021094 0.016667
0 0.737109 0.334028 0.017969 0.015278
0 0.792578 0.306019 0.016406 0.015741
0 0.869531 0.302778 0.020313 0.016667
0 0.938672 0.300694 0.017969 0.015278
0 0.935156 0.376389 0.018750 0.016667
0 0.936328 0.510417 0.017969 0.015278
0 0.892318 0.444444 0.020052 0.013889
0 0.842187 0.380787 0.017188 0.015278
0 0.797266 0.402778 0.017969 0.013889
0 0.779557 0.542824 0.018490 0.016204
0 0.730729 0.493056 0.017708 0.016667
0 0.657031 0.542824 0.017188 0.015278
0 0.615234 0.449306 0.017969 0.012500
0 0.570573 0.491898 0.019792 0.013426
0 0.470052 0.439815 0.017708 0.014815
0 0.454167 0.486574 0.016146 0.012037
0 0.436328 0.532870 0.017969 0.014815
0 0.379167 0.500926 0.017708 0.013889
0 0.375130 0.525000 0.016927 0.012037
0 0.309766 0.496065 0.016406 0.016204
0 0.286719 0.471991 0.017188 0.013426
0 0.265365 0.514583 0.016667 0.015278
0 0.212500 0.444444 0.017188 0.012963
0 0.042839 0.448843 0.013281 0.011574
0 0.064323 0.473148 0.016667 0.012963
0 0.067448 0.497222 0.015104 0.012037
0 0.007682 0.135880 0.009115 0.026389
0 0.040625 0.102083 0.011458 0.027315
0 0.048828 0.093056 0.010677 0.025000
0 0.058854 0.084028 0.014583 0.027315
0 0.067708 0.066204 0.017188 0.020370
0 0.070964 0.049306 0.016406 0.018981
0 0.835677 0.328241 0.019271 0.016667
2 0.538672 0.154861 0.028385 0.019907
2 0.489063 0.125694 0.032292 0.018981
2 0.539714 0.081019 0.022135 0.019444
