0 0.024089 0.473843 0.016927 0.013426
0 0.050781 0.334722 0.014063 0.013889
0 0.095573 0.340509 0.017708 0.014352
0 0.110286 0.313889 0.018490 0.014815
2 0.129688 0.359028 0.018750 0.018056
0 0.110807 0.438889 0.018490 0.013889
0 0.102995 0.482176 0.015365 0.016204
0 0.181901 0.465741 0.018490 0.013889
2 0.177734 0.487731 0.018490 0.012500
0 0.223177 0.365972 0.016146 0.015278
0 0.234375 0.341667 0.015625 0.013889
0 0.237370 0.295602 0.015365 0.013426
0 0.262760 0.322454 0.013021 0.013426
0 0.287630 0.347917 0.015885 0.012500
0 0.268229 0.495370 0.016667 0.012037
0 0.317448 0.475231 0.018229 0.014352
0 0.357552 0.437269 0.018229 0.013426
0 0.365234 0.356250 0.014844 0.015278
0 0.403906 0.503472 0.017188 0.015278
0 0.444010 0.533796 0.016146 0.015741
0 0.466016 0.381944 0.013281 0.013889
0 0.475130 0.311806 0.017969 0.014352
0 0.505599 0.359722 0.017448 0.013889
0 0.529036 0.403009 0.018490 0.016204
0 0.542839 0.328241 0.016927 0.014815
0 0.576432 0.362500 0.018490 0.016667
2 0.540885 0.536111 0.019792 0.013889
0 0.612630 0.319907 0.016927 0.015741
0 0.684375 0.313889 0.018750 0.013889
0 0.694531 0.339583 0.015625 0.015278
0 0.688802 0.360648 0.018229 0.014815
2 0.753125 0.388889 0.020313 0.016667
0 0.798438 0.339352 0.020313 0.015741
0 0.831380 0.361806 0.019010 0.015278
0 0.891016 0.357639 0.021094 0.018056
0 0.938802 0.331481 0.016146 0.014815
0 0.949349 0.294676 0.019531 0.017130
0 0.910677 0.444213 0.016667 0.013426
0 0.975260 0.534722 0.020833 0.014815
0 0.891146 0.540509 0.016667 0.016204
0 0.805339 0.541435 0.018490 0.016204
0 0.843490 0.493519 0.018229 0.017593
0 0.748698 0.452546 0.016146 0.016204
0 0.758333 0.537731 0.018229 0.015278
0 0.679688 0.546528 0.021875 0.018056
0 0.006510 0.141667 0.008333 0.027778
0 0.040234 0.105787 0.014323 0.029167
0 0.048047 0.096296 0.011198 0.023148
0 0.057031 0.087037 0.014583 0.026852
0 0.065365 0.068519 0.016146 0.019444
0 0.068229 0.053009 0.017188 0.021759
2 0.008333 0.277083 0.016146 0.015278
0 0.992578 0.328009 0.014844 0.017130
2 0.485417 0.124769 0.028646 0.017130
2 0.536458 0.158333 0.028646 0.025000
2 0.538281 0.081713 0.023438 0.020833
2 0.838672 0.310648 0.020573 0.014815
