0 0.025130 0.492824 0.017969 0.015278
0 0.059375 0.457870 0.015625 0.012963
0 0.120313 0.433102 0.017188 0.016204
0 0.104036 0.525694 0.017448 0.013426
2 0.155599 0.308796 0.019010 0.014815
0 0.144401 0.353472 0.015885 0.015278
0 0.181250 0.378472 0.017188 0.015278
0 0.291146 0.306481 0.014583 0.015741
0 0.329167 0.360648 0.014583 0.015741
0 0.376563 0.404861 0.018229 0.018056
0 0.399609 0.314583 0.016406 0.015278
0 0.410938 0.384722 0.017188 0.016667
0 0.430339 0.354167 0.017448 0.013889
0 0.433203 0.405324 0.016406 0.016204
0 0.522786 0.337731 0.015365 0.017130
0 0.563281 0.344213 0.017188 0.016204
0 0.552083 0.404630 0.016667 0.014815
0 0.583984 0.323611 0.017969 0.016667
0 0.626563 0.360185 0.017188 0.012963
0 0.614193 0.382407 0.017448 0.017593
0 0.624219 0.403009 0.015625 0.017130
0 0.680078 0.347917 0.016406 0.018056
0 0.730078 0.343056 0.017969 0.019444
0 0.733594 0.375694 0.018750 0.015278
0 0.717969 0.400000 0.018750 0.013889
0 0.779687 0.397454 0.020313 0.016204
0 0.873437 0.318750 0.020313 0.015278
0 0.879427 0.360880 0.021354 0.013426
0 0.979688 0.422917 0.020313 0.018056
0 0.882422 0.430556 0.016406 0.016667
2 0.876172 0.452778 0.027344 0.016667
0 0.919531 0.502778 0.018750 0.016667
0 0.929688 0.525694 0.020313 0.015278
0 0.865625 0.497917 0.020313 0.018056
0 0.804557 0.437269 0.018490 0.013426
0 0.760677 0.461574 0.016667 0.014815
0 0.771875 0.504861 0.018750 0.018056
0 0.743750 0.440972 0.020313 0.018056
0 0.669531 0.443287 0.017188 0.015278
0 0.701432 0.489815 0.019010 0.015741
0 0.604297 0.516667 0.016406 0.013889
0 0.543750 0.468981 0.017188 0.012963
0 0.449740 0.487500 0.016667 0.015741
0 0.411198 0.445833 0.018229 0.016667
0 0.347917 0.496759 0.019792 0.018519
0 0.069401 0.075231 0.013802 0.015278
0 0.067318 0.089583 0.016927 0.016204
0 0.058594 0.111806 0.013021 0.025463
0 0.049219 0.118750 0.011458 0.020833
0 0.040495 0.128472 0.013281 0.026389
0 0.005859 0.387963 0.010156 0.013889
2 0.990104 0.359954 0.019792 0.012500
0 0.994661 0.335648 0.009115 0.015741
0 0.006901 0.165972 0.008594 0.026389
2 0.487630 0.130093 0.032031 0.016667
2 0.537630 0.159954 0.028385 0.018981
2 0.537240 0.083333 0.023438 0.018519
