0 0.055990 0.285417 0.015104 0.012500
0 0.082292 0.357176 0.015625 0.015278
0 0.015885 0.434491 0.015104 0.016204
0 0.076172 0.459491 0.015885 0.014352
0 0.098828 0.425694 0.017448 0.014352
0 0.117188 0.380556 0.014063 0.013889
0 0.128255 0.479398 0.016927 0.015278
0 0.163281 0.341667 0.018750 0.016667
0 0.212370 0.300463 0.017448 0.016667
0 0.225130 0.369676 0.014323 0.012500
0 0.238672 0.392130 0.017969 0.014815
0 0.185156 0.430787 0.020313 0.017130
0 0.181250 0.487500 0.018750 0.016667
0 0.254818 0.479861 0.017448 0.015278
0 0.272656 0.325000 0.017188 0.016667
0 0.389844 0.401389 0.017188 0.016667
0 0.355208 0.461343 0.018750 0.014352
0 0.315755 0.509954 0.017969 0.014352
0 0.376042 0.529398 0.020833 0.014352
0 0.433073 0.512963 0.015104 0.013889
0 0.425781 0.377778 0.020313 0.016667
0 0.487760 0.513194 0.018229 0.013426
0 0.496745 0.539815 0.016927 0.015741
0 0.508073 0.360648 0.017708 0.015741
0 0.449870 0.312963 0.017448 0.012037
0 0.564323 0.339352 0.016146 0.012963
0 0.627995 0.405556 0.019010 0.015741
0 0.664583 0.362731 0.016667 0.014352
0 0.710026 0.332870 0.018490 0.015741
0 0.777734 0.325231 0.017969 0.017130
0 0.836068 0.349769 0.021094 0.012500
0 0.908984 0.345370 0.019531 0.015741
0 0.928125 0.306250 0.018750 0.013426
0 0.796354 0.458333 0.019271 0.016667
0 0.693490 0.516435 0.018229 0.018056
0 0.647526 0.544676 0.017969 0.016204
0 0.652344 0.475694 0.015625 0.018056
0 0.831771 0.496296 0.019271 0.015741
0 0.885286 0.543056 0.015885 0.015741
0 0.946354 0.513657 0.019271 0.017130
0 0.008724 0.142824 0.011719 0.024537
0 0.042188 0.109491 0.012500 0.030093
0 0.050651 0.100694 0.008594 0.026389
0 0.059635 0.090278 0.013542 0.024074
0 0.068490 0.072917 0.016146 0.020833
0 0.071484 0.057870 0.015365 0.021296
0 0.983854 0.298380 0.020833 0.013426
2 0.487370 0.130787 0.028385 0.017130
2 0.538411 0.161574 0.026823 0.022222
2 0.538672 0.087500 0.022135 0.020370
