0 0.079557 0.281019 0.015885 0.015741
0 0.069922 0.304167 0.013281 0.013889
0 0.055339 0.325463 0.017448 0.014815
0 0.106771 0.332407 0.016667 0.014815
0 0.108073 0.355556 0.018229 0.013889
0 0.200781 0.359722 0.017188 0.016667
0 0.304427 0.302546 0.018229 0.014352
0 0.279297 0.367824 0.013281 0.014352
0 0.320964 0.390278 0.019010 0.016667
0 0.341406 0.347917 0.017188 0.015278
0 0.372266 0.309722 0.017969 0.013889
0 0.407422 0.348148 0.016406 0.014815
0 0.442448 0.304398 0.016667 0.015278
0 0.503906 0.350694 0.017188 0.015278
0 0.520182 0.332870 0.014323 0.012963
2 0.525391 0.385185 0.019531 0.014815
0 0.548828 0.310880 0.017969 0.014352
0 0.615234 0.336806 0.017969 0.015278
0 0.665234 0.380093 0.017969 0.014815
0 0.700521 0.330787 0.021354 0.014352
0 0.741276 0.357870 0.020573 0.017593
0 0.787109 0.333102 0.014844 0.013426
0 0.811979 0.306481 0.021354 0.011111
0 0.838932 0.379398 0.020052 0.013426
0 0.856901 0.332639 0.018490 0.014352
2 0.864453 0.354861 0.024219 0.018056
0 0.877604 0.303472 0.016146 0.014352
0 0.912109 0.328935 0.017969 0.014352
0 0.962891 0.324306 0.019531 0.015278
0 0.969922 0.534259 0.017969 0.014815
0 0.919271 0.534028 0.019271 0.012500
0 0.842448 0.541435 0.019271 0.014352
2 0.727995 0.540972 0.018490 0.015278
0 0.641406 0.446065 0.017188 0.014352
0 0.582812 0.489583 0.020313 0.015278
0 0.590755 0.510417 0.017448 0.014352
0 0.632812 0.540046 0.015625 0.015278
0 0.469661 0.504398 0.017448 0.012500
0 0.380599 0.475463 0.017969 0.016667
0 0.324089 0.451157 0.019010 0.011574
2 0.369531 0.500000 0.018750 0.014815
0 0.292318 0.479630 0.015885 0.015741
0 0.201693 0.487500 0.017448 0.013889
0 0.179167 0.463657 0.018229 0.014352
2 0.148828 0.503704 0.019531 0.014815
0 0.064583 0.497222 0.017708 0.016667
0 0.009375 0.463194 0.018229 0.015278
0 0.867969 0.402778 0.020313 0.015741
0 0.007422 0.137731 0.010677 0.028241
0 0.040885 0.102315 0.014063 0.029630
0 0.049349 0.095370 0.013802 0.025926
0 0.058984 0.085185 0.017448 0.028704
0 0.067839 0.067130 0.017448 0.019444
0 0.070312 0.050463 0.016667 0.018519
0 0.988411 0.290509 0.016406 0.013426
2 0.486719 0.123148 0.029687 0.022222
2 0.536458 0.154398 0.027604 0.024537
2 0.538021 0.079630 0.022917 0.023148
