0 0.136068 0.375926 0.017448 0.015741
0 0.127214 0.422454 0.018490 0.012500
0 0.052995 0.500231 0.021094 0.014352
0 0.144661 0.510417 0.015885 0.013426
0 0.247526 0.457870 0.016927 0.015741
0 0.274089 0.431713 0.019531 0.015278
0 0.239063 0.361574 0.015625 0.015741
0 0.311849 0.319213 0.015885 0.013426
0 0.323698 0.481250 0.019271 0.013426
0 0.465885 0.316667 0.017708 0.013889
2 0.436589 0.506713 0.018490 0.013426
0 0.549609 0.490278 0.016406 0.014815
0 0.574609 0.315741 0.019531 0.014815
0 0.639844 0.318750 0.018750 0.015278
0 0.604818 0.405787 0.017448 0.014352
0 0.624609 0.383333 0.014844 0.013889
0 0.685937 0.358102 0.018750 0.018981
0 0.585286 0.535417 0.019010 0.015278
0 0.672135 0.445370 0.017708 0.012963
0 0.735807 0.314352 0.019010 0.014815
0 0.731641 0.467361 0.013281 0.012500
0 0.723307 0.512963 0.018490 0.012037
0 0.784896 0.510648 0.019792 0.012963
0 0.783203 0.488194 0.014844 0.012500
0 0.804297 0.334028 0.019531 0.015278
0 0.866406 0.441435 0.018750 0.015278
0 0.878906 0.533333 0.018750 0.013889
0 0.899349 0.507407 0.017448 0.014815
0 0.957422 0.481250 0.019531 0.014352
0 0.971875 0.505787 0.023438 0.017130
0 0.982812 0.453009 0.018229 0.013426
0 0.978906 0.396528 0.021875 0.015278
2 0.099479 0.315972 0.019792 0.014352
1 0.363151 0.349306 0.043490 0.017130
0 0.007943 0.144907 0.009635 0.025926
0 0.040495 0.110417 0.014323 0.030093
0 0.048047 0.100926 0.012240 0.024074
0 0.057552 0.092593 0.016146 0.027778
0 0.067057 0.074074 0.016406 0.020370
0 0.069010 0.057870 0.015625 0.020370
0 0.006510 0.282639 0.012500 0.014352
2 0.484375 0.127083 0.029167 0.018056
2 0.535156 0.157176 0.028125 0.019907
2 0.536979 0.081250 0.022917 0.018981
