1 0.061719 0.313657 0.043750 0.018981
0 0.069141 0.416204 0.016406 0.014815
0 0.151562 0.294444 0.018750 0.013889
0 0.198177 0.477546 0.018229 0.016204
0 0.193359 0.509954 0.012760 0.015278
0 0.275781 0.371528 0.015625 0.012500
0 0.276302 0.322917 0.018229 0.015278
0 0.341797 0.305093 0.017969 0.015741
0 0.330078 0.352083 0.021094 0.012500
0 0.420964 0.330324 0.017448 0.016204
0 0.475651 0.329398 0.016927 0.016204
0 0.401172 0.438194 0.014844 0.015278
0 0.305339 0.453472 0.020573 0.015278
0 0.344401 0.520833 0.020052 0.013889
0 0.451302 0.532407 0.016667 0.013889
0 0.550521 0.490509 0.017188 0.013426
0 0.576953 0.443519 0.017969 0.013889
0 0.636719 0.406713 0.018750 0.011574
0 0.652995 0.491435 0.018490 0.014352
0 0.725000 0.465278 0.020313 0.016667
2 0.738411 0.512500 0.020052 0.016667
0 0.684896 0.329630 0.013021 0.012963
0 0.736458 0.383796 0.018229 0.015741
0 0.944922 0.371065 0.021094 0.015278
0 0.897526 0.486343 0.018490 0.014352
0 0.894922 0.530093 0.019531 0.014815
0 0.008073 0.143981 0.009375 0.027778
0 0.040625 0.108333 0.013021 0.028704
0 0.048438 0.098380 0.010417 0.023611
0 0.058073 0.090741 0.014063 0.027778
0 0.066536 0.071991 0.015365 0.020833
0 0.070052 0.056019 0.015625 0.017593
0 0.215495 0.389352 0.016406 0.014815
0 0.970182 0.291667 0.020052 0.017593
2 0.485026 0.126157 0.028906 0.017130
2 0.535286 0.156944 0.028385 0.025000
2 0.537109 0.081481 0.023698 0.020370
