2 0.022656 0.376389 0.017188 0.016667
0 0.050521 0.293056 0.017708 0.016667
0 0.083984 0.319444 0.014844 0.019444
0 0.121615 0.301157 0.017708 0.016204
0 0.158073 0.323380 0.018229 0.016204
0 0.113542 0.365509 0.016667 0.014352
0 0.062109 0.468056 0.016406 0.016667
0 0.278125 0.378472 0.015625 0.015278
0 0.275391 0.399074 0.016927 0.014815
0 0.334375 0.439120 0.017708 0.017130
0 0.392578 0.312269 0.013281 0.017130
0 0.391016 0.365278 0.016406 0.016667
0 0.435156 0.337500 0.017188 0.016667
0 0.468750 0.362500 0.015625 0.016667
0 0.468229 0.384491 0.016667 0.013426
0 0.521484 0.315278 0.019531 0.013889
0 0.515104 0.336806 0.015104 0.015278
0 0.542578 0.387037 0.016406 0.014815
0 0.588672 0.359954 0.019531 0.014352
0 0.629297 0.314583 0.019531 0.015278
0 0.606641 0.408796 0.017969 0.014815
0 0.709505 0.405787 0.017448 0.017130
0 0.722656 0.340972 0.015625 0.015278
0 0.792839 0.331250 0.020573 0.015278
0 0.846615 0.302778 0.019792 0.016667
0 0.897656 0.302083 0.018750 0.018056
0 0.921615 0.350694 0.022396 0.015278
0 0.891406 0.444444 0.020313 0.013889
0 0.928125 0.459028 0.020313 0.015278
0 0.912240 0.484028 0.016667 0.015278
0 0.972396 0.504398 0.019271 0.016204
0 0.830859 0.512731 0.016406 0.014352
0 0.808984 0.492593 0.021094 0.017593
0 0.748307 0.526389 0.016927 0.017593
0 0.641276 0.474306 0.017969 0.015278
0 0.670833 0.544676 0.016667 0.014352
0 0.615234 0.539583 0.014844 0.012500
0 0.583073 0.512731 0.017708 0.014352
0 0.540104 0.471759 0.018229 0.018519
0 0.527865 0.446065 0.016667 0.013426
0 0.499740 0.491898 0.017188 0.014352
0 0.438672 0.529167 0.014844 0.015741
0 0.007161 0.152778 0.006510 0.026852
0 0.042188 0.116898 0.012500 0.025463
0 0.049479 0.108333 0.010417 0.021296
0 0.058333 0.096991 0.017188 0.020833
0 0.067448 0.079167 0.016146 0.013889
0 0.070182 0.065046 0.014844 0.014352
2 0.485938 0.132176 0.029687 0.018981
2 0.537109 0.160880 0.028385 0.024537
2 0.538411 0.084722 0.024740 0.024074
0 0.971875 0.503472 0.019271 0.016204
