0 0.044271 0.336343 0.016146 0.014352
0 0.076172 0.361343 0.016406 0.014352
0 0.113151 0.327315 0.019010 0.012963
0 0.135286 0.344213 0.016406 0.010648
0 0.165755 0.316667 0.017969 0.013889
0 0.160807 0.364352 0.014844 0.012963
0 0.190495 0.296065 0.016927 0.013426
0 0.222656 0.347917 0.017188 0.015278
0 0.272526 0.328472 0.016406 0.014352
0 0.370573 0.306713 0.016146 0.013426
0 0.348438 0.347917 0.015625 0.015278
0 0.388542 0.338194 0.017708 0.015278
0 0.455990 0.341204 0.018750 0.013889
0 0.415885 0.379167 0.015104 0.012963
0 0.558724 0.406250 0.018490 0.014352
0 0.604948 0.317824 0.018229 0.016204
0 0.719922 0.329630 0.017969 0.014815
0 0.751432 0.363889 0.016927 0.014815
0 0.848177 0.336806 0.017188 0.015278
0 0.842969 0.397917 0.021875 0.018056
0 0.942187 0.321296 0.016667 0.015741
0 0.966667 0.528241 0.018750 0.015741
0 0.872396 0.535880 0.017188 0.017130
2 0.794792 0.510648 0.063021 0.023148
2 0.684375 0.538889 0.042188 0.019444
0 0.705078 0.443750 0.019531 0.015278
0 0.556250 0.541435 0.015625 0.013426
0 0.464193 0.487269 0.017969 0.013426
0 0.445182 0.532870 0.016406 0.014815
0 0.361198 0.521296 0.017188 0.013889
0 0.303906 0.502778 0.017188 0.012963
0 0.284766 0.438889 0.016406 0.013889
0 0.233203 0.500231 0.016406 0.014352
0 0.230208 0.522222 0.013542 0.012963
0 0.161979 0.491667 0.017188 0.015741
0 0.159505 0.468519 0.019010 0.014815
0 0.142318 0.447685 0.016927 0.014815
0 0.003255 0.146991 0.005990 0.028241
0 0.034245 0.109954 0.014844 0.031019
0 0.041927 0.101389 0.011458 0.024074
0 0.051693 0.092130 0.015365 0.028704
0 0.060547 0.072454 0.015885 0.020833
0 0.063151 0.056713 0.017969 0.022685
2 0.482552 0.125463 0.030208 0.018519
2 0.533724 0.078704 0.023177 0.021296
2 0.533203 0.154861 0.029948 0.020833
