0 0.105990 0.388889 0.017708 0.016667
0 0.136068 0.497454 0.019010 0.012500
0 0.201432 0.436574 0.019010 0.014815
0 0.242188 0.518056 0.019792 0.012963
0 0.306901 0.459028 0.018490 0.015278
0 0.281380 0.328472 0.019010 0.015278
2 0.334245 0.308102 0.020052 0.016204
0 0.413411 0.306019 0.015365 0.014815
0 0.322266 0.505556 0.019531 0.013889
0 0.420182 0.443519 0.018490 0.012963
0 0.430859 0.380787 0.017969 0.015278
0 0.443880 0.535417 0.019010 0.015278
0 0.502604 0.538426 0.015625 0.016667
0 0.526172 0.447685 0.018490 0.014815
0 0.547526 0.336574 0.015365 0.018519
0 0.629297 0.405556 0.017969 0.016667
0 0.647396 0.354398 0.016667 0.017130
0 0.600130 0.472685 0.020573 0.018519
0 0.647266 0.537500 0.014844 0.016667
0 0.728646 0.378009 0.018229 0.016204
0 0.739583 0.539120 0.019792 0.016204
0 0.778125 0.506713 0.018750 0.017130
0 0.842057 0.531250 0.017448 0.015278
0 0.958854 0.524074 0.019271 0.018519
0 0.945703 0.465278 0.016406 0.016667
0 0.984896 0.443519 0.017708 0.018519
0 0.929167 0.428704 0.019271 0.014815
0 0.943880 0.347454 0.020052 0.016204
0 0.917448 0.387269 0.016667 0.014352
0 0.872526 0.345602 0.019010 0.017130
0 0.840495 0.367593 0.020573 0.015741
0 0.782031 0.351620 0.017188 0.018981
0 0.030729 0.117361 0.015104 0.031019
0 0.039453 0.108102 0.011198 0.026389
0 0.048307 0.099769 0.016406 0.029167
0 0.057682 0.080556 0.016927 0.022222
0 0.060286 0.063889 0.016927 0.021296
2 0.479818 0.125694 0.030469 0.019907
2 0.531510 0.078704 0.023438 0.018519
2 0.531120 0.155556 0.027865 0.023148
0 0.993490 0.383333 0.013021 0.015741
