0 0.016146 0.277315 0.016667 0.015741
0 0.060937 0.325694 0.018750 0.015278
0 0.023568 0.452315 0.019010 0.014815
0 0.013151 0.471065 0.017969 0.012500
0 0.028255 0.496759 0.019010 0.015741
0 0.119141 0.463657 0.016406 0.017130
0 0.177734 0.444444 0.017969 0.016667
0 0.207943 0.423611 0.017448 0.016667
0 0.221745 0.470370 0.016927 0.013889
0 0.196094 0.487500 0.020313 0.016667
0 0.186068 0.509954 0.017448 0.016204
0 0.212630 0.363889 0.016927 0.015741
0 0.249349 0.387269 0.018490 0.017130
0 0.278516 0.368056 0.016406 0.014815
0 0.299089 0.348148 0.016927 0.014815
0 0.279687 0.432639 0.018750 0.020833
0 0.266016 0.514815 0.017969 0.015741
0 0.320182 0.451389 0.021615 0.016667
0 0.326562 0.498843 0.018750 0.015278
0 0.350391 0.479167 0.021094 0.019444
0 0.379688 0.436111 0.018750 0.016667
0 0.352734 0.527083 0.017969 0.015278
0 0.394922 0.525000 0.019531 0.013889
0 0.408333 0.308333 0.016146 0.013889
0 0.437891 0.377083 0.017969 0.015278
0 0.467187 0.527083 0.018750 0.018056
0 0.499479 0.488426 0.017708 0.015741
0 0.502865 0.330324 0.018229 0.016204
0 0.509635 0.381481 0.018229 0.013889
0 0.564583 0.315509 0.019271 0.014352
0 0.581250 0.442361 0.017188 0.012500
0 0.618490 0.382176 0.018229 0.013426
0 0.616536 0.485880 0.019010 0.016204
0 0.612630 0.536806 0.019010 0.013426
0 0.655599 0.510185 0.017448 0.017593
0 0.648177 0.467130 0.019792 0.018519
0 0.701172 0.333333 0.019531 0.016667
0 0.799089 0.332639 0.020052 0.015278
0 0.749089 0.443981 0.018490 0.015741
0 0.760807 0.489120 0.016927 0.016204
0 0.805339 0.509028 0.019010 0.015278
0 0.833203 0.534722 0.017969 0.016667
0 0.898568 0.533333 0.017448 0.013889
0 0.835286 0.467130 0.019010 0.017593
0 0.839323 0.375463 0.020833 0.017593
0 0.862240 0.440741 0.016667 0.017593
0 0.957031 0.288194 0.018750 0.015278
0 0.942057 0.349537 0.020052 0.017593
0 0.908984 0.398843 0.017969 0.013426
0 0.907422 0.506481 0.016406 0.014815
0 0.008464 0.140509 0.007552 0.028241
2 0.041797 0.106944 0.015365 0.032407
2 0.049740 0.097917 0.012500 0.026389
2 0.059375 0.088889 0.016667 0.028704
2 0.068620 0.069907 0.018490 0.021296
2 0.070833 0.052546 0.017708 0.020833
0 0.992708 0.455556 0.014583 0.014815
0 0.996094 0.476620 0.007812 0.015278
0 0.993620 0.529167 0.012760 0.013889
2 0.487891 0.123843 0.030990 0.015278
2 0.537891 0.153935 0.026302 0.020833
2 0.539583 0.079167 0.023958 0.021296
