0 0.018490 0.331019 0.017708 0.012037
0 0.033203 0.309491 0.016406 0.014352
0 0.114974 0.341204 0.016406 0.013889
0 0.147526 0.365278 0.016406 0.012963
0 0.168750 0.328935 0.018750 0.013426
0 0.200781 0.346528 0.018750 0.015278
0 0.219010 0.318750 0.017708 0.015278
0 0.258984 0.301852 0.019010 0.012037
0 0.222135 0.374537 0.014583 0.013889
0 0.285026 0.351620 0.017448 0.014352
0 0.321354 0.330324 0.016667 0.013426
0 0.412630 0.350463 0.016927 0.014815
0 0.436328 0.310880 0.016927 0.013426
0 0.456250 0.343750 0.017188 0.014352
0 0.461589 0.382639 0.016406 0.014352
0 0.523177 0.344676 0.018229 0.014352
0 0.617839 0.443519 0.019531 0.014815
0 0.633854 0.405093 0.017708 0.012963
0 0.668490 0.320833 0.017188 0.014815
0 0.780990 0.329861 0.018750 0.016204
0 0.841536 0.363657 0.019531 0.015278
0 0.913932 0.328009 0.019531 0.015278
0 0.931380 0.394907 0.019010 0.015741
0 0.919531 0.482870 0.017188 0.012037
0 0.909245 0.530556 0.018490 0.014815
0 0.820052 0.538889 0.016667 0.013889
2 0.729688 0.512269 0.064062 0.021759
2 0.630469 0.541435 0.040625 0.022685
0 0.501953 0.538426 0.016406 0.012963
0 0.395182 0.485648 0.015365 0.014815
0 0.395964 0.531250 0.016927 0.013426
0 0.305078 0.513657 0.016406 0.016204
0 0.244531 0.498148 0.016146 0.013889
0 0.187109 0.431250 0.018490 0.014352
0 0.181250 0.494444 0.016667 0.013889
0 0.169792 0.516667 0.014583 0.013889
0 0.110026 0.484722 0.018490 0.013889
0 0.092708 0.462500 0.017708 0.015741
0 0.066536 0.441435 0.017448 0.014352
0 0.003385 0.146991 0.006250 0.030093
0 0.034245 0.110417 0.014323 0.032870
0 0.043099 0.102778 0.011198 0.026852
0 0.052604 0.091435 0.016667 0.029167
0 0.061328 0.072454 0.016406 0.023611
0 0.064453 0.056481 0.018490 0.020370
2 0.483984 0.125463 0.032552 0.017593
2 0.534505 0.080324 0.022656 0.019907
2 0.533724 0.154630 0.027865 0.020370
