0 0.043750 0.279167 0.017188 0.013889
0 0.062630 0.377083 0.015365 0.015278
0 0.070964 0.355556 0.012760 0.013889
0 0.080078 0.330787 0.016406 0.014352
0 0.103125 0.311111 0.018750 0.016667
0 0.133203 0.381019 0.014844 0.012037
0 0.164062 0.295370 0.015104 0.014815
0 0.232031 0.370370 0.017708 0.013889
0 0.256120 0.392593 0.016927 0.017593
0 0.281510 0.350463 0.016667 0.015741
0 0.350521 0.306944 0.017708 0.013889
0 0.381901 0.332407 0.017448 0.014815
0 0.348177 0.377778 0.016146 0.013889
0 0.385937 0.402083 0.018750 0.018056
0 0.546615 0.408565 0.018229 0.017130
0 0.558203 0.382870 0.017969 0.015741
0 0.566146 0.320602 0.016667 0.015278
0 0.636198 0.363889 0.019271 0.016667
0 0.681510 0.340509 0.018229 0.014352
0 0.783203 0.363194 0.021094 0.020833
0 0.787500 0.406250 0.023438 0.018056
0 0.825391 0.340278 0.019531 0.016667
0 0.906901 0.332176 0.017448 0.016204
0 0.935547 0.357870 0.020573 0.015741
0 0.879557 0.469907 0.017448 0.012037
0 0.909115 0.516204 0.015104 0.014815
0 0.824089 0.447685 0.021094 0.014815
0 0.815885 0.517361 0.019792 0.016204
0 0.739453 0.544676 0.016927 0.014352
0 0.647266 0.497454 0.019531 0.014352
0 0.623568 0.453704 0.017969 0.015741
0 0.530469 0.470833 0.013021 0.010185
0 0.521875 0.506481 0.018750 0.014815
0 0.526563 0.540046 0.017188 0.014352
0 0.363672 0.506019 0.017448 0.012037
0 0.356510 0.529861 0.018750 0.017130
0 0.314583 0.495833 0.018229 0.017593
0 0.237630 0.452778 0.016406 0.012963
0 0.237370 0.518750 0.017448 0.012500
0 0.201172 0.492824 0.017969 0.016204
0 0.146484 0.464815 0.017969 0.012963
0 0.071615 0.470602 0.016667 0.016204
0 0.036328 0.416898 0.019010 0.014352
0 0.022135 0.457407 0.016146 0.014815
0 0.008854 0.147685 0.008333 0.032407
0 0.042969 0.108333 0.014583 0.027778
0 0.051562 0.102315 0.008854 0.025926
0 0.060547 0.092824 0.012760 0.025463
0 0.069792 0.073843 0.016667 0.018981
0 0.072135 0.058333 0.014583 0.021296
2 0.487891 0.131019 0.028385 0.015741
2 0.539583 0.162500 0.029167 0.020370
2 0.539844 0.085880 0.021875 0.021759
