0 0.010937 0.390509 0.015625 0.014352
0 0.029036 0.371065 0.013802 0.013426
0 0.052604 0.348611 0.017188 0.012963
0 0.133594 0.353704 0.017188 0.012963
0 0.133724 0.399306 0.017448 0.014352
0 0.166667 0.376852 0.015104 0.014815
0 0.195833 0.333565 0.016667 0.014352
0 0.270833 0.334028 0.017708 0.015278
0 0.286458 0.313426 0.015104 0.012037
0 0.277734 0.381713 0.017969 0.014352
0 0.294661 0.401620 0.014323 0.013426
0 0.371094 0.403472 0.017708 0.014352
0 0.420573 0.331019 0.017188 0.015741
0 0.522917 0.314815 0.018229 0.012037
0 0.612240 0.357870 0.017188 0.014815
0 0.706901 0.303472 0.019010 0.018056
0 0.741016 0.326389 0.017969 0.013889
0 0.732161 0.351389 0.019531 0.016667
0 0.803125 0.370833 0.017188 0.013889
0 0.839583 0.389815 0.020313 0.016667
0 0.866146 0.316667 0.016146 0.013889
0 0.877865 0.339583 0.017708 0.018056
0 0.973307 0.353935 0.022135 0.016204
0 0.963932 0.441204 0.017448 0.015741
2 0.717969 0.438889 0.018750 0.013889
0 0.663281 0.486111 0.018750 0.013889
0 0.631120 0.456481 0.017448 0.014815
0 0.535937 0.469907 0.015625 0.014815
0 0.506120 0.531250 0.017448 0.015278
0 0.359635 0.507870 0.016146 0.014815
0 0.325260 0.446528 0.017708 0.013426
0 0.031250 0.126157 0.014063 0.030093
0 0.039062 0.117361 0.010417 0.024537
0 0.048177 0.107870 0.016146 0.029630
0 0.057161 0.089815 0.017448 0.023148
0 0.059896 0.072917 0.015625 0.021759
2 0.478516 0.126852 0.028906 0.017593
2 0.530078 0.080787 0.024219 0.019907
2 0.530208 0.155556 0.028125 0.022222
