0 0.038802 0.327546 0.017708 0.016204
0 0.073307 0.284491 0.018490 0.018981
0 0.098568 0.358102 0.015885 0.017130
0 0.096875 0.379167 0.018750 0.016667
0 0.080469 0.417361 0.020313 0.018056
0 0.114062 0.439583 0.017188 0.018056
0 0.118229 0.509954 0.020833 0.016204
0 0.161589 0.317130 0.016927 0.012963
0 0.231120 0.389815 0.015885 0.015741
0 0.227083 0.428704 0.016667 0.015741
0 0.210417 0.459954 0.019792 0.017130
0 0.236719 0.499306 0.017188 0.018056
0 0.292057 0.371065 0.018490 0.017130
0 0.291797 0.499537 0.017969 0.015741
0 0.334115 0.448843 0.016667 0.015278
0 0.331901 0.305787 0.015365 0.013426
0 0.379557 0.353009 0.016927 0.014352
0 0.367969 0.495833 0.017188 0.016667
0 0.440104 0.333565 0.015625 0.014352
0 0.471615 0.402546 0.017708 0.015278
0 0.477734 0.468981 0.020052 0.013889
0 0.435026 0.530324 0.016927 0.014352
0 0.505859 0.537037 0.020052 0.015741
0 0.567448 0.531944 0.018750 0.014815
0 0.545182 0.359491 0.019531 0.015278
0 0.588672 0.321296 0.017969 0.012963
0 0.613932 0.516898 0.016927 0.014352
0 0.635417 0.545139 0.016667 0.013426
0 0.655469 0.314815 0.017188 0.014815
0 0.725651 0.342130 0.020052 0.015741
0 0.792839 0.337963 0.019010 0.015741
0 0.826042 0.313657 0.018229 0.014352
0 0.888672 0.308102 0.019010 0.016204
0 0.952995 0.300000 0.016927 0.014815
0 0.966406 0.356944 0.018750 0.015741
0 0.968490 0.397222 0.020313 0.015741
0 0.973047 0.458333 0.021094 0.016667
0 0.862630 0.404861 0.017448 0.010648
0 0.867057 0.516204 0.020052 0.016667
0 0.772266 0.477315 0.014844 0.012037
0 0.771875 0.546296 0.017188 0.018519
0 0.008464 0.144444 0.007552 0.028704
0 0.042318 0.108565 0.014323 0.027315
0 0.051953 0.100463 0.011719 0.024074
0 0.059505 0.090046 0.014323 0.025463
0 0.068490 0.070602 0.016146 0.019907
0 0.072266 0.055787 0.016406 0.021759
2 0.488672 0.128009 0.030990 0.019907
2 0.539453 0.160648 0.028385 0.020370
2 0.540365 0.085185 0.023438 0.017593
