1 0.068490 0.097685 0.014583 0.080556
1 0.092448 0.099074 0.014583 0.080556
1 0.114714 0.094676 0.013802 0.080093
1 0.166406 0.221065 0.011458 0.075463
0 0.047526 0.225926 0.008594 0.032407
0 0.057031 0.226852 0.008333 0.032407
0 0.066927 0.225926 0.007812 0.031481
0 0.078255 0.226620 0.008594 0.029167
0 0.088411 0.225231 0.009635 0.030093
0 0.097917 0.224306 0.008854 0.024537
0 0.107161 0.225463 0.007552 0.032407
0 0.116016 0.226157 0.008073 0.030093
0 0.127344 0.222917 0.009375 0.029167
0 0.021354 0.360185 0.009375 0.031481
1 0.051693 0.362963 0.012240 0.073148
1 0.065104 0.362500 0.014583 0.077778
1 0.086719 0.362037 0.010417 0.076852
1 0.100130 0.362037 0.013281 0.076852
1 0.122266 0.360880 0.009635 0.077315
1 0.134635 0.362963 0.013021 0.075926
0 0.147786 0.343750 0.005990 0.021759
0 0.156380 0.340046 0.007552 0.031019
0 0.174479 0.346296 0.017708 0.015741
0 0.222266 0.344907 0.017448 0.013889
0 0.260286 0.344213 0.020052 0.013426
0 0.284505 0.345602 0.018490 0.012500
0 0.306641 0.343981 0.019531 0.011111
0 0.332682 0.344676 0.016927 0.012500
0 0.357292 0.343981 0.017188 0.012037
0 0.380078 0.344213 0.016406 0.011574
0 0.401432 0.343981 0.016927 0.011111
0 0.423698 0.344444 0.014063 0.011111
2 0.468229 0.398148 0.006771 0.033333
1 0.424219 0.407176 0.010937 0.078241
1 0.412891 0.408333 0.011719 0.077778
1 0.401823 0.409722 0.009896 0.075000
1 0.389844 0.408565 0.010937 0.076389
0 0.368490 0.428472 0.007292 0.031944
1 0.356510 0.408333 0.013021 0.075926
1 0.344401 0.409722 0.010677 0.075926
1 0.333203 0.411574 0.009635 0.072222
0 0.323698 0.421296 0.007292 0.031481
1 0.312370 0.428704 0.012240 0.076852
1 0.299609 0.429167 0.010156 0.072222
1 0.287891 0.430556 0.009115 0.075000
0 0.278906 0.445370 0.006250 0.030556
1 0.267188 0.431713 0.011979 0.074537
1 0.255339 0.433796 0.010677 0.072222
1 0.243229 0.435417 0.010417 0.074537
1 0.232031 0.441898 0.008333 0.073611
0 0.215885 0.480556 0.013542 0.029630
0 0.256380 0.487037 0.018490 0.012963
0 0.241016 0.500231 0.013281 0.010648
0 0.242057 0.514815 0.013281 0.012963
1 0.035286 0.633796 0.011719 0.075000
1 0.049089 0.642593 0.015365 0.074074
1 0.068229 0.642361 0.011458 0.076389
1 0.081641 0.641204 0.014844 0.070370
1 0.105599 0.643287 0.014844 0.078241
1 0.126693 0.640972 0.014323 0.071759
1 0.168750 0.637500 0.009375 0.075000
1 0.180208 0.639120 0.010937 0.076389
1 0.191016 0.638426 0.010677 0.073148
1 0.204557 0.641898 0.011719 0.073611
2 0.215495 0.627546 0.008594 0.037500
1 0.236458 0.640046 0.009896 0.071759
1 0.247396 0.639120 0.007812 0.073611
1 0.259245 0.639583 0.009115 0.070833
1 0.270573 0.640509 0.009896 0.073611
1 0.281901 0.640741 0.010156 0.075000
1 0.294922 0.638889 0.013281 0.077778
0 0.305208 0.616898 0.006771 0.032870
0 0.317578 0.633796 0.008594 0.028704
1 0.338021 0.639815 0.009896 0.077778
1 0.361198 0.639815 0.008854 0.073148
1 0.372266 0.640972 0.010156 0.075463
0 0.384505 0.623148 0.005990 0.026852
1 0.394792 0.637731 0.011458 0.075463
0 0.429557 0.635185 0.008073 0.025926
1 0.441406 0.638889 0.010937 0.077778
1 0.463281 0.636806 0.009375 0.073611
0 0.475781 0.621065 0.007812 0.032870
1 0.487891 0.635880 0.008594 0.078241
0 0.508464 0.636343 0.007031 0.031019
0 0.506901 0.480556 0.007552 0.031481
0 0.528516 0.469213 0.008073 0.028241
0 0.539714 0.465741 0.007552 0.033333
0 0.538672 0.500000 0.007031 0.028704
1 0.575260 0.471528 0.009375 0.074537
1 0.608594 0.471528 0.010937 0.078241
1 0.632422 0.468287 0.010677 0.074537
0 0.620833 0.482176 0.005729 0.027315
0 0.654427 0.446296 0.007292 0.028704
0 0.655599 0.481944 0.007031 0.032407
0 0.665365 0.481250 0.006250 0.031944
1 0.678385 0.462269 0.011458 0.076389
0 0.613802 0.617593 0.008333 0.030556
0 0.625911 0.626157 0.008073 0.031019
0 0.636068 0.616435 0.007552 0.028241
0 0.648828 0.625694 0.008073 0.034722
0 0.658854 0.632176 0.006771 0.029167
1 0.682031 0.626620 0.011458 0.067130
1 0.693359 0.628241 0.010156 0.077778
1 0.705078 0.629167 0.011719 0.075000
1 0.716667 0.626852 0.012500 0.075000
1 0.728125 0.627083 0.010937 0.073611
1 0.740234 0.626620 0.008594 0.072685
1 0.750651 0.621991 0.009115 0.068981
0 0.785547 0.628009 0.008073 0.031019
2 0.796875 0.605324 0.008854 0.031944
0 0.810937 0.604861 0.009375 0.032870
2 0.821484 0.606944 0.007031 0.036111
0 0.830729 0.605787 0.008333 0.026389
2 0.840625 0.606944 0.007812 0.030556
0 0.973047 0.522222 0.009635 0.025926
0 0.742318 0.485185 0.016927 0.012963
0 0.761068 0.483333 0.019010 0.011111
0 0.751172 0.508102 0.020573 0.014352
0 0.777865 0.503935 0.017188 0.014352
1 0.800000 0.321528 0.044271 0.018056
0 0.701172 0.330093 0.017969 0.012963
0 0.845443 0.012500 0.017448 0.017593
0 0.850391 0.033102 0.018490 0.011574
0 0.871354 0.014352 0.016146 0.014815
1 0.903125 0.039120 0.042188 0.025463
0 0.945443 0.138889 0.020573 0.016667
0 0.544401 0.002778 0.017448 0.004630
0 0.774870 0.003935 0.018490 0.006944
0 0.820052 0.009028 0.019792 0.010648
0 0.896484 0.019213 0.017969 0.015278
0 0.923828 0.026389 0.018490 0.015741
0 0.932943 0.048843 0.016927 0.016204
2 0.900651 0.004630 0.018490 0.008333
0 0.876172 0.987731 0.011719 0.024537
0 0.723568 0.338889 0.018490 0.012037
1 0.176432 0.490509 0.026823 0.050463
1 0.131120 0.490741 0.025260 0.047222
1 0.081510 0.492593 0.024479 0.047222
0 0.197135 0.345139 0.019792 0.014352
