1 0.066797 0.106481 0.013802 0.079630
1 0.090625 0.108333 0.015625 0.080556
1 0.113151 0.104630 0.014323 0.079630
0 0.045703 0.235185 0.008073 0.031481
0 0.054557 0.236111 0.008594 0.030556
0 0.065365 0.236574 0.008854 0.030556
0 0.075911 0.235880 0.007552 0.029167
0 0.086458 0.234491 0.007292 0.031019
0 0.095703 0.234722 0.008594 0.025000
0 0.105208 0.235417 0.007292 0.032870
0 0.114062 0.234259 0.007812 0.029630
0 0.125000 0.234722 0.007812 0.030556
1 0.164323 0.231481 0.010937 0.074074
0 0.018880 0.372222 0.009635 0.033333
1 0.048698 0.373843 0.010417 0.074537
1 0.064062 0.374769 0.014583 0.073611
1 0.083854 0.372685 0.010417 0.075926
1 0.097786 0.373380 0.013802 0.074537
1 0.119141 0.371759 0.010677 0.073148
1 0.133333 0.372454 0.013021 0.074537
0 0.146615 0.353704 0.006771 0.022222
0 0.154688 0.349074 0.006771 0.029630
0 0.173307 0.356250 0.018490 0.012500
0 0.221745 0.354630 0.018490 0.014815
0 0.259766 0.353935 0.019010 0.013426
0 0.283333 0.354861 0.018229 0.014352
0 0.305078 0.355093 0.019531 0.015741
0 0.331641 0.354167 0.016927 0.013889
0 0.356120 0.353009 0.016927 0.010648
0 0.380078 0.353241 0.015885 0.011111
0 0.400911 0.353241 0.015885 0.012037
0 0.423698 0.353472 0.013542 0.010648
2 0.467839 0.406713 0.008073 0.031944
0 0.476302 0.460648 0.010417 0.019444
0 0.506510 0.490046 0.007812 0.032870
0 0.479557 0.571759 0.018490 0.012963
0 0.528906 0.478009 0.008333 0.029167
0 0.539974 0.473380 0.007552 0.032870
0 0.539583 0.509028 0.008333 0.033796
1 0.575521 0.480324 0.009896 0.078241
1 0.609766 0.480093 0.010677 0.077778
0 0.621354 0.490741 0.006250 0.027778
1 0.632422 0.478009 0.010677 0.077315
0 0.655078 0.454861 0.007552 0.032870
0 0.655729 0.491435 0.007812 0.031944
0 0.665885 0.486343 0.007812 0.031944
1 0.679297 0.474074 0.010677 0.075000
1 0.231250 0.453472 0.008854 0.074537
1 0.242057 0.444907 0.008594 0.075000
1 0.253646 0.443287 0.008854 0.072685
1 0.265234 0.439583 0.011719 0.073611
0 0.277604 0.454398 0.006771 0.032870
1 0.287109 0.439352 0.009635 0.074074
1 0.299219 0.440741 0.009896 0.075926
1 0.310807 0.438426 0.011719 0.075000
0 0.322917 0.431019 0.006771 0.035185
1 0.332292 0.420833 0.009896 0.074074
1 0.343229 0.417824 0.009896 0.073611
1 0.355729 0.417824 0.010937 0.071759
0 0.368099 0.437500 0.008073 0.030556
1 0.389583 0.416898 0.009375 0.074537
1 0.400000 0.418750 0.009375 0.081944
1 0.412370 0.419444 0.010156 0.078704
1 0.424609 0.417361 0.009635 0.076389
0 0.254036 0.497222 0.016927 0.014815
0 0.214453 0.492130 0.012760 0.030556
1 0.032031 0.647222 0.010417 0.074074
1 0.047135 0.654167 0.014063 0.076852
1 0.067187 0.655787 0.012500 0.073611
1 0.080339 0.653704 0.013802 0.073148
1 0.102734 0.653472 0.014323 0.077315
1 0.124349 0.652083 0.012760 0.073611
1 0.167057 0.652778 0.010677 0.074074
1 0.179297 0.651389 0.011719 0.075000
1 0.190234 0.650694 0.010156 0.076389
1 0.202734 0.650694 0.011719 0.079167
2 0.215234 0.638194 0.008073 0.035648
1 0.235807 0.650463 0.011198 0.075000
1 0.246875 0.652778 0.009375 0.075000
1 0.257943 0.650926 0.009635 0.075926
1 0.269922 0.650694 0.011719 0.073611
1 0.281641 0.650694 0.011719 0.073611
1 0.294531 0.648611 0.014063 0.077778
0 0.305469 0.627546 0.007812 0.029167
0 0.317318 0.643981 0.007031 0.031481
1 0.337630 0.652778 0.011198 0.078704
1 0.360677 0.650231 0.008333 0.072685
1 0.372526 0.651852 0.010677 0.074074
0 0.383984 0.633102 0.008073 0.028241
1 0.395182 0.648843 0.010156 0.079167
0 0.430208 0.644907 0.006771 0.028704
1 0.441016 0.648148 0.010677 0.075000
1 0.463672 0.647222 0.011719 0.075000
0 0.475260 0.629861 0.007292 0.032870
1 0.487370 0.647685 0.010156 0.077778
0 0.508594 0.648380 0.006771 0.032870
0 0.615234 0.626852 0.009115 0.031481
0 0.626953 0.637037 0.007552 0.031481
0 0.636979 0.626389 0.008333 0.035185
0 0.649349 0.633333 0.007552 0.028704
0 0.659766 0.640972 0.007552 0.032870
1 0.683073 0.635648 0.011458 0.072222
1 0.695312 0.635880 0.011979 0.075463
1 0.706641 0.634491 0.012760 0.075463
1 0.717969 0.635185 0.009896 0.077778
1 0.729557 0.635185 0.011719 0.077778
1 0.742057 0.633333 0.009115 0.075000
1 0.752474 0.631019 0.009635 0.070370
0 0.787240 0.636111 0.009375 0.029630
2 0.798958 0.615278 0.008854 0.031481
0 0.811979 0.613426 0.008333 0.034259
2 0.822786 0.615741 0.009115 0.034259
0 0.832552 0.614120 0.007292 0.028241
2 0.842448 0.617130 0.008854 0.029630
0 0.779687 0.511111 0.020313 0.013889
0 0.753125 0.515741 0.018750 0.011111
0 0.743229 0.492824 0.018229 0.012500
0 0.761979 0.491667 0.017708 0.012963
0 0.436719 0.328704 0.012500 0.012037
0 0.713672 0.020833 0.017969 0.016667
0 0.742188 0.025463 0.015625 0.014815
0 0.764844 0.027778 0.016667 0.015741
0 0.789453 0.009259 0.019531 0.017593
0 0.802083 0.031481 0.018229 0.014815
0 0.819792 0.014815 0.019271 0.015741
0 0.825781 0.035417 0.015625 0.017130
0 0.845833 0.018981 0.017708 0.016667
0 0.854427 0.040278 0.019271 0.016667
0 0.871875 0.018750 0.017188 0.015278
0 0.940625 0.013889 0.020313 0.019444
0 0.925000 0.030556 0.020313 0.016667
1 0.902865 0.047222 0.041667 0.025926
0 0.702083 0.338657 0.018229 0.014352
0 0.725130 0.347685 0.017448 0.010185
0 0.946094 0.144213 0.019792 0.015278
1 0.800911 0.329167 0.044531 0.015741
0 0.247526 0.004398 0.019531 0.007870
0 0.738281 0.005324 0.017708 0.009722
0 0.706120 0.004167 0.017448 0.007407
0 0.763151 0.008102 0.015885 0.012500
0 0.905469 0.007176 0.019792 0.013426
0 0.897786 0.026157 0.019010 0.016204
0 0.934115 0.055324 0.017708 0.018981
0 0.195703 0.354861 0.020052 0.013426
1 0.174219 0.501389 0.025000 0.050000
1 0.129036 0.502083 0.024740 0.045833
1 0.079427 0.503009 0.026042 0.047685
