0 0.205859 0.088194 0.008594 0.029167
0 0.165755 0.304861 0.008073 0.031944
0 0.147917 0.371528 0.008333 0.031944
0 0.145313 0.509722 0.009375 0.033333
0 0.144531 0.553472 0.007812 0.034722
0 0.145703 0.626620 0.007552 0.028241
0 0.145313 0.720139 0.009375 0.026389
0 0.148828 0.782639 0.008594 0.034722
0 0.148438 0.828472 0.009375 0.034722
0 0.147656 0.873611 0.007812 0.033333
0 0.160807 0.688194 0.010156 0.029167
0 0.170052 0.760648 0.007292 0.029630
0 0.173047 0.831250 0.008594 0.034722
0 0.162500 0.861806 0.009375 0.034722
0 0.193229 0.678935 0.006771 0.032870
0 0.205469 0.781250 0.007812 0.031944
0 0.180599 0.518287 0.010677 0.031019
0 0.194792 0.513889 0.008333 0.028704
0 0.205208 0.401620 0.007292 0.029167
0 0.196484 0.331250 0.008594 0.029167
1 0.276693 0.273611 0.045052 0.016667
1 0.279297 0.314583 0.046094 0.020833
1 0.276172 0.354861 0.047656 0.020833
0 0.264062 0.663194 0.018750 0.023611
0 0.289323 0.647222 0.016146 0.016667
0 0.289714 0.665278 0.015365 0.011111
0 0.263281 0.704861 0.020313 0.018056
0 0.263672 0.725694 0.019531 0.020833
0 0.290234 0.703241 0.015365 0.013889
0 0.321745 0.913426 0.019010 0.014815
0 0.323568 0.893750 0.017969 0.015278
0 0.322135 0.872222 0.016667 0.014815
0 0.322917 0.852083 0.016146 0.018056
0 0.322656 0.808333 0.015625 0.016667
0 0.324219 0.773611 0.020313 0.016667
0 0.321484 0.749306 0.007031 0.026389
0 0.329688 0.748611 0.007812 0.027778
2 0.351432 0.768519 0.019531 0.013889
0 0.353255 0.792130 0.019010 0.015741
0 0.351953 0.836111 0.019531 0.013889
0 0.351562 0.855556 0.018750 0.016667
0 0.350911 0.876157 0.016927 0.014352
0 0.351823 0.894907 0.016146 0.011111
0 0.352734 0.915046 0.019010 0.015278
0 0.382422 0.856250 0.008594 0.034722
0 0.404297 0.761343 0.016406 0.014352
0 0.421875 0.740278 0.015625 0.013889
1 0.420312 0.721065 0.043750 0.017130
0 0.326432 0.656250 0.007031 0.031019
0 0.335026 0.656019 0.009115 0.032407
1 0.420573 0.660880 0.043229 0.018981
1 0.420703 0.638194 0.042969 0.020833
1 0.421094 0.596759 0.042188 0.018519
1 0.423047 0.579861 0.044531 0.020833
1 0.425000 0.556944 0.045312 0.022222
1 0.424609 0.535417 0.047656 0.023611
1 0.425781 0.514583 0.045312 0.020833
0 0.424089 0.452778 0.019531 0.014815
1 0.425781 0.390972 0.042188 0.023611
1 0.427344 0.368750 0.045312 0.018056
1 0.425391 0.328472 0.044531 0.018056
1 0.426563 0.306944 0.045312 0.019444
1 0.427344 0.265278 0.042188 0.019444
1 0.426953 0.244444 0.042969 0.016667
0 0.420833 0.024074 0.007292 0.031481
0 0.419922 0.093056 0.008594 0.036111
0 0.419792 0.175231 0.007292 0.032870
0 0.415755 0.206481 0.018490 0.012963
0 0.417578 0.222454 0.013802 0.013426
1 0.349479 0.181481 0.045833 0.022222
0 0.349870 0.256019 0.019010 0.013889
0 0.349349 0.274769 0.017448 0.016204
0 0.349740 0.294213 0.019271 0.015278
0 0.348047 0.310880 0.013281 0.014352
0 0.347266 0.326389 0.016406 0.013889
0 0.348698 0.345602 0.017188 0.015278
0 0.347656 0.365278 0.015625 0.013889
0 0.348828 0.383796 0.017448 0.015741
0 0.347656 0.402083 0.017188 0.018056
0 0.478516 0.013889 0.016406 0.013889
1 0.471094 0.029630 0.042188 0.015741
1 0.470313 0.048611 0.040625 0.019444
1 0.472656 0.070833 0.042188 0.016667
1 0.475911 0.092130 0.040365 0.020370
0 0.504167 0.077546 0.006771 0.031019
1 0.541016 0.094676 0.013281 0.077315
1 0.589063 0.026389 0.042188 0.019444
1 0.588281 0.046528 0.043750 0.018056
1 0.588672 0.066667 0.042969 0.019444
1 0.587891 0.089583 0.042969 0.018056
0 0.578516 0.113426 0.017969 0.012037
2 0.580078 0.129167 0.021094 0.011111
1 0.587500 0.147917 0.045312 0.020833
1 0.586719 0.169444 0.043750 0.016667
1 0.587109 0.188194 0.042969 0.023611
1 0.586328 0.209722 0.042969 0.025000
1 0.585677 0.292824 0.042708 0.019907
1 0.586719 0.331944 0.043750 0.019444
1 0.586719 0.372917 0.043750 0.018056
1 0.585938 0.396528 0.045312 0.020833
1 0.585156 0.432639 0.043750 0.020833
1 0.581250 0.454861 0.045312 0.020833
1 0.582422 0.698611 0.042969 0.016667
1 0.580859 0.720139 0.046094 0.020833
1 0.581641 0.756944 0.044531 0.019444
1 0.580469 0.778935 0.046875 0.018981
1 0.581901 0.819213 0.043490 0.018981
1 0.581641 0.839352 0.042969 0.017593
1 0.581380 0.899306 0.045052 0.019907
2 0.068490 0.740509 0.020313 0.029167
0 0.175521 0.014815 0.009375 0.025926
0 0.151042 0.068287 0.009375 0.031944
2 0.217188 0.293750 0.010417 0.033796
0 0.206250 0.928472 0.008333 0.036574
2 0.148307 0.928704 0.009635 0.029630
0 0.154167 0.974306 0.009896 0.031944
0 0.320703 0.975231 0.017969 0.017130
0 0.320964 0.953704 0.017969 0.012963
0 0.320703 0.935185 0.019010 0.013889
0 0.351693 0.934722 0.017969 0.014815
0 0.350911 0.955093 0.016927 0.016667
0 0.396484 0.976620 0.016406 0.016204
2 0.395703 0.992130 0.016406 0.014815
2 0.380859 0.990046 0.007552 0.019907
0 0.396615 0.960185 0.015104 0.015741
0 0.397266 0.943519 0.014844 0.013889
0 0.397656 0.929167 0.013021 0.012963
0 0.396745 0.880787 0.015885 0.014352
0 0.396484 0.896296 0.015885 0.015741
0 0.397526 0.912731 0.015365 0.016204
0 0.398568 0.839352 0.014844 0.014815
0 0.396875 0.823843 0.016146 0.011574
0 0.398828 0.809954 0.017448 0.014352
0 0.419661 0.136574 0.008073 0.028704
0 0.497396 0.125463 0.016146 0.021296
1 0.501823 0.197222 0.031250 0.040741
1 0.499609 0.368056 0.029427 0.041667
1 0.498047 0.564352 0.030990 0.037963
1 0.497786 0.593981 0.029427 0.035185
1 0.497786 0.621991 0.028906 0.032870
1 0.497396 0.652315 0.029687 0.037963
1 0.497656 0.678704 0.029687 0.041667
1 0.497266 0.709954 0.028906 0.037500
1 0.494661 0.963194 0.029427 0.046759
1 0.578906 0.960417 0.043750 0.021759
1 0.579818 0.980787 0.042969 0.018056
1 0.588151 0.008565 0.042969 0.016204
