0 0.274479 0.665046 0.008854 0.028241
0 0.265104 0.620139 0.008854 0.034722
0 0.255859 0.568519 0.008073 0.032407
0 0.269141 0.536806 0.008073 0.033796
0 0.273438 0.469213 0.007812 0.031944
0 0.277344 0.362500 0.009896 0.030556
0 0.272656 0.279630 0.010937 0.030556
0 0.277995 0.219676 0.009635 0.023611
1 0.289453 0.212500 0.010156 0.036111
0 0.285677 0.255324 0.009896 0.031019
0 0.282422 0.305556 0.010156 0.027778
0 0.369661 0.101157 0.017448 0.017130
0 0.434115 0.113657 0.017708 0.018056
1 0.298177 0.241898 0.015625 0.071759
1 0.447656 0.463194 0.010937 0.076389
1 0.560417 0.400694 0.009896 0.074537
0 0.823177 0.332639 0.015625 0.021759
2 0.607031 0.393750 0.018750 0.018056
0 0.606250 0.412500 0.017188 0.013889
2 0.607031 0.426620 0.018750 0.014352
0 0.605469 0.447222 0.018750 0.013889
2 0.606901 0.469444 0.019010 0.013889
0 0.617969 0.490278 0.016667 0.012963
1 0.614062 0.554861 0.042188 0.020833
1 0.616797 0.575000 0.042969 0.019444
1 0.616406 0.595139 0.042188 0.018056
1 0.616406 0.615972 0.043750 0.020833
1 0.617969 0.636111 0.043750 0.019444
1 0.616406 0.657639 0.046875 0.018056
1 0.614714 0.676620 0.040365 0.019907
0 0.618359 0.713889 0.017969 0.016667
0 0.614062 0.731250 0.018750 0.018056
0 0.610938 0.756250 0.017188 0.018056
0 0.614453 0.772222 0.017969 0.013889
0 0.609505 0.793519 0.015885 0.013889
0 0.523568 0.921296 0.020052 0.015741
0 0.543099 0.922685 0.017448 0.017593
1 0.527344 0.862037 0.043750 0.023148
1 0.526432 0.802315 0.042448 0.018519
0 0.533594 0.779861 0.017188 0.011574
1 0.526563 0.759722 0.045312 0.019444
0 0.514062 0.719444 0.017708 0.012963
0 0.532422 0.700694 0.016406 0.012500
0 0.534505 0.719676 0.017969 0.015278
1 0.578516 0.675694 0.013281 0.076389
1 0.525651 0.678704 0.044010 0.020370
0 0.451693 0.634722 0.006510 0.030556
0 0.537500 0.531944 0.007812 0.036111
0 0.537500 0.564583 0.007812 0.026389
0 0.548177 0.504630 0.007292 0.031481
2 0.550391 0.549074 0.007552 0.032407
0 0.194271 0.524769 0.016667 0.011574
0 0.349740 0.210880 0.008333 0.028241
2 0.698828 0.052083 0.016406 0.017130
2 0.903646 0.210648 0.010937 0.031481
0 0.912891 0.215278 0.007552 0.029630
0 0.620052 0.979630 0.016146 0.013889
0 0.532292 0.980787 0.017708 0.013426
0 0.525651 0.941898 0.015365 0.012500
0 0.456641 0.594676 0.007031 0.032870
