0 0.349089 0.273843 0.008073 0.031019
0 0.268359 0.631481 0.010156 0.032407
0 0.279818 0.615046 0.007031 0.026389
0 0.271484 0.558565 0.009115 0.033796
0 0.262500 0.520833 0.009375 0.033333
0 0.274219 0.492593 0.008854 0.030556
0 0.278906 0.406250 0.009375 0.031944
0 0.281641 0.363194 0.011719 0.029167
0 0.272396 0.338657 0.009375 0.031019
0 0.284766 0.317361 0.010156 0.031944
0 0.277865 0.281250 0.009896 0.028241
2 0.289453 0.275231 0.008594 0.034722
1 0.297526 0.303704 0.014844 0.070370
0 0.368490 0.162269 0.016667 0.018056
0 0.433594 0.175000 0.017188 0.022222
0 0.823177 0.394213 0.014583 0.022685
1 0.560026 0.474769 0.011719 0.073611
2 0.607031 0.454167 0.015625 0.019444
0 0.606250 0.473611 0.014063 0.013889
2 0.607031 0.490278 0.018750 0.016667
0 0.605078 0.507639 0.019531 0.015278
2 0.606120 0.532407 0.019531 0.012963
0 0.617708 0.551389 0.016146 0.013889
0 0.548047 0.565741 0.008073 0.032407
0 0.537109 0.593056 0.007031 0.033333
0 0.537109 0.627083 0.008594 0.029167
2 0.550000 0.610648 0.007292 0.033333
1 0.579557 0.687269 0.012760 0.076389
1 0.525000 0.740278 0.042188 0.019444
0 0.532552 0.760417 0.018229 0.013426
0 0.514714 0.779167 0.018490 0.014815
0 0.534245 0.779630 0.017969 0.013889
1 0.526302 0.819213 0.043750 0.020833
0 0.533203 0.838426 0.015365 0.012963
1 0.527344 0.860648 0.043750 0.022222
1 0.527214 0.920602 0.042448 0.019907
0 0.608203 0.852083 0.014844 0.015278
0 0.614062 0.831944 0.017188 0.016667
0 0.609635 0.813657 0.018750 0.015278
0 0.613672 0.790972 0.017969 0.018056
0 0.618359 0.775000 0.019531 0.016667
1 0.614844 0.736111 0.040625 0.022222
1 0.617188 0.715972 0.042188 0.018056
1 0.617188 0.695833 0.045312 0.016667
0 0.451302 0.693981 0.007292 0.031481
0 0.194141 0.584491 0.015885 0.014352
2 0.699870 0.115509 0.017448 0.018981
2 0.903776 0.273380 0.010677 0.031944
0 0.913672 0.278241 0.007552 0.028704
0 0.862891 0.036343 0.016406 0.018981
0 0.882812 0.100231 0.018229 0.020833
0 0.974870 0.116435 0.017969 0.018056
0 0.969922 0.070602 0.018490 0.018056
0 0.523047 0.979167 0.019010 0.014815
0 0.541797 0.980324 0.017969 0.016204
0 0.525521 0.995139 0.017708 0.009722
1 0.615755 0.675000 0.043490 0.022222
1 0.616146 0.654861 0.042708 0.020833
1 0.614844 0.636111 0.042708 0.020370
1 0.614193 0.616204 0.040365 0.022222
0 0.456380 0.655324 0.006510 0.032870
1 0.447786 0.523843 0.010677 0.076389
