0 0.252865 0.890278 0.008854 0.033333
0 0.268099 0.779861 0.008594 0.024537
0 0.247005 0.767593 0.007552 0.024074
0 0.272396 0.423380 0.007812 0.030093
0 0.274609 0.368750 0.010156 0.034722
0 0.288281 0.327778 0.007812 0.030556
0 0.278125 0.312500 0.009375 0.030556
0 0.269531 0.254398 0.009375 0.033796
0 0.280078 0.259722 0.007031 0.030556
0 0.283594 0.219444 0.007812 0.030556
0 0.273828 0.191667 0.007031 0.033333
0 0.287109 0.170370 0.009635 0.031481
1 0.300000 0.156944 0.016146 0.075926
0 0.279557 0.133565 0.009635 0.025463
0 0.437109 0.027546 0.017969 0.020833
1 0.550130 0.300463 0.034115 0.061111
1 0.450000 0.382639 0.009375 0.079167
0 0.551562 0.423611 0.007812 0.033333
0 0.540234 0.454167 0.007031 0.036111
0 0.540885 0.484259 0.007292 0.030556
2 0.553516 0.469676 0.007031 0.034722
1 0.584505 0.487269 0.011198 0.074537
2 0.612109 0.314120 0.015365 0.016204
0 0.611719 0.330324 0.015625 0.012500
2 0.611849 0.347222 0.019010 0.013889
0 0.610156 0.365046 0.018750 0.016204
2 0.610026 0.389815 0.018490 0.012037
0 0.623047 0.409954 0.015885 0.014352
1 0.619141 0.472222 0.041406 0.019444
1 0.620313 0.493750 0.040625 0.020833
1 0.619531 0.513889 0.040625 0.025000
1 0.620313 0.535417 0.042188 0.020833
1 0.620703 0.556944 0.041406 0.022222
1 0.621094 0.577083 0.042188 0.015278
1 0.618750 0.594444 0.042188 0.016667
0 0.621094 0.634028 0.017188 0.012500
0 0.617188 0.654167 0.017188 0.013889
0 0.614062 0.673611 0.017188 0.016667
0 0.619271 0.692593 0.018229 0.012963
0 0.613281 0.711574 0.018750 0.014815
0 0.534375 0.896528 0.017188 0.015278
0 0.527995 0.858565 0.016406 0.014352
0 0.526172 0.838426 0.019531 0.014815
0 0.545312 0.839815 0.017188 0.015741
1 0.529687 0.777778 0.042188 0.019444
1 0.529557 0.720370 0.042448 0.018519
0 0.536719 0.698611 0.014063 0.010185
1 0.529687 0.680556 0.045312 0.019444
0 0.517708 0.637500 0.016146 0.013889
0 0.536328 0.618056 0.019531 0.013889
0 0.537630 0.638426 0.017448 0.012963
1 0.528516 0.598611 0.046094 0.019444
0 0.454036 0.553241 0.007031 0.032407
0 0.622266 0.896991 0.016406 0.014352
0 0.829818 0.250926 0.015365 0.019444
0 0.194792 0.441435 0.018750 0.017130
2 0.290885 0.127546 0.008854 0.034722
0 0.371875 0.012269 0.016146 0.016204
2 0.913932 0.127546 0.010677 0.032870
0 0.923698 0.133333 0.008333 0.030556
2 0.487240 0.962731 0.018229 0.015278
1 0.620833 0.935880 0.043229 0.020833
0 0.611458 0.955556 0.017188 0.014815
1 0.620703 0.976620 0.041927 0.021759
0 0.459245 0.513194 0.006510 0.031019
