0 0.260547 0.027083 0.008594 0.023611
0 0.271484 0.041667 0.008594 0.033333
0 0.266016 0.158333 0.007552 0.031481
0 0.249479 0.225694 0.009375 0.030093
0 0.261198 0.250231 0.007812 0.035648
0 0.244531 0.380787 0.007812 0.034722
0 0.252214 0.606713 0.009635 0.029167
1 0.255859 0.743056 0.010677 0.076852
0 0.251042 0.889120 0.006771 0.023611
0 0.451953 0.177083 0.007552 0.030093
0 0.456901 0.139815 0.005990 0.031481
0 0.549219 0.046528 0.007812 0.031944
0 0.539062 0.074306 0.007812 0.031944
0 0.539193 0.106944 0.007552 0.030556
2 0.552344 0.092130 0.007292 0.032407
0 0.621094 0.032639 0.015625 0.015278
1 0.616797 0.094444 0.038281 0.016667
1 0.618750 0.111806 0.042188 0.020833
1 0.618229 0.134722 0.041667 0.019444
1 0.619141 0.155556 0.042969 0.016667
1 0.619141 0.175000 0.042969 0.019444
1 0.619531 0.196528 0.040625 0.020833
1 0.617969 0.218750 0.040625 0.020833
0 0.620182 0.258333 0.015365 0.016667
0 0.616406 0.277083 0.020313 0.012500
0 0.611979 0.296065 0.019792 0.015278
0 0.616927 0.316204 0.016667 0.012963
0 0.611068 0.337269 0.015885 0.013426
0 0.621484 0.523611 0.017969 0.011111
1 0.619922 0.561806 0.042969 0.018056
0 0.610938 0.583333 0.017188 0.016667
1 0.618750 0.604167 0.039062 0.019444
1 0.620052 0.645370 0.043229 0.018519
0 0.618359 0.665972 0.016406 0.015278
1 0.619531 0.724306 0.043750 0.018056
0 0.610807 0.743981 0.015885 0.012963
1 0.619401 0.766435 0.044010 0.022685
1 0.619010 0.785648 0.044792 0.015741
1 0.619141 0.827778 0.044531 0.019444
0 0.614974 0.864583 0.019010 0.013426
0 0.604688 0.886111 0.017188 0.016667
1 0.619141 0.907639 0.044531 0.020833
1 0.618750 0.929167 0.042188 0.019444
0 0.507812 0.926157 0.016146 0.012500
1 0.500781 0.910648 0.042188 0.019444
1 0.500391 0.890972 0.041406 0.018056
1 0.499870 0.868519 0.044010 0.018519
0 0.495312 0.849306 0.017708 0.013426
1 0.489453 0.829861 0.041406 0.018056
1 0.489063 0.809722 0.042188 0.019444
1 0.489844 0.789583 0.042188 0.018056
0 0.500260 0.767824 0.017708 0.014352
1 0.489063 0.731944 0.042188 0.016667
1 0.489844 0.711806 0.042188 0.015278
1 0.489063 0.689583 0.043750 0.020833
1 0.490625 0.668056 0.045312 0.016667
0 0.455078 0.666667 0.008594 0.025000
0 0.454297 0.709028 0.008594 0.034722
0 0.453125 0.744444 0.007812 0.033333
0 0.453385 0.787963 0.007292 0.034259
0 0.452734 0.831944 0.008594 0.030556
0 0.451562 0.876389 0.006250 0.036111
0 0.451953 0.915972 0.008594 0.031944
0 0.523828 0.466667 0.017969 0.019444
0 0.543750 0.468056 0.018750 0.019444
0 0.525781 0.486111 0.015625 0.016667
0 0.532292 0.523611 0.019271 0.013889
1 0.528125 0.406250 0.042188 0.020833
1 0.527604 0.341898 0.045833 0.022685
0 0.535286 0.323148 0.016927 0.012037
1 0.526563 0.302083 0.045312 0.018056
0 0.515755 0.262269 0.016927 0.013426
0 0.534635 0.244444 0.017708 0.014815
0 0.536068 0.262963 0.017448 0.011111
1 0.526563 0.221528 0.043750 0.026389
2 0.485547 0.592361 0.018490 0.016204
0 0.195182 0.063426 0.014844 0.009259
1 0.580208 0.027546 0.016146 0.054167
2 0.608724 0.013194 0.017969 0.013426
1 0.616797 0.946528 0.044010 0.018056
1 0.617057 0.964815 0.044531 0.021296
1 0.616667 0.984491 0.043750 0.020833
0 0.533464 0.987269 0.010156 0.025463
1 0.501693 0.990278 0.042448 0.017593
0 0.452083 0.957639 0.007812 0.034722
1 0.501432 0.968287 0.041406 0.018056
1 0.500260 0.947454 0.042708 0.022685
1 0.448437 0.022685 0.010417 0.043519
