0 0.015104 0.986343 0.014583 0.013426
0 0.030469 0.960648 0.008854 0.031481
0 0.046875 0.948380 0.007812 0.022685
0 0.041276 0.910880 0.008594 0.031944
0 0.025781 0.928009 0.010937 0.030093
0 0.016927 0.888889 0.012500 0.030556
0 0.010156 0.853472 0.013021 0.031944
2 0.022135 0.825000 0.014583 0.043519
0 0.032031 0.990509 0.009375 0.018981
0 0.058854 0.931481 0.008854 0.031481
0 0.107031 0.886806 0.008333 0.028241
0 0.091927 0.879630 0.008854 0.028704
0 0.115104 0.887963 0.008333 0.029630
0 0.131771 0.892361 0.008333 0.031019
0 0.135417 0.960648 0.008333 0.034259
2 0.014844 0.779398 0.011979 0.031019
0 0.007812 0.746528 0.009375 0.021759
0 0.081380 0.825694 0.008594 0.028241
0 0.091016 0.830556 0.010156 0.028704
0 0.100260 0.831944 0.008333 0.029630
0 0.109245 0.836343 0.010156 0.029167
0 0.117448 0.837500 0.009375 0.032407
0 0.127604 0.840278 0.011979 0.032407
0 0.174609 0.833565 0.015365 0.021759
0 0.182161 0.822454 0.015365 0.021759
0 0.170573 0.846759 0.011458 0.018519
0 0.175651 0.757639 0.011198 0.031019
0 0.198698 0.789352 0.017708 0.012963
0 0.211979 0.760648 0.015625 0.012963
0 0.155208 0.767824 0.008333 0.026389
0 0.146745 0.768750 0.009635 0.023611
0 0.163411 0.769907 0.009635 0.027778
2 0.145573 0.847685 0.011458 0.032407
0 0.230078 0.716204 0.019010 0.013889
0 0.220443 0.580787 0.014844 0.023611
0 0.223307 0.563657 0.014844 0.023611
0 0.225911 0.550000 0.016406 0.026852
0 0.228255 0.531019 0.015885 0.023148
0 0.262240 0.531713 0.016146 0.018981
0 0.265625 0.481481 0.016667 0.018519
0 0.223828 0.474306 0.014844 0.021759
0 0.221354 0.487963 0.014583 0.019444
0 0.220443 0.503704 0.014323 0.020370
0 0.138151 0.381019 0.008073 0.012963
0 0.129427 0.376852 0.009375 0.017593
0 0.120964 0.373843 0.010677 0.018056
0 0.107943 0.371065 0.011719 0.023611
0 0.091667 0.362269 0.008854 0.022685
0 0.099479 0.366204 0.009896 0.023148
0 0.076302 0.359259 0.008854 0.026852
0 0.060026 0.351620 0.009635 0.029167
0 0.052083 0.348611 0.010417 0.031481
0 0.043880 0.339583 0.009635 0.029167
0 0.035807 0.336343 0.009635 0.029167
0 0.028646 0.367361 0.016146 0.015278
0 0.051042 0.375463 0.017708 0.013889
0 0.045833 0.435648 0.009896 0.031481
0 0.053516 0.439352 0.009115 0.029630
0 0.061589 0.442593 0.009115 0.029630
0 0.068620 0.444907 0.009115 0.029630
0 0.054167 0.468519 0.016667 0.015741
0 0.050651 0.481250 0.019531 0.018056
0 0.048438 0.495833 0.016146 0.016667
0 0.072917 0.521296 0.009375 0.032407
0 0.045312 0.521991 0.016146 0.016204
0 0.043620 0.537269 0.016927 0.019907
0 0.032813 0.507639 0.009896 0.031944
0 0.038021 0.472222 0.008333 0.025926
0 0.059505 0.576852 0.016927 0.014815
2 0.411849 0.318056 0.015365 0.024074
0 0.426823 0.371759 0.012500 0.021296
0 0.442708 0.345833 0.012500 0.021296
0 0.462240 0.310648 0.012500 0.021296
0 0.431641 0.317824 0.013802 0.023611
3 0.423047 0.339120 0.007552 0.010648
3 0.418750 0.335648 0.005729 0.009259
3 0.414193 0.345602 0.006510 0.011574
3 0.406380 0.364583 0.006510 0.011574
3 0.403255 0.359954 0.006510 0.011574
2 0.399089 0.440509 0.008594 0.033796
2 0.470182 0.459954 0.019010 0.018981
0 0.467839 0.507176 0.015885 0.018056
0 0.435417 0.492593 0.013021 0.012037
0 0.433854 0.505556 0.013021 0.012037
0 0.432292 0.519907 0.015104 0.012963
0 0.430729 0.549074 0.015104 0.012963
0 0.430729 0.576389 0.015104 0.012963
0 0.449740 0.588194 0.010937 0.027315
0 0.432161 0.606250 0.016927 0.013426
0 0.467839 0.598843 0.016927 0.013426
0 0.467318 0.616435 0.016927 0.013426
0 0.466406 0.632639 0.015625 0.012500
0 0.464583 0.653935 0.015625 0.012500
0 0.465104 0.667824 0.015625 0.012500
2 0.431641 0.563889 0.017969 0.013889
0 0.397526 0.487731 0.007031 0.031944
0 0.413281 0.583102 0.007292 0.029167
0 0.415104 0.549306 0.007292 0.029167
0 0.412760 0.615509 0.007812 0.031944
0 0.382292 0.574074 0.017708 0.014815
2 0.388151 0.603704 0.008073 0.032407
2 0.386068 0.638889 0.008073 0.032407
0 0.382552 0.673148 0.007812 0.029630
0 0.402995 0.710880 0.012240 0.028241
0 0.378776 0.731944 0.009635 0.030556
0 0.398177 0.752778 0.014063 0.029630
2 0.401042 0.734491 0.013021 0.032870
2 0.397526 0.776389 0.015365 0.027778
0 0.395964 0.795370 0.013281 0.023148
0 0.398177 0.830556 0.011979 0.028704
0 0.394141 0.846065 0.013281 0.028241
0 0.373307 0.808102 0.008073 0.031019
2 0.392448 0.871065 0.013542 0.031019
0 0.390755 0.901620 0.012760 0.023611
0 0.389193 0.924306 0.011719 0.025463
0 0.386849 0.941667 0.014844 0.026852
0 0.379036 0.969444 0.007552 0.030556
0 0.532422 0.858796 0.015365 0.013889
0 0.529297 0.885185 0.015365 0.013889
0 0.529427 0.914120 0.013542 0.011574
0 0.544792 0.820370 0.007292 0.031481
0 0.545703 0.784028 0.007031 0.028241
0 0.545964 0.678472 0.006510 0.018981
0 0.576432 0.691435 0.009635 0.031019
2 0.546484 0.595602 0.007552 0.029167
0 0.542969 0.560880 0.008854 0.030093
0 0.539974 0.521296 0.007031 0.023148
2 0.536719 0.484722 0.008854 0.030556
0 0.531510 0.443519 0.007812 0.025926
0 0.960156 0.681019 0.018229 0.018519
0 0.951562 0.668981 0.018229 0.018519
0 0.944531 0.654630 0.016146 0.016667
0 0.920443 0.621528 0.015365 0.016204
2 0.929167 0.634722 0.016667 0.018519
0 0.837500 0.574537 0.009896 0.030556
0 0.829948 0.587963 0.009896 0.030556
0 0.825391 0.607870 0.009635 0.028704
0 0.820182 0.627778 0.009635 0.031481
2 0.809635 0.555787 0.014063 0.025463
2 0.806901 0.535648 0.014323 0.026852
0 0.871484 0.429630 0.013802 0.025926
0 0.846484 0.382407 0.013281 0.025000
0 0.908203 0.367593 0.015885 0.025926
0 0.919401 0.382176 0.013802 0.024537
0 0.947266 0.422685 0.013281 0.023148
0 0.958854 0.438889 0.011979 0.020370
0 0.975000 0.460185 0.014583 0.025000
0 0.997135 0.502546 0.005208 0.018981
0 0.909375 0.425231 0.011979 0.013426
0 0.904687 0.303704 0.011458 0.025000
0 0.853385 0.271296 0.007812 0.028704
0 0.839193 0.271296 0.008594 0.028704
0 0.830469 0.272917 0.006771 0.027315
0 0.820573 0.271528 0.007292 0.026389
2 0.842578 0.240046 0.017448 0.012500
0 0.743490 0.379167 0.016146 0.013889
0 0.745313 0.446759 0.016146 0.013889
0 0.748177 0.464815 0.016667 0.017593
0 0.754036 0.484722 0.017448 0.014815
0 0.757943 0.499074 0.017448 0.014815
0 0.762240 0.514120 0.014583 0.013426
2 0.771615 0.563657 0.017708 0.013426
0 0.713542 0.032870 0.013021 0.025000
0 0.476693 0.031250 0.005990 0.027315
0 0.344401 0.034491 0.012760 0.019907
0 0.346094 0.065278 0.008854 0.028704
0 0.336589 0.007639 0.010677 0.014352
0 0.392448 0.534259 0.006771 0.032407
2 0.015755 0.065278 0.013802 0.014815
0 0.045703 0.074769 0.010677 0.011574
0 0.044141 0.095602 0.012760 0.013426
1 0.114323 0.128704 0.024479 0.023148
1 0.396875 0.241898 0.025000 0.014352
0 0.504167 0.241667 0.015104 0.012037
0 0.537240 0.240278 0.015104 0.012037
0 0.574740 0.212500 0.016667 0.013889
0 0.567448 0.238426 0.017188 0.012963
0 0.594271 0.235185 0.017188 0.012963
0 0.625260 0.229630 0.017188 0.012963
0 0.634375 0.209259 0.017188 0.012963
0 0.652214 0.229398 0.011719 0.011574
0 0.675781 0.226620 0.016667 0.013426
0 0.690104 0.083565 0.008854 0.030093
2 0.778906 0.159259 0.020833 0.016667
0 0.783854 0.178009 0.015625 0.014352
0 0.809896 0.201620 0.016667 0.014352
0 0.833203 0.194676 0.017969 0.013426
2 0.922786 0.209954 0.017448 0.013426
0 0.925521 0.145139 0.017708 0.014352
1 0.984766 0.136111 0.030469 0.021296
0 0.631901 0.096991 0.009635 0.031019
0 0.636328 0.284259 0.008594 0.026852
0 0.668229 0.326620 0.009375 0.028241
0 0.660807 0.363194 0.009635 0.030093
0 0.594792 0.322454 0.008333 0.022685
2 0.697917 0.507176 0.010937 0.030093
0 0.694792 0.563657 0.009375 0.029167
0 0.634505 0.566667 0.010156 0.030556
0 0.651042 0.596065 0.009896 0.030093
0 0.695182 0.677315 0.010677 0.028704
3 0.145703 0.382870 0.004948 0.012963
