0 0.009766 0.480556 0.013802 0.012963
0 0.035547 0.537037 0.011719 0.026852
0 0.042969 0.531250 0.008333 0.021759
0 0.051302 0.529398 0.007812 0.018981
0 0.059766 0.526389 0.010677 0.027778
0 0.068099 0.521759 0.010677 0.027778
0 0.085156 0.518287 0.010417 0.030093
2 0.077214 0.520602 0.008073 0.024537
2 0.092969 0.513194 0.010937 0.031019
0 0.102995 0.510417 0.011198 0.029167
0 0.110156 0.506019 0.008854 0.020370
2 0.118750 0.503009 0.010937 0.027315
1 0.154167 0.559722 0.016146 0.043519
0 0.146354 0.582176 0.016667 0.018056
0 0.161849 0.597685 0.007552 0.021296
0 0.189323 0.634028 0.010417 0.031944
0 0.169010 0.629398 0.010417 0.031944
0 0.158854 0.642593 0.013021 0.021296
0 0.162630 0.661343 0.013281 0.017130
0 0.195443 0.674306 0.009115 0.031019
0 0.180729 0.699537 0.009375 0.029630
2 0.168229 0.705556 0.014583 0.027778
2 0.186719 0.734722 0.010417 0.033333
2 0.201693 0.711806 0.010677 0.032870
0 0.193880 0.768519 0.010677 0.030556
0 0.157812 0.758333 0.009896 0.025926
0 0.186328 0.850463 0.009635 0.029630
0 0.215104 0.883102 0.011979 0.031944
2 0.236328 0.886806 0.010156 0.031944
0 0.202604 0.926157 0.011458 0.031019
0 0.231510 0.962269 0.011979 0.033796
2 0.244661 0.932870 0.012760 0.043519
0 0.238932 0.990741 0.011719 0.018519
0 0.213932 0.991667 0.007552 0.016667
0 0.252604 0.967361 0.006250 0.021759
0 0.316406 0.987731 0.009375 0.024537
0 0.332292 0.991435 0.007812 0.017130
0 0.356510 0.993981 0.007292 0.012037
0 0.339844 0.990509 0.007812 0.017130
0 0.248047 0.472917 0.015885 0.016204
0 0.255208 0.443056 0.008333 0.024074
0 0.262760 0.447454 0.007812 0.025463
0 0.270964 0.454398 0.009635 0.028241
0 0.279427 0.458333 0.008333 0.028704
0 0.295703 0.464352 0.008073 0.025926
0 0.303646 0.467593 0.008333 0.029630
0 0.311198 0.470370 0.008333 0.026852
0 0.319141 0.475463 0.010156 0.028704
0 0.327344 0.480787 0.010937 0.029167
0 0.339323 0.486574 0.008333 0.028704
0 0.348438 0.488426 0.008333 0.028704
0 0.357031 0.492593 0.008333 0.028704
0 0.344922 0.512963 0.016406 0.014815
0 0.342318 0.528009 0.016927 0.017130
0 0.310547 0.500231 0.016927 0.017130
0 0.270182 0.482639 0.016406 0.014352
0 0.264714 0.541667 0.009635 0.029630
0 0.272786 0.544676 0.008594 0.028241
0 0.280599 0.548380 0.008594 0.028241
0 0.288281 0.550463 0.009896 0.029630
0 0.296484 0.553704 0.010677 0.032407
0 0.303776 0.559722 0.007552 0.023148
0 0.310807 0.563889 0.008073 0.026852
0 0.319922 0.564583 0.009115 0.031019
0 0.327344 0.568750 0.010417 0.030093
0 0.340365 0.601157 0.008854 0.030093
0 0.336458 0.634954 0.008854 0.030093
0 0.319792 0.642824 0.015625 0.016204
0 0.321094 0.627083 0.015625 0.016204
0 0.323177 0.613194 0.017188 0.017130
0 0.324740 0.596991 0.017188 0.017130
0 0.298438 0.593981 0.008854 0.024074
0 0.293229 0.628009 0.009375 0.030093
0 0.269141 0.602546 0.015885 0.017130
0 0.271094 0.588657 0.018750 0.018981
0 0.274870 0.573843 0.016406 0.016204
0 0.257943 0.577546 0.009115 0.026389
0 0.252995 0.613657 0.009115 0.031019
0 0.265365 0.628241 0.016146 0.015741
0 0.262760 0.644676 0.017188 0.018981
0 0.279427 0.685417 0.016146 0.018056
0 0.298958 0.688426 0.008854 0.026852
0 0.307682 0.689352 0.009115 0.030556
0 0.317578 0.695833 0.009115 0.028704
0 0.326302 0.699537 0.008333 0.029630
0 0.335677 0.703704 0.010937 0.032407
0 0.344271 0.699306 0.007292 0.020833
0 0.244922 0.693981 0.007552 0.022222
0 0.300130 0.932870 0.009635 0.029630
0 0.309505 0.937500 0.009635 0.029630
0 0.318620 0.939815 0.009635 0.029630
0 0.327734 0.944907 0.009635 0.029630
0 0.337109 0.945370 0.009635 0.029630
0 0.346615 0.949769 0.011979 0.034722
2 0.364844 0.955324 0.011458 0.031944
0 0.392448 0.958565 0.013542 0.022685
0 0.393880 0.942361 0.014323 0.023611
0 0.400911 0.933102 0.014323 0.023611
0 0.395313 0.865509 0.010417 0.030093
0 0.418229 0.897917 0.017708 0.013426
0 0.432552 0.868750 0.017188 0.012500
0 0.450260 0.825694 0.017188 0.012500
0 0.382943 0.879861 0.010677 0.025463
0 0.442057 0.689120 0.014323 0.022685
0 0.444141 0.672454 0.014323 0.022685
0 0.447005 0.657176 0.014844 0.026389
0 0.449609 0.640509 0.014844 0.024537
0 0.484505 0.641898 0.015885 0.018056
0 0.488151 0.590509 0.016927 0.018981
0 0.445833 0.582639 0.014583 0.020833
0 0.443750 0.598380 0.014583 0.020833
0 0.441667 0.612731 0.014063 0.019907
2 0.612630 0.981713 0.014844 0.029167
0 0.614062 0.957639 0.014063 0.028241
0 0.617708 0.940278 0.013021 0.026852
0 0.614583 0.904861 0.011458 0.023611
0 0.617578 0.862731 0.014323 0.030093
0 0.622396 0.821991 0.013542 0.027315
2 0.622135 0.845370 0.014063 0.032407
0 0.598307 0.842361 0.009635 0.030093
2 0.617188 0.887963 0.015104 0.026852
0 0.758073 0.973611 0.016146 0.012963
0 0.769271 0.935417 0.007292 0.030093
0 0.602865 0.783102 0.005208 0.028241
2 0.605469 0.748611 0.007292 0.033333
2 0.607552 0.712963 0.007292 0.031481
0 0.602344 0.683333 0.015625 0.012037
0 0.632292 0.726389 0.008333 0.031481
0 0.632422 0.693519 0.006510 0.029630
0 0.633333 0.658102 0.007292 0.029167
0 0.610026 0.643056 0.007552 0.031481
0 0.615234 0.602315 0.007552 0.031481
2 0.625130 0.588889 0.010677 0.032407
0 0.685417 0.778472 0.016667 0.013426
0 0.684896 0.765972 0.016667 0.013426
0 0.686458 0.744676 0.016667 0.013426
0 0.687370 0.727778 0.017969 0.012963
0 0.688021 0.709954 0.016667 0.011574
0 0.679167 0.690972 0.015625 0.019907
0 0.651953 0.716898 0.016406 0.013426
0 0.650260 0.688426 0.015104 0.014815
0 0.651823 0.659259 0.015104 0.014815
2 0.651823 0.674769 0.018229 0.015278
0 0.652604 0.631481 0.015104 0.014815
0 0.654167 0.617361 0.013542 0.012500
0 0.655469 0.603009 0.013542 0.012500
0 0.688281 0.618981 0.015625 0.020370
2 0.692187 0.572917 0.018229 0.020833
0 0.751432 0.556250 0.008594 0.027315
0 0.642578 0.479398 0.012760 0.021759
0 0.658724 0.453472 0.012760 0.021759
0 0.677344 0.420833 0.012500 0.024074
0 0.646354 0.427315 0.015625 0.023148
2 0.626953 0.425231 0.015885 0.022685
3 0.638542 0.446759 0.007812 0.010185
3 0.635156 0.442593 0.005729 0.010185
3 0.630469 0.453241 0.006250 0.012037
3 0.622396 0.471759 0.006250 0.012037
3 0.619531 0.468056 0.006250 0.012037
3 0.668359 0.436806 0.005990 0.010648
0 0.533464 0.062963 0.007031 0.031481
0 0.550651 0.106019 0.014844 0.026852
0 0.558984 0.139352 0.014323 0.020370
0 0.561458 0.171759 0.008333 0.027778
0 0.638411 0.036343 0.015365 0.018056
0 0.634505 0.017593 0.015365 0.012963
0 0.651432 0.013426 0.016927 0.014815
0 0.667708 0.007639 0.014583 0.013426
0 0.675651 0.033796 0.008594 0.028704
0 0.666797 0.040509 0.007031 0.021759
0 0.659635 0.038657 0.009375 0.027315
0 0.651432 0.037963 0.008594 0.026852
0 0.708984 0.079398 0.016927 0.018056
0 0.709245 0.096528 0.016927 0.018056
0 0.689844 0.137963 0.006250 0.028704
0 0.907943 0.183333 0.012240 0.029630
0 0.930599 0.142593 0.012760 0.025926
0 0.877995 0.045139 0.007031 0.031019
0 0.908203 0.036111 0.008073 0.012963
0 0.929036 0.037963 0.010677 0.012037
0 0.914062 0.246296 0.010417 0.028704
2 0.991016 0.270833 0.010677 0.012037
0 0.996484 0.288194 0.007031 0.012500
0 0.961328 0.491435 0.017448 0.013426
0 0.963281 0.559259 0.015625 0.014815
0 0.965365 0.576620 0.018229 0.018056
0 0.971224 0.596759 0.017448 0.014815
0 0.975260 0.610880 0.017188 0.015278
0 0.979557 0.626157 0.015885 0.013426
2 0.989844 0.676157 0.018229 0.014352
0 0.757161 0.996528 0.011719 0.006944
0 0.933984 0.861111 0.010677 0.026852
0 0.941667 0.965046 0.011458 0.030093
0 0.860938 0.704861 0.009375 0.028241
0 0.902995 0.649769 0.011198 0.029167
0 0.863151 0.572222 0.010156 0.028704
0 0.834245 0.541667 0.010156 0.028704
0 0.865885 0.434259 0.009375 0.027778
0 0.868620 0.339583 0.013281 0.011574
2 0.822656 0.232176 0.009375 0.030093
0 0.777865 0.162269 0.008333 0.026389
0 0.766667 0.171759 0.009375 0.027778
0 0.747786 0.033102 0.008594 0.029167
0 0.892578 0.336574 0.015885 0.012963
0 0.841667 0.337963 0.016667 0.012963
0 0.810417 0.343750 0.017708 0.015278
0 0.783333 0.346991 0.017188 0.012500
0 0.758464 0.349074 0.015365 0.012037
0 0.738021 0.346065 0.015625 0.015278
1 0.709375 0.351852 0.023958 0.015741
0 0.157552 0.214120 0.018750 0.014352
0 0.136068 0.213889 0.017448 0.012963
0 0.108073 0.216204 0.018229 0.016667
0 0.086849 0.231944 0.015365 0.020370
0 0.068229 0.190509 0.008854 0.025463
0 0.051693 0.206250 0.009115 0.023611
0 0.029948 0.269213 0.013542 0.023611
0 0.131901 0.113657 0.016927 0.016204
2 0.079297 0.090741 0.014844 0.015741
0 0.183854 0.084259 0.011979 0.026852
0 0.118750 0.072685 0.017188 0.018519
0 0.228385 0.050694 0.015625 0.015278
3 0.365495 0.490046 0.004948 0.013426
2 0.174349 0.665278 0.012240 0.035185
