0 0.574349 0.576157 0.011719 0.014352
0 0.875391 0.174769 0.010677 0.012500
0 0.875130 0.189120 0.016406 0.017130
0 0.874870 0.204630 0.013802 0.020370
0 0.871094 0.217593 0.017188 0.020370
2 0.864714 0.234722 0.017448 0.020370
0 0.861458 0.246065 0.010937 0.015278
0 0.857161 0.257870 0.016927 0.023148
0 0.845573 0.283102 0.015625 0.024537
2 0.851562 0.269676 0.016667 0.024537
0 0.833984 0.306481 0.014323 0.021296
2 0.840755 0.295370 0.012240 0.020370
0 0.829818 0.318750 0.015365 0.020833
0 0.824479 0.331713 0.010417 0.016204
0 0.817969 0.341898 0.011979 0.018981
0 0.814323 0.356481 0.015625 0.020370
0 0.778646 0.296759 0.011458 0.025926
2 0.772786 0.346759 0.015365 0.028704
2 0.750391 0.318056 0.006510 0.028704
0 0.888151 0.446759 0.016406 0.021296
0 0.924479 0.483333 0.016146 0.019444
0 0.986068 0.562963 0.015365 0.021296
0 0.981510 0.545139 0.014063 0.016204
0 0.958854 0.848380 0.015104 0.021759
0 0.970443 0.860648 0.013802 0.022222
2 0.786328 0.769676 0.017969 0.031019
0 0.764323 0.728704 0.011979 0.026852
0 0.750651 0.704167 0.015365 0.024074
0 0.742578 0.715046 0.012760 0.023611
0 0.735286 0.729398 0.012760 0.027315
0 0.775521 0.500000 0.013021 0.024074
0 0.727734 0.421991 0.010677 0.012500
0 0.710677 0.428935 0.016667 0.016204
0 0.687500 0.440509 0.017708 0.015278
1 0.675391 0.375000 0.009635 0.043519
0 0.743359 0.901852 0.014844 0.028704
0 0.699609 0.868056 0.008594 0.014815
0 0.702604 0.802778 0.014583 0.027778
2 0.572786 0.775926 0.017448 0.022222
2 0.708333 0.103472 0.010417 0.032870
0 0.699870 0.066898 0.011719 0.025463
0 0.652474 0.034954 0.015365 0.021759
0 0.578385 0.178704 0.015625 0.028704
0 0.670052 0.085185 0.016667 0.017593
0 0.686719 0.238426 0.016146 0.021296
0 0.331120 0.436111 0.010677 0.024074
2 0.217188 0.571528 0.019792 0.026389
2 0.265234 0.344213 0.011198 0.031019
2 0.254557 0.300463 0.011198 0.028704
0 0.463672 0.123380 0.015365 0.013426
0 0.377734 0.171759 0.015365 0.016667
0 0.246484 0.184954 0.016406 0.017130
0 0.106641 0.260185 0.011719 0.012963
0 0.047917 0.284491 0.014583 0.011574
2 0.094401 0.048611 0.017969 0.012963
2 0.131120 0.046296 0.016406 0.024074
2 0.164583 0.055324 0.008854 0.030093
2 0.225130 0.056019 0.018490 0.016667
2 0.245443 0.045602 0.019010 0.017130
2 0.115495 0.510417 0.019010 0.015278
2 0.158073 0.480556 0.033333 0.025926
0 0.915625 0.262269 0.016667 0.015278
0 0.935417 0.254861 0.013021 0.016204
0 0.973437 0.248611 0.018229 0.024074
0 0.993099 0.266667 0.013802 0.025000
0 0.954688 0.269444 0.018750 0.024074
2 0.973828 0.286343 0.017969 0.024537
1 0.915755 0.234954 0.025260 0.032870
1 0.903646 0.194907 0.022396 0.039815
2 0.639714 0.665509 0.008073 0.025463
0 0.508854 0.140046 0.016146 0.017130
2 0.535286 0.180787 0.010677 0.021759
0 0.992057 0.304167 0.013281 0.020370
0 0.996615 0.093981 0.006771 0.027778
0 0.086458 0.311574 0.014063 0.012963
0 0.617969 0.228935 0.015104 0.019907
