0 0.035286 0.201852 0.007552 0.027778
0 0.025130 0.312269 0.009115 0.025463
0 0.037109 0.353009 0.010156 0.024537
0 0.014583 0.429398 0.010417 0.024537
0 0.036719 0.585185 0.013542 0.010185
0 0.039844 0.599074 0.013542 0.010185
0 0.048568 0.615509 0.013802 0.011574
0 0.054427 0.631019 0.016146 0.012963
2 0.180208 0.801852 0.017188 0.021296
2 0.238281 0.177083 0.016146 0.012500
2 0.254297 0.135417 0.019531 0.051389
2 0.311068 0.247917 0.017448 0.029167
2 0.295443 0.295370 0.029948 0.026852
2 0.318229 0.316667 0.015625 0.017593
2 0.337240 0.328472 0.016146 0.018981
2 0.354167 0.339120 0.017188 0.017130
2 0.349870 0.241204 0.010156 0.027778
0 0.337891 0.220370 0.006510 0.026852
2 0.329036 0.184259 0.009115 0.029630
2 0.341536 0.128935 0.010156 0.025463
2 0.420443 0.318287 0.015365 0.017130
0 0.432812 0.387500 0.015104 0.016667
2 0.586589 0.071065 0.008073 0.028241
2 0.640365 0.021528 0.016667 0.021759
2 0.660677 0.369213 0.017188 0.015278
2 0.685156 0.316898 0.007292 0.029167
0 0.508854 0.524537 0.008854 0.020370
2 0.933464 0.306481 0.017448 0.018519
2 0.971875 0.285417 0.016146 0.019907
0 0.864193 0.485648 0.008594 0.026852
0 0.871745 0.909722 0.011198 0.028704
0 0.863411 0.941898 0.011198 0.031019
0 0.847656 0.910648 0.006250 0.018519
0 0.860026 0.849074 0.011719 0.029630
0 0.931380 0.555787 0.019531 0.018981
0 0.785417 0.567361 0.016667 0.011574
0 0.748307 0.616435 0.017969 0.012500
2 0.722396 0.633796 0.017188 0.012963
0 0.658984 0.616898 0.014844 0.012500
0 0.584505 0.581944 0.014844 0.012037
2 0.605859 0.600694 0.016927 0.011574
2 0.569141 0.601620 0.016927 0.011574
0 0.539844 0.581250 0.011979 0.010648
0 0.555339 0.617361 0.014323 0.011574
0 0.552344 0.637500 0.015625 0.012963
0 0.505990 0.581481 0.014583 0.011111
0 0.480469 0.581481 0.015625 0.012037
0 0.470443 0.631019 0.015365 0.011111
0 0.457813 0.581944 0.013542 0.011111
0 0.449479 0.599537 0.014063 0.011111
0 0.436719 0.582176 0.016146 0.012500
1 0.415885 0.565278 0.021875 0.012963
0 0.407813 0.579861 0.016146 0.012500
0 0.376172 0.565278 0.015885 0.011111
0 0.371224 0.581944 0.015885 0.011111
0 0.346745 0.580093 0.014844 0.010185
0 0.314323 0.580324 0.011458 0.009722
0 0.290495 0.580556 0.015365 0.012037
0 0.281120 0.598380 0.013281 0.011574
0 0.267057 0.580556 0.013802 0.011111
0 0.233854 0.616435 0.015104 0.013426
0 0.244141 0.581250 0.015365 0.012500
0 0.230339 0.598380 0.015365 0.012500
0 0.223568 0.581250 0.015365 0.012500
0 0.208594 0.598380 0.014063 0.011574
0 0.184635 0.596991 0.014063 0.011574
0 0.164062 0.597222 0.010937 0.009259
2 0.193359 0.580787 0.027865 0.014352
0 0.144271 0.599769 0.014063 0.011574
0 0.138021 0.583565 0.012500 0.010648
2 0.162370 0.581481 0.014844 0.012037
0 0.122266 0.598843 0.013802 0.010648
0 0.115755 0.583565 0.013802 0.010648
0 0.096484 0.584028 0.013802 0.010648
0 0.100911 0.599769 0.013802 0.010648
0 0.079297 0.600231 0.013802 0.010648
0 0.075521 0.582639 0.014583 0.011574
2 0.056380 0.584722 0.014844 0.011111
2 0.059245 0.600000 0.014844 0.011111
0 0.563281 0.803472 0.009375 0.027315
0 0.629948 0.757407 0.006771 0.011111
2 0.544401 0.841898 0.010156 0.031019
2 0.560156 0.947685 0.006250 0.027778
2 0.322266 0.899074 0.016927 0.016667
2 0.339062 0.885417 0.012500 0.025463
0 0.645833 0.756481 0.006771 0.011111
