0 0.174609 0.052083 0.010156 0.043056
0 0.170312 0.127083 0.007813 0.048611
0 0.166797 0.232639 0.008594 0.034722
0 0.152344 0.361111 0.010937 0.038889
0 0.158594 0.451389 0.010937 0.044444
0 0.153516 0.588889 0.010156 0.041667
0 0.147656 0.805556 0.010937 0.038889
0 0.191797 0.136111 0.010156 0.041667
0 0.209766 0.069444 0.011719 0.041667
0 0.196484 0.251389 0.008594 0.041667
0 0.177734 0.360417 0.008594 0.029167
0 0.499609 0.976389 0.017969 0.016667
0 0.496875 0.954167 0.025000 0.019444
1 0.500391 0.881250 0.050781 0.023611
1 0.499609 0.809722 0.049219 0.019444
1 0.497656 0.761111 0.053125 0.019444
0 0.507031 0.782639 0.017188 0.015278
0 0.483203 0.711806 0.022656 0.023611
0 0.507422 0.710417 0.021094 0.018056
0 0.504687 0.688194 0.021875 0.018056
1 0.494531 0.663194 0.053125 0.023611
0 0.405859 0.612500 0.010156 0.033333
0 0.508984 0.524306 0.010156 0.037500
0 0.507813 0.481944 0.009375 0.036111
0 0.519531 0.451389 0.007813 0.044444
0 0.524219 0.500694 0.009375 0.037500
1 0.603906 0.654167 0.050000 0.022222
1 0.605078 0.629167 0.052344 0.022222
0 0.092188 0.489583 0.025000 0.020833
0 0.598437 0.795139 0.021875 0.018056
0 0.604688 0.770139 0.020312 0.018056
0 0.598437 0.750000 0.021875 0.019444
0 0.603125 0.723611 0.023438 0.016667
0 0.608594 0.701389 0.021875 0.022222
0 0.849219 0.231944 0.018750 0.036111
1 0.603906 0.606250 0.051562 0.023611
1 0.603516 0.582639 0.052344 0.026389
1 0.603906 0.557639 0.051562 0.020833
1 0.603125 0.530556 0.051562 0.019444
1 0.600391 0.509028 0.049219 0.023611
0 0.604688 0.429861 0.020312 0.020833
0 0.589844 0.405556 0.021875 0.013889
0 0.588672 0.379167 0.022656 0.019444
2 0.590234 0.356250 0.022656 0.018056
0 0.589844 0.336806 0.018750 0.018056
0 0.589453 0.315972 0.021094 0.023611
0 0.519141 0.954861 0.019531 0.018056
