0 0.164063 0.152778 0.009375 0.041667
0 0.160547 0.259028 0.008594 0.043056
1 0.142188 0.346528 0.018750 0.087500
0 0.154687 0.407639 0.009375 0.040278
0 0.148438 0.597222 0.009375 0.036111
0 0.142969 0.724306 0.009375 0.043056
0 0.139453 0.875694 0.011719 0.037500
0 0.172656 0.644444 0.010937 0.038889
0 0.403516 0.521528 0.010156 0.037500
0 0.491016 0.862500 0.022656 0.019444
0 0.494922 0.887500 0.017969 0.016667
0 0.502734 0.934028 0.021094 0.018056
0 0.514453 0.865972 0.019531 0.020833
1 0.608594 0.977778 0.050000 0.022222
0 0.607031 0.931250 0.018750 0.020833
0 0.593750 0.710417 0.020312 0.018056
0 0.600391 0.684722 0.019531 0.016667
0 0.594531 0.662500 0.021875 0.016667
0 0.599609 0.636806 0.021094 0.015278
0 0.605078 0.614583 0.024219 0.018056
1 0.601953 0.570139 0.047656 0.023611
1 0.602734 0.544444 0.050781 0.022222
1 0.602344 0.520833 0.053125 0.022222
1 0.601563 0.495139 0.051562 0.026389
1 0.601172 0.469444 0.052344 0.019444
1 0.600000 0.447222 0.051562 0.016667
1 0.598828 0.422222 0.047656 0.022222
1 0.496094 0.792361 0.051562 0.023611
1 0.494922 0.721528 0.052344 0.026389
0 0.503906 0.694444 0.020312 0.016667
1 0.494922 0.674306 0.052344 0.020833
0 0.480469 0.621528 0.020312 0.018056
0 0.502344 0.600694 0.023438 0.018056
0 0.503516 0.621528 0.022656 0.015278
1 0.491797 0.574306 0.052344 0.020833
0 0.507031 0.437500 0.009375 0.036111
0 0.505859 0.397917 0.008594 0.043056
0 0.517969 0.365278 0.009375 0.038889
0 0.522266 0.419444 0.010156 0.041667
0 0.602344 0.345833 0.020312 0.019444
0 0.587109 0.322222 0.022656 0.022222
0 0.586719 0.295139 0.023438 0.018056
2 0.589063 0.271528 0.025000 0.020833
0 0.588281 0.250000 0.021875 0.019444
0 0.587500 0.228472 0.021875 0.020833
0 0.850000 0.148611 0.020312 0.033333
