0 0.162891 0.152083 0.008594 0.043056
0 0.160156 0.261111 0.009375 0.041667
0 0.151953 0.422222 0.008594 0.036111
0 0.177344 0.482639 0.010937 0.037500
0 0.146484 0.629861 0.010156 0.040278
0 0.140625 0.904167 0.012500 0.038889
0 0.141406 0.751389 0.010937 0.041667
1 0.141016 0.363194 0.016406 0.090278
0 0.519141 0.295139 0.008594 0.040278
0 0.506250 0.329167 0.010937 0.038889
0 0.507422 0.370139 0.010156 0.040278
0 0.523047 0.347917 0.010156 0.043056
0 0.503516 0.866667 0.022656 0.019444
0 0.496094 0.819444 0.018750 0.019444
0 0.492578 0.796528 0.022656 0.020833
0 0.516406 0.797917 0.021875 0.023611
1 0.496484 0.725694 0.052344 0.023611
1 0.496484 0.651389 0.052344 0.025000
0 0.503125 0.627083 0.021875 0.015278
1 0.494922 0.603472 0.052344 0.023611
0 0.481250 0.557639 0.023438 0.018056
0 0.502734 0.533333 0.021094 0.013889
0 0.505078 0.555556 0.022656 0.016667
1 0.493750 0.506944 0.053125 0.025000
1 0.608203 0.961806 0.052344 0.023611
0 0.596484 0.936111 0.021094 0.019444
1 0.608984 0.911806 0.052344 0.023611
0 0.608594 0.864583 0.021875 0.020833
0 0.595703 0.640972 0.021094 0.020833
0 0.602734 0.618750 0.022656 0.018056
0 0.595703 0.595139 0.024219 0.018056
0 0.600000 0.571528 0.023438 0.023611
0 0.606250 0.546528 0.023438 0.018056
1 0.602344 0.498611 0.050000 0.022222
1 0.603906 0.477083 0.053125 0.023611
1 0.602734 0.452083 0.053906 0.023611
1 0.603125 0.426389 0.051562 0.022222
1 0.601563 0.402083 0.051562 0.023611
1 0.601563 0.379167 0.053125 0.022222
1 0.599219 0.354167 0.050000 0.022222
0 0.604297 0.277083 0.021094 0.018056
0 0.589063 0.252778 0.023438 0.016667
0 0.588281 0.227083 0.021875 0.015278
2 0.589453 0.200694 0.024219 0.018056
0 0.589063 0.181250 0.021875 0.018056
0 0.590234 0.160417 0.022656 0.020833
0 0.850781 0.081250 0.018750 0.034722
0 0.403906 0.455556 0.010937 0.041667
