0 0.096484 0.166667 0.025781 0.027778
0 0.163281 0.136111 0.007813 0.044444
0 0.191016 0.152778 0.011719 0.041667
0 0.159375 0.272917 0.009375 0.043056
1 0.139844 0.385417 0.018750 0.090278
0 0.148438 0.461111 0.012500 0.038889
0 0.146094 0.679861 0.010937 0.040278
0 0.134766 0.814583 0.011719 0.037500
0 0.141406 0.957639 0.010937 0.037500
0 0.175391 0.822917 0.011719 0.045833
0 0.414844 0.885417 0.007813 0.031944
0 0.414453 0.934028 0.008594 0.037500
0 0.413281 0.980556 0.007813 0.038889
1 0.456641 0.960417 0.049219 0.023611
1 0.455859 0.936111 0.050781 0.022222
1 0.455469 0.913889 0.051562 0.022222
1 0.455469 0.886111 0.048437 0.025000
0 0.506250 0.714583 0.021875 0.015278
0 0.450000 0.794444 0.023438 0.019444
0 0.498828 0.668750 0.019531 0.020833
0 0.496094 0.646528 0.021875 0.015278
0 0.518750 0.645139 0.023438 0.018056
1 0.499219 0.572917 0.051562 0.026389
1 0.500391 0.499306 0.050781 0.020833
0 0.507422 0.476389 0.021094 0.013889
1 0.498047 0.450694 0.052344 0.020833
0 0.484766 0.403472 0.021094 0.018056
0 0.507422 0.379861 0.024219 0.020833
0 0.508984 0.404167 0.021094 0.016667
1 0.497266 0.354167 0.053906 0.027778
0 0.512109 0.218056 0.010156 0.036111
0 0.511719 0.178472 0.009375 0.043056
0 0.523438 0.143750 0.009375 0.045833
0 0.526563 0.198611 0.010937 0.044444
0 0.592969 0.029861 0.021875 0.020833
2 0.595312 0.050000 0.023438 0.019444
0 0.592969 0.074306 0.021875 0.023611
0 0.592578 0.100000 0.022656 0.019444
0 0.608203 0.127083 0.019531 0.018056
1 0.604297 0.200000 0.049219 0.025000
1 0.606250 0.222222 0.050000 0.019444
1 0.606641 0.250000 0.052344 0.025000
1 0.606641 0.274306 0.050781 0.023611
1 0.607031 0.299306 0.050000 0.020833
1 0.606250 0.323611 0.051562 0.022222
1 0.605859 0.350000 0.047656 0.027778
0 0.608594 0.394444 0.020312 0.016667
0 0.603125 0.418750 0.023438 0.018056
0 0.599219 0.443056 0.021875 0.022222
0 0.605859 0.466667 0.021094 0.016667
0 0.598828 0.489583 0.019531 0.020833
0 0.611719 0.711111 0.021875 0.019444
1 0.612500 0.759722 0.051562 0.019444
0 0.600000 0.780556 0.021875 0.019444
1 0.610547 0.811111 0.053906 0.022222
1 0.611719 0.856944 0.053125 0.025000
0 0.607813 0.879167 0.020312 0.019444
1 0.610937 0.954861 0.053125 0.029167
0 0.600000 0.974306 0.020312 0.018056
