0 0.157031 0.138889 0.009375 0.041667
0 0.180469 0.215972 0.012500 0.040278
0 0.152344 0.297222 0.009375 0.038889
1 0.134766 0.434722 0.016406 0.086111
0 0.144141 0.533333 0.010156 0.047222
0 0.143750 0.756944 0.009375 0.036111
0 0.125781 0.915278 0.009375 0.033333
0 0.170312 0.933333 0.012500 0.033333
0 0.414844 0.928472 0.009375 0.037500
0 0.416797 0.883333 0.008594 0.036111
0 0.416406 0.828472 0.007813 0.037500
0 0.416797 0.776389 0.008594 0.047222
0 0.417188 0.728472 0.009375 0.037500
0 0.417969 0.635417 0.007813 0.031944
0 0.417188 0.683333 0.009375 0.038889
1 0.474219 0.971528 0.050000 0.023611
0 0.513281 0.946528 0.009375 0.043056
0 0.482422 0.945833 0.022656 0.016667
1 0.473047 0.925000 0.050781 0.022222
1 0.473047 0.900694 0.050781 0.020833
1 0.471484 0.875694 0.049219 0.020833
0 0.467578 0.849306 0.022656 0.020833
1 0.460938 0.827778 0.050000 0.022222
1 0.458984 0.804167 0.050781 0.019444
1 0.459766 0.781250 0.052344 0.020833
0 0.473437 0.752778 0.021875 0.016667
1 0.458594 0.708333 0.050000 0.022222
1 0.459375 0.683333 0.050000 0.019444
1 0.458984 0.659722 0.052344 0.019444
1 0.458984 0.636806 0.050781 0.026389
0 0.453516 0.546528 0.021094 0.018056
0 0.510156 0.465278 0.023438 0.016667
0 0.502734 0.418056 0.019531 0.019444
0 0.499609 0.392361 0.022656 0.018056
0 0.522656 0.395139 0.021875 0.020833
1 0.503906 0.320139 0.048437 0.020833
1 0.503125 0.245833 0.051562 0.022222
0 0.512109 0.224306 0.021094 0.015278
1 0.501953 0.197917 0.050781 0.023611
0 0.488672 0.152083 0.021094 0.020833
0 0.510938 0.128472 0.021875 0.018056
0 0.512891 0.151389 0.022656 0.016667
1 0.501562 0.099306 0.053125 0.026389
1 0.610156 0.021528 0.050000 0.023611
1 0.610937 0.043750 0.051562 0.018056
1 0.611328 0.070139 0.050781 0.020833
1 0.609766 0.094444 0.047656 0.027778
0 0.614062 0.143056 0.017188 0.013889
0 0.607031 0.166667 0.021875 0.016667
0 0.603516 0.192361 0.024219 0.020833
0 0.608203 0.215972 0.021094 0.018056
0 0.601172 0.240278 0.022656 0.019444
0 0.615234 0.461111 0.019531 0.022222
1 0.615625 0.505556 0.051562 0.022222
0 0.602734 0.531944 0.019531 0.016667
1 0.615234 0.556944 0.050781 0.022222
1 0.614844 0.604861 0.053125 0.029167
0 0.612500 0.628472 0.021875 0.018056
1 0.614062 0.703472 0.050000 0.026389
1 0.616016 0.750000 0.049219 0.022222
0 0.602734 0.725000 0.019531 0.016667
1 0.614844 0.773611 0.050000 0.022222
1 0.615234 0.822222 0.052344 0.022222
0 0.609766 0.865972 0.022656 0.018056
0 0.597656 0.890278 0.021875 0.016667
1 0.613672 0.918056 0.050781 0.022222
1 0.614453 0.940972 0.050781 0.020833
1 0.614453 0.965972 0.052344 0.020833
