0 0.148438 0.159028 0.009375 0.043056
0 0.145703 0.330556 0.010156 0.041667
1 0.131641 0.488194 0.016406 0.084722
0 0.139844 0.584722 0.010937 0.036111
0 0.169922 0.595139 0.008594 0.034722
0 0.136328 0.808333 0.010156 0.038889
0 0.498828 0.215278 0.022656 0.019444
0 0.502734 0.239583 0.017969 0.020833
0 0.510156 0.288194 0.021875 0.020833
0 0.523828 0.218750 0.021094 0.020833
0 0.615625 0.284028 0.020312 0.018056
0 0.602734 0.060417 0.017969 0.020833
0 0.609766 0.034028 0.021094 0.018056
1 0.503125 0.020139 0.051562 0.020833
0 0.510547 0.044444 0.021094 0.016667
1 0.505078 0.067361 0.050781 0.023611
1 0.504297 0.140278 0.050781 0.027778
0 0.455078 0.365972 0.021094 0.012500
0 0.418359 0.456944 0.010156 0.033333
0 0.417578 0.506944 0.008594 0.033333
0 0.417578 0.549306 0.008594 0.040278
0 0.416016 0.598611 0.010156 0.038889
0 0.416406 0.650000 0.010937 0.038889
0 0.417188 0.704861 0.009375 0.037500
0 0.415625 0.750694 0.009375 0.043056
0 0.416016 0.800694 0.008594 0.040278
0 0.414453 0.881250 0.008594 0.043056
0 0.514453 0.840972 0.008594 0.034722
0 0.514453 0.772917 0.010156 0.043056
0 0.482812 0.769444 0.018750 0.019444
0 0.480859 0.868056 0.049219 0.016667
0 0.475781 0.844444 0.051562 0.025000
0 0.475391 0.818750 0.050781 0.020833
0 0.474609 0.793750 0.052344 0.020833
1 0.473047 0.748611 0.052344 0.022222
1 0.473047 0.722917 0.052344 0.023611
1 0.473047 0.700694 0.052344 0.020833
0 0.467187 0.675694 0.021875 0.018056
1 0.462500 0.650694 0.051562 0.020833
1 0.459375 0.628472 0.051562 0.020833
1 0.460938 0.603472 0.053125 0.020833
0 0.473828 0.579167 0.024219 0.019444
1 0.460547 0.533333 0.049219 0.025000
1 0.459375 0.507639 0.048437 0.023611
1 0.458594 0.481944 0.051562 0.022222
1 0.458594 0.459722 0.051562 0.022222
1 0.613281 0.979167 0.051562 0.022222
1 0.613672 0.956250 0.052344 0.020833
1 0.613281 0.935417 0.053125 0.026389
0 0.604688 0.907639 0.025000 0.015278
0 0.603516 0.886806 0.024219 0.018056
1 0.614453 0.861806 0.050781 0.023611
1 0.614453 0.838194 0.050781 0.023611
1 0.613672 0.812500 0.053906 0.025000
1 0.614062 0.786806 0.051562 0.023611
1 0.612891 0.763194 0.052344 0.020833
1 0.614453 0.740278 0.053906 0.025000
0 0.599219 0.713889 0.021875 0.013889
0 0.610547 0.689583 0.024219 0.020833
1 0.616406 0.647222 0.053125 0.022222
1 0.615234 0.597222 0.052344 0.025000
1 0.615625 0.571528 0.051562 0.023611
1 0.616016 0.525694 0.052344 0.029167
0 0.604297 0.547917 0.017969 0.015278
0 0.612891 0.450694 0.019531 0.018056
1 0.615625 0.426389 0.057813 0.025000
1 0.615625 0.379861 0.053125 0.023611
0 0.604688 0.355556 0.020312 0.019444
1 0.616406 0.328472 0.056250 0.020833
