0 0.143750 0.173611 0.009375 0.038889
0 0.138281 0.355556 0.010937 0.038889
0 0.163672 0.424306 0.011719 0.037500
0 0.132422 0.612500 0.011719 0.036111
0 0.129297 0.831944 0.010156 0.036111
0 0.169531 0.825694 0.010937 0.045833
1 0.124609 0.515972 0.017969 0.090278
1 0.328125 0.904861 0.053125 0.026389
0 0.411719 0.891667 0.010937 0.038889
0 0.405859 0.933333 0.019531 0.019444
1 0.421875 0.977778 0.053125 0.027778
0 0.410156 0.950000 0.017188 0.013889
0 0.410547 0.789583 0.011719 0.040278
0 0.412109 0.710417 0.010156 0.040278
0 0.413281 0.661111 0.010937 0.036111
0 0.413281 0.615972 0.009375 0.037500
0 0.412891 0.558333 0.008594 0.038889
0 0.413281 0.506944 0.010937 0.036111
0 0.414453 0.456250 0.010156 0.031944
1 0.501953 0.049306 0.050781 0.020833
0 0.497656 0.125000 0.023438 0.022222
0 0.520703 0.130556 0.021094 0.019444
0 0.500000 0.150694 0.020312 0.018056
0 0.508203 0.198611 0.022656 0.019444
0 0.451953 0.278472 0.021094 0.020833
1 0.455859 0.368056 0.050781 0.022222
1 0.456641 0.393750 0.050781 0.020833
1 0.456250 0.418056 0.050000 0.022222
1 0.455859 0.441667 0.050781 0.013889
0 0.470703 0.488194 0.021094 0.020833
1 0.456641 0.513194 0.050781 0.018056
1 0.455859 0.539583 0.050781 0.020833
1 0.457422 0.561806 0.049219 0.020833
0 0.463281 0.584722 0.021875 0.013889
1 0.470313 0.609722 0.050000 0.019444
1 0.468750 0.631944 0.050000 0.016667
1 0.469922 0.657639 0.052344 0.020833
0 0.479297 0.680556 0.022656 0.019444
0 0.511328 0.686806 0.010156 0.040278
0 0.512109 0.754861 0.010156 0.037500
1 0.469141 0.706944 0.049219 0.022222
1 0.471875 0.731250 0.051562 0.023611
1 0.472266 0.755556 0.052344 0.019444
1 0.476563 0.779861 0.050000 0.020833
1 0.611719 0.845139 0.054688 0.020833
1 0.610156 0.917361 0.048437 0.023611
1 0.610156 0.891667 0.053125 0.022222
1 0.609766 0.870833 0.052344 0.022222
0 0.502734 0.814583 0.021094 0.029167
0 0.601563 0.819444 0.026563 0.019444
0 0.598437 0.796528 0.021875 0.015278
1 0.611328 0.773611 0.052344 0.019444
1 0.610937 0.749306 0.051562 0.020833
1 0.611328 0.724306 0.052344 0.020833
1 0.611719 0.701389 0.051562 0.022222
1 0.610156 0.678472 0.053125 0.023611
1 0.610937 0.652083 0.054688 0.023611
0 0.596484 0.627778 0.021094 0.016667
0 0.607031 0.604861 0.025000 0.018056
1 0.612109 0.558333 0.052344 0.025000
1 0.611719 0.507639 0.051562 0.023611
1 0.612500 0.481944 0.051562 0.022222
0 0.601563 0.459028 0.020312 0.018056
1 0.612500 0.436806 0.054688 0.023611
0 0.610156 0.361806 0.020312 0.018056
1 0.612500 0.338889 0.053125 0.022222
1 0.612500 0.290972 0.051562 0.020833
0 0.601172 0.265972 0.022656 0.015278
1 0.613281 0.240972 0.053125 0.023611
0 0.612891 0.194444 0.021094 0.022222
