0 0.174219 0.086111 0.010937 0.041667
0 0.168359 0.179167 0.010156 0.041667
0 0.164063 0.296528 0.012500 0.045833
0 0.148047 0.449306 0.011719 0.040278
0 0.157031 0.512500 0.010937 0.041667
0 0.150391 0.672917 0.008594 0.034722
0 0.145313 0.904167 0.009375 0.041667
0 0.183594 0.263194 0.010937 0.034722
0 0.203516 0.156944 0.011719 0.047222
0 0.405469 0.610417 0.010937 0.040278
0 0.520703 0.450000 0.010156 0.038889
0 0.508203 0.483333 0.008594 0.038889
0 0.509375 0.522917 0.010937 0.037500
0 0.524219 0.506944 0.009375 0.044444
0 0.589063 0.314583 0.020312 0.020833
0 0.588672 0.334722 0.021094 0.019444
2 0.589844 0.354861 0.021875 0.018056
0 0.588281 0.379167 0.021875 0.013889
0 0.589063 0.404861 0.023438 0.018056
0 0.605469 0.429861 0.020312 0.020833
1 0.600781 0.508333 0.050000 0.022222
1 0.603516 0.530556 0.050781 0.022222
1 0.604688 0.556944 0.051562 0.022222
1 0.605078 0.582639 0.053906 0.023611
1 0.604688 0.607639 0.051562 0.020833
1 0.605859 0.631250 0.050781 0.023611
1 0.605859 0.655556 0.050781 0.025000
1 0.495313 0.660417 0.053125 0.020833
0 0.505859 0.689583 0.024219 0.020833
0 0.483203 0.711111 0.019531 0.022222
0 0.507422 0.709722 0.021094 0.019444
1 0.496875 0.761806 0.054688 0.020833
0 0.507422 0.784028 0.021094 0.015278
1 0.500391 0.809722 0.050781 0.019444
1 0.500000 0.882639 0.053125 0.020833
0 0.496484 0.952083 0.024219 0.020833
0 0.521875 0.956944 0.020312 0.019444
0 0.498437 0.975694 0.021875 0.015278
0 0.598828 0.794444 0.019531 0.016667
0 0.604297 0.771528 0.021094 0.015278
0 0.599219 0.749306 0.025000 0.020833
0 0.603906 0.722222 0.021875 0.016667
0 0.609766 0.700694 0.022656 0.020833
0 0.094141 0.489583 0.022656 0.020833
