0 0.132031 0.199306 0.009375 0.045833
0 0.153516 0.254167 0.011719 0.038889
0 0.126953 0.378472 0.010156 0.040278
0 0.163281 0.634722 0.010937 0.041667
0 0.121094 0.647222 0.009375 0.036111
1 0.112109 0.554167 0.017969 0.086111
0 0.118750 0.858333 0.009375 0.038889
1 0.234375 0.929167 0.054688 0.022222
1 0.235156 0.974306 0.053125 0.026389
1 0.319141 0.816667 0.052344 0.022222
0 0.319531 0.901389 0.020312 0.019444
0 0.320313 0.925000 0.021875 0.019444
0 0.321094 0.945833 0.023438 0.016667
0 0.319141 0.965972 0.016406 0.020833
0 0.319922 0.987500 0.021094 0.016667
1 0.412891 0.965278 0.053906 0.033333
1 0.412109 0.918056 0.052344 0.022222
1 0.412891 0.890278 0.052344 0.025000
0 0.399609 0.861111 0.016406 0.016667
0 0.397656 0.842361 0.021875 0.015278
0 0.403125 0.804167 0.009375 0.038889
0 0.403125 0.703472 0.009375 0.040278
0 0.403125 0.622917 0.010937 0.040278
0 0.404297 0.572917 0.010156 0.037500
0 0.404687 0.529167 0.009375 0.041667
0 0.404687 0.474306 0.009375 0.037500
0 0.404297 0.423611 0.010156 0.038889
0 0.405078 0.374306 0.008594 0.037500
0 0.406250 0.330556 0.009375 0.041667
0 0.406250 0.286806 0.010937 0.034722
1 0.468750 0.689583 0.050000 0.020833
1 0.463281 0.668750 0.051562 0.020833
1 0.462109 0.642361 0.050781 0.018056
1 0.462500 0.619444 0.050000 0.019444
0 0.471875 0.594444 0.021875 0.019444
1 0.461328 0.571528 0.050781 0.020833
1 0.461719 0.548611 0.050000 0.022222
1 0.460547 0.522917 0.052344 0.018056
0 0.455078 0.499306 0.022656 0.018056
1 0.450391 0.476389 0.052344 0.022222
1 0.448438 0.451389 0.051562 0.022222
1 0.446875 0.427778 0.050000 0.016667
0 0.462109 0.403472 0.022656 0.018056
1 0.448438 0.356944 0.051562 0.022222
1 0.448047 0.330556 0.049219 0.019444
1 0.447656 0.308333 0.050000 0.019444
1 0.446875 0.282639 0.050000 0.026389
0 0.443359 0.189583 0.022656 0.020833
0 0.499219 0.111806 0.021875 0.023611
0 0.489062 0.040278 0.025000 0.019444
0 0.492969 0.065278 0.021875 0.013889
0 0.512891 0.041667 0.021094 0.019444
0 0.604688 0.110417 0.020312 0.018056
1 0.605859 0.152083 0.052344 0.026389
0 0.592188 0.181250 0.020312 0.020833
1 0.603906 0.202083 0.053125 0.020833
1 0.603125 0.253472 0.051562 0.026389
0 0.601953 0.277083 0.021094 0.015278
1 0.602734 0.350694 0.053906 0.023611
0 0.592578 0.373611 0.019531 0.019444
1 0.605469 0.399306 0.050000 0.018056
1 0.602344 0.421528 0.053125 0.023611
1 0.603906 0.472917 0.056250 0.026389
0 0.598047 0.515972 0.024219 0.015278
0 0.587891 0.541667 0.019531 0.016667
1 0.601563 0.566667 0.054688 0.019444
1 0.602734 0.589583 0.049219 0.020833
1 0.603125 0.612500 0.051562 0.019444
1 0.602344 0.636806 0.053125 0.020833
1 0.602734 0.662500 0.053906 0.019444
1 0.602734 0.686806 0.050781 0.020833
0 0.591797 0.711806 0.022656 0.015278
0 0.594141 0.735417 0.024219 0.018056
1 0.601563 0.757639 0.051562 0.023611
1 0.600781 0.783333 0.053125 0.019444
1 0.601172 0.806250 0.052344 0.020833
1 0.600000 0.830556 0.054688 0.016667
1 0.601172 0.922917 0.050781 0.026389
1 0.601953 0.972222 0.053906 0.027778
