0 0.112109 0.250000 0.011719 0.038889
0 0.152344 0.254167 0.010937 0.041667
0 0.106641 0.439583 0.010156 0.043056
0 0.145703 0.604861 0.011719 0.037500
0 0.102734 0.706944 0.010156 0.041667
0 0.100391 0.895139 0.011719 0.040278
0 0.068359 0.845139 0.011719 0.031944
1 0.091016 0.629167 0.017969 0.083333
1 0.220313 0.747917 0.057813 0.020833
1 0.221094 0.795139 0.057813 0.020833
1 0.221484 0.845139 0.057031 0.026389
0 0.305078 0.873611 0.022656 0.019444
0 0.306250 0.850694 0.023438 0.018056
0 0.306641 0.828472 0.022656 0.018056
0 0.305078 0.806250 0.021094 0.020833
0 0.304688 0.784722 0.018750 0.016667
0 0.307031 0.768056 0.025000 0.019444
0 0.306250 0.744444 0.020312 0.019444
0 0.305078 0.723611 0.022656 0.022222
1 0.304297 0.636111 0.055469 0.025000
0 0.395312 0.952778 0.025000 0.022222
1 0.396875 0.884028 0.053125 0.029167
1 0.395312 0.858333 0.053125 0.022222
1 0.396875 0.811111 0.053125 0.022222
1 0.397656 0.784722 0.051562 0.027778
1 0.397266 0.736806 0.052344 0.020833
1 0.397656 0.709722 0.051562 0.022222
0 0.385547 0.680556 0.016406 0.016667
0 0.383594 0.663194 0.023438 0.018056
0 0.389062 0.625000 0.010937 0.036111
0 0.388281 0.525000 0.010937 0.041667
0 0.389062 0.443056 0.009375 0.038889
0 0.390625 0.393056 0.009375 0.036111
0 0.390625 0.350000 0.009375 0.038889
0 0.390234 0.295139 0.011719 0.034722
0 0.389844 0.245833 0.010937 0.036111
0 0.390625 0.193056 0.009375 0.033333
0 0.391797 0.154861 0.008594 0.040278
0 0.392188 0.106250 0.009375 0.029167
1 0.433984 0.103472 0.053906 0.026389
1 0.434375 0.131250 0.053125 0.029167
1 0.434766 0.154861 0.050781 0.018056
1 0.433984 0.175000 0.049219 0.016667
0 0.448047 0.227083 0.021094 0.020833
1 0.433594 0.250000 0.051562 0.019444
1 0.433984 0.274306 0.052344 0.023611
1 0.435937 0.298611 0.050000 0.025000
0 0.441797 0.325000 0.021094 0.019444
1 0.444922 0.347222 0.052344 0.022222
1 0.447656 0.370833 0.051562 0.019444
1 0.447266 0.393056 0.052344 0.022222
0 0.457422 0.420139 0.022656 0.018056
0 0.488281 0.420833 0.010937 0.033333
0 0.488672 0.492361 0.010156 0.043056
1 0.446875 0.443750 0.053125 0.023611
1 0.449609 0.465972 0.050781 0.018056
1 0.450000 0.489583 0.050000 0.020833
1 0.455078 0.513889 0.050781 0.019444
0 0.479688 0.554861 0.021875 0.029167
1 0.582031 0.939583 0.053125 0.020833
1 0.586719 0.916667 0.051562 0.025000
1 0.587500 0.869444 0.051562 0.019444
1 0.586719 0.843750 0.050000 0.026389
1 0.587891 0.794444 0.053906 0.030556
1 0.587500 0.750000 0.054688 0.022222
1 0.586328 0.651389 0.053906 0.019444
1 0.587891 0.628472 0.055469 0.020833
1 0.587109 0.605556 0.052344 0.022222
1 0.587109 0.583333 0.052344 0.022222
0 0.578906 0.556250 0.021875 0.018056
0 0.576563 0.534028 0.023438 0.015278
1 0.588672 0.509028 0.050781 0.020833
1 0.588281 0.485417 0.050000 0.023611
1 0.589063 0.461111 0.051562 0.019444
1 0.588281 0.438194 0.053125 0.020833
1 0.589063 0.412500 0.051562 0.025000
1 0.589063 0.388194 0.054688 0.020833
0 0.573828 0.365278 0.021094 0.013889
0 0.584375 0.340972 0.021875 0.018056
1 0.590625 0.294444 0.054688 0.027778
1 0.589453 0.242361 0.052344 0.026389
1 0.589844 0.218750 0.053125 0.023611
0 0.578125 0.195833 0.020312 0.013889
1 0.589844 0.170833 0.053125 0.022222
0 0.589063 0.100000 0.020312 0.022222
1 0.589844 0.073611 0.053125 0.025000
1 0.589844 0.027778 0.053125 0.025000
