0 0.149219 0.066667 0.010937 0.044444
0 0.105469 0.286806 0.010937 0.043056
0 0.100000 0.466667 0.012500 0.047222
1 0.084766 0.664583 0.016406 0.084722
0 0.096094 0.736806 0.012500 0.040278
0 0.064453 0.759028 0.010156 0.040278
0 0.062891 0.922222 0.010156 0.033333
0 0.063281 0.971528 0.012500 0.034722
0 0.095312 0.909722 0.009375 0.038889
0 0.144922 0.396528 0.010156 0.040278
1 0.215625 0.656250 0.056250 0.020833
1 0.216797 0.702778 0.057031 0.025000
1 0.215234 0.754167 0.053906 0.027778
0 0.301172 0.781250 0.022656 0.020833
0 0.301953 0.759722 0.022656 0.019444
0 0.301953 0.734722 0.022656 0.019444
0 0.300781 0.712500 0.023438 0.019444
0 0.299609 0.695139 0.019531 0.015278
0 0.302344 0.675694 0.021875 0.015278
0 0.301953 0.654861 0.022656 0.015278
0 0.300781 0.629167 0.021875 0.022222
1 0.300391 0.541667 0.053906 0.025000
1 0.394531 0.966667 0.051562 0.027778
1 0.394141 0.937500 0.055469 0.027778
0 0.392969 0.861806 0.025000 0.018056
1 0.393750 0.792361 0.051562 0.023611
1 0.392969 0.769444 0.051562 0.019444
1 0.394141 0.718750 0.052344 0.020833
1 0.392969 0.691667 0.051562 0.022222
1 0.393750 0.642361 0.053125 0.020833
1 0.393750 0.619444 0.053125 0.025000
0 0.382813 0.588194 0.015625 0.018056
0 0.379297 0.570139 0.022656 0.015278
0 0.384766 0.534028 0.008594 0.040278
0 0.384766 0.353472 0.010156 0.048611
0 0.383594 0.431250 0.010937 0.037500
0 0.385547 0.259028 0.008594 0.037500
0 0.386328 0.204861 0.008594 0.037500
0 0.386328 0.155556 0.010156 0.036111
0 0.387500 0.104167 0.009375 0.036111
0 0.387891 0.063194 0.010156 0.034722
1 0.430469 0.014583 0.054688 0.026389
1 0.431250 0.041667 0.053125 0.022222
1 0.431641 0.065972 0.052344 0.023611
1 0.429688 0.090972 0.050000 0.020833
0 0.444531 0.136111 0.023438 0.016667
1 0.429297 0.161806 0.050781 0.020833
1 0.429688 0.184028 0.051562 0.018056
1 0.431250 0.210417 0.050000 0.023611
0 0.437500 0.234028 0.021875 0.015278
1 0.441797 0.255556 0.050781 0.022222
1 0.444141 0.281944 0.052344 0.022222
1 0.444531 0.305556 0.054688 0.027778
0 0.453516 0.331944 0.021094 0.019444
0 0.484375 0.335417 0.010937 0.043056
0 0.483984 0.400694 0.013281 0.043056
1 0.444141 0.354167 0.050781 0.022222
1 0.444141 0.375694 0.049219 0.015278
1 0.446094 0.400000 0.053125 0.022222
1 0.451172 0.429167 0.052344 0.022222
1 0.577734 0.854167 0.053906 0.027778
1 0.582422 0.826389 0.055469 0.025000
1 0.584766 0.780556 0.055469 0.025000
1 0.583203 0.756944 0.050781 0.022222
1 0.584375 0.707639 0.051562 0.023611
1 0.583594 0.661806 0.053125 0.023611
1 0.583203 0.565278 0.052344 0.025000
1 0.582812 0.539583 0.054688 0.023611
1 0.583203 0.516667 0.052344 0.022222
1 0.583984 0.490972 0.052344 0.018056
0 0.575781 0.465972 0.023438 0.015278
0 0.573047 0.444444 0.021094 0.013889
1 0.585547 0.419444 0.052344 0.022222
1 0.585156 0.395139 0.050000 0.020833
1 0.585938 0.372222 0.053125 0.022222
1 0.585547 0.347222 0.050781 0.025000
1 0.585938 0.322917 0.053125 0.023611
1 0.583984 0.300000 0.055469 0.022222
0 0.569922 0.275694 0.021094 0.015278
0 0.580859 0.249306 0.022656 0.018056
1 0.586719 0.204861 0.053125 0.020833
1 0.586328 0.156250 0.050781 0.026389
1 0.586719 0.129861 0.050000 0.023611
0 0.575781 0.106250 0.020312 0.018056
1 0.586719 0.081250 0.053125 0.026389
