0 0.092578 0.386111 0.010156 0.041667
0 0.092188 0.552083 0.009375 0.040278
1 0.082031 0.729167 0.018750 0.086111
0 0.101563 0.819444 0.009375 0.044444
0 0.096094 0.938194 0.010937 0.040278
0 0.064453 0.912500 0.011719 0.025000
0 0.060156 0.714583 0.010937 0.034722
0 0.061328 0.661111 0.008594 0.038889
0 0.056250 0.477778 0.003125 0.002778
0 0.061719 0.497222 0.010937 0.036111
1 0.212109 0.381250 0.058594 0.023611
1 0.214453 0.435417 0.055469 0.023611
1 0.213281 0.484028 0.054688 0.026389
0 0.232422 0.824306 0.022656 0.015278
0 0.232812 0.847222 0.018750 0.016667
0 0.202344 0.847917 0.021875 0.018056
0 0.202734 0.895833 0.024219 0.022222
0 0.201953 0.920139 0.022656 0.018056
0 0.272656 0.975000 0.023438 0.022222
0 0.271875 0.944444 0.009375 0.030556
0 0.281641 0.943056 0.011719 0.030556
0 0.308594 0.968056 0.026563 0.022222
0 0.276953 0.833333 0.010156 0.038889
0 0.287109 0.833333 0.010156 0.038889
0 0.299219 0.530556 0.020312 0.019444
0 0.300000 0.511806 0.021875 0.015278
0 0.300000 0.489583 0.021875 0.020833
0 0.300000 0.465972 0.021875 0.020833
0 0.298438 0.445833 0.021875 0.013889
0 0.298828 0.425694 0.016406 0.020833
0 0.300000 0.402083 0.021875 0.015278
0 0.300000 0.384028 0.021875 0.020833
0 0.298828 0.360417 0.021094 0.018056
1 0.297656 0.270833 0.053125 0.022222
0 0.383594 0.030556 0.009375 0.038889
0 0.382813 0.081250 0.010937 0.043056
0 0.381250 0.161806 0.009375 0.045833
0 0.381641 0.261111 0.010156 0.041667
0 0.378516 0.300000 0.021094 0.019444
0 0.380469 0.318056 0.015625 0.019444
1 0.390625 0.344444 0.053125 0.022222
1 0.390625 0.371528 0.053125 0.020833
1 0.391406 0.420139 0.053125 0.023611
1 0.391016 0.447222 0.052344 0.022222
1 0.392188 0.495833 0.053125 0.019444
1 0.391406 0.520139 0.053125 0.020833
0 0.389844 0.593056 0.023438 0.019444
1 0.392188 0.666667 0.054688 0.027778
1 0.392969 0.691667 0.053125 0.025000
1 0.392188 0.718750 0.053125 0.020833
1 0.389453 0.742361 0.053906 0.023611
1 0.390234 0.768056 0.053906 0.022222
1 0.388281 0.815278 0.051562 0.025000
1 0.387500 0.841667 0.051562 0.022222
0 0.391016 0.933333 0.016406 0.016667
0 0.371875 0.961111 0.021875 0.022222
0 0.373437 0.981250 0.023438 0.018056
1 0.581250 0.972222 0.053125 0.025000
1 0.581250 0.944444 0.054688 0.025000
1 0.581250 0.898611 0.054688 0.019444
1 0.582031 0.873611 0.051562 0.022222
1 0.578125 0.584722 0.053125 0.022222
1 0.582812 0.561111 0.054688 0.022222
1 0.582812 0.511806 0.051562 0.020833
1 0.582422 0.488194 0.052344 0.020833
1 0.583203 0.442361 0.052344 0.023611
1 0.583203 0.394444 0.053906 0.022222
1 0.582031 0.297222 0.053125 0.025000
1 0.582031 0.271528 0.051562 0.023611
1 0.582812 0.247917 0.051562 0.018056
1 0.582812 0.224306 0.051562 0.020833
0 0.573047 0.200694 0.025781 0.018056
0 0.571484 0.179167 0.021094 0.016667
1 0.582812 0.151389 0.051562 0.025000
1 0.583203 0.127083 0.052344 0.023611
1 0.583594 0.102083 0.053125 0.023611
1 0.583203 0.077083 0.050781 0.020833
1 0.583594 0.054861 0.051562 0.020833
1 0.582031 0.031944 0.053125 0.022222
0 0.568750 0.009722 0.018750 0.016667
0 0.482031 0.068750 0.010937 0.043056
0 0.483203 0.141667 0.011719 0.038889
1 0.448828 0.158333 0.052344 0.022222
1 0.443359 0.134028 0.053906 0.018056
1 0.442969 0.109722 0.050000 0.022222
1 0.439844 0.086806 0.048437 0.020833
0 0.451172 0.065972 0.021094 0.015278
1 0.441406 0.038194 0.053125 0.023611
1 0.441406 0.011111 0.050000 0.019444
1 0.388281 0.912500 0.056250 0.025000
