0 0.068750 0.227083 0.010937 0.034722
0 0.066797 0.395833 0.008594 0.036111
0 0.066797 0.445139 0.011719 0.037500
0 0.096094 0.450000 0.009375 0.038889
0 0.099609 0.575000 0.010156 0.038889
0 0.069141 0.643750 0.008594 0.031944
1 0.093359 0.683333 0.017969 0.086111
0 0.075000 0.822917 0.009375 0.034722
0 0.073437 0.890278 0.012500 0.038889
0 0.086719 0.932639 0.007813 0.034722
0 0.106250 0.953472 0.010937 0.037500
0 0.105469 0.884722 0.010937 0.036111
0 0.117578 0.879861 0.011719 0.043056
0 0.142969 0.754861 0.010937 0.037500
0 0.128906 0.616667 0.010937 0.044444
0 0.126563 0.485417 0.009375 0.037500
0 0.136719 0.386806 0.010937 0.037500
1 0.219531 0.105556 0.057813 0.030556
1 0.220703 0.154167 0.057031 0.025000
1 0.219531 0.204861 0.054688 0.026389
0 0.208594 0.570833 0.021875 0.019444
0 0.208984 0.622222 0.022656 0.025000
0 0.208203 0.646528 0.021094 0.018056
0 0.239453 0.571528 0.021094 0.018056
0 0.238281 0.550000 0.023438 0.019444
0 0.279297 0.938889 0.019531 0.022222
0 0.296875 0.922222 0.009375 0.036111
0 0.278906 0.913194 0.021875 0.018056
0 0.279687 0.893056 0.021875 0.022222
0 0.280469 0.866667 0.020312 0.016667
0 0.283594 0.841667 0.020312 0.016667
0 0.280859 0.815972 0.021094 0.018056
0 0.280859 0.793750 0.019531 0.018056
0 0.316797 0.913889 0.021094 0.016667
0 0.315234 0.887500 0.022656 0.019444
0 0.317969 0.867361 0.023438 0.020833
0 0.316797 0.839583 0.021094 0.020833
0 0.312891 0.817361 0.021094 0.018056
0 0.314453 0.797222 0.019531 0.016667
0 0.318750 0.770139 0.025000 0.020833
0 0.316797 0.722222 0.021094 0.016667
0 0.314063 0.693056 0.025000 0.025000
0 0.279687 0.698611 0.021875 0.019444
0 0.280078 0.743750 0.017969 0.020833
0 0.277344 0.672917 0.007813 0.029167
0 0.287891 0.670139 0.008594 0.026389
0 0.282031 0.558333 0.010937 0.036111
0 0.293750 0.559722 0.009375 0.038889
0 0.306250 0.254167 0.021875 0.019444
0 0.305469 0.234722 0.023438 0.019444
0 0.306250 0.213889 0.021875 0.016667
0 0.305859 0.188194 0.019531 0.015278
0 0.305859 0.167361 0.019531 0.018056
0 0.305078 0.146528 0.016406 0.018056
0 0.305469 0.124306 0.023438 0.015278
0 0.305078 0.104167 0.021094 0.019444
0 0.305469 0.082639 0.018750 0.018056
0 0.384766 0.022222 0.021094 0.022222
0 0.388281 0.039583 0.017188 0.015278
1 0.399219 0.061806 0.054688 0.023611
1 0.397266 0.088194 0.053906 0.023611
1 0.396484 0.139583 0.052344 0.023611
1 0.397266 0.164583 0.053906 0.020833
1 0.399219 0.213194 0.054688 0.023611
1 0.397656 0.240278 0.053125 0.025000
0 0.396484 0.315278 0.025781 0.022222
1 0.397656 0.388889 0.051562 0.022222
1 0.398047 0.412500 0.050781 0.025000
1 0.398438 0.437500 0.053125 0.025000
1 0.395312 0.461806 0.051562 0.023611
1 0.396094 0.486806 0.051562 0.026389
1 0.395312 0.538889 0.053125 0.022222
1 0.395703 0.561111 0.052344 0.025000
1 0.393359 0.634722 0.055469 0.025000
0 0.397656 0.656250 0.017188 0.012500
0 0.376172 0.681944 0.021094 0.016667
0 0.378516 0.705556 0.016406 0.025000
0 0.369531 0.739583 0.017188 0.018056
0 0.368359 0.758333 0.017969 0.016667
0 0.369531 0.825000 0.017188 0.019444
1 0.589453 0.988194 0.050781 0.023611
1 0.588281 0.938889 0.050000 0.022222
1 0.585938 0.914583 0.053125 0.026389
1 0.590234 0.843750 0.050781 0.026389
1 0.589063 0.818056 0.051562 0.022222
1 0.589063 0.770833 0.053125 0.022222
1 0.588281 0.745139 0.050000 0.023611
1 0.589844 0.721528 0.053125 0.020833
1 0.587109 0.697917 0.053906 0.023611
1 0.586328 0.674306 0.053906 0.020833
1 0.588281 0.628472 0.054688 0.026389
1 0.587891 0.603472 0.053906 0.023611
1 0.493750 0.266667 0.046875 0.072222
1 0.589453 0.023611 0.050781 0.022222
1 0.588281 0.120139 0.050000 0.026389
1 0.590234 0.168056 0.052344 0.025000
1 0.589453 0.214583 0.049219 0.020833
1 0.588672 0.240972 0.050781 0.023611
1 0.589063 0.288194 0.051562 0.023611
1 0.583203 0.315278 0.053906 0.025000
