0 0.174219 0.040278 0.012500 0.038889
0 0.212891 0.059028 0.011719 0.040278
0 0.188281 0.174306 0.010937 0.029167
0 0.169922 0.136111 0.010156 0.038889
0 0.165234 0.238889 0.011719 0.036111
0 0.162109 0.359722 0.011719 0.038889
0 0.141406 0.540278 0.010937 0.041667
0 0.153516 0.575000 0.008594 0.038889
0 0.146875 0.765972 0.009375 0.040278
0 0.091797 0.491667 0.024219 0.019444
0 0.850391 0.232639 0.019531 0.029167
0 0.588672 0.315278 0.021094 0.019444
0 0.589063 0.336806 0.020312 0.015278
2 0.589844 0.356250 0.021875 0.015278
0 0.588281 0.380556 0.021875 0.019444
0 0.589063 0.407639 0.020312 0.018056
0 0.604297 0.431250 0.019531 0.018056
1 0.600781 0.508333 0.046875 0.025000
1 0.603906 0.531944 0.050000 0.019444
1 0.604297 0.555556 0.050781 0.022222
1 0.604688 0.581944 0.050000 0.025000
1 0.605469 0.604861 0.050000 0.015278
1 0.605469 0.629861 0.050000 0.020833
1 0.604688 0.656250 0.045313 0.023611
0 0.607813 0.700000 0.020312 0.019444
0 0.603906 0.722917 0.020312 0.018056
0 0.599219 0.751389 0.021875 0.019444
0 0.605078 0.770833 0.017969 0.016667
0 0.597656 0.796528 0.021875 0.018056
0 0.499219 0.977083 0.018750 0.015278
0 0.520312 0.958333 0.023438 0.019444
0 0.495703 0.952778 0.022656 0.016667
1 0.500000 0.883333 0.048437 0.022222
1 0.498828 0.809722 0.052344 0.022222
0 0.506250 0.784028 0.020312 0.015278
1 0.497266 0.761806 0.055469 0.020833
0 0.483594 0.710417 0.020312 0.015278
0 0.507422 0.711111 0.021094 0.019444
0 0.505469 0.686806 0.023438 0.018056
1 0.494922 0.663889 0.052344 0.022222
0 0.405859 0.611111 0.008594 0.036111
0 0.508594 0.525000 0.009375 0.030556
0 0.508203 0.484028 0.007031 0.043056
0 0.519922 0.450000 0.010156 0.038889
0 0.523828 0.503472 0.010156 0.040278
