0 0.069922 0.139583 0.013281 0.037500
0 0.138672 0.184722 0.008594 0.030556
0 0.128125 0.286806 0.009375 0.043056
0 0.130469 0.418750 0.007813 0.040278
0 0.143750 0.554861 0.010937 0.040278
0 0.070313 0.306250 0.009375 0.040278
0 0.068750 0.354167 0.009375 0.038889
0 0.099219 0.444444 0.009375 0.038889
0 0.072266 0.554167 0.008594 0.030556
0 0.103516 0.562500 0.008594 0.041667
1 0.099219 0.663194 0.020312 0.087500
0 0.076563 0.734722 0.012500 0.036111
0 0.076563 0.798611 0.010937 0.041667
0 0.088672 0.844444 0.010156 0.044444
0 0.081641 0.901389 0.010156 0.044444
0 0.082813 0.940972 0.009375 0.037500
0 0.093359 0.946528 0.008594 0.034722
0 0.110156 0.855556 0.010937 0.036111
0 0.121875 0.897222 0.009375 0.036111
0 0.111328 0.936111 0.011719 0.033333
0 0.154687 0.970833 0.009375 0.038889
1 0.223438 0.061111 0.053125 0.022222
1 0.221484 0.111806 0.057031 0.029167
0 0.240625 0.455556 0.021875 0.019444
0 0.241406 0.479861 0.021875 0.020833
0 0.210547 0.480556 0.022656 0.019444
0 0.212500 0.532639 0.021875 0.023611
0 0.211719 0.554861 0.021875 0.018056
0 0.287891 0.903472 0.008594 0.040278
0 0.299219 0.908333 0.010937 0.041667
0 0.312500 0.907639 0.009375 0.037500
0 0.323047 0.910417 0.008594 0.037500
0 0.280469 0.847222 0.020312 0.016667
0 0.281250 0.822222 0.021875 0.016667
0 0.281250 0.801389 0.021875 0.019444
0 0.283594 0.770833 0.020312 0.019444
0 0.283984 0.748611 0.022656 0.019444
0 0.284375 0.725694 0.021875 0.018056
0 0.283203 0.700000 0.021094 0.019444
0 0.282813 0.653472 0.018750 0.020833
0 0.282422 0.606250 0.019531 0.023611
0 0.280859 0.579861 0.008594 0.029167
0 0.289844 0.576389 0.010937 0.030556
0 0.314453 0.600000 0.024219 0.019444
0 0.318359 0.627778 0.021094 0.019444
0 0.319531 0.679861 0.020312 0.020833
0 0.317969 0.705556 0.020312 0.016667
0 0.317578 0.725000 0.019531 0.016667
0 0.319141 0.749306 0.021094 0.020833
0 0.319922 0.773611 0.025781 0.019444
0 0.319531 0.798611 0.021875 0.019444
0 0.300781 0.834722 0.010937 0.041667
0 0.319531 0.825000 0.021875 0.016667
0 0.379687 0.589583 0.018750 0.020833
0 0.380469 0.611111 0.020312 0.022222
0 0.400781 0.563194 0.017188 0.018056
1 0.397656 0.541667 0.054688 0.022222
0 0.371094 0.663194 0.017188 0.015278
0 0.371094 0.647917 0.018750 0.015278
0 0.285547 0.470139 0.010156 0.040278
0 0.296484 0.467361 0.008594 0.040278
0 0.308594 0.162500 0.020312 0.016667
0 0.308203 0.139583 0.022656 0.020833
0 0.308203 0.118750 0.022656 0.018056
0 0.308203 0.094444 0.022656 0.016667
0 0.307813 0.072222 0.021875 0.016667
0 0.306641 0.053472 0.017969 0.018056
0 0.310547 0.034028 0.025781 0.012500
0 0.309375 0.013889 0.021875 0.016667
1 0.400391 0.044444 0.053906 0.025000
1 0.400781 0.074306 0.051562 0.026389
1 0.400000 0.120139 0.053125 0.023611
1 0.400000 0.146528 0.053125 0.026389
0 0.398047 0.222222 0.022656 0.022222
1 0.400781 0.295833 0.054688 0.025000
1 0.401172 0.320139 0.050781 0.020833
1 0.401563 0.343056 0.053125 0.025000
1 0.397656 0.367361 0.053125 0.023611
1 0.396875 0.393750 0.053125 0.026389
1 0.396875 0.442361 0.053125 0.023611
1 0.398047 0.468056 0.052344 0.025000
1 0.591016 0.965278 0.050781 0.027778
1 0.590625 0.918750 0.051562 0.020833
1 0.590625 0.894444 0.048437 0.027778
1 0.591406 0.850000 0.050000 0.022222
1 0.589063 0.822917 0.051562 0.026389
1 0.591406 0.752778 0.050000 0.022222
1 0.591797 0.729861 0.050781 0.020833
1 0.591797 0.681250 0.052344 0.023611
1 0.590234 0.657639 0.052344 0.023611
1 0.592578 0.631944 0.053906 0.025000
1 0.589453 0.608333 0.053906 0.022222
1 0.588672 0.581250 0.055469 0.023611
1 0.590625 0.537500 0.054688 0.022222
1 0.591406 0.511806 0.053125 0.023611
1 0.503906 0.169444 0.046875 0.075000
1 0.585547 0.223611 0.053906 0.027778
1 0.591016 0.201389 0.052344 0.025000
1 0.590234 0.151389 0.052344 0.022222
1 0.592188 0.127083 0.051562 0.026389
1 0.591016 0.076389 0.053906 0.025000
1 0.592188 0.030556 0.053125 0.025000
