0 0.073047 0.052083 0.011719 0.037500
0 0.073047 0.217361 0.010156 0.034722
0 0.071094 0.269444 0.010937 0.038889
0 0.075000 0.465972 0.009375 0.031944
0 0.078125 0.650694 0.012500 0.037500
0 0.078516 0.710417 0.014844 0.043056
0 0.091797 0.755556 0.008594 0.041667
0 0.083203 0.813194 0.011719 0.037500
0 0.085156 0.853472 0.010937 0.037500
0 0.095703 0.855556 0.008594 0.041667
0 0.093750 0.904861 0.009375 0.037500
0 0.096875 0.973611 0.009375 0.041667
0 0.114844 0.922222 0.007813 0.036111
1 0.592578 0.973611 0.050781 0.022222
1 0.592188 0.950694 0.051562 0.023611
1 0.593359 0.903472 0.049219 0.020833
1 0.592969 0.875694 0.050000 0.020833
1 0.592969 0.831250 0.050000 0.023611
1 0.593750 0.809028 0.050000 0.020833
1 0.592578 0.762500 0.052344 0.022222
1 0.592188 0.734722 0.051562 0.022222
1 0.594141 0.663889 0.052344 0.025000
1 0.592969 0.638889 0.046875 0.022222
1 0.592188 0.592361 0.051562 0.026389
1 0.592969 0.569444 0.051562 0.019444
1 0.594531 0.546528 0.050000 0.020833
1 0.591797 0.520833 0.052344 0.022222
1 0.591797 0.496528 0.052344 0.023611
1 0.592969 0.448611 0.053125 0.025000
1 0.592188 0.423611 0.051562 0.022222
1 0.587891 0.136111 0.052344 0.027778
1 0.594531 0.109722 0.051562 0.022222
1 0.592969 0.061806 0.053125 0.023611
1 0.594922 0.036806 0.049219 0.020833
1 0.511719 0.077083 0.045313 0.076389
1 0.398438 0.450694 0.053125 0.023611
1 0.399609 0.378472 0.052344 0.026389
1 0.399219 0.352778 0.051562 0.025000
1 0.401953 0.030556 0.053906 0.022222
1 0.402344 0.055556 0.051562 0.030556
1 0.402344 0.202083 0.053125 0.020833
1 0.403906 0.228472 0.051562 0.020833
1 0.403125 0.250000 0.050000 0.019444
1 0.399609 0.277083 0.050781 0.020833
1 0.399609 0.300694 0.052344 0.020833
0 0.131250 0.092361 0.009375 0.040278
0 0.130469 0.224306 0.010937 0.043056
0 0.143750 0.356944 0.009375 0.038889
0 0.153906 0.775000 0.010937 0.041667
0 0.127344 0.915278 0.010937 0.047222
0 0.112891 0.832639 0.010156 0.040278
1 0.103516 0.645139 0.019531 0.087500
0 0.105859 0.540972 0.011719 0.037500
0 0.102344 0.437500 0.010937 0.044444
0 0.212891 0.389583 0.021094 0.020833
0 0.213672 0.436111 0.022656 0.025000
0 0.242188 0.366667 0.021875 0.019444
0 0.242969 0.388194 0.021875 0.015278
0 0.287109 0.375694 0.010156 0.034722
0 0.297656 0.377083 0.007813 0.034722
0 0.282422 0.487500 0.010156 0.030556
0 0.292188 0.488889 0.007813 0.036111
0 0.283984 0.516667 0.019531 0.019444
0 0.318359 0.507639 0.024219 0.020833
0 0.285156 0.563194 0.017188 0.018056
0 0.284766 0.607639 0.019531 0.018056
0 0.284766 0.634028 0.022656 0.020833
0 0.285547 0.657639 0.019531 0.020833
0 0.285547 0.679861 0.021094 0.020833
0 0.283203 0.706944 0.021094 0.019444
0 0.284375 0.731944 0.021875 0.019444
0 0.284375 0.755556 0.018750 0.016667
0 0.290234 0.813194 0.008594 0.037500
0 0.301562 0.818750 0.009375 0.043056
0 0.314063 0.815278 0.009375 0.036111
0 0.324609 0.820833 0.008594 0.036111
0 0.259375 0.941667 0.009375 0.038889
0 0.278125 0.943056 0.009375 0.041667
0 0.289453 0.939583 0.008594 0.037500
0 0.305859 0.940278 0.010156 0.038889
0 0.318750 0.939583 0.009375 0.037500
0 0.302734 0.742361 0.011719 0.031944
0 0.321484 0.733333 0.021094 0.019444
0 0.320313 0.708333 0.021875 0.016667
0 0.382813 0.500000 0.021875 0.016667
0 0.319531 0.539583 0.020312 0.020833
0 0.382422 0.521528 0.019531 0.015278
0 0.373047 0.556250 0.016406 0.012500
0 0.373828 0.573611 0.016406 0.019444
0 0.321094 0.585417 0.023438 0.018056
0 0.318359 0.615278 0.021094 0.016667
0 0.318750 0.636806 0.018750 0.015278
0 0.319922 0.658333 0.019531 0.016667
0 0.321094 0.683333 0.023438 0.022222
0 0.401172 0.130556 0.022656 0.019444
0 0.310547 0.070139 0.021094 0.015278
0 0.310937 0.053472 0.021875 0.018056
0 0.310937 0.030556 0.020312 0.019444
1 0.223828 0.020833 0.057031 0.027778
0 0.212109 0.464583 0.021094 0.020833
0 0.247656 0.946528 0.010937 0.034722
