0 0.074219 0.091667 0.010937 0.041667
0 0.077734 0.290972 0.010156 0.031944
0 0.080859 0.470833 0.011719 0.036111
0 0.082031 0.538194 0.010937 0.043056
0 0.085938 0.637500 0.009375 0.038889
0 0.088672 0.683333 0.010156 0.033333
0 0.099219 0.683333 0.009375 0.033333
0 0.097656 0.731944 0.009375 0.041667
0 0.089844 0.767361 0.010937 0.034722
0 0.099609 0.803472 0.010156 0.037500
0 0.099219 0.843056 0.010937 0.041667
0 0.121094 0.788194 0.010937 0.037500
0 0.124219 0.907639 0.009375 0.034722
1 0.111719 0.627778 0.020312 0.086111
0 0.094531 0.585417 0.007813 0.037500
0 0.112500 0.502083 0.009375 0.037500
0 0.108203 0.400000 0.011719 0.036111
0 0.151953 0.387500 0.011719 0.041667
0 0.160547 0.748611 0.008594 0.030556
0 0.234766 0.826389 0.011719 0.038889
0 0.251563 0.769444 0.009375 0.036111
0 0.262891 0.765972 0.010156 0.037500
0 0.281641 0.765972 0.008594 0.037500
0 0.291797 0.764583 0.007031 0.037500
0 0.310156 0.763889 0.010937 0.041667
0 0.321094 0.764583 0.010937 0.043056
0 0.293750 0.636111 0.009375 0.038889
0 0.305078 0.642361 0.010156 0.040278
0 0.317578 0.636806 0.010156 0.037500
0 0.328516 0.640972 0.008594 0.037500
0 0.286719 0.579167 0.020312 0.022222
0 0.287500 0.554861 0.021875 0.020833
0 0.305859 0.561806 0.010156 0.040278
0 0.287500 0.529861 0.021875 0.020833
0 0.287500 0.502778 0.021875 0.019444
0 0.289063 0.479167 0.021875 0.019444
0 0.287891 0.454861 0.021094 0.020833
0 0.287891 0.432639 0.021094 0.020833
0 0.288672 0.379861 0.021094 0.018056
0 0.287500 0.336806 0.021875 0.020833
0 0.286328 0.311111 0.010156 0.030556
0 0.296875 0.308333 0.009375 0.033333
0 0.321875 0.330556 0.025000 0.022222
0 0.323828 0.358333 0.022656 0.019444
0 0.323047 0.406944 0.022656 0.019444
0 0.322656 0.432639 0.021875 0.020833
0 0.321875 0.457639 0.021875 0.020833
0 0.324609 0.479861 0.021094 0.018056
0 0.324219 0.502778 0.023438 0.022222
0 0.324219 0.529167 0.023438 0.022222
0 0.323438 0.554861 0.018750 0.020833
0 0.216797 0.211111 0.021094 0.022222
0 0.217187 0.259028 0.025000 0.020833
0 0.215625 0.284028 0.021875 0.018056
0 0.245703 0.186111 0.021094 0.016667
0 0.248047 0.209028 0.021094 0.020833
0 0.290234 0.195833 0.010156 0.041667
0 0.300781 0.193056 0.009375 0.041667
0 0.405469 0.290972 0.017188 0.018056
0 0.384766 0.319444 0.021094 0.019444
0 0.387500 0.340972 0.020312 0.018056
0 0.376563 0.377778 0.018750 0.019444
0 0.378125 0.395139 0.018750 0.018056
0 0.378516 0.413194 0.016406 0.018056
1 0.401172 0.268750 0.055469 0.023611
1 0.403125 0.195833 0.053125 0.022222
1 0.403125 0.168056 0.053125 0.027778
1 0.401172 0.121528 0.050781 0.026389
1 0.404297 0.094444 0.053906 0.025000
1 0.406250 0.068750 0.053125 0.020833
1 0.407813 0.045833 0.053125 0.025000
1 0.407031 0.020833 0.053125 0.025000
1 0.597266 0.244444 0.052344 0.022222
1 0.596484 0.270833 0.055469 0.025000
1 0.595312 0.315972 0.054688 0.023611
1 0.594922 0.342361 0.052344 0.020833
1 0.598047 0.366667 0.050781 0.022222
1 0.596484 0.392361 0.050781 0.026389
1 0.596484 0.415972 0.052344 0.023611
1 0.597656 0.463889 0.050000 0.025000
1 0.597656 0.490278 0.051562 0.025000
1 0.595703 0.559722 0.052344 0.025000
1 0.596875 0.584028 0.051562 0.020833
1 0.598437 0.629167 0.051562 0.022222
1 0.598047 0.654861 0.050781 0.020833
1 0.596094 0.702083 0.053125 0.026389
1 0.596875 0.725000 0.051562 0.025000
1 0.596094 0.772222 0.053125 0.027778
1 0.596484 0.798611 0.052344 0.025000
1 0.596875 0.822917 0.051562 0.020833
1 0.596484 0.845139 0.052344 0.026389
1 0.596875 0.869444 0.051562 0.022222
1 0.597266 0.893056 0.053906 0.022222
1 0.596094 0.920139 0.053125 0.023611
0 0.219141 0.897222 0.008594 0.033333
0 0.074609 0.040278 0.011719 0.041667
