0 0.088281 0.056944 0.010937 0.036111
0 0.089062 0.119444 0.012500 0.047222
0 0.101953 0.168056 0.008594 0.038889
0 0.092188 0.224306 0.012500 0.043056
0 0.094531 0.267361 0.010937 0.037500
0 0.103906 0.316667 0.012500 0.041667
0 0.106250 0.271528 0.009375 0.043056
0 0.096094 0.355556 0.010937 0.038889
0 0.107031 0.388194 0.010937 0.040278
0 0.125000 0.336806 0.012500 0.037500
0 0.130469 0.491667 0.010937 0.038889
0 0.106641 0.430556 0.010156 0.036111
0 0.101953 0.479861 0.011719 0.043056
0 0.104297 0.530556 0.011719 0.038889
0 0.106641 0.576389 0.011719 0.038889
0 0.106641 0.628472 0.010156 0.045833
0 0.110937 0.692361 0.012500 0.037500
0 0.111328 0.737500 0.011719 0.036111
0 0.116406 0.781250 0.010937 0.037500
0 0.117969 0.820139 0.010937 0.040278
0 0.115625 0.860417 0.012500 0.040278
0 0.115625 0.902083 0.010937 0.043056
0 0.144531 0.917361 0.010937 0.043056
0 0.140625 0.779167 0.009375 0.036111
1 0.128125 0.641667 0.018750 0.086111
0 0.163281 0.209722 0.010937 0.041667
0 0.170703 0.339583 0.013281 0.040278
0 0.107422 0.800000 0.010156 0.044444
0 0.210156 0.816667 0.010937 0.041667
1 0.192969 0.867361 0.017188 0.081944
0 0.225000 0.328472 0.015625 0.037500
0 0.242188 0.406250 0.010937 0.040278
0 0.259766 0.345833 0.010156 0.038889
0 0.270312 0.338889 0.009375 0.038889
0 0.289844 0.345139 0.010937 0.037500
0 0.301172 0.338889 0.008594 0.041667
0 0.317578 0.340278 0.010156 0.041667
0 0.330859 0.341667 0.010156 0.038889
0 0.300781 0.209722 0.010937 0.036111
0 0.313281 0.214583 0.010937 0.043056
0 0.325781 0.211806 0.010937 0.040278
0 0.336719 0.214583 0.007813 0.040278
0 0.294922 0.150000 0.021094 0.019444
0 0.295312 0.126389 0.021875 0.019444
0 0.313281 0.135417 0.010937 0.043056
0 0.332031 0.126389 0.020312 0.016667
0 0.331641 0.101389 0.022656 0.019444
0 0.332031 0.076389 0.023438 0.022222
0 0.331250 0.051389 0.021875 0.016667
0 0.330469 0.029167 0.023438 0.022222
0 0.296875 0.028472 0.021875 0.020833
0 0.296484 0.050000 0.022656 0.022222
0 0.295703 0.075694 0.024219 0.023611
0 0.294531 0.101389 0.026563 0.022222
1 0.601953 0.813194 0.052344 0.026389
1 0.604297 0.738194 0.050781 0.026389
0 0.587500 0.837500 0.023438 0.016667
1 0.603906 0.715972 0.050000 0.023611
1 0.605469 0.692361 0.053125 0.023611
1 0.604297 0.666667 0.050781 0.022222
1 0.604297 0.643750 0.050781 0.023611
1 0.604297 0.618056 0.053906 0.022222
1 0.605469 0.595139 0.053125 0.023611
1 0.604297 0.522917 0.052344 0.020833
1 0.604688 0.499306 0.054688 0.023611
1 0.605078 0.476389 0.053906 0.019444
1 0.604688 0.450000 0.053125 0.025000
1 0.605469 0.426389 0.053125 0.022222
1 0.604297 0.402778 0.053906 0.025000
1 0.604688 0.377778 0.054688 0.022222
1 0.604297 0.352778 0.055469 0.022222
1 0.603906 0.306250 0.056250 0.020833
1 0.604688 0.281944 0.054688 0.025000
1 0.604688 0.234722 0.054688 0.025000
1 0.605469 0.210417 0.053125 0.023611
1 0.604297 0.161806 0.053906 0.020833
1 0.603906 0.138194 0.053125 0.020833
1 0.605078 0.066667 0.053906 0.025000
1 0.604688 0.040972 0.051562 0.023611
