0 0.088672 0.068056 0.013281 0.044444
0 0.102344 0.118056 0.010937 0.041667
0 0.093750 0.172917 0.010937 0.040278
0 0.096484 0.217361 0.010156 0.040278
0 0.106641 0.218750 0.010156 0.037500
0 0.104297 0.267361 0.010156 0.043056
0 0.096875 0.306944 0.012500 0.036111
0 0.107422 0.340278 0.008594 0.041667
0 0.106641 0.379861 0.011719 0.040278
0 0.128516 0.371528 0.011719 0.043056
0 0.134766 0.536806 0.010156 0.040278
0 0.143750 0.809028 0.010937 0.034722
0 0.118359 0.900694 0.011719 0.040278
0 0.116797 0.852778 0.010156 0.041667
0 0.117188 0.811111 0.012500 0.041667
0 0.108594 0.748611 0.010937 0.044444
0 0.118750 0.768750 0.009375 0.034722
0 0.116406 0.730556 0.010937 0.038889
0 0.112500 0.688889 0.012500 0.044444
0 0.110937 0.643750 0.012500 0.043056
0 0.106250 0.577083 0.012500 0.043056
0 0.108203 0.526389 0.013281 0.036111
0 0.171875 0.772222 0.009375 0.038889
1 0.192578 0.741667 0.014844 0.086111
0 0.211328 0.768056 0.011719 0.036111
0 0.222266 0.742361 0.013281 0.040278
0 0.167578 0.175694 0.010156 0.037500
0 0.160547 0.045833 0.010156 0.038889
0 0.233984 0.265972 0.014844 0.031944
0 0.242969 0.357639 0.010937 0.040278
0 0.260156 0.293056 0.009375 0.036111
0 0.271094 0.289583 0.010937 0.037500
0 0.290625 0.291667 0.009375 0.038889
0 0.302344 0.287500 0.010937 0.041667
0 0.317969 0.287500 0.010937 0.041667
0 0.332031 0.288194 0.010937 0.034722
0 0.302344 0.160417 0.010937 0.037500
0 0.314063 0.161111 0.009375 0.038889
0 0.326562 0.159028 0.009375 0.040278
0 0.337500 0.165972 0.009375 0.034722
0 0.296094 0.099306 0.020312 0.018056
0 0.313672 0.083333 0.011719 0.038889
0 0.296484 0.074306 0.021094 0.018056
0 0.295703 0.050694 0.022656 0.018056
0 0.332422 0.049306 0.022656 0.020833
0 0.331641 0.075694 0.019531 0.020833
0 0.296875 0.022917 0.023438 0.018056
0 0.334375 0.025000 0.025000 0.019444
0 0.513672 0.889583 0.022656 0.026389
0 0.587891 0.789583 0.021094 0.018056
1 0.605078 0.764583 0.050781 0.023611
1 0.606641 0.688889 0.053906 0.025000
1 0.606250 0.664583 0.053125 0.023611
1 0.606250 0.641667 0.053125 0.025000
1 0.606641 0.615972 0.052344 0.026389
1 0.606250 0.591667 0.051562 0.019444
1 0.606641 0.570833 0.050781 0.025000
1 0.605859 0.545833 0.052344 0.025000
1 0.605859 0.474306 0.052344 0.026389
1 0.605469 0.447917 0.053125 0.023611
1 0.606250 0.423611 0.054688 0.019444
1 0.605859 0.400694 0.053906 0.023611
1 0.605859 0.377083 0.052344 0.020833
1 0.605859 0.353472 0.053906 0.023611
1 0.606641 0.327778 0.053906 0.022222
1 0.606250 0.304861 0.054688 0.023611
1 0.606250 0.255556 0.054688 0.022222
1 0.605469 0.232639 0.053125 0.023611
1 0.605859 0.182639 0.052344 0.023611
1 0.607422 0.157639 0.052344 0.020833
1 0.605078 0.111111 0.053906 0.022222
1 0.604688 0.087500 0.053125 0.019444
1 0.607031 0.016667 0.053125 0.022222
0 0.233594 0.906250 0.010937 0.037500
