0 0.173438 0.098611 0.010937 0.041667
0 0.196875 0.093750 0.009375 0.034722
0 0.169141 0.205556 0.010156 0.033333
0 0.162500 0.327083 0.009375 0.037500
0 0.160156 0.447917 0.009375 0.043056
0 0.138281 0.650694 0.010937 0.037500
0 0.152344 0.657639 0.009375 0.040278
0 0.144922 0.888194 0.011719 0.040278
0 0.092969 0.503472 0.023438 0.026389
0 0.275781 0.121528 0.010937 0.040278
0 0.406250 0.625000 0.010937 0.038889
0 0.508984 0.538889 0.010156 0.036111
0 0.508594 0.497917 0.009375 0.037500
0 0.524219 0.517361 0.009375 0.040278
0 0.520312 0.461111 0.007813 0.044444
0 0.589063 0.326389 0.023438 0.025000
0 0.589453 0.350694 0.022656 0.020833
0 0.590625 0.370139 0.025000 0.015278
0 0.588281 0.390972 0.021875 0.018056
0 0.590625 0.420139 0.023438 0.020833
0 0.604297 0.443056 0.021094 0.019444
1 0.602344 0.519444 0.050000 0.022222
1 0.603125 0.544444 0.051562 0.025000
1 0.604688 0.567361 0.051562 0.020833
1 0.605469 0.592361 0.050000 0.020833
1 0.605469 0.617361 0.051562 0.020833
1 0.606641 0.641667 0.052344 0.022222
1 0.604297 0.668056 0.049219 0.025000
0 0.608984 0.711806 0.021094 0.015278
0 0.604297 0.737500 0.024219 0.019444
0 0.598828 0.761111 0.022656 0.019444
0 0.605859 0.784722 0.021094 0.019444
0 0.599219 0.808333 0.020312 0.019444
0 0.505859 0.702083 0.022656 0.018056
0 0.508203 0.725000 0.022656 0.016667
0 0.483594 0.724306 0.021875 0.020833
0 0.507422 0.796528 0.021094 0.023611
1 0.498437 0.773611 0.051562 0.019444
1 0.499609 0.820139 0.052344 0.026389
1 0.500391 0.894444 0.053906 0.025000
