0 0.116016 0.036806 0.011719 0.034722
0 0.163281 0.047917 0.010937 0.037500
0 0.100781 0.100694 0.010937 0.037500
0 0.092969 0.156944 0.010937 0.041667
0 0.094531 0.200694 0.010937 0.037500
0 0.105469 0.202083 0.010937 0.040278
0 0.103906 0.250000 0.010937 0.041667
0 0.096094 0.294444 0.010937 0.041667
0 0.106250 0.322917 0.010937 0.037500
0 0.105469 0.365278 0.010937 0.041667
0 0.101172 0.413889 0.011719 0.041667
0 0.102344 0.463194 0.012500 0.037500
0 0.107031 0.510417 0.010937 0.040278
0 0.106250 0.560417 0.014062 0.043056
0 0.111328 0.627083 0.011719 0.043056
0 0.110937 0.675694 0.012500 0.040278
0 0.101563 0.690972 0.010937 0.043056
0 0.116406 0.715972 0.010937 0.040278
0 0.107813 0.735417 0.009375 0.040278
0 0.117578 0.752778 0.010156 0.036111
0 0.115625 0.795139 0.012500 0.040278
0 0.116016 0.836806 0.010156 0.040278
0 0.117578 0.885417 0.011719 0.040278
0 0.146094 0.876389 0.009375 0.038889
1 0.133203 0.763194 0.017969 0.087500
0 0.137891 0.613194 0.011719 0.040278
0 0.129688 0.448611 0.009375 0.036111
0 0.167969 0.654861 0.010937 0.045833
0 0.178516 0.628472 0.010156 0.043056
0 0.176172 0.878472 0.010156 0.045833
1 0.190625 0.647222 0.015625 0.086111
0 0.209766 0.753472 0.010156 0.040278
0 0.220313 0.725694 0.012500 0.037500
0 0.215234 0.913889 0.011719 0.041667
0 0.232812 0.889583 0.010937 0.040278
0 0.239453 0.243750 0.014844 0.029167
0 0.242188 0.339583 0.009375 0.037500
0 0.259375 0.275694 0.009375 0.037500
0 0.270312 0.271528 0.009375 0.043056
0 0.289453 0.273611 0.010156 0.041667
0 0.301562 0.268750 0.010937 0.040278
0 0.317578 0.269444 0.011719 0.047222
0 0.331250 0.273611 0.012500 0.036111
0 0.300781 0.144444 0.010937 0.038889
0 0.313672 0.143750 0.010156 0.040278
0 0.325781 0.143056 0.010937 0.041667
0 0.337891 0.146528 0.010156 0.040278
0 0.295703 0.082639 0.021094 0.023611
0 0.293750 0.056944 0.023438 0.019444
0 0.313281 0.065278 0.014062 0.038889
0 0.332812 0.058333 0.021875 0.019444
0 0.332422 0.029861 0.022656 0.018056
0 0.293359 0.034028 0.024219 0.020833
0 0.513672 0.874306 0.022656 0.031944
0 0.527344 0.915972 0.020312 0.026389
0 0.588672 0.772917 0.021094 0.020833
1 0.603906 0.747222 0.053125 0.027778
1 0.605859 0.673611 0.053906 0.025000
1 0.605078 0.647222 0.052344 0.025000
1 0.605859 0.623611 0.053906 0.022222
1 0.605078 0.600000 0.053906 0.025000
1 0.603906 0.575694 0.053125 0.023611
1 0.604688 0.552778 0.054688 0.025000
1 0.606250 0.528472 0.051562 0.023611
1 0.605469 0.456250 0.053125 0.023611
1 0.605469 0.431250 0.053125 0.023611
1 0.605469 0.409722 0.053125 0.022222
1 0.605469 0.382639 0.053125 0.020833
1 0.604688 0.359722 0.054688 0.025000
1 0.605078 0.334722 0.053906 0.025000
1 0.605469 0.310417 0.054688 0.020833
1 0.605469 0.284722 0.053125 0.019444
1 0.605469 0.238194 0.053125 0.023611
1 0.605859 0.212500 0.052344 0.022222
1 0.605469 0.166667 0.053125 0.027778
1 0.606250 0.141667 0.051562 0.025000
1 0.604688 0.093750 0.051562 0.020833
1 0.604688 0.070833 0.051562 0.022222
