0 0.092188 0.061111 0.010937 0.041667
0 0.103125 0.063889 0.010937 0.044444
0 0.101563 0.111806 0.012500 0.048611
0 0.125391 0.109028 0.011719 0.048611
0 0.151953 0.093750 0.011719 0.040278
0 0.165234 0.231250 0.011719 0.040278
1 0.180469 0.177778 0.017188 0.088889
0 0.210547 0.615278 0.011719 0.036111
0 0.216016 0.778472 0.010156 0.043056
0 0.219141 0.828472 0.010156 0.040278
0 0.232031 0.754167 0.010937 0.038889
0 0.233984 0.796528 0.013281 0.037500
0 0.235156 0.838889 0.010937 0.041667
0 0.236328 0.881250 0.010156 0.040278
0 0.239063 0.921528 0.009375 0.037500
0 0.190234 0.855556 0.010156 0.038889
0 0.207813 0.895833 0.012500 0.044444
0 0.193359 0.741667 0.007031 0.030556
0 0.170312 0.663889 0.010937 0.036111
0 0.150000 0.865972 0.010937 0.040278
0 0.141797 0.704167 0.010156 0.036111
0 0.121875 0.901389 0.010937 0.036111
0 0.119531 0.861111 0.012500 0.036111
0 0.117188 0.817361 0.012500 0.040278
0 0.116406 0.747222 0.010937 0.041667
0 0.115234 0.700694 0.010156 0.040278
0 0.114844 0.656944 0.010937 0.038889
0 0.117578 0.617361 0.010156 0.034722
0 0.116406 0.579167 0.010937 0.038889
0 0.108984 0.536806 0.011719 0.040278
0 0.109766 0.490972 0.011719 0.043056
0 0.105469 0.425000 0.010937 0.041667
0 0.105859 0.372917 0.011719 0.040278
0 0.101172 0.325000 0.010156 0.038889
0 0.100391 0.276389 0.010156 0.041667
0 0.103516 0.225694 0.010156 0.037500
0 0.125000 0.231250 0.009375 0.043056
0 0.104687 0.184028 0.009375 0.040278
0 0.514063 0.736111 0.021875 0.030556
0 0.526953 0.778472 0.019531 0.031944
0 0.625391 0.794444 0.011719 0.033333
0 0.637109 0.794444 0.008594 0.044444
0 0.588281 0.637500 0.021875 0.025000
1 0.603516 0.611111 0.052344 0.022222
1 0.606250 0.513194 0.051562 0.023611
1 0.607813 0.538194 0.051562 0.023611
1 0.607031 0.488194 0.053125 0.026389
1 0.606641 0.462500 0.053906 0.022222
1 0.607031 0.439583 0.054688 0.023611
1 0.605859 0.414583 0.052344 0.020833
1 0.607813 0.390972 0.053125 0.026389
1 0.605469 0.318056 0.053125 0.027778
1 0.606641 0.292361 0.052344 0.023611
1 0.607813 0.268056 0.053125 0.022222
1 0.607031 0.243750 0.053125 0.023611
1 0.606250 0.218750 0.053125 0.026389
1 0.607031 0.195139 0.053125 0.020833
1 0.605859 0.169444 0.052344 0.025000
1 0.606641 0.145139 0.052344 0.020833
1 0.607813 0.100000 0.054688 0.025000
1 0.607031 0.075000 0.053125 0.027778
1 0.607031 0.027083 0.051562 0.023611
0 0.240625 0.196528 0.012500 0.037500
0 0.247266 0.094444 0.016406 0.019444
0 0.258594 0.133333 0.009375 0.033333
0 0.269531 0.129167 0.012500 0.038889
0 0.289453 0.129861 0.010156 0.037500
0 0.300781 0.127083 0.010937 0.043056
0 0.316797 0.125000 0.010156 0.041667
0 0.329688 0.130556 0.009375 0.038889
