0 0.105859 0.040278 0.011719 0.038889
0 0.103125 0.091667 0.012500 0.041667
0 0.105859 0.163194 0.010156 0.037500
0 0.104297 0.206944 0.010156 0.041667
0 0.127734 0.169444 0.010156 0.047222
0 0.128516 0.293750 0.011719 0.043056
0 0.100781 0.254861 0.010937 0.040278
0 0.102344 0.305556 0.010937 0.041667
0 0.106641 0.353472 0.010156 0.043056
0 0.106641 0.404167 0.010156 0.041667
0 0.111719 0.469444 0.010937 0.038889
0 0.112109 0.513194 0.011719 0.043056
0 0.116016 0.557639 0.010156 0.037500
0 0.117578 0.597222 0.010156 0.036111
0 0.116016 0.636806 0.010156 0.037500
0 0.116406 0.680556 0.010937 0.041667
0 0.117188 0.727083 0.009375 0.037500
0 0.118750 0.797222 0.009375 0.038889
0 0.121094 0.843750 0.010937 0.037500
0 0.123828 0.879167 0.010156 0.033333
0 0.147266 0.784722 0.010156 0.041667
0 0.177734 0.820139 0.010156 0.040278
0 0.205859 0.820139 0.011719 0.043056
0 0.219531 0.806944 0.010937 0.044444
0 0.217187 0.756944 0.009375 0.041667
0 0.232812 0.734028 0.009375 0.040278
0 0.235156 0.775000 0.010937 0.038889
0 0.235938 0.820139 0.009375 0.040278
0 0.238672 0.861111 0.010156 0.038889
0 0.239844 0.904167 0.010937 0.038889
0 0.188281 0.736806 0.010937 0.040278
0 0.193750 0.640278 0.009375 0.030556
0 0.211328 0.593750 0.010156 0.043056
0 0.222266 0.567361 0.011719 0.043056
0 0.168750 0.529861 0.009375 0.037500
0 0.164063 0.071528 0.009375 0.037500
1 0.179688 0.069444 0.017188 0.086111
0 0.242578 0.178472 0.010156 0.043056
0 0.251563 0.074306 0.015625 0.020833
0 0.260156 0.111806 0.010937 0.034722
0 0.271484 0.108333 0.008594 0.038889
0 0.289844 0.109028 0.009375 0.043056
0 0.301953 0.107639 0.011719 0.043056
0 0.317578 0.104861 0.010156 0.043056
0 0.332031 0.108333 0.007813 0.036111
0 0.514453 0.716667 0.021094 0.025000
0 0.528125 0.759722 0.021875 0.027778
0 0.627344 0.775000 0.009375 0.036111
0 0.637109 0.775000 0.011719 0.038889
0 0.589844 0.615972 0.021875 0.018056
1 0.605859 0.591667 0.052344 0.022222
1 0.608203 0.514583 0.053906 0.023611
1 0.607422 0.489583 0.053906 0.020833
1 0.608203 0.467361 0.053906 0.026389
1 0.609375 0.440972 0.053125 0.020833
1 0.607422 0.418750 0.052344 0.023611
1 0.607813 0.393750 0.054688 0.023611
1 0.607031 0.368750 0.056250 0.026389
1 0.607813 0.296528 0.051562 0.023611
1 0.608594 0.273611 0.053125 0.025000
1 0.607813 0.247917 0.054688 0.020833
1 0.608203 0.222222 0.053906 0.022222
1 0.607031 0.200694 0.053125 0.029167
1 0.607031 0.176389 0.053125 0.022222
1 0.607031 0.150694 0.053125 0.020833
1 0.607031 0.128472 0.053125 0.020833
1 0.608203 0.079861 0.052344 0.023611
1 0.608984 0.054861 0.052344 0.026389
