0 0.121484 0.054861 0.010156 0.040278
0 0.089844 0.071528 0.010937 0.040278
0 0.094531 0.115972 0.010937 0.037500
0 0.105469 0.115278 0.010937 0.044444
0 0.125781 0.193056 0.009375 0.044444
0 0.104687 0.165972 0.012500 0.040278
0 0.105859 0.237500 0.010156 0.044444
0 0.104297 0.281944 0.011719 0.044444
0 0.101172 0.332639 0.010156 0.045833
0 0.101563 0.380556 0.012500 0.038889
0 0.106250 0.429861 0.012500 0.043056
0 0.123438 0.343750 0.010937 0.040278
0 0.137500 0.502778 0.012500 0.041667
0 0.133984 0.612500 0.011719 0.038889
0 0.105078 0.476389 0.010156 0.038889
0 0.110547 0.542361 0.010156 0.040278
0 0.110547 0.589583 0.011719 0.037500
0 0.114844 0.631944 0.012500 0.038889
0 0.115625 0.673611 0.010937 0.038889
0 0.114453 0.713194 0.011719 0.045833
0 0.114063 0.755556 0.012500 0.036111
0 0.115625 0.802083 0.009375 0.043056
0 0.116016 0.871528 0.011719 0.043056
0 0.117969 0.916667 0.010937 0.041667
0 0.215234 0.834028 0.010156 0.043056
0 0.217578 0.883333 0.010156 0.038889
0 0.230469 0.811806 0.009375 0.040278
0 0.232812 0.852778 0.012500 0.041667
0 0.233203 0.897222 0.008594 0.041667
0 0.197656 0.727778 0.010937 0.038889
0 0.208594 0.670139 0.009375 0.037500
0 0.220313 0.646528 0.012500 0.040278
0 0.206250 0.528472 0.012500 0.034722
0 0.164453 0.550694 0.013281 0.037500
0 0.176172 0.469444 0.011719 0.038889
0 0.156641 0.253472 0.008594 0.034722
0 0.242188 0.253472 0.012500 0.034722
0 0.259375 0.189583 0.009375 0.037500
0 0.270703 0.186806 0.011719 0.037500
0 0.289453 0.188194 0.008594 0.040278
0 0.301953 0.185417 0.010156 0.040278
0 0.318750 0.181250 0.010937 0.043056
0 0.332031 0.187500 0.010937 0.033333
0 0.301562 0.052778 0.010937 0.036111
0 0.314063 0.056250 0.010937 0.040278
0 0.326172 0.057639 0.011719 0.040278
0 0.337109 0.056944 0.010156 0.038889
1 0.607813 0.059028 0.051562 0.026389
1 0.607813 0.085417 0.051562 0.026389
1 0.608203 0.132639 0.050781 0.026389
1 0.608984 0.158333 0.050781 0.022222
1 0.608203 0.204861 0.053906 0.026389
1 0.607031 0.229167 0.053125 0.022222
1 0.607031 0.253472 0.051562 0.023611
1 0.607031 0.279167 0.053125 0.022222
1 0.607813 0.304167 0.051562 0.022222
1 0.607422 0.326389 0.053906 0.019444
1 0.607813 0.350000 0.054688 0.019444
1 0.606641 0.374306 0.053906 0.023611
1 0.607422 0.446528 0.049219 0.018056
1 0.606250 0.472222 0.051562 0.022222
1 0.605859 0.495139 0.052344 0.020833
1 0.606250 0.519444 0.051562 0.019444
1 0.606250 0.545139 0.053125 0.020833
1 0.607031 0.567361 0.053125 0.020833
1 0.606641 0.594444 0.052344 0.022222
1 0.603125 0.666667 0.054688 0.019444
0 0.589844 0.692361 0.021875 0.020833
0 0.513281 0.795833 0.020312 0.033333
0 0.528125 0.838194 0.021875 0.026389
0 0.624609 0.854861 0.010156 0.037500
0 0.636719 0.854167 0.012500 0.038889
