0 0.113281 0.869444 0.010937 0.041667
0 0.112891 0.819444 0.008594 0.036111
0 0.112891 0.779861 0.011719 0.040278
0 0.114844 0.740278 0.010937 0.036111
0 0.112891 0.699306 0.010156 0.037500
0 0.134375 0.761111 0.010937 0.044444
0 0.137891 0.656944 0.011719 0.041667
0 0.108594 0.655556 0.010937 0.036111
0 0.108594 0.611806 0.010937 0.043056
0 0.104687 0.543750 0.010937 0.040278
0 0.105469 0.492361 0.010937 0.040278
0 0.125000 0.502778 0.012500 0.041667
0 0.101563 0.446528 0.012500 0.045833
0 0.100781 0.398611 0.010937 0.041667
0 0.105078 0.346528 0.010156 0.040278
0 0.104687 0.303472 0.009375 0.040278
0 0.127734 0.336111 0.011719 0.038889
0 0.102344 0.232639 0.010937 0.040278
0 0.104687 0.184722 0.009375 0.036111
0 0.092969 0.181944 0.010937 0.041667
0 0.091016 0.138889 0.010156 0.041667
0 0.100000 0.084028 0.009375 0.043056
0 0.118359 0.083333 0.010156 0.041667
0 0.122266 0.191667 0.013281 0.041667
0 0.153516 0.197917 0.010156 0.040278
0 0.172266 0.419444 0.011719 0.038889
0 0.160156 0.496528 0.010937 0.043056
0 0.194531 0.737500 0.012500 0.041667
0 0.207813 0.736806 0.010937 0.037500
0 0.219141 0.713889 0.013281 0.036111
0 0.213281 0.900000 0.010937 0.038889
0 0.231250 0.877778 0.009375 0.038889
0 0.232422 0.918056 0.008594 0.041667
0 0.217578 0.535417 0.011719 0.031944
0 0.241797 0.322222 0.011719 0.038889
0 0.258203 0.260417 0.011719 0.034722
0 0.269141 0.257639 0.010156 0.045833
0 0.289844 0.256250 0.010937 0.037500
0 0.301562 0.254167 0.009375 0.044444
0 0.318750 0.253472 0.010937 0.040278
0 0.330078 0.256250 0.010156 0.037500
0 0.301172 0.121528 0.010156 0.040278
0 0.312891 0.126389 0.011719 0.041667
0 0.325391 0.122917 0.010156 0.037500
0 0.336328 0.130556 0.008594 0.044444
0 0.294531 0.063194 0.020312 0.020833
0 0.294141 0.038194 0.025781 0.020833
0 0.312500 0.045833 0.009375 0.044444
0 0.332422 0.037500 0.021094 0.019444
0 0.332422 0.014583 0.022656 0.018056
0 0.512109 0.860417 0.019531 0.029167
0 0.525781 0.906250 0.020312 0.031944
0 0.623438 0.923611 0.010937 0.041667
0 0.633594 0.920833 0.010937 0.038889
0 0.586328 0.760417 0.022656 0.020833
1 0.601953 0.736111 0.053906 0.025000
1 0.605469 0.661806 0.053125 0.023611
1 0.607031 0.638194 0.051562 0.023611
1 0.605469 0.613889 0.053125 0.025000
1 0.605859 0.588889 0.050781 0.022222
1 0.604688 0.564583 0.051562 0.026389
1 0.604688 0.540278 0.051562 0.022222
1 0.606641 0.516667 0.052344 0.025000
1 0.605859 0.442361 0.053906 0.023611
1 0.604688 0.420139 0.054688 0.023611
1 0.606250 0.396528 0.054688 0.020833
1 0.606250 0.372222 0.054688 0.025000
1 0.606641 0.344444 0.053906 0.022222
1 0.604688 0.321528 0.053125 0.020833
1 0.605469 0.298611 0.053125 0.025000
1 0.606641 0.273611 0.052344 0.019444
1 0.605469 0.226389 0.051562 0.022222
1 0.606250 0.202083 0.051562 0.020833
1 0.606250 0.151389 0.054688 0.025000
1 0.607031 0.127778 0.053125 0.016667
1 0.605469 0.080556 0.051562 0.022222
1 0.605859 0.055556 0.052344 0.022222
