0 0.078516 0.147222 0.010156 0.033333
0 0.081641 0.331250 0.011719 0.034722
0 0.080078 0.393750 0.013281 0.043056
0 0.092578 0.441667 0.008594 0.041667
0 0.084375 0.495833 0.009375 0.036111
0 0.085547 0.538194 0.010156 0.034722
0 0.097266 0.544444 0.010156 0.036111
0 0.114063 0.485417 0.009375 0.040278
0 0.087891 0.625000 0.011719 0.038889
0 0.098047 0.659722 0.010156 0.041667
0 0.097656 0.702778 0.010937 0.044444
0 0.091797 0.754861 0.013281 0.043056
0 0.093359 0.802778 0.010156 0.036111
0 0.098438 0.848611 0.012500 0.041667
0 0.121484 0.825000 0.011719 0.038889
0 0.118750 0.700694 0.009375 0.037500
0 0.114844 0.604167 0.010937 0.038889
0 0.095703 0.589583 0.011719 0.040278
0 0.129297 0.585417 0.010156 0.040278
0 0.139844 0.355556 0.010937 0.044444
0 0.107031 0.313889 0.010937 0.038889
0 0.135156 0.070833 0.010937 0.041667
0 0.152734 0.309722 0.011719 0.041667
0 0.206250 0.902083 0.015625 0.037500
0 0.213672 0.677778 0.010156 0.033333
0 0.232031 0.685417 0.010937 0.040278
0 0.250391 0.624306 0.010156 0.040278
0 0.261719 0.620833 0.010937 0.041667
0 0.280469 0.621528 0.007813 0.043056
0 0.287891 0.588889 0.017969 0.019444
0 0.292188 0.620833 0.009375 0.041667
0 0.307422 0.617361 0.011719 0.043056
0 0.321094 0.620139 0.010937 0.040278
0 0.292578 0.491667 0.011719 0.038889
0 0.304297 0.492361 0.011719 0.040278
0 0.316406 0.491667 0.007813 0.038889
0 0.327344 0.497222 0.009375 0.038889
0 0.287500 0.431944 0.021875 0.019444
0 0.305078 0.418056 0.010156 0.038889
0 0.286719 0.407639 0.021875 0.020833
0 0.285937 0.384722 0.023438 0.022222
0 0.286719 0.356944 0.020312 0.025000
0 0.289453 0.332639 0.022656 0.020833
0 0.287500 0.309028 0.021875 0.020833
0 0.287891 0.283333 0.022656 0.022222
0 0.288672 0.233333 0.021094 0.022222
0 0.287891 0.188889 0.022656 0.022222
0 0.285547 0.161806 0.010156 0.029167
0 0.296094 0.159722 0.007813 0.036111
0 0.321094 0.181250 0.025000 0.020833
0 0.324609 0.211806 0.022656 0.020833
0 0.324609 0.261806 0.022656 0.020833
0 0.323047 0.287500 0.024219 0.022222
0 0.323047 0.311806 0.019531 0.020833
0 0.325000 0.334028 0.021875 0.018056
0 0.322656 0.359722 0.021875 0.022222
0 0.323438 0.383333 0.021875 0.016667
0 0.323438 0.407639 0.021875 0.015278
0 0.385938 0.172222 0.020312 0.016667
0 0.387109 0.190972 0.017969 0.018056
0 0.408594 0.145833 0.020312 0.019444
1 0.402734 0.120833 0.055469 0.030556
1 0.403125 0.045833 0.053125 0.027778
1 0.403906 0.019444 0.054688 0.022222
0 0.216406 0.063194 0.023438 0.020833
0 0.216797 0.108333 0.022656 0.022222
0 0.216406 0.136111 0.023438 0.025000
0 0.247656 0.059722 0.020312 0.019444
0 0.248047 0.038889 0.025781 0.019444
0 0.290625 0.047917 0.012500 0.037500
0 0.302344 0.046528 0.009375 0.043056
1 0.594141 0.925000 0.050781 0.022222
1 0.594922 0.899306 0.050781 0.023611
1 0.595312 0.872222 0.051562 0.025000
1 0.594922 0.803472 0.050781 0.023611
1 0.594922 0.780556 0.053906 0.022222
1 0.597266 0.756944 0.053906 0.025000
1 0.596484 0.730556 0.050781 0.025000
1 0.594531 0.705556 0.053125 0.025000
1 0.596094 0.684028 0.053125 0.023611
1 0.594922 0.658333 0.053906 0.025000
1 0.596875 0.634722 0.051562 0.022222
1 0.598047 0.491667 0.053906 0.025000
1 0.595703 0.587500 0.053906 0.025000
1 0.596484 0.563194 0.052344 0.026389
1 0.596094 0.517361 0.053125 0.026389
1 0.594922 0.418056 0.052344 0.025000
1 0.596875 0.440972 0.051562 0.020833
1 0.597656 0.345833 0.050000 0.025000
1 0.597656 0.320833 0.051562 0.019444
1 0.597656 0.271528 0.050000 0.023611
1 0.597656 0.247222 0.053125 0.022222
1 0.598828 0.223611 0.052344 0.019444
1 0.595703 0.200694 0.053906 0.020833
1 0.595312 0.174306 0.054688 0.023611
1 0.596484 0.129861 0.055469 0.029167
1 0.595703 0.102083 0.052344 0.023611
