0 0.071484 0.095139 0.010156 0.037500
0 0.069531 0.145139 0.010937 0.037500
0 0.073437 0.347222 0.009375 0.030556
0 0.076172 0.530556 0.010156 0.036111
0 0.076953 0.591667 0.013281 0.038889
0 0.089062 0.638889 0.009375 0.038889
0 0.080078 0.693056 0.011719 0.038889
0 0.082031 0.736111 0.010937 0.038889
0 0.092969 0.739583 0.007813 0.037500
0 0.091406 0.786806 0.009375 0.037500
0 0.084375 0.825694 0.009375 0.043056
0 0.094141 0.856944 0.010156 0.038889
0 0.092578 0.899306 0.010156 0.037500
0 0.112891 0.810417 0.010156 0.040278
0 0.109766 0.680556 0.010156 0.038889
0 0.098438 0.354861 0.012500 0.045833
0 0.089453 0.090278 0.010156 0.038889
0 0.101563 0.103472 0.009375 0.031944
0 0.130469 0.297917 0.010937 0.040278
0 0.141406 0.279167 0.010937 0.041667
0 0.130078 0.027778 0.010156 0.036111
0 0.210938 0.264583 0.021875 0.020833
0 0.212109 0.315278 0.024219 0.022222
0 0.210938 0.338889 0.021875 0.016667
0 0.242578 0.264583 0.019531 0.018056
0 0.241406 0.243056 0.023438 0.019444
0 0.286719 0.252778 0.010937 0.041667
0 0.296875 0.252778 0.009375 0.044444
0 0.280469 0.366667 0.007813 0.033333
0 0.290625 0.364583 0.009375 0.031944
0 0.283203 0.390972 0.022656 0.018056
0 0.284375 0.438194 0.021875 0.020833
0 0.283594 0.486111 0.020312 0.025000
0 0.281250 0.511806 0.021875 0.015278
0 0.283984 0.536111 0.022656 0.019444
0 0.282422 0.560417 0.022656 0.023611
0 0.281641 0.586111 0.024219 0.019444
0 0.282422 0.608333 0.022656 0.016667
0 0.281641 0.634722 0.017969 0.019444
0 0.299609 0.619444 0.011719 0.036111
0 0.318750 0.611111 0.021875 0.016667
0 0.317187 0.584028 0.021875 0.018056
0 0.319531 0.561806 0.023438 0.020833
0 0.319141 0.535417 0.021094 0.015278
0 0.317578 0.514583 0.022656 0.018056
0 0.317969 0.491667 0.023438 0.016667
0 0.321094 0.464583 0.023438 0.020833
0 0.319141 0.416667 0.021094 0.019444
0 0.316016 0.386111 0.024219 0.019444
0 0.212891 0.820139 0.014844 0.031944
0 0.228906 0.884722 0.010937 0.036111
0 0.245703 0.823611 0.010156 0.033333
0 0.257031 0.819444 0.010937 0.036111
0 0.248437 0.751389 0.020312 0.022222
0 0.276172 0.824306 0.010156 0.040278
0 0.286328 0.818750 0.010156 0.043056
0 0.302344 0.818056 0.010937 0.036111
0 0.316406 0.824306 0.010937 0.040278
0 0.293359 0.786111 0.017969 0.022222
0 0.286719 0.691667 0.010937 0.036111
0 0.299219 0.700000 0.010937 0.041667
0 0.310937 0.693750 0.009375 0.040278
0 0.322266 0.701389 0.007031 0.033333
0 0.380469 0.397917 0.020312 0.018056
0 0.379297 0.376389 0.021094 0.019444
0 0.400000 0.350000 0.015625 0.016667
1 0.396484 0.327778 0.053906 0.022222
1 0.398438 0.251389 0.053125 0.019444
1 0.398828 0.225000 0.050781 0.022222
1 0.398438 0.179167 0.051562 0.027778
1 0.398828 0.152083 0.052344 0.023611
1 0.402344 0.125694 0.051562 0.023611
1 0.402734 0.102083 0.052344 0.023611
1 0.402734 0.077778 0.052344 0.022222
1 0.591406 0.302778 0.051562 0.019444
1 0.587500 0.014583 0.051562 0.026389
1 0.591406 0.328472 0.053125 0.023611
1 0.589453 0.375694 0.052344 0.023611
1 0.591016 0.399306 0.052344 0.020833
1 0.592969 0.424306 0.051562 0.020833
1 0.592188 0.447222 0.051562 0.019444
1 0.590234 0.474306 0.053906 0.023611
1 0.591406 0.520139 0.053125 0.020833
1 0.591797 0.544444 0.050781 0.022222
1 0.590625 0.618056 0.051562 0.022222
1 0.591016 0.640972 0.050781 0.020833
1 0.590625 0.688194 0.051562 0.020833
1 0.590625 0.713889 0.050000 0.019444
1 0.589844 0.759722 0.050000 0.027778
1 0.591016 0.787500 0.050781 0.022222
1 0.589453 0.833333 0.052344 0.027778
1 0.590234 0.858333 0.050781 0.022222
1 0.589844 0.881250 0.050000 0.023611
1 0.590234 0.904861 0.050781 0.023611
1 0.590625 0.929861 0.051562 0.023611
