0 0.067969 0.190278 0.010937 0.038889
0 0.067969 0.244444 0.010937 0.038889
0 0.086719 0.324306 0.010937 0.043056
0 0.097656 0.311806 0.010937 0.031944
0 0.126953 0.261111 0.010156 0.038889
0 0.139453 0.263194 0.011719 0.037500
0 0.069141 0.024306 0.010156 0.037500
0 0.071094 0.441667 0.009375 0.036111
0 0.100000 0.556944 0.012500 0.036111
0 0.073437 0.624306 0.010937 0.034722
0 0.074219 0.687500 0.014062 0.044444
0 0.085938 0.734028 0.009375 0.043056
0 0.076953 0.788889 0.011719 0.038889
0 0.080469 0.831250 0.009375 0.034722
0 0.091406 0.834028 0.009375 0.037500
0 0.109766 0.840972 0.010156 0.037500
0 0.089453 0.879167 0.010156 0.036111
0 0.219531 0.898611 0.012500 0.033333
0 0.243359 0.920833 0.011719 0.038889
0 0.253906 0.918750 0.010937 0.034722
0 0.284766 0.917361 0.010156 0.043056
0 0.272656 0.924306 0.010937 0.043056
0 0.299609 0.881250 0.016406 0.020833
0 0.300781 0.916667 0.010937 0.041667
0 0.314063 0.918056 0.010937 0.038889
0 0.285156 0.788194 0.009375 0.037500
0 0.296875 0.794444 0.009375 0.041667
0 0.308984 0.792361 0.010156 0.040278
0 0.319922 0.795833 0.008594 0.038889
0 0.279687 0.734722 0.018750 0.022222
0 0.297266 0.718750 0.010156 0.040278
0 0.315234 0.709722 0.019531 0.016667
0 0.278906 0.708333 0.021875 0.019444
0 0.278906 0.685417 0.023438 0.020833
0 0.279687 0.657639 0.021875 0.023611
0 0.281250 0.634722 0.021875 0.019444
0 0.278906 0.611111 0.020312 0.019444
0 0.279687 0.586111 0.023438 0.022222
0 0.280859 0.537500 0.022656 0.022222
0 0.280078 0.493750 0.024219 0.023611
0 0.313281 0.486806 0.023438 0.020833
0 0.316016 0.515278 0.021094 0.022222
0 0.316797 0.564583 0.024219 0.018056
0 0.315234 0.590278 0.021094 0.016667
0 0.313281 0.611111 0.020312 0.016667
0 0.315625 0.635417 0.021875 0.015278
0 0.317187 0.660417 0.023438 0.020833
0 0.314453 0.683333 0.024219 0.019444
0 0.278125 0.464583 0.009375 0.031944
0 0.287891 0.463194 0.010156 0.031944
0 0.207813 0.438889 0.021875 0.019444
0 0.209766 0.412500 0.024219 0.022222
0 0.208984 0.363889 0.021094 0.027778
0 0.239063 0.343056 0.025000 0.022222
0 0.240234 0.363194 0.019531 0.018056
0 0.282422 0.350694 0.010156 0.037500
0 0.294141 0.351389 0.010156 0.044444
0 0.376953 0.474306 0.019531 0.020833
0 0.378125 0.497222 0.018750 0.016667
0 0.396875 0.447917 0.017188 0.018056
1 0.393750 0.425000 0.053125 0.022222
1 0.395312 0.350694 0.053125 0.023611
1 0.395703 0.324306 0.052344 0.023611
1 0.395703 0.277778 0.053906 0.025000
1 0.395312 0.252083 0.053125 0.020833
1 0.399219 0.227083 0.053125 0.023611
1 0.399609 0.202083 0.053906 0.023611
1 0.399609 0.177778 0.052344 0.022222
0 0.397266 0.104861 0.022656 0.020833
1 0.399219 0.029861 0.051562 0.031944
0 0.307031 0.025000 0.023438 0.016667
0 0.307813 0.047222 0.025000 0.019444
0 0.232812 0.847917 0.021875 0.023611
1 0.588672 0.882639 0.050781 0.026389
1 0.587109 0.854167 0.050781 0.027778
1 0.587891 0.808333 0.050781 0.022222
1 0.587891 0.784028 0.050781 0.026389
1 0.587500 0.738194 0.051562 0.023611
1 0.585938 0.712500 0.051562 0.025000
1 0.587500 0.641667 0.051562 0.025000
1 0.587500 0.617361 0.054688 0.023611
1 0.587891 0.568056 0.052344 0.025000
1 0.587891 0.543056 0.053906 0.025000
1 0.589063 0.519444 0.054688 0.022222
1 0.587500 0.495833 0.051562 0.019444
1 0.587109 0.472917 0.053906 0.026389
1 0.587109 0.425694 0.053906 0.023611
1 0.587500 0.399306 0.051562 0.026389
1 0.583594 0.109028 0.053125 0.026389
1 0.588672 0.085417 0.052344 0.023611
1 0.589063 0.037500 0.051562 0.027778
