0 0.120703 0.154167 0.011719 0.041667
0 0.135937 0.200694 0.010937 0.043056
0 0.062500 0.299306 0.012500 0.034722
0 0.080859 0.339583 0.010156 0.040278
0 0.060547 0.464583 0.010156 0.040278
0 0.060156 0.518056 0.012500 0.038889
0 0.064062 0.714583 0.009375 0.031944
0 0.068750 0.897917 0.012500 0.037500
0 0.086719 0.882639 0.010937 0.043056
0 0.098828 0.859722 0.010156 0.041667
0 0.201172 0.717361 0.022656 0.018056
0 0.201953 0.693750 0.024219 0.023611
0 0.200391 0.647917 0.024219 0.020833
0 0.233203 0.643750 0.019531 0.018056
0 0.231250 0.622917 0.021875 0.023611
0 0.275391 0.633333 0.011719 0.038889
0 0.287109 0.632639 0.008594 0.040278
0 0.270312 0.745833 0.009375 0.033333
0 0.281250 0.743056 0.009375 0.033333
0 0.273828 0.772917 0.024219 0.020833
0 0.273438 0.819444 0.020312 0.016667
0 0.273828 0.866667 0.019531 0.019444
0 0.273438 0.891667 0.021875 0.019444
0 0.275781 0.916667 0.023438 0.022222
0 0.308594 0.917361 0.020312 0.018056
0 0.307031 0.892361 0.021875 0.020833
0 0.307422 0.872222 0.022656 0.019444
0 0.310547 0.845139 0.025781 0.020833
0 0.308594 0.795139 0.021875 0.020833
0 0.305859 0.766667 0.024219 0.022222
0 0.370703 0.778472 0.019531 0.018056
0 0.369141 0.756944 0.019531 0.019444
0 0.391016 0.729861 0.017969 0.018056
1 0.386719 0.708333 0.054688 0.025000
1 0.387891 0.634028 0.055469 0.023611
1 0.387109 0.609722 0.053906 0.022222
1 0.387891 0.560417 0.052344 0.023611
1 0.387500 0.536111 0.051562 0.025000
1 0.391016 0.511111 0.053906 0.022222
1 0.391406 0.486111 0.053125 0.025000
1 0.390234 0.462500 0.052344 0.022222
0 0.389453 0.387500 0.024219 0.019444
1 0.389844 0.312500 0.050000 0.027778
1 0.389844 0.286806 0.051562 0.023611
1 0.390625 0.238194 0.053125 0.023611
1 0.390234 0.211111 0.053906 0.022222
1 0.391406 0.161806 0.054688 0.023611
1 0.390625 0.136806 0.053125 0.023611
0 0.376563 0.094444 0.021875 0.016667
0 0.379687 0.113194 0.018750 0.018056
0 0.381250 0.054861 0.009375 0.040278
1 0.297656 0.067361 0.057813 0.029167
1 0.211328 0.180556 0.058594 0.025000
1 0.213672 0.226389 0.055469 0.025000
1 0.212891 0.277778 0.055469 0.022222
0 0.299609 0.154861 0.022656 0.018056
0 0.299219 0.178472 0.020312 0.015278
0 0.298438 0.200000 0.021875 0.016667
0 0.298438 0.218750 0.018750 0.018056
0 0.298438 0.240278 0.021875 0.019444
0 0.299219 0.261806 0.023438 0.018056
0 0.298828 0.287500 0.019531 0.019444
0 0.298438 0.307639 0.023438 0.015278
0 0.299219 0.329167 0.023438 0.019444
1 0.510547 0.259028 0.014844 0.093056
1 0.580078 0.021528 0.050781 0.020833
1 0.581250 0.044444 0.053125 0.025000
1 0.580469 0.072222 0.053125 0.025000
1 0.581250 0.097222 0.050000 0.025000
1 0.580469 0.193056 0.053125 0.027778
1 0.582422 0.241667 0.052344 0.027778
1 0.581250 0.288889 0.051562 0.025000
1 0.581250 0.312500 0.053125 0.022222
1 0.581641 0.359722 0.052344 0.022222
1 0.576563 0.388194 0.054688 0.026389
1 0.580859 0.675000 0.050781 0.022222
1 0.580078 0.700694 0.053906 0.020833
1 0.579687 0.747222 0.054688 0.025000
1 0.579687 0.771528 0.051562 0.018056
1 0.582812 0.795139 0.051562 0.023611
1 0.579297 0.818750 0.052344 0.020833
1 0.582031 0.843056 0.050000 0.022222
1 0.580078 0.888194 0.052344 0.029167
1 0.581250 0.915972 0.050000 0.020833
