0 0.121094 0.102083 0.010937 0.048611
0 0.132813 0.167361 0.009375 0.037500
0 0.055078 0.490278 0.011719 0.033333
0 0.053906 0.654861 0.010937 0.037500
0 0.055859 0.704861 0.013281 0.040278
0 0.075000 0.726389 0.012500 0.041667
0 0.058594 0.900694 0.012500 0.031944
0 0.195703 0.907639 0.022656 0.015278
0 0.196094 0.885417 0.023438 0.023611
0 0.194141 0.838889 0.022656 0.022222
0 0.224609 0.813194 0.022656 0.018056
0 0.227734 0.836806 0.021094 0.018056
0 0.267969 0.826389 0.010937 0.038889
0 0.279687 0.825000 0.009375 0.038889
0 0.290234 0.521528 0.022656 0.020833
0 0.290625 0.502778 0.021875 0.016667
0 0.291797 0.480556 0.022656 0.019444
0 0.291797 0.456250 0.021094 0.020833
0 0.291016 0.434722 0.022656 0.016667
0 0.290625 0.414583 0.015625 0.018056
0 0.291797 0.395139 0.022656 0.020833
0 0.292578 0.373611 0.022656 0.019444
0 0.291016 0.349306 0.019531 0.018056
1 0.205469 0.372917 0.057813 0.023611
1 0.205859 0.424306 0.055469 0.023611
1 0.205469 0.470833 0.057813 0.022222
1 0.289844 0.259722 0.054688 0.022222
0 0.373828 0.023611 0.010156 0.044444
0 0.372656 0.070139 0.010937 0.043056
0 0.371875 0.153472 0.009375 0.045833
0 0.373047 0.251389 0.008594 0.044444
0 0.368750 0.288889 0.021875 0.016667
0 0.371875 0.304861 0.015625 0.015278
1 0.383203 0.331250 0.052344 0.020833
1 0.383594 0.359722 0.053125 0.022222
1 0.382813 0.409722 0.053125 0.022222
1 0.382813 0.433333 0.053125 0.022222
1 0.383203 0.483333 0.053906 0.022222
1 0.383203 0.508333 0.052344 0.022222
0 0.381641 0.582639 0.024219 0.020833
1 0.383203 0.656250 0.052344 0.023611
1 0.383594 0.680556 0.053125 0.022222
1 0.384375 0.706250 0.051562 0.023611
1 0.380469 0.731944 0.053125 0.022222
1 0.381250 0.756944 0.053125 0.025000
1 0.380469 0.804861 0.051562 0.026389
1 0.379687 0.829167 0.053125 0.019444
1 0.377344 0.897917 0.054688 0.026389
0 0.383984 0.920833 0.017969 0.013889
1 0.574219 0.886111 0.053125 0.019444
1 0.572656 0.861806 0.051562 0.023611
1 0.505469 0.500694 0.015625 0.093056
1 0.567187 0.574306 0.054688 0.020833
1 0.573828 0.550000 0.052344 0.025000
1 0.573047 0.503472 0.052344 0.020833
1 0.573828 0.475694 0.050781 0.023611
1 0.573438 0.430556 0.051562 0.025000
1 0.572656 0.380556 0.050000 0.025000
1 0.571875 0.284722 0.054688 0.019444
1 0.571875 0.260417 0.051562 0.020833
1 0.571875 0.236111 0.051562 0.022222
1 0.571875 0.212500 0.051562 0.019444
0 0.564844 0.187500 0.023438 0.013889
0 0.561719 0.169444 0.021875 0.016667
1 0.573828 0.139583 0.050781 0.023611
1 0.572266 0.115278 0.050781 0.022222
1 0.572656 0.091667 0.050000 0.022222
1 0.572656 0.065972 0.051562 0.023611
1 0.573438 0.042361 0.048437 0.023611
1 0.571484 0.018056 0.052344 0.022222
0 0.473828 0.058333 0.013281 0.044444
0 0.441406 0.054167 0.023438 0.016667
1 0.432813 0.027083 0.054688 0.023611
1 0.431250 0.075000 0.050000 0.019444
1 0.432813 0.097917 0.050000 0.018056
1 0.434375 0.122222 0.050000 0.019444
1 0.440234 0.147917 0.052344 0.026389
0 0.473828 0.127778 0.011719 0.044444
0 0.396094 0.141667 0.010937 0.036111
