0 0.129688 0.061806 0.009375 0.043056
0 0.141406 0.134028 0.009375 0.043056
0 0.060156 0.563194 0.010937 0.034722
0 0.059375 0.726389 0.009375 0.038889
0 0.058984 0.779167 0.011719 0.038889
0 0.082031 0.893750 0.010937 0.040278
1 0.209766 0.450694 0.058594 0.026389
1 0.211328 0.497917 0.057031 0.023611
1 0.210938 0.547917 0.056250 0.026389
0 0.200000 0.911111 0.023438 0.019444
0 0.230859 0.888194 0.022656 0.020833
0 0.231641 0.910417 0.021094 0.020833
0 0.273438 0.897917 0.009375 0.043056
0 0.284375 0.897222 0.009375 0.038889
0 0.294531 0.597222 0.023438 0.019444
0 0.296094 0.577083 0.023438 0.020833
0 0.297266 0.554167 0.022656 0.016667
0 0.296875 0.530556 0.020312 0.019444
0 0.295312 0.509028 0.021875 0.020833
0 0.294531 0.487500 0.017188 0.016667
0 0.295703 0.467361 0.021094 0.015278
0 0.296484 0.446528 0.021094 0.018056
0 0.294141 0.423611 0.019531 0.019444
1 0.295312 0.336111 0.056250 0.025000
0 0.378125 0.053472 0.009375 0.043056
0 0.378125 0.147222 0.009375 0.041667
0 0.378125 0.097917 0.009375 0.040278
0 0.378125 0.325000 0.009375 0.041667
0 0.372656 0.362500 0.021875 0.016667
0 0.377344 0.383333 0.017188 0.019444
1 0.387500 0.410417 0.053125 0.023611
1 0.386328 0.434028 0.053906 0.020833
1 0.387891 0.484722 0.052344 0.022222
1 0.388281 0.510417 0.051562 0.026389
1 0.388672 0.559028 0.052344 0.023611
1 0.386719 0.584722 0.051562 0.025000
0 0.386719 0.655556 0.023438 0.025000
1 0.388672 0.730556 0.052344 0.025000
1 0.388672 0.757639 0.052344 0.023611
1 0.388672 0.780556 0.050781 0.022222
1 0.386328 0.803472 0.052344 0.020833
1 0.385156 0.831250 0.051562 0.026389
1 0.385156 0.877778 0.051562 0.030556
1 0.384766 0.903472 0.053906 0.020833
1 0.512109 0.597917 0.016406 0.093056
1 0.573047 0.647917 0.053906 0.020833
1 0.577734 0.621528 0.053906 0.023611
1 0.577344 0.576389 0.053125 0.022222
1 0.577734 0.550694 0.050781 0.023611
1 0.577734 0.500694 0.052344 0.023611
1 0.576172 0.454167 0.050781 0.019444
1 0.577344 0.356944 0.050000 0.022222
1 0.578516 0.336111 0.052344 0.025000
1 0.577344 0.308333 0.053125 0.022222
1 0.576172 0.284028 0.052344 0.020833
0 0.568750 0.261806 0.023438 0.015278
0 0.565625 0.240972 0.023438 0.018056
1 0.577344 0.215278 0.051562 0.025000
1 0.577344 0.189583 0.053125 0.026389
1 0.577344 0.164583 0.053125 0.020833
1 0.576563 0.140972 0.051562 0.023611
1 0.576563 0.116667 0.051562 0.022222
1 0.576563 0.092361 0.054688 0.023611
0 0.562109 0.071528 0.021094 0.020833
0 0.573438 0.045139 0.023438 0.018056
0 0.430859 0.032639 0.024219 0.018056
1 0.435156 0.052778 0.053125 0.019444
1 0.437500 0.075694 0.053125 0.018056
1 0.436328 0.100000 0.053906 0.025000
0 0.445313 0.126389 0.021875 0.019444
0 0.477734 0.132639 0.011719 0.045833
0 0.477344 0.204861 0.010937 0.037500
1 0.436328 0.147222 0.050781 0.019444
1 0.438281 0.173611 0.051562 0.019444
1 0.439063 0.195833 0.053125 0.025000
1 0.442969 0.221528 0.048437 0.020833
0 0.401563 0.219444 0.010937 0.036111
