0 0.169141 0.025000 0.011719 0.038889
0 0.084375 0.655556 0.009375 0.036111
0 0.083984 0.818750 0.010156 0.037500
0 0.083984 0.872917 0.010156 0.034722
1 0.235156 0.546528 0.057813 0.020833
1 0.235938 0.594444 0.057813 0.022222
1 0.235547 0.643056 0.055469 0.027778
1 0.320313 0.434722 0.056250 0.025000
0 0.321094 0.522222 0.021875 0.019444
0 0.321484 0.545139 0.021094 0.018056
0 0.322266 0.565972 0.022656 0.018056
0 0.320703 0.586111 0.016406 0.016667
0 0.321484 0.606944 0.019531 0.019444
0 0.321875 0.627083 0.021875 0.018056
0 0.321484 0.651389 0.021094 0.016667
0 0.323047 0.672222 0.021094 0.019444
0 0.321094 0.694444 0.020312 0.019444
0 0.412891 0.753472 0.022656 0.020833
1 0.414844 0.826389 0.054688 0.025000
1 0.415625 0.854167 0.053125 0.025000
1 0.415625 0.878472 0.051562 0.023611
1 0.412500 0.902778 0.053125 0.027778
1 0.414063 0.680556 0.053125 0.025000
1 0.414844 0.656944 0.051562 0.025000
1 0.414844 0.605556 0.054688 0.019444
1 0.414453 0.581944 0.052344 0.027778
1 0.413672 0.531944 0.050781 0.019444
1 0.413672 0.506944 0.052344 0.022222
0 0.401563 0.479861 0.015625 0.015278
0 0.399219 0.460417 0.023438 0.018056
0 0.403516 0.421528 0.008594 0.037500
0 0.403906 0.321528 0.009375 0.040278
0 0.403125 0.240972 0.009375 0.040278
0 0.403125 0.190972 0.009375 0.037500
0 0.405078 0.147222 0.008594 0.041667
0 0.403516 0.094444 0.010156 0.038889
0 0.403125 0.044444 0.009375 0.038889
0 0.460547 0.027778 0.022656 0.016667
1 0.446484 0.049306 0.050781 0.020833
1 0.446875 0.072917 0.050000 0.020833
1 0.448828 0.100000 0.049219 0.025000
0 0.455078 0.125000 0.021094 0.016667
1 0.458984 0.146528 0.047656 0.018056
1 0.460156 0.170139 0.051562 0.020833
1 0.462109 0.195833 0.052344 0.025000
0 0.471875 0.220833 0.021875 0.019444
1 0.461719 0.240278 0.048437 0.019444
1 0.464063 0.265278 0.050000 0.022222
1 0.464453 0.290278 0.050781 0.016667
1 0.468750 0.315972 0.050000 0.020833
0 0.426172 0.306250 0.008594 0.040278
0 0.502734 0.225000 0.011719 0.047222
0 0.502734 0.294444 0.013281 0.041667
1 0.540625 0.741667 0.017188 0.100000
1 0.598828 0.741667 0.055469 0.025000
1 0.603125 0.716667 0.053125 0.022222
1 0.603516 0.669444 0.052344 0.025000
1 0.603516 0.645139 0.052344 0.023611
1 0.603516 0.596528 0.052344 0.023611
1 0.603516 0.547917 0.050781 0.023611
1 0.602344 0.452778 0.053125 0.025000
1 0.601953 0.427083 0.052344 0.023611
1 0.601953 0.404861 0.052344 0.023611
1 0.603125 0.380556 0.051562 0.022222
0 0.594141 0.356250 0.024219 0.015278
0 0.592188 0.333333 0.023438 0.016667
1 0.603516 0.307639 0.053906 0.023611
1 0.602734 0.281250 0.050781 0.018056
1 0.602734 0.259722 0.050781 0.022222
1 0.603516 0.233333 0.050781 0.022222
1 0.601953 0.210417 0.052344 0.023611
1 0.602344 0.185417 0.054688 0.020833
0 0.587891 0.163194 0.019531 0.015278
0 0.598437 0.139583 0.023438 0.018056
1 0.603516 0.092361 0.055469 0.023611
1 0.603125 0.040278 0.051562 0.025000
1 0.604688 0.015972 0.048437 0.023611
