0 0.097656 0.865972 0.010937 0.034722
0 0.167969 0.884028 0.010937 0.037500
1 0.247656 0.764583 0.054688 0.020833
1 0.248828 0.811111 0.055469 0.022222
1 0.248828 0.861111 0.055469 0.027778
1 0.332031 0.650000 0.053125 0.022222
0 0.334375 0.736111 0.021875 0.022222
0 0.334375 0.761111 0.021875 0.019444
0 0.334375 0.781250 0.021875 0.020833
0 0.332812 0.802083 0.017188 0.015278
0 0.334375 0.822917 0.018750 0.020833
0 0.335156 0.845833 0.023438 0.019444
0 0.335156 0.868056 0.023438 0.019444
0 0.334766 0.888889 0.022656 0.022222
0 0.334766 0.911806 0.022656 0.018056
1 0.426953 0.900000 0.052344 0.022222
1 0.426953 0.872222 0.050781 0.025000
1 0.427734 0.826389 0.052344 0.025000
1 0.426562 0.797917 0.053125 0.029167
1 0.426562 0.750000 0.053125 0.022222
1 0.427344 0.723611 0.051562 0.025000
0 0.414844 0.696528 0.017188 0.015278
0 0.413281 0.676389 0.020312 0.016667
0 0.417188 0.638194 0.009375 0.043056
0 0.415625 0.536806 0.010937 0.037500
0 0.416406 0.458333 0.009375 0.041667
0 0.417188 0.404861 0.010937 0.037500
0 0.417578 0.363194 0.010156 0.040278
0 0.417188 0.309722 0.009375 0.041667
0 0.416406 0.256250 0.010937 0.040278
0 0.416406 0.205556 0.010937 0.036111
0 0.416797 0.165278 0.008594 0.041667
0 0.416797 0.121528 0.008594 0.034722
0 0.437109 0.515972 0.014844 0.045833
1 0.482812 0.525694 0.050000 0.020833
1 0.476172 0.503472 0.052344 0.023611
1 0.475391 0.477778 0.050781 0.022222
1 0.474219 0.454167 0.050000 0.022222
0 0.483594 0.431944 0.020312 0.016667
1 0.473828 0.404861 0.050781 0.023611
1 0.473828 0.381944 0.050781 0.025000
1 0.472656 0.359028 0.051562 0.020833
0 0.468750 0.334028 0.021875 0.015278
1 0.461328 0.310417 0.049219 0.020833
1 0.460547 0.285417 0.052344 0.020833
1 0.460156 0.261806 0.053125 0.020833
0 0.473437 0.236806 0.023438 0.020833
1 0.460156 0.191667 0.051562 0.027778
1 0.459375 0.165278 0.053125 0.025000
1 0.458594 0.140972 0.051562 0.023611
1 0.459375 0.116667 0.053125 0.025000
0 0.515625 0.435417 0.010937 0.045833
0 0.516016 0.504861 0.011719 0.040278
1 0.616406 0.882639 0.053125 0.026389
1 0.617188 0.856250 0.051562 0.023611
1 0.616016 0.804861 0.052344 0.029167
1 0.616016 0.759028 0.052344 0.023611
1 0.614844 0.663194 0.053125 0.020833
1 0.614844 0.640278 0.053125 0.022222
1 0.614844 0.618056 0.053125 0.022222
1 0.615625 0.591667 0.051562 0.019444
0 0.606641 0.566667 0.024219 0.019444
0 0.604297 0.544444 0.022656 0.016667
1 0.616016 0.518750 0.049219 0.018056
1 0.615625 0.494444 0.051562 0.025000
1 0.616406 0.470139 0.053125 0.023611
1 0.615234 0.447222 0.050781 0.022222
1 0.614844 0.419444 0.051562 0.022222
1 0.615625 0.397222 0.054688 0.022222
0 0.599219 0.375694 0.021875 0.018056
0 0.610937 0.349306 0.023438 0.018056
1 0.617578 0.301389 0.050781 0.022222
1 0.614844 0.252083 0.053125 0.020833
1 0.616016 0.225694 0.052344 0.023611
0 0.603906 0.203472 0.018750 0.015278
1 0.616016 0.180556 0.052344 0.022222
0 0.612109 0.107639 0.019531 0.020833
1 0.613672 0.083333 0.053906 0.027778
1 0.614453 0.035417 0.052344 0.023611
0 0.452734 0.025000 0.022656 0.019444
