0 0.168359 0.852778 0.011719 0.041667
1 0.331250 0.836806 0.053125 0.026389
0 0.331641 0.918750 0.019531 0.020833
1 0.423438 0.909722 0.053125 0.027778
0 0.412109 0.877778 0.017969 0.019444
0 0.409375 0.856944 0.021875 0.019444
0 0.414844 0.822222 0.009375 0.044444
0 0.413281 0.721528 0.010937 0.040278
0 0.413672 0.639583 0.010156 0.043056
0 0.414063 0.590278 0.009375 0.041667
0 0.413281 0.544444 0.009375 0.038889
0 0.413281 0.489583 0.010937 0.040278
0 0.413281 0.438194 0.010937 0.040278
0 0.414063 0.386806 0.010937 0.034722
0 0.414063 0.345139 0.009375 0.037500
0 0.414453 0.299306 0.011719 0.034722
1 0.456250 0.297222 0.053125 0.027778
1 0.456250 0.322222 0.053125 0.022222
1 0.457812 0.345139 0.053125 0.020833
1 0.457031 0.371528 0.054688 0.020833
0 0.470313 0.415972 0.021875 0.015278
1 0.458203 0.443056 0.050781 0.025000
1 0.457031 0.465278 0.050000 0.022222
1 0.459375 0.490972 0.053125 0.023611
0 0.464453 0.513889 0.022656 0.019444
1 0.469922 0.537500 0.050781 0.022222
1 0.471484 0.560417 0.049219 0.020833
1 0.471094 0.585417 0.050000 0.023611
0 0.480859 0.607639 0.022656 0.015278
1 0.471094 0.633333 0.051562 0.022222
1 0.473047 0.657639 0.050781 0.020833
1 0.473437 0.683333 0.050000 0.025000
1 0.480078 0.706944 0.050781 0.022222
0 0.512500 0.681250 0.010937 0.043056
0 0.512500 0.611111 0.010937 0.052778
0 0.436328 0.696528 0.011719 0.045833
0 0.450391 0.205556 0.024219 0.016667
0 0.505469 0.125000 0.021875 0.022222
0 0.496875 0.077778 0.020312 0.016667
0 0.494141 0.053472 0.022656 0.015278
0 0.519141 0.053472 0.022656 0.020833
0 0.611328 0.120833 0.021094 0.022222
1 0.611719 0.161806 0.053125 0.023611
0 0.600000 0.190972 0.020312 0.018056
1 0.612109 0.215972 0.052344 0.026389
1 0.611328 0.261806 0.052344 0.026389
0 0.609375 0.287500 0.020312 0.016667
1 0.611719 0.361806 0.054688 0.026389
0 0.601563 0.385417 0.018750 0.015278
1 0.612500 0.407639 0.050000 0.020833
1 0.611328 0.432639 0.050781 0.023611
1 0.612500 0.484028 0.054688 0.023611
0 0.607422 0.527083 0.021094 0.018056
0 0.596484 0.552778 0.022656 0.016667
1 0.611328 0.575694 0.053906 0.020833
1 0.612500 0.602083 0.051562 0.020833
1 0.612891 0.626389 0.050781 0.022222
1 0.612500 0.651389 0.051562 0.022222
1 0.612891 0.673611 0.050781 0.022222
1 0.612500 0.698611 0.051562 0.025000
0 0.600781 0.722917 0.021875 0.015278
0 0.603516 0.745139 0.024219 0.018056
1 0.612500 0.771528 0.051562 0.020833
1 0.612891 0.796528 0.052344 0.020833
1 0.612891 0.819444 0.049219 0.025000
1 0.610937 0.840972 0.050000 0.020833
