0 0.169922 0.851389 0.010156 0.033333
0 0.407813 0.600000 0.009375 0.030556
0 0.409375 0.648611 0.009375 0.041667
0 0.408203 0.693056 0.010156 0.036111
0 0.408594 0.743750 0.009375 0.040278
0 0.408203 0.795139 0.010156 0.034722
0 0.408594 0.850694 0.010937 0.040278
0 0.408594 0.894444 0.010937 0.041667
0 0.475781 0.909028 0.020312 0.018056
0 0.506641 0.908333 0.011719 0.050000
1 0.465234 0.886806 0.050781 0.023611
1 0.464844 0.864583 0.051562 0.020833
1 0.463672 0.840972 0.050781 0.023611
0 0.459375 0.814583 0.021875 0.020833
1 0.452344 0.794444 0.050000 0.019444
1 0.451172 0.768056 0.050781 0.019444
1 0.452344 0.745139 0.050000 0.020833
0 0.464844 0.718750 0.025000 0.015278
1 0.450000 0.673611 0.050000 0.025000
1 0.450000 0.651389 0.050000 0.022222
1 0.450391 0.628472 0.052344 0.026389
1 0.450781 0.602778 0.054688 0.025000
0 0.498828 0.429167 0.022656 0.016667
0 0.491797 0.381944 0.021094 0.022222
0 0.487891 0.359028 0.022656 0.020833
0 0.511719 0.359722 0.021875 0.016667
1 0.491406 0.284028 0.051562 0.026389
1 0.492578 0.211111 0.052344 0.022222
0 0.502344 0.185417 0.023438 0.018056
1 0.491016 0.163889 0.050781 0.022222
0 0.477344 0.116667 0.023438 0.019444
0 0.501953 0.114583 0.022656 0.020833
0 0.498047 0.093750 0.024219 0.020833
1 0.489453 0.064583 0.052344 0.026389
1 0.554297 0.163889 0.017969 0.100000
1 0.598047 0.031250 0.052344 0.020833
1 0.596875 0.058333 0.048437 0.022222
0 0.600781 0.105556 0.021875 0.016667
0 0.595703 0.128472 0.022656 0.018056
0 0.591797 0.153472 0.022656 0.018056
0 0.596875 0.176389 0.021875 0.019444
0 0.591016 0.201389 0.022656 0.019444
0 0.603125 0.425000 0.020312 0.019444
1 0.604297 0.469444 0.053906 0.019444
0 0.592578 0.494444 0.021094 0.016667
1 0.604688 0.518750 0.051562 0.020833
1 0.605078 0.566667 0.053906 0.022222
0 0.601563 0.590972 0.018750 0.015278
1 0.604688 0.662500 0.051562 0.022222
0 0.594922 0.686111 0.021094 0.019444
1 0.606250 0.711806 0.054688 0.023611
1 0.604688 0.736111 0.051562 0.022222
1 0.605859 0.785417 0.050781 0.026389
0 0.601563 0.829861 0.023438 0.020833
0 0.590625 0.854861 0.023438 0.020833
1 0.605078 0.877778 0.052344 0.022222
1 0.606250 0.903472 0.050000 0.020833
1 0.606641 0.927083 0.050781 0.020833
0 0.160547 0.055556 0.010156 0.038889
0 0.173828 0.082639 0.010156 0.043056
