0 0.161719 0.094444 0.010937 0.041667
0 0.174219 0.127778 0.009375 0.041667
0 0.169141 0.847222 0.010156 0.036111
0 0.485938 0.450000 0.021875 0.019444
0 0.510547 0.449306 0.021094 0.020833
0 0.489453 0.473611 0.017969 0.019444
0 0.498047 0.520139 0.021094 0.020833
0 0.406250 0.692361 0.009375 0.029167
0 0.407422 0.742361 0.010156 0.034722
0 0.407422 0.784722 0.008594 0.036111
0 0.406641 0.836111 0.008594 0.038889
0 0.406250 0.887500 0.009375 0.036111
0 0.462891 0.808333 0.022656 0.016667
0 0.458984 0.904861 0.024219 0.018056
1 0.450781 0.885417 0.048437 0.023611
1 0.449219 0.862500 0.051562 0.019444
1 0.449609 0.838194 0.052344 0.026389
1 0.448438 0.765278 0.050000 0.022222
1 0.448438 0.743056 0.050000 0.019444
1 0.448828 0.718056 0.050781 0.025000
1 0.448438 0.693056 0.053125 0.022222
0 0.600000 0.918750 0.023438 0.018056
1 0.604297 0.875694 0.052344 0.026389
1 0.603516 0.828472 0.049219 0.020833
1 0.604297 0.802083 0.049219 0.023611
0 0.591797 0.777778 0.017969 0.016667
1 0.603125 0.756944 0.051562 0.022222
0 0.600781 0.682639 0.018750 0.015278
1 0.603516 0.657639 0.050781 0.023611
1 0.602344 0.611806 0.050000 0.023611
0 0.591797 0.588194 0.022656 0.020833
1 0.603125 0.562500 0.051562 0.027778
0 0.602344 0.515278 0.021875 0.022222
0 0.587891 0.293056 0.021094 0.019444
0 0.594922 0.270139 0.021094 0.018056
0 0.588672 0.246528 0.022656 0.020833
0 0.594922 0.220139 0.019531 0.020833
0 0.598047 0.200000 0.021094 0.019444
1 0.594922 0.151389 0.047656 0.022222
1 0.596094 0.125000 0.050000 0.022222
1 0.595703 0.101389 0.050781 0.022222
1 0.595312 0.077778 0.051562 0.025000
1 0.595312 0.052083 0.051562 0.023611
1 0.593750 0.026389 0.051562 0.019444
1 0.552344 0.182639 0.012500 0.095833
1 0.488281 0.159028 0.053125 0.026389
0 0.494922 0.184722 0.024219 0.016667
0 0.475000 0.207639 0.021875 0.018056
0 0.498437 0.208333 0.021875 0.019444
1 0.489453 0.255556 0.050781 0.022222
0 0.499219 0.280556 0.018750 0.016667
1 0.491797 0.306250 0.052344 0.023611
1 0.491797 0.376389 0.052344 0.025000
0 0.442969 0.600000 0.023438 0.019444
0 0.397656 0.108333 0.010937 0.041667
