0 0.169531 0.233333 0.012500 0.044444
0 0.183594 0.240278 0.010937 0.044444
0 0.197656 0.233333 0.010937 0.038889
0 0.279297 0.066667 0.021094 0.016667
0 0.357422 0.081250 0.024219 0.026389
0 0.257031 0.203472 0.010937 0.040278
0 0.192969 0.287500 0.010937 0.038889
0 0.180469 0.302778 0.010937 0.038889
0 0.167187 0.286111 0.012500 0.038889
0 0.162109 0.346528 0.011719 0.043056
0 0.159766 0.404167 0.010156 0.041667
0 0.175781 0.370139 0.007813 0.029167
1 0.187109 0.362500 0.016406 0.080556
0 0.172266 0.427083 0.010156 0.040278
0 0.158203 0.459722 0.010156 0.036111
0 0.155469 0.513889 0.010937 0.041667
0 0.171094 0.476389 0.010937 0.038889
0 0.168359 0.552778 0.011719 0.044444
0 0.164063 0.616667 0.012500 0.041667
0 0.162500 0.708333 0.012500 0.038889
0 0.487109 0.578472 0.008594 0.037500
0 0.499219 0.544444 0.010937 0.041667
0 0.502734 0.600000 0.010156 0.044444
0 0.489453 0.620833 0.010156 0.038889
1 0.474609 0.756250 0.053906 0.026389
0 0.483594 0.782639 0.023438 0.018056
0 0.462500 0.804861 0.021875 0.020833
0 0.487109 0.803472 0.022656 0.020833
1 0.476953 0.853472 0.053906 0.026389
0 0.486328 0.877083 0.021094 0.020833
1 0.479688 0.902083 0.051562 0.026389
0 0.576563 0.887500 0.020312 0.016667
0 0.582031 0.865278 0.021875 0.019444
0 0.577734 0.841667 0.022656 0.019444
0 0.581641 0.816667 0.022656 0.019444
0 0.586328 0.794444 0.022656 0.019444
1 0.582422 0.749306 0.047656 0.023611
1 0.583594 0.727083 0.050000 0.018056
1 0.582812 0.701389 0.051562 0.022222
1 0.582812 0.654167 0.051562 0.025000
1 0.583594 0.679167 0.050000 0.022222
1 0.583203 0.629861 0.047656 0.020833
1 0.579687 0.604167 0.048437 0.022222
0 0.569922 0.412500 0.019531 0.019444
0 0.569531 0.434722 0.021875 0.019444
0 0.570703 0.455556 0.024219 0.016667
0 0.568359 0.476389 0.022656 0.016667
0 0.568359 0.505556 0.022656 0.019444
0 0.582812 0.529167 0.020312 0.022222
0 0.828125 0.333333 0.020312 0.030556
0 0.385938 0.705556 0.012500 0.038889
