0 0.163672 0.691667 0.010156 0.038889
0 0.166406 0.623611 0.012500 0.041667
0 0.169531 0.556944 0.012500 0.044444
0 0.157031 0.520139 0.010937 0.037500
0 0.173438 0.486806 0.009375 0.040278
0 0.159375 0.465278 0.009375 0.033333
0 0.161328 0.411111 0.011719 0.038889
0 0.173828 0.435417 0.011719 0.040278
1 0.187500 0.371528 0.015625 0.081944
0 0.163281 0.352083 0.010937 0.037500
0 0.169141 0.294444 0.011719 0.041667
0 0.171094 0.240278 0.010937 0.038889
0 0.184766 0.250000 0.011719 0.036111
0 0.198437 0.238889 0.009375 0.036111
0 0.193359 0.295833 0.011719 0.041667
0 0.180078 0.310417 0.010156 0.037500
0 0.257422 0.213194 0.013281 0.040278
0 0.279687 0.077083 0.021875 0.026389
0 0.358203 0.090972 0.022656 0.029167
0 0.829297 0.338194 0.019531 0.029167
1 0.478906 0.907639 0.053125 0.023611
0 0.486719 0.884028 0.020312 0.018056
1 0.478125 0.863194 0.054688 0.026389
0 0.463281 0.811806 0.023438 0.020833
0 0.485156 0.790278 0.021875 0.019444
0 0.488281 0.812500 0.021875 0.019444
1 0.475391 0.765278 0.050781 0.025000
0 0.576953 0.895833 0.019531 0.016667
0 0.584375 0.872917 0.020312 0.020833
0 0.578125 0.848611 0.023438 0.019444
0 0.582422 0.823611 0.022656 0.019444
0 0.587500 0.802083 0.023438 0.020833
1 0.583594 0.756944 0.050000 0.025000
1 0.585547 0.731944 0.052344 0.025000
1 0.584375 0.708333 0.053125 0.025000
1 0.584766 0.684028 0.050781 0.023611
1 0.584375 0.661111 0.051562 0.022222
1 0.582812 0.636806 0.051562 0.023611
1 0.580469 0.611111 0.050000 0.022222
0 0.583984 0.536111 0.021094 0.019444
0 0.569922 0.510417 0.022656 0.018056
0 0.568359 0.483333 0.022656 0.022222
0 0.571875 0.462500 0.026563 0.022222
0 0.569531 0.440972 0.021875 0.020833
0 0.568750 0.420139 0.020312 0.023611
0 0.500781 0.553472 0.009375 0.043056
0 0.487891 0.588194 0.010156 0.037500
0 0.488672 0.627083 0.010156 0.034722
0 0.503906 0.607639 0.009375 0.045833
