0 0.164844 0.692361 0.010937 0.037500
0 0.166797 0.626389 0.010156 0.038889
0 0.169922 0.561111 0.010156 0.038889
0 0.157422 0.522917 0.010156 0.037500
0 0.173047 0.489583 0.010156 0.037500
0 0.160938 0.471528 0.010937 0.040278
0 0.160938 0.413889 0.012500 0.044444
0 0.175781 0.436111 0.010937 0.038889
0 0.162891 0.354861 0.010156 0.040278
0 0.177734 0.383333 0.007031 0.030556
1 0.189453 0.375000 0.016406 0.080556
0 0.168359 0.297917 0.011719 0.037500
0 0.171875 0.243056 0.009375 0.038889
0 0.185547 0.253472 0.010156 0.034722
0 0.197656 0.241667 0.010937 0.038889
0 0.194141 0.298611 0.011719 0.038889
0 0.182031 0.312500 0.010937 0.044444
0 0.258203 0.216667 0.013281 0.038889
0 0.280859 0.081944 0.021094 0.025000
0 0.358984 0.093056 0.022656 0.030556
0 0.828516 0.341667 0.019531 0.033333
1 0.479297 0.911111 0.052344 0.027778
0 0.487500 0.886111 0.018750 0.019444
1 0.478906 0.865278 0.051562 0.022222
0 0.464453 0.814583 0.021094 0.020833
0 0.485547 0.791667 0.024219 0.019444
0 0.488281 0.813889 0.021875 0.016667
1 0.475000 0.768750 0.053125 0.023611
0 0.489844 0.630556 0.010937 0.033333
0 0.489062 0.590278 0.009375 0.041667
0 0.500781 0.557639 0.009375 0.043056
0 0.505469 0.611806 0.009375 0.045833
0 0.578125 0.899306 0.020312 0.018056
0 0.584375 0.875694 0.020312 0.018056
0 0.578906 0.851389 0.025000 0.019444
0 0.582422 0.828472 0.022656 0.015278
0 0.587891 0.804861 0.022656 0.018056
1 0.583594 0.760417 0.050000 0.023611
1 0.584766 0.736111 0.052344 0.025000
1 0.584766 0.711111 0.052344 0.022222
1 0.583984 0.690278 0.050781 0.025000
1 0.584375 0.665278 0.053125 0.025000
1 0.583203 0.640972 0.050781 0.023611
1 0.581250 0.614583 0.048437 0.023611
0 0.583594 0.537500 0.021875 0.022222
0 0.569922 0.513889 0.024219 0.019444
0 0.568750 0.487500 0.021875 0.025000
0 0.570703 0.464583 0.025781 0.018056
0 0.569922 0.445139 0.022656 0.018056
0 0.570703 0.425000 0.021094 0.025000
