0 0.164453 0.156944 0.010156 0.041667
1 0.142578 0.338194 0.019531 0.084722
0 0.162500 0.262500 0.012500 0.047222
0 0.156250 0.395139 0.009375 0.040278
0 0.151172 0.570139 0.008594 0.043056
0 0.145703 0.699306 0.011719 0.037500
0 0.140625 0.843056 0.012500 0.038889
0 0.169922 0.797222 0.010156 0.033333
0 0.272266 0.085417 0.011719 0.037500
0 0.402734 0.588194 0.011719 0.040278
0 0.491016 0.930556 0.022656 0.019444
1 0.494531 0.863194 0.051562 0.023611
1 0.494531 0.789583 0.054688 0.020833
0 0.503125 0.762500 0.018750 0.016667
1 0.494141 0.742361 0.053906 0.020833
0 0.478516 0.690278 0.022656 0.019444
0 0.501953 0.668056 0.022656 0.019444
0 0.502344 0.690278 0.023438 0.016667
1 0.492188 0.640972 0.053125 0.020833
0 0.592969 0.776389 0.018750 0.016667
0 0.600000 0.751389 0.021875 0.019444
0 0.594531 0.729861 0.023438 0.020833
0 0.598828 0.704861 0.024219 0.023611
0 0.605078 0.682639 0.021094 0.023611
1 0.600391 0.636806 0.047656 0.020833
1 0.601953 0.611806 0.052344 0.023611
1 0.600000 0.588194 0.051562 0.023611
1 0.599609 0.564583 0.050781 0.023611
1 0.600000 0.540278 0.051562 0.022222
1 0.599609 0.515278 0.049219 0.022222
1 0.598047 0.490278 0.047656 0.022222
0 0.600781 0.413889 0.020312 0.016667
0 0.587891 0.390278 0.022656 0.019444
0 0.585938 0.362500 0.023438 0.016667
0 0.587891 0.338889 0.024219 0.016667
0 0.586328 0.319444 0.019531 0.016667
0 0.587109 0.297917 0.022656 0.020833
0 0.516797 0.433333 0.010156 0.036111
0 0.505078 0.466667 0.010156 0.041667
0 0.505469 0.507639 0.009375 0.037500
0 0.521094 0.486111 0.009375 0.041667
0 0.847656 0.216667 0.018750 0.030556
