0 0.920312 0.253704 0.013542 0.043519
0 0.872656 0.278472 0.018750 0.027315
0 0.924740 0.302546 0.011979 0.040278
0 0.698047 0.012500 0.020573 0.024074
0 0.779687 0.294213 0.020313 0.028241
0 0.817318 0.331481 0.023698 0.027778
0 0.986068 0.454398 0.024740 0.021759
0 0.935286 0.492361 0.026302 0.020833
0 0.923568 0.468287 0.022656 0.018981
0 0.887891 0.477315 0.021615 0.020370
0 0.907682 0.500231 0.025781 0.019907
0 0.851823 0.484722 0.024479 0.019444
0 0.795182 0.513889 0.025260 0.018519
0 0.834115 0.517593 0.025521 0.020370
2 0.819271 0.485417 0.029687 0.018981
0 0.757943 0.519676 0.024219 0.018981
0 0.778906 0.488194 0.024479 0.017130
0 0.696745 0.527083 0.024740 0.020833
2 0.738932 0.488657 0.044531 0.024537
0 0.686068 0.486806 0.023177 0.016204
0 0.184635 0.448843 0.024479 0.018981
0 0.142318 0.443519 0.025260 0.017593
0 0.107031 0.437963 0.023958 0.019444
0 0.023177 0.428009 0.025000 0.018981
0 0.472135 0.048843 0.015625 0.042130
0 0.454688 0.026157 0.011458 0.031944
0 0.464844 0.077778 0.014583 0.043519
0 0.150911 0.326157 0.023698 0.019907
0 0.486198 0.100463 0.014583 0.041667
0 0.511979 0.139815 0.014063 0.038889
0 0.474219 0.134259 0.013542 0.042593
0 0.497786 0.153241 0.014844 0.041667
2 0.498437 0.082407 0.016146 0.047222
0 0.507422 0.207407 0.014323 0.040741
0 0.487370 0.197222 0.013281 0.042593
0 0.526693 0.201389 0.014844 0.039815
0 0.497005 0.246991 0.013802 0.042130
0 0.538281 0.253935 0.014583 0.040278
0 0.520052 0.264815 0.015625 0.046296
2 0.474349 0.235880 0.013281 0.048611
0 0.170573 0.619213 0.023958 0.018056
0 0.595052 0.950231 0.018750 0.039352
0 0.638672 0.911111 0.022656 0.020370
0 0.320833 0.937037 0.023438 0.019444
0 0.322656 0.915741 0.025000 0.018519
0 0.323047 0.896528 0.023698 0.018981
0 0.323958 0.876389 0.023958 0.018519
0 0.323698 0.854861 0.023438 0.018981
0 0.295833 0.871065 0.022396 0.019907
0 0.295573 0.892130 0.023438 0.020370
0 0.294010 0.911111 0.023438 0.020370
0 0.293880 0.931713 0.023698 0.019907
0 0.246615 0.906250 0.025521 0.020833
0 0.244010 0.925463 0.023438 0.017593
0 0.248307 0.844444 0.023698 0.018519
0 0.184635 0.812963 0.022396 0.017593
0 0.121094 0.808565 0.012500 0.043056
0 0.173047 0.976852 0.024740 0.020370
0 0.319010 0.391667 0.021875 0.018519
1 0.799870 0.404398 0.056510 0.025463
0 0.604167 0.456944 0.021875 0.016667
0 0.081771 0.384259 0.024479 0.018519
2 0.888672 0.628704 0.024740 0.026852
0 0.101823 0.959722 0.022396 0.017593
0 0.873568 0.510648 0.025260 0.018519
1 0.064974 0.432870 0.046615 0.023148
0 0.018490 0.367361 0.024479 0.018981
0 0.956901 0.461806 0.026302 0.018981
0 0.082812 0.979861 0.020833 0.018056
0 0.703385 0.027315 0.019792 0.037037
0 0.915104 0.206019 0.014063 0.042593
0 0.976432 0.388889 0.024740 0.019444
0 0.018490 0.451620 0.023958 0.018056
0 0.017188 0.477083 0.026042 0.018056
0 0.234635 0.456713 0.024479 0.018981
0 0.255599 0.512731 0.023698 0.017130
0 0.298568 0.467824 0.022656 0.018056
0 0.971094 0.481019 0.022396 0.020370
1 0.992448 0.527546 0.015104 0.031944
0 0.660677 0.982176 0.013542 0.035648
