0 0.605208 0.014352 0.010937 0.027778
0 0.556380 0.155093 0.010156 0.032407
0 0.544010 0.126620 0.011458 0.043981
0 0.404557 0.082870 0.022656 0.025926
0 0.353906 0.101389 0.015625 0.040741
0 0.341146 0.088194 0.012500 0.031019
0 0.314974 0.069907 0.014844 0.033333
0 0.305078 0.058102 0.014844 0.035648
0 0.297526 0.101389 0.024219 0.025926
0 0.188932 0.076620 0.015365 0.036574
2 0.103385 0.731481 0.010937 0.043519
2 0.102344 0.671759 0.009375 0.043519
0 0.104297 0.794213 0.010677 0.038426
0 0.104167 0.885648 0.010937 0.041667
0 0.102344 0.978472 0.010937 0.043056
0 0.205208 0.737269 0.019792 0.015278
0 0.289714 0.756944 0.019531 0.015741
2 0.281771 0.777083 0.015625 0.016204
0 0.475911 0.603704 0.026302 0.017593
0 0.465625 0.564583 0.025000 0.017130
0 0.495312 0.563657 0.022917 0.013426
0 0.503255 0.603935 0.025260 0.018056
0 0.530729 0.604398 0.024479 0.018056
0 0.534505 0.630324 0.022656 0.017130
0 0.505859 0.630787 0.025260 0.018056
0 0.476042 0.629630 0.026042 0.018519
0 0.486458 0.654630 0.026562 0.018519
0 0.516797 0.654167 0.026302 0.018519
0 0.545312 0.652546 0.025521 0.017130
0 0.583724 0.656944 0.010677 0.044444
0 0.486589 0.678704 0.024219 0.017593
0 0.514714 0.675463 0.025781 0.017593
0 0.506771 0.715278 0.009896 0.046296
0 0.518490 0.714352 0.009896 0.045370
0 0.531380 0.711806 0.010156 0.046759
0 0.543490 0.714815 0.009896 0.045370
0 0.702734 0.702315 0.010677 0.040741
0 0.705078 0.618056 0.010156 0.039815
0 0.695833 0.552315 0.011979 0.043519
0 0.759245 0.620833 0.010156 0.041667
0 0.769661 0.622454 0.010156 0.039352
0 0.835547 0.624769 0.009635 0.042130
0 0.940625 0.620139 0.011979 0.036574
0 0.953776 0.618981 0.010156 0.037037
0 0.965885 0.619444 0.010937 0.037037
0 0.990234 0.618519 0.011198 0.038889
2 0.961458 0.413889 0.026562 0.016667
2 0.921745 0.413426 0.026302 0.016667
0 0.903906 0.358796 0.025521 0.016667
0 0.883594 0.414815 0.025521 0.016667
0 0.873177 0.443056 0.025000 0.017593
0 0.880990 0.496065 0.026042 0.017130
0 0.845313 0.414352 0.022917 0.016667
0 0.706771 0.447917 0.024479 0.016204
0 0.670703 0.361343 0.023698 0.017130
2 0.666797 0.482176 0.033073 0.022685
0 0.518880 0.467824 0.023698 0.017130
0 0.521745 0.498843 0.023698 0.017130
0 0.425130 0.441435 0.023698 0.017130
0 0.411719 0.363889 0.025000 0.017593
0 0.382161 0.468056 0.023177 0.015741
0 0.355859 0.441667 0.017969 0.012963
1 0.168099 0.314583 0.056510 0.025463
1 0.083333 0.325463 0.057292 0.026852
0 0.102865 0.371528 0.022396 0.016204
0 0.132031 0.457870 0.025000 0.017593
1 0.189974 0.489352 0.057552 0.024074
0 0.681510 0.989583 0.009896 0.020833
