0 0.982552 0.053935 0.009896 0.032870
0 0.971354 0.049306 0.011458 0.043056
0 0.960286 0.047454 0.008594 0.041204
2 0.949479 0.045370 0.015104 0.050926
0 0.934635 0.047685 0.010417 0.042593
0 0.922266 0.046759 0.010677 0.041667
0 0.916667 0.012037 0.023438 0.018519
0 0.505729 0.329630 0.022917 0.035185
0 0.480469 0.267824 0.013542 0.042130
0 0.444401 0.200463 0.011198 0.041667
0 0.248047 0.330324 0.023177 0.018056
0 0.301823 0.483796 0.023958 0.017593
0 0.323698 0.508565 0.010937 0.043981
0 0.335677 0.515509 0.010937 0.035648
0 0.303255 0.504861 0.026302 0.018981
0 0.306380 0.529861 0.019010 0.016204
0 0.304818 0.550694 0.020052 0.015278
0 0.300000 0.602083 0.026562 0.018056
0 0.299870 0.622917 0.026302 0.020833
0 0.298828 0.646296 0.026302 0.018519
0 0.300651 0.667593 0.026302 0.016667
0 0.396224 0.729861 0.025781 0.020833
0 0.395703 0.706019 0.025260 0.017593
0 0.396224 0.682639 0.026302 0.022685
0 0.392188 0.658565 0.023958 0.025463
0 0.387370 0.635880 0.026302 0.031944
0 0.383333 0.612963 0.025000 0.032407
0 0.377344 0.593981 0.021354 0.031481
0 0.369141 0.575231 0.022656 0.038426
0 0.361328 0.557176 0.022135 0.041204
2 0.446484 0.790972 0.009635 0.044907
0 0.448437 0.885880 0.009375 0.041204
2 0.530339 0.530787 0.016406 0.043056
0 0.012891 0.349074 0.025260 0.020370
1 0.060547 0.346759 0.051302 0.025000
0 0.101042 0.319907 0.027083 0.017593
0 0.108073 0.345833 0.025000 0.016667
0 0.164193 0.387731 0.025781 0.016204
0 0.162240 0.324306 0.025521 0.018981
0 0.179297 0.369676 0.025260 0.017130
0 0.134375 0.368056 0.023958 0.016667
0 0.144922 0.346991 0.025260 0.018981
0 0.214062 0.353472 0.024479 0.018056
2 0.196875 0.324306 0.027604 0.019907
2 0.176042 0.350000 0.027083 0.016667
0 0.248958 0.354398 0.025000 0.016204
0 0.277344 0.381944 0.024479 0.016667
0 0.289974 0.331713 0.021094 0.015278
1 0.305469 0.357870 0.056250 0.027778
0 0.331771 0.334259 0.024479 0.016667
0 0.372656 0.338426 0.022917 0.018519
0 0.385156 0.366667 0.023438 0.016667
0 0.347656 0.362037 0.022917 0.016667
2 0.388542 0.392824 0.027083 0.018056
2 0.358464 0.384028 0.027344 0.018056
0 0.579297 0.315278 0.023698 0.017593
0 0.577474 0.267130 0.023698 0.017593
2 0.587630 0.294676 0.024740 0.017130
0 0.611458 0.268519 0.023438 0.016667
0 0.626432 0.294213 0.025260 0.018981
0 0.655208 0.320139 0.023958 0.018056
0 0.643099 0.266435 0.022135 0.017130
0 0.660286 0.295602 0.023698 0.018056
0 0.616797 0.320602 0.024740 0.017130
0 0.687760 0.324769 0.025000 0.017130
0 0.689714 0.296296 0.020573 0.017593
2 0.691406 0.268056 0.028125 0.019444
0 0.725521 0.325231 0.025000 0.017130
0 0.735677 0.299306 0.025521 0.018981
0 0.775260 0.301620 0.025000 0.015278
1 0.787760 0.325231 0.057292 0.025463
0 0.895703 0.299074 0.024219 0.016667
0 0.917578 0.440509 0.024740 0.016204
0 0.458984 0.335648 0.009635 0.042593
0 0.922005 0.328009 0.026302 0.016204
0 0.947266 0.277546 0.026302 0.017130
0 0.858984 0.326157 0.024740 0.016204
0 0.013542 0.316204 0.026562 0.018519
0 0.124089 0.261111 0.025781 0.016667
