2 0.051562 0.670139 0.010937 0.026389
0 0.402474 0.310880 0.025781 0.019907
0 0.401693 0.287037 0.025260 0.017593
0 0.402083 0.262963 0.026562 0.023148
0 0.398307 0.238194 0.024740 0.027315
0 0.393229 0.214815 0.027604 0.031481
0 0.389323 0.193287 0.026042 0.033796
0 0.382682 0.173380 0.022135 0.031944
0 0.375651 0.153472 0.023177 0.039352
0 0.366406 0.136111 0.022396 0.041667
0 0.340234 0.093981 0.010156 0.035185
0 0.328255 0.087269 0.011198 0.043981
0 0.305990 0.061574 0.023958 0.016667
0 0.307812 0.083796 0.026042 0.019444
0 0.310807 0.109028 0.019010 0.017130
0 0.309635 0.130093 0.019792 0.016667
0 0.305078 0.181944 0.026302 0.017593
0 0.303646 0.203472 0.027083 0.021759
0 0.304167 0.227546 0.026562 0.018056
0 0.305208 0.249074 0.027083 0.016667
0 0.464974 0.965741 0.009115 0.040741
2 0.452995 0.409954 0.010156 0.045833
0 0.470443 0.501620 0.009635 0.041204
0 0.615234 0.036111 0.026823 0.029630
1 0.502344 0.402778 0.012500 0.092593
0 0.455469 0.506019 0.008854 0.040741
2 0.642708 0.676389 0.024479 0.017593
2 0.602995 0.679398 0.019010 0.014352
0 0.748437 0.893750 0.015625 0.018056
2 0.693099 0.679861 0.026823 0.018981
0 0.730729 0.724074 0.009375 0.040741
2 0.829036 0.689815 0.027865 0.018519
0 0.677083 0.621759 0.019271 0.013889
0 0.717708 0.959028 0.010417 0.019907
0 0.646745 0.955556 0.009635 0.019444
2 0.393620 0.006250 0.026823 0.011574
