2 0.945182 0.115972 0.025260 0.018056
0 0.918620 0.092130 0.022656 0.015741
0 0.816276 0.090741 0.009115 0.032407
0 0.837630 0.194676 0.010156 0.036574
0 0.896745 0.192130 0.010677 0.037037
2 0.921745 0.187269 0.011719 0.043981
0 0.956120 0.186343 0.010677 0.040278
0 0.979427 0.184954 0.009896 0.039352
0 0.950911 0.269444 0.024740 0.016667
0 0.896224 0.270370 0.024740 0.016667
0 0.981380 0.540741 0.022135 0.015741
0 0.984505 0.587963 0.010156 0.037037
0 0.972786 0.589352 0.010156 0.037037
0 0.960938 0.590741 0.010417 0.039815
0 0.950521 0.595139 0.009896 0.038426
0 0.938542 0.596991 0.009896 0.038426
0 0.848698 0.601620 0.009375 0.036574
0 0.827214 0.597222 0.010677 0.039815
0 0.796224 0.600463 0.009115 0.039815
0 0.785807 0.601852 0.010156 0.041667
0 0.762630 0.601852 0.009635 0.038889
0 0.751172 0.600231 0.010677 0.040278
0 0.706380 0.684722 0.010156 0.041667
0 0.670833 0.576620 0.023958 0.017130
0 0.671094 0.598148 0.017708 0.014815
0 0.670833 0.618287 0.022396 0.017130
0 0.670703 0.639583 0.022656 0.017130
0 0.671875 0.661111 0.023438 0.017593
0 0.613411 0.536343 0.016406 0.014352
0 0.615365 0.555093 0.019271 0.016667
0 0.615104 0.575926 0.019271 0.014815
0 0.617708 0.597222 0.021354 0.015741
0 0.617448 0.618056 0.020313 0.015741
0 0.617969 0.640741 0.020313 0.015741
0 0.617448 0.661574 0.020313 0.015741
0 0.620833 0.703472 0.012500 0.015278
0 0.616406 0.725694 0.019271 0.015278
0 0.616146 0.749769 0.020833 0.016204
0 0.598698 0.791667 0.018229 0.014815
0 0.596354 0.854630 0.018229 0.014815
2 0.599219 0.833796 0.019271 0.015741
2 0.600391 0.896065 0.016927 0.018056
0 0.597266 0.937731 0.020573 0.016204
0 0.596745 0.980324 0.020573 0.016204
0 0.596615 0.995139 0.020833 0.009722
0 0.648698 0.975694 0.022396 0.014352
0 0.648958 0.992824 0.022396 0.014352
0 0.673698 0.993056 0.022917 0.013889
0 0.673438 0.953241 0.022917 0.016667
0 0.674740 0.933333 0.022917 0.016667
0 0.646094 0.934722 0.022917 0.016667
0 0.648307 0.953472 0.023698 0.016204
0 0.648177 0.912963 0.022396 0.015741
0 0.672005 0.912037 0.022656 0.018519
0 0.673438 0.889120 0.023958 0.018056
0 0.649479 0.891204 0.020833 0.017593
0 0.670833 0.828009 0.023958 0.018056
0 0.669661 0.808102 0.022656 0.016204
0 0.671224 0.786806 0.022656 0.016204
0 0.672656 0.765741 0.023958 0.016667
0 0.670833 0.745370 0.023958 0.016667
0 0.218880 0.287731 0.020052 0.026389
0 0.267839 0.302778 0.022135 0.027778
0 0.275781 0.342824 0.023958 0.025463
0 0.409375 0.598148 0.022396 0.016667
0 0.058724 0.595370 0.022656 0.015741
2 0.352734 0.837963 0.024740 0.018519
0 0.332552 0.744907 0.009896 0.038889
0 0.321615 0.744444 0.010417 0.037037
0 0.310937 0.744213 0.008333 0.031944
0 0.300260 0.749769 0.009896 0.040278
0 0.269401 0.812269 0.021615 0.017130
0 0.090365 0.829398 0.024479 0.026389
0 0.464323 0.151389 0.009375 0.043519
0 0.467578 0.266435 0.008594 0.039352
0 0.466536 0.379861 0.009635 0.042130
