0 0.054688 0.078241 0.015625 0.032407
0 0.045052 0.082407 0.014063 0.025926
0 0.176693 0.048843 0.015885 0.029167
0 0.303125 0.182176 0.011458 0.021759
0 0.245573 0.174074 0.016667 0.024074
0 0.316797 0.195602 0.012240 0.028241
0 0.300130 0.212731 0.012240 0.028241
0 0.338802 0.253704 0.016667 0.023148
0 0.355990 0.274769 0.014583 0.024537
2 0.408464 0.333102 0.016406 0.025463
2 0.393750 0.004167 0.017708 0.007407
0 0.402604 0.016667 0.018229 0.012963
0 0.408073 0.031250 0.013542 0.012500
0 0.426953 0.043750 0.013281 0.013426
2 0.433984 0.056944 0.017969 0.016667
2 0.451823 0.084722 0.018229 0.013889
0 0.445703 0.070602 0.018490 0.014352
0 0.464844 0.052778 0.014583 0.025926
0 0.432552 0.009259 0.014583 0.017593
0 0.461979 0.100231 0.017188 0.016204
0 0.501693 0.162500 0.016406 0.027778
0 0.515755 0.181481 0.015885 0.024074
0 0.550130 0.174537 0.015885 0.024074
0 0.531641 0.201389 0.014844 0.023148
0 0.560417 0.276157 0.015104 0.031019
0 0.547917 0.259259 0.010937 0.019444
0 0.541667 0.250231 0.010417 0.022685
0 0.536458 0.239815 0.014063 0.026852
0 0.524479 0.224537 0.014063 0.026852
0 0.510417 0.209259 0.014063 0.026852
0 0.495312 0.195370 0.014063 0.026852
2 0.548828 0.298611 0.017448 0.028704
2 0.516276 0.216435 0.015365 0.032870
2 0.519661 0.132407 0.016927 0.025926
2 0.504557 0.111574 0.016927 0.025926
0 0.490234 0.089120 0.015365 0.024537
0 0.536719 0.139120 0.013542 0.028241
2 0.499349 0.413657 0.017969 0.020833
0 0.520052 0.427083 0.013021 0.022685
0 0.481510 0.399306 0.011979 0.016204
0 0.461068 0.383565 0.017969 0.018981
2 0.443099 0.371991 0.015365 0.018981
0 0.014974 0.342824 0.016406 0.016204
0 0.064844 0.384028 0.016146 0.018981
0 0.125651 0.387963 0.014844 0.013889
0 0.068750 0.477315 0.017188 0.014815
0 0.026693 0.503935 0.017969 0.017130
0 0.113542 0.528241 0.016667 0.015741
0 0.153516 0.424306 0.017448 0.018056
2 0.208333 0.416898 0.016667 0.018056
2 0.165365 0.508102 0.021354 0.018056
0 0.237109 0.465046 0.017448 0.018056
0 0.290495 0.462500 0.016406 0.013889
0 0.247396 0.573611 0.017188 0.018519
0 0.353776 0.515046 0.014323 0.016204
0 0.381901 0.504398 0.014323 0.016204
0 0.446615 0.534954 0.016146 0.017130
0 0.434896 0.613657 0.013542 0.013426
0 0.341536 0.617593 0.017969 0.014815
0 0.495182 0.663657 0.015885 0.018981
0 0.483594 0.680324 0.015625 0.014352
0 0.445052 0.769444 0.012500 0.027778
0 0.412630 0.740046 0.012760 0.025463
0 0.402995 0.735648 0.014323 0.025000
0 0.390885 0.733796 0.013021 0.027778
0 0.382292 0.732176 0.013542 0.029167
0 0.372396 0.731250 0.011458 0.024537
2 0.345313 0.718981 0.011458 0.028704
2 0.341146 0.784259 0.011979 0.030556
2 0.330729 0.778704 0.011979 0.030556
0 0.291146 0.757639 0.017188 0.018056
0 0.298047 0.775463 0.014323 0.014815
0 0.306120 0.791898 0.016406 0.017130
0 0.308333 0.809259 0.015625 0.017593
0 0.358724 0.930556 0.010677 0.031481
0 0.393490 0.918519 0.008854 0.025926
0 0.440885 0.983102 0.014583 0.021759
0 0.448437 0.964815 0.014063 0.015741
0 0.451953 0.950463 0.013281 0.019444
0 0.456771 0.936111 0.013542 0.017593
0 0.498307 0.933796 0.012760 0.027778
0 0.526172 0.870370 0.012760 0.027778
0 0.545443 0.758333 0.010156 0.022222
0 0.643359 0.860880 0.011719 0.017130
0 0.620833 0.897454 0.014583 0.017130
0 0.676693 0.926620 0.012240 0.029167
0 0.688021 0.874306 0.014583 0.020833
0 0.713021 0.896528 0.016667 0.021759
0 0.727604 0.803241 0.014063 0.018519
0 0.684766 0.758333 0.015885 0.017593
2 0.641146 0.757407 0.016146 0.017593
2 0.752083 0.835185 0.042708 0.034259
2 0.783724 0.958102 0.034115 0.042130
2 0.816536 0.985880 0.023698 0.025463
0 0.781250 0.828009 0.013021 0.016204
0 0.820964 0.848843 0.015885 0.018981
1 0.832422 0.715972 0.036198 0.033796
0 0.879557 0.881944 0.014844 0.016667
0 0.922656 0.903009 0.016146 0.018981
0 0.963932 0.927546 0.016927 0.021759
0 0.991927 0.941435 0.016146 0.018981
0 0.984245 0.823380 0.020052 0.021759
0 0.933073 0.869444 0.013542 0.014815
0 0.885156 0.769676 0.020313 0.017130
0 0.867969 0.680324 0.016667 0.017130
0 0.849219 0.670602 0.016667 0.017130
0 0.833594 0.659028 0.016667 0.017130
0 0.922786 0.694676 0.017448 0.018056
0 0.941927 0.701620 0.016667 0.017130
0 0.984505 0.718287 0.009115 0.030093
0 0.988411 0.685880 0.009115 0.030093
2 0.985807 0.632407 0.019531 0.050926
2 0.969922 0.460417 0.014844 0.062500
0 0.991536 0.529398 0.009115 0.022685
0 0.756250 0.613657 0.008854 0.027315
0 0.740234 0.554167 0.014844 0.022222
0 0.821875 0.538657 0.011979 0.025463
0 0.810547 0.535648 0.009635 0.026852
0 0.813151 0.565278 0.009635 0.026852
0 0.807552 0.594444 0.008333 0.023148
0 0.802865 0.553009 0.013021 0.022685
0 0.798698 0.565509 0.013021 0.022685
0 0.793880 0.574769 0.010677 0.017130
0 0.791927 0.591667 0.013021 0.023148
0 0.675521 0.653472 0.015104 0.018981
0 0.579557 0.688194 0.010677 0.027315
2 0.628125 0.536111 0.013021 0.030556
0 0.629818 0.343287 0.009635 0.029167
0 0.608333 0.312037 0.008333 0.025926
0 0.671484 0.400926 0.011719 0.029630
0 0.616667 0.393056 0.010417 0.027778
2 0.641016 0.314815 0.008594 0.031481
0 0.727214 0.246296 0.011719 0.029630
0 0.771615 0.122685 0.012500 0.025926
0 0.790495 0.345602 0.015365 0.015278
0 0.806250 0.356481 0.014063 0.016667
0 0.826042 0.361574 0.018229 0.014815
0 0.855339 0.357176 0.017448 0.018981
2 0.963021 0.382870 0.013021 0.054630
2 0.959635 0.320833 0.012500 0.041667
2 0.962630 0.252315 0.017448 0.070370
0 0.996224 0.382407 0.007552 0.025000
0 0.984245 0.315278 0.008073 0.028704
0 0.990495 0.240278 0.008073 0.028704
0 0.244010 0.907176 0.010417 0.027315
0 0.218229 0.926157 0.008854 0.022685
0 0.209896 0.928009 0.008854 0.022685
0 0.197917 0.936343 0.011458 0.031019
2 0.235677 0.912731 0.011458 0.031019
0 0.993750 0.034491 0.009375 0.032870
2 0.986719 0.075694 0.009375 0.032870
