0 0.250651 0.008565 0.016927 0.016204
0 0.264453 0.024074 0.015885 0.022222
0 0.272786 0.030093 0.015885 0.022222
0 0.285677 0.038194 0.014063 0.018056
2 0.302214 0.044907 0.017969 0.020370
2 0.352604 0.072454 0.016146 0.022685
2 0.374870 0.084491 0.019010 0.022685
0 0.315104 0.055324 0.017188 0.023611
0 0.323437 0.064815 0.015104 0.018519
0 0.343359 0.064120 0.014323 0.020833
0 0.339062 0.025000 0.017708 0.017593
0 0.379948 0.048380 0.016146 0.020833
0 0.387630 0.093750 0.015365 0.020833
0 0.411328 0.065509 0.015885 0.018056
0 0.437630 0.126157 0.016927 0.017130
0 0.454688 0.133796 0.016667 0.018519
2 0.448047 0.087731 0.017969 0.019907
2 0.429036 0.077083 0.018490 0.018056
0 0.484896 0.106944 0.017188 0.019444
0 0.473828 0.144213 0.016406 0.018056
0 0.439193 0.162037 0.010156 0.030556
0 0.455208 0.163889 0.008333 0.030556
0 0.470573 0.168981 0.008333 0.030556
0 0.486198 0.175000 0.008333 0.030556
0 0.493359 0.181019 0.007552 0.024074
0 0.501432 0.185648 0.007552 0.024074
0 0.515885 0.193519 0.010417 0.029630
2 0.463411 0.166667 0.009635 0.030556
2 0.510677 0.222685 0.018229 0.021296
2 0.598958 0.178241 0.013542 0.032407
0 0.596354 0.212500 0.014063 0.029630
0 0.645312 0.149306 0.008333 0.027315
0 0.641406 0.301157 0.009375 0.030093
0 0.010286 0.323380 0.020052 0.031019
0 0.111328 0.230324 0.017448 0.019907
0 0.257031 0.272454 0.007812 0.023611
0 0.263151 0.281713 0.008594 0.028241
0 0.272526 0.276620 0.008594 0.028241
0 0.304948 0.315741 0.017188 0.017593
0 0.325130 0.325000 0.015885 0.015741
0 0.445573 0.360185 0.016667 0.012037
0 0.467578 0.359954 0.013281 0.009722
2 0.487370 0.362500 0.017448 0.012037
2 0.385807 0.344907 0.019531 0.018519
2 0.509505 0.361574 0.014844 0.016667
0 0.021875 0.633333 0.016146 0.014815
0 0.078255 0.618056 0.016927 0.013889
2 0.064323 0.596296 0.016146 0.014815
0 0.151953 0.579630 0.016927 0.013889
0 0.164583 0.598843 0.014583 0.013426
0 0.241146 0.571528 0.014583 0.013426
0 0.265755 0.688194 0.015885 0.014352
0 0.130208 0.708333 0.016146 0.016667
0 0.147917 0.725231 0.013542 0.014352
0 0.047526 0.739352 0.017448 0.018519
0 0.048438 0.760185 0.015104 0.016667
2 0.379167 0.616204 0.019271 0.017593
0 0.304167 0.545370 0.016667 0.014815
0 0.311198 0.615972 0.017188 0.015278
0 0.344661 0.664120 0.014844 0.014352
2 0.405599 0.749306 0.010677 0.032870
2 0.415234 0.811343 0.013802 0.030093
2 0.404818 0.812731 0.013802 0.030093
0 0.363802 0.816667 0.017708 0.013889
0 0.372786 0.830093 0.016406 0.012037
0 0.388411 0.854630 0.016406 0.012037
0 0.382422 0.839352 0.016406 0.012037
0 0.350130 0.987037 0.005990 0.025926
0 0.461198 0.938889 0.014063 0.024074
0 0.490885 0.903472 0.013542 0.022685
0 0.548047 0.935417 0.015885 0.014352
0 0.550651 0.911806 0.014844 0.012500
0 0.551432 0.896065 0.014844 0.012500
0 0.554036 0.880787 0.014844 0.012500
0 0.578516 0.975231 0.007031 0.019907
2 0.596875 0.986806 0.008333 0.026389
0 0.434115 0.740741 0.008854 0.025926
0 0.443229 0.737037 0.010417 0.029630
0 0.450781 0.732407 0.010417 0.029630
0 0.462240 0.726852 0.010417 0.029630
0 0.473177 0.724537 0.009896 0.025000
0 0.508984 0.731713 0.008594 0.028241
0 0.485547 0.630556 0.017448 0.012963
0 0.500521 0.503935 0.018229 0.013426
0 0.613672 0.646296 0.007031 0.026852
2 0.618490 0.578472 0.007292 0.028241
0 0.627083 0.465972 0.007292 0.028241
0 0.620964 0.736806 0.006510 0.031944
0 0.626563 0.465046 0.007292 0.028241
0 0.698958 0.739815 0.014583 0.018519
0 0.758984 0.672454 0.015365 0.012500
0 0.757682 0.731944 0.007031 0.029630
2 0.785807 0.680787 0.016406 0.011574
2 0.864974 0.694676 0.035677 0.021759
2 0.810026 0.598380 0.042969 0.024537
0 0.827474 0.709491 0.012240 0.011574
2 0.901823 0.700926 0.021875 0.017593
2 0.972656 0.686111 0.021875 0.023148
2 0.982943 0.813426 0.014323 0.032407
0 0.996484 0.766435 0.006510 0.030093
0 0.953776 0.558102 0.015365 0.012500
0 0.927214 0.560880 0.015365 0.012500
0 0.931380 0.539583 0.015365 0.012500
0 0.891536 0.565972 0.015365 0.012500
0 0.988151 0.555324 0.015365 0.012500
0 0.970703 0.462269 0.015365 0.012500
0 0.907292 0.452546 0.017708 0.011574
0 0.882292 0.472454 0.017708 0.011574
0 0.816927 0.461806 0.017708 0.011574
0 0.801562 0.566898 0.017708 0.011574
0 0.720573 0.571991 0.017708 0.011574
0 0.712240 0.591898 0.017708 0.011574
0 0.675391 0.557639 0.012240 0.011574
0 0.731510 0.473148 0.018229 0.012037
2 0.860547 0.433565 0.039323 0.020833
0 0.769271 0.384954 0.007292 0.027315
2 0.848437 0.572222 0.017188 0.012037
0 0.850391 0.379630 0.015885 0.012963
0 0.868359 0.380093 0.015885 0.012963
0 0.887109 0.376389 0.015885 0.012963
0 0.942708 0.355324 0.018229 0.014352
0 0.962630 0.349537 0.016406 0.012963
2 0.988542 0.252778 0.022917 0.046296
2 0.937630 0.101389 0.026302 0.063889
0 0.741406 0.340278 0.015625 0.014815
0 0.798307 0.339120 0.016406 0.020833
0 0.796094 0.325463 0.011458 0.013889
0 0.798568 0.313426 0.013281 0.018519
0 0.800391 0.299074 0.013281 0.018519
0 0.803385 0.276852 0.008854 0.027778
0 0.813802 0.273148 0.008854 0.027778
0 0.812760 0.303241 0.008854 0.027778
0 0.813542 0.334028 0.006250 0.024537
0 0.744922 0.109028 0.016927 0.012500
0 0.762891 0.110185 0.014323 0.022222
0 0.782943 0.101157 0.015365 0.023611
0 0.808594 0.080324 0.015625 0.013426
