0 0.040104 0.151620 0.019271 0.022685
0 0.059375 0.175694 0.019271 0.022685
0 0.039453 0.197222 0.020052 0.027778
0 0.056120 0.227083 0.012760 0.026389
0 0.031510 0.214352 0.010937 0.025926
0 0.092188 0.116898 0.008333 0.031019
0 0.070312 0.144213 0.009375 0.027315
0 0.124349 0.300000 0.017448 0.013889
0 0.132812 0.319676 0.013542 0.013426
0 0.015365 0.293287 0.010417 0.031944
0 0.005990 0.294676 0.010417 0.031944
0 0.096354 0.526157 0.014583 0.016204
1 0.051823 0.467130 0.026562 0.019444
0 0.218490 0.413194 0.018750 0.017130
0 0.273958 0.416667 0.015104 0.014815
0 0.247005 0.463426 0.017969 0.013889
2 0.268229 0.328935 0.023438 0.022685
0 0.247656 0.605787 0.016667 0.016204
0 0.221484 0.655556 0.008594 0.028704
0 0.228516 0.654630 0.008594 0.028704
0 0.310026 0.610648 0.007552 0.024074
0 0.352083 0.597454 0.010417 0.029167
0 0.358594 0.528009 0.006771 0.027315
0 0.378125 0.567593 0.004687 0.021296
0 0.369792 0.680093 0.007812 0.024074
0 0.386328 0.825000 0.008073 0.027778
0 0.388932 0.856713 0.007552 0.024537
0 0.405078 0.979861 0.007552 0.024537
2 0.317708 0.811806 0.017188 0.012500
2 0.134766 0.826389 0.011719 0.026852
2 0.162630 0.821528 0.010677 0.024537
0 0.158594 0.860417 0.015625 0.018056
0 0.158854 0.875000 0.010937 0.010185
0 0.173437 0.869213 0.017708 0.012500
0 0.375260 0.734259 0.007812 0.024074
2 0.429297 0.593056 0.016406 0.017593
0 0.465104 0.535185 0.014583 0.014815
0 0.468490 0.562037 0.013542 0.011111
0 0.467448 0.575926 0.011979 0.010185
0 0.407292 0.410648 0.016667 0.013889
0 0.309896 0.315972 0.014583 0.014352
0 0.255469 0.284491 0.017188 0.018056
0 0.307031 0.288194 0.016667 0.015278
0 0.123828 0.299074 0.017448 0.013889
0 0.305990 0.275231 0.016667 0.015278
0 0.305599 0.255324 0.012240 0.012500
0 0.271484 0.063657 0.009115 0.027315
0 0.522266 0.169213 0.011719 0.020833
0 0.511849 0.156250 0.011719 0.020833
0 0.485026 0.121065 0.011719 0.020833
0 0.472266 0.109954 0.011719 0.020833
0 0.459245 0.086806 0.011719 0.020833
0 0.432161 0.052546 0.011719 0.020833
0 0.426432 0.041898 0.011719 0.020833
0 0.449740 0.018750 0.016146 0.021759
0 0.472917 0.050694 0.016146 0.021759
0 0.492188 0.079630 0.016146 0.025000
0 0.515365 0.109259 0.016146 0.025000
0 0.551562 0.105093 0.012500 0.028704
0 0.605859 0.090278 0.007031 0.028704
0 0.608464 0.148148 0.007031 0.028704
0 0.622266 0.145370 0.007031 0.028704
0 0.576953 0.146065 0.012760 0.027315
0 0.573958 0.257870 0.007292 0.028704
0 0.588281 0.255093 0.007292 0.028704
0 0.595833 0.251852 0.006250 0.025926
0 0.606250 0.250000 0.006250 0.025926
0 0.527865 0.232639 0.009896 0.024537
2 0.507292 0.333565 0.017708 0.017130
0 0.481250 0.532407 0.008854 0.025926
0 0.601823 0.502546 0.015625 0.017130
0 0.608073 0.704861 0.009896 0.029167
0 0.643880 0.567130 0.013802 0.010185
0 0.611719 0.740046 0.009896 0.029167
0 0.616276 0.788426 0.008073 0.029630
0 0.624349 0.871759 0.005469 0.020370
0 0.685677 0.800926 0.011458 0.013889
2 0.634896 0.870833 0.013021 0.050000
2 0.750260 0.963657 0.014063 0.027315
2 0.763281 0.944213 0.014063 0.027315
2 0.779167 0.975926 0.018229 0.019444
0 0.766927 0.961574 0.014063 0.022222
0 0.759245 0.990972 0.013802 0.018056
0 0.738411 0.554398 0.013802 0.018056
2 0.812630 0.945602 0.011719 0.022685
2 0.816406 0.909722 0.016667 0.037037
1 0.843229 0.979630 0.018229 0.040741
2 0.792188 0.791898 0.012500 0.038426
2 0.788151 0.726620 0.015365 0.063426
0 0.757422 0.535880 0.008594 0.031019
0 0.771615 0.538426 0.005729 0.025000
2 0.774609 0.585185 0.008073 0.030556
0 0.807943 0.497222 0.010156 0.031481
0 0.830339 0.556019 0.010156 0.031481
0 0.824349 0.571991 0.009115 0.028241
0 0.856901 0.685880 0.008594 0.026389
0 0.851432 0.725694 0.009115 0.028241
0 0.839323 0.646991 0.008333 0.021759
2 0.821745 0.609722 0.020052 0.066667
0 0.905208 0.969676 0.011979 0.029167
0 0.919271 0.982639 0.011979 0.029167
0 0.913021 0.851157 0.011979 0.029167
0 0.886979 0.820139 0.011979 0.029167
0 0.872786 0.814120 0.009115 0.023611
3 0.949219 0.737269 0.006250 0.013426
0 0.945964 0.614120 0.011198 0.026389
0 0.950130 0.645139 0.011198 0.026389
0 0.956641 0.674769 0.011198 0.026389
0 0.982161 0.762269 0.011719 0.027315
0 0.991276 0.794676 0.011719 0.027315
0 0.961068 0.537963 0.014323 0.015741
0 0.977604 0.525926 0.016146 0.014815
0 0.990104 0.502315 0.018229 0.019444
0 0.976823 0.503472 0.009375 0.026389
0 0.969531 0.505787 0.009375 0.026389
0 0.962109 0.505093 0.007031 0.022222
0 0.993229 0.520602 0.013542 0.013426
0 0.925521 0.454861 0.016667 0.018056
0 0.926953 0.472917 0.012240 0.016204
0 0.851823 0.379630 0.009896 0.021296
0 0.824740 0.421065 0.009896 0.027315
0 0.809375 0.403472 0.009896 0.027315
0 0.729948 0.147917 0.011979 0.031944
0 0.704297 0.035185 0.009635 0.028704
0 0.967708 0.151389 0.012500 0.032407
2 0.993099 0.115046 0.013802 0.031019
0 0.976172 0.120139 0.011719 0.028241
0 0.648307 0.463657 0.009115 0.023611
0 0.639844 0.467361 0.006771 0.021759
0 0.628906 0.469907 0.005729 0.016667
0 0.612760 0.475463 0.008854 0.014815
0 0.603906 0.476852 0.008854 0.014815
0 0.239974 0.814120 0.005469 0.020833
0 0.213542 0.826852 0.005729 0.013889
0 0.219271 0.825000 0.005208 0.011111
0 0.226432 0.821528 0.005990 0.010648
0 0.232813 0.819444 0.007812 0.012963
0 0.057943 0.928935 0.007552 0.029167
