0 0.131510 0.046065 0.013021 0.019907
0 0.048177 0.033565 0.013021 0.019907
0 0.030078 0.028241 0.015885 0.017593
0 0.022526 0.259259 0.015885 0.017593
0 0.040365 0.304167 0.011458 0.026852
0 0.052344 0.309722 0.011458 0.026852
0 0.131120 0.396296 0.011198 0.011111
0 0.165104 0.326389 0.016667 0.011111
0 0.184635 0.326389 0.014063 0.012037
0 0.242708 0.318519 0.014063 0.012037
0 0.262240 0.314352 0.014063 0.012037
0 0.267318 0.290741 0.014323 0.015741
0 0.266016 0.275463 0.014323 0.015741
0 0.262109 0.262500 0.014323 0.015741
0 0.250130 0.237500 0.014323 0.015741
0 0.249609 0.218519 0.014323 0.015741
2 0.241536 0.171759 0.016927 0.022222
2 0.284375 0.223148 0.026042 0.051852
2 0.300000 0.224306 0.024479 0.043981
2 0.238151 0.067130 0.028385 0.066667
0 0.301953 0.275463 0.007031 0.025926
0 0.302734 0.309722 0.007031 0.025926
0 0.147135 0.321296 0.015104 0.012963
2 0.210938 0.403241 0.018750 0.013889
2 0.025911 0.468287 0.017448 0.012500
2 0.074349 0.491435 0.017448 0.012500
2 0.091146 0.527083 0.046875 0.019907
0 0.160807 0.494907 0.017448 0.011111
0 0.185677 0.512963 0.016146 0.010185
0 0.233203 0.520370 0.015885 0.011111
0 0.287630 0.520833 0.015885 0.011111
0 0.295964 0.487500 0.015885 0.011111
0 0.337370 0.521759 0.015885 0.011111
0 0.380339 0.415741 0.015885 0.011111
0 0.432161 0.422222 0.015885 0.011111
0 0.450130 0.440741 0.015885 0.011111
0 0.420964 0.493056 0.015885 0.011111
0 0.422526 0.527778 0.015885 0.011111
2 0.466536 0.484259 0.016406 0.012963
2 0.471484 0.531019 0.015885 0.011111
2 0.483203 0.425000 0.015885 0.011111
1 0.394271 0.437037 0.023438 0.015741
2 0.610547 0.561574 0.016406 0.012963
0 0.494922 0.515278 0.015885 0.011111
0 0.520443 0.501852 0.015365 0.012037
0 0.501432 0.532407 0.015365 0.012037
0 0.528906 0.543981 0.014583 0.012963
0 0.578906 0.546991 0.015104 0.014352
0 0.532813 0.565509 0.015104 0.014352
0 0.585417 0.565741 0.011979 0.012963
0 0.606120 0.544444 0.014323 0.013889
0 0.635547 0.557407 0.016406 0.016667
0 0.654557 0.563426 0.014323 0.014815
0 0.637500 0.514352 0.011979 0.012037
0 0.678255 0.533796 0.015885 0.012037
0 0.671354 0.569907 0.013021 0.010185
2 0.693620 0.571296 0.015885 0.012037
2 0.693099 0.570370 0.015885 0.012037
0 0.715885 0.575231 0.013542 0.010648
0 0.741667 0.575231 0.013542 0.010648
0 0.766406 0.580324 0.013542 0.010648
0 0.786328 0.576852 0.015365 0.015741
0 0.830469 0.561574 0.014583 0.012037
0 0.812240 0.584491 0.013542 0.008796
0 0.844531 0.587500 0.015625 0.013889
0 0.877865 0.590741 0.015625 0.013889
0 0.902344 0.573380 0.013542 0.010648
0 0.920573 0.595602 0.013542 0.010648
0 0.959245 0.560417 0.015885 0.010648
0 0.952474 0.578935 0.015885 0.011574
0 0.967839 0.602083 0.015885 0.011574
0 0.894922 0.638194 0.015885 0.011574
0 0.914323 0.639583 0.017188 0.013426
0 0.949740 0.646065 0.017188 0.013426
2 0.991406 0.654861 0.017188 0.013426
0 0.989193 0.498843 0.015885 0.010648
0 0.954297 0.493750 0.015885 0.010648
0 0.970182 0.440046 0.015885 0.010648
0 0.992057 0.482176 0.015885 0.010648
0 0.819792 0.446991 0.015625 0.014352
0 0.878125 0.468750 0.015625 0.014352
0 0.772917 0.456944 0.011458 0.011111
0 0.762630 0.473148 0.014323 0.011111
0 0.728255 0.520370 0.014323 0.011111
0 0.734245 0.553241 0.014323 0.011111
0 0.670182 0.464815 0.014323 0.011111
0 0.677995 0.448611 0.014323 0.011111
0 0.651693 0.412500 0.014323 0.011111
2 0.718490 0.405787 0.019271 0.014352
2 0.858724 0.376620 0.015885 0.011574
2 0.897917 0.382176 0.015625 0.024537
2 0.890495 0.230324 0.006510 0.030093
2 0.896615 0.255787 0.008333 0.040278
2 0.883724 0.219444 0.008073 0.052778
2 0.882943 0.164583 0.011719 0.043056
0 0.901823 0.142130 0.007812 0.029630
0 0.862630 0.119907 0.013802 0.012963
0 0.848047 0.117130 0.013802 0.012963
0 0.831380 0.116204 0.013802 0.012963
0 0.811458 0.111343 0.015104 0.012500
0 0.785156 0.106713 0.015104 0.012500
0 0.767969 0.105324 0.015104 0.012500
2 0.739193 0.093981 0.029427 0.019444
0 0.715104 0.095602 0.015104 0.012500
0 0.697135 0.092824 0.015104 0.012500
0 0.675000 0.089120 0.015104 0.012500
0 0.657552 0.086343 0.015104 0.012500
0 0.540625 0.068750 0.015104 0.012500
2 0.562760 0.067593 0.021875 0.017593
2 0.614193 0.075231 0.023698 0.018981
1 0.606380 0.201852 0.039323 0.027778
1 0.606901 0.222685 0.039323 0.027778
1 0.603516 0.260648 0.039323 0.027778
0 0.604167 0.241204 0.017708 0.010185
0 0.595573 0.325463 0.015625 0.016667
0 0.563802 0.435880 0.011458 0.010648
0 0.555208 0.453009 0.011458 0.010648
0 0.922396 0.790972 0.015625 0.014352
0 0.922135 0.821528 0.015625 0.014352
0 0.918490 0.835417 0.015625 0.014352
0 0.923698 0.778472 0.012500 0.010648
0 0.917318 0.985880 0.012240 0.018056
0 0.876302 0.984259 0.016146 0.012963
0 0.874740 0.995370 0.014063 0.009259
0 0.774219 0.899074 0.013021 0.025000
0 0.729688 0.864352 0.013021 0.025000
0 0.760026 0.800694 0.006510 0.025463
0 0.753255 0.801157 0.006510 0.025463
0 0.739974 0.796991 0.006510 0.025463
0 0.725130 0.797917 0.006510 0.029167
0 0.710547 0.797454 0.006510 0.029167
0 0.731901 0.799306 0.005469 0.020833
0 0.745964 0.798380 0.005469 0.020833
0 0.664323 0.743750 0.015104 0.014352
0 0.624870 0.860880 0.013281 0.017130
0 0.582682 0.828472 0.013281 0.017130
2 0.559505 0.811806 0.015365 0.016204
0 0.587500 0.872454 0.009896 0.020833
0 0.487109 0.838194 0.015885 0.011574
0 0.456250 0.855787 0.011979 0.011574
0 0.491146 0.805093 0.006250 0.012037
0 0.508594 0.793981 0.007812 0.019444
0 0.614844 0.724306 0.006771 0.031019
0 0.613281 0.797917 0.007812 0.025463
0 0.625781 0.828472 0.015625 0.015278
0 0.444531 0.873148 0.008333 0.027778
2 0.437760 0.871065 0.008854 0.033796
0 0.452734 0.823380 0.015365 0.019907
0 0.659635 0.680324 0.010937 0.026389
0 0.610677 0.616667 0.006771 0.024074
0 0.616406 0.617593 0.006771 0.024074
0 0.623437 0.619907 0.006771 0.024074
0 0.637760 0.623148 0.006771 0.024074
2 0.652214 0.621528 0.008073 0.029167
2 0.659766 0.621991 0.008073 0.029167
2 0.682031 0.617824 0.013542 0.012500
2 0.704818 0.620833 0.014844 0.014815
2 0.603646 0.649537 0.016146 0.012963
0 0.400911 0.873380 0.007552 0.023611
0 0.387240 0.860185 0.013542 0.013889
0 0.370052 0.858333 0.013542 0.013889
0 0.350911 0.853704 0.014323 0.014815
0 0.334375 0.850926 0.015104 0.014815
2 0.373828 0.830556 0.014323 0.014815
0 0.358984 0.946296 0.014323 0.014815
2 0.523958 0.630556 0.016667 0.034259
0 0.400651 0.592824 0.015885 0.014352
2 0.414974 0.642361 0.010156 0.028241
2 0.424089 0.643287 0.010156 0.028241
0 0.457943 0.990278 0.007552 0.019444
0 0.284505 0.844444 0.012760 0.027778
0 0.275130 0.768056 0.007552 0.024074
2 0.274479 0.729861 0.008854 0.034722
2 0.257161 0.773148 0.010156 0.033333
2 0.253776 0.647917 0.024740 0.022685
2 0.175000 0.646065 0.025000 0.018056
2 0.134896 0.632870 0.040625 0.025926
1 0.303255 0.627083 0.025260 0.019907
2 0.152083 0.933102 0.021354 0.018981
0 0.155208 0.948380 0.010417 0.011574
0 0.106641 0.934259 0.018490 0.011111
0 0.077214 0.925000 0.018490 0.011111
2 0.052083 0.602315 0.019792 0.015741
2 0.028125 0.590741 0.019792 0.015741
0 0.067318 0.668519 0.010156 0.020370
2 0.277865 0.815509 0.008854 0.025463
2 0.252604 0.743750 0.008854 0.025463
0 0.749349 0.993287 0.008594 0.013426
2 0.664583 0.758796 0.015625 0.013889
