2 0.024740 0.276157 0.030729 0.043056
2 0.012760 0.278935 0.025000 0.044907
0 0.123438 0.357176 0.016667 0.018056
0 0.042057 0.459722 0.013802 0.012963
0 0.130859 0.451389 0.015365 0.013889
0 0.136068 0.470139 0.016406 0.011574
2 0.066797 0.531250 0.019010 0.012500
2 0.073828 0.549769 0.019010 0.012500
0 0.087109 0.563889 0.015365 0.013889
0 0.117839 0.563426 0.015365 0.013889
0 0.150391 0.534259 0.015365 0.013889
0 0.150911 0.557407 0.015365 0.013889
0 0.182943 0.550463 0.017448 0.012963
0 0.232682 0.543981 0.017448 0.012963
0 0.250000 0.456250 0.013542 0.010648
0 0.256250 0.437037 0.013021 0.010185
0 0.294922 0.417593 0.016406 0.011111
0 0.306641 0.505093 0.016406 0.011111
0 0.307422 0.549306 0.015365 0.013426
0 0.329036 0.558565 0.015365 0.013426
2 0.280859 0.540278 0.018490 0.014815
0 0.345833 0.518287 0.015625 0.014352
0 0.349349 0.546296 0.015885 0.016667
0 0.361458 0.426620 0.016146 0.011574
2 0.376042 0.536111 0.016667 0.020370
0 0.382161 0.552315 0.012240 0.011111
0 0.400651 0.537500 0.015885 0.012963
0 0.423438 0.537731 0.014583 0.010648
0 0.417057 0.491204 0.018490 0.014815
2 0.418490 0.595833 0.007292 0.029630
2 0.411458 0.596759 0.007292 0.029630
0 0.397266 0.600694 0.005990 0.024537
0 0.383333 0.600231 0.006771 0.026389
0 0.375781 0.598843 0.006771 0.026389
0 0.369792 0.600231 0.006771 0.026389
2 0.364974 0.633565 0.016927 0.014352
2 0.279948 0.631019 0.019792 0.029630
0 0.440625 0.585880 0.014583 0.010648
2 0.463281 0.583333 0.016146 0.010185
2 0.480208 0.481481 0.016146 0.010185
2 0.488542 0.533796 0.016146 0.010185
0 0.451302 0.539583 0.014583 0.010648
0 0.466927 0.499306 0.014583 0.010648
0 0.481771 0.514583 0.014583 0.010648
0 0.513672 0.477315 0.014844 0.012963
0 0.525911 0.530093 0.012760 0.012037
0 0.486458 0.428935 0.013542 0.012500
0 0.518750 0.426620 0.013542 0.012500
0 0.514583 0.408102 0.013542 0.012500
0 0.587109 0.399537 0.015885 0.012037
0 0.586068 0.418519 0.015885 0.012037
0 0.564583 0.521991 0.014583 0.011574
0 0.595833 0.523843 0.014583 0.011574
0 0.630729 0.516898 0.014583 0.011574
0 0.646875 0.480324 0.014583 0.011574
0 0.652083 0.395602 0.014583 0.011574
0 0.647135 0.413194 0.014583 0.011574
0 0.664974 0.460417 0.012760 0.009722
0 0.673047 0.495370 0.013281 0.012037
0 0.660286 0.514815 0.013281 0.012037
0 0.630990 0.382870 0.010937 0.009259
0 0.692578 0.511111 0.015365 0.012963
0 0.732422 0.485185 0.015365 0.012963
0 0.737109 0.506481 0.015365 0.012963
0 0.762500 0.449306 0.013542 0.010648
0 0.799870 0.480787 0.013802 0.012500
0 0.717187 0.387269 0.016667 0.012500
0 0.778255 0.342361 0.010677 0.008796
2 0.754818 0.366898 0.025781 0.016204
0 0.770052 0.482176 0.013542 0.010648
0 0.788672 0.502083 0.013802 0.012500
0 0.849089 0.495139 0.013802 0.012500
0 0.851953 0.457176 0.010677 0.009722
0 0.656120 0.560648 0.015885 0.010185
0 0.675130 0.559491 0.013281 0.008796
0 0.710677 0.558565 0.015104 0.011574
2 0.751563 0.558102 0.016667 0.009722
0 0.869141 0.437269 0.014323 0.012500
0 0.873828 0.471065 0.014323 0.012500
0 0.882682 0.493287 0.013281 0.010648
0 0.913411 0.488657 0.013281 0.010648
0 0.966276 0.487731 0.015885 0.012500
0 0.994792 0.499537 0.010417 0.017593
2 0.898958 0.450926 0.015104 0.010185
2 0.899479 0.466204 0.015104 0.010185
0 0.917839 0.464583 0.014323 0.012500
0 0.939453 0.445139 0.014323 0.012500
0 0.955208 0.463426 0.016146 0.012963
0 0.935807 0.462731 0.014323 0.012500
0 0.960547 0.446991 0.014323 0.012500
0 0.977604 0.459259 0.016146 0.012963
0 0.982031 0.440509 0.014583 0.011574
0 0.978125 0.410417 0.014583 0.011574
0 0.893490 0.387269 0.016146 0.012500
0 0.950130 0.379398 0.012760 0.010648
0 0.938151 0.351157 0.013281 0.012500
0 0.862370 0.390046 0.013281 0.012500
0 0.847526 0.344213 0.013281 0.012500
2 0.841667 0.376852 0.017708 0.014815
0 0.961198 0.101620 0.014583 0.021759
0 0.973828 0.132870 0.012760 0.020370
0 0.966016 0.067130 0.009635 0.024074
0 0.950911 0.033796 0.014844 0.023148
0 0.916667 0.021065 0.015104 0.011574
0 0.896484 0.024537 0.014323 0.012963
2 0.991406 0.175463 0.014583 0.037963
0 0.810156 0.037269 0.015625 0.013426
0 0.863021 0.028472 0.015625 0.013426
0 0.778385 0.041435 0.015625 0.013426
0 0.762240 0.044907 0.014583 0.012037
0 0.745573 0.048611 0.011458 0.010185
0 0.565495 0.319213 0.014844 0.018056
0 0.605599 0.309722 0.012760 0.011111
2 0.644661 0.308102 0.014844 0.020833
2 0.619531 0.259491 0.007292 0.028241
2 0.633984 0.181481 0.008594 0.037963
2 0.618359 0.140741 0.009635 0.043519
0 0.633333 0.066667 0.004687 0.026852
0 0.621745 0.065278 0.009115 0.025000
2 0.614193 0.084259 0.009115 0.022222
0 0.592057 0.053935 0.012760 0.013426
0 0.576172 0.053935 0.012760 0.013426
0 0.558984 0.056250 0.012760 0.013426
0 0.538802 0.054861 0.015625 0.013426
0 0.511589 0.056019 0.014844 0.011111
0 0.495182 0.057870 0.014844 0.011111
0 0.440625 0.059954 0.014583 0.011574
0 0.422526 0.060648 0.014844 0.011111
0 0.399219 0.062269 0.014583 0.012500
0 0.380990 0.062731 0.014583 0.012500
2 0.464583 0.053009 0.028125 0.019907
2 0.336328 0.061111 0.024219 0.015741
2 0.284245 0.065046 0.024740 0.015278
0 0.262370 0.068287 0.013281 0.011574
1 0.335026 0.189352 0.039323 0.020370
1 0.336589 0.211111 0.039323 0.020370
1 0.335807 0.247454 0.038281 0.018056
0 0.335807 0.229630 0.016927 0.010185
0 0.333203 0.315972 0.017448 0.011574
2 0.190885 0.335417 0.016667 0.018981
1 0.059896 0.676852 0.027604 0.024074
2 0.011458 0.705556 0.022396 0.025926
2 0.039062 0.783796 0.008854 0.031481
2 0.018750 0.806944 0.007812 0.022222
2 0.023698 0.831481 0.012500 0.032407
2 0.048177 0.866898 0.011458 0.028241
0 0.042318 0.822222 0.007552 0.023148
0 0.057161 0.894444 0.013281 0.025000
0 0.111328 0.890278 0.017448 0.012963
0 0.127604 0.889583 0.016146 0.010648
0 0.146354 0.889583 0.016146 0.010648
0 0.164583 0.887269 0.016146 0.010648
0 0.179036 0.898148 0.008073 0.021296
2 0.150521 0.862500 0.018229 0.012963
2 0.216016 0.886806 0.008594 0.033796
0 0.178125 0.755787 0.015625 0.017130
0 0.161068 0.761343 0.014844 0.013426
0 0.155990 0.620139 0.014583 0.017130
2 0.173177 0.667361 0.010937 0.026389
2 0.181771 0.664583 0.010937 0.026389
0 0.227214 0.838194 0.012240 0.018056
0 0.234115 0.868981 0.011979 0.017593
0 0.223438 0.883102 0.006250 0.019907
0 0.264062 0.844907 0.014583 0.019444
0 0.264974 0.806713 0.008073 0.023611
0 0.274219 0.797917 0.006250 0.018981
0 0.281771 0.791435 0.007292 0.024537
2 0.335417 0.804398 0.017188 0.014352
0 0.358984 0.814120 0.014323 0.015278
0 0.366927 0.857176 0.008333 0.020833
0 0.404557 0.837037 0.014323 0.014815
0 0.388802 0.775231 0.007812 0.027315
0 0.383594 0.704861 0.006250 0.028241
0 0.376823 0.992593 0.006250 0.014815
0 0.383984 0.994907 0.005990 0.010185
2 0.433594 0.964352 0.010417 0.026852
0 0.538802 0.948380 0.006250 0.025463
0 0.557031 0.843056 0.009896 0.027778
0 0.481510 0.755093 0.006771 0.025000
0 0.495833 0.753241 0.006771 0.025000
0 0.509635 0.751389 0.006771 0.025000
0 0.530729 0.749537 0.006771 0.025000
0 0.516146 0.750231 0.006771 0.022685
0 0.523177 0.750463 0.006771 0.025000
0 0.502604 0.753241 0.005729 0.021296
0 0.579688 0.754861 0.007292 0.023611
0 0.639193 0.675231 0.014323 0.013426
0 0.640495 0.711574 0.012240 0.012037
0 0.637630 0.763426 0.012240 0.012037
0 0.692708 0.706944 0.015625 0.012963
0 0.693229 0.737963 0.015625 0.012963
0 0.692187 0.750000 0.015625 0.012963
0 0.658333 0.918981 0.015625 0.012963
0 0.658333 0.904630 0.015625 0.012963
0 0.692969 0.922685 0.015625 0.018519
0 0.658594 0.931944 0.015625 0.012963
0 0.660677 0.982639 0.007812 0.029167
0 0.645312 0.985417 0.007812 0.029167
