2 0.021224 0.284722 0.015885 0.020370
0 0.110286 0.445602 0.016406 0.013426
0 0.079818 0.465741 0.011719 0.010185
0 0.069401 0.487037 0.011719 0.010185
0 0.025781 0.580324 0.015625 0.012500
0 0.051042 0.580324 0.015625 0.012500
0 0.088281 0.572454 0.015625 0.012500
0 0.121484 0.566435 0.016927 0.013426
0 0.135026 0.545602 0.016927 0.013426
0 0.169661 0.560417 0.016927 0.013426
2 0.075000 0.537731 0.017708 0.012500
2 0.060677 0.557870 0.018750 0.012963
0 0.181380 0.458102 0.016406 0.013426
0 0.226953 0.568981 0.014323 0.013889
0 0.249609 0.575000 0.016406 0.012963
2 0.206120 0.560185 0.016406 0.012963
0 0.071224 0.639583 0.013802 0.016204
0 0.279948 0.569444 0.016146 0.014815
0 0.285677 0.520370 0.016146 0.014815
0 0.325781 0.524074 0.016146 0.014815
0 0.335156 0.556944 0.016146 0.014815
0 0.360547 0.553009 0.015365 0.012500
0 0.285938 0.617593 0.006250 0.024074
0 0.291927 0.617130 0.006250 0.024074
0 0.299349 0.617824 0.006510 0.026389
0 0.313802 0.619213 0.006771 0.024537
2 0.328125 0.613426 0.006771 0.027778
2 0.335417 0.612963 0.006771 0.027778
2 0.380208 0.600926 0.016146 0.012037
0 0.358203 0.603704 0.013802 0.012037
2 0.281380 0.651852 0.017448 0.009259
2 0.316927 0.544907 0.015625 0.015741
0 0.316276 0.567824 0.011719 0.009722
0 0.315755 0.566898 0.011719 0.009722
2 0.194922 0.648611 0.017969 0.029630
0 0.324740 0.456019 0.014583 0.012037
0 0.357292 0.452778 0.014583 0.012037
0 0.348438 0.436574 0.016146 0.014815
0 0.248958 0.334722 0.016146 0.014815
0 0.251563 0.248148 0.016146 0.014815
1 0.251302 0.265509 0.038542 0.019907
1 0.252083 0.228009 0.040104 0.018981
1 0.250521 0.207176 0.040104 0.018981
0 0.392839 0.554861 0.015365 0.012500
0 0.406641 0.498380 0.015365 0.012500
0 0.469922 0.508102 0.015365 0.012500
0 0.499089 0.487269 0.015365 0.012500
0 0.466406 0.524537 0.014063 0.012037
0 0.472656 0.545139 0.013542 0.012500
2 0.434115 0.549537 0.015625 0.012963
0 0.519792 0.536343 0.013542 0.012500
0 0.550521 0.536806 0.013542 0.012500
2 0.466406 0.491667 0.015625 0.012963
0 0.580859 0.529167 0.014323 0.012037
0 0.572396 0.577546 0.015104 0.011574
0 0.592187 0.575694 0.015104 0.011574
0 0.627865 0.574769 0.015104 0.011574
0 0.613281 0.528472 0.015104 0.011574
0 0.649740 0.522917 0.014583 0.011574
0 0.619010 0.490046 0.014583 0.011574
0 0.635417 0.506250 0.014583 0.011574
0 0.668620 0.468519 0.012760 0.011111
0 0.683984 0.499074 0.013281 0.011111
0 0.714063 0.496991 0.013021 0.011574
0 0.737891 0.494444 0.013802 0.011111
0 0.697786 0.518519 0.013802 0.011111
2 0.669531 0.574306 0.015104 0.014352
0 0.751693 0.512037 0.012760 0.012963
0 0.759505 0.456481 0.012760 0.012963
0 0.796484 0.486574 0.012760 0.012963
0 0.806641 0.506019 0.012760 0.012963
0 0.788281 0.470602 0.010937 0.009722
0 0.851172 0.444907 0.014844 0.011111
0 0.839453 0.478241 0.014844 0.011111
0 0.859766 0.460648 0.014844 0.011111
0 0.880859 0.459722 0.014844 0.011111
0 0.876953 0.478241 0.014844 0.011111
0 0.858464 0.478704 0.014844 0.011111
0 0.869922 0.502315 0.014844 0.011111
0 0.838151 0.505093 0.014844 0.011111
2 0.833203 0.464815 0.014844 0.011111
2 0.819922 0.482870 0.014844 0.011111
0 0.902734 0.454167 0.014844 0.011111
0 0.899089 0.473611 0.014844 0.011111
0 0.916406 0.510648 0.015625 0.012963
0 0.921094 0.470370 0.015625 0.012963
0 0.926432 0.452778 0.013281 0.011111
0 0.921615 0.420602 0.014063 0.010648
0 0.962760 0.416435 0.014063 0.010648
0 0.982812 0.429398 0.014063 0.010648
0 0.984766 0.414352 0.013281 0.010185
0 0.948307 0.449537 0.013281 0.010185
0 0.940234 0.470833 0.013281 0.010185
0 0.971745 0.446296 0.013281 0.010185
0 0.979167 0.462963 0.014063 0.011111
0 0.944271 0.531713 0.015104 0.016204
0 0.992057 0.575694 0.013802 0.017130
2 0.961068 0.466204 0.014844 0.011111
0 0.993750 0.445833 0.012500 0.009259
0 0.988672 0.379861 0.014844 0.011574
0 0.976823 0.335417 0.016146 0.012500
0 0.955599 0.352778 0.013281 0.011111
2 0.993359 0.356481 0.013281 0.011111
0 0.942578 0.385185 0.013281 0.011111
0 0.928516 0.358333 0.013281 0.011111
0 0.879557 0.378704 0.013281 0.011111
0 0.868099 0.362500 0.013281 0.011111
0 0.797266 0.401852 0.013281 0.011111
0 0.782161 0.373611 0.013281 0.011111
0 0.743880 0.409491 0.015885 0.011574
2 0.693880 0.399306 0.016927 0.011574
0 0.707552 0.413426 0.014583 0.011111
0 0.684505 0.365972 0.011719 0.009722
2 0.602083 0.389120 0.025521 0.016204
0 0.608333 0.364583 0.011979 0.009722
0 0.576042 0.412037 0.017708 0.012963
0 0.425130 0.444676 0.015365 0.012500
0 0.426823 0.427083 0.016146 0.011574
0 0.488281 0.437269 0.016146 0.011574
0 0.475391 0.407407 0.011719 0.010185
0 0.498437 0.419676 0.014063 0.012500
0 0.445964 0.310185 0.013802 0.015741
0 0.522266 0.327315 0.013281 0.011111
2 0.562240 0.323843 0.014583 0.019907
2 0.536589 0.275463 0.008073 0.026852
2 0.552865 0.197917 0.008333 0.037500
2 0.531901 0.105093 0.009115 0.031481
2 0.534375 0.157870 0.009375 0.043519
2 0.381641 0.070833 0.027865 0.019444
0 0.551432 0.082639 0.005990 0.025463
0 0.533464 0.068056 0.013281 0.025000
0 0.665104 0.064583 0.010417 0.011574
0 0.682682 0.060648 0.013281 0.011111
0 0.697786 0.056944 0.013281 0.011111
0 0.782943 0.043519 0.016406 0.011111
0 0.728776 0.052778 0.013281 0.011111
0 0.815755 0.039352 0.016406 0.011111
0 0.836328 0.036111 0.016406 0.011111
0 0.870443 0.048843 0.012240 0.020833
0 0.884505 0.022454 0.007031 0.024537
0 0.885417 0.082176 0.010417 0.027315
0 0.878255 0.105556 0.009115 0.019444
0 0.880208 0.116204 0.011979 0.019444
0 0.893880 0.147222 0.014323 0.019444
2 0.912109 0.189583 0.014323 0.028241
0 0.925781 0.232639 0.010937 0.024537
0 0.509115 0.070833 0.013542 0.013889
0 0.492708 0.071296 0.013542 0.013889
0 0.476302 0.073148 0.014583 0.012037
0 0.455469 0.071991 0.016146 0.012500
0 0.428776 0.073611 0.014844 0.012037
0 0.411589 0.074074 0.014844 0.012037
0 0.357682 0.079630 0.014844 0.012037
0 0.337891 0.079167 0.014844 0.012037
0 0.315234 0.080093 0.014844 0.012037
0 0.297526 0.081019 0.014844 0.012037
0 0.178516 0.087963 0.014844 0.012037
2 0.251563 0.079630 0.024479 0.015741
2 0.199740 0.082407 0.024479 0.016667
0 0.555339 0.691667 0.011198 0.012037
0 0.559375 0.728472 0.013542 0.012500
0 0.611719 0.753935 0.013542 0.012500
0 0.609375 0.767824 0.013542 0.012500
0 0.556510 0.780787 0.013542 0.012500
0 0.577474 0.921528 0.014323 0.015278
0 0.577734 0.934954 0.012760 0.013426
0 0.577995 0.947917 0.012760 0.013426
0 0.610807 0.938889 0.014323 0.019444
0 0.566667 0.992824 0.006771 0.014352
0 0.582292 0.993287 0.007812 0.013426
0 0.491667 0.794444 0.012500 0.025926
0 0.476042 0.860417 0.011979 0.026389
0 0.459896 0.965278 0.007812 0.029630
2 0.468229 0.958796 0.007812 0.029630
0 0.429167 0.835417 0.013542 0.023611
0 0.447656 0.768519 0.006771 0.025926
0 0.440625 0.768750 0.006771 0.025463
0 0.426823 0.767593 0.006250 0.028704
0 0.412760 0.770370 0.006250 0.028704
0 0.398177 0.773148 0.007812 0.027778
0 0.285677 0.874306 0.007812 0.020833
0 0.322656 0.853704 0.015104 0.015741
0 0.305469 0.793056 0.005729 0.026852
2 0.352474 0.982870 0.009635 0.029630
0 0.300911 0.722917 0.007031 0.030093
0 0.276953 0.831944 0.014844 0.014815
2 0.253125 0.822685 0.016146 0.015741
0 0.433203 0.768287 0.005469 0.022685
0 0.199870 0.809954 0.007031 0.027315
0 0.191536 0.813657 0.005990 0.019907
0 0.182292 0.823843 0.007292 0.023611
0 0.180990 0.863889 0.014583 0.018519
0 0.150781 0.887037 0.011979 0.013889
0 0.144661 0.856944 0.013802 0.018519
2 0.131641 0.906250 0.010156 0.034722
2 0.096224 0.685417 0.010156 0.034722
2 0.088281 0.688657 0.010417 0.032870
0 0.094401 0.774306 0.016406 0.018056
0 0.076823 0.779861 0.016667 0.014352
0 0.095703 0.917130 0.007552 0.021296
0 0.082031 0.907407 0.017708 0.011111
0 0.063542 0.907870 0.017708 0.011111
0 0.043750 0.906019 0.017708 0.011111
0 0.026562 0.909722 0.017708 0.011111
2 0.066146 0.881250 0.017188 0.011574
2 0.536068 0.201852 0.007031 0.025926
