2 0.039583 0.160185 0.025521 0.015741
2 0.094792 0.156944 0.027083 0.018519
2 0.225260 0.146296 0.027083 0.018519
0 0.140495 0.156250 0.014844 0.008796
0 0.159635 0.156481 0.014583 0.011111
0 0.183073 0.155556 0.014583 0.011111
0 0.201563 0.154630 0.014583 0.011111
0 0.254948 0.150926 0.014583 0.011111
0 0.321484 0.149074 0.015365 0.011111
0 0.272656 0.149074 0.014583 0.011111
0 0.300391 0.147685 0.016927 0.010185
0 0.333724 0.128241 0.015365 0.011111
0 0.338281 0.146065 0.014583 0.010648
0 0.355078 0.146759 0.013281 0.011111
0 0.396615 0.158102 0.008333 0.025463
2 0.376563 0.179861 0.009896 0.027315
2 0.380339 0.235417 0.010156 0.043056
2 0.397786 0.274306 0.009115 0.038426
2 0.381901 0.279630 0.007031 0.028704
2 0.382422 0.349537 0.007031 0.028704
2 0.408333 0.399074 0.017188 0.022222
0 0.369401 0.401620 0.014323 0.009722
1 0.091536 0.285648 0.041406 0.019444
1 0.093620 0.307870 0.041406 0.016667
1 0.092578 0.342593 0.041406 0.016667
0 0.094792 0.324769 0.016146 0.008796
0 0.158594 0.378935 0.012500 0.021759
0 0.091146 0.411806 0.016667 0.012500
0 0.513932 0.138657 0.011198 0.011574
0 0.530339 0.135417 0.013281 0.013426
0 0.546484 0.130787 0.014844 0.012500
0 0.578516 0.127546 0.014844 0.012500
0 0.632161 0.116898 0.014844 0.010648
0 0.666016 0.113657 0.014844 0.010648
0 0.687109 0.108565 0.014844 0.010648
0 0.719922 0.120370 0.013802 0.017593
0 0.736719 0.154861 0.011458 0.024537
0 0.728906 0.176852 0.011458 0.020370
0 0.731901 0.189352 0.014844 0.021296
0 0.751953 0.189583 0.010677 0.025463
0 0.744141 0.220139 0.013281 0.020833
2 0.748698 0.231944 0.011979 0.014815
2 0.763281 0.262731 0.016146 0.027315
0 0.776953 0.305787 0.010156 0.024537
2 0.917839 0.128009 0.007552 0.033796
2 0.945833 0.094907 0.010417 0.032407
2 0.957943 0.169676 0.009115 0.027315
2 0.935677 0.150231 0.006250 0.018981
0 0.985547 0.207639 0.015365 0.016204
2 0.984115 0.251157 0.009896 0.038426
0 0.933854 0.092130 0.006771 0.026852
0 0.952734 0.098611 0.005990 0.025000
0 0.924609 0.102778 0.005990 0.025000
0 0.925651 0.149537 0.005990 0.025000
0 0.917448 0.167130 0.006771 0.025926
0 0.935156 0.194907 0.006771 0.025926
0 0.926562 0.211574 0.006771 0.025926
0 0.918750 0.210648 0.006771 0.025926
0 0.936328 0.249537 0.004948 0.019444
0 0.920443 0.275926 0.004948 0.019444
0 0.929036 0.286111 0.006510 0.023148
0 0.936849 0.297222 0.006510 0.023148
0 0.932422 0.356944 0.006510 0.023148
0 0.922786 0.349537 0.006510 0.023148
0 0.942969 0.389352 0.007292 0.023148
0 0.851953 0.173843 0.012760 0.017130
0 0.959375 0.223611 0.008333 0.027778
0 0.955208 0.130556 0.008333 0.027778
0 0.945964 0.139120 0.007552 0.023611
2 0.949089 0.172917 0.007552 0.023611
0 0.987760 0.175463 0.015104 0.022222
0 0.937240 0.436111 0.007292 0.023148
0 0.946224 0.454630 0.008073 0.025000
0 0.930729 0.476620 0.008854 0.026389
0 0.951172 0.536806 0.008073 0.025463
1 0.927865 0.423843 0.010937 0.043056
0 0.945182 0.630324 0.008073 0.025463
0 0.978776 0.597454 0.008073 0.025463
0 0.971745 0.606250 0.008073 0.025463
0 0.962891 0.623380 0.008073 0.025463
0 0.979297 0.638194 0.008073 0.025463
0 0.970964 0.643287 0.008073 0.025463
0 0.962370 0.659028 0.008073 0.025463
0 0.963411 0.690509 0.008073 0.025463
0 0.972005 0.692824 0.008073 0.025463
0 0.972266 0.726157 0.008073 0.025463
0 0.962630 0.730787 0.008073 0.025463
0 0.962109 0.800231 0.008073 0.025463
2 0.971484 0.793981 0.008073 0.029630
2 0.970182 0.840741 0.008073 0.029630
0 0.960807 0.865278 0.007031 0.026852
0 0.966927 0.904398 0.008333 0.022685
2 0.966016 0.945370 0.008073 0.029630
0 0.956771 0.933102 0.006250 0.020833
0 0.937630 0.946528 0.007031 0.027315
0 0.914583 0.762269 0.011979 0.020833
0 0.855078 0.664583 0.013802 0.019907
0 0.830469 0.628472 0.015625 0.021759
0 0.901432 0.526852 0.010677 0.011111
0 0.891536 0.511343 0.013281 0.011574
0 0.897526 0.495139 0.013281 0.011574
0 0.887760 0.466667 0.014583 0.012037
0 0.866667 0.468519 0.014583 0.012037
0 0.853906 0.483102 0.011979 0.010648
0 0.856510 0.498148 0.010937 0.011111
0 0.876563 0.532639 0.012500 0.012500
0 0.851823 0.534028 0.015104 0.010648
0 0.845833 0.517361 0.013021 0.011574
0 0.839583 0.500694 0.014063 0.012500
0 0.835156 0.486343 0.014063 0.012500
0 0.814844 0.487731 0.014063 0.012500
0 0.795052 0.490972 0.014063 0.012500
0 0.830469 0.534491 0.014063 0.012500
0 0.823698 0.518750 0.014063 0.012500
0 0.800000 0.522454 0.014063 0.012500
0 0.796094 0.505324 0.014583 0.012500
0 0.833594 0.435880 0.014583 0.012500
0 0.802865 0.456250 0.014583 0.012500
0 0.780729 0.443287 0.015104 0.010648
0 0.762240 0.463194 0.014063 0.012500
0 0.778125 0.525231 0.014063 0.012500
0 0.772786 0.541898 0.014844 0.011574
0 0.792578 0.543056 0.013802 0.009259
0 0.754036 0.526852 0.013802 0.009259
0 0.751302 0.546296 0.015104 0.011111
2 0.812891 0.539120 0.015365 0.013426
2 0.868099 0.515046 0.015365 0.013426
2 0.876953 0.498380 0.015365 0.013426
2 0.871224 0.484028 0.015365 0.013426
0 0.889193 0.480324 0.013281 0.011574
0 0.785547 0.593056 0.014844 0.015741
0 0.753516 0.579630 0.013802 0.012037
0 0.728125 0.549537 0.015104 0.011111
0 0.732812 0.531481 0.015104 0.011111
0 0.731250 0.513889 0.015104 0.011111
0 0.711719 0.531481 0.015104 0.011111
0 0.709115 0.550000 0.015104 0.011111
0 0.724219 0.575000 0.015104 0.011111
0 0.676302 0.576157 0.014063 0.010648
0 0.690365 0.550926 0.015104 0.011111
0 0.646875 0.558333 0.015104 0.011111
0 0.653906 0.540972 0.010937 0.009722
0 0.652214 0.525463 0.013281 0.011111
2 0.687500 0.535417 0.016146 0.013426
2 0.670573 0.556250 0.016146 0.013426
0 0.718229 0.466435 0.014063 0.012500
0 0.683594 0.441667 0.011979 0.011111
0 0.660937 0.473148 0.011979 0.011111
2 0.731641 0.433565 0.017448 0.010648
0 0.683333 0.422454 0.016146 0.012500
0 0.633464 0.435185 0.014844 0.012037
0 0.592578 0.466667 0.014844 0.013889
0 0.630078 0.581944 0.016927 0.012963
0 0.609115 0.564583 0.015104 0.010648
0 0.583984 0.566435 0.012760 0.012500
0 0.581250 0.449769 0.014063 0.010648
0 0.562760 0.550231 0.014583 0.011574
0 0.576042 0.589352 0.015625 0.013889
0 0.557943 0.569907 0.014323 0.012037
0 0.529818 0.573611 0.014323 0.012037
0 0.537891 0.593056 0.014323 0.012037
0 0.506120 0.595139 0.016406 0.012500
0 0.498828 0.493056 0.012760 0.011111
0 0.467578 0.465509 0.014323 0.011574
0 0.444401 0.499306 0.015365 0.012500
0 0.470443 0.545370 0.015365 0.014815
0 0.462630 0.564352 0.015365 0.014815
0 0.466536 0.600231 0.014323 0.012500
0 0.435286 0.584954 0.014323 0.012500
0 0.436849 0.603009 0.014323 0.012500
2 0.434375 0.552083 0.015625 0.013426
2 0.513802 0.649306 0.015625 0.013426
0 0.474089 0.650000 0.014323 0.010185
0 0.437370 0.650926 0.014323 0.010185
0 0.417839 0.652315 0.014323 0.010185
0 0.390755 0.611111 0.014323 0.010185
0 0.371615 0.558102 0.016667 0.010648
2 0.352604 0.613657 0.015625 0.013426
0 0.396745 0.505324 0.013281 0.011574
0 0.355599 0.456481 0.012240 0.011111
2 0.395182 0.488194 0.015885 0.011574
0 0.324479 0.592824 0.016667 0.010648
0 0.267188 0.621991 0.016667 0.010648
0 0.311979 0.618750 0.016667 0.010648
0 0.257812 0.585880 0.016667 0.010648
2 0.274479 0.603935 0.016667 0.010648
2 0.296875 0.481944 0.025000 0.015741
0 0.267057 0.456019 0.012240 0.011111
0 0.284896 0.502083 0.016667 0.013426
0 0.234375 0.628009 0.016667 0.013426
0 0.208203 0.634259 0.012760 0.012037
0 0.171615 0.641204 0.016667 0.012037
0 0.188802 0.513426 0.016667 0.012037
0 0.160807 0.500231 0.012760 0.010648
0 0.164844 0.532639 0.015625 0.013426
0 0.109896 0.539583 0.015625 0.013426
0 0.125260 0.610185 0.017188 0.012037
0 0.127865 0.644676 0.016667 0.010648
0 0.103646 0.522454 0.015625 0.013426
0 0.091146 0.646991 0.015625 0.013426
2 0.078906 0.593750 0.017188 0.012500
2 0.062760 0.641435 0.018229 0.014352
2 0.042188 0.616435 0.018229 0.014352
0 0.040885 0.547222 0.017188 0.012037
0 0.023177 0.531944 0.017188 0.012037
0 0.033854 0.637500 0.017188 0.012037
0 0.200651 0.679630 0.012760 0.012037
0 0.157422 0.694213 0.009115 0.022685
0 0.143620 0.694213 0.009115 0.022685
0 0.136328 0.692361 0.009115 0.022685
0 0.128776 0.693750 0.009115 0.022685
2 0.124609 0.725694 0.019010 0.014352
2 0.225391 0.677546 0.019010 0.014352
2 0.179036 0.688889 0.008073 0.025926
2 0.170703 0.689352 0.008073 0.025926
2 0.036589 0.725926 0.021615 0.031481
0 0.026562 0.900463 0.007812 0.023148
0 0.044401 0.884954 0.007552 0.027315
0 0.035677 0.889815 0.006250 0.020370
0 0.026302 0.937500 0.013021 0.016667
2 0.098828 0.897454 0.016927 0.016204
0 0.122396 0.907407 0.015625 0.013889
0 0.169531 0.927546 0.014063 0.014352
0 0.132161 0.948611 0.008073 0.021296
0 0.242708 0.848380 0.007812 0.029167
0 0.290495 0.843056 0.005990 0.023148
0 0.277865 0.909954 0.012500 0.022685
0 0.323307 0.933796 0.009635 0.024074
0 0.316146 0.920139 0.011979 0.026389
0 0.400260 0.854861 0.011458 0.014352
0 0.453776 0.829861 0.010156 0.012500
0 0.452604 0.843056 0.011979 0.014815
0 0.527734 0.837731 0.005469 0.025463
2 0.755990 0.239120 0.009375 0.017130
