0 0.014453 0.201157 0.012760 0.009722
0 0.031380 0.203009 0.012760 0.009722
0 0.074609 0.218056 0.007031 0.024074
2 0.085807 0.060880 0.011719 0.027315
2 0.052995 0.240509 0.011719 0.027315
2 0.053776 0.295833 0.012240 0.042593
2 0.071354 0.336343 0.009896 0.036574
2 0.054297 0.338194 0.008073 0.028241
2 0.054036 0.411806 0.008073 0.025463
2 0.077604 0.463194 0.019271 0.021759
0 0.198177 0.210648 0.011458 0.009259
0 0.216536 0.210880 0.013802 0.010648
0 0.232682 0.208333 0.014844 0.012037
0 0.267578 0.206944 0.014844 0.012037
0 0.321745 0.203704 0.014844 0.012037
0 0.356901 0.202778 0.014844 0.012037
0 0.377995 0.200926 0.014844 0.012037
0 0.374349 0.084954 0.007552 0.025463
2 0.383724 0.088657 0.008594 0.031944
0 0.411719 0.215972 0.012500 0.019907
0 0.413021 0.068981 0.006771 0.026852
0 0.409245 0.031944 0.007552 0.028704
2 0.423307 0.021759 0.007552 0.028704
2 0.414453 0.099537 0.005469 0.025926
2 0.645573 0.136111 0.005208 0.028704
0 0.440495 0.043519 0.013281 0.023148
0 0.450521 0.050231 0.013021 0.024537
0 0.426693 0.252546 0.011198 0.027315
0 0.416797 0.260880 0.012240 0.020833
0 0.417708 0.274769 0.014063 0.021759
0 0.421094 0.287269 0.014063 0.021759
0 0.432161 0.319676 0.014323 0.018981
2 0.435026 0.331713 0.014323 0.018981
2 0.442057 0.340046 0.014323 0.018981
2 0.449219 0.363889 0.015104 0.030556
0 0.458724 0.356481 0.009635 0.025000
0 0.463932 0.408796 0.009635 0.025000
0 0.512891 0.409954 0.014844 0.020833
0 0.542448 0.282407 0.011979 0.017593
0 0.603906 0.278241 0.009375 0.025926
0 0.610286 0.185648 0.006510 0.024074
0 0.627474 0.213426 0.006510 0.024074
0 0.618620 0.241435 0.004948 0.024537
0 0.646354 0.231713 0.005729 0.026389
0 0.645052 0.089583 0.005729 0.026389
0 0.636198 0.050694 0.005729 0.026389
0 0.644531 0.034028 0.005729 0.026389
0 0.729688 0.071296 0.006250 0.022222
2 0.638672 0.187269 0.005990 0.024537
2 0.673177 0.376852 0.008333 0.036111
2 0.691797 0.338657 0.014844 0.014352
2 0.738151 0.339120 0.017969 0.027315
0 0.671745 0.311574 0.014323 0.016667
0 0.679167 0.299306 0.015625 0.021759
0 0.709115 0.345370 0.013542 0.017593
0 0.720573 0.319444 0.013542 0.017593
0 0.726823 0.246991 0.014063 0.016204
0 0.740625 0.303935 0.010937 0.027315
0 0.692448 0.228009 0.014063 0.012500
0 0.720573 0.198380 0.007292 0.028241
2 0.690495 0.253704 0.015885 0.012963
0 0.735026 0.096991 0.007031 0.023611
0 0.742318 0.132639 0.007031 0.023611
0 0.775391 0.100000 0.012240 0.012037
0 0.725391 0.361806 0.011719 0.016204
0 0.740625 0.380787 0.013542 0.019907
0 0.756120 0.362269 0.014323 0.021759
0 0.769922 0.381250 0.014323 0.021759
0 0.755339 0.404861 0.014323 0.021759
0 0.793099 0.388194 0.014323 0.021759
0 0.819271 0.373380 0.015104 0.017130
0 0.838542 0.389583 0.012500 0.012500
0 0.855990 0.384954 0.012500 0.012500
0 0.848177 0.354861 0.012500 0.012500
0 0.835026 0.354630 0.007552 0.025926
0 0.810026 0.423843 0.015885 0.018056
0 0.770833 0.440046 0.011458 0.024537
0 0.795573 0.450694 0.010417 0.022685
0 0.865625 0.353009 0.012500 0.012500
0 0.889453 0.349769 0.013281 0.013426
0 0.905078 0.373843 0.013281 0.013426
0 0.920443 0.371528 0.013281 0.013426
0 0.926172 0.351620 0.013281 0.013426
2 0.872266 0.378472 0.014323 0.014352
2 0.960286 0.340509 0.015885 0.016204
0 0.994010 0.331250 0.011979 0.017130
0 0.995182 0.284722 0.009635 0.014815
0 0.994271 0.303704 0.011458 0.011111
0 0.954557 0.478241 0.015365 0.013889
0 0.950000 0.536806 0.016146 0.014352
2 0.952995 0.489815 0.016927 0.012037
2 0.952214 0.512500 0.016927 0.012037
0 0.949349 0.555093 0.017969 0.012037
0 0.946875 0.568056 0.020833 0.016667
0 0.801302 0.476620 0.011979 0.028241
0 0.808073 0.513426 0.010417 0.025926
0 0.787760 0.501389 0.010417 0.025926
0 0.708594 0.536574 0.011979 0.011111
0 0.707552 0.552778 0.013021 0.011111
0 0.727474 0.539120 0.015365 0.013426
0 0.704818 0.569213 0.015365 0.013426
0 0.698828 0.583565 0.015365 0.013426
0 0.701693 0.602315 0.014844 0.012963
0 0.721745 0.606019 0.014844 0.012963
0 0.739193 0.593056 0.014844 0.012963
0 0.762109 0.597222 0.014844 0.012963
0 0.773047 0.552315 0.014844 0.012963
0 0.732943 0.559259 0.014844 0.012963
0 0.751953 0.562500 0.014844 0.012963
0 0.770443 0.567130 0.014844 0.012963
0 0.726693 0.573611 0.014844 0.012963
0 0.764062 0.579861 0.011979 0.011574
0 0.754167 0.544676 0.014063 0.013426
0 0.746094 0.577083 0.014063 0.013426
0 0.740885 0.609028 0.014063 0.013426
1 0.768880 0.615046 0.033594 0.022685
0 0.786589 0.585185 0.014844 0.012963
0 0.781641 0.600463 0.015885 0.013889
0 0.811979 0.590046 0.015104 0.011574
0 0.797526 0.604398 0.016406 0.012500
0 0.793229 0.621065 0.014063 0.011574
0 0.811979 0.622222 0.015104 0.012963
0 0.817969 0.607639 0.016667 0.016204
0 0.831771 0.595139 0.010937 0.010648
0 0.838281 0.611574 0.013021 0.012963
0 0.857943 0.616898 0.015885 0.013426
0 0.849870 0.629861 0.015885 0.013426
0 0.868880 0.633565 0.015885 0.013426
0 0.876172 0.619907 0.012240 0.012037
2 0.830599 0.625926 0.015365 0.013889
2 0.888932 0.638426 0.017448 0.013889
0 0.898177 0.622917 0.015104 0.015278
0 0.911198 0.608102 0.015104 0.015278
0 0.916276 0.626852 0.013281 0.014815
0 0.905339 0.642593 0.013281 0.014815
0 0.925651 0.643981 0.013281 0.014815
0 0.940755 0.631019 0.013281 0.014815
0 0.950000 0.614120 0.014063 0.014352
0 0.890104 0.604861 0.014063 0.014352
0 0.875781 0.602546 0.014063 0.014352
0 0.856901 0.598380 0.011198 0.013426
0 0.942318 0.647222 0.013281 0.014815
2 0.958594 0.651389 0.016146 0.012963
0 0.935547 0.698611 0.013281 0.014815
0 0.981641 0.705324 0.013802 0.013426
0 0.996094 0.625463 0.007812 0.012963
0 0.987370 0.656481 0.013281 0.013889
0 0.994922 0.642130 0.010156 0.012037
0 0.881510 0.687269 0.014583 0.012500
0 0.796615 0.770833 0.013021 0.021296
0 0.768359 0.803009 0.015885 0.021759
0 0.749219 0.822454 0.014583 0.021759
0 0.729036 0.869444 0.011198 0.025000
0 0.723047 0.896759 0.011198 0.025000
0 0.723568 0.953472 0.007552 0.022685
0 0.704167 0.978009 0.009896 0.025463
0 0.734375 0.989352 0.007292 0.021296
0 0.808984 0.809954 0.014323 0.022685
0 0.805599 0.825231 0.014323 0.022685
0 0.659766 0.915509 0.008073 0.027315
0 0.606901 0.957639 0.008073 0.027315
0 0.612630 0.989352 0.007552 0.021296
0 0.610547 0.885648 0.008073 0.026852
0 0.636198 0.882176 0.008854 0.026389
0 0.648438 0.809028 0.007292 0.026389
0 0.639844 0.780324 0.007292 0.026389
0 0.648958 0.767361 0.007292 0.026389
0 0.657552 0.762269 0.007292 0.026389
0 0.651042 0.730787 0.007292 0.026389
0 0.657813 0.723843 0.007292 0.026389
0 0.640885 0.747917 0.007292 0.026389
0 0.639193 0.812731 0.008073 0.028241
0 0.629297 0.809028 0.008073 0.028241
0 0.621484 0.799769 0.008073 0.028241
0 0.614193 0.757639 0.007552 0.025463
0 0.612630 0.695139 0.007552 0.025463
2 0.630599 0.732870 0.004948 0.016667
2 0.665625 0.811574 0.007812 0.029630
2 0.646094 0.873148 0.007812 0.029630
2 0.642188 0.970370 0.007812 0.029630
0 0.625911 0.913426 0.005990 0.022222
0 0.642839 0.925926 0.005990 0.022222
0 0.632943 0.956481 0.005469 0.019444
0 0.634375 0.927083 0.006771 0.027315
0 0.618490 0.907639 0.007292 0.025463
0 0.594531 0.904167 0.009896 0.025926
0 0.579167 0.857639 0.010937 0.021759
0 0.565885 0.828472 0.010937 0.021759
0 0.549870 0.799306 0.012760 0.022685
0 0.630599 0.993056 0.007552 0.013889
0 0.621484 0.993056 0.007552 0.013889
0 0.638021 0.848380 0.008854 0.026389
0 0.656771 0.804861 0.008854 0.026389
0 0.666667 0.673843 0.007292 0.026389
0 0.622656 0.659954 0.007292 0.026389
0 0.628646 0.575231 0.007292 0.026389
0 0.618750 0.575694 0.007292 0.026389
2 0.611328 0.602315 0.008073 0.031481
0 0.616927 0.517824 0.007292 0.026389
0 0.617448 0.424306 0.007292 0.026389
0 0.608333 0.396528 0.007292 0.026389
2 0.626042 0.500231 0.007292 0.026389
1 0.624870 0.350694 0.009115 0.037500
0 0.676172 0.331944 0.014323 0.012963
0 0.570182 0.581019 0.015365 0.012037
0 0.548828 0.580556 0.014844 0.012963
0 0.579036 0.611111 0.015365 0.012037
0 0.570312 0.596759 0.011979 0.009259
2 0.548698 0.629398 0.015625 0.009722
0 0.536719 0.609722 0.011979 0.009259
2 0.558854 0.611806 0.015625 0.009722
2 0.553385 0.597454 0.015625 0.009722
2 0.492188 0.646528 0.015625 0.009722
0 0.572656 0.627778 0.013542 0.010185
0 0.581641 0.643981 0.010677 0.009259
0 0.526172 0.628935 0.012240 0.009722
0 0.520182 0.611343 0.014844 0.011574
0 0.535026 0.594907 0.010156 0.009259
0 0.516797 0.595833 0.014323 0.011111
0 0.501042 0.611343 0.015625 0.010648
0 0.503385 0.627315 0.013021 0.009259
0 0.531380 0.645139 0.014323 0.012500
0 0.556380 0.646991 0.014323 0.012500
0 0.510286 0.644676 0.014323 0.012500
0 0.495443 0.595139 0.014323 0.012500
0 0.475651 0.595139 0.014323 0.012500
0 0.478385 0.612731 0.014583 0.011574
0 0.457161 0.611574 0.013281 0.010185
0 0.479167 0.627315 0.014063 0.010185
0 0.458073 0.628472 0.012500 0.009722
0 0.471875 0.648380 0.012500 0.009722
0 0.515495 0.744907 0.011719 0.018519
0 0.480859 0.714120 0.014844 0.018981
0 0.437240 0.684028 0.015625 0.016204
0 0.451562 0.644676 0.014583 0.011574
0 0.430729 0.611806 0.014583 0.011574
0 0.433333 0.627546 0.014583 0.011574
0 0.429427 0.646065 0.014583 0.011574
0 0.410677 0.630324 0.014583 0.011574
0 0.406510 0.647454 0.014583 0.011574
0 0.389583 0.628009 0.014583 0.011574
0 0.385937 0.646528 0.014583 0.011574
0 0.395182 0.671759 0.014323 0.012037
0 0.358984 0.668519 0.014323 0.012037
0 0.374870 0.612731 0.015365 0.014352
0 0.366536 0.645602 0.015365 0.014352
0 0.326823 0.669907 0.014063 0.012037
0 0.303646 0.670370 0.014063 0.012037
0 0.321615 0.649074 0.014063 0.012037
0 0.308984 0.631713 0.015365 0.010648
0 0.285156 0.614352 0.016667 0.012037
0 0.286719 0.650694 0.015104 0.010648
0 0.273438 0.674306 0.015104 0.010648
0 0.262500 0.649769 0.015104 0.010648
2 0.363542 0.629861 0.017188 0.013426
2 0.339714 0.613889 0.015885 0.012037
2 0.347135 0.648148 0.015625 0.011111
0 0.329427 0.631713 0.010937 0.009722
0 0.252865 0.632407 0.016146 0.009259
0 0.238932 0.650231 0.013802 0.011574
0 0.218620 0.651620 0.013802 0.011574
0 0.206510 0.600926 0.011458 0.009259
0 0.193359 0.651620 0.015365 0.010648
0 0.193880 0.671296 0.016406 0.010185
2 0.232031 0.670833 0.017188 0.012037
0 0.169661 0.650694 0.015365 0.010648
0 0.156120 0.634954 0.015365 0.010648
0 0.155859 0.671991 0.015365 0.010648
0 0.124609 0.671528 0.015365 0.010648
2 0.153906 0.618750 0.015625 0.008796
2 0.145703 0.653241 0.017448 0.011111
2 0.086719 0.621759 0.019792 0.012037
2 0.173437 0.728704 0.015625 0.012963
2 0.060677 0.653704 0.018750 0.012037
0 0.132292 0.722917 0.016146 0.010648
0 0.096094 0.720139 0.016146 0.010648
0 0.075781 0.718750 0.016146 0.010648
0 0.086328 0.671528 0.013281 0.009722
0 0.053255 0.677315 0.019531 0.012037
0 0.080990 0.568287 0.017188 0.012500
0 0.086458 0.551157 0.017188 0.012500
0 0.030990 0.567824 0.017188 0.012500
0 0.007292 0.622685 0.014063 0.012037
0 0.013542 0.674769 0.016146 0.013426
0 0.181380 0.917593 0.006510 0.023148
0 0.400911 0.227778 0.010156 0.019444
3 0.750911 0.591204 0.005990 0.007407
2 0.804948 0.411574 0.014063 0.014815
