0 0.006771 0.097685 0.011979 0.010185
0 0.025521 0.096528 0.015625 0.009722
0 0.043229 0.094676 0.016667 0.013426
0 0.079557 0.094676 0.017448 0.011574
0 0.173307 0.088889 0.014844 0.010185
0 0.136068 0.089583 0.016927 0.010648
0 0.194531 0.087963 0.015104 0.011111
0 0.231250 0.104861 0.014583 0.019907
0 0.245703 0.140046 0.011719 0.026389
0 0.234635 0.149074 0.014583 0.019444
0 0.235547 0.163889 0.015365 0.016667
0 0.239583 0.175000 0.015104 0.021296
0 0.252344 0.210417 0.015104 0.018056
2 0.263151 0.233102 0.011719 0.020833
2 0.254948 0.222685 0.016146 0.017593
2 0.269010 0.254398 0.016667 0.031019
0 0.285807 0.268519 0.009635 0.025000
0 0.284766 0.300463 0.010677 0.025000
0 0.365234 0.170833 0.013281 0.018519
0 0.445573 0.838426 0.005729 0.026852
0 0.205469 0.413657 0.014063 0.014352
0 0.214974 0.435880 0.016406 0.018056
0 0.572656 0.011343 0.007812 0.021759
0 0.550260 0.081481 0.007812 0.026852
0 0.506901 0.187037 0.015885 0.020370
0 0.557682 0.130556 0.015885 0.016667
2 0.519531 0.138194 0.016146 0.014352
0 0.521484 0.113194 0.015365 0.012500
0 0.551823 0.209028 0.014583 0.018056
0 0.572266 0.193056 0.011719 0.026852
0 0.588151 0.249769 0.013802 0.020833
0 0.602995 0.271759 0.013802 0.023148
0 0.627344 0.278935 0.014583 0.018056
0 0.654297 0.261111 0.014844 0.016667
0 0.674609 0.278472 0.014844 0.012500
0 0.670703 0.241204 0.007552 0.025926
0 0.693880 0.273148 0.013281 0.010185
0 0.645182 0.314583 0.014844 0.017130
0 0.604167 0.332639 0.011458 0.025463
0 0.588672 0.293750 0.013281 0.023611
0 0.573438 0.268981 0.012500 0.020370
0 0.556901 0.250231 0.011198 0.017130
2 0.569271 0.226852 0.016667 0.028704
2 0.520703 0.228009 0.014323 0.015278
2 0.501042 0.265972 0.006771 0.037500
0 0.503906 0.219213 0.014063 0.012500
0 0.539714 0.234954 0.014323 0.014352
0 0.587760 0.271528 0.015104 0.018981
0 0.704297 0.240972 0.013802 0.010648
0 0.684505 0.244213 0.014844 0.011574
0 0.778906 0.234722 0.014583 0.012963
0 0.744401 0.262731 0.014323 0.012500
0 0.761068 0.258102 0.014323 0.012500
0 0.654167 0.275694 0.014063 0.017130
0 0.840495 0.217593 0.014323 0.015741
0 0.840365 0.188426 0.012500 0.011111
0 0.876432 0.149769 0.011719 0.013426
2 0.635807 0.288194 0.017448 0.018981
2 0.711849 0.268287 0.015365 0.013426
0 0.629687 0.342824 0.010937 0.024537
0 0.636589 0.372222 0.010156 0.025926
0 0.622005 0.396065 0.011198 0.026389
0 0.613151 0.359954 0.010156 0.020833
0 0.644401 0.409028 0.010677 0.028241
0 0.440495 0.956019 0.006510 0.023148
0 0.427995 0.941898 0.008594 0.026389
0 0.500391 0.442361 0.013281 0.013426
0 0.530469 0.466435 0.014583 0.013426
0 0.428255 0.429861 0.014844 0.013426
0 0.463281 0.418750 0.015104 0.014352
0 0.444401 0.455093 0.014844 0.012963
0 0.457031 0.631713 0.008333 0.027315
0 0.516146 0.426389 0.015625 0.012963
0 0.538672 0.450463 0.014844 0.012963
0 0.575911 0.436343 0.013802 0.013426
0 0.597786 0.445833 0.013802 0.013889
0 0.565495 0.470602 0.015365 0.013426
0 0.584245 0.491898 0.014323 0.013426
0 0.541797 0.484954 0.015885 0.011574
0 0.481641 0.543287 0.012760 0.024537
0 0.510156 0.506944 0.015625 0.014815
0 0.606380 0.514583 0.011719 0.011574
0 0.594141 0.476157 0.013281 0.011574
0 0.621224 0.481944 0.014323 0.012037
0 0.610938 0.497917 0.016146 0.013426
0 0.644141 0.487500 0.014323 0.012963
0 0.632812 0.503935 0.014583 0.013426
0 0.655599 0.506944 0.015885 0.012963
0 0.636458 0.518750 0.015104 0.011574
0 0.676953 0.511111 0.013802 0.012963
0 0.668880 0.492824 0.010677 0.011574
0 0.694922 0.497454 0.009635 0.009722
0 0.696875 0.513889 0.016146 0.013889
0 0.714453 0.500694 0.012760 0.011574
0 0.729557 0.503241 0.013281 0.012037
0 0.752734 0.506944 0.014844 0.012037
0 0.738542 0.521296 0.015104 0.012037
0 0.769010 0.543981 0.014583 0.012963
0 0.716406 0.518519 0.011979 0.010185
0 0.687630 0.530093 0.013802 0.013889
0 0.708984 0.531713 0.014844 0.012500
2 0.666536 0.526620 0.016927 0.015278
2 0.727734 0.537269 0.019531 0.011574
2 0.802865 0.549537 0.015104 0.012963
0 0.776172 0.509028 0.013281 0.011574
0 0.785677 0.530556 0.014063 0.011111
0 0.747266 0.542130 0.013802 0.012963
0 0.786979 0.547917 0.014063 0.012500
0 0.795964 0.515741 0.013802 0.012037
0 0.828516 0.554861 0.014844 0.012500
0 0.811068 0.516204 0.014844 0.012963
0 0.832812 0.538657 0.014063 0.012500
0 0.876172 0.562731 0.014844 0.013426
0 0.918750 0.572222 0.015104 0.012037
0 0.898828 0.569444 0.013281 0.011111
0 0.862760 0.545370 0.015104 0.012037
2 0.857422 0.560880 0.016406 0.012500
2 0.801823 0.534954 0.016667 0.012500
1 0.860677 0.527315 0.036979 0.019444
0 0.646615 0.716667 0.014063 0.022222
0 0.643099 0.733565 0.013802 0.022685
0 0.557422 0.761806 0.011719 0.028241
0 0.605078 0.709259 0.015365 0.018519
0 0.559375 0.806713 0.009375 0.026389
0 0.563281 0.778009 0.011458 0.027315
0 0.559245 0.867361 0.005469 0.021759
0 0.553125 0.961343 0.009375 0.026389
0 0.474479 0.863426 0.006771 0.028704
0 0.466797 0.791204 0.006510 0.027778
0 0.476432 0.785417 0.005990 0.019907
0 0.464583 0.839120 0.006250 0.026389
0 0.486068 0.753704 0.006510 0.027778
0 0.463411 0.869444 0.005469 0.018519
0 0.410677 0.778009 0.014063 0.024537
0 0.424479 0.816898 0.011458 0.027315
0 0.468359 0.754398 0.006510 0.026389
0 0.469271 0.720370 0.006250 0.026852
0 0.478516 0.707639 0.006510 0.026389
0 0.478776 0.672454 0.005469 0.027315
0 0.469010 0.685648 0.006771 0.025926
0 0.470573 0.651389 0.006771 0.025926
0 0.487500 0.667593 0.006771 0.025926
0 0.480469 0.634722 0.006771 0.025926
0 0.488542 0.626389 0.006771 0.025926
2 0.486719 0.711111 0.006250 0.028704
2 0.477734 0.741898 0.007031 0.028241
2 0.475521 0.824074 0.008333 0.027778
0 0.432161 0.882639 0.005990 0.029167
0 0.395833 0.478704 0.014583 0.011111
0 0.374219 0.479630 0.014583 0.011111
0 0.395573 0.495602 0.011979 0.008796
0 0.405469 0.509722 0.015104 0.009259
0 0.382682 0.548148 0.013802 0.012037
0 0.356510 0.546991 0.015625 0.011574
0 0.334115 0.545833 0.015625 0.011111
0 0.343880 0.510185 0.014323 0.011111
0 0.324740 0.511574 0.014583 0.011111
0 0.318359 0.494907 0.014323 0.011111
0 0.298698 0.495370 0.015104 0.011111
0 0.300911 0.513657 0.014323 0.011574
0 0.302214 0.528472 0.015885 0.011574
0 0.251432 0.511806 0.014844 0.011574
0 0.253255 0.527315 0.014844 0.012037
0 0.250651 0.547685 0.015365 0.012963
0 0.274479 0.547917 0.015625 0.012500
2 0.377995 0.496296 0.014844 0.011111
2 0.384115 0.511574 0.016146 0.011111
2 0.374219 0.528009 0.017708 0.011574
2 0.315104 0.548148 0.015625 0.010185
2 0.180469 0.530787 0.018750 0.011574
0 0.278385 0.513657 0.013021 0.011574
0 0.279948 0.529167 0.013021 0.011111
0 0.349870 0.527546 0.012760 0.010648
0 0.340104 0.494907 0.014063 0.011111
0 0.327214 0.527546 0.012760 0.009722
0 0.398568 0.528009 0.012760 0.010648
0 0.359896 0.493750 0.011458 0.008796
0 0.362630 0.509491 0.010677 0.009722
0 0.295182 0.550231 0.012240 0.009722
0 0.408594 0.545139 0.011458 0.009722
0 0.386849 0.731944 0.015885 0.026852
0 0.368880 0.703241 0.015365 0.023148
0 0.309635 0.616204 0.014063 0.014815
0 0.203255 0.575000 0.017448 0.012037
0 0.226953 0.549306 0.014844 0.012500
0 0.206250 0.549306 0.015104 0.010648
0 0.231641 0.531944 0.015885 0.011111
0 0.208203 0.531944 0.016406 0.011111
0 0.134505 0.531250 0.014844 0.010648
0 0.185677 0.546065 0.015104 0.010648
0 0.149349 0.512269 0.014844 0.010648
0 0.104167 0.532639 0.015104 0.010648
0 0.062500 0.515509 0.016667 0.012500
0 0.138542 0.549306 0.015104 0.010648
0 0.075130 0.550694 0.014844 0.010648
0 0.101432 0.551620 0.014844 0.010648
0 0.174870 0.571528 0.015365 0.010648
0 0.145313 0.572454 0.014063 0.010648
0 0.028385 0.551852 0.017188 0.011111
0 0.051172 0.552315 0.016927 0.011111
0 0.111719 0.578241 0.015625 0.010185
0 0.005729 0.550694 0.010937 0.013426
2 0.118880 0.516435 0.017448 0.010648
2 0.090495 0.515972 0.018490 0.011574
2 0.254688 0.579167 0.016146 0.016667
0 0.279557 0.494444 0.010677 0.010185
0 0.156641 0.532639 0.011719 0.010648
0 0.218750 0.512963 0.016667 0.013889
2 0.164714 0.550463 0.015365 0.010185
0 0.346615 0.298148 0.011979 0.019444
0 0.796224 0.367130 0.015365 0.012963
0 0.791276 0.430556 0.015365 0.013889
0 0.790234 0.449537 0.016406 0.012963
2 0.792578 0.406481 0.016406 0.013889
2 0.795312 0.381713 0.015625 0.012500
0 0.787630 0.463657 0.020052 0.018981
0 0.862500 0.401157 0.006250 0.019907
1 0.556901 0.504167 0.034115 0.022222
2 0.495703 0.476620 0.016406 0.013426
0 0.757812 0.525694 0.012500 0.010648
0 0.886849 0.534722 0.014844 0.012963
0 0.935807 0.576389 0.013281 0.012037
0 0.921224 0.540509 0.015885 0.013426
0 0.889583 0.553704 0.015625 0.012963
0 0.926953 0.556713 0.016406 0.013426
0 0.963411 0.564120 0.016406 0.011574
2 0.959766 0.579630 0.017969 0.013889
0 0.963151 0.500463 0.008594 0.016667
2 0.194401 0.513194 0.015885 0.009722
0 0.217578 0.115509 0.010156 0.020833
0 0.862891 0.374306 0.005469 0.022685
0 0.996875 0.302778 0.006250 0.025926
0 0.990104 0.297917 0.007812 0.027315
2 0.983854 0.281713 0.007292 0.028241
0 0.996875 0.362269 0.006250 0.021759
0 0.958854 0.468519 0.006250 0.024074
0 0.949349 0.542593 0.014844 0.012963
0 0.989062 0.567130 0.014583 0.011111
0 0.978385 0.584259 0.014063 0.011111
0 0.996875 0.586574 0.006250 0.011111
0 0.975651 0.551389 0.015365 0.013889
0 0.350781 0.664583 0.015104 0.022685
0 0.329557 0.638657 0.015365 0.018981
0 0.585807 0.730324 0.013802 0.024537
0 0.038672 0.574074 0.014323 0.010185
0 0.065365 0.534259 0.014583 0.010185
0 0.279948 0.594907 0.015104 0.015741
0 0.442708 0.331944 0.005729 0.026852
0 0.377995 0.249074 0.015885 0.023148
0 0.497917 0.609722 0.005729 0.025000
0 0.075260 0.574537 0.017708 0.011111
0 0.158854 0.431250 0.015104 0.014352
0 0.571354 0.903935 0.009896 0.026389
0 0.470573 0.904630 0.006771 0.028704
0 0.461328 0.912500 0.005990 0.025926
0 0.432161 0.143287 0.007031 0.029167
0 0.497135 0.688426 0.006771 0.028704
0 0.547005 0.930787 0.011198 0.029167
2 0.008464 0.571065 0.016406 0.011574
3 0.560026 0.488426 0.008073 0.007407
0 0.538672 0.890741 0.010677 0.027778
0 0.484115 0.846759 0.006771 0.028704
0 0.469010 0.937037 0.006771 0.028704
0 0.460026 0.945139 0.008073 0.030093
0 0.042448 0.533333 0.015625 0.013889
0 0.227214 0.575926 0.015885 0.013889
0 0.434505 0.025000 0.007031 0.026852
0 0.492708 0.457870 0.015104 0.013889
0 0.467187 0.970370 0.006771 0.028704
0 0.458073 0.981019 0.006771 0.028704
0 0.577083 0.935880 0.009375 0.026389
0 0.588021 0.991898 0.005729 0.016204
0 0.559375 0.992130 0.007812 0.015741
0 0.682813 0.950463 0.009896 0.018519
0 0.817839 0.966667 0.013802 0.019444
0 0.801172 0.990278 0.013802 0.019444
0 0.931901 0.959491 0.016927 0.018056
0 0.982031 0.974769 0.016667 0.013426
0 0.985286 0.991667 0.009115 0.016667
0 0.994141 0.943750 0.007031 0.027315
0 0.633333 0.677315 0.014583 0.022222
0 0.625781 0.714352 0.014583 0.022222
2 0.639323 0.303704 0.014063 0.015741
