0 0.007292 0.079398 0.013021 0.008796
0 0.026562 0.078935 0.015625 0.009722
0 0.044010 0.078009 0.016667 0.013426
0 0.080859 0.077546 0.017448 0.011574
0 0.174609 0.073611 0.014844 0.010185
0 0.137891 0.073380 0.016927 0.010648
0 0.196354 0.072222 0.015104 0.011111
0 0.230729 0.088889 0.014063 0.021296
0 0.247786 0.127083 0.011719 0.026389
0 0.234635 0.133796 0.014583 0.019444
0 0.236849 0.148843 0.016927 0.016204
0 0.240365 0.162731 0.015104 0.020833
0 0.253516 0.196065 0.016927 0.019907
2 0.263932 0.217361 0.011719 0.020833
2 0.255729 0.208333 0.016146 0.017593
2 0.269661 0.241898 0.017969 0.033796
0 0.262630 0.376620 0.012240 0.022685
0 0.285156 0.287269 0.010417 0.025463
0 0.366536 0.161111 0.013281 0.018519
0 0.434766 0.970833 0.007552 0.027778
0 0.573698 0.009954 0.009896 0.018981
0 0.552865 0.075694 0.006771 0.027315
0 0.509766 0.179167 0.015885 0.020370
0 0.559245 0.124537 0.015885 0.016667
2 0.520312 0.132176 0.016146 0.014352
0 0.522786 0.106250 0.015365 0.012500
0 0.553385 0.202083 0.014583 0.018056
0 0.573047 0.188194 0.012240 0.029167
0 0.589974 0.246528 0.014844 0.022685
0 0.604557 0.267593 0.013802 0.023148
0 0.628385 0.274074 0.016146 0.020370
0 0.655078 0.258102 0.014323 0.015278
0 0.674609 0.276620 0.014844 0.012500
0 0.671745 0.238426 0.007552 0.025926
0 0.693880 0.269907 0.013281 0.010185
0 0.646484 0.311343 0.014844 0.017130
0 0.605208 0.327546 0.011458 0.025463
0 0.589453 0.290278 0.014844 0.025000
0 0.574089 0.265046 0.013802 0.022685
0 0.557943 0.245139 0.011198 0.017130
2 0.571094 0.221759 0.016146 0.025926
2 0.521875 0.222917 0.015104 0.015278
2 0.502474 0.259954 0.008073 0.039352
0 0.504557 0.211574 0.013802 0.013889
0 0.541276 0.228472 0.014323 0.014352
0 0.523438 0.205324 0.015104 0.015278
0 0.705599 0.238194 0.013802 0.010648
0 0.685286 0.238657 0.014844 0.011574
0 0.941667 0.134491 0.016146 0.018981
0 0.745182 0.258796 0.013802 0.010185
0 0.763281 0.255787 0.012500 0.011574
0 0.841016 0.216898 0.015365 0.017130
0 0.842057 0.187731 0.012760 0.014352
0 0.877083 0.147917 0.013021 0.017130
2 0.540755 0.212731 0.015885 0.021759
2 0.710807 0.265046 0.015365 0.013426
0 0.630990 0.339120 0.010937 0.028241
0 0.636589 0.367593 0.009635 0.028704
0 0.622266 0.391898 0.011719 0.025463
0 0.613672 0.355556 0.011198 0.021296
0 0.644792 0.403935 0.011458 0.026389
0 0.078776 0.415509 0.015885 0.012500
0 0.149870 0.448148 0.014844 0.012037
0 0.091016 0.395602 0.015885 0.011574
0 0.034635 0.395370 0.018229 0.014815
0 0.426172 0.944444 0.008594 0.026852
0 0.156120 0.402778 0.015885 0.012963
0 0.214062 0.429167 0.012500 0.010185
0 0.227734 0.447917 0.015365 0.011574
0 0.058333 0.446991 0.015625 0.011574
0 0.445443 0.806250 0.008594 0.026389
0 0.305469 0.431481 0.015104 0.012037
0 0.371094 0.433565 0.016146 0.013426
0 0.276042 0.449769 0.016146 0.013426
0 0.300391 0.400463 0.014323 0.012963
0 0.354167 0.448611 0.014583 0.012963
0 0.394792 0.450463 0.016146 0.012037
0 0.448307 0.734722 0.007552 0.026852
0 0.438672 0.439583 0.011198 0.011574
0 0.547135 0.461111 0.012500 0.011111
0 0.444661 0.458796 0.016406 0.013889
0 0.588542 0.468981 0.014583 0.013889
0 0.514062 0.451620 0.010937 0.009722
0 0.629687 0.475694 0.017188 0.016204
0 0.554818 0.479167 0.016406 0.012037
0 0.625781 0.512037 0.015625 0.013889
0 0.478646 0.462731 0.010937 0.011574
0 0.497266 0.509028 0.014323 0.019907
0 0.467187 0.563889 0.009375 0.028704
2 0.459635 0.630787 0.010937 0.028241
2 0.525781 0.495139 0.017708 0.012500
2 0.752344 0.538426 0.015104 0.012963
0 0.670573 0.482176 0.015104 0.013426
0 0.726042 0.516204 0.014063 0.011111
0 0.562760 0.499537 0.015104 0.012963
0 0.705990 0.528472 0.014063 0.012500
0 0.726693 0.497685 0.013802 0.012037
0 0.797005 0.547454 0.014844 0.012500
0 0.770443 0.506713 0.014323 0.010648
0 0.820833 0.535880 0.014063 0.012500
0 0.861979 0.560417 0.015625 0.012500
0 0.903646 0.571296 0.015104 0.012037
0 0.884505 0.567824 0.014844 0.012500
0 0.852865 0.542593 0.014583 0.012037
2 0.831120 0.553935 0.016406 0.012500
2 0.763542 0.523843 0.016667 0.012500
1 0.827344 0.519213 0.037500 0.020833
0 0.644010 0.710648 0.014063 0.022222
0 0.641276 0.728472 0.013802 0.022685
0 0.922786 0.609028 0.015365 0.011574
0 0.604557 0.704630 0.015365 0.018519
0 0.557031 0.800231 0.008333 0.028241
0 0.560807 0.771991 0.010677 0.026389
0 0.556120 0.849074 0.006510 0.022222
0 0.550781 0.956713 0.009375 0.026389
0 0.471094 0.856481 0.006771 0.028704
0 0.464714 0.786111 0.006510 0.027778
0 0.474089 0.775694 0.005990 0.019907
0 0.461719 0.831713 0.006250 0.026389
0 0.484245 0.740741 0.006510 0.031481
0 0.461589 0.861111 0.005469 0.018519
0 0.422266 0.808102 0.008594 0.026389
0 0.417839 0.940741 0.005990 0.026852
0 0.466536 0.745602 0.006510 0.026389
0 0.467969 0.712963 0.006250 0.026852
0 0.476693 0.699306 0.008073 0.027315
0 0.476953 0.664120 0.005469 0.027315
0 0.467318 0.678704 0.005990 0.029630
0 0.469531 0.643519 0.006771 0.025926
0 0.485417 0.658796 0.006771 0.025926
0 0.478776 0.625926 0.004948 0.025000
0 0.487109 0.617593 0.008073 0.025926
2 0.485156 0.700926 0.006250 0.028704
2 0.475391 0.734491 0.007031 0.028241
2 0.472917 0.814352 0.008333 0.027778
0 0.394792 0.470370 0.014583 0.011111
0 0.373958 0.468981 0.014583 0.011111
0 0.396094 0.486343 0.011979 0.008796
0 0.404427 0.500926 0.015104 0.009259
0 0.381120 0.537963 0.013802 0.012037
0 0.355469 0.536806 0.015625 0.011574
0 0.332552 0.534259 0.015625 0.011111
0 0.343880 0.500463 0.014323 0.011111
0 0.323177 0.500694 0.015625 0.012500
0 0.318359 0.483796 0.014323 0.011111
0 0.297396 0.484259 0.015104 0.011111
0 0.298568 0.502083 0.014844 0.011574
0 0.301693 0.518750 0.015885 0.011574
0 0.251432 0.500694 0.014844 0.011574
0 0.253255 0.515741 0.014844 0.012037
0 0.251172 0.535648 0.015365 0.012963
0 0.272135 0.535880 0.014583 0.011574
2 0.377734 0.486343 0.016406 0.008796
2 0.383854 0.501389 0.016146 0.011111
2 0.373177 0.519676 0.017708 0.011574
2 0.312760 0.535185 0.015625 0.010185
2 0.179427 0.515972 0.018750 0.011574
0 0.278125 0.500231 0.013021 0.011574
0 0.278385 0.516204 0.014063 0.008333
0 0.349870 0.520139 0.012760 0.010648
0 0.340104 0.484722 0.014063 0.011111
0 0.326172 0.519213 0.012760 0.009722
0 0.397005 0.518287 0.012760 0.010648
0 0.357812 0.481713 0.011458 0.008796
0 0.360807 0.499769 0.010677 0.009722
0 0.293490 0.537731 0.011979 0.009722
0 0.407031 0.534491 0.011458 0.009722
0 0.410417 0.769213 0.013021 0.024537
0 0.397396 0.739120 0.010937 0.019907
0 0.282031 0.583796 0.016146 0.016667
0 0.225391 0.534491 0.014844 0.012500
0 0.204427 0.534954 0.015104 0.010648
0 0.230599 0.518056 0.015885 0.011111
0 0.207943 0.515741 0.016406 0.011111
0 0.133203 0.515972 0.014844 0.010648
0 0.183854 0.531713 0.015104 0.010648
0 0.148047 0.498843 0.014844 0.010648
0 0.107552 0.516435 0.016146 0.013426
0 0.061458 0.498843 0.016667 0.012500
0 0.136979 0.534491 0.015104 0.010648
0 0.074870 0.537269 0.014844 0.010648
0 0.100651 0.539120 0.014844 0.010648
0 0.250130 0.566667 0.015365 0.014815
0 0.225130 0.561806 0.012760 0.010648
0 0.027083 0.535648 0.017188 0.011111
0 0.048307 0.534259 0.016927 0.011111
0 0.191667 0.563426 0.015625 0.010185
0 0.004948 0.533565 0.009375 0.010648
2 0.118099 0.500694 0.017448 0.010648
2 0.090365 0.500926 0.020313 0.011111
2 0.342057 0.648843 0.015365 0.021759
0 0.278516 0.482870 0.010677 0.010185
0 0.154818 0.516667 0.012240 0.011111
0 0.218750 0.498611 0.016667 0.013889
2 0.163151 0.534722 0.015365 0.010185
0 0.797005 0.365278 0.015365 0.012963
0 0.791536 0.427315 0.015365 0.013889
0 0.789193 0.448611 0.016406 0.012963
2 0.793359 0.402778 0.016406 0.013889
2 0.795443 0.380093 0.016406 0.012963
0 0.787760 0.462963 0.020833 0.017593
0 0.861198 0.399306 0.006250 0.019907
1 0.430990 0.855093 0.011979 0.059259
0 0.643490 0.500231 0.014063 0.011574
0 0.869401 0.529167 0.014844 0.012963
0 0.922266 0.575000 0.014844 0.012963
0 0.901172 0.538194 0.015885 0.013426
0 0.876302 0.549537 0.015625 0.012963
0 0.912370 0.557176 0.016406 0.013426
0 0.940234 0.561343 0.016406 0.011574
2 0.949219 0.580556 0.018750 0.012963
0 0.963151 0.500463 0.008594 0.016667
2 0.193099 0.500231 0.015885 0.009722
0 0.863542 0.373148 0.006771 0.025000
0 0.996875 0.300926 0.006250 0.029630
0 0.990104 0.297917 0.007812 0.027315
2 0.985156 0.283102 0.007292 0.028241
0 0.998047 0.361111 0.003906 0.024074
0 0.959115 0.471296 0.006250 0.024074
0 0.926693 0.541667 0.014844 0.012963
0 0.961719 0.561574 0.014583 0.011111
0 0.977344 0.586111 0.014063 0.011111
0 0.996875 0.588889 0.006250 0.012963
0 0.948698 0.544213 0.016667 0.012500
0 0.367578 0.686111 0.013802 0.021296
0 0.583854 0.726157 0.015625 0.022685
0 0.080859 0.518056 0.015885 0.011111
0 0.444010 0.345370 0.005729 0.026852
0 0.496354 0.600926 0.005729 0.025000
0 0.162109 0.558565 0.015885 0.009722
0 0.569010 0.899769 0.009896 0.026389
0 0.466927 0.895370 0.006771 0.028704
0 0.458203 0.903704 0.005990 0.025926
0 0.279687 0.374074 0.014583 0.024074
0 0.496094 0.649074 0.007812 0.025926
0 0.544401 0.926157 0.011198 0.029167
2 0.094792 0.555787 0.019792 0.010648
3 0.433203 0.798380 0.003385 0.010648
0 0.536589 0.887500 0.010677 0.027778
0 0.483333 0.781481 0.006771 0.028704
0 0.465625 0.928704 0.006771 0.028704
0 0.456641 0.936343 0.008073 0.030093
0 0.055859 0.515972 0.013281 0.009722
0 0.312109 0.607407 0.014844 0.019444
0 0.282161 0.346991 0.014844 0.022685
0 0.048698 0.430093 0.016146 0.012037
0 0.463281 0.961574 0.006771 0.028704
0 0.453646 0.972222 0.006771 0.028704
0 0.575260 0.931713 0.009375 0.026389
0 0.586198 0.990046 0.008854 0.018981
0 0.557161 0.990046 0.009115 0.019907
0 0.678255 0.947685 0.011719 0.017593
0 0.813411 0.967593 0.013802 0.019444
0 0.797266 0.990278 0.013802 0.019444
0 0.908984 0.952083 0.016927 0.018056
0 0.963802 0.971065 0.016667 0.013426
0 0.981380 0.991667 0.009115 0.016667
0 0.966536 0.548148 0.015365 0.012037
0 0.460417 0.990972 0.007292 0.018056
0 0.990365 0.947685 0.007812 0.025000
0 0.352995 0.470139 0.013281 0.012500
0 0.068880 0.557870 0.016927 0.012037
0 0.985417 0.569444 0.014063 0.010185
0 0.559766 0.227778 0.014323 0.020370
0 0.435547 0.005787 0.005990 0.010648
0 0.132812 0.559259 0.014063 0.012037
0 0.989974 0.549537 0.016927 0.012963
0 0.631771 0.672917 0.012500 0.019907
0 0.623568 0.710648 0.013281 0.023148
0 0.473698 0.939120 0.006771 0.025463
0 0.479818 0.853935 0.005990 0.028241
0 0.032031 0.556250 0.015625 0.011574
0 0.476562 0.896296 0.007292 0.027778
1 0.484766 0.925463 0.011719 0.060185
0 0.100651 0.431713 0.015885 0.012500
0 0.131250 0.428009 0.015625 0.012500
0 0.994271 0.985648 0.011458 0.014815
2 0.640104 0.297685 0.014063 0.017593
