0 0.009896 0.073380 0.013021 0.008796
0 0.026562 0.073380 0.015625 0.009722
0 0.043750 0.071991 0.016667 0.013426
0 0.082161 0.072917 0.017448 0.011574
0 0.175130 0.071759 0.014844 0.010185
0 0.138151 0.071528 0.015365 0.010648
0 0.197396 0.069444 0.015104 0.011111
0 0.231771 0.088426 0.014063 0.021296
0 0.247526 0.125694 0.011719 0.026389
0 0.236458 0.132870 0.014583 0.019444
0 0.237370 0.147917 0.016927 0.016204
0 0.241146 0.161343 0.015104 0.020833
0 0.253255 0.194213 0.016927 0.019907
2 0.264323 0.216898 0.011979 0.020833
2 0.255729 0.204167 0.016146 0.017593
2 0.269922 0.239120 0.017969 0.033796
0 0.284896 0.288194 0.010417 0.025463
0 0.365755 0.158796 0.013281 0.018519
0 0.575391 0.007639 0.006510 0.014352
0 0.552604 0.078472 0.006771 0.027315
0 0.508724 0.180556 0.015885 0.020370
0 0.559505 0.127315 0.015885 0.016667
2 0.520833 0.132176 0.017188 0.018056
0 0.523828 0.109028 0.015365 0.012500
0 0.545573 0.150926 0.007812 0.025000
0 0.573438 0.188889 0.011979 0.029630
0 0.589714 0.247917 0.013802 0.019907
0 0.603516 0.270370 0.013802 0.023148
0 0.628646 0.278009 0.014583 0.020833
0 0.653776 0.260417 0.014323 0.015278
0 0.676302 0.277315 0.014063 0.013889
0 0.672005 0.241204 0.007552 0.025926
0 0.693620 0.270370 0.013802 0.011111
0 0.647266 0.315046 0.014844 0.017130
0 0.605208 0.330787 0.011458 0.025463
0 0.588151 0.293981 0.012240 0.025000
0 0.573568 0.267824 0.013802 0.022685
0 0.557682 0.246991 0.011198 0.017130
2 0.571615 0.222917 0.016146 0.030093
2 0.521875 0.222917 0.017188 0.016204
2 0.501432 0.260417 0.008073 0.039352
0 0.508203 0.212037 0.013802 0.013889
0 0.540234 0.228935 0.014323 0.014352
0 0.704948 0.242593 0.014063 0.011111
0 0.686849 0.244213 0.014844 0.011574
0 0.745443 0.262500 0.013802 0.010185
0 0.761458 0.262269 0.012500 0.011574
0 0.841536 0.224769 0.015365 0.017130
0 0.841276 0.195139 0.012760 0.014352
0 0.878646 0.157639 0.013021 0.017130
2 0.711589 0.266435 0.015365 0.013426
0 0.630990 0.339120 0.010937 0.028241
0 0.637109 0.369444 0.009635 0.028704
0 0.622526 0.395139 0.011719 0.025463
0 0.613932 0.358333 0.011198 0.021296
0 0.644271 0.407176 0.011458 0.026389
0 0.074089 0.427778 0.013281 0.010185
0 0.124219 0.429861 0.016667 0.011574
0 0.021745 0.426620 0.013802 0.013426
0 0.184896 0.430556 0.015625 0.012963
0 0.445443 0.896065 0.006510 0.025463
0 0.427344 0.990278 0.006250 0.019444
2 0.423307 0.913194 0.007552 0.029167
2 0.448698 0.670370 0.006250 0.031481
0 0.236458 0.402546 0.015104 0.013426
0 0.301953 0.448611 0.012760 0.010185
0 0.434115 0.912037 0.007292 0.025926
0 0.433464 0.798380 0.007552 0.027315
0 0.100391 0.411343 0.014844 0.011574
0 0.623437 0.355093 0.009375 0.027778
0 0.424479 0.454861 0.014063 0.012500
0 0.590885 0.507639 0.015625 0.012500
0 0.713542 0.536574 0.015104 0.012037
0 0.680339 0.528472 0.014844 0.012500
0 0.530339 0.477778 0.014844 0.012037
2 0.536589 0.496528 0.016406 0.012500
2 0.351042 0.450463 0.017708 0.012037
1 0.498958 0.452083 0.035937 0.021759
0 0.641927 0.715278 0.014063 0.022222
0 0.639193 0.733102 0.013802 0.022685
0 0.600651 0.707870 0.015365 0.018519
0 0.554167 0.804861 0.008333 0.028241
0 0.557943 0.778009 0.010677 0.026389
0 0.555208 0.850000 0.008333 0.022222
0 0.545703 0.959259 0.007552 0.029630
0 0.466406 0.856019 0.006771 0.028704
0 0.461849 0.787037 0.006510 0.027778
0 0.470703 0.775694 0.005990 0.019907
0 0.459635 0.833565 0.006250 0.026389
0 0.481901 0.739120 0.005990 0.028241
0 0.457161 0.863426 0.005469 0.018519
0 0.463151 0.746528 0.006510 0.026389
0 0.465104 0.716667 0.007292 0.026852
0 0.474089 0.703009 0.008073 0.027315
0 0.476042 0.667593 0.007292 0.026852
0 0.466536 0.680556 0.005990 0.029630
0 0.468229 0.646759 0.006771 0.025926
0 0.483594 0.662037 0.006771 0.025926
0 0.477474 0.628472 0.006510 0.027315
0 0.485156 0.619444 0.007292 0.027778
2 0.482031 0.698611 0.006250 0.028704
2 0.473047 0.736806 0.007031 0.028241
2 0.469661 0.814352 0.007031 0.029630
0 0.393490 0.470370 0.014583 0.011111
0 0.371354 0.468519 0.014583 0.011111
0 0.393750 0.485417 0.011979 0.008796
0 0.402865 0.500463 0.015104 0.009259
0 0.379557 0.538889 0.013802 0.012037
0 0.353906 0.534028 0.015625 0.011574
0 0.331771 0.536111 0.015625 0.011111
0 0.341276 0.497222 0.014323 0.011111
0 0.322135 0.498380 0.015625 0.012500
0 0.317057 0.483796 0.014323 0.011111
0 0.295573 0.481481 0.015104 0.011111
0 0.298047 0.499769 0.014844 0.011574
0 0.298828 0.514120 0.015885 0.011574
0 0.249609 0.498843 0.014844 0.011574
0 0.254818 0.513889 0.014844 0.012037
0 0.252734 0.533796 0.015365 0.012963
0 0.270052 0.531713 0.014583 0.011574
2 0.375391 0.486806 0.016406 0.008796
2 0.381510 0.500000 0.016146 0.011111
2 0.370573 0.520139 0.017708 0.011574
2 0.312240 0.535185 0.015625 0.010185
2 0.177604 0.513426 0.019792 0.012963
0 0.276042 0.498380 0.013021 0.011574
0 0.277083 0.515278 0.014063 0.008333
0 0.346745 0.516435 0.012760 0.010648
0 0.338281 0.483333 0.014063 0.011111
0 0.323568 0.514583 0.012760 0.009722
0 0.395703 0.518287 0.012760 0.010648
0 0.356771 0.482176 0.011458 0.008796
0 0.359766 0.499306 0.010677 0.009722
0 0.291406 0.536343 0.011979 0.009722
0 0.405208 0.534954 0.011458 0.009722
0 0.419531 0.982176 0.007292 0.024537
0 0.378906 0.710880 0.014583 0.023611
0 0.223307 0.534028 0.014844 0.012500
0 0.202604 0.530787 0.015104 0.010648
0 0.231641 0.517130 0.015885 0.011111
0 0.205078 0.514352 0.016406 0.011111
0 0.131901 0.513657 0.014844 0.010648
0 0.183073 0.531250 0.015104 0.010648
0 0.145703 0.495139 0.014844 0.010648
0 0.105859 0.513194 0.016927 0.011574
0 0.059115 0.495602 0.016667 0.012500
0 0.134635 0.531250 0.015104 0.010648
0 0.073047 0.531713 0.014844 0.010648
0 0.098568 0.531713 0.014844 0.010648
0 0.356380 0.672222 0.014323 0.025926
0 0.336198 0.645370 0.011458 0.017593
0 0.024740 0.531019 0.017188 0.011111
0 0.051042 0.531713 0.016667 0.011574
0 0.306771 0.613426 0.015104 0.020370
0 0.004297 0.529167 0.008073 0.012963
2 0.115495 0.496528 0.017448 0.010648
2 0.089323 0.496296 0.020313 0.011111
2 0.411719 0.788194 0.013542 0.026389
0 0.277214 0.481481 0.010677 0.010185
0 0.152734 0.513889 0.012240 0.011111
0 0.216146 0.497222 0.016667 0.013889
2 0.161589 0.533333 0.015365 0.010185
0 0.795703 0.370833 0.015365 0.012963
0 0.790234 0.431481 0.015365 0.013889
0 0.787891 0.451389 0.016406 0.012963
2 0.792057 0.407870 0.016406 0.013889
2 0.794401 0.381944 0.016406 0.012963
0 0.785937 0.469907 0.020833 0.017593
0 0.860417 0.408102 0.006250 0.019907
0 0.154427 0.447454 0.014063 0.011574
0 0.562891 0.451852 0.014844 0.012963
0 0.744401 0.544213 0.013802 0.013426
0 0.643880 0.487731 0.015885 0.013426
0 0.455339 0.580324 0.009635 0.025463
0 0.671484 0.508565 0.016406 0.013426
0 0.758594 0.529398 0.016146 0.015278
2 0.816667 0.559259 0.018750 0.012963
0 0.961198 0.511111 0.008854 0.024074
2 0.192448 0.497222 0.017708 0.012037
0 0.862500 0.374537 0.006771 0.025000
0 0.996875 0.313889 0.006250 0.029630
0 0.989974 0.308333 0.008073 0.026852
2 0.983854 0.292824 0.007292 0.028241
0 0.997266 0.376389 0.005469 0.024074
0 0.958073 0.482870 0.006250 0.024074
0 0.720443 0.501852 0.014844 0.012963
0 0.794792 0.538426 0.014063 0.011111
0 0.885156 0.574537 0.014063 0.011111
0 0.926823 0.583565 0.012500 0.012500
0 0.792057 0.521296 0.016406 0.012037
0 0.419922 0.821759 0.008073 0.024074
0 0.579688 0.729398 0.015625 0.023611
0 0.079297 0.515741 0.015885 0.011111
0 0.443750 0.348148 0.005729 0.026852
0 0.494792 0.605093 0.005729 0.025000
0 0.285286 0.587731 0.014844 0.015278
0 0.565104 0.903472 0.009896 0.026389
0 0.464323 0.895833 0.006771 0.028704
0 0.456120 0.908333 0.005990 0.025926
0 0.046875 0.394444 0.015104 0.011111
0 0.494271 0.651852 0.007812 0.025926
0 0.539974 0.927778 0.009115 0.031481
2 0.228385 0.563194 0.016146 0.014352
0 0.532813 0.887963 0.010417 0.027778
0 0.479948 0.778704 0.006771 0.028704
0 0.462240 0.930093 0.006771 0.028704
0 0.453255 0.937963 0.008073 0.027778
0 0.053255 0.512731 0.013802 0.009722
0 0.397396 0.744213 0.012500 0.023611
0 0.120313 0.396296 0.015104 0.012963
0 0.459245 0.965278 0.007031 0.025000
0 0.450260 0.970833 0.006771 0.028704
0 0.571875 0.933102 0.009375 0.026389
0 0.581120 0.991435 0.007552 0.017130
0 0.552604 0.992130 0.008854 0.015741
0 0.675781 0.948843 0.010417 0.018981
0 0.808724 0.975000 0.013802 0.019444
0 0.793880 0.992593 0.013802 0.014815
0 0.918490 0.959259 0.018229 0.014815
0 0.976953 0.994907 0.006510 0.010185
0 0.842578 0.532870 0.015365 0.012037
0 0.458073 0.990972 0.007292 0.018056
0 0.985938 0.950000 0.007812 0.025000
0 0.352734 0.467361 0.013281 0.012500
0 0.193229 0.559028 0.015104 0.011574
0 0.858333 0.553241 0.013542 0.012963
0 0.552865 0.202546 0.013542 0.015278
0 0.408984 0.205324 0.012760 0.022685
0 0.259375 0.578472 0.013542 0.015278
0 0.908724 0.543056 0.016927 0.012963
0 0.628906 0.672454 0.011979 0.021759
0 0.622005 0.710185 0.013281 0.023148
0 0.471094 0.935417 0.006771 0.025463
0 0.477214 0.853935 0.005990 0.028241
0 0.148307 0.556944 0.017448 0.012963
0 0.473958 0.896296 0.007292 0.027778
1 0.492839 0.703009 0.010156 0.060648
0 0.591276 0.667130 0.012760 0.025000
0 0.490625 0.757639 0.006771 0.025463
0 0.467318 0.977315 0.008594 0.026852
2 0.489844 0.791898 0.007812 0.031019
0 0.022135 0.511343 0.015625 0.011574
0 0.102995 0.555556 0.018490 0.012963
0 0.132552 0.056250 0.016667 0.013426
0 0.901432 0.561343 0.015885 0.012500
0 0.938802 0.553472 0.015625 0.012500
0 0.486328 0.841667 0.008073 0.028704
1 0.532292 0.781713 0.025521 0.053241
0 0.455078 0.132639 0.005469 0.027315
0 0.925260 0.971759 0.018229 0.014815
0 0.073698 0.552778 0.015104 0.008333
2 0.992057 0.981019 0.015885 0.015741
0 0.967448 0.560880 0.015625 0.012500
0 0.958333 0.576620 0.015625 0.012500
0 0.962891 0.591898 0.015365 0.012500
1 0.498958 0.893750 0.018750 0.060648
0 0.632292 0.518750 0.015625 0.012500
0 0.107422 0.465741 0.011719 0.012037
0 0.442839 0.810880 0.007552 0.027315
0 0.992708 0.993981 0.014583 0.012037
2 0.639844 0.301620 0.013542 0.016204
