0 0.010417 0.073380 0.013021 0.008796
0 0.029036 0.072917 0.014844 0.009722
0 0.046354 0.071528 0.016667 0.013426
0 0.082161 0.071991 0.017448 0.011574
0 0.177474 0.070833 0.014844 0.010185
0 0.141276 0.071528 0.015365 0.010648
0 0.198437 0.069907 0.015104 0.011111
0 0.233854 0.087500 0.014063 0.021296
0 0.247526 0.125694 0.011719 0.026389
0 0.237500 0.132870 0.014583 0.019444
0 0.239453 0.147454 0.014844 0.017130
0 0.242448 0.161343 0.015104 0.020833
0 0.254036 0.194907 0.015365 0.018519
2 0.265365 0.216435 0.011979 0.020833
2 0.258594 0.205093 0.016146 0.017593
2 0.271224 0.240046 0.017969 0.033796
0 0.284896 0.288194 0.010417 0.025463
0 0.368620 0.160648 0.013281 0.018519
0 0.576172 0.009028 0.008073 0.017130
0 0.553125 0.078009 0.006771 0.027315
0 0.509766 0.181250 0.017448 0.019907
0 0.559505 0.127315 0.015885 0.016667
2 0.520833 0.132176 0.017188 0.018056
0 0.523828 0.109028 0.015365 0.012500
0 0.548177 0.138889 0.007812 0.025000
0 0.573438 0.188889 0.011979 0.029630
0 0.589714 0.247917 0.013802 0.019907
0 0.603516 0.270370 0.013802 0.023148
0 0.629297 0.278472 0.015365 0.018056
0 0.656120 0.261574 0.015365 0.014815
0 0.677344 0.279630 0.015104 0.009259
0 0.672396 0.243750 0.005729 0.031019
0 0.696094 0.274074 0.011979 0.008333
0 0.647266 0.315046 0.014844 0.017130
0 0.605208 0.330787 0.011458 0.025463
0 0.588802 0.292593 0.013542 0.022222
0 0.573568 0.267824 0.013802 0.022685
0 0.558724 0.247454 0.011198 0.017130
2 0.570573 0.223380 0.016146 0.030093
2 0.523438 0.223611 0.015104 0.014815
2 0.502734 0.261806 0.008073 0.039352
0 0.514193 0.211574 0.013802 0.013889
0 0.540755 0.229861 0.014323 0.014352
0 0.704948 0.242593 0.014063 0.011111
0 0.686849 0.244213 0.014844 0.011574
0 0.746745 0.264815 0.013802 0.010185
0 0.762500 0.262269 0.012500 0.011574
0 0.843099 0.226157 0.015365 0.017130
0 0.843359 0.196528 0.012240 0.012500
0 0.880208 0.158796 0.011979 0.013889
2 0.713672 0.268519 0.013802 0.010185
0 0.631380 0.341435 0.010156 0.023611
0 0.637109 0.369444 0.009635 0.028704
0 0.622526 0.395139 0.011719 0.025463
0 0.613932 0.358333 0.011198 0.021296
0 0.643490 0.408102 0.009896 0.028241
0 0.019010 0.424306 0.016667 0.011574
2 0.440755 0.832870 0.007031 0.026852
0 0.070312 0.390046 0.015104 0.013426
0 0.157031 0.444907 0.013021 0.010185
0 0.430469 0.984259 0.007292 0.025926
0 0.423047 0.955787 0.007552 0.027315
0 0.605078 0.300694 0.012760 0.026389
0 0.276042 0.446991 0.014063 0.012500
0 0.488932 0.517824 0.014844 0.021759
0 0.632552 0.521296 0.015104 0.012963
0 0.574609 0.505787 0.014844 0.012500
0 0.385286 0.450926 0.014844 0.012037
2 0.470052 0.566898 0.010417 0.028241
2 0.209635 0.443981 0.017708 0.012037
1 0.326042 0.430787 0.036458 0.015278
0 0.641927 0.715278 0.014063 0.022222
0 0.639193 0.733102 0.013802 0.022685
0 0.600651 0.707870 0.015365 0.018519
0 0.554167 0.804861 0.008333 0.028241
0 0.560026 0.777083 0.010677 0.026389
0 0.555729 0.847222 0.008333 0.022222
0 0.545703 0.959259 0.007552 0.029630
0 0.467969 0.859722 0.006771 0.028704
0 0.461849 0.787037 0.006510 0.027778
0 0.471224 0.778472 0.005990 0.019907
0 0.459635 0.833565 0.006250 0.026389
0 0.481901 0.739120 0.005990 0.028241
0 0.458203 0.863426 0.005469 0.018519
0 0.463151 0.746528 0.006510 0.026389
0 0.465104 0.716667 0.007292 0.026852
0 0.474089 0.703009 0.008073 0.027315
0 0.476042 0.667593 0.007292 0.026852
0 0.466536 0.680556 0.005990 0.029630
0 0.468229 0.646759 0.006771 0.025926
0 0.484635 0.661574 0.006771 0.025926
0 0.477474 0.628472 0.006510 0.027315
0 0.485156 0.619444 0.007292 0.027778
2 0.483594 0.700463 0.006250 0.028704
2 0.473047 0.736806 0.007031 0.028241
2 0.469922 0.817130 0.007031 0.029630
0 0.394010 0.470370 0.014583 0.011111
0 0.373437 0.470370 0.014583 0.011111
0 0.394792 0.485417 0.011979 0.008796
0 0.403385 0.501852 0.015104 0.009259
0 0.381120 0.537963 0.013802 0.012037
0 0.353906 0.535880 0.015625 0.011574
0 0.333594 0.535185 0.015625 0.011111
0 0.343099 0.500463 0.014323 0.011111
0 0.323437 0.499769 0.015625 0.012500
0 0.317057 0.483796 0.014323 0.011111
0 0.295573 0.481481 0.015104 0.011111
0 0.299089 0.501620 0.014844 0.011574
0 0.299870 0.515509 0.015885 0.011574
0 0.249609 0.498843 0.014844 0.011574
0 0.254818 0.513889 0.014844 0.012037
0 0.252734 0.533796 0.015365 0.012963
0 0.272135 0.533565 0.014583 0.011574
2 0.376953 0.485880 0.016406 0.008796
2 0.382552 0.500926 0.016146 0.011111
2 0.372656 0.519676 0.017708 0.011574
2 0.312240 0.535185 0.015625 0.010185
2 0.179167 0.513889 0.019792 0.012963
0 0.277083 0.498843 0.013021 0.011574
0 0.277344 0.516204 0.014063 0.008333
0 0.346745 0.516435 0.012760 0.010648
0 0.339583 0.483796 0.014063 0.011111
0 0.323568 0.514583 0.012760 0.009722
0 0.397005 0.518750 0.012760 0.010648
0 0.358073 0.483102 0.011458 0.008796
0 0.359766 0.499306 0.010677 0.009722
0 0.292969 0.536806 0.011979 0.009722
0 0.406250 0.536806 0.011458 0.009722
0 0.397917 0.748611 0.012500 0.024074
0 0.223307 0.534028 0.014844 0.012500
0 0.202604 0.530787 0.015104 0.010648
0 0.231641 0.517130 0.015885 0.011111
0 0.205078 0.514352 0.016406 0.011111
0 0.131901 0.513657 0.014844 0.010648
0 0.183073 0.531250 0.015104 0.010648
0 0.145703 0.495139 0.014844 0.010648
0 0.108203 0.512731 0.016927 0.011574
0 0.060937 0.495139 0.016667 0.012500
0 0.134635 0.531250 0.015104 0.010648
0 0.073307 0.530324 0.014844 0.010648
0 0.099349 0.532176 0.014844 0.010648
0 0.378255 0.707870 0.014323 0.025926
0 0.360677 0.678935 0.010937 0.019907
0 0.028646 0.531019 0.017188 0.011111
0 0.052865 0.528935 0.016667 0.011574
0 0.332292 0.640741 0.015104 0.020370
0 0.004297 0.529167 0.008073 0.012963
2 0.117839 0.497917 0.017448 0.010648
2 0.091406 0.495833 0.020313 0.011111
2 0.420573 0.824074 0.010417 0.027778
0 0.278776 0.482407 0.010677 0.010185
0 0.155078 0.514352 0.012240 0.011111
0 0.216146 0.497222 0.016667 0.013889
2 0.162370 0.531481 0.015365 0.010185
0 0.796745 0.375000 0.015365 0.012963
0 0.791536 0.434722 0.015365 0.013889
0 0.789714 0.455556 0.016406 0.012963
2 0.793359 0.410648 0.016406 0.013889
2 0.794922 0.387500 0.016406 0.012963
0 0.787760 0.470833 0.020833 0.017593
0 0.863802 0.409491 0.006250 0.019907
0 0.400651 0.420370 0.014844 0.012963
0 0.671094 0.529167 0.014583 0.010185
0 0.492839 0.451157 0.015885 0.013426
0 0.441146 0.751157 0.006250 0.024537
0 0.470443 0.464583 0.016406 0.013426
0 0.647656 0.505324 0.016146 0.013426
2 0.737500 0.544444 0.018750 0.013889
0 0.961198 0.511111 0.008854 0.024074
2 0.192448 0.497222 0.017708 0.012037
0 0.863542 0.381481 0.006771 0.025000
0 0.998047 0.318519 0.003906 0.032407
0 0.991276 0.311574 0.008073 0.026852
2 0.986198 0.295602 0.007292 0.028241
0 0.997266 0.376389 0.005469 0.024074
0 0.958073 0.482870 0.006250 0.024074
0 0.591016 0.474074 0.014844 0.012963
0 0.694922 0.515972 0.014844 0.012500
0 0.848828 0.568287 0.014323 0.012500
0 0.880599 0.575231 0.014323 0.011574
0 0.650391 0.487037 0.016406 0.012037
0 0.422786 0.871296 0.008073 0.024074
0 0.579688 0.729398 0.015625 0.023611
0 0.079687 0.514352 0.016146 0.010185
0 0.444531 0.348611 0.005729 0.026852
0 0.494792 0.605093 0.005729 0.025000
0 0.313281 0.610648 0.013021 0.018519
0 0.565104 0.903472 0.009896 0.026389
0 0.464323 0.895833 0.006771 0.028704
0 0.456120 0.908333 0.005990 0.025926
0 0.494792 0.651852 0.006250 0.025926
0 0.539974 0.927778 0.009115 0.031481
2 0.260417 0.575231 0.017708 0.018981
0 0.532813 0.887963 0.010417 0.027778
0 0.479948 0.778704 0.006771 0.028704
0 0.462240 0.930093 0.006771 0.028704
0 0.453255 0.937963 0.008073 0.027778
0 0.055339 0.512269 0.013802 0.009722
0 0.410938 0.776852 0.010417 0.023148
0 0.459245 0.965278 0.007031 0.025000
0 0.450260 0.970833 0.006771 0.028704
0 0.570833 0.934954 0.009375 0.026389
0 0.582292 0.991435 0.009896 0.017130
0 0.552604 0.992130 0.008854 0.015741
0 0.675260 0.953935 0.010417 0.018981
0 0.808724 0.975000 0.013802 0.019444
0 0.793880 0.992593 0.013802 0.014815
0 0.918490 0.959259 0.018229 0.014815
0 0.702214 0.499769 0.016927 0.014352
0 0.458073 0.990972 0.007292 0.018056
0 0.986458 0.958565 0.007292 0.024537
0 0.351953 0.468287 0.013281 0.012500
0 0.236458 0.563657 0.015104 0.011574
0 0.775260 0.533796 0.013542 0.012963
0 0.554167 0.205324 0.013542 0.015278
0 0.326693 0.296991 0.015365 0.018981
0 0.286068 0.593981 0.014323 0.018519
0 0.836849 0.530556 0.016927 0.012963
0 0.630729 0.676620 0.011979 0.021759
0 0.622005 0.710185 0.013281 0.023148
0 0.471094 0.935417 0.006771 0.025463
0 0.477214 0.856713 0.005990 0.028241
0 0.186068 0.556944 0.017448 0.012963
0 0.473958 0.896296 0.007292 0.027778
1 0.492839 0.703009 0.010156 0.060648
0 0.666146 0.580324 0.016667 0.018056
0 0.491667 0.759491 0.006771 0.025463
0 0.467318 0.977315 0.008594 0.026852
2 0.489844 0.791898 0.007812 0.031019
0 0.025260 0.511343 0.015625 0.011574
0 0.132031 0.554630 0.018750 0.012963
0 0.163281 0.056250 0.016667 0.013426
0 0.820443 0.545139 0.015885 0.012500
0 0.872656 0.538657 0.015625 0.012500
0 0.487370 0.837037 0.008073 0.028704
1 0.598828 0.656481 0.027865 0.053704
0 0.455078 0.254398 0.005469 0.027315
0 0.883073 0.965741 0.018229 0.014815
0 0.096354 0.552083 0.014063 0.010648
2 0.943099 0.977778 0.019531 0.017593
0 0.909896 0.549769 0.015625 0.012500
0 0.880208 0.561343 0.015625 0.012500
0 0.935807 0.588194 0.015365 0.012500
1 0.559635 0.740046 0.026562 0.051389
0 0.539583 0.498843 0.015625 0.012500
0 0.251172 0.464815 0.011719 0.012037
0 0.435807 0.919213 0.007552 0.027315
0 0.447005 0.159954 0.005469 0.027315
0 0.098958 0.476620 0.015625 0.011574
0 0.024089 0.493750 0.015885 0.011574
0 0.043229 0.552083 0.016146 0.013426
0 0.483203 0.916667 0.007552 0.026852
0 0.933594 0.570139 0.015625 0.012500
0 0.971094 0.596296 0.014063 0.012963
1 0.960547 0.558796 0.035677 0.020370
2 0.485286 0.971296 0.009115 0.029630
0 0.988802 0.584954 0.015625 0.012500
0 0.795182 0.555787 0.014323 0.012500
2 0.641276 0.303241 0.013802 0.015741
