0 0.010677 0.070139 0.013021 0.008796
0 0.029557 0.070602 0.014844 0.009722
0 0.047396 0.070602 0.016667 0.013426
0 0.083203 0.070139 0.017448 0.011574
0 0.178255 0.069907 0.014844 0.010185
0 0.140755 0.067824 0.015365 0.010648
0 0.198437 0.069907 0.015104 0.011111
0 0.233854 0.087500 0.014063 0.021296
0 0.247526 0.125694 0.011719 0.026389
0 0.237500 0.132870 0.014583 0.019444
0 0.240234 0.146065 0.014844 0.017130
0 0.243229 0.159954 0.015104 0.020833
0 0.255599 0.193287 0.016927 0.019907
2 0.265365 0.216435 0.011979 0.020833
2 0.258594 0.205093 0.016146 0.017593
2 0.271224 0.240046 0.017969 0.033796
0 0.286458 0.286343 0.010417 0.025463
0 0.367578 0.157870 0.013281 0.018519
0 0.576172 0.009028 0.008073 0.017130
0 0.553125 0.078009 0.006771 0.027315
0 0.509766 0.181250 0.017448 0.019907
0 0.561589 0.127315 0.015885 0.016667
2 0.520833 0.132176 0.017188 0.018056
0 0.523828 0.109028 0.015365 0.012500
0 0.546094 0.075000 0.007812 0.025000
0 0.575260 0.189352 0.011979 0.029630
0 0.590234 0.248843 0.013802 0.019907
0 0.606901 0.271759 0.013802 0.023148
0 0.629297 0.278472 0.015365 0.018056
0 0.656120 0.261574 0.015365 0.014815
0 0.677344 0.279630 0.015104 0.009259
0 0.672396 0.243750 0.005729 0.031019
0 0.696094 0.274074 0.011979 0.008333
0 0.647266 0.315046 0.014844 0.017130
0 0.605208 0.330787 0.011458 0.025463
0 0.588802 0.292593 0.013542 0.022222
0 0.573568 0.267824 0.013802 0.022685
0 0.558724 0.247454 0.011198 0.017130
2 0.573438 0.224306 0.016146 0.030093
2 0.523438 0.223611 0.015104 0.014815
2 0.502734 0.261806 0.008073 0.039352
0 0.517318 0.208796 0.013802 0.013889
0 0.542839 0.231250 0.014323 0.014352
0 0.704948 0.242593 0.014063 0.011111
0 0.686849 0.244213 0.014844 0.011574
0 0.746745 0.264815 0.013802 0.010185
0 0.762500 0.262269 0.012500 0.011574
0 0.843099 0.226157 0.015365 0.017130
0 0.843359 0.196528 0.012240 0.012500
0 0.880208 0.158796 0.011979 0.013889
2 0.713672 0.268519 0.013802 0.010185
0 0.631380 0.341435 0.010156 0.023611
0 0.637109 0.369444 0.009635 0.028704
0 0.622526 0.395139 0.011719 0.025463
0 0.613932 0.358333 0.011198 0.021296
0 0.645312 0.409491 0.009896 0.028241
2 0.436589 0.887500 0.007031 0.026852
0 0.081510 0.440741 0.013021 0.010185
0 0.592318 0.276389 0.013281 0.027778
0 0.203125 0.441898 0.014063 0.012500
0 0.460677 0.583565 0.011458 0.026389
0 0.597396 0.511111 0.015104 0.012963
0 0.549089 0.500694 0.014844 0.012500
0 0.311849 0.446296 0.014844 0.012037
2 0.453125 0.652546 0.008854 0.027315
2 0.138021 0.441667 0.017708 0.012037
1 0.229557 0.426157 0.036719 0.015278
0 0.643099 0.715741 0.014323 0.020370
0 0.639193 0.733102 0.013802 0.022685
0 0.600911 0.709259 0.015365 0.018519
0 0.554167 0.804861 0.008333 0.028241
0 0.560026 0.777083 0.010677 0.026389
0 0.555469 0.836574 0.008333 0.022222
0 0.545703 0.959259 0.007552 0.029630
0 0.467969 0.859722 0.006771 0.028704
0 0.461849 0.787037 0.006510 0.027778
0 0.471224 0.778472 0.005990 0.019907
0 0.459635 0.833565 0.006250 0.026389
0 0.481901 0.739120 0.005990 0.028241
0 0.458203 0.863426 0.005469 0.018519
0 0.463151 0.746528 0.006510 0.026389
0 0.465104 0.713426 0.007292 0.026852
0 0.474089 0.703009 0.008073 0.027315
0 0.476042 0.667593 0.007292 0.026852
0 0.466536 0.680556 0.005990 0.029630
0 0.468229 0.646759 0.006771 0.025926
0 0.484635 0.661574 0.006771 0.025926
0 0.477474 0.628472 0.006510 0.027315
0 0.485156 0.619444 0.007292 0.027778
2 0.483594 0.700463 0.006250 0.028704
2 0.473047 0.734954 0.007031 0.028241
2 0.469922 0.817130 0.007031 0.029630
0 0.395052 0.469444 0.014583 0.011111
0 0.373958 0.468519 0.014583 0.011111
0 0.394792 0.485417 0.011979 0.008796
0 0.412760 0.500926 0.015104 0.009259
0 0.381120 0.537963 0.013802 0.012037
0 0.353906 0.535880 0.015625 0.011574
0 0.333594 0.535185 0.015625 0.011111
0 0.343099 0.500463 0.014323 0.011111
0 0.323437 0.499769 0.015625 0.012500
0 0.318099 0.481481 0.014323 0.011111
0 0.297396 0.481944 0.015104 0.011111
0 0.299609 0.499769 0.014844 0.011574
0 0.300911 0.514583 0.015885 0.011574
0 0.249609 0.498843 0.014844 0.011574
0 0.254818 0.513889 0.014844 0.012037
0 0.252734 0.533796 0.015365 0.012963
0 0.272135 0.533565 0.014583 0.011574
2 0.376693 0.484954 0.016406 0.008796
2 0.384896 0.500926 0.016146 0.011111
2 0.373177 0.518287 0.017708 0.011574
2 0.312240 0.535185 0.015625 0.010185
2 0.179427 0.510648 0.019792 0.012963
0 0.277083 0.498843 0.013021 0.011574
0 0.278646 0.514352 0.014063 0.008333
0 0.346745 0.516435 0.012760 0.010648
0 0.339583 0.483796 0.014063 0.011111
0 0.325651 0.515046 0.012760 0.009722
0 0.400391 0.517824 0.012760 0.010648
0 0.358073 0.483102 0.011458 0.008796
0 0.359766 0.499306 0.010677 0.009722
0 0.292969 0.536806 0.011979 0.009722
0 0.407813 0.534722 0.010937 0.011111
0 0.403646 0.758333 0.012500 0.024074
0 0.230599 0.532639 0.014844 0.012500
0 0.210156 0.530787 0.015104 0.010648
0 0.233203 0.515278 0.015885 0.011111
0 0.207161 0.509722 0.016406 0.011111
0 0.133984 0.512269 0.014844 0.010648
0 0.187500 0.526620 0.015104 0.010648
0 0.147526 0.493287 0.014844 0.010648
0 0.107943 0.511343 0.016927 0.011574
0 0.061458 0.492361 0.016667 0.012500
0 0.136719 0.528472 0.015104 0.010648
0 0.073828 0.527083 0.014844 0.010648
0 0.100391 0.529861 0.014844 0.010648
0 0.385547 0.721759 0.014323 0.025926
0 0.370833 0.695139 0.010937 0.019907
0 0.028646 0.529167 0.017188 0.011111
0 0.052865 0.527546 0.016667 0.011574
0 0.345052 0.654167 0.015104 0.020370
0 0.005339 0.526389 0.008073 0.012963
2 0.118359 0.493287 0.017448 0.010648
2 0.091667 0.493056 0.020313 0.011111
2 0.422656 0.858333 0.010417 0.027778
0 0.279297 0.481481 0.010677 0.010185
0 0.155859 0.512963 0.012240 0.011111
0 0.219531 0.496296 0.016667 0.013889
2 0.163151 0.528241 0.015365 0.010185
0 0.796745 0.375000 0.015365 0.012963
0 0.791797 0.440741 0.015365 0.013889
0 0.789714 0.455556 0.016406 0.012963
2 0.793359 0.410648 0.016406 0.013889
2 0.794922 0.387500 0.016406 0.012963
0 0.787760 0.470833 0.020833 0.017593
0 0.863802 0.409491 0.006250 0.019907
0 0.302734 0.412037 0.014844 0.012963
0 0.639062 0.522222 0.014583 0.010185
0 0.404036 0.434028 0.015885 0.013426
0 0.436979 0.812731 0.006250 0.024537
0 0.373307 0.449306 0.016406 0.013426
0 0.577083 0.488194 0.016146 0.013426
2 0.700260 0.535648 0.018750 0.013889
0 0.962500 0.512963 0.008854 0.024074
2 0.192969 0.494907 0.017708 0.012037
0 0.865104 0.384722 0.006771 0.025000
0 0.998047 0.318519 0.003906 0.032407
0 0.991276 0.311574 0.008073 0.026852
2 0.986198 0.295602 0.007292 0.028241
0 0.997266 0.376389 0.005469 0.024074
0 0.958073 0.482870 0.006250 0.024074
0 0.514714 0.454630 0.014844 0.012963
0 0.635286 0.502083 0.014844 0.012500
0 0.812891 0.559491 0.014323 0.012500
0 0.844141 0.568287 0.014323 0.011574
0 0.571484 0.467593 0.016406 0.012037
0 0.422526 0.925463 0.008073 0.024074
0 0.581120 0.729398 0.012760 0.023611
0 0.080990 0.512037 0.016146 0.010185
0 0.444531 0.348611 0.005729 0.026852
0 0.494792 0.605093 0.005729 0.025000
0 0.324740 0.624537 0.013021 0.018519
0 0.565104 0.903472 0.009896 0.026389
0 0.464323 0.895833 0.006771 0.028704
0 0.456120 0.908333 0.005990 0.025926
0 0.494792 0.651852 0.006250 0.025926
0 0.539974 0.927778 0.009115 0.031481
2 0.269010 0.577083 0.017708 0.018981
0 0.532813 0.887963 0.010417 0.027778
0 0.479948 0.778704 0.006771 0.028704
0 0.462240 0.930093 0.006771 0.028704
0 0.453255 0.937963 0.008073 0.027778
0 0.054818 0.509028 0.013802 0.009722
0 0.419531 0.793981 0.010417 0.023148
0 0.460286 0.963889 0.007031 0.025000
0 0.450260 0.970833 0.006771 0.028704
0 0.570833 0.934954 0.009375 0.026389
0 0.582292 0.991435 0.009896 0.017130
0 0.552604 0.992130 0.008854 0.015741
0 0.675260 0.953935 0.010417 0.018981
0 0.808724 0.976389 0.013802 0.019444
0 0.793490 0.994676 0.013021 0.010648
0 0.917708 0.962500 0.018229 0.014815
0 0.622526 0.478009 0.016927 0.014352
0 0.458073 0.990972 0.007292 0.018056
0 0.988542 0.962731 0.007292 0.024537
0 0.352734 0.467361 0.013281 0.012500
0 0.246354 0.565509 0.015104 0.011574
0 0.724479 0.523148 0.013542 0.012963
0 0.554167 0.205324 0.013542 0.015278
0 0.287370 0.339583 0.015365 0.018981
0 0.298047 0.600926 0.014323 0.018519
0 0.788151 0.519907 0.016927 0.012963
0 0.630729 0.676620 0.011979 0.021759
0 0.621745 0.712037 0.012760 0.019444
0 0.471094 0.935417 0.006771 0.025463
0 0.477214 0.856713 0.005990 0.028241
0 0.200130 0.555093 0.017448 0.012963
0 0.473958 0.896296 0.007292 0.027778
1 0.492839 0.703009 0.010156 0.060648
0 0.718750 0.581019 0.017188 0.012963
0 0.491667 0.759491 0.006771 0.025463
0 0.467839 0.976389 0.007552 0.028704
2 0.489844 0.791898 0.007812 0.031019
0 0.024740 0.508102 0.015625 0.011574
0 0.152604 0.551389 0.018750 0.012963
0 0.175000 0.050231 0.016667 0.013426
0 0.772266 0.533102 0.015885 0.012500
0 0.828906 0.530787 0.015625 0.012500
0 0.487370 0.837037 0.008073 0.028704
1 0.625911 0.614120 0.029427 0.047685
0 0.454818 0.300231 0.005469 0.027315
0 0.858073 0.956481 0.018229 0.014815
0 0.115625 0.550694 0.014063 0.010648
2 0.924870 0.976852 0.018490 0.015741
0 0.865885 0.540972 0.015625 0.012500
0 0.837240 0.551157 0.015625 0.012500
0 0.926953 0.587731 0.015365 0.012500
1 0.590625 0.680324 0.026562 0.051389
0 0.532292 0.496528 0.015625 0.012500
0 0.294922 0.463889 0.011719 0.012037
0 0.431901 0.959491 0.007552 0.027315
0 0.440625 0.073611 0.005208 0.023148
0 0.163021 0.476157 0.015625 0.011574
0 0.032161 0.492361 0.015885 0.011574
0 0.070573 0.549306 0.016146 0.013426
0 0.483724 0.893519 0.007552 0.026852
0 0.892708 0.561343 0.015625 0.012500
0 0.967448 0.597685 0.014063 0.012963
1 0.934896 0.552315 0.034375 0.020370
2 0.498177 0.896296 0.009375 0.032407
0 0.992969 0.586806 0.014063 0.014352
0 0.756380 0.546991 0.014323 0.012500
2 0.485156 0.969907 0.009375 0.032407
0 0.980729 0.566667 0.014583 0.012037
0 0.892578 0.578009 0.015365 0.012500
0 0.944922 0.576620 0.015365 0.012500
0 0.447266 0.221759 0.006510 0.028704
0 0.809505 0.961806 0.010156 0.016204
3 0.025911 0.537731 0.008073 0.006944
2 0.641406 0.302546 0.013542 0.016204
