0 0.011198 0.053935 0.013021 0.008796
0 0.028516 0.054861 0.015885 0.010648
0 0.046615 0.052778 0.017188 0.012963
0 0.083724 0.053009 0.017448 0.011574
0 0.178255 0.055324 0.015365 0.010648
0 0.142578 0.054167 0.018490 0.012037
0 0.200781 0.056481 0.015104 0.011111
0 0.235417 0.075000 0.011979 0.023148
0 0.250130 0.112500 0.010156 0.026852
0 0.238021 0.120833 0.015625 0.022222
0 0.239844 0.134491 0.016146 0.018056
0 0.243620 0.147454 0.015365 0.019907
0 0.255078 0.182407 0.017448 0.018519
2 0.266667 0.205093 0.013021 0.023148
2 0.259635 0.191435 0.018750 0.018056
2 0.272135 0.229167 0.017708 0.032407
0 0.286328 0.278935 0.010156 0.027315
0 0.369661 0.153704 0.013281 0.018519
0 0.581641 0.008565 0.008073 0.016204
0 0.557031 0.078935 0.006771 0.027315
0 0.511458 0.179167 0.015625 0.024074
0 0.563021 0.125694 0.014583 0.018981
2 0.524219 0.129398 0.017188 0.018056
0 0.527214 0.103472 0.015365 0.012500
0 0.540885 0.023148 0.009375 0.025000
0 0.576302 0.188889 0.011979 0.029630
0 0.591797 0.246296 0.015365 0.023148
0 0.605859 0.268981 0.013802 0.023148
0 0.630078 0.279398 0.015365 0.018056
0 0.656380 0.264815 0.015365 0.014815
0 0.676823 0.281944 0.015104 0.009259
0 0.673828 0.243287 0.005990 0.023611
0 0.695312 0.278009 0.013021 0.006944
0 0.646484 0.316898 0.014844 0.017130
0 0.605729 0.330324 0.011458 0.025463
0 0.589974 0.292361 0.013281 0.024537
0 0.575651 0.265509 0.013802 0.022685
0 0.559245 0.245139 0.011198 0.017130
2 0.572396 0.221759 0.018229 0.031481
2 0.525000 0.222222 0.017188 0.018519
2 0.503776 0.257639 0.008073 0.039352
0 0.536589 0.198148 0.010677 0.026852
0 0.541276 0.226620 0.014323 0.019907
0 0.707552 0.246296 0.014063 0.011111
0 0.687630 0.247454 0.014844 0.011574
0 0.746615 0.272222 0.015625 0.010185
0 0.764583 0.268750 0.014583 0.010648
0 0.844141 0.235648 0.014323 0.017593
0 0.844661 0.206713 0.012240 0.012500
0 0.881771 0.169907 0.011979 0.013889
2 0.713151 0.273611 0.015365 0.011111
0 0.631120 0.340972 0.010156 0.023611
0 0.634766 0.372222 0.009635 0.028704
0 0.621354 0.396065 0.010937 0.027315
0 0.613672 0.358333 0.011198 0.021296
0 0.642448 0.411343 0.009896 0.028241
2 0.337630 0.283565 0.013281 0.023611
0 0.570833 0.508333 0.015104 0.012963
0 0.545964 0.502083 0.014844 0.012500
0 0.638151 0.718519 0.014323 0.020370
0 0.634505 0.734954 0.013802 0.022685
0 0.596354 0.709259 0.016667 0.020370
0 0.548438 0.805324 0.008333 0.028241
0 0.554427 0.775926 0.010417 0.026852
0 0.548177 0.835880 0.006771 0.020833
0 0.538021 0.956944 0.008854 0.027778
0 0.462240 0.855093 0.006771 0.028704
0 0.454688 0.784028 0.008333 0.028241
0 0.465885 0.775694 0.005729 0.020833
0 0.453646 0.830556 0.008333 0.027778
0 0.477344 0.732870 0.006771 0.026852
0 0.451562 0.860185 0.006250 0.020370
0 0.459115 0.744213 0.008854 0.026389
0 0.460547 0.711574 0.006510 0.030556
0 0.470964 0.697454 0.008073 0.027315
0 0.472135 0.662963 0.007292 0.026852
0 0.462109 0.678241 0.006510 0.026852
0 0.463021 0.643519 0.006771 0.025926
0 0.480078 0.658565 0.008073 0.028241
0 0.474089 0.624306 0.006510 0.027315
0 0.482161 0.618287 0.007552 0.026389
2 0.477995 0.694676 0.006510 0.028241
2 0.468750 0.734259 0.006250 0.028704
2 0.465234 0.812037 0.007031 0.029630
0 0.471615 0.338657 0.006771 0.028241
0 0.438021 0.439583 0.014063 0.018981
0 0.470573 0.409259 0.009375 0.022222
0 0.330599 0.478241 0.016406 0.012037
0 0.296875 0.474074 0.015104 0.011111
2 0.439063 0.468287 0.015625 0.015278
2 0.910937 0.631019 0.016146 0.014815
0 0.362240 0.480093 0.014063 0.011111
0 0.723828 0.510880 0.014323 0.011574
0 0.406771 0.479861 0.011458 0.008796
0 0.825000 0.608102 0.016146 0.012500
0 0.959505 0.662500 0.016406 0.012963
0 0.769792 0.592361 0.015104 0.013426
0 0.828255 0.590972 0.013802 0.013426
0 0.725521 0.602546 0.015625 0.013426
0 0.640755 0.577315 0.015365 0.012963
0 0.664193 0.585185 0.015365 0.012037
0 0.574870 0.562963 0.013281 0.012037
0 0.604427 0.572917 0.013542 0.014352
0 0.541146 0.553241 0.016667 0.012963
0 0.276562 0.471296 0.011979 0.010185
0 0.861198 0.616435 0.010417 0.008796
2 0.876302 0.637500 0.015104 0.013889
0 0.796224 0.383333 0.015365 0.012963
0 0.787630 0.462037 0.016927 0.012037
2 0.791536 0.418981 0.016406 0.013889
2 0.795443 0.394676 0.016406 0.013426
0 0.785417 0.476620 0.020833 0.016204
0 0.860547 0.418981 0.006510 0.020370
0 0.586068 0.512269 0.014323 0.012500
2 0.606380 0.515972 0.019010 0.016204
0 0.959635 0.527315 0.008854 0.024074
0 0.861979 0.392593 0.006771 0.025000
0 0.991276 0.326852 0.008073 0.026852
2 0.986979 0.308565 0.010937 0.028241
0 0.955859 0.496991 0.007552 0.027315
0 0.647266 0.526157 0.014323 0.011574
0 0.576172 0.728472 0.012760 0.023611
0 0.703125 0.575463 0.015104 0.011111
0 0.444010 0.342130 0.005729 0.026852
0 0.491667 0.600926 0.005729 0.025000
0 0.403906 0.989815 0.008333 0.020370
0 0.557813 0.903935 0.009896 0.026389
0 0.458333 0.895370 0.006771 0.028704
0 0.449219 0.897222 0.007812 0.025926
0 0.489844 0.648611 0.006250 0.025926
0 0.532031 0.925000 0.010417 0.028704
0 0.526042 0.887963 0.010417 0.027778
0 0.475391 0.776157 0.007031 0.027315
0 0.456771 0.926852 0.006771 0.028704
0 0.445833 0.935417 0.007812 0.029167
0 0.667839 0.550231 0.015365 0.013426
0 0.451562 0.961574 0.008333 0.027778
0 0.442318 0.967824 0.008594 0.027315
0 0.563411 0.932639 0.009635 0.031019
0 0.574089 0.990972 0.010156 0.018056
0 0.544531 0.990278 0.009896 0.019444
0 0.668229 0.958565 0.010417 0.018981
0 0.801302 0.984028 0.011979 0.018981
0 0.913672 0.974306 0.016406 0.013426
0 0.450651 0.990046 0.006510 0.019907
0 0.979557 0.974074 0.007552 0.025926
0 0.386849 0.463194 0.013281 0.012500
0 0.415234 0.875000 0.007031 0.025926
0 0.556510 0.199537 0.013542 0.017593
0 0.432031 0.896528 0.008333 0.031944
0 0.626693 0.678241 0.014323 0.022222
0 0.811328 0.622685 0.014844 0.012963
0 0.464844 0.933565 0.006771 0.025463
0 0.471224 0.854167 0.006510 0.026852
0 0.419792 0.866667 0.008333 0.027778
0 0.467708 0.897454 0.008333 0.027315
1 0.489323 0.701620 0.010417 0.060648
0 0.486719 0.756250 0.006771 0.025463
0 0.460547 0.975000 0.007552 0.028704
2 0.483464 0.789583 0.008073 0.031019
0 0.416276 0.798843 0.009635 0.025463
0 0.161458 0.047917 0.018229 0.016204
0 0.481510 0.829167 0.007292 0.028704
0 0.453516 0.341435 0.005469 0.027315
0 0.388932 0.743750 0.012760 0.025463
0 0.714193 0.543519 0.012760 0.012963
0 0.528255 0.494213 0.012760 0.012500
0 0.342187 0.460648 0.010937 0.009259
0 0.311198 0.459259 0.011979 0.012037
0 0.370573 0.693981 0.014063 0.021296
0 0.478255 0.882407 0.007552 0.026852
1 0.249349 0.405324 0.033594 0.018056
0 0.626563 0.520833 0.015104 0.014815
2 0.619531 0.648843 0.013021 0.031019
0 0.689974 0.535417 0.015365 0.012500
0 0.667318 0.530324 0.015365 0.012500
0 0.445443 0.301389 0.006510 0.028704
0 0.291667 0.456250 0.016667 0.012500
0 0.350130 0.657870 0.013281 0.022222
0 0.747396 0.550926 0.011458 0.010185
0 0.730469 0.546759 0.016146 0.012963
2 0.764453 0.557870 0.014844 0.013889
0 0.474870 0.923611 0.007552 0.026852
0 0.326302 0.625926 0.014063 0.017593
0 0.471094 0.960185 0.008333 0.028704
0 0.798958 0.566204 0.015104 0.013889
0 0.445182 0.251620 0.007031 0.031019
0 0.854948 0.579398 0.015104 0.012500
0 0.582552 0.544444 0.011979 0.013889
0 0.410417 0.920370 0.006250 0.023148
0 0.543620 0.532639 0.015365 0.014352
0 0.832552 0.574306 0.016667 0.012500
0 0.785156 0.562269 0.011979 0.010648
1 0.657813 0.491667 0.034375 0.021296
0 0.301563 0.593056 0.015625 0.017593
0 0.255859 0.470602 0.016927 0.012500
0 0.875391 0.584954 0.016406 0.013426
0 0.505469 0.509028 0.014583 0.010648
0 0.351302 0.512269 0.015625 0.012500
0 0.499870 0.543519 0.016927 0.012037
0 0.276953 0.567593 0.012760 0.017593
0 0.641536 0.507639 0.012760 0.011574
2 0.412109 0.535880 0.017448 0.012500
0 0.750781 0.515046 0.014583 0.012500
0 0.666927 0.515278 0.013021 0.011111
3 0.764974 0.606019 0.006510 0.007407
0 0.690625 0.520370 0.015625 0.012037
0 0.899219 0.590972 0.014583 0.012500
2 0.333333 0.531250 0.017708 0.011574
0 0.813542 0.533796 0.015104 0.011111
0 0.227214 0.548380 0.016406 0.010648
0 0.623307 0.469213 0.016406 0.014352
0 0.919401 0.596296 0.015885 0.012963
0 0.469010 0.520370 0.015104 0.012037
2 0.373958 0.530787 0.018229 0.013426
0 0.256120 0.563889 0.016406 0.012963
0 0.995833 0.515509 0.008333 0.010648
0 0.997786 0.391204 0.004427 0.025000
0 0.998047 0.332176 0.003906 0.028241
3 0.710026 0.528935 0.004948 0.006019
0 0.992839 0.614120 0.014323 0.013426
0 0.911458 0.644907 0.015104 0.014815
0 0.423698 0.498380 0.014583 0.010648
0 0.232031 0.468981 0.016146 0.010185
0 0.389583 0.496528 0.015625 0.010648
0 0.166406 0.544907 0.012500 0.009259
0 0.736198 0.530324 0.014583 0.012500
0 0.415625 0.516204 0.015104 0.012037
2 0.459766 0.540972 0.017448 0.011574
0 0.192969 0.544213 0.013542 0.012500
0 0.257943 0.365509 0.013802 0.020833
0 0.453906 0.304167 0.005729 0.029630
0 0.937630 0.601852 0.012240 0.010185
0 0.293750 0.526157 0.011979 0.011574
0 0.286068 0.509491 0.014323 0.013426
0 0.332552 0.493519 0.018229 0.012963
0 0.290755 0.330093 0.014844 0.022222
0 0.446224 0.201620 0.007031 0.027315
0 0.100260 0.537500 0.016146 0.012037
2 0.264583 0.528935 0.017188 0.011574
0 0.220703 0.504167 0.016927 0.012037
0 0.447917 0.165741 0.005729 0.027778
0 0.925521 0.563889 0.013542 0.010185
0 0.134375 0.539352 0.017188 0.014815
0 0.576302 0.525000 0.015625 0.012963
0 0.620573 0.554861 0.014063 0.014352
2 0.436328 0.265972 0.007031 0.031944
0 0.789193 0.443981 0.016927 0.012037
0 0.845313 0.558333 0.016146 0.012037
0 0.874089 0.569213 0.014844 0.011574
0 0.954036 0.606713 0.017448 0.012500
0 0.973177 0.608796 0.015625 0.012037
0 0.288802 0.490741 0.016667 0.012037
0 0.199089 0.469444 0.017448 0.012963
0 0.207292 0.485417 0.016667 0.013426
0 0.489193 0.156019 0.009635 0.029630
0 0.852083 0.544444 0.015104 0.011111
0 0.156250 0.502778 0.016667 0.012037
0 0.185026 0.521528 0.015885 0.011574
0 0.063021 0.536111 0.016667 0.012037
2 0.445312 0.058565 0.004687 0.029167
0 0.961979 0.575000 0.010937 0.010185
0 0.916016 0.578009 0.014844 0.011574
2 0.935937 0.621065 0.016146 0.013426
2 0.881120 0.607870 0.017448 0.013889
0 0.420964 0.187037 0.013281 0.025000
0 0.969792 0.592824 0.017708 0.015278
2 0.987630 0.581944 0.017448 0.014815
0 0.786849 0.582870 0.012240 0.012037
0 0.131120 0.462037 0.017448 0.012963
0 0.030599 0.533796 0.016927 0.012037
2 0.008464 0.511574 0.016406 0.012037
0 0.086458 0.516667 0.016667 0.012037
0 0.992839 0.649769 0.014323 0.011574
0 0.045833 0.479630 0.016667 0.012037
0 0.045833 0.454630 0.016667 0.012037
2 0.640365 0.304398 0.013542 0.015278
