0 0.013932 0.065278 0.016927 0.012037
0 0.050260 0.065278 0.020313 0.012037
0 0.109245 0.065046 0.017448 0.011574
0 0.169661 0.065972 0.015365 0.010648
0 0.130339 0.058102 0.023177 0.015278
0 0.202604 0.083333 0.013542 0.022222
0 0.219661 0.122222 0.010156 0.026852
0 0.207682 0.130093 0.013802 0.021296
0 0.208333 0.143287 0.016146 0.018056
0 0.210547 0.157639 0.015365 0.019907
0 0.223568 0.192130 0.015885 0.016667
2 0.233984 0.214120 0.014323 0.018981
2 0.225651 0.204861 0.019010 0.018056
2 0.239714 0.237963 0.017969 0.032407
0 0.253906 0.286343 0.010417 0.027315
0 0.337630 0.160185 0.013281 0.018519
0 0.549349 0.012269 0.007552 0.018981
0 0.527344 0.082176 0.006771 0.027315
0 0.480208 0.184491 0.016146 0.021759
0 0.531771 0.132407 0.015104 0.016667
2 0.492708 0.134954 0.017188 0.018056
0 0.494922 0.110417 0.015365 0.012500
0 0.508333 0.027315 0.009375 0.025000
0 0.545964 0.194676 0.015885 0.025463
0 0.560807 0.252778 0.015365 0.023148
0 0.576172 0.274074 0.013802 0.023148
0 0.599089 0.284028 0.015365 0.018056
0 0.625651 0.268056 0.015365 0.014815
0 0.646875 0.284954 0.017188 0.010648
0 0.643099 0.248843 0.005990 0.023611
0 0.665495 0.279861 0.012760 0.007870
0 0.617318 0.321065 0.014844 0.017130
0 0.575260 0.335880 0.011458 0.025463
0 0.559635 0.298148 0.011979 0.025926
0 0.545443 0.273380 0.013802 0.022685
0 0.528776 0.251157 0.011198 0.017130
2 0.541927 0.227315 0.015104 0.028704
2 0.493229 0.225000 0.017188 0.015741
2 0.473047 0.264120 0.008073 0.039352
0 0.570312 0.284491 0.012500 0.020833
0 0.510677 0.234491 0.013542 0.018056
0 0.677083 0.248611 0.014063 0.011111
0 0.656901 0.251157 0.014844 0.011574
0 0.717187 0.273148 0.015625 0.010185
0 0.733333 0.270602 0.014583 0.010648
0 0.813151 0.236574 0.014323 0.017593
0 0.814193 0.206250 0.012240 0.012500
0 0.850781 0.170370 0.011979 0.013889
2 0.682943 0.276852 0.015365 0.011111
0 0.600911 0.347917 0.010156 0.023611
0 0.606901 0.378241 0.009635 0.028704
0 0.592708 0.400694 0.010937 0.027315
0 0.584505 0.364120 0.009115 0.021759
0 0.613802 0.415046 0.009896 0.028241
0 0.539844 0.511111 0.015104 0.012963
0 0.515365 0.504398 0.016146 0.010648
0 0.610547 0.723611 0.014323 0.020370
0 0.606510 0.738889 0.014583 0.021296
0 0.575911 0.687269 0.010677 0.028241
0 0.520833 0.812269 0.008333 0.028241
0 0.527865 0.781481 0.010417 0.026852
0 0.521354 0.841435 0.006771 0.020833
0 0.512240 0.964815 0.008854 0.027778
0 0.433333 0.861574 0.006771 0.028704
0 0.428646 0.790509 0.008333 0.028241
0 0.438802 0.783102 0.005729 0.020833
0 0.426302 0.837037 0.008333 0.027778
0 0.448958 0.738426 0.006771 0.026852
0 0.424219 0.867130 0.006250 0.020370
0 0.430339 0.749537 0.008073 0.024074
0 0.432422 0.717593 0.006510 0.030556
0 0.442318 0.705324 0.008073 0.027315
0 0.443750 0.669444 0.007292 0.026852
0 0.433984 0.684722 0.006510 0.026852
0 0.435677 0.648148 0.006771 0.025926
0 0.452734 0.665972 0.008073 0.028241
0 0.445703 0.630787 0.006510 0.027315
0 0.454297 0.622454 0.007552 0.026389
2 0.449870 0.699769 0.006510 0.028241
2 0.440365 0.740278 0.006250 0.028704
2 0.437109 0.815741 0.007031 0.029630
0 0.452734 0.338194 0.008594 0.029167
0 0.420052 0.073611 0.006250 0.028704
0 0.457292 0.114352 0.005729 0.025926
0 0.527214 0.453935 0.014844 0.015278
0 0.697786 0.607407 0.015365 0.012037
0 0.879167 0.645602 0.014063 0.014352
0 0.828776 0.635185 0.013281 0.012037
0 0.936198 0.662037 0.013542 0.013889
0 0.676172 0.595370 0.013802 0.011111
0 0.766667 0.384491 0.014063 0.016204
0 0.758464 0.464352 0.016927 0.012037
2 0.762370 0.421296 0.016406 0.013889
2 0.765234 0.396991 0.016406 0.013426
0 0.755990 0.479398 0.020833 0.016204
0 0.832161 0.418981 0.006510 0.020370
0 0.556641 0.516435 0.014323 0.012500
2 0.576823 0.520139 0.017708 0.015278
0 0.930208 0.526852 0.008854 0.024074
0 0.833333 0.393056 0.006771 0.025000
0 0.961068 0.323148 0.008073 0.026852
2 0.955990 0.307176 0.009896 0.028241
0 0.925911 0.495602 0.007552 0.027315
0 0.617578 0.529861 0.014323 0.011574
0 0.548568 0.734491 0.012760 0.023611
0 0.413802 0.349074 0.005729 0.026852
0 0.464062 0.606019 0.005729 0.025000
0 0.532031 0.907176 0.009375 0.026389
0 0.431250 0.901852 0.006771 0.028704
0 0.421875 0.903704 0.007812 0.025926
0 0.462760 0.647222 0.006250 0.025926
0 0.504948 0.934722 0.010417 0.028704
0 0.498698 0.893981 0.008854 0.025000
0 0.447786 0.783102 0.007031 0.027315
0 0.428125 0.935185 0.006771 0.028704
0 0.419271 0.942361 0.007812 0.029167
0 0.425521 0.969444 0.007292 0.026852
0 0.415234 0.977083 0.008594 0.027315
0 0.536979 0.941204 0.010417 0.029630
0 0.546745 0.993519 0.007552 0.012963
0 0.517578 0.994444 0.007031 0.011111
0 0.642448 0.962731 0.010417 0.018981
0 0.776563 0.987269 0.011979 0.018981
0 0.423307 0.993519 0.007031 0.012963
0 0.955078 0.973148 0.007552 0.025926
0 0.424089 0.215046 0.004948 0.024537
0 0.525521 0.207639 0.015625 0.018981
0 0.598307 0.682407 0.012760 0.020370
0 0.437370 0.939815 0.008073 0.025000
0 0.443620 0.860185 0.006510 0.026852
0 0.441146 0.902546 0.008333 0.027315
1 0.460938 0.703472 0.010417 0.060648
0 0.459115 0.760417 0.006771 0.025463
0 0.433464 0.981944 0.007552 0.028704
2 0.456901 0.795139 0.008073 0.031019
0 0.145573 0.066667 0.017188 0.011111
0 0.454427 0.833333 0.007292 0.028704
0 0.423307 0.346991 0.005469 0.027315
0 0.684115 0.545370 0.011979 0.012963
0 0.498307 0.501620 0.012760 0.012500
0 0.441797 0.218056 0.004427 0.026852
0 0.451693 0.889352 0.007552 0.026852
0 0.597005 0.526157 0.014323 0.014352
2 0.592708 0.653704 0.014063 0.030556
0 0.661068 0.540509 0.015365 0.012500
0 0.637630 0.535880 0.015365 0.012500
0 0.414193 0.306944 0.006510 0.028704
0 0.457682 0.224769 0.006510 0.031019
0 0.720052 0.553241 0.011458 0.011111
0 0.701562 0.548148 0.016146 0.012963
2 0.737630 0.558565 0.015885 0.012500
0 0.447786 0.930556 0.007552 0.026852
0 0.443750 0.969444 0.008333 0.028704
0 0.770833 0.566667 0.015104 0.013889
0 0.404557 0.280093 0.004948 0.025926
0 0.826562 0.579398 0.015104 0.012500
0 0.985547 0.655556 0.014323 0.012037
0 0.909766 0.633102 0.014844 0.013426
0 0.804427 0.574769 0.016667 0.012500
0 0.756771 0.564120 0.011979 0.010648
1 0.513932 0.467593 0.035677 0.022222
0 0.399349 0.943056 0.007552 0.026852
0 0.847266 0.584491 0.016406 0.013426
0 0.851172 0.607639 0.014323 0.012500
0 0.688542 0.580787 0.015625 0.012500
0 0.651302 0.589352 0.016146 0.012963
0 0.514193 0.486574 0.011198 0.011111
2 0.606901 0.579861 0.017448 0.012500
0 0.505208 0.430093 0.014583 0.012037
0 0.528255 0.492593 0.013281 0.011111
0 0.553516 0.497685 0.014844 0.011111
0 0.909115 0.602083 0.010937 0.010648
2 0.559375 0.571991 0.017708 0.011574
0 0.562240 0.482407 0.015104 0.011111
0 0.377083 0.772685 0.011458 0.027778
0 0.506901 0.449537 0.015365 0.012037
0 0.870182 0.590741 0.015885 0.012963
0 0.816146 0.614352 0.015104 0.012037
2 0.584635 0.571528 0.017188 0.013426
0 0.396484 0.852778 0.008073 0.027778
3 0.570703 0.505556 0.006510 0.006481
2 0.985286 0.619907 0.014323 0.013889
0 0.817187 0.596991 0.016146 0.012500
0 0.322396 0.677315 0.012500 0.019444
0 0.602995 0.508333 0.014844 0.012037
0 0.770312 0.601852 0.015104 0.012037
2 0.630208 0.585880 0.015625 0.014352
0 0.347917 0.713657 0.012500 0.023611
0 0.424219 0.313889 0.005729 0.029630
0 0.926823 0.605324 0.015104 0.011574
0 0.539062 0.562731 0.011979 0.011574
0 0.656641 0.559954 0.014323 0.013426
0 0.747135 0.578472 0.014583 0.012500
0 0.432161 0.266435 0.007031 0.027315
0 0.248438 0.582870 0.015625 0.018519
2 0.523438 0.564583 0.017188 0.011574
0 0.592969 0.557639 0.016667 0.013426
0 0.414714 0.216204 0.007031 0.025926
0 0.653125 0.503472 0.012500 0.010648
0 0.284896 0.623611 0.015625 0.021296
0 0.965755 0.633565 0.014323 0.012500
0 0.940365 0.643750 0.013021 0.012500
2 0.404036 0.337269 0.007031 0.031944
0 0.760547 0.445370 0.016927 0.012037
0 0.607292 0.478241 0.015625 0.013889
0 0.623698 0.515046 0.014063 0.011574
0 0.947786 0.607639 0.017448 0.012500
0 0.966927 0.614815 0.015625 0.012037
0 0.694271 0.566667 0.013542 0.012963
0 0.451302 0.402315 0.011458 0.027778
0 0.612500 0.546991 0.016667 0.013426
0 0.550391 0.459722 0.013802 0.012963
0 0.528125 0.541667 0.016667 0.012037
0 0.496354 0.559491 0.014063 0.010648
0 0.200781 0.562500 0.016667 0.012037
2 0.328385 0.266898 0.015104 0.018981
0 0.685677 0.509028 0.012500 0.010648
0 0.668490 0.523380 0.015625 0.013426
0 0.108984 0.491667 0.015365 0.011111
0 0.724349 0.539352 0.016406 0.011111
2 0.708333 0.519676 0.018229 0.012500
0 0.168099 0.552778 0.016927 0.012037
2 0.369922 0.538194 0.016406 0.009722
0 0.491536 0.532870 0.016927 0.012037
0 0.532031 0.525000 0.016667 0.012037
0 0.448568 0.175926 0.005469 0.022222
0 0.130599 0.551389 0.017448 0.012037
0 0.769010 0.550926 0.015625 0.012037
0 0.755339 0.532176 0.012760 0.010648
0 0.417448 0.177778 0.005729 0.027778
0 0.141406 0.409954 0.019792 0.013426
0 0.573958 0.538194 0.013542 0.010648
0 0.474219 0.553704 0.016667 0.012037
0 0.441406 0.287731 0.006771 0.028241
0 0.816146 0.561111 0.015104 0.012963
0 0.433203 0.393981 0.010677 0.027778
0 0.369401 0.519444 0.014844 0.010185
0 0.094661 0.548611 0.016927 0.012037
0 0.331120 0.519676 0.015365 0.011574
0 0.337500 0.537731 0.015104 0.010648
0 0.415495 0.258333 0.007552 0.025000
2 0.823958 0.544907 0.020313 0.012963
0 0.858984 0.571528 0.016927 0.014352
0 0.067708 0.548843 0.015625 0.009722
0 0.564583 0.652546 0.011458 0.023611
2 0.040495 0.545833 0.017969 0.010185
0 0.405859 0.175926 0.008073 0.025926
2 0.899740 0.580093 0.018229 0.012037
0 0.850651 0.553241 0.016927 0.013889
0 0.934766 0.570602 0.013802 0.012500
2 0.028255 0.044213 0.030469 0.017130
0 0.219922 0.497222 0.015365 0.011111
1 0.077995 0.527083 0.038802 0.015278
0 0.002344 0.545139 0.004167 0.011574
0 0.417839 0.127778 0.005469 0.030556
2 0.425911 0.138889 0.005990 0.030556
3 0.927474 0.592361 0.004948 0.004167
0 0.882422 0.559954 0.013802 0.012500
0 0.190885 0.096065 0.009375 0.024537
0 0.968880 0.514815 0.012760 0.014815
0 0.969531 0.387269 0.006771 0.027315
0 0.969922 0.328935 0.009115 0.026389
2 0.409635 0.032870 0.006250 0.028704
0 0.428385 0.008796 0.007292 0.016667
0 0.439323 0.074537 0.005729 0.025926
0 0.449349 0.075000 0.005990 0.021296
0 0.891146 0.595370 0.015625 0.015741
0 0.962760 0.596759 0.015625 0.012037
0 0.969010 0.582407 0.015625 0.012037
0 0.256901 0.237037 0.009635 0.022222
2 0.610938 0.307870 0.013021 0.014815
