0 0.438411 0.007176 0.015365 0.013426
0 0.436849 0.047685 0.014323 0.014815
0 0.434245 0.155093 0.008073 0.025000
0 0.455859 0.052546 0.004948 0.020833
2 0.435417 0.061343 0.016667 0.010648
2 0.439193 0.075926 0.014323 0.012037
2 0.438411 0.101852 0.009635 0.036111
0 0.400781 0.217824 0.016146 0.013426
0 0.431250 0.219676 0.016146 0.013426
2 0.104297 0.045602 0.017448 0.024537
0 0.217708 0.114815 0.015104 0.020370
0 0.233854 0.188194 0.012500 0.020833
0 0.197917 0.196065 0.015625 0.021759
0 0.199479 0.133796 0.015625 0.022222
0 0.140495 0.125463 0.016927 0.025000
0 0.044531 0.064583 0.014583 0.022685
0 0.059115 0.022685 0.016667 0.023148
0 0.112760 0.085417 0.015625 0.019907
2 0.232552 0.234259 0.016146 0.022222
0 0.297526 0.320833 0.013802 0.024074
0 0.294141 0.281019 0.014323 0.021296
0 0.339714 0.410185 0.014323 0.026852
0 0.356120 0.360880 0.012240 0.018056
2 0.333594 0.328472 0.016146 0.022685
0 0.322396 0.294444 0.014583 0.021296
0 0.261719 0.271528 0.014063 0.021759
0 0.296745 0.205787 0.014844 0.020833
0 0.265495 0.204861 0.014323 0.022685
0 0.353906 0.456250 0.009896 0.025463
0 0.367188 0.521991 0.009375 0.024537
2 0.380078 0.588657 0.007552 0.031019
0 0.381380 0.668981 0.007031 0.019444
0 0.380599 0.716435 0.008073 0.028241
0 0.349219 0.812500 0.011458 0.024074
0 0.377083 0.768981 0.014583 0.025926
0 0.407813 0.779398 0.007812 0.018981
0 0.442188 0.734028 0.007812 0.018981
0 0.437109 0.673148 0.009115 0.025000
0 0.464714 0.680093 0.011198 0.026852
0 0.442318 0.702778 0.011198 0.026852
0 0.422526 0.772222 0.011198 0.026852
0 0.440755 0.782870 0.011198 0.026852
0 0.367708 0.862731 0.014063 0.020833
0 0.340495 0.956944 0.011198 0.026852
0 0.335547 0.944907 0.011198 0.026852
0 0.335677 0.920833 0.012500 0.023148
0 0.367188 0.909954 0.014063 0.020833
0 0.417969 0.812731 0.009896 0.024537
0 0.426823 0.739583 0.009896 0.024537
0 0.484115 0.685417 0.009896 0.024537
0 0.482161 0.665972 0.013281 0.024537
2 0.458464 0.723148 0.010677 0.028704
2 0.354036 0.956019 0.016406 0.028704
0 0.309505 0.969676 0.013281 0.022685
0 0.449740 0.899769 0.008333 0.029167
0 0.443750 0.937731 0.008854 0.028241
0 0.438802 0.968519 0.009375 0.027778
0 0.466276 0.971991 0.010677 0.024537
0 0.472266 0.943287 0.009115 0.025463
0 0.494271 0.849769 0.015104 0.024537
0 0.507943 0.833333 0.014323 0.022222
0 0.501432 0.814815 0.013281 0.019444
0 0.485156 0.877083 0.007292 0.022685
0 0.540495 0.814815 0.014844 0.013889
0 0.491667 0.612731 0.009896 0.024537
0 0.505208 0.603704 0.010417 0.025000
0 0.518750 0.597454 0.009896 0.024537
0 0.502083 0.559491 0.008854 0.025463
0 0.516406 0.553704 0.008854 0.027778
0 0.543229 0.534028 0.009896 0.024537
0 0.565234 0.468287 0.010677 0.028241
0 0.518620 0.492130 0.007552 0.026852
0 0.501823 0.458796 0.007292 0.028704
0 0.490365 0.467130 0.007292 0.030556
0 0.493359 0.536343 0.005990 0.018981
0 0.575911 0.835648 0.013802 0.026852
0 0.586979 0.874769 0.009896 0.028241
0 0.595182 0.866667 0.009635 0.027778
0 0.598307 0.820602 0.010156 0.028241
2 0.600651 0.793981 0.015365 0.024074
0 0.553255 0.622685 0.015365 0.023148
0 0.576562 0.654398 0.012500 0.023611
2 0.595703 0.683102 0.014844 0.024537
2 0.638411 0.745833 0.014844 0.025926
2 0.685937 0.821759 0.015625 0.025926
2 0.716276 0.865278 0.014844 0.024074
2 0.745703 0.916204 0.014323 0.024074
0 0.662240 0.778704 0.013021 0.015741
0 0.573307 0.570139 0.013802 0.018981
0 0.583594 0.592130 0.015104 0.022222
0 0.602214 0.619213 0.013802 0.024537
0 0.614714 0.640278 0.013281 0.024074
0 0.658594 0.684954 0.011458 0.019907
0 0.661068 0.711806 0.011719 0.019907
0 0.675391 0.737037 0.012760 0.021296
0 0.692969 0.762037 0.011458 0.020370
0 0.598958 0.519213 0.011979 0.021759
0 0.599219 0.593519 0.010417 0.017593
0 0.618620 0.599537 0.012240 0.022222
0 0.625000 0.587500 0.011979 0.020370
0 0.649740 0.647685 0.009896 0.017593
0 0.672786 0.708102 0.013281 0.025463
0 0.645443 0.687963 0.013802 0.022222
0 0.595052 0.538889 0.013542 0.024074
0 0.644271 0.616435 0.013542 0.022685
0 0.610156 0.562731 0.011458 0.020833
0 0.615365 0.617593 0.011979 0.017593
0 0.640625 0.654167 0.011979 0.018519
0 0.658984 0.642130 0.010677 0.020370
3 0.627083 0.640741 0.005208 0.008333
0 0.635417 0.625463 0.010417 0.017593
0 0.612109 0.704398 0.011719 0.016204
0 0.692057 0.737269 0.015885 0.021759
0 0.709635 0.785417 0.010417 0.018981
0 0.708854 0.764120 0.013021 0.019907
0 0.710026 0.736574 0.012240 0.023148
0 0.730859 0.794676 0.014323 0.018981
0 0.745573 0.821296 0.013021 0.022222
0 0.792578 0.806713 0.017448 0.031019
0 0.798438 0.796991 0.015625 0.021759
0 0.805990 0.778935 0.015625 0.021759
0 0.830208 0.737269 0.011979 0.023611
2 0.824609 0.746065 0.014323 0.027315
2 0.815755 0.761574 0.015885 0.021296
2 0.631120 0.663889 0.015365 0.025926
2 0.677865 0.669444 0.014583 0.029630
2 0.663542 0.673843 0.014583 0.026389
0 0.724219 0.810417 0.011979 0.025463
0 0.758854 0.816435 0.013021 0.019907
2 0.732943 0.776157 0.014323 0.023611
2 0.749609 0.852315 0.013281 0.024074
0 0.760417 0.843981 0.011979 0.014815
0 0.738281 0.829398 0.011979 0.017130
0 0.765625 0.876389 0.011979 0.014815
0 0.778385 0.867824 0.014063 0.019907
0 0.780208 0.854398 0.014063 0.019907
0 0.776563 0.892824 0.014063 0.019907
0 0.800260 0.929398 0.014063 0.019907
0 0.798177 0.908102 0.014063 0.019907
0 0.817969 0.957639 0.014063 0.019907
0 0.821615 0.940046 0.014063 0.019907
0 0.824219 0.924769 0.014063 0.019907
0 0.833203 0.983102 0.013802 0.023611
0 0.800521 0.883102 0.014063 0.019907
0 0.849609 0.983333 0.012240 0.024074
0 0.872135 0.828935 0.009896 0.018056
0 0.881120 0.809722 0.011719 0.018519
0 0.849479 0.958565 0.014063 0.021759
0 0.966276 0.638889 0.012760 0.012037
0 0.897526 0.638426 0.014844 0.013889
0 0.914323 0.659028 0.013542 0.017130
0 0.923438 0.633102 0.013542 0.018056
0 0.861458 0.616435 0.012500 0.015278
0 0.836458 0.610185 0.013021 0.016667
0 0.823828 0.595370 0.014323 0.015741
0 0.760156 0.535648 0.014063 0.016667
0 0.776953 0.550694 0.013802 0.015278
2 0.773828 0.531713 0.017448 0.020833
2 0.793620 0.566667 0.016927 0.019444
0 0.796484 0.536574 0.011198 0.020370
0 0.779948 0.520139 0.013021 0.021759
0 0.769271 0.502778 0.014063 0.025926
0 0.749479 0.502315 0.015104 0.017593
0 0.722526 0.488426 0.015885 0.014815
0 0.725260 0.536574 0.014063 0.014815
0 0.703646 0.545139 0.008333 0.026389
0 0.699349 0.573843 0.008073 0.028241
0 0.693359 0.611806 0.008073 0.028241
0 0.684766 0.539583 0.007031 0.021759
0 0.680339 0.579398 0.008073 0.028241
0 0.686198 0.509722 0.007812 0.025926
0 0.699740 0.426852 0.009375 0.027778
0 0.685156 0.462500 0.007292 0.026852
0 0.704688 0.458333 0.007292 0.028704
0 0.680208 0.426620 0.008333 0.026389
0 0.674349 0.394444 0.010156 0.020370
0 0.705078 0.362963 0.014323 0.022222
0 0.683854 0.353472 0.010417 0.024537
0 0.664583 0.363426 0.011458 0.025926
2 0.652474 0.338657 0.012760 0.025463
2 0.623177 0.349074 0.018229 0.037963
2 0.693490 0.386111 0.013542 0.033333
0 0.713281 0.297454 0.011979 0.027315
0 0.689583 0.244444 0.013542 0.022222
0 0.723047 0.249306 0.010677 0.027315
0 0.727214 0.184491 0.006510 0.026389
0 0.769401 0.176620 0.006510 0.025463
0 0.764062 0.214352 0.005729 0.022222
0 0.772266 0.148843 0.009115 0.023611
0 0.969401 0.163194 0.010677 0.023611
0 0.654167 0.290741 0.013021 0.030556
0 0.572917 0.416204 0.011979 0.030556
2 0.595313 0.355556 0.013021 0.027778
1 0.651172 0.218519 0.022135 0.055556
0 0.547135 0.361111 0.012500 0.025926
2 0.542318 0.345602 0.012760 0.029167
0 0.555859 0.370370 0.011719 0.026852
0 0.543880 0.131944 0.013281 0.012037
0 0.283984 0.944907 0.014323 0.022222
0 0.128776 0.019213 0.016406 0.021759
0 0.099089 0.007870 0.019010 0.014815
0 0.152474 0.007176 0.017448 0.013426
0 0.207292 0.071296 0.015104 0.020370
0 0.213021 0.060185 0.015104 0.020370
0 0.223177 0.049074 0.015104 0.020370
0 0.252865 0.127546 0.015104 0.021759
0 0.357552 0.215046 0.015104 0.020833
0 0.367448 0.248843 0.015104 0.020833
0 0.376563 0.277546 0.015104 0.020833
1 0.410417 0.428009 0.031771 0.043981
2 0.452865 0.476852 0.015625 0.022222
2 0.421875 0.418056 0.015625 0.022222
2 0.471354 0.377315 0.015625 0.022222
2 0.404167 0.293056 0.015625 0.022222
2 0.383333 0.251389 0.015625 0.022222
0 0.446224 0.426620 0.012240 0.018056
0 0.421354 0.333565 0.010937 0.016204
0 0.441797 0.302546 0.014844 0.021759
0 0.438672 0.438657 0.014844 0.021759
0 0.433724 0.455093 0.012760 0.017593
0 0.457943 0.461574 0.012760 0.017593
0 0.464714 0.449537 0.013281 0.020370
0 0.259896 0.855093 0.010417 0.024074
0 0.131901 0.972917 0.011198 0.022685
2 0.126823 0.981713 0.010937 0.029167
0 0.267578 0.994676 0.009635 0.010648
3 0.351042 0.981713 0.006771 0.007870
0 0.312630 0.984491 0.013281 0.022685
0 0.334245 0.988657 0.013281 0.022685
0 0.357161 0.904398 0.012760 0.025463
0 0.376693 0.866435 0.012760 0.025463
0 0.389714 0.888194 0.012760 0.025463
2 0.388672 0.864583 0.013802 0.024537
0 0.400260 0.817593 0.011458 0.023148
0 0.386979 0.822222 0.011458 0.023148
0 0.590104 0.576389 0.010417 0.017593
1 0.593490 0.558796 0.029167 0.050926
2 0.680469 0.263889 0.013542 0.022222
0 0.686068 0.704861 0.012760 0.022685
0 0.939193 0.043056 0.016406 0.017593
2 0.937370 0.073843 0.027344 0.028241
2 0.941016 0.063426 0.025260 0.026852
0 0.817057 0.050926 0.014844 0.014815
0 0.717969 0.015046 0.011979 0.026389
0 0.704167 0.052083 0.011979 0.026389
0 0.650000 0.073380 0.011979 0.026389
0 0.688542 0.092824 0.011979 0.026389
0 0.650000 0.103472 0.011979 0.026389
0 0.646615 0.139120 0.011979 0.026389
0 0.630729 0.152546 0.011979 0.026389
0 0.619271 0.182639 0.011979 0.026389
0 0.602604 0.221991 0.011979 0.026389
0 0.602344 0.247917 0.011979 0.026389
0 0.617969 0.213657 0.011979 0.026389
0 0.589323 0.250694 0.011979 0.026389
0 0.575521 0.287731 0.011979 0.026389
0 0.560677 0.328935 0.011979 0.026389
0 0.576693 0.314352 0.011198 0.024074
0 0.586198 0.315741 0.008854 0.024074
0 0.567187 0.343287 0.011458 0.024537
0 0.616146 0.296065 0.011458 0.024537
0 0.552865 0.316667 0.011458 0.022222
0 0.565885 0.281481 0.011458 0.022222
0 0.608724 0.172685 0.011198 0.020370
0 0.661198 0.075000 0.007812 0.020370
0 0.685677 0.010417 0.007812 0.019907
0 0.569401 0.211111 0.011198 0.012037
0 0.525391 0.220370 0.017448 0.012037
0 0.014453 0.021759 0.013802 0.020370
2 0.078385 0.111343 0.014583 0.021759
0 0.021484 0.282407 0.011719 0.022222
0 0.707552 0.483333 0.012500 0.020370
2 0.724349 0.521065 0.015885 0.012500
