0 0.478776 0.031481 0.014323 0.014815
0 0.466276 0.135648 0.008073 0.025000
0 0.486198 0.098611 0.008333 0.021296
2 0.476823 0.043056 0.016667 0.014815
2 0.478255 0.059722 0.012760 0.012037
2 0.473438 0.084954 0.008854 0.032870
0 0.350391 0.139120 0.013802 0.024537
0 0.421094 0.220370 0.014063 0.022222
2 0.210547 0.033333 0.017448 0.029630
0 0.044531 0.136806 0.013542 0.019907
0 0.182161 0.023380 0.011198 0.020833
2 0.286198 0.201852 0.015625 0.028704
0 0.311719 0.252778 0.011979 0.025926
0 0.358464 0.418981 0.008594 0.028704
0 0.339844 0.325694 0.011458 0.030093
2 0.367057 0.305093 0.015365 0.026852
0 0.363932 0.475000 0.007031 0.028704
0 0.368620 0.545602 0.007552 0.024537
2 0.369141 0.616898 0.007552 0.031019
0 0.357161 0.678241 0.007031 0.019444
0 0.342448 0.721759 0.010937 0.024074
0 0.273568 0.826157 0.012240 0.023611
0 0.317839 0.772222 0.016406 0.025926
0 0.396615 0.717824 0.013021 0.020833
0 0.391797 0.745370 0.011198 0.026852
0 0.358333 0.776157 0.014063 0.020833
0 0.327995 0.859722 0.013281 0.024074
0 0.313151 0.857639 0.013802 0.020833
0 0.321875 0.826852 0.012500 0.023148
0 0.363542 0.809491 0.014063 0.020833
0 0.384505 0.798843 0.012240 0.024537
0 0.452734 0.655787 0.011719 0.019907
2 0.467708 0.649074 0.014583 0.025000
2 0.328776 0.877778 0.016406 0.028704
0 0.232943 0.941898 0.013281 0.022685
0 0.400651 0.912963 0.010677 0.027778
0 0.392708 0.940972 0.008854 0.028241
0 0.382682 0.976620 0.010677 0.026389
0 0.419922 0.953472 0.010677 0.024537
0 0.446615 0.862731 0.009375 0.022685
0 0.457682 0.840278 0.014323 0.022222
0 0.472656 0.826852 0.015104 0.020370
0 0.409896 0.874306 0.008333 0.027315
0 0.507682 0.791204 0.014844 0.013889
0 0.493750 0.601157 0.013021 0.023611
0 0.492318 0.623380 0.013802 0.023611
0 0.532552 0.542130 0.011979 0.025926
0 0.497917 0.535880 0.008333 0.028241
0 0.509896 0.540278 0.008854 0.027778
0 0.562240 0.490046 0.010937 0.024537
0 0.503516 0.483102 0.005990 0.026389
0 0.487109 0.377315 0.011198 0.025000
0 0.485547 0.408333 0.011719 0.027778
0 0.492318 0.459028 0.005990 0.018981
0 0.506250 0.820833 0.014583 0.013889
0 0.547396 0.894213 0.009896 0.028241
0 0.555859 0.887500 0.009635 0.027778
0 0.541016 0.850694 0.010156 0.028241
2 0.569531 0.812731 0.016146 0.018056
0 0.543490 0.644907 0.013021 0.024074
0 0.565625 0.686806 0.012500 0.023611
2 0.583073 0.725694 0.012500 0.027315
2 0.656120 0.717130 0.012240 0.030556
2 0.690104 0.813426 0.013021 0.029630
2 0.709245 0.918056 0.011198 0.025000
0 0.648568 0.783102 0.010677 0.026389
0 0.561458 0.589583 0.010417 0.020833
3 0.609896 0.674537 0.005208 0.008333
0 0.621224 0.691667 0.011719 0.022222
0 0.942187 0.773148 0.011458 0.015741
0 0.852604 0.733796 0.013542 0.019444
0 0.889583 0.777083 0.013542 0.017130
0 0.901563 0.756250 0.013542 0.018056
0 0.821875 0.691898 0.012500 0.015278
0 0.818750 0.707407 0.013021 0.016667
0 0.806120 0.687731 0.012760 0.019907
0 0.751563 0.612037 0.014063 0.016667
0 0.766016 0.629861 0.013802 0.015278
2 0.746745 0.593287 0.017448 0.020833
2 0.781120 0.648148 0.014323 0.021296
0 0.786589 0.620833 0.011198 0.020370
0 0.771875 0.596065 0.013021 0.021759
0 0.761979 0.575463 0.014063 0.025926
0 0.743229 0.574769 0.014063 0.019907
0 0.718880 0.549074 0.015885 0.014815
0 0.715625 0.600463 0.014063 0.014815
0 0.694010 0.601157 0.008333 0.026389
0 0.687370 0.629398 0.010156 0.028241
0 0.676562 0.664352 0.012500 0.027778
0 0.675651 0.593287 0.009115 0.021759
0 0.666667 0.630324 0.010417 0.028241
0 0.680078 0.562731 0.009115 0.027315
0 0.702604 0.484722 0.009375 0.027778
0 0.683073 0.514352 0.007292 0.026852
0 0.702865 0.518056 0.007292 0.028704
0 0.681771 0.476620 0.008333 0.026389
0 0.672526 0.411111 0.008073 0.026852
0 0.713281 0.422222 0.018229 0.019444
0 0.669141 0.337037 0.010677 0.027778
2 0.636589 0.319676 0.012760 0.025463
2 0.698177 0.443287 0.008333 0.034722
0 0.727083 0.359491 0.011979 0.027315
0 0.708594 0.300463 0.013542 0.022222
0 0.741016 0.315972 0.010677 0.027315
0 0.750521 0.253935 0.008333 0.024537
0 0.793750 0.259028 0.009375 0.024537
0 0.785286 0.295602 0.006510 0.020833
0 0.800391 0.231713 0.009115 0.023611
0 0.991536 0.306713 0.010677 0.023611
0 0.774479 0.054167 0.013021 0.030556
1 0.698828 0.217361 0.027344 0.053241
0 0.575130 0.145833 0.013281 0.012037
0 0.183724 0.947685 0.014323 0.022222
0 0.215495 0.003935 0.010677 0.006944
0 0.231380 0.004630 0.009115 0.008333
0 0.205469 0.064583 0.014583 0.022685
0 0.336458 0.091435 0.011979 0.023611
0 0.341667 0.148148 0.012500 0.024074
0 0.387240 0.225463 0.010937 0.020370
0 0.347135 0.228472 0.013542 0.023611
1 0.414323 0.397917 0.028125 0.044907
2 0.453385 0.461111 0.013542 0.024074
2 0.428646 0.391898 0.015625 0.025463
2 0.440104 0.293287 0.014583 0.028241
2 0.376953 0.184259 0.013802 0.025926
2 0.358594 0.134491 0.013542 0.025463
0 0.384635 0.341898 0.010937 0.016204
0 0.435937 0.432870 0.009896 0.020370
0 0.226302 0.773611 0.011458 0.025926
0 0.089714 0.853472 0.011198 0.022685
2 0.083333 0.859028 0.010937 0.029167
0 0.204687 0.979167 0.014583 0.016667
3 0.351823 0.859491 0.006771 0.007870
0 0.237891 0.954398 0.013281 0.022685
0 0.263672 0.960417 0.013281 0.022685
0 0.337109 0.828704 0.013281 0.022222
0 0.360286 0.796759 0.014323 0.024074
0 0.376563 0.748148 0.011458 0.023148
1 0.583724 0.584722 0.025260 0.053704
2 0.697135 0.318287 0.012500 0.029167
0 0.973437 0.179167 0.014063 0.018519
2 0.969141 0.208565 0.024219 0.035648
2 0.972917 0.198611 0.023958 0.030556
0 0.852214 0.148148 0.014844 0.014815
0 0.808854 0.013426 0.011979 0.025926
0 0.793490 0.018750 0.011979 0.026389
0 0.773438 0.030787 0.014583 0.026389
0 0.715495 0.088657 0.010156 0.020833
0 0.718359 0.017824 0.013802 0.018981
0 0.549089 0.217361 0.011719 0.009722
0 0.506510 0.215278 0.016667 0.014815
0 0.992448 0.138426 0.014063 0.018519
0 0.932031 0.094907 0.012500 0.021296
0 0.941146 0.070370 0.012500 0.021296
0 0.937240 0.083796 0.012500 0.021296
0 0.993750 0.118981 0.012500 0.021296
0 0.974219 0.094444 0.013542 0.025926
0 0.881641 0.106713 0.011719 0.018056
0 0.888021 0.096528 0.011979 0.018056
0 0.891927 0.083102 0.014063 0.022685
0 0.696745 0.125694 0.010156 0.020833
0 0.714714 0.115046 0.010156 0.020833
0 0.683984 0.149306 0.010156 0.020833
0 0.663802 0.164120 0.012500 0.023611
0 0.758333 0.081713 0.012500 0.023611
0 0.744271 0.110417 0.012500 0.023611
0 0.727083 0.141898 0.012500 0.023611
0 0.595703 0.228704 0.013281 0.012037
0 0.660156 0.194676 0.012500 0.023611
0 0.667448 0.202546 0.012500 0.023611
0 0.645312 0.220602 0.012500 0.023611
0 0.640625 0.249306 0.012500 0.023611
0 0.625781 0.252546 0.012500 0.023611
0 0.661198 0.267361 0.012500 0.023611
0 0.623698 0.279398 0.012500 0.023611
0 0.608854 0.278935 0.012500 0.023611
0 0.583073 0.302083 0.012500 0.023611
0 0.592448 0.308565 0.012500 0.023611
0 0.588542 0.337269 0.012500 0.023611
0 0.600000 0.340509 0.012500 0.023611
0 0.577083 0.364583 0.012500 0.023611
0 0.574219 0.346065 0.012500 0.023611
0 0.566927 0.331944 0.011458 0.019444
0 0.557292 0.374769 0.012500 0.023611
0 0.564844 0.386806 0.012500 0.023611
0 0.608854 0.374306 0.012500 0.023611
0 0.596094 0.422917 0.012500 0.023611
2 0.606380 0.309491 0.012760 0.025463
2 0.555339 0.355787 0.012760 0.025463
2 0.632552 0.387037 0.020313 0.039815
2 0.663672 0.383333 0.014323 0.024074
0 0.692448 0.408796 0.008333 0.026852
0 0.679427 0.444213 0.007812 0.022685
0 0.440495 0.192824 0.015365 0.015278
0 0.419922 0.185417 0.015365 0.015278
0 0.291667 0.134954 0.014583 0.022685
0 0.307031 0.115972 0.014583 0.022685
0 0.304427 0.176157 0.011979 0.022685
0 0.253385 0.147454 0.014583 0.022685
0 0.369010 0.219213 0.013542 0.023611
0 0.338021 0.259028 0.013542 0.023611
0 0.365625 0.279861 0.013542 0.023611
0 0.442839 0.417824 0.014323 0.024537
0 0.467448 0.436574 0.013021 0.023148
0 0.459896 0.445370 0.013021 0.023148
0 0.451953 0.409028 0.011198 0.018981
2 0.070052 0.872917 0.010937 0.029167
2 0.008073 0.926389 0.015625 0.019444
2 0.003776 0.914352 0.007031 0.018519
0 0.009375 0.964583 0.014583 0.026389
0 0.074219 0.988889 0.009896 0.018519
0 0.081641 0.978935 0.011719 0.024537
0 0.080859 0.923380 0.010156 0.033796
0 0.087370 0.914815 0.006510 0.026852
0 0.096224 0.893287 0.009115 0.024537
0 0.103906 0.968056 0.012500 0.023148
0 0.173568 0.978241 0.014323 0.022222
0 0.284505 0.896296 0.013281 0.024074
0 0.306120 0.903704 0.013281 0.024074
0 0.286068 0.913426 0.013281 0.024074
0 0.281120 0.938426 0.013281 0.024074
0 0.255078 0.913426 0.013281 0.024074
0 0.256901 0.949074 0.013281 0.024074
0 0.223177 0.990509 0.014063 0.018981
2 0.236589 0.993056 0.014323 0.013889
0 0.264714 0.920833 0.013281 0.024074
0 0.298568 0.973380 0.013281 0.019907
0 0.313281 0.992361 0.016667 0.015278
0 0.286589 0.875231 0.013802 0.021759
3 0.401042 0.949537 0.003125 0.009259
0 0.562500 0.841898 0.007292 0.027315
2 0.392057 0.769213 0.014844 0.024537
0 0.420182 0.681713 0.013281 0.025463
0 0.423307 0.696991 0.013281 0.025463
0 0.421484 0.721991 0.013281 0.025463
0 0.452344 0.693287 0.012500 0.022685
0 0.452214 0.625463 0.013281 0.026852
0 0.476302 0.607639 0.012500 0.022685
0 0.404687 0.638889 0.015104 0.011111
0 0.511849 0.417824 0.008594 0.026389
0 0.517578 0.487731 0.005990 0.026389
0 0.592448 0.545139 0.010417 0.020833
0 0.600000 0.592361 0.010417 0.020833
0 0.587370 0.563426 0.012760 0.025000
0 0.612109 0.619444 0.012760 0.025000
0 0.571224 0.612269 0.013281 0.022685
0 0.585807 0.646065 0.013281 0.022685
0 0.596745 0.670602 0.013281 0.022685
0 0.627734 0.655093 0.012240 0.025926
0 0.600911 0.759954 0.009115 0.018981
0 0.617839 0.661343 0.009115 0.018981
0 0.629818 0.687269 0.009115 0.018981
0 0.640755 0.684491 0.009115 0.018981
2 0.643620 0.715741 0.016406 0.028704
0 0.635807 0.727315 0.011719 0.023148
0 0.623047 0.727778 0.011719 0.023148
0 0.600911 0.650000 0.011719 0.022222
0 0.604557 0.630556 0.011719 0.022222
0 0.586589 0.618519 0.008073 0.017593
0 0.577734 0.600000 0.008073 0.017593
2 0.610677 0.697454 0.013542 0.032870
0 0.635026 0.753704 0.011719 0.023148
0 0.646484 0.751389 0.011719 0.023148
0 0.659375 0.751852 0.011979 0.024074
0 0.663281 0.787037 0.013021 0.026852
0 0.674219 0.772917 0.011979 0.026389
0 0.663802 0.814120 0.011979 0.026389
2 0.629297 0.824537 0.012240 0.027778
0 0.664583 0.868981 0.011979 0.020370
0 0.676953 0.843750 0.011198 0.023611
0 0.678516 0.819213 0.012240 0.026389
2 0.668099 0.910185 0.012240 0.027778
2 0.690365 0.956019 0.014063 0.028704
0 0.690234 0.871528 0.012240 0.026389
0 0.695964 0.859954 0.012240 0.026389
0 0.710026 0.860880 0.011198 0.023611
0 0.699870 0.894444 0.009635 0.019444
0 0.709115 0.885880 0.013021 0.024537
0 0.729948 0.906713 0.013021 0.024537
0 0.722135 0.916898 0.013021 0.024537
0 0.722656 0.947222 0.009375 0.018519
0 0.743099 0.937500 0.010156 0.019444
0 0.733464 0.942593 0.011198 0.020370
0 0.731120 0.966204 0.011719 0.025000
0 0.746224 0.973148 0.011719 0.025000
0 0.770052 0.994444 0.011458 0.011111
0 0.763021 0.877778 0.012500 0.025926
0 0.772396 0.867130 0.012500 0.025926
0 0.800781 0.829167 0.012500 0.025926
0 0.756120 0.886343 0.015885 0.032870
2 0.782292 0.850926 0.013021 0.026852
2 0.794271 0.837963 0.013021 0.026852
0 0.844531 0.917824 0.014583 0.018981
0 0.832292 0.931250 0.014583 0.018981
0 0.427344 0.924769 0.009896 0.025463
0 0.702995 0.543056 0.012240 0.022222
2 0.716797 0.584722 0.014323 0.015741
