0 0.476823 0.032176 0.006250 0.027315
0 0.466536 0.037731 0.005469 0.021759
0 0.467708 0.073380 0.006250 0.027315
0 0.477344 0.098843 0.006250 0.027315
0 0.469010 0.129861 0.006250 0.027315
0 0.478906 0.140046 0.006250 0.027315
0 0.488542 0.148380 0.006250 0.027315
0 0.469271 0.181250 0.006250 0.027315
0 0.480078 0.231713 0.006510 0.025463
0 0.489453 0.231481 0.006510 0.025926
0 0.491536 0.274769 0.006510 0.025463
0 0.481641 0.263657 0.006510 0.025463
0 0.508724 0.224769 0.006510 0.025463
0 0.443620 0.150694 0.007031 0.024537
0 0.435417 0.194444 0.008854 0.025926
0 0.421615 0.237500 0.008854 0.025926
0 0.403906 0.289120 0.011979 0.025463
0 0.383854 0.329167 0.013021 0.023148
2 0.487630 0.096759 0.008594 0.047222
2 0.479427 0.188426 0.007292 0.029630
2 0.472917 0.211111 0.007292 0.029630
0 0.469792 0.241204 0.006250 0.020370
0 0.501302 0.312731 0.006771 0.026389
0 0.491406 0.309491 0.006771 0.026389
0 0.510156 0.330787 0.006771 0.026389
0 0.512240 0.371528 0.006771 0.026389
0 0.502865 0.354861 0.006771 0.026389
0 0.491667 0.348380 0.006771 0.026389
0 0.493490 0.388657 0.006771 0.026389
0 0.484245 0.385880 0.005990 0.023611
0 0.472005 0.345602 0.005990 0.023611
0 0.482161 0.345370 0.005990 0.025000
2 0.481510 0.306019 0.007292 0.029630
2 0.473438 0.388426 0.007292 0.029630
2 0.489193 0.178935 0.005469 0.021759
1 0.469401 0.296065 0.007031 0.060648
0 0.367969 0.366667 0.015104 0.023148
0 0.327604 0.425926 0.015104 0.023148
0 0.249870 0.440278 0.015885 0.011111
2 0.344531 0.394907 0.015625 0.024074
0 0.214062 0.440509 0.015104 0.010648
0 0.284896 0.451389 0.018229 0.013889
0 0.217318 0.455324 0.015365 0.014352
0 0.242318 0.468750 0.015365 0.014352
0 0.155078 0.428241 0.014844 0.012963
0 0.100130 0.411343 0.015885 0.014352
0 0.071875 0.418287 0.015625 0.011574
0 0.029687 0.413657 0.016667 0.013426
0 0.185547 0.313426 0.008073 0.025000
0 0.014453 0.323148 0.014323 0.012963
0 0.048177 0.449769 0.015625 0.011574
0 0.096354 0.431481 0.017188 0.013889
0 0.156250 0.477315 0.017188 0.013889
0 0.178646 0.481481 0.017188 0.013889
0 0.144271 0.443056 0.017188 0.013889
0 0.177604 0.450000 0.015104 0.013889
0 0.262760 0.499074 0.014063 0.011111
0 0.147917 0.492593 0.017188 0.013889
0 0.109505 0.466667 0.014323 0.011111
0 0.083594 0.505093 0.017188 0.013889
0 0.179427 0.535880 0.015625 0.015278
0 0.139974 0.519907 0.016406 0.017593
2 0.182161 0.430556 0.014844 0.012963
2 0.127995 0.422917 0.016927 0.014352
2 0.167839 0.511343 0.016927 0.014352
2 0.175130 0.496528 0.016927 0.014352
2 0.223828 0.508102 0.016927 0.014352
0 0.222656 0.491667 0.017188 0.012037
0 0.246354 0.512731 0.011979 0.012500
2 0.161979 0.461806 0.016146 0.013426
0 0.202865 0.487037 0.015104 0.013889
0 0.039714 0.259722 0.014323 0.012963
0 0.026172 0.262500 0.011198 0.020370
0 0.015625 0.262269 0.012500 0.028241
2 0.028776 0.212500 0.011719 0.031481
2 0.042839 0.218056 0.011719 0.031481
0 0.050521 0.221296 0.010417 0.025000
0 0.158724 0.551157 0.008594 0.028241
0 0.156641 0.592361 0.008594 0.028241
0 0.160286 0.621991 0.008594 0.028241
0 0.166276 0.661806 0.008594 0.028241
0 0.170182 0.696528 0.009635 0.024537
0 0.157943 0.742593 0.015365 0.019444
0 0.107813 0.784954 0.012500 0.014352
0 0.125260 0.773380 0.016146 0.015278
0 0.070964 0.734491 0.009635 0.027315
0 0.059245 0.833333 0.017448 0.018519
0 0.101432 0.803472 0.015885 0.015278
0 0.119922 0.792593 0.015885 0.017593
0 0.116146 0.832870 0.015625 0.015741
0 0.118359 0.845602 0.013802 0.015278
0 0.120443 0.857639 0.014323 0.014352
0 0.122917 0.869213 0.014063 0.015278
0 0.128906 0.893287 0.013021 0.014352
0 0.128385 0.880787 0.013021 0.014352
0 0.130990 0.907407 0.014583 0.016667
0 0.052474 0.901852 0.012760 0.012963
0 0.055859 0.912731 0.012240 0.013426
0 0.058203 0.927546 0.012240 0.013426
0 0.058984 0.940278 0.008594 0.013889
0 0.065234 0.965509 0.012240 0.013426
0 0.038932 0.981481 0.015365 0.019444
0 0.037109 0.970602 0.015365 0.018056
0 0.035026 0.959259 0.015365 0.018519
0 0.029557 0.935417 0.016927 0.017130
0 0.026953 0.921991 0.013281 0.016204
0 0.024609 0.910417 0.014844 0.019907
0 0.022396 0.899074 0.016146 0.015741
0 0.020182 0.886806 0.013281 0.016204
0 0.040104 0.916435 0.013021 0.028241
0 0.249479 0.893056 0.012500 0.016667
0 0.204818 0.732176 0.014844 0.015278
0 0.187370 0.751157 0.014844 0.015278
3 0.064844 0.784722 0.008333 0.009259
0 0.219661 0.727546 0.014844 0.015278
0 0.188151 0.696991 0.014844 0.015278
0 0.203516 0.686806 0.014844 0.015278
0 0.218229 0.676852 0.016667 0.016667
0 0.239844 0.662037 0.016667 0.016667
0 0.257812 0.650463 0.016667 0.016667
0 0.277865 0.633796 0.016667 0.016667
0 0.271615 0.693519 0.016667 0.016667
0 0.255469 0.705093 0.016667 0.016667
0 0.310937 0.672222 0.013021 0.011111
0 0.327083 0.669676 0.015104 0.016204
0 0.343359 0.678704 0.014844 0.016667
0 0.373047 0.716898 0.013281 0.023611
0 0.383854 0.777315 0.011458 0.030556
0 0.372266 0.818750 0.013802 0.024537
0 0.404167 0.800926 0.011458 0.030556
0 0.380859 0.822685 0.012240 0.028704
2 0.419661 0.786806 0.015885 0.022685
2 0.439974 0.780324 0.015885 0.022685
0 0.451562 0.821065 0.013021 0.027315
0 0.457943 0.876389 0.007031 0.027778
0 0.456120 0.972685 0.007031 0.027778
0 0.469401 0.969907 0.007031 0.027778
0 0.484245 0.971296 0.007031 0.027778
0 0.495964 0.975463 0.007031 0.027778
0 0.506641 0.931481 0.007031 0.027778
0 0.495964 0.926852 0.007031 0.027778
0 0.487630 0.906481 0.007031 0.027778
0 0.498307 0.883796 0.007031 0.027778
0 0.507161 0.884259 0.007031 0.027778
0 0.508203 0.854167 0.007031 0.027778
0 0.500130 0.840278 0.007031 0.027778
0 0.501172 0.809259 0.007031 0.027778
0 0.492578 0.793519 0.007031 0.027778
0 0.491146 0.826852 0.006250 0.025926
0 0.489974 0.862500 0.007031 0.027778
0 0.519661 0.815278 0.007031 0.027778
0 0.504818 0.764815 0.007031 0.027778
0 0.495703 0.717593 0.007031 0.027778
0 0.497266 0.686111 0.007031 0.027778
0 0.523828 0.746296 0.007031 0.027778
0 0.505469 0.968981 0.004167 0.025000
0 0.486198 0.937731 0.006771 0.022685
0 0.517057 0.698148 0.007031 0.027778
0 0.506901 0.707407 0.007031 0.027778
0 0.501432 0.616204 0.007031 0.024074
0 0.499609 0.645833 0.007031 0.027778
0 0.541146 0.622685 0.006771 0.025926
0 0.530078 0.628704 0.007031 0.027778
0 0.528385 0.664120 0.007292 0.025463
0 0.526563 0.699074 0.006771 0.025000
0 0.514583 0.738889 0.006250 0.022222
0 0.520964 0.781713 0.005990 0.022685
0 0.513411 0.773148 0.006510 0.021296
0 0.507943 0.654861 0.005990 0.020833
0 0.510807 0.626157 0.005469 0.021759
1 0.521354 0.638889 0.009896 0.058333
2 0.540625 0.661806 0.006250 0.032870
2 0.536719 0.694676 0.008333 0.030093
2 0.494271 0.755787 0.008333 0.030093
2 0.510677 0.806713 0.008333 0.030093
0 0.556771 0.814583 0.015625 0.018056
0 0.577344 0.798380 0.015625 0.018056
0 0.592708 0.788657 0.015625 0.018056
0 0.563802 0.775694 0.015625 0.018056
0 0.596875 0.741898 0.015625 0.018056
0 0.618620 0.713889 0.012760 0.025926
0 0.632161 0.684259 0.012760 0.025926
0 0.642578 0.654630 0.009115 0.020370
0 0.651042 0.623611 0.010417 0.025926
0 0.583594 0.759028 0.014063 0.014352
3 0.502474 0.735417 0.005469 0.009722
0 0.650651 0.915509 0.008073 0.024537
0 0.649349 0.879861 0.008073 0.024537
0 0.650000 0.859259 0.015625 0.015741
0 0.629167 0.866667 0.007812 0.025000
0 0.632552 0.894907 0.007812 0.025000
2 0.634896 0.931019 0.007812 0.025000
0 0.639062 0.829630 0.008854 0.026852
0 0.628385 0.785185 0.008854 0.026852
0 0.632292 0.738889 0.012500 0.025926
0 0.642969 0.713426 0.012500 0.025926
0 0.676302 0.681250 0.015625 0.020833
0 0.710547 0.653704 0.010156 0.028704
0 0.666536 0.644444 0.010156 0.028704
0 0.661328 0.625926 0.010156 0.028704
2 0.656510 0.678472 0.015625 0.028241
0 0.607292 0.814352 0.008854 0.026852
0 0.638151 0.987269 0.007552 0.025463
0 0.720443 0.589120 0.006510 0.028241
0 0.678255 0.567593 0.010156 0.026852
0 0.668750 0.560417 0.006250 0.020833
2 0.706120 0.585648 0.009635 0.029630
2 0.654167 0.591667 0.009375 0.030556
2 0.632552 0.556944 0.020833 0.013889
0 0.600000 0.525231 0.015104 0.011574
0 0.627214 0.521065 0.010156 0.009722
0 0.663281 0.513194 0.015104 0.011574
0 0.699219 0.507176 0.015104 0.011574
0 0.736198 0.502546 0.015104 0.011574
0 0.791146 0.496065 0.015104 0.011574
0 0.765885 0.515972 0.015104 0.011574
0 0.737760 0.639120 0.015104 0.011574
0 0.768750 0.607639 0.015104 0.015278
0 0.649740 0.481250 0.015625 0.011574
0 0.626563 0.483565 0.015104 0.011574
0 0.446354 0.477546 0.015104 0.011574
0 0.490755 0.472917 0.010677 0.009722
0 0.603646 0.454167 0.015625 0.012963
2 0.549870 0.476852 0.015885 0.011111
0 0.813802 0.653241 0.013021 0.012963
0 0.798568 0.664815 0.014323 0.017593
0 0.778125 0.678241 0.014063 0.012963
0 0.775000 0.445602 0.015104 0.011574
0 0.407813 0.475231 0.015625 0.013426
0 0.372135 0.473843 0.015625 0.013426
0 0.363281 0.488657 0.015625 0.013426
0 0.328516 0.471991 0.015885 0.012500
0 0.337240 0.454861 0.015104 0.012500
0 0.289062 0.468981 0.017188 0.012037
0 0.310677 0.487037 0.017188 0.012037
0 0.341927 0.508333 0.017188 0.012037
0 0.346615 0.524537 0.017188 0.012037
0 0.318750 0.504167 0.017188 0.012037
0 0.323828 0.521296 0.014323 0.012963
0 0.349740 0.539815 0.017188 0.012037
0 0.373307 0.523148 0.015365 0.009259
0 0.380339 0.509259 0.015365 0.009259
0 0.420443 0.526389 0.015365 0.009259
0 0.407943 0.540278 0.015365 0.009259
0 0.398307 0.524074 0.015365 0.009259
0 0.384245 0.541204 0.015365 0.009259
2 0.428516 0.541667 0.017448 0.012037
0 0.361458 0.507407 0.014583 0.013889
0 0.300391 0.504861 0.012240 0.007870
0 0.288411 0.518056 0.015365 0.010185
0 0.268229 0.532407 0.015625 0.015741
2 0.305729 0.520833 0.015104 0.012963
2 0.301172 0.536806 0.032552 0.020833
0 0.088932 0.543519 0.011198 0.012963
0 0.097266 0.557870 0.014323 0.011111
0 0.124609 0.661574 0.009635 0.022222
0 0.128776 0.686574 0.009635 0.022222
2 0.676953 0.481019 0.016927 0.012037
0 0.686068 0.312037 0.010677 0.024074
2 0.718490 0.466898 0.028125 0.016204
0 0.789974 0.513657 0.014844 0.010648
0 0.881641 0.485880 0.016927 0.011574
0 0.946484 0.479398 0.016927 0.011574
0 0.880339 0.509954 0.014323 0.012500
0 0.857682 0.506944 0.013281 0.014815
0 0.908333 0.503472 0.015104 0.010648
2 0.812500 0.511806 0.015104 0.010648
2 0.952344 0.467361 0.015104 0.010648
0 0.985677 0.462500 0.016146 0.012963
0 0.980469 0.498611 0.015625 0.011111
1 0.945703 0.500694 0.036719 0.018056
0 0.882161 0.659259 0.009635 0.025000
0 0.920964 0.662269 0.005469 0.020833
0 0.928776 0.661806 0.005469 0.020833
0 0.936068 0.657176 0.007552 0.026389
0 0.961328 0.714583 0.007552 0.026389
0 0.968490 0.715278 0.006771 0.023148
0 0.976693 0.710648 0.008073 0.024074
0 0.989062 0.766667 0.014583 0.014815
0 0.995443 0.811806 0.008594 0.028241
0 0.986719 0.820370 0.009896 0.028704
0 0.956510 0.823611 0.009896 0.028704
2 0.941927 0.839815 0.010937 0.049074
2 0.949740 0.840972 0.009375 0.042130
0 0.920182 0.939352 0.013281 0.013889
0 0.837630 0.395370 0.013281 0.010185
2 0.838802 0.510417 0.015104 0.010648
0 0.608854 0.168056 0.013542 0.018519
2 0.636979 0.137963 0.017188 0.028704
2 0.651172 0.127083 0.015365 0.026389
2 0.655078 0.114352 0.014844 0.027778
0 0.681380 0.084028 0.012240 0.027315
0 0.660547 0.106713 0.008594 0.025463
0 0.688151 0.075926 0.011198 0.026852
0 0.695182 0.072222 0.011198 0.026852
0 0.702734 0.092593 0.015885 0.019444
0 0.720052 0.065509 0.012500 0.023611
0 0.729557 0.007870 0.008594 0.014815
2 0.798047 0.006250 0.020052 0.011574
0 0.810286 0.058333 0.015885 0.012963
0 0.831510 0.050926 0.015104 0.012963
0 0.853776 0.045833 0.015885 0.011111
2 0.837630 0.075926 0.015885 0.011111
0 0.823307 0.107639 0.013802 0.022685
2 0.791536 0.062500 0.015885 0.011111
2 0.941276 0.144444 0.015885 0.011111
2 0.979818 0.014352 0.015885 0.011111
0 0.497656 0.107639 0.006250 0.027315
2 0.071094 0.472685 0.020313 0.014815
0 0.038151 0.492824 0.015365 0.013426
0 0.116146 0.496296 0.017188 0.013889
3 0.134635 0.503009 0.010937 0.006944
0 0.135937 0.470370 0.017188 0.013889
0 0.254427 0.551389 0.015104 0.013889
0 0.242057 0.495833 0.015365 0.013889
0 0.280859 0.500926 0.015365 0.012963
0 0.465885 0.556019 0.017188 0.012963
2 0.960677 0.987037 0.017188 0.017593
0 0.527344 0.446296 0.010937 0.011111
0 0.772526 0.464120 0.016927 0.011574
0 0.993880 0.013889 0.012240 0.013889
0 0.450130 0.016435 0.004948 0.031944
0 0.014714 0.458565 0.015885 0.011574
0 0.192708 0.509259 0.015104 0.013889
0 0.700521 0.450231 0.015625 0.011574
0 0.465234 0.004398 0.006510 0.007870
0 0.622526 0.754398 0.005469 0.030093
2 0.615365 0.803009 0.010417 0.025463
