0 0.988021 0.209259 0.021875 0.027778
2 0.698047 0.043287 0.017969 0.045833
0 0.670312 0.017130 0.018750 0.033333
0 0.663151 0.042130 0.015885 0.042593
0 0.675911 0.096296 0.015365 0.041667
0 0.686328 0.062037 0.015365 0.041667
0 0.713411 0.096991 0.015885 0.039352
0 0.699870 0.112731 0.015885 0.042130
0 0.692057 0.158102 0.015885 0.042130
0 0.712109 0.165278 0.014844 0.040741
0 0.730859 0.156481 0.014844 0.040741
0 0.745182 0.207176 0.016927 0.040278
0 0.727734 0.221065 0.016927 0.043981
0 0.703516 0.206713 0.015365 0.041204
2 0.680859 0.197917 0.014844 0.049537
2 0.978125 0.406713 0.031250 0.019907
0 0.910677 0.420370 0.025521 0.020370
0 0.912891 0.456250 0.024219 0.021759
0 0.845573 0.518981 0.021875 0.034259
2 0.851953 0.453472 0.041927 0.045833
0 0.643099 0.509491 0.022656 0.015278
0 0.626693 0.483565 0.022656 0.015278
0 0.583854 0.508333 0.023438 0.014815
0 0.515365 0.457870 0.023438 0.014815
1 0.540365 0.374537 0.053646 0.023148
0 0.451042 0.456250 0.023438 0.016204
0 0.400521 0.457176 0.023438 0.016204
0 0.358073 0.458102 0.023438 0.016204
0 0.329948 0.403241 0.021354 0.017593
0 0.323437 0.457639 0.022917 0.018056
0 0.320312 0.487963 0.023438 0.016667
0 0.239714 0.461343 0.023698 0.017130
1 0.282943 0.460185 0.042969 0.021296
0 0.203646 0.459259 0.025000 0.016667
2 0.194010 0.509954 0.027083 0.017130
2 0.167187 0.460417 0.030208 0.018056
0 0.027214 0.462500 0.020052 0.014815
0 0.006510 0.384028 0.012500 0.016204
0 0.037891 0.662731 0.011719 0.037500
0 0.050651 0.661806 0.011719 0.037500
0 0.063932 0.660880 0.011719 0.037500
0 0.086849 0.660417 0.010677 0.037500
0 0.098698 0.658565 0.009375 0.031944
0 0.116797 0.658102 0.010677 0.038426
2 0.151302 0.659028 0.011458 0.037500
0 0.373698 0.619213 0.011458 0.041204
0 0.394531 0.627778 0.023958 0.018519
0 0.390104 0.692824 0.017188 0.018981
0 0.389844 0.713194 0.017188 0.018981
0 0.389844 0.733565 0.017188 0.018981
0 0.391146 0.754630 0.015625 0.019444
0 0.417448 0.818519 0.021354 0.017593
0 0.482943 0.841435 0.022656 0.017130
0 0.531641 0.860648 0.022135 0.016667
0 0.483984 0.902546 0.024219 0.018981
0 0.483464 0.923843 0.023177 0.017130
0 0.532422 0.922917 0.023177 0.017130
0 0.532161 0.902546 0.024219 0.017130
0 0.531901 0.882176 0.024219 0.017130
0 0.559896 0.923380 0.022917 0.018056
0 0.559766 0.900694 0.023177 0.018056
0 0.559505 0.880324 0.023177 0.018056
0 0.559505 0.860880 0.023177 0.018056
0 0.559245 0.841435 0.023177 0.018056
0 0.611328 0.834491 0.023177 0.018056
0 0.614193 0.803935 0.009635 0.032870
0 0.610938 0.878009 0.024479 0.018056
0 0.611328 0.899769 0.023177 0.018056
0 0.612109 0.922917 0.023177 0.018056
0 0.413411 0.984028 0.023177 0.018056
0 0.343099 0.978704 0.016927 0.016667
0 0.353646 0.823611 0.010937 0.042593
0 0.802214 0.815278 0.012760 0.040741
0 0.821484 0.868519 0.012760 0.040741
0 0.876432 0.841435 0.025781 0.018981
0 0.890755 0.904167 0.014323 0.036111
3 0.816276 0.961343 0.007552 0.020833
3 0.916146 0.859028 0.008854 0.023611
0 0.967448 0.812731 0.014063 0.040278
0 0.813802 0.651157 0.014063 0.042130
3 0.574740 0.545602 0.011458 0.007870
2 0.372786 0.507870 0.025260 0.016667
