0 0.817187 0.029167 0.014583 0.041667
0 0.751563 0.158796 0.012500 0.044444
0 0.764844 0.176389 0.010937 0.033333
0 0.618359 0.104630 0.024740 0.028704
0 0.566927 0.122685 0.015625 0.040741
0 0.553906 0.109259 0.013542 0.031481
0 0.528255 0.088889 0.015885 0.038889
0 0.517839 0.078704 0.016406 0.037037
0 0.509245 0.122685 0.023177 0.025926
0 0.401302 0.096528 0.015625 0.037500
2 0.304557 0.693056 0.009115 0.044444
2 0.304036 0.751852 0.009115 0.044444
0 0.304167 0.818287 0.009896 0.040278
0 0.302734 0.909259 0.009635 0.042593
0 0.406510 0.761111 0.019271 0.016667
0 0.492578 0.780787 0.022135 0.015278
2 0.490104 0.801157 0.027083 0.018981
3 0.683724 0.574769 0.011719 0.007870
0 0.671224 0.587963 0.023698 0.015741
0 0.700130 0.587731 0.023698 0.014352
0 0.694271 0.629398 0.027083 0.018056
0 0.723177 0.630324 0.027083 0.018056
0 0.750130 0.630324 0.026302 0.017130
0 0.754557 0.656019 0.024740 0.016667
0 0.725130 0.656944 0.026302 0.018519
0 0.695703 0.654861 0.026302 0.016204
0 0.704948 0.681019 0.027604 0.019444
0 0.736068 0.680556 0.027865 0.017593
0 0.765234 0.678704 0.026823 0.018519
0 0.734115 0.702083 0.027604 0.018056
0 0.706120 0.705556 0.024219 0.016667
0 0.726302 0.741667 0.010937 0.046296
0 0.738151 0.740509 0.010677 0.044907
0 0.750911 0.739120 0.010677 0.045833
0 0.762630 0.741898 0.011198 0.047685
0 0.804427 0.684259 0.011979 0.047222
2 0.894141 0.747685 0.010677 0.046296
0 0.908203 0.726620 0.010677 0.040278
0 0.911068 0.643056 0.011719 0.042593
0 0.903646 0.571528 0.012500 0.043056
0 0.965234 0.646296 0.011719 0.042593
0 0.976953 0.647917 0.011198 0.040278
0 0.905339 0.463889 0.016927 0.013889
0 0.905599 0.492593 0.023698 0.017593
1 0.793880 0.516204 0.057031 0.025926
0 0.650651 0.382870 0.025781 0.018519
0 0.657943 0.490741 0.023698 0.015741
0 0.409766 0.382639 0.023177 0.017130
0 0.364714 0.460185 0.024740 0.015741
1 0.334635 0.334954 0.053646 0.024537
0 0.237240 0.454398 0.026562 0.018056
0 0.200260 0.376620 0.025000 0.017130
1 0.176042 0.509028 0.061458 0.023611
0 0.114453 0.468981 0.025260 0.017593
1 0.073047 0.388194 0.057031 0.027315
2 0.034896 0.334954 0.028646 0.027315
3 0.045312 0.475231 0.012500 0.009722
1 0.025260 0.501620 0.050000 0.025463
