0 0.894661 0.220370 0.013802 0.043519
0 0.853516 0.286574 0.016406 0.041667
0 0.899089 0.336574 0.014323 0.037963
0 0.914974 0.106019 0.016406 0.031481
0 0.667318 0.290509 0.025260 0.016204
0 0.664974 0.247222 0.016406 0.016667
0 0.664583 0.224537 0.015625 0.017593
0 0.666406 0.202315 0.014583 0.016667
2 0.668880 0.179398 0.019531 0.017130
0 0.560547 0.152546 0.008594 0.032870
0 0.549740 0.147454 0.009896 0.040278
0 0.537500 0.145602 0.009896 0.040278
0 0.513021 0.146065 0.009896 0.040278
0 0.500781 0.145602 0.009896 0.040278
0 0.488672 0.143287 0.009635 0.036574
0 0.497135 0.110880 0.022396 0.018981
0 0.498958 0.044676 0.018229 0.016204
0 0.493229 0.017824 0.009896 0.034722
0 0.505078 0.016898 0.010156 0.032870
0 0.517188 0.015972 0.009375 0.031019
0 0.528516 0.017824 0.009635 0.034722
0 0.541016 0.016898 0.009635 0.032870
0 0.564583 0.019213 0.009896 0.037500
2 0.552995 0.021528 0.008594 0.042130
2 0.525781 0.145139 0.009896 0.050463
0 0.033984 0.249769 0.011719 0.040278
0 0.062370 0.501157 0.017448 0.037500
0 0.657813 0.685880 0.009375 0.042130
0 0.695703 0.684722 0.010156 0.040741
2 0.089323 0.437269 0.014583 0.045833
0 0.173698 0.359028 0.022917 0.016204
3 0.189193 0.373380 0.010156 0.007870
0 0.174479 0.407639 0.023438 0.017130
0 0.213281 0.412500 0.023958 0.016667
0 0.222266 0.385648 0.025260 0.017593
0 0.207422 0.360648 0.023698 0.017593
0 0.239323 0.358796 0.021875 0.016667
0 0.255859 0.387963 0.023698 0.017593
0 0.250911 0.411806 0.024740 0.017130
0 0.283203 0.417130 0.024219 0.016667
2 0.184245 0.385648 0.024740 0.015741
2 0.285807 0.360648 0.025260 0.018519
0 0.285677 0.388426 0.021875 0.017593
0 0.320573 0.417824 0.024479 0.018056
0 0.330599 0.390278 0.025260 0.019444
0 0.369010 0.393750 0.023958 0.016204
1 0.379036 0.416898 0.053385 0.023611
0 0.510547 0.529398 0.023698 0.016204
0 0.589193 0.476157 0.023698 0.016204
0 0.710938 0.420833 0.025000 0.016667
2 0.767057 0.458102 0.025260 0.017130
0 0.777995 0.486806 0.024219 0.016204
0 0.806510 0.456019 0.022917 0.016667
0 0.815365 0.484259 0.025000 0.017593
3 0.825130 0.505787 0.009635 0.007870
0 0.945964 0.471065 0.022135 0.029167
0 0.977474 0.489583 0.019531 0.018056
1 0.993620 0.362731 0.012760 0.023611
