0 0.994010 0.214352 0.011979 0.040741
0 0.951432 0.286574 0.018490 0.042593
0 0.994661 0.337500 0.010677 0.044444
0 0.917708 0.371991 0.022396 0.033796
0 0.765104 0.287269 0.025521 0.018056
0 0.762891 0.243750 0.017448 0.018056
0 0.762760 0.220602 0.017708 0.017130
0 0.765365 0.197917 0.018750 0.016204
2 0.767578 0.174769 0.021615 0.017130
0 0.659375 0.148148 0.008854 0.031481
0 0.648438 0.143287 0.010417 0.041204
0 0.636719 0.141435 0.010417 0.041204
0 0.612370 0.141204 0.009115 0.040741
0 0.599609 0.140741 0.009115 0.041667
0 0.588151 0.139120 0.009115 0.037500
0 0.597917 0.040278 0.019271 0.017593
0 0.596094 0.106019 0.021354 0.018519
2 0.625391 0.140972 0.011198 0.051389
0 0.592839 0.014815 0.009115 0.028704
0 0.604688 0.013657 0.009375 0.026389
0 0.616667 0.013657 0.009375 0.026389
0 0.627865 0.014815 0.009896 0.028704
0 0.640365 0.014815 0.009896 0.028704
0 0.664714 0.016667 0.010677 0.032407
2 0.652474 0.018750 0.010156 0.036574
0 0.131250 0.246065 0.011458 0.041204
3 0.154167 0.261574 0.005208 0.018519
0 0.005729 0.609028 0.010937 0.035648
0 0.030339 0.650694 0.021094 0.039352
0 0.038542 0.668056 0.023438 0.037963
0 0.046484 0.686806 0.023177 0.031019
0 0.052604 0.705787 0.026562 0.033796
0 0.056641 0.728704 0.027344 0.031481
0 0.061849 0.750463 0.025781 0.027778
0 0.065234 0.773611 0.025781 0.023148
0 0.065625 0.797917 0.026042 0.018056
0 0.065495 0.821296 0.026823 0.019444
0 0.792188 0.682407 0.010937 0.040741
0 0.754557 0.674769 0.009115 0.025463
0 0.025260 0.422685 0.026562 0.017593
0 0.066276 0.426620 0.025260 0.018056
0 0.107422 0.413426 0.022135 0.028704
0 0.079557 0.454861 0.024740 0.017130
0 0.042057 0.450000 0.024740 0.016667
1 0.013802 0.448611 0.027083 0.023148
2 0.081250 0.480324 0.031250 0.017130
3 0.264062 0.369907 0.009375 0.008333
2 0.279948 0.381713 0.025521 0.016204
0 0.269401 0.355556 0.023177 0.016667
0 0.270703 0.403704 0.023177 0.016667
0 0.308984 0.408565 0.023698 0.017130
0 0.318229 0.382870 0.025000 0.017593
0 0.302734 0.357407 0.023177 0.017593
0 0.334896 0.355093 0.021875 0.016667
0 0.351302 0.384028 0.022917 0.017130
0 0.346094 0.408102 0.023438 0.017130
0 0.381250 0.384954 0.021354 0.017130
0 0.378646 0.413657 0.023958 0.018056
2 0.381120 0.356713 0.024740 0.019907
0 0.426302 0.386574 0.026042 0.017593
0 0.415885 0.413194 0.023958 0.017130
0 0.464714 0.390278 0.024740 0.015741
1 0.475911 0.412269 0.053906 0.021759
0 0.606250 0.526389 0.023438 0.016667
0 0.741536 0.416898 0.024740 0.017130
0 0.745833 0.475231 0.023958 0.016204
2 0.864583 0.455324 0.026042 0.016204
0 0.875260 0.482870 0.023438 0.016667
0 0.904297 0.452778 0.023177 0.015741
0 0.912760 0.482176 0.027083 0.017130
3 0.922917 0.502778 0.008854 0.008333
