3 0.468359 0.204398 0.011198 0.015278
3 0.412109 0.193981 0.008073 0.014815
3 0.233073 0.187963 0.013542 0.008333
0 0.059375 0.167824 0.013021 0.041204
0 0.029167 0.748611 0.010937 0.043519
0 0.014974 0.759028 0.013281 0.044907
3 0.191406 0.718056 0.010417 0.008333
0 0.247135 0.675926 0.009375 0.028704
0 0.335807 0.759259 0.010156 0.041667
0 0.349349 0.773148 0.010156 0.041667
0 0.361458 0.765509 0.009375 0.025463
0 0.371354 0.686343 0.009896 0.036574
0 0.348438 0.814583 0.009896 0.039352
0 0.751432 0.760417 0.020573 0.015278
0 0.817839 0.769444 0.024740 0.015741
0 0.848698 0.750000 0.026562 0.019444
0 0.857812 0.727546 0.021875 0.011574
3 0.926432 0.770833 0.010156 0.011111
0 0.997266 0.719676 0.005469 0.024537
0 0.673568 0.513426 0.009635 0.040741
0 0.743880 0.515741 0.010677 0.040741
0 0.775260 0.457176 0.013542 0.017130
2 0.855078 0.250231 0.027865 0.015278
2 0.719792 0.242361 0.024479 0.016204
0 0.702865 0.182176 0.021354 0.018056
0 0.444661 0.913657 0.014844 0.037500
0 0.528255 0.708796 0.012240 0.037963
0 0.535677 0.615509 0.009896 0.043981
0 0.520052 0.444213 0.009896 0.042130
1 0.536849 0.424306 0.013281 0.092130
3 0.523958 0.155093 0.004687 0.016667
0 0.480469 0.059491 0.007812 0.022685
0 0.495182 0.012269 0.009635 0.023611
0 0.550781 0.725231 0.017708 0.018056
3 0.345964 0.191898 0.012240 0.006944
