0 0.820833 0.331019 0.020833 0.016667
0 0.982552 0.377546 0.010417 0.035648
0 0.970833 0.379167 0.010937 0.035185
0 0.958333 0.379861 0.009896 0.039352
0 0.947917 0.384722 0.010417 0.036111
0 0.936589 0.386111 0.010156 0.036111
0 0.845964 0.391667 0.009115 0.035185
0 0.824479 0.387963 0.011458 0.040741
0 0.793490 0.392361 0.010417 0.040278
0 0.782813 0.392824 0.010417 0.040278
0 0.759896 0.391898 0.008854 0.038426
0 0.747917 0.390972 0.010417 0.040278
0 0.667708 0.367593 0.024479 0.017593
0 0.610547 0.327083 0.015885 0.015278
0 0.611979 0.347222 0.020313 0.015741
0 0.611198 0.366898 0.018750 0.015278
0 0.614583 0.387963 0.020833 0.015741
0 0.667969 0.389815 0.017708 0.014815
0 0.668099 0.431019 0.022135 0.017593
0 0.668099 0.409722 0.022135 0.017593
0 0.668229 0.453009 0.023438 0.017130
0 0.613932 0.409722 0.021094 0.015741
0 0.614453 0.432639 0.020052 0.015278
0 0.614714 0.452083 0.019010 0.014352
0 0.612760 0.517593 0.019792 0.016667
0 0.612891 0.540972 0.021615 0.015278
0 0.668229 0.537037 0.022917 0.016667
0 0.669531 0.558565 0.023958 0.016204
0 0.668099 0.579398 0.022135 0.016204
0 0.667318 0.599769 0.022135 0.016204
0 0.667318 0.621065 0.022135 0.016204
0 0.596094 0.583796 0.016667 0.014815
0 0.592839 0.646759 0.019010 0.014815
2 0.594792 0.624537 0.020833 0.016667
2 0.594661 0.687731 0.022135 0.018056
0 0.592839 0.730556 0.021615 0.015741
0 0.593099 0.772454 0.020052 0.016204
0 0.593880 0.791898 0.019531 0.015278
0 0.597396 0.835417 0.013542 0.015278
0 0.596745 0.854167 0.019010 0.017593
0 0.594661 0.875463 0.022656 0.016667
0 0.644792 0.705556 0.021875 0.016667
0 0.644922 0.831481 0.022656 0.016667
0 0.643880 0.855556 0.023177 0.017593
0 0.669922 0.808796 0.022135 0.014815
0 0.671745 0.829398 0.018490 0.017130
0 0.669922 0.851157 0.024219 0.018056
0 0.670052 0.789120 0.022396 0.018056
0 0.644792 0.810185 0.022917 0.016667
0 0.645964 0.789583 0.023698 0.017130
0 0.645312 0.769676 0.022396 0.015278
0 0.670182 0.746528 0.022656 0.015278
0 0.670964 0.724769 0.022656 0.016204
0 0.644010 0.747454 0.023438 0.016204
0 0.668880 0.704861 0.023177 0.017130
0 0.670573 0.681019 0.023438 0.017593
0 0.646484 0.683565 0.021094 0.016204
0 0.643229 0.727315 0.022396 0.015741
0 0.719271 0.887269 0.009896 0.042130
0 0.732161 0.886343 0.010677 0.043056
0 0.752083 0.835648 0.021875 0.016667
0 0.750651 0.812037 0.020573 0.016667
0 0.751302 0.790741 0.023438 0.018519
0 0.901823 0.828241 0.023438 0.017593
0 0.901432 0.847917 0.022656 0.015278
0 0.901432 0.869213 0.023177 0.017130
0 0.901563 0.889583 0.023438 0.018056
0 0.928906 0.888426 0.023438 0.015741
0 0.931250 0.867130 0.024479 0.016667
0 0.977474 0.816204 0.011198 0.042593
0 0.989974 0.819444 0.009635 0.038889
0 0.978906 0.971991 0.023438 0.018056
0 0.455599 0.303472 0.009115 0.042130
0 0.468490 0.385648 0.008333 0.037963
0 0.469141 0.530556 0.008594 0.041667
3 0.458073 0.817593 0.004167 0.020370
0 0.893359 0.057639 0.023177 0.017130
0 0.616797 0.494907 0.013802 0.014815
0 0.597266 0.958102 0.019010 0.016204
0 0.901432 0.910880 0.023698 0.018056
0 0.901172 0.930324 0.022135 0.018981
0 0.901302 0.951852 0.022917 0.018519
0 0.900781 0.972222 0.022917 0.015741
0 0.900781 0.991435 0.026042 0.017130
0 0.930208 0.912037 0.025521 0.018519
0 0.929818 0.936806 0.022135 0.016204
0 0.929297 0.957870 0.022135 0.016667
0 0.929818 0.978241 0.022135 0.016667
0 0.977865 0.888426 0.023958 0.016667
0 0.977865 0.909259 0.025000 0.017593
0 0.977083 0.930787 0.017708 0.015278
0 0.978385 0.951157 0.023958 0.018056
0 0.415495 0.961111 0.022656 0.022222
0 0.394271 0.990278 0.010417 0.019444
3 0.362760 0.925231 0.005208 0.013426
3 0.368229 0.927083 0.005208 0.013426
0 0.085677 0.619907 0.022917 0.024074
2 0.348958 0.628241 0.024479 0.016667
0 0.328646 0.535648 0.009896 0.039815
0 0.317448 0.535185 0.008854 0.037037
0 0.307292 0.535880 0.007812 0.031944
0 0.295703 0.540509 0.010156 0.040278
0 0.265495 0.602546 0.021615 0.016204
0 0.055859 0.384954 0.022135 0.016204
3 0.278125 0.339352 0.008854 0.008333
3 0.247786 0.338194 0.009115 0.006019
0 0.405339 0.387963 0.022135 0.015741
0 0.272786 0.127546 0.021094 0.018981
0 0.264062 0.088889 0.022917 0.027778
0 0.214193 0.074769 0.020573 0.027315
0 0.459505 0.009491 0.009115 0.018056
0 0.703516 0.477546 0.010156 0.042130
