1 0.071224 0.092824 0.013802 0.077315
1 0.095573 0.096528 0.013542 0.078241
1 0.118490 0.092361 0.014063 0.081944
1 0.169141 0.220602 0.010156 0.079167
0 0.129297 0.220833 0.008594 0.030556
0 0.118490 0.223148 0.008854 0.031481
0 0.109375 0.221759 0.009375 0.033333
0 0.099609 0.219444 0.007031 0.025000
0 0.089844 0.222222 0.009375 0.030556
0 0.079557 0.221528 0.008594 0.031944
0 0.068750 0.219213 0.008333 0.031019
0 0.058984 0.222685 0.010156 0.033333
0 0.049219 0.221759 0.007812 0.031481
0 0.022005 0.355556 0.009115 0.032407
1 0.051953 0.356944 0.010156 0.077778
1 0.065495 0.359722 0.015365 0.077778
1 0.086458 0.359028 0.009896 0.076389
1 0.099870 0.358102 0.014323 0.075463
1 0.121745 0.359722 0.010156 0.075000
1 0.135026 0.359259 0.014844 0.075926
0 0.149089 0.343519 0.008073 0.025000
0 0.157161 0.339352 0.008073 0.029630
0 0.176172 0.345602 0.019010 0.014352
0 0.223568 0.345139 0.018490 0.014352
0 0.261719 0.347917 0.017708 0.014352
0 0.285417 0.344907 0.017708 0.013889
0 0.307422 0.347917 0.017969 0.015278
0 0.333594 0.348611 0.017188 0.013889
0 0.357682 0.348148 0.018490 0.012037
0 0.381510 0.349537 0.017708 0.012037
0 0.402865 0.350694 0.018229 0.015278
0 0.425521 0.350926 0.015104 0.012037
2 0.469271 0.406019 0.005729 0.031481
0 0.215365 0.481944 0.012500 0.029630
1 0.231641 0.444213 0.009115 0.072685
1 0.242969 0.436111 0.009375 0.069444
1 0.254557 0.435417 0.009635 0.071759
1 0.266276 0.433102 0.010156 0.075463
0 0.241406 0.517824 0.014063 0.012500
0 0.255729 0.488426 0.017188 0.013889
0 0.248698 0.580093 0.013021 0.013889
0 0.279167 0.446759 0.005729 0.032407
1 0.288411 0.431481 0.009635 0.075000
1 0.300260 0.431481 0.010937 0.073148
1 0.312760 0.431019 0.010937 0.075000
0 0.324219 0.423843 0.007812 0.031944
1 0.334245 0.415278 0.009635 0.074074
1 0.345182 0.413889 0.010677 0.075926
1 0.357161 0.411574 0.010156 0.075000
0 0.369661 0.434028 0.008073 0.031944
1 0.390495 0.414120 0.010677 0.077315
1 0.401823 0.413194 0.009375 0.073611
1 0.414323 0.416898 0.010937 0.076389
1 0.425260 0.415972 0.008333 0.079167
0 0.507292 0.489815 0.007292 0.031481
0 0.529297 0.478472 0.008594 0.029167
0 0.541016 0.475000 0.008073 0.032407
0 0.540104 0.509722 0.006250 0.029630
1 0.575911 0.483333 0.009635 0.077778
1 0.610156 0.484028 0.010937 0.076389
0 0.621354 0.494676 0.006771 0.027315
1 0.632682 0.481019 0.010156 0.077778
0 0.655859 0.459722 0.008073 0.030556
0 0.655859 0.495602 0.007031 0.031944
0 0.665625 0.494444 0.007292 0.029630
1 0.680078 0.478472 0.010156 0.077315
0 0.703776 0.345370 0.015365 0.012963
1 0.802474 0.339815 0.045573 0.017593
0 0.742839 0.500926 0.017969 0.013889
0 0.762760 0.501389 0.017188 0.012037
0 0.751693 0.524769 0.020052 0.014352
0 0.779427 0.521065 0.019271 0.015278
2 0.840365 0.626852 0.008854 0.026852
0 0.830990 0.626157 0.008854 0.031019
2 0.821875 0.627315 0.008333 0.036111
0 0.811068 0.623148 0.009635 0.032407
2 0.797786 0.626157 0.009115 0.033796
0 0.786068 0.646296 0.007552 0.029630
0 0.775651 0.709954 0.017969 0.015278
1 0.750911 0.639352 0.009635 0.070370
1 0.739844 0.643750 0.010937 0.073611
1 0.728125 0.642361 0.010937 0.076389
1 0.717578 0.643750 0.010156 0.073611
1 0.704688 0.643056 0.010937 0.077778
1 0.693750 0.643981 0.011458 0.076852
1 0.681380 0.640741 0.010156 0.070370
0 0.658724 0.645833 0.008073 0.025926
0 0.647526 0.638657 0.006510 0.029167
0 0.636068 0.630324 0.007552 0.031944
0 0.625260 0.640278 0.007292 0.029630
0 0.613281 0.630093 0.007812 0.030556
0 0.507552 0.649074 0.006250 0.026852
1 0.486198 0.646065 0.008854 0.076389
0 0.475000 0.629167 0.006771 0.029630
1 0.462500 0.645602 0.010937 0.075463
1 0.439844 0.646296 0.011979 0.076852
0 0.428776 0.642593 0.007552 0.028704
1 0.394141 0.645139 0.011719 0.076389
0 0.383464 0.628009 0.008073 0.024537
1 0.371224 0.645602 0.010677 0.075463
1 0.360156 0.644213 0.010417 0.071759
1 0.337370 0.644676 0.011198 0.077315
0 0.316406 0.637500 0.007812 0.033333
0 0.304427 0.620833 0.007812 0.029630
1 0.293750 0.643519 0.014063 0.077778
1 0.279818 0.643981 0.009635 0.074074
1 0.269141 0.643056 0.010156 0.075000
1 0.257422 0.643750 0.008594 0.073611
1 0.246224 0.644444 0.010677 0.075000
1 0.235026 0.642824 0.010677 0.074537
2 0.213932 0.628472 0.008073 0.034722
1 0.203385 0.642361 0.013542 0.074537
1 0.189844 0.641667 0.010937 0.069444
1 0.178516 0.641667 0.010156 0.075000
1 0.167969 0.640278 0.010417 0.076852
1 0.124219 0.639120 0.014063 0.075463
1 0.102474 0.640046 0.015885 0.077315
1 0.080078 0.638889 0.014323 0.072222
1 0.066536 0.639120 0.010156 0.074537
1 0.047526 0.636806 0.015365 0.073611
1 0.032422 0.629167 0.011198 0.073148
0 0.757943 0.017130 0.016927 0.011111
0 0.763672 0.036806 0.015885 0.015278
0 0.788151 0.021065 0.018490 0.016204
0 0.797917 0.042361 0.016667 0.013426
0 0.825781 0.026389 0.019271 0.013889
0 0.824609 0.046528 0.016406 0.015278
0 0.851432 0.031250 0.020052 0.013426
0 0.871224 0.012269 0.019010 0.015278
0 0.876302 0.036111 0.018229 0.014815
0 0.858073 0.052546 0.019792 0.015278
1 0.907292 0.061574 0.043750 0.025000
2 0.945964 0.030556 0.020052 0.015741
0 0.283333 0.005093 0.017708 0.009259
0 0.587760 0.009491 0.017708 0.013426
0 0.692839 0.007639 0.016927 0.014352
0 0.730859 0.011806 0.019531 0.016204
0 0.902214 0.039583 0.017969 0.016204
0 0.938802 0.069213 0.016667 0.017130
0 0.929557 0.048148 0.020052 0.017593
0 0.949870 0.158333 0.019010 0.014815
0 0.726823 0.355093 0.017708 0.011111
1 0.175521 0.488889 0.023958 0.052778
1 0.130469 0.489120 0.026042 0.048611
1 0.080469 0.487731 0.023438 0.048611
0 0.198047 0.343981 0.020052 0.015741
