0 0.396094 0.010417 0.014583 0.013426
0 0.756901 0.013889 0.017969 0.012037
0 0.768099 0.036111 0.015365 0.015741
0 0.787240 0.015972 0.019792 0.015278
0 0.803646 0.038194 0.016667 0.015278
0 0.823698 0.021296 0.019792 0.014815
0 0.829297 0.044213 0.015885 0.014352
0 0.850130 0.028241 0.017448 0.012963
0 0.857031 0.048843 0.019792 0.015278
0 0.875391 0.029398 0.017969 0.016204
0 0.895443 0.013194 0.019531 0.015278
0 0.901563 0.036111 0.019271 0.011111
1 0.906641 0.056250 0.041406 0.026389
2 0.944010 0.026852 0.019271 0.021296
0 0.937760 0.066435 0.015625 0.018981
0 0.948568 0.153472 0.019010 0.018056
0 0.652734 0.015972 0.018490 0.013426
1 0.069922 0.096759 0.013281 0.080556
1 0.093099 0.096759 0.014323 0.075926
1 0.116016 0.096528 0.013802 0.081019
0 0.048438 0.222917 0.009375 0.031944
0 0.057422 0.225231 0.006510 0.031944
0 0.068490 0.225231 0.008854 0.031019
0 0.078906 0.224769 0.007292 0.027315
0 0.089063 0.224306 0.009375 0.031019
0 0.098828 0.225463 0.007031 0.025926
0 0.108203 0.225694 0.008594 0.031019
0 0.116406 0.225463 0.005729 0.027778
0 0.128516 0.223611 0.009115 0.026852
1 0.167318 0.224306 0.010156 0.078241
0 0.020313 0.359028 0.009375 0.031944
1 0.050781 0.363194 0.010937 0.076389
1 0.065625 0.362963 0.014063 0.076852
1 0.085156 0.363889 0.009375 0.080556
1 0.099609 0.362500 0.016406 0.077778
1 0.120833 0.364352 0.010937 0.076852
1 0.134635 0.362963 0.012500 0.077778
0 0.148047 0.344444 0.008594 0.022222
0 0.157292 0.340972 0.008333 0.029167
0 0.175130 0.347917 0.019010 0.015278
0 0.223438 0.346759 0.020313 0.012963
0 0.260677 0.348380 0.019792 0.014352
0 0.285547 0.346759 0.019010 0.014815
0 0.307161 0.347917 0.018490 0.012500
0 0.333203 0.349306 0.017969 0.015278
0 0.357422 0.350231 0.017969 0.013426
0 0.380990 0.350000 0.016667 0.011111
0 0.402214 0.350231 0.015365 0.013426
0 0.424870 0.351157 0.014323 0.011574
2 0.468359 0.404861 0.007031 0.030093
1 0.232292 0.448380 0.009896 0.074537
0 0.215495 0.484491 0.012760 0.031944
1 0.243359 0.439583 0.008073 0.070833
1 0.254948 0.437037 0.008854 0.072222
1 0.266667 0.434954 0.009896 0.075463
0 0.278776 0.449306 0.006510 0.030093
1 0.288151 0.436111 0.008073 0.076852
1 0.300391 0.434954 0.008594 0.076389
1 0.312240 0.434259 0.011458 0.076852
0 0.323568 0.425463 0.005990 0.031481
1 0.332943 0.416898 0.009115 0.072685
1 0.345313 0.414583 0.009375 0.072685
1 0.357292 0.415278 0.011979 0.075000
0 0.369141 0.432870 0.007552 0.029630
1 0.390495 0.414352 0.009115 0.077778
1 0.401432 0.413889 0.009115 0.077778
1 0.412500 0.415278 0.009375 0.080556
1 0.424870 0.414583 0.009635 0.076389
0 0.255599 0.490972 0.016927 0.014352
0 0.241146 0.520139 0.013542 0.011574
0 0.278125 0.584722 0.013021 0.012963
1 0.032422 0.636111 0.009115 0.075926
1 0.045964 0.642824 0.013802 0.074537
1 0.066276 0.643750 0.010677 0.074537
1 0.079557 0.643519 0.013802 0.073148
1 0.102734 0.644213 0.015885 0.074537
1 0.125130 0.643519 0.013802 0.071296
1 0.167448 0.642361 0.008854 0.076389
1 0.178516 0.643750 0.010156 0.076389
1 0.189844 0.644444 0.010937 0.075000
1 0.203516 0.643519 0.014844 0.075926
2 0.214974 0.631019 0.010156 0.036111
1 0.234766 0.644907 0.009635 0.073148
1 0.246484 0.645139 0.010156 0.073611
1 0.258203 0.645833 0.010156 0.077778
1 0.269531 0.643750 0.010937 0.076389
1 0.280469 0.643750 0.009375 0.079167
1 0.293880 0.643750 0.012240 0.077315
0 0.304167 0.622917 0.005208 0.029167
0 0.316016 0.637731 0.007552 0.032870
1 0.337370 0.647917 0.011719 0.077315
1 0.360807 0.646759 0.009635 0.075000
1 0.371484 0.646991 0.007552 0.075463
0 0.382943 0.629398 0.007031 0.027315
1 0.395443 0.646528 0.011719 0.079167
0 0.429297 0.643056 0.007031 0.030556
1 0.440365 0.645602 0.010417 0.080093
1 0.463021 0.646296 0.009896 0.075926
0 0.475391 0.629861 0.007031 0.031944
1 0.486328 0.648611 0.009635 0.076852
0 0.507552 0.646991 0.007812 0.031944
0 0.507422 0.488889 0.008594 0.030556
0 0.528906 0.477778 0.009375 0.027778
0 0.540625 0.475000 0.007812 0.036111
0 0.539583 0.509722 0.007812 0.030556
1 0.576953 0.481250 0.010156 0.081944
1 0.610417 0.481250 0.010937 0.079167
1 0.632812 0.477778 0.010937 0.077778
0 0.621615 0.492593 0.007292 0.028704
0 0.655859 0.459028 0.008594 0.030093
0 0.656120 0.493981 0.005469 0.034259
0 0.666406 0.491667 0.008333 0.031481
1 0.679036 0.478704 0.008594 0.077778
0 0.743359 0.498611 0.016927 0.012037
0 0.762500 0.497454 0.015625 0.013426
0 0.752344 0.521759 0.020313 0.013889
0 0.778906 0.515972 0.020313 0.012500
0 0.615104 0.629630 0.008333 0.031481
0 0.625911 0.639120 0.007031 0.028241
0 0.636589 0.629630 0.008073 0.030556
0 0.647917 0.636343 0.007292 0.033796
0 0.659635 0.645370 0.008333 0.031481
1 0.681901 0.639815 0.011198 0.072222
1 0.694531 0.640046 0.009375 0.077315
1 0.705078 0.640046 0.010156 0.077315
1 0.717578 0.640972 0.011719 0.076389
1 0.728516 0.641667 0.010156 0.077778
1 0.740234 0.639352 0.010156 0.078704
1 0.751432 0.637037 0.011198 0.072222
0 0.719661 0.706250 0.017969 0.013426
0 0.786068 0.643287 0.008594 0.030093
2 0.798177 0.621065 0.008333 0.031019
0 0.811458 0.621065 0.007812 0.030093
2 0.822005 0.623380 0.008073 0.032870
0 0.831510 0.621528 0.007292 0.031019
2 0.841406 0.621528 0.009375 0.031944
0 0.702344 0.341667 0.018750 0.019444
1 0.803516 0.335417 0.047656 0.020833
0 0.692318 0.003935 0.016927 0.006944
0 0.729557 0.008102 0.017448 0.015278
0 0.928255 0.043287 0.018490 0.016204
1 0.175000 0.492130 0.024479 0.050000
1 0.129427 0.492824 0.025521 0.048611
1 0.080729 0.491898 0.025000 0.050463
0 0.197526 0.347222 0.019531 0.012963
0 0.726432 0.351852 0.016927 0.011111
