1 0.067187 0.106944 0.013021 0.081481
1 0.091406 0.108796 0.014063 0.080556
1 0.113802 0.104861 0.013542 0.081019
0 0.045964 0.236806 0.008073 0.034722
0 0.055859 0.236111 0.009115 0.032407
0 0.066146 0.236806 0.006771 0.031944
0 0.076563 0.235880 0.008854 0.030093
0 0.087240 0.234491 0.007812 0.031019
0 0.096875 0.233333 0.008333 0.025926
0 0.105859 0.236111 0.007031 0.034259
0 0.115495 0.234491 0.007031 0.030093
0 0.126432 0.232870 0.007031 0.028704
1 0.164844 0.231944 0.010937 0.077778
0 0.019531 0.371065 0.009896 0.032870
1 0.049479 0.371991 0.010417 0.073611
1 0.063411 0.373148 0.014323 0.074074
1 0.083984 0.372222 0.010156 0.075000
1 0.098307 0.371759 0.013802 0.074074
1 0.118880 0.372222 0.009635 0.075926
1 0.132812 0.372222 0.012500 0.076852
0 0.146224 0.355093 0.008073 0.025000
0 0.155208 0.350231 0.007292 0.031019
0 0.174219 0.356250 0.020313 0.015278
0 0.221615 0.354167 0.018750 0.012963
0 0.259635 0.354167 0.020313 0.011111
0 0.284115 0.354398 0.019271 0.010648
0 0.305859 0.354861 0.019531 0.015278
0 0.331771 0.354630 0.016667 0.014815
0 0.355859 0.354167 0.019531 0.013889
0 0.380859 0.354630 0.016406 0.012963
0 0.400911 0.354630 0.016406 0.012037
0 0.423568 0.352778 0.014844 0.011111
1 0.230339 0.454398 0.010156 0.072685
1 0.242188 0.443519 0.010417 0.072222
1 0.253906 0.443056 0.010937 0.072222
1 0.265885 0.441435 0.012500 0.076389
0 0.277734 0.454861 0.008073 0.030093
1 0.287370 0.440278 0.009635 0.074074
1 0.299479 0.440046 0.010417 0.074537
1 0.310677 0.437731 0.011979 0.075463
0 0.323047 0.429398 0.009115 0.030093
1 0.332552 0.420139 0.010417 0.073611
1 0.344141 0.419444 0.010156 0.077778
1 0.356641 0.418981 0.011719 0.075926
0 0.368620 0.438194 0.007031 0.031019
1 0.389583 0.417130 0.009375 0.077778
1 0.401432 0.418287 0.010156 0.077315
1 0.412109 0.415972 0.010156 0.076389
1 0.424740 0.417130 0.009896 0.076852
0 0.255208 0.498148 0.016146 0.012963
0 0.214714 0.493287 0.013802 0.031944
0 0.335156 0.560417 0.011979 0.015278
1 0.033594 0.646065 0.011458 0.078241
1 0.046875 0.653009 0.014063 0.074537
1 0.066146 0.653704 0.009896 0.076852
1 0.080208 0.653704 0.014063 0.072222
1 0.102734 0.652778 0.013802 0.076852
1 0.125130 0.652546 0.013281 0.071759
1 0.167708 0.651620 0.010937 0.075463
1 0.179297 0.651389 0.010156 0.075000
1 0.190234 0.650694 0.010156 0.076389
1 0.203255 0.651620 0.012760 0.075463
2 0.214844 0.637269 0.009375 0.034722
1 0.235417 0.652778 0.008854 0.075000
1 0.246875 0.651389 0.009375 0.072222
1 0.258594 0.652083 0.010937 0.076389
1 0.269792 0.652315 0.009896 0.073148
1 0.280859 0.651389 0.010156 0.075000
1 0.294792 0.650926 0.014063 0.078704
0 0.305469 0.627083 0.006771 0.030093
0 0.316536 0.644213 0.007552 0.030093
1 0.337760 0.651620 0.011458 0.077315
1 0.361198 0.650231 0.011979 0.073611
1 0.372005 0.652546 0.011719 0.073611
0 0.385156 0.633333 0.006250 0.029630
1 0.395313 0.648380 0.013542 0.076389
0 0.429557 0.646759 0.008594 0.029630
1 0.441406 0.651389 0.010937 0.077778
1 0.463672 0.647917 0.011719 0.073611
0 0.475391 0.631481 0.007031 0.029630
1 0.486849 0.648611 0.010156 0.078704
0 0.509115 0.649074 0.007812 0.030556
0 0.507292 0.491435 0.008854 0.033796
0 0.500260 0.399074 0.006250 0.022222
0 0.529167 0.480093 0.008333 0.026852
0 0.540365 0.474306 0.007812 0.032870
0 0.539714 0.510417 0.008073 0.031019
0 0.544271 0.602546 0.011979 0.030093
0 0.615234 0.628472 0.008073 0.029167
0 0.626953 0.637500 0.007031 0.028704
0 0.636328 0.626852 0.009115 0.034259
0 0.648698 0.635185 0.007812 0.031481
0 0.660286 0.642824 0.008594 0.030093
1 0.575651 0.481944 0.010156 0.077778
1 0.610156 0.481250 0.010937 0.077315
0 0.621615 0.492593 0.006771 0.026852
1 0.632031 0.478472 0.010937 0.077315
0 0.655078 0.455556 0.008073 0.030556
0 0.655859 0.492824 0.008594 0.031019
0 0.665885 0.489120 0.008333 0.030093
1 0.679427 0.475463 0.010417 0.078704
0 0.702474 0.339583 0.016927 0.014352
0 0.724870 0.347454 0.016927 0.011574
0 0.743620 0.494444 0.016927 0.011111
0 0.761849 0.494444 0.016927 0.011111
2 0.752865 0.517824 0.019271 0.012500
0 0.779036 0.512037 0.016927 0.012963
1 0.682943 0.636574 0.012240 0.068519
1 0.695312 0.638889 0.012500 0.075000
1 0.706901 0.637963 0.010156 0.074074
1 0.717318 0.637037 0.010156 0.077778
1 0.728906 0.636574 0.010937 0.076852
1 0.741406 0.636111 0.012500 0.075000
1 0.752734 0.633333 0.010156 0.072222
0 0.787630 0.638194 0.007552 0.030093
2 0.798438 0.614583 0.008854 0.032870
0 0.811719 0.614815 0.008333 0.033333
2 0.823438 0.617361 0.008333 0.033796
0 0.832161 0.615741 0.007552 0.028704
2 0.842318 0.616204 0.008073 0.027778
0 0.714583 0.022917 0.017188 0.014352
0 0.742057 0.027315 0.017448 0.014815
0 0.765104 0.030556 0.015104 0.014815
0 0.763932 0.010648 0.017969 0.015741
0 0.789453 0.012500 0.019531 0.013889
0 0.801693 0.033102 0.019010 0.014352
0 0.819792 0.015509 0.020833 0.018056
0 0.826042 0.039583 0.016146 0.016204
0 0.846875 0.021296 0.018750 0.015741
0 0.854688 0.042824 0.019792 0.016204
0 0.872005 0.021991 0.017448 0.014352
0 0.897656 0.028009 0.018750 0.013426
0 0.924740 0.033333 0.019792 0.019444
2 0.940625 0.017824 0.018750 0.020833
1 0.904036 0.049074 0.043490 0.025000
0 0.946094 0.147454 0.018229 0.014352
1 0.800911 0.330556 0.045052 0.016667
2 0.021484 0.006250 0.021094 0.011574
0 0.706771 0.004167 0.016667 0.007407
0 0.738932 0.006944 0.019531 0.012963
0 0.934245 0.058333 0.016927 0.018519
0 0.905208 0.010185 0.020313 0.014815
0 0.880729 0.006481 0.018750 0.012037
2 0.468359 0.406713 0.006510 0.031944
1 0.174870 0.500694 0.025781 0.050463
1 0.129167 0.500926 0.024479 0.049074
1 0.078906 0.502083 0.024479 0.047685
0 0.195964 0.354630 0.018490 0.014815
