1 0.067578 0.106944 0.013281 0.079630
1 0.090755 0.108565 0.015365 0.081019
1 0.113281 0.105787 0.014063 0.082870
1 0.165104 0.233102 0.012500 0.080093
0 0.046354 0.237500 0.009375 0.031481
0 0.055078 0.235880 0.007031 0.030093
0 0.064974 0.235417 0.008073 0.030093
0 0.076172 0.235417 0.008594 0.031944
0 0.086719 0.234028 0.007812 0.031944
0 0.096094 0.234028 0.007812 0.023611
0 0.105078 0.235417 0.008594 0.034722
0 0.115365 0.236111 0.007812 0.033333
0 0.125781 0.233565 0.008333 0.030093
0 0.019141 0.371759 0.010156 0.034259
1 0.049349 0.373148 0.010156 0.075000
1 0.063672 0.373148 0.014323 0.077778
1 0.084375 0.372917 0.010937 0.079167
1 0.098698 0.372685 0.014063 0.076852
1 0.120182 0.373148 0.011719 0.078704
1 0.133594 0.372222 0.014063 0.077778
0 0.147005 0.353935 0.007552 0.024537
0 0.154818 0.350231 0.008073 0.031019
0 0.174219 0.355556 0.018750 0.016667
0 0.221094 0.355787 0.020313 0.015278
0 0.259766 0.355556 0.019531 0.016667
0 0.284115 0.356250 0.018750 0.015278
0 0.305599 0.355556 0.018490 0.012037
0 0.331641 0.354861 0.017969 0.015278
0 0.356120 0.355093 0.017448 0.012963
0 0.379688 0.354398 0.017188 0.012500
0 0.400521 0.353935 0.016667 0.013426
0 0.423438 0.352315 0.014063 0.011111
0 0.482031 0.346528 0.014063 0.026389
2 0.467578 0.407870 0.008073 0.032407
0 0.214453 0.491204 0.013802 0.030556
1 0.230729 0.454167 0.008854 0.072222
1 0.241406 0.444907 0.008854 0.075000
1 0.253516 0.445139 0.010156 0.076389
1 0.265495 0.440278 0.011719 0.075000
0 0.277995 0.455556 0.007552 0.029630
1 0.287240 0.439583 0.009896 0.073611
1 0.299609 0.440741 0.010156 0.075000
1 0.310937 0.437500 0.012500 0.075000
0 0.322266 0.430556 0.008594 0.033333
1 0.331250 0.422222 0.012500 0.075000
1 0.343359 0.419444 0.010156 0.077778
1 0.356250 0.419444 0.014063 0.077778
0 0.368750 0.438889 0.009375 0.033333
1 0.388932 0.419676 0.010156 0.075463
1 0.400521 0.418056 0.008854 0.075000
1 0.411719 0.419444 0.010937 0.077778
1 0.424089 0.419676 0.009635 0.081019
0 0.254818 0.498843 0.016927 0.014352
0 0.416276 0.524769 0.012240 0.017130
1 0.033203 0.649074 0.010156 0.073148
1 0.046875 0.655787 0.013021 0.076389
1 0.066406 0.655093 0.011458 0.075000
1 0.079948 0.653241 0.014063 0.074074
1 0.103516 0.654167 0.014844 0.075926
1 0.124609 0.656250 0.013281 0.073611
1 0.167578 0.652778 0.010156 0.072222
1 0.178906 0.652778 0.010937 0.075000
1 0.190234 0.652083 0.010156 0.073611
1 0.202214 0.652315 0.010677 0.075926
2 0.214062 0.640278 0.009375 0.036111
1 0.236458 0.653009 0.011458 0.074537
1 0.246484 0.650694 0.010156 0.073611
1 0.257812 0.651852 0.009375 0.074074
1 0.270703 0.650694 0.010156 0.076389
1 0.281641 0.652083 0.010156 0.073611
1 0.294531 0.651852 0.014063 0.077778
0 0.304427 0.628704 0.006771 0.030556
0 0.316927 0.645139 0.007292 0.033796
1 0.337891 0.652546 0.012240 0.075463
1 0.360938 0.650926 0.010417 0.075000
1 0.372526 0.651852 0.010156 0.074074
0 0.384635 0.634722 0.008333 0.028704
1 0.395573 0.649306 0.010937 0.074537
0 0.430078 0.645833 0.008073 0.027778
1 0.441146 0.650000 0.010417 0.077778
1 0.463021 0.648843 0.011458 0.074537
0 0.475781 0.631944 0.006771 0.030556
1 0.487240 0.648843 0.010417 0.078241
0 0.508984 0.647685 0.007031 0.032407
0 0.506120 0.490741 0.009115 0.031481
0 0.528906 0.479398 0.008854 0.030093
0 0.539844 0.473611 0.009375 0.033333
0 0.539453 0.509722 0.008594 0.033333
0 0.525781 0.581944 0.018750 0.022222
1 0.576562 0.481250 0.010937 0.076389
1 0.610286 0.481481 0.011719 0.077778
0 0.621094 0.489583 0.007812 0.029167
1 0.632682 0.478704 0.010677 0.077778
0 0.655208 0.456944 0.008854 0.031481
0 0.655599 0.492130 0.008594 0.033333
0 0.666016 0.488194 0.008594 0.034722
2 0.678646 0.475463 0.010417 0.075926
0 0.702083 0.340278 0.019271 0.013889
0 0.725391 0.348843 0.017448 0.011574
1 0.801172 0.329398 0.045052 0.018056
0 0.743620 0.494444 0.017969 0.013889
0 0.762240 0.493519 0.017708 0.012037
2 0.752474 0.517361 0.020052 0.015278
0 0.778516 0.511574 0.019010 0.012963
2 0.841797 0.618750 0.008073 0.027315
0 0.832031 0.616667 0.007292 0.028704
2 0.823438 0.616667 0.007812 0.036111
0 0.811198 0.614352 0.008333 0.034259
2 0.798568 0.616435 0.007552 0.033796
0 0.787240 0.637269 0.008854 0.029167
1 0.753125 0.632639 0.010937 0.073611
1 0.740885 0.636343 0.011458 0.072685
1 0.729297 0.636806 0.011719 0.079167
1 0.718359 0.637500 0.011719 0.077778
1 0.706641 0.636806 0.010156 0.077315
1 0.694531 0.638889 0.012500 0.077778
1 0.682813 0.636574 0.011458 0.068519
0 0.648958 0.636111 0.006771 0.034259
0 0.659766 0.643519 0.005990 0.030556
0 0.637370 0.628472 0.007031 0.033796
0 0.626953 0.638194 0.005990 0.031019
0 0.615234 0.627083 0.008594 0.029167
2 0.940755 0.016667 0.019531 0.022222
0 0.871615 0.023611 0.016667 0.016667
0 0.896875 0.027778 0.017188 0.019444
0 0.925000 0.034722 0.021875 0.016667
0 0.854427 0.041667 0.020313 0.013889
0 0.825391 0.038889 0.016406 0.019444
0 0.801042 0.032870 0.019271 0.012963
0 0.789062 0.011343 0.017188 0.013426
0 0.764453 0.010417 0.019531 0.015278
0 0.765234 0.029630 0.016927 0.013889
0 0.742448 0.027083 0.018229 0.016204
0 0.713932 0.022685 0.017448 0.016667
0 0.845964 0.019444 0.020052 0.013889
0 0.933984 0.054167 0.017969 0.019444
0 0.946484 0.147454 0.019010 0.016204
0 0.125521 0.003704 0.022917 0.006481
0 0.706641 0.005093 0.017448 0.009259
0 0.738021 0.006250 0.018750 0.011574
0 0.820443 0.016667 0.020573 0.016667
0 0.881250 0.004861 0.018229 0.008796
0 0.905208 0.010185 0.018750 0.014815
1 0.903516 0.050231 0.042969 0.028241
1 0.174089 0.502315 0.025781 0.050000
1 0.128646 0.503704 0.026042 0.048148
1 0.079818 0.503472 0.025260 0.047685
1 0.195833 0.356019 0.019792 0.015741
