0 0.384766 0.025000 0.017448 0.016667
0 0.411979 0.052315 0.016146 0.014815
0 0.414453 0.069444 0.017448 0.014815
0 0.413281 0.099306 0.017188 0.012500
0 0.415234 0.117361 0.019531 0.015278
0 0.416016 0.141667 0.019531 0.013889
0 0.413932 0.159259 0.016927 0.015741
0 0.450781 0.185648 0.007812 0.032407
0 0.476172 0.115046 0.017969 0.013426
0 0.474219 0.134259 0.018750 0.015741
0 0.475130 0.152315 0.017969 0.012963
0 0.473828 0.168981 0.017448 0.012037
0 0.476172 0.198611 0.017969 0.013889
0 0.489193 0.188657 0.012760 0.011574
0 0.492969 0.215278 0.018750 0.016667
0 0.521094 0.189583 0.012500 0.013426
0 0.504297 0.109028 0.007031 0.031944
0 0.515625 0.106250 0.007812 0.034722
0 0.511328 0.136111 0.021094 0.016667
0 0.526302 0.105556 0.009375 0.036111
0 0.540495 0.107639 0.009635 0.034722
0 0.551562 0.109722 0.009375 0.033333
0 0.562891 0.108333 0.008594 0.036111
0 0.575130 0.108565 0.008073 0.031944
0 0.598307 0.106019 0.007031 0.031481
0 0.620182 0.107176 0.009635 0.031019
0 0.632682 0.103009 0.012240 0.010648
0 0.634375 0.116667 0.014063 0.016667
0 0.658724 0.046065 0.006510 0.031019
0 0.681510 0.045370 0.008854 0.029630
0 0.692448 0.044676 0.008333 0.033796
0 0.686849 0.111806 0.018490 0.015278
0 0.687240 0.126389 0.018750 0.013889
0 0.516406 0.162500 0.009375 0.030556
0 0.528125 0.161111 0.010937 0.033333
0 0.540365 0.163426 0.008854 0.036111
0 0.552734 0.161806 0.008594 0.031944
0 0.563281 0.157639 0.009375 0.031944
0 0.573828 0.160417 0.008594 0.034722
0 0.584375 0.163194 0.007812 0.034722
0 0.596094 0.165278 0.009375 0.033333
0 0.609245 0.162269 0.007031 0.031944
2 0.623177 0.158333 0.007812 0.036111
0 0.627995 0.255093 0.009635 0.031481
0 0.640755 0.285648 0.007552 0.025926
1 0.653125 0.280556 0.012500 0.077778
1 0.686719 0.281944 0.012500 0.075000
1 0.700391 0.281250 0.011719 0.076389
1 0.722656 0.281944 0.012500 0.075000
1 0.734766 0.281944 0.011719 0.075000
1 0.746484 0.285417 0.011719 0.079167
1 0.758984 0.284722 0.011719 0.075000
1 0.771875 0.286111 0.010937 0.077778
0 0.804948 0.282176 0.008854 0.034722
1 0.842187 0.284722 0.014063 0.080556
1 0.854688 0.283333 0.010937 0.077778
1 0.876953 0.284722 0.014844 0.077778
1 0.891016 0.283796 0.010156 0.081481
1 0.913281 0.284028 0.015625 0.081944
1 0.927344 0.283333 0.012500 0.077778
0 0.937240 0.267361 0.008333 0.026389
0 0.944792 0.263426 0.006771 0.031481
0 0.963411 0.270139 0.018490 0.015278
1 0.961328 0.141667 0.017969 0.080556
0 0.833984 0.144907 0.007552 0.033333
0 0.843490 0.145602 0.008854 0.031019
0 0.853646 0.145139 0.007292 0.031944
0 0.865495 0.145139 0.008594 0.031019
0 0.875911 0.145139 0.007552 0.031019
0 0.886068 0.143519 0.007552 0.025000
0 0.895312 0.144213 0.006771 0.033796
0 0.905208 0.143519 0.007812 0.030556
0 0.917318 0.144213 0.007552 0.032870
2 0.984375 0.556250 0.007812 0.033796
1 0.975391 0.571528 0.011719 0.076389
1 0.963672 0.570139 0.010156 0.073611
1 0.951953 0.569444 0.010156 0.072222
1 0.937891 0.568750 0.014844 0.076389
1 0.891016 0.570833 0.014844 0.075000
1 0.799609 0.565972 0.013281 0.081944
1 0.812500 0.570139 0.010937 0.073611
1 0.833984 0.572222 0.013281 0.077778
1 0.846875 0.570833 0.009375 0.075000
1 0.868490 0.572917 0.014063 0.076389
0 0.115885 0.455093 0.011458 0.029630
0 0.110156 0.601389 0.016667 0.012037
0 0.109766 0.618287 0.013802 0.014352
0 0.136589 0.436343 0.012240 0.027315
0 0.184375 0.546991 0.009375 0.031019
1 0.196484 0.571528 0.014844 0.076389
1 0.229687 0.573843 0.010937 0.075463
1 0.241927 0.574074 0.010417 0.075926
1 0.252344 0.573611 0.010937 0.080556
1 0.263672 0.572917 0.011719 0.076389
1 0.275781 0.571528 0.010937 0.076389
1 0.286719 0.572917 0.010937 0.073611
1 0.299219 0.574306 0.010937 0.076389
1 0.331771 0.572917 0.009375 0.073611
1 0.342969 0.575694 0.010937 0.079167
1 0.353906 0.576389 0.010937 0.075000
1 0.365885 0.575463 0.009375 0.074074
1 0.376953 0.573611 0.010156 0.075000
1 0.388281 0.573611 0.010417 0.075926
1 0.400000 0.571528 0.009375 0.076389
1 0.412500 0.573611 0.012500 0.077778
1 0.433203 0.574306 0.010156 0.073611
1 0.445182 0.573843 0.010677 0.075463
2 0.458073 0.573380 0.007292 0.033796
1 0.468490 0.573843 0.010417 0.073611
1 0.479687 0.572917 0.009375 0.073611
1 0.502734 0.573611 0.011719 0.075000
1 0.514062 0.570833 0.010937 0.075000
1 0.548438 0.572222 0.010937 0.077778
1 0.582422 0.573611 0.011719 0.077778
1 0.595313 0.572917 0.010937 0.076389
1 0.616406 0.570139 0.010937 0.076389
1 0.628906 0.569444 0.010937 0.077778
1 0.650391 0.571528 0.011719 0.079167
1 0.662240 0.571528 0.011979 0.076389
0 0.067839 0.257407 0.008073 0.030556
0 0.040495 0.261574 0.008594 0.032407
0 0.023958 0.262500 0.009375 0.036111
0 0.023177 0.433796 0.010937 0.038889
0 0.007031 0.432176 0.009375 0.031944
0 0.021354 0.018056 0.019271 0.017593
0 0.042057 0.022685 0.020052 0.015741
0 0.062370 0.019676 0.020052 0.013426
0 0.082812 0.015046 0.019792 0.017130
0 0.103646 0.014815 0.020833 0.013889
0 0.122396 0.012963 0.019271 0.017593
0 0.141536 0.009259 0.018490 0.012037
0 0.183333 0.006713 0.016667 0.012500
0 0.448177 0.093750 0.007812 0.030093
2 0.459375 0.243750 0.006771 0.027315
2 0.469792 0.241435 0.007292 0.029167
0 0.479948 0.241435 0.008333 0.030093
0 0.488802 0.242593 0.008333 0.028704
2 0.496615 0.242593 0.007812 0.027778
0 0.505339 0.241667 0.007552 0.029630
0 0.515104 0.243750 0.008333 0.028241
0 0.524609 0.244213 0.008073 0.024537
0 0.533333 0.245602 0.007292 0.023611
0 0.541667 0.245139 0.008854 0.023611
0 0.550651 0.242361 0.009115 0.029167
0 0.560156 0.242824 0.007292 0.028241
0 0.584245 0.243750 0.008073 0.027315
0 0.600391 0.241898 0.007552 0.026389
0 0.592318 0.242593 0.008594 0.027778
0 0.656120 0.008796 0.008073 0.016667
0 0.645312 0.006250 0.008333 0.011574
0 0.680078 0.007870 0.009635 0.014815
1 0.858724 0.028472 0.013802 0.056019
1 0.882682 0.029167 0.014323 0.057407
1 0.905859 0.028472 0.014844 0.056019
0 0.986849 0.268056 0.018490 0.017593
0 0.986068 0.409491 0.012240 0.031019
1 0.946484 0.418056 0.024219 0.050926
1 0.898698 0.416667 0.026042 0.052778
1 0.847786 0.417593 0.024740 0.048148
1 0.736849 0.419907 0.020573 0.052778
1 0.720052 0.419213 0.023438 0.053241
1 0.704167 0.418750 0.019271 0.049537
1 0.687891 0.416667 0.020573 0.050000
1 0.672396 0.418056 0.019792 0.050000
1 0.654818 0.418981 0.022135 0.050000
1 0.511068 0.418981 0.023177 0.050926
1 0.478646 0.420370 0.024479 0.052778
1 0.447005 0.421296 0.022656 0.052778
1 0.383594 0.419213 0.022917 0.048611
1 0.334375 0.420370 0.022396 0.052778
1 0.319010 0.422685 0.024479 0.051852
1 0.191927 0.420370 0.025000 0.050000
1 0.175260 0.421528 0.025000 0.053241
0 0.992708 0.554630 0.006771 0.033333
