0 0.380990 0.030093 0.016667 0.014815
0 0.410156 0.055556 0.017188 0.013889
0 0.412500 0.072222 0.017188 0.016667
0 0.411849 0.102315 0.017969 0.012963
0 0.412891 0.118981 0.019010 0.012963
0 0.414062 0.143519 0.018750 0.013889
0 0.412500 0.163889 0.015625 0.013889
0 0.114974 0.464815 0.012760 0.030556
0 0.133724 0.443287 0.011198 0.030093
0 0.108724 0.610648 0.017969 0.010185
0 0.109896 0.627315 0.014583 0.012963
0 0.183724 0.554861 0.007552 0.031944
1 0.195443 0.576389 0.012240 0.075000
1 0.228646 0.580787 0.011458 0.075463
1 0.239844 0.579861 0.009375 0.076389
1 0.250000 0.581250 0.012500 0.079167
1 0.262240 0.581019 0.009896 0.074074
1 0.274609 0.579167 0.011719 0.072222
1 0.285547 0.579861 0.011719 0.079167
1 0.298047 0.578472 0.011719 0.076389
1 0.331120 0.578704 0.011719 0.075000
1 0.341797 0.580556 0.010156 0.075000
1 0.353255 0.582176 0.011719 0.076389
1 0.365104 0.580787 0.009896 0.075463
1 0.376042 0.579167 0.010417 0.075000
1 0.387500 0.579167 0.009375 0.080556
1 0.398828 0.577778 0.010156 0.080556
1 0.410026 0.578009 0.010677 0.076389
1 0.433724 0.579861 0.009115 0.077315
1 0.444922 0.578009 0.011198 0.071759
2 0.457682 0.578009 0.006510 0.033796
1 0.467448 0.578472 0.010417 0.075463
1 0.478906 0.576620 0.010937 0.072685
1 0.501823 0.576157 0.011979 0.072685
1 0.513411 0.574537 0.011198 0.074074
1 0.548307 0.577315 0.009635 0.075000
1 0.580990 0.576852 0.013021 0.075000
1 0.594141 0.577083 0.011719 0.079167
1 0.615755 0.574074 0.011719 0.076852
1 0.627734 0.572685 0.011198 0.081481
1 0.650260 0.573148 0.011979 0.077778
1 0.662630 0.571759 0.009635 0.076852
1 0.799349 0.562963 0.013802 0.075926
1 0.811719 0.571991 0.010937 0.076389
1 0.833333 0.572222 0.014063 0.077778
1 0.846354 0.571065 0.011458 0.073611
1 0.867708 0.572454 0.013542 0.078241
1 0.890885 0.569444 0.013021 0.075926
1 0.937500 0.568981 0.014063 0.077778
1 0.951432 0.568287 0.009115 0.075463
1 0.963281 0.568056 0.009375 0.072222
1 0.975391 0.566667 0.010156 0.080556
2 0.984375 0.555556 0.008333 0.034259
0 0.992448 0.552546 0.007292 0.028241
0 0.444661 0.133333 0.007552 0.024074
0 0.451562 0.175926 0.008854 0.023148
0 0.473438 0.120139 0.018750 0.018056
0 0.471094 0.138194 0.020313 0.015278
0 0.472656 0.156250 0.017188 0.015278
0 0.470703 0.172222 0.017969 0.013889
0 0.501563 0.109028 0.007812 0.034722
0 0.513281 0.109028 0.009375 0.034722
0 0.524219 0.111806 0.009375 0.037500
0 0.537891 0.111111 0.010156 0.041667
0 0.548047 0.111111 0.008594 0.038889
0 0.560156 0.109722 0.009375 0.033333
0 0.572656 0.109028 0.009375 0.034722
0 0.596094 0.109491 0.008333 0.031944
0 0.618229 0.109722 0.008854 0.033333
0 0.630469 0.105556 0.012500 0.013889
0 0.630859 0.119676 0.013281 0.014352
2 0.620443 0.159028 0.007552 0.037500
0 0.607422 0.160417 0.007031 0.031944
0 0.579948 0.196759 0.017708 0.021296
0 0.564453 0.220602 0.019531 0.018056
2 0.490755 0.220139 0.019531 0.017130
0 0.509375 0.136806 0.018750 0.015278
0 0.513672 0.166667 0.010156 0.036111
0 0.526563 0.166667 0.010937 0.036111
0 0.537760 0.166667 0.008333 0.034259
0 0.550130 0.165509 0.008073 0.033796
0 0.560026 0.163657 0.008073 0.033796
0 0.571745 0.162731 0.009635 0.031019
0 0.582422 0.165278 0.008594 0.033333
0 0.626563 0.258565 0.007812 0.032870
0 0.639323 0.287731 0.008333 0.027315
1 0.650260 0.281019 0.009896 0.081481
1 0.685286 0.284491 0.011719 0.081019
1 0.698047 0.282176 0.010156 0.075463
1 0.720573 0.281944 0.013021 0.075926
1 0.733984 0.283565 0.010156 0.080093
1 0.746094 0.287500 0.012500 0.077778
1 0.757422 0.286343 0.011198 0.076389
1 0.768490 0.285880 0.010417 0.075463
0 0.802995 0.283102 0.008073 0.035648
1 0.839974 0.284722 0.013281 0.077778
1 0.852474 0.283796 0.009635 0.078704
1 0.874609 0.285417 0.013281 0.081944
1 0.888672 0.282870 0.009115 0.076852
1 0.910807 0.283102 0.016406 0.080093
1 0.924609 0.284722 0.012240 0.080556
0 0.935547 0.264120 0.008073 0.026389
0 0.943880 0.261111 0.008073 0.030556
0 0.961458 0.267361 0.018229 0.014352
1 0.958984 0.141667 0.016406 0.083333
0 0.914583 0.141667 0.007292 0.030556
0 0.903906 0.144444 0.008333 0.030556
0 0.892839 0.144213 0.009115 0.032870
0 0.883984 0.141667 0.008594 0.027778
0 0.873177 0.144213 0.007812 0.033796
0 0.863281 0.144676 0.007812 0.030093
0 0.851302 0.143750 0.008333 0.031944
0 0.840625 0.145139 0.009375 0.034722
0 0.830729 0.145139 0.008854 0.034722
0 0.656250 0.045833 0.007812 0.030556
0 0.678776 0.045833 0.008073 0.028704
0 0.689193 0.043519 0.006510 0.029630
0 0.683984 0.111806 0.019531 0.012500
0 0.683984 0.126389 0.021094 0.016667
0 0.065885 0.265278 0.008854 0.029630
0 0.037891 0.272222 0.009635 0.030556
0 0.020573 0.274537 0.006771 0.029630
0 0.020313 0.442130 0.009896 0.034259
0 0.004687 0.443981 0.007292 0.028704
0 0.020052 0.027315 0.017188 0.013889
0 0.038151 0.030787 0.021094 0.015278
0 0.058984 0.028009 0.018490 0.016204
0 0.079557 0.024537 0.017969 0.015741
0 0.100260 0.022454 0.018750 0.014352
0 0.085677 0.003704 0.020313 0.006481
0 0.119792 0.019444 0.018750 0.013889
0 0.138932 0.017593 0.019531 0.015741
0 0.177604 0.011574 0.018750 0.016667
0 0.157812 0.013426 0.017188 0.012037
0 0.197917 0.007176 0.015625 0.013426
0 0.271354 0.006944 0.014063 0.012963
2 0.457682 0.246759 0.006510 0.025000
2 0.467187 0.245602 0.008854 0.028241
0 0.477344 0.245833 0.007812 0.026852
0 0.487240 0.244907 0.007812 0.027778
0 0.503776 0.246528 0.007552 0.027315
0 0.513672 0.246759 0.007552 0.026852
0 0.522005 0.246296 0.008594 0.023148
0 0.531641 0.247222 0.008073 0.025000
0 0.539974 0.246528 0.009115 0.023611
0 0.549089 0.244213 0.008073 0.026389
0 0.558854 0.244676 0.008854 0.027315
0 0.653646 0.010880 0.007812 0.018981
0 0.643490 0.008102 0.008333 0.015278
0 0.676823 0.007407 0.008333 0.013889
1 0.855859 0.028472 0.015885 0.056019
1 0.879167 0.028704 0.013542 0.056481
1 0.902865 0.028241 0.015625 0.055556
0 0.984635 0.264583 0.018750 0.016204
0 0.984115 0.405093 0.011979 0.031481
1 0.944792 0.415972 0.025521 0.053241
1 0.897656 0.416435 0.026042 0.051389
1 0.847396 0.417361 0.025000 0.050463
1 0.735417 0.419444 0.022396 0.051852
1 0.719401 0.421065 0.021615 0.052315
1 0.702865 0.418981 0.021354 0.050926
1 0.686849 0.418287 0.021094 0.046759
1 0.670443 0.419213 0.022656 0.047685
1 0.653125 0.418519 0.023958 0.050000
1 0.509505 0.421991 0.024219 0.051389
1 0.477214 0.423843 0.023698 0.050463
1 0.445312 0.424074 0.022917 0.050926
1 0.381641 0.424306 0.023698 0.051389
1 0.333333 0.425463 0.022396 0.051852
1 0.316927 0.426852 0.024479 0.053704
1 0.191146 0.428704 0.025000 0.053704
1 0.173828 0.429398 0.026302 0.053241
