0 0.101172 0.901389 0.010156 0.033333
0 0.100391 0.863194 0.010156 0.031944
0 0.130078 0.894213 0.010156 0.031019
0 0.110937 0.802778 0.012500 0.030556
0 0.129297 0.762269 0.008594 0.025463
2 0.108203 0.770139 0.010156 0.037500
2 0.114453 0.687963 0.010156 0.030556
0 0.138672 0.679630 0.009115 0.034259
0 0.177865 0.660185 0.010417 0.029630
0 0.146615 0.563426 0.009896 0.029630
2 0.117578 0.644676 0.010156 0.035648
0 0.125000 0.604167 0.009375 0.036111
0 0.126172 0.541667 0.008073 0.034259
0 0.135547 0.510417 0.011719 0.034722
0 0.133984 0.464583 0.008594 0.031944
0 0.135937 0.427778 0.009375 0.036111
0 0.144401 0.391204 0.010677 0.030556
2 0.143880 0.340509 0.010677 0.036574
0 0.169141 0.336806 0.011719 0.034722
0 0.149219 0.289815 0.010937 0.030556
0 0.154818 0.243519 0.009635 0.033333
0 0.159766 0.197917 0.010156 0.037500
0 0.164453 0.134722 0.008594 0.025000
0 0.174609 0.040278 0.008594 0.027778
2 0.180078 0.207639 0.016406 0.059722
0 0.218750 0.209722 0.009375 0.033333
0 0.287109 0.112037 0.019531 0.020370
0 0.317057 0.102083 0.017969 0.017130
0 0.314323 0.119907 0.016146 0.014815
0 0.309375 0.159491 0.015625 0.014352
0 0.417969 0.253935 0.017188 0.013426
2 0.363151 0.243056 0.019531 0.017593
0 0.363281 0.267130 0.017188 0.017593
0 0.326172 0.315278 0.017969 0.017593
0 0.323437 0.336806 0.018750 0.020833
0 0.322656 0.356944 0.017188 0.019444
0 0.319922 0.377778 0.019531 0.019444
0 0.314063 0.397222 0.018750 0.016667
0 0.313281 0.418056 0.017188 0.022222
0 0.310937 0.440972 0.015625 0.020833
0 0.309505 0.489352 0.010156 0.032407
0 0.318359 0.496296 0.010156 0.031481
0 0.329818 0.497685 0.009635 0.029630
0 0.309635 0.542130 0.013542 0.010185
0 0.326823 0.543287 0.014583 0.013426
0 0.261328 0.586111 0.008594 0.030556
0 0.271484 0.586574 0.008594 0.030556
0 0.286719 0.595833 0.009375 0.033333
0 0.297656 0.595139 0.010937 0.034722
0 0.309766 0.599074 0.009115 0.033333
0 0.320703 0.606713 0.008594 0.026389
0 0.356120 0.494213 0.010156 0.032870
0 0.327604 0.431019 0.010417 0.028704
0 0.358073 0.311343 0.018229 0.016204
0 0.385937 0.340972 0.010937 0.031944
0 0.351953 0.123611 0.009635 0.032407
0 0.437240 0.238426 0.014583 0.014815
1 0.576562 0.461111 0.042188 0.036111
0 0.346094 0.406944 0.017188 0.019444
0 0.348568 0.388889 0.019010 0.019444
0 0.350000 0.365278 0.018750 0.019444
0 0.354687 0.328472 0.018750 0.018056
0 0.089844 0.992361 0.009375 0.013426
0 0.092318 0.968056 0.010156 0.030556
0 0.097917 0.934722 0.009375 0.032407
2 0.091927 0.915278 0.010937 0.037037
0 0.187109 0.943750 0.007552 0.031944
0 0.175260 0.956250 0.009375 0.032870
0 0.189193 0.974537 0.007552 0.017593
0 0.203776 0.817824 0.012240 0.021759
0 0.195182 0.019444 0.010156 0.029630
2 0.086979 0.128241 0.022917 0.022222
0 0.241406 0.631713 0.009896 0.029167
0 0.338021 0.505324 0.009896 0.030093
2 0.377214 0.527315 0.016927 0.015741
0 0.379557 0.510185 0.017448 0.017593
0 0.381771 0.493519 0.015104 0.015741
2 0.367969 0.480093 0.012500 0.032407
0 0.343359 0.429398 0.017969 0.015278
0 0.352604 0.349769 0.017188 0.017130
0 0.397135 0.370139 0.015104 0.016204
0 0.395182 0.387500 0.016927 0.019444
0 0.394010 0.403704 0.014063 0.017593
0 0.392969 0.416667 0.013021 0.014815
0 0.390625 0.431944 0.016667 0.017593
0 0.387370 0.449537 0.016406 0.017593
0 0.385937 0.465278 0.016667 0.017593
2 0.383333 0.480556 0.016146 0.015741
0 0.330729 0.275694 0.015625 0.017130
0 0.335286 0.238426 0.018490 0.018519
0 0.336719 0.216435 0.009375 0.024537
0 0.344661 0.214815 0.008594 0.025000
0 0.280729 0.170833 0.018229 0.018519
0 0.284115 0.152315 0.021354 0.020370
0 0.361068 0.125000 0.010156 0.033333
0 0.405729 0.299769 0.015104 0.017130
0 0.403906 0.314120 0.016667 0.016204
0 0.402083 0.330093 0.015104 0.013889
1 0.436719 0.218287 0.044792 0.031944
1 0.445312 0.157870 0.043750 0.034259
1 0.448437 0.135880 0.043229 0.032870
1 0.452083 0.096991 0.043229 0.033796
1 0.455599 0.074537 0.043490 0.032407
1 0.459245 0.056019 0.044010 0.030556
1 0.463151 0.035880 0.044531 0.031944
1 0.466146 0.016667 0.043229 0.028704
1 0.530469 0.097917 0.032292 0.031019
1 0.527734 0.127083 0.034115 0.029167
1 0.523307 0.154861 0.032031 0.030093
1 0.519010 0.183796 0.031771 0.030556
1 0.516797 0.210417 0.031510 0.030093
1 0.513672 0.241898 0.032031 0.035648
1 0.482812 0.493056 0.032813 0.033333
1 0.477995 0.547917 0.034115 0.031019
1 0.470703 0.604398 0.033594 0.032870
1 0.456120 0.714120 0.033073 0.029167
1 0.447656 0.799074 0.033333 0.029630
1 0.443099 0.828241 0.030469 0.032407
1 0.512109 0.989583 0.044531 0.020833
1 0.515234 0.974769 0.043490 0.035648
1 0.516406 0.956713 0.043229 0.031944
1 0.519010 0.936806 0.042708 0.031019
1 0.520964 0.916435 0.044010 0.033796
1 0.524349 0.896759 0.044010 0.035185
1 0.531380 0.838657 0.043490 0.032870
1 0.533073 0.818056 0.045312 0.033333
1 0.535156 0.798148 0.043750 0.031481
1 0.537370 0.778935 0.044010 0.032870
1 0.539974 0.758565 0.044010 0.032870
1 0.541536 0.738426 0.044010 0.033333
1 0.544141 0.718750 0.042448 0.033796
1 0.546094 0.698843 0.044792 0.034722
1 0.552083 0.660417 0.044271 0.030093
1 0.552995 0.639120 0.045052 0.032870
2 0.557422 0.617593 0.017969 0.016667
1 0.557943 0.600000 0.044010 0.030556
1 0.560417 0.579630 0.044792 0.032407
1 0.564193 0.539120 0.044531 0.031019
1 0.566406 0.519676 0.044271 0.031944
1 0.581771 0.401620 0.044792 0.031944
1 0.585026 0.381019 0.045052 0.030556
1 0.587760 0.340972 0.044271 0.031944
1 0.591276 0.320602 0.045573 0.031019
1 0.595052 0.282870 0.044271 0.032407
1 0.598958 0.261111 0.043750 0.031481
1 0.623958 0.022917 0.043750 0.032870
1 0.627865 0.010185 0.048958 0.019444
2 0.376693 0.545370 0.014844 0.016667
