0 0.156250 0.046759 0.006771 0.031481
0 0.132292 0.082176 0.007812 0.029167
0 0.131250 0.125000 0.009375 0.033333
0 0.134375 0.199074 0.008854 0.027778
0 0.136719 0.291898 0.006771 0.023611
0 0.141146 0.355556 0.007812 0.031481
0 0.141406 0.402315 0.008854 0.031481
0 0.141667 0.448380 0.008854 0.030093
2 0.142969 0.500926 0.011458 0.034259
0 0.150000 0.547917 0.009375 0.031944
2 0.147266 0.588194 0.009635 0.031944
2 0.149219 0.623611 0.007812 0.033333
0 0.157031 0.666667 0.007812 0.030556
0 0.150781 0.697917 0.009375 0.031944
0 0.157812 0.763426 0.009375 0.031481
2 0.156250 0.805556 0.009375 0.033333
2 0.157031 0.848148 0.009375 0.030556
0 0.184635 0.905556 0.009896 0.033333
0 0.195182 0.556481 0.006510 0.024074
1 0.219922 0.694907 0.012240 0.065741
0 0.253776 0.217593 0.016927 0.018519
0 0.253906 0.261806 0.020313 0.018056
0 0.253906 0.279861 0.017188 0.018056
0 0.279167 0.197917 0.017188 0.015278
0 0.280078 0.216667 0.015885 0.012963
0 0.280339 0.256481 0.015365 0.010185
0 0.316016 0.205556 0.008594 0.033333
0 0.325391 0.203704 0.008073 0.031481
1 0.412500 0.052778 0.043750 0.019444
1 0.412891 0.072222 0.042969 0.025000
1 0.412891 0.093056 0.044531 0.019444
1 0.410547 0.113889 0.044531 0.013889
1 0.410938 0.134028 0.043750 0.023611
1 0.410807 0.176620 0.045573 0.016204
1 0.410547 0.197917 0.044531 0.023611
1 0.410938 0.261806 0.048438 0.020833
0 0.414062 0.280556 0.015625 0.016667
0 0.397396 0.305093 0.016667 0.018519
2 0.343490 0.316204 0.020833 0.015741
0 0.313672 0.299306 0.007031 0.023611
0 0.321484 0.297222 0.007031 0.027778
0 0.314453 0.320833 0.017969 0.019444
0 0.346484 0.340972 0.017969 0.015278
0 0.316406 0.359028 0.017188 0.018056
0 0.316016 0.400000 0.017969 0.016667
0 0.316406 0.422917 0.017188 0.018056
0 0.318359 0.442361 0.017969 0.018056
0 0.316797 0.462500 0.016406 0.022222
0 0.316536 0.484028 0.019010 0.015278
0 0.317578 0.504167 0.019531 0.019444
0 0.316406 0.527778 0.016667 0.012963
0 0.322266 0.577083 0.008594 0.031944
0 0.332552 0.579861 0.008854 0.031944
0 0.342969 0.576852 0.007812 0.031481
0 0.351953 0.581481 0.007031 0.030556
0 0.331771 0.514120 0.008854 0.031019
0 0.347917 0.504861 0.017708 0.013426
0 0.347656 0.481250 0.017188 0.015278
0 0.349349 0.461343 0.018490 0.017130
0 0.347396 0.441667 0.017708 0.013889
0 0.345833 0.421759 0.016667 0.012963
0 0.346354 0.404398 0.017708 0.013426
0 0.346484 0.383565 0.017969 0.015278
0 0.377995 0.403241 0.008594 0.033333
2 0.377734 0.544907 0.010156 0.035185
0 0.364844 0.603472 0.012500 0.029167
0 0.346484 0.621759 0.012760 0.015741
0 0.329948 0.627546 0.013542 0.013426
0 0.288672 0.691435 0.007031 0.031944
0 0.298047 0.686111 0.008594 0.030556
0 0.314453 0.687269 0.008594 0.031944
0 0.324349 0.684954 0.009115 0.032870
0 0.337630 0.683565 0.007552 0.033796
0 0.348958 0.684954 0.008854 0.030093
0 0.274740 0.741435 0.008333 0.029167
1 0.575391 0.235417 0.042969 0.018056
1 0.575000 0.256250 0.043750 0.018056
1 0.574609 0.297222 0.047656 0.019444
1 0.576172 0.319444 0.044531 0.019444
1 0.576562 0.357639 0.042188 0.018056
1 0.578125 0.381250 0.043750 0.020833
1 0.577734 0.440278 0.044531 0.016667
1 0.578125 0.502083 0.045312 0.018056
1 0.579297 0.521528 0.041406 0.020833
1 0.580078 0.562500 0.044531 0.016667
1 0.579297 0.582639 0.044531 0.018056
2 0.579688 0.602083 0.020313 0.015278
1 0.579297 0.622917 0.042969 0.020833
1 0.581250 0.644444 0.042188 0.016667
1 0.580469 0.685417 0.043750 0.020833
1 0.580469 0.704167 0.043750 0.019444
1 0.582031 0.726389 0.043750 0.019444
1 0.581641 0.746528 0.044531 0.018056
1 0.582422 0.766667 0.042969 0.022222
1 0.582812 0.786806 0.042188 0.015278
1 0.583203 0.806944 0.046094 0.019444
1 0.582682 0.828009 0.042448 0.017130
1 0.583203 0.886806 0.042969 0.020833
1 0.583594 0.909722 0.043750 0.019444
2 0.060937 0.317593 0.020833 0.029630
0 0.162760 0.226389 0.008854 0.034259
0 0.153255 0.274537 0.009115 0.037037
2 0.161198 0.928935 0.009896 0.034722
0 0.166536 0.984491 0.009635 0.031019
0 0.179427 0.991204 0.008333 0.016667
0 0.209766 0.947222 0.009115 0.034259
0 0.221615 0.951389 0.009375 0.034259
0 0.261068 0.937037 0.010677 0.022222
2 0.394922 0.603241 0.015885 0.012963
2 0.393359 0.587269 0.016406 0.014352
0 0.392969 0.568056 0.016667 0.013889
0 0.393880 0.551620 0.015885 0.013426
2 0.393229 0.537269 0.016146 0.013426
0 0.392188 0.426157 0.015625 0.013426
0 0.392578 0.441204 0.016406 0.012037
0 0.393229 0.458333 0.014063 0.013889
0 0.394010 0.473380 0.013021 0.012500
0 0.393490 0.487963 0.014583 0.012963
0 0.393750 0.505093 0.015104 0.014815
0 0.393229 0.521991 0.015625 0.013426
0 0.393359 0.551852 0.016406 0.013889
0 0.392188 0.382407 0.013021 0.012037
0 0.391406 0.367130 0.015625 0.012037
0 0.391927 0.354167 0.015625 0.012963
1 0.488021 0.107639 0.030729 0.038426
1 0.487630 0.137731 0.029948 0.037500
1 0.487760 0.167593 0.028125 0.036111
1 0.488281 0.194907 0.029167 0.040741
1 0.489193 0.223148 0.028906 0.037963
1 0.487891 0.253704 0.028385 0.041667
1 0.492188 0.511806 0.028646 0.045833
1 0.493750 0.569213 0.031771 0.043056
1 0.494010 0.623843 0.030208 0.043981
1 0.494792 0.737037 0.029687 0.042593
1 0.496615 0.824769 0.030208 0.041204
1 0.497135 0.852778 0.031250 0.038889
1 0.583203 0.989583 0.045052 0.020833
1 0.584115 0.970370 0.045312 0.022222
1 0.583724 0.950694 0.044010 0.021759
1 0.582812 0.930787 0.044271 0.019907
