0 0.163151 0.163657 0.007552 0.030093
0 0.197266 0.130556 0.008594 0.025000
0 0.143229 0.328935 0.009896 0.031019
0 0.139844 0.468056 0.007812 0.030556
0 0.140234 0.511806 0.008594 0.037500
0 0.141406 0.584722 0.007812 0.030556
0 0.140234 0.677083 0.007552 0.024537
0 0.142969 0.739583 0.009375 0.031944
0 0.142578 0.785417 0.008594 0.031944
0 0.141406 0.829861 0.009375 0.031944
2 0.141927 0.885417 0.010937 0.029167
0 0.159766 0.888889 0.010156 0.030556
0 0.156641 0.736111 0.008594 0.033333
0 0.166016 0.695833 0.010156 0.030556
0 0.164583 0.621991 0.008854 0.031019
0 0.155469 0.562500 0.007812 0.027778
0 0.175781 0.386111 0.007812 0.033333
0 0.189974 0.369444 0.007552 0.028704
2 0.211068 0.349769 0.007552 0.032870
0 0.199479 0.447454 0.007812 0.030093
0 0.189062 0.571528 0.009375 0.031944
0 0.188672 0.747222 0.008594 0.033333
0 0.201953 0.828472 0.007031 0.030093
1 0.345313 0.135417 0.043750 0.020833
1 0.271875 0.231250 0.046875 0.020833
1 0.273177 0.271759 0.045833 0.020370
1 0.270313 0.311111 0.046875 0.019444
0 0.344531 0.212269 0.017188 0.014352
0 0.343750 0.232407 0.016146 0.014815
0 0.344141 0.247917 0.017969 0.015278
0 0.342969 0.265972 0.014063 0.012500
0 0.343750 0.281944 0.017188 0.013889
0 0.343750 0.301389 0.017188 0.013889
0 0.343750 0.322222 0.017708 0.014815
0 0.342969 0.339583 0.018750 0.012500
0 0.343620 0.357639 0.018490 0.015278
0 0.258984 0.622222 0.017969 0.016667
0 0.258984 0.662500 0.019531 0.022222
0 0.258594 0.684028 0.020313 0.015278
0 0.284505 0.660185 0.015885 0.012037
0 0.285156 0.622222 0.017188 0.013889
0 0.283854 0.601620 0.017708 0.014352
0 0.321745 0.610417 0.008073 0.031944
0 0.330078 0.611806 0.007031 0.034722
0 0.316276 0.707176 0.008073 0.021759
0 0.323828 0.705787 0.007031 0.024537
0 0.318359 0.728472 0.019531 0.020833
2 0.345443 0.724769 0.019531 0.015278
0 0.346484 0.748611 0.017969 0.016667
0 0.318099 0.765509 0.017448 0.016204
0 0.316927 0.809028 0.015625 0.016204
0 0.316016 0.831250 0.016406 0.015278
0 0.317969 0.848611 0.017188 0.016667
0 0.314844 0.870833 0.020313 0.019444
0 0.314453 0.891667 0.019531 0.019444
0 0.315234 0.910417 0.019531 0.015278
0 0.329688 0.919444 0.009375 0.027778
0 0.345443 0.913426 0.017448 0.012963
0 0.346094 0.891667 0.017188 0.016667
0 0.347005 0.871759 0.019531 0.016667
0 0.346484 0.850463 0.017969 0.013889
0 0.345313 0.829861 0.018750 0.015278
0 0.346875 0.813889 0.020313 0.016667
0 0.347786 0.793287 0.020573 0.016204
0 0.377474 0.812731 0.009115 0.033796
0 0.399219 0.720139 0.014063 0.018056
0 0.416927 0.696065 0.013021 0.014352
1 0.414583 0.679398 0.045833 0.016204
1 0.415625 0.616667 0.043750 0.019444
1 0.416406 0.593750 0.046875 0.020833
1 0.416406 0.554167 0.045312 0.016667
1 0.415625 0.535417 0.046875 0.026389
1 0.419531 0.513889 0.043750 0.022222
1 0.420703 0.491667 0.044531 0.025000
1 0.419922 0.470833 0.044531 0.022222
0 0.419531 0.408333 0.020313 0.016667
1 0.420052 0.347222 0.044271 0.019444
1 0.422135 0.325000 0.044792 0.016667
1 0.420833 0.283333 0.042708 0.019444
1 0.421484 0.262500 0.042969 0.022222
1 0.421875 0.220833 0.043750 0.022222
1 0.421484 0.198611 0.044531 0.022222
0 0.411198 0.164352 0.018229 0.012963
0 0.414844 0.131944 0.007812 0.036111
0 0.413672 0.178472 0.014844 0.015278
1 0.467187 0.027778 0.040625 0.016667
1 0.471354 0.050694 0.042708 0.020833
0 0.498958 0.034954 0.008333 0.031019
1 0.535547 0.076389 0.010156 0.080556
1 0.583203 0.024306 0.042969 0.020833
1 0.583594 0.049306 0.043750 0.023611
0 0.573438 0.072222 0.017188 0.013889
2 0.575781 0.086806 0.021875 0.012500
1 0.581250 0.106250 0.042188 0.020833
1 0.582812 0.125694 0.042188 0.023611
1 0.582812 0.145833 0.042188 0.016667
1 0.583203 0.166667 0.042969 0.019444
1 0.581641 0.249306 0.042969 0.020833
1 0.580859 0.291667 0.042969 0.019444
1 0.581250 0.329861 0.042188 0.020833
1 0.581250 0.352083 0.043750 0.020833
1 0.580469 0.390972 0.042188 0.018056
1 0.576562 0.409722 0.045312 0.019444
1 0.576953 0.652083 0.044531 0.020833
1 0.576562 0.676389 0.046875 0.016667
1 0.575000 0.715278 0.045312 0.019444
1 0.575781 0.740278 0.043750 0.022222
1 0.576562 0.777083 0.042188 0.020833
1 0.577734 0.800000 0.041406 0.016667
1 0.575781 0.856944 0.043750 0.022222
1 0.573307 0.917361 0.044010 0.020833
2 0.062760 0.698148 0.017708 0.029630
0 0.149089 0.930556 0.009115 0.030556
0 0.143620 0.969907 0.008594 0.033333
0 0.203385 0.978704 0.009375 0.037037
0 0.180469 0.986806 0.009896 0.026389
0 0.318880 0.981019 0.008073 0.031481
0 0.328646 0.983333 0.009375 0.032407
0 0.338932 0.983333 0.008594 0.031481
0 0.348307 0.986111 0.008073 0.026852
2 0.374219 0.955093 0.009896 0.037963
2 0.388672 0.995139 0.015885 0.009722
0 0.389062 0.978704 0.015625 0.015741
0 0.314583 0.932407 0.016667 0.014815
2 0.390104 0.949074 0.014583 0.013889
0 0.390365 0.934259 0.016146 0.013889
0 0.391667 0.780324 0.016667 0.013426
0 0.392708 0.767361 0.016146 0.014352
0 0.392318 0.796296 0.013281 0.012037
0 0.391406 0.837500 0.014583 0.013889
0 0.390885 0.852546 0.015104 0.014352
0 0.391797 0.869907 0.014323 0.017593
0 0.391667 0.885185 0.013021 0.012963
0 0.391667 0.900463 0.014583 0.015741
0 0.391146 0.916435 0.016667 0.016204
0 0.414844 0.093056 0.008333 0.027778
0 0.414583 0.046065 0.006771 0.032870
1 0.467448 0.007407 0.043750 0.013889
0 0.492188 0.084028 0.016146 0.020833
1 0.496354 0.156019 0.029687 0.042593
1 0.494531 0.326157 0.028125 0.039352
1 0.493229 0.522917 0.029687 0.039352
1 0.493490 0.551620 0.029167 0.036574
1 0.492318 0.579861 0.027865 0.037500
1 0.492578 0.608565 0.029948 0.037500
1 0.492318 0.635880 0.029427 0.039352
1 0.491536 0.666898 0.028385 0.038426
1 0.488802 0.919213 0.030208 0.041204
1 0.488672 0.976852 0.030469 0.042593
1 0.573438 0.976620 0.044792 0.022685
1 0.573438 0.994444 0.045312 0.011111
1 0.573568 0.939583 0.044010 0.019907
1 0.583333 0.006713 0.044792 0.012500
