0 0.247135 0.046991 0.007292 0.029167
0 0.245312 0.138194 0.009375 0.034722
0 0.220703 0.171528 0.010156 0.029167
0 0.184766 0.293750 0.010156 0.029167
0 0.202734 0.427083 0.010156 0.037500
0 0.184766 0.595139 0.010156 0.031944
0 0.183594 0.735417 0.007812 0.029167
0 0.183984 0.779861 0.010156 0.034722
0 0.184635 0.852778 0.009375 0.028704
0 0.198828 0.696065 0.008594 0.022685
0 0.253516 0.278472 0.009635 0.031944
0 0.247786 0.410880 0.008073 0.032870
0 0.244271 0.595602 0.008333 0.032870
0 0.232422 0.675231 0.007552 0.034722
0 0.244531 0.739583 0.007812 0.025463
1 0.314583 0.501852 0.045312 0.018519
1 0.315625 0.541667 0.043750 0.019444
1 0.314844 0.585417 0.045312 0.020833
0 0.330208 0.873380 0.016667 0.015278
0 0.331250 0.893056 0.018750 0.016667
0 0.305078 0.890972 0.017969 0.020833
0 0.330859 0.930787 0.016406 0.013426
0 0.366927 0.881944 0.008333 0.030556
0 0.375781 0.884028 0.007812 0.034722
0 0.387500 0.608333 0.018750 0.013889
0 0.387109 0.628704 0.017969 0.015741
0 0.388021 0.591898 0.018750 0.014352
0 0.386979 0.570139 0.016667 0.017130
0 0.386849 0.553241 0.017969 0.014815
0 0.387500 0.537500 0.015625 0.019444
0 0.388151 0.520602 0.020573 0.011574
0 0.387370 0.502315 0.017448 0.012037
0 0.387500 0.481713 0.015625 0.015278
0 0.458984 0.038889 0.008594 0.030556
0 0.458203 0.079861 0.008594 0.034722
0 0.457813 0.121528 0.009375 0.031944
0 0.457813 0.168750 0.007812 0.034722
0 0.456901 0.207639 0.008073 0.032870
0 0.458203 0.245833 0.010156 0.030556
0 0.456250 0.313889 0.008854 0.035185
1 0.386719 0.408333 0.045312 0.019444
0 0.457292 0.400000 0.008333 0.033333
0 0.453646 0.431944 0.017708 0.011111
0 0.455469 0.447222 0.012500 0.013889
1 0.466536 0.469676 0.043490 0.016204
1 0.465234 0.490278 0.042969 0.016667
1 0.464714 0.535648 0.044010 0.023148
1 0.465495 0.553704 0.044010 0.018519
1 0.464453 0.595833 0.044531 0.019444
1 0.465625 0.616435 0.043750 0.021759
0 0.464193 0.677315 0.019010 0.013889
1 0.466406 0.742361 0.042188 0.020833
1 0.465234 0.761806 0.046094 0.020833
1 0.464844 0.783333 0.045312 0.019444
1 0.462500 0.804861 0.043750 0.020833
1 0.462500 0.825000 0.043750 0.022222
1 0.460807 0.865972 0.044010 0.020833
1 0.461719 0.886111 0.043750 0.016667
1 0.494141 0.026389 0.044531 0.022222
0 0.505859 0.067361 0.017969 0.015278
1 0.493359 0.085417 0.042969 0.018056
1 0.494141 0.105556 0.044531 0.019444
1 0.494922 0.128472 0.042969 0.018056
0 0.501172 0.149306 0.019531 0.012500
1 0.505078 0.167593 0.042969 0.019444
1 0.505859 0.188194 0.042969 0.015278
1 0.505469 0.207639 0.042188 0.020833
0 0.512891 0.229167 0.016406 0.013889
1 0.505859 0.248611 0.041406 0.019444
1 0.507422 0.269444 0.042969 0.013889
1 0.507812 0.288194 0.045312 0.018056
1 0.511719 0.311806 0.042188 0.015278
0 0.539714 0.292593 0.009115 0.029630
1 0.584635 0.049306 0.011979 0.079167
1 0.625781 0.019444 0.043750 0.022222
0 0.616276 0.041204 0.015365 0.012037
1 0.626953 0.059028 0.044531 0.018056
1 0.625781 0.081250 0.043750 0.020833
1 0.626953 0.123611 0.046094 0.022222
0 0.621354 0.163426 0.019271 0.014815
0 0.612370 0.185417 0.016406 0.012500
1 0.624219 0.203935 0.045312 0.017130
1 0.624219 0.222917 0.043750 0.015278
1 0.624609 0.243056 0.044531 0.016667
1 0.625781 0.261806 0.043750 0.018056
1 0.625391 0.284028 0.042969 0.018056
1 0.625781 0.304167 0.043750 0.019444
0 0.614844 0.328935 0.018750 0.014352
2 0.617188 0.346991 0.020313 0.013426
1 0.623698 0.366435 0.043229 0.017130
1 0.624219 0.385417 0.043750 0.020833
1 0.623828 0.406944 0.046094 0.016667
1 0.623828 0.428472 0.046094 0.018056
1 0.624219 0.508333 0.043750 0.022222
1 0.624219 0.550000 0.045312 0.019444
1 0.624609 0.589583 0.042969 0.020833
1 0.624219 0.611806 0.045312 0.018056
1 0.623828 0.651389 0.042969 0.022222
1 0.619401 0.671528 0.044010 0.018981
1 0.623437 0.913889 0.045312 0.022222
2 0.108724 0.966204 0.018490 0.029630
2 0.006380 0.532639 0.012240 0.012500
3 0.207943 0.924537 0.005990 0.013889
0 0.202734 0.958102 0.009115 0.034722
0 0.211589 0.968750 0.010677 0.031019
0 0.185547 0.942361 0.008594 0.025463
0 0.189583 0.995139 0.006771 0.008796
0 0.303646 0.953472 0.017188 0.014352
0 0.305339 0.932407 0.019531 0.014815
0 0.362760 0.974306 0.007292 0.025463
0 0.370833 0.975000 0.007292 0.025926
2 0.392318 0.992130 0.020052 0.015741
0 0.446875 0.987269 0.016667 0.015278
0 0.463672 0.965046 0.014323 0.013426
1 0.461068 0.947917 0.045052 0.021759
0 0.457031 0.363194 0.008333 0.025463
0 0.459245 0.011111 0.006510 0.021296
1 0.495833 0.008796 0.043750 0.016667
0 0.534115 0.345370 0.017708 0.024074
1 0.539844 0.415046 0.030729 0.039352
1 0.538411 0.586574 0.027865 0.039815
1 0.537500 0.782639 0.028646 0.042130
1 0.538281 0.812731 0.028125 0.039352
1 0.538281 0.842130 0.028646 0.037037
1 0.536589 0.870139 0.026823 0.038426
1 0.538021 0.898148 0.029687 0.044444
1 0.537630 0.927778 0.028385 0.041667
1 0.621354 0.991667 0.044271 0.016667
1 0.621875 0.972454 0.045833 0.022685
1 0.621745 0.934722 0.046094 0.021296
