0 0.224609 0.132639 0.010156 0.029167
0 0.248438 0.138889 0.009375 0.030556
0 0.249609 0.268750 0.010156 0.034722
0 0.214844 0.233333 0.007812 0.033333
0 0.209896 0.324769 0.009896 0.030093
0 0.248568 0.413889 0.008594 0.033333
0 0.237109 0.474306 0.008594 0.034722
0 0.244141 0.567361 0.010156 0.026389
0 0.177083 0.581250 0.009375 0.026389
0 0.198698 0.630556 0.008333 0.032407
0 0.198698 0.859954 0.007812 0.028241
0 0.173437 0.881250 0.009375 0.029167
1 0.303906 0.800694 0.043750 0.023611
1 0.305208 0.840046 0.045312 0.020833
1 0.304557 0.882407 0.045052 0.020370
1 0.376693 0.709722 0.044010 0.017593
0 0.375651 0.782176 0.016927 0.013426
0 0.377214 0.801157 0.015885 0.014352
0 0.376953 0.818056 0.019531 0.019444
0 0.375000 0.836806 0.012500 0.015278
0 0.376172 0.852778 0.019531 0.016667
0 0.376172 0.870833 0.017969 0.019444
0 0.374219 0.889583 0.018750 0.015278
0 0.376172 0.911806 0.019531 0.018056
1 0.453125 0.922222 0.042188 0.016667
1 0.453125 0.895833 0.045312 0.022222
1 0.453906 0.859722 0.043750 0.022222
1 0.453385 0.834954 0.044792 0.018981
1 0.454688 0.794676 0.043750 0.019907
1 0.454167 0.772917 0.044792 0.020833
0 0.444401 0.750694 0.014844 0.015278
0 0.442969 0.734028 0.020313 0.012500
0 0.446224 0.701157 0.008073 0.035648
0 0.448437 0.547222 0.009375 0.030556
0 0.447135 0.615741 0.009375 0.033333
0 0.448437 0.506250 0.009375 0.034722
0 0.450000 0.466667 0.009375 0.030556
0 0.449609 0.422222 0.008594 0.030556
0 0.449609 0.378935 0.008594 0.029167
0 0.450781 0.338194 0.007812 0.031944
0 0.451432 0.301852 0.008594 0.029630
0 0.451823 0.262963 0.006771 0.026852
0 0.522656 0.058333 0.018750 0.016667
0 0.542578 0.059722 0.017448 0.015741
0 0.524740 0.079398 0.016146 0.014352
0 0.530469 0.118750 0.017708 0.014352
2 0.482812 0.186343 0.018750 0.014352
1 0.609766 0.070139 0.033594 0.073611
0 0.618229 0.119213 0.019271 0.016204
1 0.574740 0.165972 0.014583 0.076389
1 0.619922 0.154167 0.042969 0.019444
0 0.609375 0.177778 0.017188 0.013889
1 0.618620 0.199306 0.042448 0.020833
1 0.617969 0.238889 0.043750 0.019444
0 0.616016 0.259954 0.016406 0.015278
1 0.618229 0.322685 0.042708 0.021296
1 0.618359 0.360417 0.042969 0.023611
0 0.608724 0.341435 0.015885 0.012500
1 0.617188 0.379861 0.045312 0.018056
1 0.617969 0.423611 0.043750 0.019444
0 0.612500 0.462500 0.018750 0.014815
1 0.615234 0.503472 0.046094 0.020833
0 0.602995 0.482870 0.016927 0.013889
1 0.615625 0.524306 0.043750 0.018056
1 0.615234 0.543750 0.044531 0.020833
1 0.616016 0.563889 0.042969 0.016667
1 0.614453 0.584028 0.044531 0.018056
1 0.615234 0.604861 0.042969 0.020833
0 0.605469 0.626389 0.018750 0.013889
2 0.607031 0.644444 0.020313 0.019444
1 0.614453 0.665278 0.042969 0.016667
1 0.613281 0.689583 0.043750 0.018056
1 0.612891 0.708333 0.044531 0.016667
1 0.611719 0.727083 0.043750 0.018056
1 0.612500 0.806944 0.042188 0.022222
1 0.611849 0.849074 0.045052 0.024074
1 0.611719 0.887500 0.042188 0.022222
1 0.612500 0.910417 0.043750 0.018056
1 0.487500 0.261806 0.045312 0.018056
1 0.488672 0.283333 0.046094 0.022222
1 0.487891 0.302778 0.044531 0.016667
1 0.487109 0.323611 0.042969 0.025000
0 0.498047 0.364120 0.018490 0.013426
1 0.486328 0.384028 0.044531 0.015278
1 0.486719 0.402778 0.045312 0.016667
1 0.486719 0.425694 0.042188 0.018056
0 0.492318 0.444907 0.017969 0.013889
1 0.496094 0.465278 0.042188 0.013889
1 0.497266 0.485417 0.041406 0.012500
1 0.497396 0.506944 0.043229 0.014815
0 0.504687 0.527083 0.018750 0.012500
1 0.496094 0.545833 0.042188 0.019444
1 0.498437 0.568056 0.042188 0.013889
1 0.497656 0.586111 0.042188 0.016667
1 0.502734 0.607639 0.041406 0.018056
0 0.529687 0.590278 0.009375 0.028704
0 0.523047 0.641435 0.017969 0.021759
0 0.247005 0.013194 0.008073 0.025463
0 0.451172 0.978935 0.020573 0.015278
0 0.446224 0.662963 0.008073 0.028704
1 0.528646 0.713657 0.028646 0.041204
1 0.526563 0.881481 0.027604 0.038889
1 0.606380 0.968981 0.043490 0.022222
1 0.611328 0.948148 0.044010 0.024074
