0 0.263151 0.064352 0.011198 0.030556
0 0.272005 0.101852 0.010677 0.029630
0 0.267318 0.176157 0.008594 0.031944
0 0.261198 0.288657 0.007812 0.031944
0 0.256510 0.363889 0.008333 0.034259
0 0.251172 0.481250 0.008594 0.029167
0 0.238411 0.508796 0.008073 0.033333
0 0.255078 0.605787 0.009115 0.030093
2 0.213151 0.909954 0.007552 0.031019
0 0.541536 0.246065 0.006510 0.031019
0 0.530469 0.272917 0.007812 0.034722
0 0.530990 0.308796 0.007812 0.033333
2 0.543359 0.292593 0.006510 0.034259
1 0.601953 0.135880 0.017969 0.018056
0 0.600000 0.152083 0.017188 0.012500
1 0.600781 0.170370 0.018750 0.014815
0 0.600000 0.188889 0.018750 0.022222
1 0.599479 0.212963 0.020313 0.013889
0 0.611458 0.232639 0.016146 0.015278
1 0.608203 0.294907 0.039844 0.018519
1 0.608724 0.315278 0.042969 0.019444
1 0.610938 0.336111 0.042188 0.019444
1 0.608984 0.356250 0.041406 0.015278
1 0.609766 0.375694 0.042969 0.015278
1 0.608724 0.397917 0.041927 0.018981
1 0.607812 0.418056 0.039062 0.019444
1 0.517969 0.421296 0.043229 0.018519
0 0.525781 0.443287 0.018750 0.014352
0 0.507161 0.461111 0.016927 0.016667
0 0.526693 0.461574 0.017448 0.014815
1 0.518359 0.500694 0.042969 0.020833
0 0.525391 0.521759 0.016927 0.012037
1 0.519531 0.542361 0.045312 0.023611
1 0.518099 0.603704 0.044531 0.018519
0 0.513672 0.663889 0.017969 0.016667
0 0.534115 0.665046 0.018750 0.015278
0 0.517188 0.683796 0.017188 0.014815
0 0.522266 0.723611 0.018490 0.014815
2 0.475000 0.790278 0.018750 0.016667
1 0.478906 0.867361 0.045312 0.020833
1 0.479687 0.890278 0.043750 0.019444
1 0.478516 0.909028 0.044531 0.018056
1 0.479297 0.930093 0.044010 0.018519
1 0.563932 0.807870 0.019010 0.075000
1 0.608984 0.927778 0.044531 0.025000
0 0.608203 0.865972 0.016406 0.015278
1 0.610156 0.845833 0.045312 0.019444
1 0.609245 0.805093 0.041927 0.019444
0 0.600781 0.784028 0.016146 0.013426
1 0.610938 0.761806 0.045312 0.018056
0 0.611198 0.722917 0.015625 0.013426
0 0.601562 0.535880 0.017188 0.013426
1 0.566927 0.505324 0.013021 0.076389
0 0.606771 0.516435 0.016146 0.014352
0 0.603125 0.496759 0.019271 0.012963
0 0.607682 0.477315 0.017969 0.015741
0 0.610938 0.459028 0.017188 0.015278
0 0.443359 0.375231 0.008073 0.033796
0 0.443880 0.866667 0.006510 0.027778
0 0.443359 0.907870 0.008594 0.031481
1 0.439974 0.203472 0.011719 0.079167
0 0.278516 0.007870 0.009115 0.014815
0 0.205339 0.983102 0.009635 0.033796
0 0.442708 0.985185 0.007292 0.028704
0 0.442839 0.943056 0.007031 0.029630
0 0.489974 0.965741 0.017969 0.013889
1 0.479818 0.987963 0.043490 0.023148
0 0.448958 0.334722 0.007292 0.031481
1 0.557422 0.120602 0.015885 0.066204
0 0.599479 0.943519 0.016146 0.012963
1 0.608594 0.966667 0.043750 0.024074
1 0.607292 0.985185 0.042708 0.021296
0 0.817578 0.077546 0.014323 0.020833
0 0.186198 0.257176 0.015104 0.015278
