0 0.288281 0.053472 0.009375 0.029167
0 0.274219 0.075463 0.009896 0.031481
0 0.270443 0.124769 0.009115 0.032870
0 0.284375 0.103472 0.009375 0.031944
0 0.280469 0.145139 0.009896 0.031019
0 0.291016 0.163194 0.010156 0.029167
0 0.279297 0.195602 0.008594 0.031944
0 0.275130 0.248380 0.009115 0.035648
0 0.273307 0.305093 0.009115 0.034259
0 0.252083 0.516204 0.007812 0.025000
0 0.275260 0.505787 0.007812 0.029167
0 0.258203 0.633102 0.009635 0.031944
0 0.259245 0.791898 0.009635 0.033796
0 0.244010 0.780787 0.009375 0.031019
1 0.533203 0.182407 0.041406 0.024074
1 0.452344 0.266667 0.010937 0.072222
1 0.586849 0.346296 0.011198 0.076852
2 0.613411 0.197454 0.015885 0.017130
0 0.612500 0.215972 0.017188 0.015278
2 0.613151 0.231713 0.019531 0.012500
0 0.611589 0.250694 0.017969 0.013426
2 0.611719 0.274537 0.018750 0.012037
0 0.623958 0.296759 0.016146 0.013889
1 0.619922 0.358333 0.039844 0.019444
1 0.622656 0.377778 0.043750 0.016667
1 0.621875 0.399306 0.042188 0.018056
1 0.621875 0.420139 0.042188 0.018056
1 0.621094 0.440278 0.045312 0.019444
1 0.622526 0.461806 0.043490 0.018056
1 0.620833 0.481713 0.040104 0.016204
0 0.623437 0.520139 0.017188 0.015278
0 0.619531 0.540509 0.019271 0.015278
0 0.614714 0.560417 0.017969 0.011574
0 0.619661 0.579398 0.016927 0.014352
0 0.614062 0.599769 0.016667 0.015278
1 0.529427 0.485880 0.041667 0.019907
0 0.537630 0.507639 0.018490 0.014352
0 0.518880 0.526157 0.016927 0.016204
0 0.539062 0.525000 0.017188 0.012037
1 0.529687 0.566667 0.045312 0.019444
0 0.537760 0.586343 0.015625 0.011574
1 0.532292 0.608333 0.043750 0.021296
1 0.530859 0.668056 0.044531 0.016667
0 0.527083 0.727778 0.019271 0.016667
0 0.546745 0.728935 0.018490 0.014352
0 0.528906 0.747222 0.015104 0.012037
0 0.534896 0.786343 0.017188 0.013426
0 0.488672 0.854167 0.021094 0.019444
1 0.623047 0.825231 0.044531 0.021759
0 0.613411 0.845370 0.016406 0.012037
1 0.622526 0.866204 0.042969 0.019444
1 0.622526 0.906019 0.042969 0.019444
0 0.620443 0.925926 0.014844 0.014815
0 0.832943 0.136806 0.016406 0.023611
0 0.623437 0.787269 0.015104 0.014352
0 0.250521 0.933796 0.008333 0.034259
0 0.194792 0.323611 0.017708 0.016667
1 0.301693 0.039815 0.016927 0.069444
0 0.280729 0.015972 0.010417 0.024537
2 0.290885 0.014815 0.013021 0.028704
0 0.925260 0.015972 0.009375 0.029167
1 0.620703 0.984722 0.044531 0.021296
1 0.492578 0.928472 0.044010 0.021759
0 0.457422 0.928704 0.006510 0.025926
0 0.457031 0.968750 0.007292 0.031019
1 0.492448 0.970139 0.042708 0.018981
1 0.492839 0.950463 0.044531 0.022222
1 0.491406 0.989352 0.042708 0.020370
0 0.455599 0.439583 0.007552 0.030093
0 0.460286 0.399306 0.005990 0.031944
0 0.542448 0.369907 0.006771 0.030556
2 0.555469 0.354861 0.007812 0.032870
0 0.542188 0.336574 0.006250 0.030556
0 0.552865 0.309028 0.007292 0.033796
