0 0.282031 0.019213 0.010417 0.031944
0 0.279687 0.069444 0.009375 0.033333
0 0.276823 0.122222 0.010417 0.034259
0 0.273828 0.178009 0.009115 0.031019
0 0.258594 0.263657 0.007812 0.021759
0 0.282682 0.247685 0.008594 0.027778
0 0.264974 0.377546 0.007552 0.030093
0 0.248177 0.496528 0.008854 0.030093
0 0.261198 0.499769 0.008854 0.031019
0 0.248177 0.659491 0.008854 0.032870
0 0.257682 0.884259 0.009115 0.028704
1 0.452344 0.140278 0.010937 0.083333
1 0.518099 0.073611 0.036719 0.055556
1 0.586719 0.184028 0.009896 0.077315
2 0.613802 0.069676 0.017188 0.018056
0 0.612891 0.087500 0.016406 0.019444
2 0.612760 0.104398 0.018229 0.012500
0 0.610807 0.123843 0.020052 0.014352
2 0.611589 0.148380 0.019531 0.013426
0 0.623568 0.168519 0.016927 0.012963
1 0.619531 0.229861 0.040625 0.015278
1 0.621484 0.251389 0.042969 0.016667
1 0.623047 0.272222 0.041406 0.019444
1 0.622266 0.291667 0.041406 0.022222
1 0.621875 0.313194 0.042188 0.018056
1 0.622266 0.331944 0.044531 0.019444
1 0.620703 0.354167 0.041406 0.016667
0 0.623047 0.395139 0.016406 0.018056
0 0.619141 0.411111 0.016406 0.016667
0 0.614974 0.434028 0.016927 0.014352
0 0.619531 0.452778 0.017188 0.013889
0 0.614193 0.472222 0.016406 0.013889
1 0.529687 0.358333 0.043750 0.019444
0 0.542188 0.209028 0.007812 0.029167
0 0.552474 0.180556 0.007031 0.030556
2 0.555469 0.227315 0.007812 0.032407
0 0.542057 0.242593 0.007552 0.029630
0 0.537760 0.381250 0.017708 0.012500
0 0.519141 0.398148 0.017448 0.012963
0 0.539453 0.397685 0.017969 0.013889
1 0.530859 0.439583 0.039844 0.015278
0 0.538932 0.459491 0.013802 0.011574
1 0.532161 0.480324 0.042969 0.018981
1 0.531380 0.539815 0.041927 0.017593
0 0.526823 0.600231 0.018229 0.015278
0 0.546875 0.603472 0.017708 0.013426
0 0.529427 0.620370 0.016667 0.012037
0 0.535547 0.660185 0.017969 0.013889
0 0.457682 0.802546 0.007552 0.021759
0 0.457813 0.843056 0.006250 0.030556
0 0.457031 0.881481 0.005208 0.028704
0 0.456901 0.923611 0.005990 0.031481
1 0.492318 0.804398 0.043490 0.018981
1 0.492578 0.827083 0.041406 0.020833
1 0.492578 0.846528 0.042969 0.018056
1 0.491797 0.863889 0.042969 0.016667
0 0.503906 0.901389 0.018750 0.013889
1 0.491797 0.922917 0.042969 0.018056
1 0.621875 0.920139 0.042188 0.018056
1 0.622005 0.900694 0.045052 0.020833
0 0.612500 0.878935 0.015625 0.010648
1 0.622266 0.862037 0.041406 0.021296
0 0.620573 0.799769 0.015625 0.012500
1 0.622917 0.780787 0.043229 0.021759
1 0.622786 0.739583 0.043490 0.020833
0 0.614062 0.718981 0.016146 0.012963
1 0.623568 0.700694 0.045052 0.020833
0 0.623047 0.660185 0.018490 0.015741
0 0.195833 0.197917 0.016146 0.014352
0 0.271484 0.007407 0.007552 0.013889
0 0.461198 0.273148 0.006250 0.031481
0 0.455339 0.313657 0.008073 0.031019
2 0.487891 0.726157 0.017448 0.012500
0 0.456380 0.964583 0.007552 0.030093
2 0.498307 0.980787 0.018490 0.013426
1 0.502865 0.996065 0.041146 0.007870
1 0.493880 0.964583 0.041927 0.019907
1 0.492448 0.944444 0.043750 0.019444
1 0.622266 0.961111 0.042448 0.020370
0 0.617448 0.994676 0.019271 0.010648
0 0.831510 0.010185 0.016146 0.018519
